%% File generated by CATS v.2.1Wed Jun 22 10:37:31 2022

%% The CATS webpage is http://robotics.stanford.edu/CATS

%% PARAMETER SETTINGS:
% Goods: 64; Bids: 1000; Distribution: L4; Runs: 1; Seed: 1656572480
% Legacy distribution parameters:
% Number of goods chosen according to Decay distribution (alpha = 0.55).
% Price chosen according to Linear Random distribution (low_linearly = 1, high_linearly = 1000).


goods 64
bids 1000
dummy 0

0	999.32	18	#
1	1504.13	27	43	#
2	975.839	33	#
3	859.449	25	#
4	980.96	43	#
5	976.391	38	#
6	984.104	46	#
7	973.308	37	#
8	2172.31	2	6	26	#
9	2125.22	4	19	31	62	#
10	988.335	10	#
11	907.868	7	#
12	590.45	50	#
13	979.077	45	#
14	3024.81	7	21	23	32	45	57	#
15	957.524	22	#
16	1037.53	2	62	#
17	3672.75	5	26	34	35	51	53	55	#
18	1853.49	19	20	#
19	3078.81	0	23	33	41	#
20	965.12	34	#
21	1761.67	20	54	#
22	1235.32	3	6	#
23	938.622	3	#
24	1550.05	26	35	#
25	992.694	53	#
26	972.142	1	#
27	981.237	0	#
28	6110.26	0	15	18	31	35	48	52	#
29	1350.59	24	31	#
30	993.206	51	#
31	959.93	31	#
32	4380.1	13	14	29	31	58	#
33	946.968	44	#
34	1610.69	2	24	#
35	968.8	63	#
36	969.679	20	#
37	1672.84	17	51	#
38	1098.18	10	42	#
39	3615.45	16	19	27	38	#
40	1626.98	46	62	#
41	988.862	36	#
42	859.266	39	#
43	961.637	23	#
44	986.916	30	#
45	3307.26	31	42	47	50	54	#
46	983.269	14	#
47	2947.19	13	42	48	53	#
48	2233.27	0	31	34	43	45	50	#
49	980.484	15	#
50	1840.21	26	63	#
51	3244.96	3	6	41	58	#
52	1856.61	6	35	#
53	998.269	52	#
54	991.603	54	#
55	933.06	8	#
56	6116.04	0	6	18	22	39	41	52	59	#
57	2420.12	18	46	54	#
58	2657.08	3	5	13	29	54	#
59	1888.84	4	28	#
60	1418.25	9	18	21	32	#
61	1778.44	7	29	#
62	2585.69	1	8	40	#
63	959.381	4	#
64	1433.7	1	56	#
65	1495.16	38	41	#
66	987.045	6	#
67	1179.83	2	31	53	#
68	3484.55	3	4	13	31	44	#
69	975.853	27	#
70	989.2	40	#
71	1158.46	22	61	#
72	6293.58	5	12	13	31	32	46	53	#
73	2510.08	18	54	59	#
74	1985.39	3	46	#
75	1099.42	24	28	#
76	3510.39	0	4	5	19	21	35	50	56	59	#
77	959.651	61	#
78	2276.2	6	12	50	60	#
79	1471.64	0	8	17	#
80	933.552	16	#
81	2388	18	55	56	#
82	977.817	58	#
83	7377.77	6	10	20	21	28	37	47	52	#
84	3276.28	3	4	15	41	44	62	#
85	1088.97	1	60	#
86	938.223	17	#
87	967.762	11	#
88	4701.91	8	17	24	33	58	#
89	1989.61	48	52	#
90	2553.8	0	26	27	29	34	#
91	1593.55	1	62	#
92	992.224	47	#
93	1484.5	11	41	#
94	1550.72	17	41	#
95	973.881	35	#
96	2459.54	1	60	62	#
97	843.626	41	#
98	2685.7	17	48	60	#
99	943.664	26	#
100	932.188	5	#
101	963.631	56	#
102	2185.92	4	18	53	#
103	1705.03	5	33	#
104	968.904	19	#
105	1790.22	1	62	63	#
106	3304.87	23	46	56	57	#
107	4227.33	17	19	38	41	47	#
108	999.003	29	#
109	4149.37	6	45	51	57	62	#
110	1883.03	20	41	53	#
111	4071.31	4	18	19	23	61	63	#
112	1416.81	16	35	#
113	2567.55	5	10	17	#
114	3136.92	1	3	29	36	53	#
115	887.319	9	#
116	1841.37	2	10	32	48	#
117	999.356	49	#
118	1462.53	29	56	#
119	996.938	13	#
120	5538.59	1	11	17	24	45	46	48	63	#
121	1441.81	23	25	36	#
122	1656.96	46	48	49	#
123	894.781	24	#
124	982.509	32	#
125	2995.95	59	60	62	#
126	960.832	7	59	#
127	2774.66	2	8	9	26	51	61	#
128	961.806	57	#
129	2826.96	2	12	48	#
130	2375.48	2	5	27	40	#
131	970.07	42	#
132	1469.28	31	38	#
133	1999.8	35	63	#
134	939.523	55	#
135	1352	4	5	58	62	#
136	1946.6	23	36	57	#
137	3499.82	5	8	11	20	28	#
138	3876.48	3	32	54	63	#
139	1718.03	24	50	60	#
140	4781.68	14	18	25	34	49	#
141	2568.39	11	20	43	58	#
142	1878.39	37	52	#
143	2862.69	1	4	17	40	42	#
144	921.666	60	#
145	1857.66	13	28	43	44	#
146	973.613	62	#
147	1428.01	7	53	#
148	1304.98	21	50	63	#
149	982.844	48	#
150	4970.34	4	17	27	30	58	60	#
151	973.121	12	#
152	2251.07	38	45	53	61	#
153	2523.42	20	22	54	#
154	2071.49	9	15	17	20	22	29	#
155	1783.46	21	23	55	#
156	1408.73	27	63	#
157	1273.34	27	61	#
158	3316.94	18	20	23	33	#
159	1086.59	4	35	#
160	1777.07	11	27	#
161	992.486	2	#
162	1710.87	17	25	40	59	#
163	4059.16	2	4	27	46	49	51	52	#
164	1326.41	20	30	#
165	3847.79	6	10	20	52	#
166	2926.27	12	13	24	25	63	#
167	909.587	21	#
168	1901.22	28	45	62	#
169	1785.73	0	36	#
170	2849.44	4	22	54	#
171	3486.94	12	46	56	57	#
172	3159.64	16	36	37	46	47	55	#
173	3295.19	38	50	52	57	#
174	1737.09	41	43	48	#
175	4609.11	5	13	27	36	39	#
176	1150.8	0	11	21	59	#
177	1846.66	0	44	#
178	2066.39	3	14	21	45	49	50	#
179	1845.56	44	55	#
180	3329.8	7	8	9	10	15	30	35	54	63	#
181	1971.21	11	25	32	44	#
182	1359.76	19	37	#
183	1668.77	2	21	#
184	1512.61	57	58	#
185	972.047	28	#
186	1420.95	1	9	#
187	4356.11	8	9	20	24	27	28	29	41	58	#
188	2229.85	28	57	58	#
189	1702.39	57	61	#
190	2542.65	14	15	26	59	#
191	2977.89	22	32	49	60	#
192	1760.94	12	27	#
193	1758.05	24	25	42	#
194	1922.42	9	23	#
195	1840.79	6	25	#
196	1532.79	7	10	24	28	40	47	#
197	1056.47	54	58	#
198	1485.01	10	55	#
199	1922.75	22	36	#
200	2529.48	27	29	38	59	63	#
201	1966.16	36	52	#
202	2638.93	9	19	44	#
203	1065.76	48	53	#
204	2410.08	19	41	46	55	#
205	4811.73	9	20	38	49	60	#
206	1585.41	21	33	#
207	1625.36	0	45	#
208	4033.81	0	9	23	25	36	45	53	#
209	1587.76	21	29	#
210	1376.46	14	52	#
211	1766.98	39	59	#
212	2661.23	1	9	30	45	62	#
213	1196.75	7	10	48	#
214	1105.45	1	19	50	#
215	2400.97	11	36	38	#
216	2407.88	30	53	63	#
217	2535.25	7	15	25	30	54	#
218	1766.99	30	37	#
219	1166.71	11	28	51	#
220	1915.76	16	18	#
221	3183.23	13	16	21	49	58	#
222	5491.44	1	6	16	21	24	25	27	#
223	1365.26	16	38	#
224	1688.03	37	54	#
225	2201.45	2	5	9	18	23	24	30	42	46	48	63	#
226	1446.52	3	23	37	#
227	1335.57	0	17	#
228	2761.9	22	50	52	#
229	1035.76	52	57	#
230	1734.62	14	18	#
231	1058.65	39	48	#
232	1730.56	2	32	#
233	4768.86	2	21	25	32	35	#
234	1585.28	37	39	#
235	896.689	59	#
236	1441.85	7	41	#
237	1860.45	24	46	#
238	1397.46	29	41	#
239	2100.09	27	43	56	#
240	1925.26	17	23	45	57	#
241	1888.49	30	31	#
242	1708.08	12	28	33	#
243	3901.11	8	18	47	61	#
244	1827.58	37	47	#
245	1870.35	58	63	#
246	4884.99	23	31	37	41	61	#
247	5781.61	22	38	40	42	51	60	#
248	1663.37	7	12	#
249	2971.17	2	7	56	#
250	1905.05	34	40	#
251	1981.94	36	38	#
252	2491.52	18	37	49	55	#
253	2057.58	0	18	27	59	#
254	1924.01	17	29	#
255	1656.03	46	49	#
256	1490	18	40	#
257	1204.46	16	52	#
258	3345.72	19	22	30	33	35	42	43	#
259	1693.98	5	32	#
260	2062.26	1	13	25	#
261	3198.96	19	40	53	60	#
262	4362.7	14	25	28	29	42	#
263	2928.2	23	37	43	#
264	1788.95	6	54	#
265	2679.84	16	58	60	#
266	4297.19	5	16	37	54	57	#
267	1005.32	28	42	#
268	2786.48	21	32	45	#
269	3005.37	24	27	29	42	#
270	1171.2	24	56	#
271	1348.03	15	28	#
272	1748.18	16	43	#
273	1779.38	9	50	61	#
274	1593.36	22	40	#
275	1826.34	9	17	#
276	2945.58	5	33	58	#
277	1509.19	29	36	#
278	2026.98	15	18	22	#
279	1935.64	10	30	58	#
280	1784.91	8	10	47	53	#
281	7454.81	9	21	26	36	44	45	51	54	63	#
282	2457.96	6	22	24	42	53	#
283	1078.14	38	50	#
284	1814.08	5	28	#
285	1883.83	37	38	48	#
286	1389.02	35	55	#
287	2607.11	3	14	40	#
288	2713.77	9	45	51	#
289	2313.06	46	55	61	#
290	2143.09	34	40	43	51	#
291	2590.73	32	45	55	#
292	2942.84	33	46	52	#
293	1668.25	37	45	46	#
294	1543.27	8	59	#
295	3407.57	32	43	47	58	#
296	1643.25	17	20	52	#
297	1560.68	16	29	#
298	3252.51	0	18	49	53	#
299	1514.54	3	59	#
300	1910.95	7	58	#
301	6419.89	4	8	20	24	25	30	50	56	#
302	1874.81	7	63	#
303	3100.7	0	1	10	40	61	#
304	1150.77	41	46	#
305	2315.63	14	18	33	38	#
306	3592.3	0	11	30	52	#
307	1092.12	8	12	55	#
308	6036.11	19	24	25	26	28	31	34	35	48	52	53	59	#
309	4370.06	2	5	6	46	48	#
310	1856.02	0	3	17	#
311	2350.44	9	17	53	#
312	3945.71	1	7	21	24	42	#
313	2927.37	3	7	18	19	#
314	5938.85	1	26	31	42	45	54	60	#
315	1124.59	9	10	48	#
316	4529.7	1	8	12	15	16	33	37	47	49	54	56	#
317	1577.16	2	5	29	31	43	#
318	3890.38	19	28	38	43	#
319	2507.25	3	12	32	#
320	2043.83	21	42	59	#
321	1855.82	19	24	47	#
322	4200.33	1	4	13	32	39	#
323	1932.99	9	52	#
324	4881.02	2	10	24	32	55	#
325	3601.16	16	19	40	49	#
326	1934.58	25	58	60	#
327	1985.06	16	32	#
328	3444.52	9	17	23	30	38	62	#
329	1528.37	28	62	#
330	1391.81	2	17	#
331	1019.98	1	61	#
332	5499.81	20	33	47	54	55	63	#
333	1054.12	17	27	55	#
334	1569.89	2	29	30	#
335	1061.24	27	40	#
336	1069.83	17	39	#
337	1513.42	52	58	#
338	1813.74	44	45	#
339	1505.96	1	32	39	#
340	2045.14	1	4	51	52	#
341	2792.83	19	33	36	#
342	5882.41	7	38	40	41	42	60	#
343	1414.8	33	63	#
344	3108.14	7	12	40	49	#
345	5698.47	3	15	18	26	41	52	#
346	2181.77	17	31	45	51	55	59	#
347	2923.81	29	31	42	#
348	1876.89	6	56	#
349	1085.35	50	52	#
350	1117.51	50	53	#
351	1068.97	33	49	#
352	1252.47	16	36	#
353	1886.82	51	55	#
354	1747.58	14	39	55	#
355	2694.37	1	18	25	33	54	#
356	1463.94	7	32	#
357	1521.75	13	47	#
358	1501.75	0	25	#
359	1300.63	41	50	54	#
360	2248.83	12	33	54	#
361	2981.92	6	22	41	#
362	2594.49	17	18	26	38	#
363	3596.6	15	31	48	52	#
364	1964.91	24	41	#
365	1105	35	48	#
366	1387.7	16	39	#
367	1660.69	1	17	#
368	5390.93	1	23	24	33	37	42	54	#
369	1426.74	11	37	#
370	1482.93	7	33	#
371	1971.59	39	49	#
372	6043.89	5	18	24	26	28	34	35	37	44	57	#
373	1978.06	17	37	#
374	3975.96	15	33	36	57	#
375	2058.66	8	12	36	40	60	#
376	1072.17	32	59	#
377	1768.92	14	27	#
378	1647.24	35	45	#
379	3493.37	3	10	29	30	#
380	1079.99	4	62	#
381	2777.27	3	7	41	53	55	#
382	2348.19	31	39	56	#
383	3354.58	12	41	47	49	#
384	4435.28	8	15	42	45	46	#
385	1015	33	56	#
386	2111.96	14	20	59	#
387	3279.77	5	16	48	49	#
388	1142.68	4	11	#
389	1078.62	16	37	#
390	996.945	14	42	#
391	2907.87	2	4	7	25	#
392	2318.47	1	23	34	44	57	#
393	1431.78	32	34	57	63	#
394	1757.53	10	49	#
395	1178.23	12	46	#
396	2622.08	43	45	63	#
397	2918.66	2	18	41	46	62	#
398	4284.16	14	20	27	30	47	#
399	1936	21	27	56	#
400	6175.99	3	12	17	20	22	26	27	29	33	37	38	39	42	46	53	60	#
401	2210.51	0	16	31	#
402	3516.91	5	34	38	44	59	#
403	2253.74	25	31	32	50	#
404	4453.75	14	18	29	36	45	#
405	2156.25	26	32	34	#
406	2300.51	30	41	58	#
407	6456.49	9	12	34	40	42	57	58	#
408	3816.5	15	29	33	42	#
409	1287.27	37	51	#
410	1908.28	33	60	#
411	1326.77	0	24	30	53	62	#
412	2588.64	2	16	50	#
413	1170.16	3	39	44	57	#
414	1798.19	2	41	61	#
415	2173.47	21	32	39	#
416	1176.58	21	26	#
417	2304.09	26	32	52	63	#
418	2390.33	5	22	51	54	#
419	2530.78	1	10	15	27	28	55	#
420	2182.92	5	9	30	31	33	35	#
421	1965.22	9	41	53	#
422	3157.89	24	36	51	63	#
423	4754.8	9	11	14	24	45	52	#
424	2696.62	15	38	49	#
425	1963.59	39	56	#
426	1165.99	22	41	#
427	1750.34	10	30	#
428	1702.51	30	51	#
429	1104.9	37	61	#
430	2318.35	15	46	49	59	61	#
431	1847.26	6	44	#
432	1872.17	35	42	#
433	2089.52	1	32	51	53	#
434	1291.75	35	44	#
435	1904.21	26	61	#
436	5899.23	22	28	38	47	51	56	#
437	4780.9	5	8	11	15	19	52	#
438	2656.44	4	7	23	41	#
439	1948.89	20	43	#
440	2367.35	40	42	50	#
441	4605.16	1	9	13	15	23	25	43	63	#
442	1994.64	9	63	#
443	1008.98	22	56	#
444	1856.11	28	41	#
445	3809.88	13	23	27	38	41	#
446	1035.06	25	50	54	#
447	2914.31	8	50	61	#
448	1743.85	8	21	29	46	59	#
449	1326.68	28	29	#
450	1846.64	7	18	21	#
451	1314.92	53	58	#
452	1512.36	21	43	#
453	1959.94	40	61	#
454	1814.94	13	17	#
455	1467.2	14	35	47	#
456	2174.72	21	22	58	#
457	2743.06	36	38	58	#
458	1104.89	5	25	#
459	1902.03	23	58	#
460	2665.9	10	11	16	28	33	48	53	#
461	3974.49	3	4	16	20	38	#
462	2437.02	9	13	32	36	40	48	63	#
463	1866.56	6	20	54	57	#
464	4909.32	10	49	51	52	56	#
465	2037.18	7	9	30	#
466	2767.63	0	15	30	59	#
467	3485.17	5	20	31	42	#
468	3381.98	0	28	47	60	#
469	2286.17	1	5	23	53	#
470	2796.03	4	20	33	#
471	2831.04	2	42	49	#
472	2478.49	2	5	17	21	30	47	#
473	1409.78	28	59	#
474	3849.73	30	48	56	60	#
475	6263.89	7	12	19	22	26	27	32	33	43	48	58	62	#
476	2853.06	13	25	52	#
477	1476.27	3	11	21	32	52	#
478	2860.79	18	34	46	#
479	1708.72	0	10	53	#
480	3710.55	19	23	26	30	#
481	1999.61	25	31	#
482	2279.49	24	26	60	#
483	4382.84	6	14	19	41	46	49	61	#
484	1976.6	1	4	6	23	28	53	#
485	2754.66	5	43	52	60	#
486	3890.61	6	14	26	57	59	#
487	1287.33	26	34	#
488	1747.96	18	33	#
489	1910.27	21	44	#
490	6920.3	12	15	22	31	34	44	47	52	62	#
491	1958.2	19	24	29	30	37	49	#
492	5009.47	5	21	42	53	57	63	#
493	1469.56	13	35	#
494	1441.7	34	61	#
495	1035.3	12	17	26	#
496	1363.33	6	28	#
497	1077.27	28	37	#
498	6938.52	13	14	20	24	25	38	39	51	54	61	62	63	#
499	2106.08	22	35	36	42	57	#
500	1620.7	18	31	#
501	3112.47	9	16	21	25	28	35	57	#
502	1339.69	47	58	#
503	2138.55	5	55	60	61	#
504	2281.55	36	44	53	#
505	2091.75	26	43	48	#
506	2666.47	9	11	12	#
507	1877.6	7	38	#
508	2646.49	4	53	57	#
509	1842.43	12	15	17	18	#
510	1247.24	1	31	39	#
511	1695.15	6	37	#
512	1539.56	46	48	#
513	2031.29	1	8	31	57	#
514	1534.95	9	13	#
515	1430.21	56	61	#
516	1494.59	22	41	61	#
517	1361.31	6	38	#
518	2080.74	5	10	20	33	44	46	54	63	#
519	1943.97	4	34	44	49	#
520	2634.2	5	44	58	#
521	2826.72	39	42	57	61	#
522	1998.78	14	24	#
523	2442.81	6	10	33	#
524	1838.65	15	57	#
525	1152.48	18	44	#
526	2853.35	21	23	32	45	#
527	2431.45	14	21	50	62	#
528	1865.25	3	22	26	34	#
529	1129.71	0	53	#
530	3543.79	31	50	55	57	#
531	2694.93	7	12	60	#
532	3290.19	0	1	18	38	60	62	#
533	1580.97	18	42	#
534	1286.34	0	32	#
535	2553.49	16	35	39	#
536	3782.13	12	15	45	46	52	#
537	1785.46	3	5	22	24	29	51	59	#
538	1509.94	31	32	#
539	1397.68	15	50	#
540	1833.24	2	42	47	#
541	1146.21	23	44	#
542	1860.22	44	59	#
543	1941.09	51	53	#
544	2438.97	6	13	43	#
545	1181.12	21	53	#
546	3999.52	0	4	25	33	56	#
547	1531.1	34	39	#
548	2306.66	8	34	54	#
549	2255.56	26	33	42	#
550	1391.48	0	4	10	14	22	56	#
551	2383.49	5	6	14	#
552	1781.08	16	25	38	59	#
553	1282.98	26	36	#
554	1123.91	36	43	#
555	4957.55	1	4	16	22	46	48	#
556	1239.84	31	36	39	#
557	2860.79	3	44	48	49	#
558	2285.94	18	23	55	#
559	2442.06	12	14	52	#
560	1576.33	6	23	31	48	50	#
561	1425.41	9	43	#
562	3808.72	25	34	43	56	#
563	1314.68	3	40	54	57	#
564	2426.78	8	18	25	32	56	#
565	6407.87	10	13	23	27	29	33	45	47	50	52	#
566	1147.03	28	61	#
567	2632.8	33	34	39	#
568	2114.66	19	21	29	56	#
569	1593.21	26	62	#
570	1684.05	1	46	#
571	1743.77	26	58	#
572	2288.52	15	17	21	#
573	2033.43	12	37	59	#
574	3725.44	9	14	16	24	35	62	#
575	5373.11	1	4	30	40	51	62	#
576	3539.28	9	29	51	57	#
577	1489.64	55	61	#
578	2034.97	4	26	30	49	#
579	1346.94	35	57	#
580	1708.96	18	60	#
581	2588.39	3	21	28	40	#
582	2239.76	12	25	28	51	62	#
583	6404.83	1	2	8	36	43	49	54	58	#
584	2735.74	52	55	58	#
585	1755.92	0	26	39	51	#
586	1260.76	9	36	47	#
587	4984.35	7	12	25	35	56	#
588	2229.08	8	11	23	#
589	4295.47	5	6	24	39	40	41	#
590	1788.73	19	43	#
591	990.577	34	48	#
592	2536.3	13	25	29	44	46	#
593	1429.71	43	56	#
594	1178.77	2	16	#
595	1343.36	2	59	63	#
596	2016.49	9	13	45	52	#
597	2299.67	0	6	43	50	#
598	2436.64	5	16	27	#
599	1382.38	5	30	#
600	2000.74	14	36	52	#
601	3986.27	5	7	14	21	29	58	#
602	1640.83	19	41	#
603	2846.2	10	28	35	#
604	2971.24	3	24	25	42	43	57	58	#
605	2318.73	2	16	17	27	37	52	#
606	1723.05	40	46	#
607	1218.35	20	26	28	#
608	1289.44	0	50	#
609	1250.87	36	48	#
610	1631.43	21	47	#
611	3076.28	5	6	7	25	44	#
612	2624.53	7	28	38	46	53	#
613	1066.94	22	51	#
614	2841.54	8	36	38	#
615	2130.92	9	17	54	#
616	2378.49	13	39	43	53	62	#
617	1175.56	43	55	#
618	3722.13	3	5	10	19	20	39	42	43	55	59	62	#
619	2120.36	23	48	55	#
620	3944.38	24	42	45	56	#
621	1443.8	6	19	#
622	3017.79	20	31	39	44	#
623	1684.83	31	58	#
624	2384.29	23	37	40	#
625	2741.68	10	15	31	63	#
626	1643.18	11	14	#
627	4466.31	22	29	35	36	41	#
628	2898.65	31	39	59	#
629	1224.22	27	50	#
630	5459.59	6	32	40	42	46	48	#
631	1293.57	11	30	#
632	1906.02	33	37	54	#
633	2194.12	5	22	24	32	#
634	1523.78	32	42	#
635	2980.82	2	44	57	#
636	1885.9	55	57	#
637	1837.61	21	38	#
638	1334.15	38	51	#
639	1241.1	56	58	#
640	3818.93	22	26	33	36	#
641	1080.45	23	39	#
642	2530.28	3	16	35	#
643	1017.21	5	47	63	#
644	1449.32	29	42	#
645	4329.77	0	1	28	57	62	#
646	1885.35	5	6	#
647	1229.33	8	26	51	#
648	4101.73	6	22	24	31	49	54	56	#
649	3664.75	1	19	61	62	#
650	4785.29	4	21	35	56	60	#
651	1464.92	1	3	35	47	#
652	1393.81	9	44	#
653	1346.78	17	32	#
654	5969.51	5	22	26	33	36	41	42	47	#
655	2663.06	29	47	57	#
656	1035.98	22	28	#
657	1959.29	0	5	#
658	2958.59	1	17	50	#
659	1672.87	34	56	#
660	1820.3	29	44	48	#
661	3782.47	1	17	33	35	53	59	#
662	2332.45	22	26	31	44	#
663	1979.67	18	48	#
664	2408.94	14	38	49	#
665	2992.76	10	13	19	#
666	2148.19	0	17	25	31	44	45	#
667	1540.65	34	53	#
668	2334.71	4	9	10	44	#
669	1594.6	54	62	#
670	2718.44	4	11	24	55	#
671	1078.27	26	28	#
672	1785.8	45	61	#
673	1000.71	19	39	#
674	1908.87	16	23	#
675	3654.68	1	13	24	46	63	#
676	1846.09	21	52	53	#
677	3279.87	7	25	44	48	#
678	3966.47	36	39	57	58	#
679	2544.6	6	9	23	33	54	#
680	2705.68	19	20	36	43	61	#
681	1484.87	13	24	39	#
682	1614.25	18	47	#
683	983.571	19	63	#
684	1443.27	16	40	57	#
685	1018.79	49	51	#
686	2808.68	0	26	36	#
687	2343.52	22	55	59	#
688	1079.88	22	59	#
689	2062.12	12	41	55	#
690	1720.82	17	25	61	#
691	2496.44	7	16	22	#
692	1023.98	58	60	#
693	4672.17	7	13	16	19	22	27	56	63	#
694	1121.91	46	58	#
695	1893.13	46	51	#
696	4460.66	0	6	20	30	46	57	#
697	1655.26	13	26	53	#
698	2396.1	16	31	38	#
699	1168.89	29	45	#
700	2630.43	2	40	47	#
701	1701.59	0	42	#
702	1663.63	10	24	37	56	#
703	1512.92	34	60	#
704	3586.91	2	15	30	49	#
705	2031.48	4	14	31	#
706	1206.27	22	25	#
707	2891.55	1	7	11	41	53	#
708	2015.32	12	17	29	35	36	41	#
709	1795.12	0	26	57	#
710	2237.79	42	43	45	#
711	6625.36	4	13	22	28	35	62	63	#
712	1633.72	8	40	#
713	1343.66	13	20	24	37	#
714	3461.49	6	15	22	29	41	55	61	62	#
715	993.791	11	26	#
716	1213.25	29	49	#
717	2565.64	7	17	42	#
718	2711.03	8	27	45	#
719	983.74	17	22	50	#
720	3568.22	22	24	38	40	44	#
721	1427.87	31	40	#
722	1772.89	10	47	51	#
723	1154.5	10	41	42	54	#
724	3583.3	10	17	34	42	44	#
725	3018.02	6	21	38	58	#
726	1615.22	8	33	62	#
727	6765.7	16	21	35	42	44	46	52	#
728	2881.12	42	56	60	#
729	1908.77	19	29	#
730	1685.38	4	24	#
731	1538.93	35	54	#
732	2092.31	0	13	20	28	30	58	#
733	2283.01	18	33	35	45	#
734	2942.24	4	19	20	38	53	#
735	1666.08	53	63	#
736	3966.39	3	13	31	35	#
737	2037.4	2	15	24	42	58	#
738	1898.3	31	53	54	#
739	2114.46	11	23	30	51	53	#
740	2945.73	33	36	53	#
741	1492.49	6	47	#
742	2944.62	13	18	54	#
743	1943.76	32	52	57	61	#
744	5304.73	4	8	33	34	41	42	52	61	#
745	1013.22	18	43	#
746	3755.97	0	26	35	45	57	#
747	1998.97	13	27	#
748	3912.77	23	25	26	33	#
749	1514.5	10	20	36	37	#
750	3440.22	7	17	19	34	54	#
751	3491.96	13	41	42	43	46	53	56	#
752	1007.16	13	55	#
753	1634.74	0	6	#
754	2456.23	0	47	59	#
755	1032.01	5	43	44	#
756	2101.49	31	58	62	#
757	1199.23	15	47	#
758	1651.9	9	16	#
759	1087.26	2	44	#
760	3515.77	1	34	40	45	52	58	59	#
761	1668.99	42	57	#
762	1918.08	12	29	37	54	#
763	4469.7	0	17	40	48	56	#
764	1089.05	19	26	#
765	3066.27	1	24	46	52	#
766	2805.22	1	27	61	#
767	1900.71	16	49	#
768	3021.1	34	39	41	42	#
769	6381.1	10	12	19	27	28	29	32	60	#
770	2731.54	20	34	49	57	#
771	1532.87	12	16	#
772	1835.31	9	20	#
773	3037.78	0	10	36	45	51	60	#
774	5879.75	1	7	17	27	32	45	60	#
775	2487.69	13	23	30	41	#
776	3545.63	1	5	23	25	32	35	41	58	#
777	2392.16	0	29	36	49	52	62	#
778	1173.37	31	37	#
779	1396.81	47	49	#
780	1284.99	27	56	#
781	1346.3	49	61	#
782	2006.49	4	9	16	#
783	1512.45	29	53	#
784	1212.71	18	35	#
785	1878.03	2	6	#
786	2193.63	26	46	47	#
787	2599.54	3	43	63	#
788	1442.36	22	38	#
789	1657.48	22	52	#
790	7753.88	4	5	9	38	52	56	58	62	#
791	2029.64	24	36	63	#
792	3376.07	4	18	51	60	#
793	7506.86	4	22	29	34	40	43	55	61	62	63	#
794	1794.16	31	51	#
795	2585.21	16	18	24	25	49	#
796	2738.4	4	7	12	16	27	32	41	56	58	61	#
797	4458.68	7	13	16	31	37	#
798	1439.3	42	49	#
799	1234.24	48	56	#
800	1734.53	0	7	#
801	1008.74	36	44	#
802	3048.71	8	30	33	38	#
803	1464.54	38	57	#
804	1302.64	33	41	44	52	#
805	1308.65	41	47	#
806	1791.57	36	53	#
807	1171.15	19	52	#
808	8284.74	1	3	5	17	19	34	35	56	62	#
809	2028.73	25	34	62	#
810	1003.49	4	57	#
811	1891.49	20	23	#
812	3267.25	17	33	42	49	54	#
813	2852.06	6	29	61	#
814	2809.77	8	24	37	47	#
815	2629.7	13	32	38	#
816	1979.42	6	26	30	#
817	2866.27	16	33	35	#
818	1410.33	25	35	#
819	3650.57	3	19	43	52	#
820	3023.49	0	13	26	30	#
821	2664.2	8	18	46	#
822	1383.78	24	29	33	#
823	1618.94	7	49	#
824	3107.06	10	29	36	44	#
825	2250.44	26	39	46	#
826	1805.84	3	43	#
827	1208.68	11	26	52	#
828	3550.44	27	38	47	58	#
829	2395.84	3	5	50	#
830	1504.88	12	23	37	#
831	3614.19	28	38	43	45	51	#
832	3525.5	7	12	48	56	#
833	1145.84	3	39	#
834	3765.1	6	21	32	35	63	#
835	2473.96	5	23	56	61	#
836	1970.92	1	9	35	#
837	1267.81	36	49	#
838	5699.25	24	27	29	35	38	48	#
839	3038.85	29	38	40	45	57	#
840	1786.2	54	56	57	#
841	1738.15	14	32	44	46	#
842	4236.01	10	25	42	44	63	#
843	6347.59	20	23	30	31	33	44	55	#
844	3292.71	7	9	33	38	#
845	3541.17	15	21	27	36	#
846	1051.06	14	17	31	#
847	1438.96	11	63	#
848	1766.62	20	46	#
849	1432.17	44	53	57	#
850	1655.87	18	39	55	#
851	1976.46	10	14	44	#
852	1522.26	16	21	#
853	6928.8	5	26	30	48	51	53	56	#
854	1874.37	53	56	#
855	4142.12	4	20	25	33	41	42	56	#
856	5988.1	7	10	30	47	48	58	60	#
857	6715.6	0	2	7	13	17	44	45	46	52	53	55	#
858	2755.68	5	42	43	#
859	1111.04	26	54	#
860	4028.66	10	16	17	20	46	#
861	1206.88	5	21	49	#
862	1588.29	13	46	#
863	2589.71	0	14	26	35	#
864	1969.8	10	15	#
865	1804.08	13	18	20	32	#
866	1768.03	14	23	36	#
867	2876.98	38	40	42	#
868	1654.74	29	62	#
869	2054.5	35	45	46	#
870	3892.51	21	36	45	62	#
871	3966.51	4	24	41	55	#
872	1658.48	6	41	#
873	2544.81	17	33	37	62	#
874	1050.73	23	32	#
875	1750.59	2	4	27	#
876	2741.21	19	30	33	53	#
877	2909.27	23	50	63	#
878	1167.75	7	28	44	54	#
879	1583.91	4	38	41	57	#
880	1407.72	22	29	32	#
881	3946.37	33	40	41	52	#
882	1925.52	44	58	#
883	1489.62	13	21	#
884	1046.13	18	45	#
885	1739.67	53	55	#
886	2628.58	1	8	11	57	#
887	1208.19	16	41	#
888	1649.36	16	27	#
889	3130.9	27	34	45	56	#
890	2355.6	16	43	53	#
891	1866.15	8	13	#
892	980.711	33	34	#
893	2851.61	12	58	63	#
894	1846.78	0	10	13	58	#
895	1867.9	1	8	#
896	1760.95	7	25	36	#
897	1055.73	15	35	#
898	1969.63	4	27	30	42	58	#
899	1144.55	30	53	#
900	3494.05	5	21	57	62	#
901	3057.81	6	15	30	45	#
902	1817.93	19	47	#
903	1093.67	0	29	39	63	#
904	2645.18	5	18	44	#
905	1914.28	34	55	#
906	2967.5	4	41	55	63	#
907	1992.61	19	49	61	#
908	2810.43	26	38	47	48	49	#
909	2311.55	2	14	21	24	26	#
910	2757.99	18	36	47	#
911	1047.66	11	12	#
912	2559.96	51	56	61	#
913	1953.93	4	49	56	#
914	2220.16	3	32	42	62	#
915	3896.11	1	33	55	56	#
916	3497.23	14	23	27	63	#
917	2442.2	5	22	25	#
918	1073.2	52	54	#
919	2327.01	48	53	54	61	#
920	1445.1	42	62	#
921	1854.96	0	1	6	#
922	1667.79	22	47	#
923	3568.37	17	42	52	60	#
924	3633.36	13	37	42	46	#
925	1889.96	0	7	17	#
926	2762.5	1	40	52	#
927	1308.6	0	13	#
928	1292.65	15	30	33	#
929	3825.91	4	19	25	52	#
930	1315.43	1	53	#
931	2476.79	1	14	52	#
932	1961.46	6	18	38	42	#
933	2906.58	4	37	39	45	#
934	2592.27	0	8	18	22	#
935	2929.76	3	19	33	39	45	51	#
936	1653.87	7	60	#
937	4533.58	5	21	24	25	37	41	63	#
938	2285.32	3	44	49	#
939	1111.66	43	45	#
940	1133.12	13	22	#
941	1020.94	11	57	#
942	1238.67	4	13	26	32	#
943	2722.63	4	15	21	33	63	#
944	2109.68	20	33	59	#
945	3902.59	0	20	22	37	51	#
946	1438.35	13	31	59	#
947	2144.72	3	19	63	#
948	3826.8	2	11	12	16	34	36	43	57	62	#
949	1043.65	4	59	#
950	1914.79	20	33	#
951	7877.23	3	13	16	21	22	25	48	59	63	#
952	2242.48	4	16	61	#
953	2104.55	34	44	59	#
954	2222.89	5	14	41	#
955	7002.07	5	9	11	28	33	43	45	52	57	#
956	1960.16	7	17	18	40	#
957	1291.32	6	29	#
958	1474.2	3	16	41	#
959	1922.4	22	33	#
960	2999.28	19	29	40	#
961	1714.48	18	22	#
962	1930.15	16	50	#
963	2426.78	4	12	14	33	35	61	#
964	2922.12	3	19	23	29	55	#
965	983.888	38	60	#
966	5166.14	0	13	18	20	24	37	62	#
967	1977.13	5	54	#
968	2733.28	4	21	40	46	47	#
969	1618.67	35	41	54	#
970	1370.47	24	55	#
971	1486.5	3	9	#
972	4657.94	1	4	16	21	29	31	40	41	49	#
973	2042.26	39	48	58	#
974	2232.68	28	39	45	#
975	1807.18	9	12	53	#
976	1519.64	8	17	35	#
977	1036.99	40	49	50	#
978	1024.85	31	43	#
979	2996.69	3	17	37	#
980	2192.79	3	43	48	#
981	1197.04	13	57	#
982	1782.21	31	44	52	#
983	1069.41	51	54	#
984	2085.07	9	11	32	#
985	2825.41	28	33	42	#
986	1407.09	48	59	#
987	2803.04	3	12	43	#
988	1832.21	25	28	29	#
989	2058.69	0	28	31	#
990	1444.55	4	7	#
991	1852.24	18	50	#
992	3967.23	9	20	50	62	#
993	1954.68	19	60	#
994	2612.74	29	41	49	55	57	#
995	1134.45	55	58	#
996	1878.47	15	28	56	58	63	#
997	4310.75	26	31	35	40	50	#
998	4625.02	12	18	25	46	51	#
999	3016.82	2	26	54	57	#
