%% File generated by CATS v.2.1Wed Jun 22 10:37:31 2022

%% The CATS webpage is http://robotics.stanford.edu/CATS

%% PARAMETER SETTINGS:
% Goods: 64; Bids: 1000; Distribution: L4; Runs: 1; Seed: 1656572500
% Legacy distribution parameters:
% Number of goods chosen according to Decay distribution (alpha = 0.55).
% Price chosen according to Linear Random distribution (low_linearly = 1, high_linearly = 1000).


goods 64
bids 1000
dummy 0

0	1904.13	46	58	#
1	988.533	16	#
2	1968.69	19	39	59	#
3	897.389	30	#
4	826.06	29	#
5	3711.66	0	45	46	62	#
6	944.191	61	#
7	951.745	15	#
8	962.157	57	#
9	1595.21	20	35	#
10	964.633	58	#
11	977.493	47	#
12	1216.1	9	17	18	47	#
13	1677.65	23	61	#
14	2129.65	7	27	30	49	#
15	984.11	19	#
16	969.488	2	#
17	870.249	33	#
18	938.111	50	#
19	978.353	14	#
20	985.285	23	#
21	958.192	9	#
22	1034.74	1	57	#
23	1260.47	22	45	#
24	991.069	5	#
25	993.686	56	#
26	956.718	4	#
27	814.588	10	#
28	1245.94	27	50	#
29	1629.61	1	63	#
30	973.467	31	#
31	2489.15	3	13	58	#
32	907.857	1	#
33	2398.08	7	42	44	#
34	967.335	25	#
35	951.515	17	#
36	983.039	43	#
37	1492.28	14	43	#
38	1522.34	28	55	#
39	997.654	11	#
40	2918.7	10	13	59	#
41	1434.75	4	26	#
42	981.76	48	#
43	1209.12	49	50	#
44	972.776	41	#
45	964.686	6	#
46	920.002	59	#
47	970.648	54	#
48	812.442	22	#
49	954.091	35	#
50	1616.39	21	35	44	#
51	3110.78	14	33	57	60	#
52	987.5	45	#
53	3894.53	25	28	40	58	#
54	996.989	8	#
55	925.596	36	#
56	920.073	42	#
57	1430.35	25	36	61	#
58	981.882	7	#
59	990.433	53	#
60	1901.01	15	33	46	#
61	948.703	0	#
62	989.85	18	#
63	954.377	44	#
64	2981.81	51	57	61	#
65	2653.97	16	22	34	42	#
66	953.385	24	#
67	3367.9	16	17	21	48	#
68	1945.83	33	41	#
69	2431.72	5	15	34	38	40	#
70	1112.74	11	26	#
71	2227.92	13	34	38	#
72	1115.57	4	43	#
73	4201.08	15	25	32	48	55	#
74	916.878	49	#
75	1132.78	15	28	#
76	978.468	27	#
77	1919.75	26	43	#
78	1088.29	4	18	62	#
79	1134	20	50	#
80	907.515	29	30	#
81	893.368	55	#
82	1532.62	21	32	#
83	1927.47	27	45	#
84	1296.02	16	26	#
85	1429.38	6	52	#
86	2171.99	9	21	44	48	#
87	1278.16	24	26	41	#
88	2550.02	23	47	54	62	#
89	1598.39	18	28	40	#
90	2255.59	26	38	40	#
91	967.95	40	#
92	977.519	26	#
93	1573.61	13	57	#
94	984.617	13	#
95	939.901	28	#
96	2472.5	30	32	41	61	#
97	1158.57	5	50	#
98	946.405	37	#
99	968.055	52	#
100	1270.7	40	60	#
101	988.603	12	#
102	857.381	21	#
103	1060.97	25	39	#
104	1080	7	44	57	#
105	844.933	63	#
106	1854.02	19	62	#
107	1672.46	9	56	#
108	2542.43	12	34	39	57	#
109	4419.46	21	31	43	53	56	58	#
110	2619.09	14	16	56	#
111	3386.22	2	37	38	40	41	43	58	#
112	1792.26	40	47	60	#
113	2688.5	21	24	42	46	61	#
114	1925.42	32	36	#
115	1962.77	2	38	#
116	1894.93	1	4	#
117	2991.49	5	27	49	#
118	3107.59	18	26	28	44	45	50	56	#
119	2193.26	7	36	37	59	#
120	1407.62	14	47	#
121	3081.41	16	17	19	48	#
122	3147.43	4	14	21	23	48	55	#
123	963.161	34	#
124	1715.83	18	40	56	#
125	909.871	38	#
126	1489.18	20	51	#
127	3182.83	46	54	61	63	#
128	1174.81	6	55	#
129	2477.1	2	16	23	61	#
130	1941.74	23	30	#
131	983.731	21	43	#
132	1948.38	29	58	#
133	2128.52	25	31	41	49	53	#
134	1550.1	17	19	#
135	5346.05	9	34	39	41	47	55	#
136	1578.64	5	8	45	#
137	1080.98	6	7	#
138	972.431	25	28	#
139	2336.08	31	44	45	#
140	2355.59	12	37	59	#
141	972.339	3	#
142	1352.07	14	29	#
143	1156.42	17	28	#
144	5449.65	1	17	19	20	21	25	26	27	32	54	57	61	#
145	2340.31	8	19	20	51	54	56	62	#
146	960.619	62	#
147	2100.58	15	18	35	#
148	1242.22	13	48	#
149	1627.07	44	55	#
150	1763.85	9	33	#
151	1771.46	23	29	#
152	1474.49	7	15	22	37	#
153	2816.4	14	19	41	#
154	1422.29	33	38	#
155	5721.2	11	21	26	31	35	45	#
156	1582.23	48	63	#
157	2956.05	0	4	45	#
158	1941.26	1	48	#
159	1719.93	14	46	62	#
160	2055.19	24	31	32	#
161	991.506	20	#
162	3864.68	0	27	39	55	63	#
163	5311.45	11	12	26	34	40	55	#
164	6428.22	8	13	30	39	43	45	52	#
165	4795.67	1	8	10	20	37	51	#
166	1696.84	2	30	51	#
167	1804.77	11	46	#
168	1491.07	35	59	#
169	986.9	10	21	#
170	3516.06	11	34	39	41	44	54	#
171	2013.34	26	36	57	#
172	1306.77	41	45	53	#
173	4499.78	5	10	17	19	21	27	29	61	#
174	2403.25	4	5	6	#
175	1851.26	4	9	44	#
176	803.856	46	#
177	1768.3	41	59	#
178	1734.42	49	59	#
179	5835.04	0	24	26	39	40	53	62	#
180	985.136	60	#
181	930.383	51	#
182	2350.15	23	36	59	#
183	1723.57	13	42	60	#
184	1633.79	10	47	55	#
185	1657	14	26	#
186	2840.78	0	5	55	#
187	1819.68	1	2	5	11	#
188	1974.41	28	59	#
189	2559.03	7	29	30	44	#
190	1619.09	39	44	#
191	1203.42	29	47	#
192	1121.26	7	60	#
193	2180.96	36	44	58	#
194	1711.08	43	48	#
195	2382.98	13	39	41	#
196	1173	1	11	31	#
197	3280.81	2	16	54	60	#
198	3620.16	20	23	49	58	#
199	989.909	32	#
200	1257.02	20	42	#
201	1760.58	9	20	46	#
202	1208.02	8	30	52	#
203	1902.91	28	43	#
204	2839.24	9	14	34	36	#
205	1910.6	8	23	#
206	992.344	39	45	#
207	2814.16	48	50	55	#
208	3582.23	29	32	41	45	#
209	2445.44	2	31	35	#
210	2404.82	3	29	57	#
211	1546.94	38	46	#
212	3313.05	3	31	46	62	#
213	1757.73	40	42	#
214	1035.54	9	52	#
215	1907.9	2	7	#
216	1486.7	18	38	63	#
217	2166.22	3	13	24	40	47	#
218	1965.54	22	63	#
219	1313.69	58	60	#
220	2316.77	16	33	39	61	63	#
221	1717.13	13	54	#
222	3787.1	1	19	24	25	49	50	53	56	#
223	1347.02	5	28	#
224	2299.52	39	56	58	#
225	3095.44	2	3	12	28	31	48	57	#
226	996.601	21	34	36	#
227	2094.18	30	48	51	58	59	#
228	3211.55	3	18	26	55	#
229	1926.54	7	43	#
230	1420.1	12	38	63	#
231	5352.45	10	14	23	56	57	58	#
232	9738.87	5	8	9	15	26	28	29	30	39	43	57	58	61	#
233	3956.9	11	19	33	37	#
234	1357.25	5	32	#
235	5082.71	10	12	23	58	59	62	#
236	4616.79	9	27	29	45	48	54	59	#
237	1058.61	7	12	#
238	1652.09	25	41	46	#
239	1854.32	21	22	29	48	#
240	3890.18	6	13	35	56	#
241	1228.83	43	47	#
242	1133.52	6	30	#
243	1998.55	16	46	#
244	2659.11	5	14	52	58	#
245	1728.05	47	52	#
246	3890.95	6	11	25	36	#
247	1122.17	2	31	#
248	1894.75	14	38	59	#
249	1726.79	60	63	#
250	3105.87	5	13	19	49	#
251	2727.94	5	17	22	38	46	51	#
252	1268.75	41	55	#
253	2738.44	8	32	34	#
254	2466.49	13	46	49	63	#
255	5500.81	17	28	35	38	42	54	56	62	#
256	1784.57	9	12	#
257	4466.01	2	9	24	28	51	#
258	1311.33	49	53	#
259	3032.07	10	13	44	61	#
260	2364.31	31	43	60	#
261	2174.17	7	10	11	41	#
262	2866.64	37	49	62	#
263	2469.25	11	13	51	#
264	1852.35	13	24	#
265	2179.49	0	1	23	62	#
266	2339.76	13	20	43	#
267	2336.44	8	12	49	#
268	3060.08	27	43	50	60	#
269	4676.2	14	20	29	33	40	58	#
270	1886.5	26	34	#
271	1284.14	15	38	60	#
272	1021.28	21	47	#
273	2847.94	20	45	48	51	#
274	1922.86	20	28	31	#
275	1890.02	2	20	47	#
276	2602.43	26	28	34	42	#
277	1726.38	2	37	#
278	2560.35	42	54	58	59	#
279	1088.68	28	60	#
280	4247.74	6	26	57	58	63	#
281	1217.91	34	48	#
282	2936.64	3	6	13	15	42	#
283	1852.06	17	36	43	45	62	#
284	1235.11	23	57	#
285	4106.37	16	19	21	26	32	51	#
286	1530.83	2	19	30	50	57	#
287	3182.78	26	32	37	58	#
288	1208.35	16	36	48	#
289	1482	12	25	55	63	#
290	1869.76	5	23	28	#
291	1005.45	30	47	#
292	1552.47	57	60	#
293	1943.26	4	55	#
294	838.995	39	#
295	1242.42	30	46	#
296	5328.34	8	15	17	20	28	30	60	#
297	2674.48	5	40	42	#
298	1949.18	7	29	#
299	2530.06	11	18	48	#
300	8108.54	9	11	15	23	32	36	37	40	47	52	55	56	#
301	1895.5	0	14	#
302	1770.93	40	51	#
303	1407	17	53	#
304	1157.57	12	25	#
305	3512.43	18	51	55	59	#
306	1197.7	30	49	#
307	2945.59	7	22	49	#
308	3878.44	6	23	35	44	51	#
309	1640.24	15	40	#
310	3273.84	10	13	33	50	#
311	2471.09	15	25	37	#
312	1227.67	31	41	#
313	1673.04	34	44	52	#
314	1807.62	7	15	36	55	#
315	1631.84	1	23	39	52	#
316	1368.47	19	33	#
317	3140.89	6	22	33	58	#
318	1909.03	33	37	54	59	#
319	1377.98	23	32	43	54	#
320	1051.19	11	29	34	#
321	1955.13	18	43	#
322	3280.6	3	30	46	58	#
323	1640.34	4	38	#
324	2888.09	0	31	41	#
325	1650.08	1	6	54	#
326	2084.07	4	31	50	54	#
327	1183	55	63	#
328	2652.58	42	47	61	#
329	950.232	10	59	#
330	1896.04	37	42	#
331	1996.75	6	10	14	36	41	#
332	2143.1	4	13	14	27	32	#
333	1475.95	29	36	#
334	1014.19	41	48	#
335	1841.65	34	51	#
336	1398.33	12	52	#
337	1125.94	16	34	38	56	#
338	3530.56	7	11	13	16	20	28	43	52	#
339	4104.38	28	38	39	46	63	#
340	1536.69	35	44	#
341	2820.29	18	30	37	39	#
342	4382.18	1	16	21	49	59	#
343	1231.12	1	41	#
344	1187.74	36	41	#
345	1883.42	15	19	55	#
346	2415.56	23	34	39	48	#
347	3325.61	21	27	35	49	#
348	3939.76	21	27	35	59	#
349	2838.71	17	43	48	54	#
350	6409.06	2	6	9	17	25	27	42	#
351	4968.16	6	15	21	24	32	#
352	3508.67	22	29	32	40	#
353	2258.01	12	49	58	#
354	1666.71	1	33	57	#
355	8772.49	1	2	3	18	25	31	32	38	41	56	59	#
356	1375.2	39	60	#
357	1008.52	8	20	#
358	2283.18	1	9	23	33	#
359	2752.26	14	29	39	#
360	1822.76	10	27	#
361	1907.32	15	47	#
362	1477.76	2	39	#
363	4248.91	0	11	24	25	37	#
364	2081.56	9	25	56	#
365	3169.4	11	15	32	53	#
366	1392.68	47	48	#
367	1704.4	1	18	#
368	1665.75	47	57	#
369	6221.54	20	22	25	29	30	31	36	39	43	55	61	#
370	1870.15	1	28	35	#
371	1923.52	0	14	38	46	#
372	3508.21	3	5	8	35	#
373	3793.33	2	6	9	13	#
374	1830.94	43	61	#
375	2310.67	4	37	54	#
376	1627.01	53	55	#
377	2391.59	26	49	62	#
378	3890.13	9	11	17	33	#
379	1299.99	2	6	#
380	2766.67	5	17	39	55	#
381	1089.92	0	21	#
382	4562.82	5	26	32	47	57	60	62	#
383	1130.8	22	46	#
384	1002.73	18	36	55	#
385	2605.2	1	4	26	63	#
386	2207.49	2	22	38	#
387	2757.76	22	45	57	#
388	1908.87	19	46	48	#
389	1944.1	43	44	#
390	2287.39	27	33	61	#
391	2114.39	8	26	43	#
392	2328.41	35	53	59	#
393	1490.5	4	10	#
394	3975.93	27	32	50	55	#
395	1409.42	56	62	#
396	9808.97	0	10	22	24	30	35	37	44	49	61	#
397	3041.35	0	1	11	27	35	38	#
398	3752.37	8	34	37	45	#
399	2881.04	29	40	51	#
400	981.366	17	24	30	57	#
401	3780.69	0	22	54	62	#
402	1356.45	0	7	#
403	2418.54	20	37	41	46	54	#
404	1467.57	6	17	#
405	1157.29	9	38	#
406	3840.44	11	49	54	59	#
407	3845.43	16	18	31	36	50	56	#
408	1369.93	1	58	#
409	2380.11	13	37	60	#
410	1383.99	5	34	#
411	1951.39	2	49	#
412	1482.33	29	42	46	52	#
413	2963.16	36	40	60	#
414	1465.29	41	54	#
415	1364.76	5	15	#
416	2973.56	4	34	44	#
417	2968.59	25	53	62	#
418	1824.72	1	3	#
419	1607.65	23	59	#
420	2473.57	1	16	23	48	58	#
421	1925.63	33	38	45	53	#
422	1923.51	21	28	#
423	2605.37	1	47	49	#
424	1710.55	2	62	#
425	1912	4	34	#
426	2121.52	28	38	48	#
427	2008.61	18	23	61	#
428	1342.39	32	50	#
429	2188.23	17	59	60	#
430	2765.12	14	21	37	#
431	1885.8	6	35	44	#
432	1670.74	1	8	37	#
433	6257.83	4	5	8	14	17	18	42	#
434	1987.06	25	58	#
435	1689.69	45	48	#
436	4591.72	5	7	8	23	60	63	#
437	2013.99	30	32	42	#
438	3880.35	3	6	7	8	21	35	52	59	#
439	1882.02	3	39	#
440	1859.32	0	11	37	#
441	5734.48	2	20	30	50	51	61	#
442	1349.99	48	54	#
443	1681.17	20	21	#
444	1228.41	24	48	#
445	1393.11	11	60	#
446	1444.16	27	58	#
447	1106.96	5	43	#
448	1312.92	16	32	#
449	1036.92	0	15	#
450	3102.36	30	44	57	59	#
451	3564.09	30	31	48	56	#
452	2368.2	3	5	11	#
453	1409.11	20	53	#
454	1622.66	14	17	46	#
455	8841.82	1	5	16	25	29	34	40	53	58	62	63	#
456	2369.94	14	33	58	#
457	1077.16	32	47	49	#
458	3456.6	22	28	33	41	42	#
459	4932.57	25	26	32	36	39	#
460	2645.95	18	33	51	#
461	2260.43	19	26	35	60	#
462	2536.23	3	13	15	47	#
463	3898.04	1	11	27	42	#
464	1612.51	6	42	51	#
465	1925.02	25	51	62	#
466	3216.46	12	22	26	36	41	49	#
467	1308.53	28	50	#
468	1790.14	16	59	#
469	1420.98	21	38	#
470	1048.98	44	53	60	#
471	1777.7	0	61	#
472	5808.26	7	16	22	24	38	54	#
473	1523.9	32	34	#
474	1995.32	7	19	#
475	1444.13	4	46	#
476	1292.28	1	32	42	#
477	2933.3	36	50	57	#
478	4394.62	0	11	17	27	30	38	48	53	#
479	4042.37	24	27	54	55	57	#
480	1186.6	7	26	44	46	59	#
481	4286.61	4	20	21	23	56	62	#
482	3619.72	17	21	23	56	#
483	1633.9	33	47	#
484	2086.87	0	19	24	#
485	2368.23	13	22	26	44	#
486	1626.4	7	31	42	55	#
487	2619.65	10	43	60	#
488	1712.3	39	43	#
489	1741.01	8	48	#
490	2144.89	10	43	44	#
491	1912.82	29	61	#
492	1573.95	16	51	#
493	2842.46	0	51	53	56	#
494	1415.84	22	44	58	#
495	1621.69	9	17	57	#
496	2950.54	6	7	23	26	40	58	#
497	2246.54	3	4	27	33	#
498	8546.04	2	10	26	35	36	40	43	53	62	#
499	2550.9	1	23	24	38	#
500	1315.53	29	56	#
501	1778.7	9	18	53	#
502	2767.02	7	15	38	#
503	2968.49	7	9	28	#
504	8791.53	5	12	22	27	29	30	42	56	61	#
505	1464.23	15	27	58	#
506	1865.87	3	6	#
507	1359.91	10	60	#
508	2568.83	43	55	59	61	#
509	3193.77	13	15	20	23	53	#
510	3749.55	2	12	54	62	#
511	1360.88	7	15	#
512	4526.06	0	19	28	38	52	#
513	1012.92	52	63	#
514	2358.21	5	27	52	#
515	2386	9	26	43	#
516	3081.35	18	22	34	41	52	#
517	1835.6	44	47	#
518	2876.08	12	26	45	#
519	1968.23	15	41	#
520	1819.6	10	29	#
521	991.245	25	41	#
522	2089.16	4	23	63	#
523	1420.94	16	22	54	#
524	1198.2	11	18	52	#
525	1339.16	8	25	#
526	1020.5	31	38	#
527	1689.81	9	31	54	#
528	1423.42	9	60	#
529	1459.03	24	56	#
530	1770.43	13	55	#
531	1475.04	5	13	#
532	1791.02	45	62	#
533	1137.74	54	60	#
534	2401.66	0	50	59	#
535	4489.05	0	5	29	35	47	60	#
536	1868.75	50	63	#
537	1361.33	7	33	#
538	1115.93	14	23	#
539	2823.75	3	4	13	16	37	61	#
540	4317.24	14	16	27	33	37	#
541	6325.87	12	15	20	26	58	60	61	#
542	2009.64	0	22	36	45	55	#
543	1632.72	17	54	#
544	3929.45	12	22	38	42	60	#
545	1059.25	6	36	#
546	2729.54	3	23	52	#
547	1513.46	44	54	#
548	1385.58	45	49	#
549	1492.71	35	49	60	#
550	1376.05	4	54	#
551	1846.24	45	56	#
552	2904.56	5	13	31	38	#
553	1619.33	19	30	32	45	#
554	2687.03	5	51	56	#
555	3971.1	26	34	36	44	51	#
556	1203.28	4	22	42	#
557	4730.85	3	16	26	33	42	52	60	#
558	3656.06	9	21	52	53	63	#
559	4497.65	3	5	6	39	50	51	53	63	#
560	1859.67	10	28	#
561	3432.05	12	28	30	49	59	#
562	1883.25	26	53	#
563	1859.96	45	51	#
564	2298.56	5	30	58	#
565	3978	8	10	25	43	57	#
566	2735.22	0	13	25	#
567	3408.12	16	18	28	29	39	#
568	1817.69	2	28	#
569	1623	13	38	#
570	2208.88	46	53	60	#
571	1289.35	34	39	#
572	1377.91	10	42	46	#
573	1757.32	12	30	38	#
574	1937.17	25	57	#
575	1306.17	1	5	11	#
576	1145.23	19	38	#
577	1437.53	33	37	#
578	3518.37	34	46	54	56	#
579	1437.82	6	43	#
580	2551.37	17	27	62	#
581	1416.59	2	61	#
582	2091.68	12	21	25	#
583	2427.32	13	41	55	#
584	2391.19	5	9	22	#
585	1362.86	15	25	#
586	1989.33	34	49	#
587	2414.29	33	39	40	#
588	1806.71	7	18	#
589	1108.41	34	44	#
590	3012.3	23	25	36	44	#
591	1510.74	42	55	#
592	1856.74	0	19	63	#
593	1685.29	3	33	#
594	1441.75	7	10	#
595	3803.51	0	4	13	46	#
596	3412.84	5	8	38	40	42	47	#
597	962.271	36	39	#
598	2931.08	20	38	49	#
599	2895.78	29	44	54	#
600	1164.59	2	30	#
601	1784.54	14	28	#
602	3225.56	5	33	58	61	#
603	1513.72	46	54	#
604	2066.47	14	35	44	#
605	2453.55	29	30	31	#
606	2178.59	14	20	27	28	#
607	3996.07	3	12	25	53	#
608	1964.78	30	42	#
609	1810.26	7	58	#
610	2321.4	20	24	27	#
611	2388.88	12	14	45	63	#
612	3936.64	13	20	32	54	#
613	1578.31	17	37	#
614	1015.73	12	13	#
615	2216.69	17	21	49	58	#
616	1414.87	0	9	#
617	1794.35	3	26	#
618	1316.57	0	37	57	#
619	1548.12	38	49	#
620	1733.77	25	32	55	#
621	2309.75	12	28	30	#
622	2610.11	14	55	59	#
623	3206.24	10	28	52	61	#
624	3575.96	1	9	14	23	42	#
625	1510.19	6	8	#
626	1693.48	1	53	55	#
627	1906.23	17	32	#
628	1957.8	2	56	59	#
629	1231.1	8	14	27	#
630	1347.77	38	42	#
631	1152.76	48	58	#
632	2545.51	13	41	61	#
633	1368.45	14	50	#
634	2651.51	0	19	39	#
635	1829.58	19	46	#
636	2567.81	13	14	45	#
637	1118.51	9	18	46	#
638	1069.65	5	21	#
639	3742.11	4	14	36	37	42	#
640	1897.35	29	41	#
641	1391.41	23	55	#
642	2989.13	18	41	49	#
643	1713.54	4	13	62	#
644	2760.72	6	38	41	#
645	1708.52	4	21	#
646	1932.36	3	24	#
647	2991.47	6	7	29	41	43	44	54	#
648	3369.32	4	7	33	40	60	#
649	1523.44	20	24	#
650	1822.43	33	46	48	#
651	2416.56	24	34	62	#
652	1709.74	0	4	35	#
653	1512.68	4	31	53	#
654	1051.61	21	52	56	#
655	1799.48	17	31	#
656	2226.13	24	34	36	42	47	#
657	2343.88	1	13	48	#
658	3981.43	21	24	43	45	#
659	2228.26	0	1	36	48	#
660	2438.48	14	21	59	#
661	2847.8	42	46	53	#
662	1631.19	26	55	#
663	2971.77	19	52	63	#
664	1409.27	9	37	48	#
665	1082.86	14	17	#
666	1411.73	2	13	#
667	2312.25	5	14	39	#
668	3390.5	11	14	15	30	#
669	2265.14	25	39	48	#
670	1575.84	36	54	#
671	1117.93	8	24	30	62	#
672	990.5	26	31	58	#
673	1692.21	8	24	40	#
674	2942.83	22	51	62	#
675	1829.38	5	59	#
676	931.363	30	36	#
677	1521.48	10	17	20	62	#
678	1893.97	21	41	#
679	7672.12	14	16	18	31	36	39	60	62	#
680	5057.32	6	11	20	23	27	44	#
681	1369.35	2	63	#
682	1430.56	24	25	#
683	3433	9	18	31	55	#
684	1804.44	4	60	#
685	4363.8	2	7	20	59	60	#
686	3689.37	7	39	54	62	#
687	1989.19	18	54	#
688	5055.21	0	1	5	13	30	54	63	#
689	2437.23	7	34	45	#
690	2781.04	8	12	15	51	#
691	3414.74	7	33	36	62	#
692	1211.67	18	35	#
693	1135.1	24	43	#
694	1020.53	14	15	#
695	1167.26	25	31	#
696	977.396	38	51	#
697	2447.24	7	24	26	40	45	#
698	5424.35	4	5	15	27	33	35	#
699	1874.38	12	53	#
700	1759.57	12	35	#
701	2836.19	21	61	62	#
702	1817.92	42	53	#
703	1524.5	25	42	#
704	3810.92	3	11	23	24	42	#
705	1517.92	0	31	#
706	1154.37	10	46	#
707	1998.77	11	25	36	46	#
708	1868.36	19	42	#
709	2128.58	0	19	20	26	#
710	2951.43	2	18	24	58	#
711	4146.75	0	5	27	31	56	#
712	2402.2	5	41	44	56	#
713	4100.76	22	24	34	41	48	#
714	3926.11	16	17	24	28	52	#
715	2734.21	9	46	51	#
716	1841.96	13	23	#
717	4393.39	12	19	40	55	63	#
718	3124.1	8	24	35	45	46	#
719	3482.58	10	41	45	52	#
720	1255.74	22	51	#
721	1122.42	26	59	#
722	2041.03	20	40	46	59	#
723	6525.48	4	5	11	12	31	32	35	42	48	#
724	1877.81	1	26	#
725	1755.26	8	24	52	#
726	1265.99	33	46	60	#
727	1914.15	16	34	42	#
728	1591.99	6	42	#
729	2606.06	12	22	27	58	#
730	3663.42	23	38	41	63	#
731	2223.82	26	45	57	#
732	3465.38	5	20	23	53	#
733	2754.52	45	48	60	#
734	3972.69	1	26	50	53	57	#
735	1240.05	23	42	63	#
736	2213.16	3	12	56	60	#
737	2490.84	4	35	51	59	#
738	1307.81	22	54	#
739	2250.51	2	11	21	59	#
740	2599.01	6	9	10	42	46	#
741	2866.4	37	44	54	#
742	3199.26	18	19	32	41	#
743	1978.42	6	19	55	63	#
744	3119.28	6	36	44	50	#
745	1879.82	35	36	#
746	1225.49	7	25	#
747	3243.77	14	18	19	26	31	32	#
748	1648.6	27	61	#
749	1473.44	42	59	#
750	1022.07	8	56	#
751	4342.97	0	26	51	58	62	#
752	2280.23	4	23	45	#
753	3681.15	2	4	8	22	63	#
754	2935.57	16	46	48	#
755	1872.48	26	33	#
756	1761.74	23	35	47	51	#
757	1521.67	7	38	41	#
758	2516.2	0	44	50	#
759	1323.22	15	17	45	#
760	2104.21	35	44	55	#
761	1424.94	14	36	#
762	1080.93	32	40	#
763	1873.86	17	29	#
764	2650.62	2	31	58	63	#
765	1771.47	4	10	23	#
766	1659.42	2	18	#
767	2174.4	2	18	26	#
768	1086.15	5	6	46	47	62	#
769	5514.92	0	5	20	30	33	62	#
770	1521.19	6	14	#
771	1131.32	40	54	59	#
772	1957.52	18	21	#
773	2171.58	0	20	21	37	38	#
774	1802.84	19	30	31	35	54	#
775	2977.18	7	10	40	#
776	3319.06	13	15	17	31	34	#
777	4535.23	0	20	25	31	33	41	61	#
778	1575.5	0	56	#
779	1883.85	24	32	#
780	1464.71	5	23	33	#
781	3478.81	7	28	40	42	#
782	1064.36	36	52	#
783	2539.5	15	39	57	#
784	3110.45	0	9	30	51	57	#
785	1524.39	3	12	#
786	3025.57	19	33	35	54	#
787	1489.88	0	32	#
788	1693.07	16	41	45	#
789	4324.51	10	29	32	44	63	#
790	1286.84	33	48	#
791	4954.59	5	11	13	21	40	41	#
792	1676.14	21	40	52	#
793	2716.51	14	45	46	#
794	1831.35	7	35	#
795	1386.72	3	22	37	56	#
796	3038.47	1	11	15	46	#
797	1775.04	56	59	#
798	1736.37	2	13	63	#
799	1201.41	27	34	#
800	1804.26	27	53	#
801	1906.3	8	29	#
802	2416.4	9	10	37	55	#
803	1198.07	35	47	#
804	1292.53	16	52	#
805	1338.31	28	31	60	#
806	1545.25	1	54	#
807	2456.64	16	45	48	#
808	1610.39	12	46	#
809	1784.08	0	30	#
810	6853.88	0	7	16	29	30	31	40	50	52	53	#
811	2122.39	1	40	47	#
812	1188	54	55	#
813	1942.9	24	31	33	44	61	#
814	2236.09	3	4	14	52	#
815	2533.87	10	38	48	#
816	4180.34	11	13	14	30	58	#
817	1382.04	38	54	#
818	1079.78	19	49	#
819	1033.69	7	32	48	#
820	2135.24	1	11	19	#
821	2879.57	2	13	23	30	#
822	5462.22	10	17	22	49	52	60	#
823	7539.37	10	20	25	40	44	49	51	56	58	#
824	2828.89	41	48	53	#
825	4268.58	30	39	40	52	57	#
826	1100.57	11	30	#
827	3396.65	4	16	54	58	63	#
828	1013.01	18	46	#
829	2345.83	26	47	60	#
830	1165.67	16	27	63	#
831	1639.22	2	11	33	35	47	58	#
832	6676.13	18	27	40	48	51	56	58	#
833	1078.09	20	34	61	#
834	1773.83	9	11	13	21	49	52	#
835	1497.65	7	63	#
836	2862.6	7	8	18	22	#
837	1364.96	25	29	#
838	10994.8	21	29	19	40	37	0	46	54	53	57	50	60	12	22	#
839	2325.45	10	17	27	#
840	1460.23	8	44	#
841	1913.12	11	32	#
842	1913.13	4	25	32	#
843	2039.9	4	25	42	#
844	2481.29	5	6	56	#
845	4171.6	8	16	35	37	50	61	#
846	2734.09	6	14	58	#
847	1507.08	53	63	#
848	1773.98	24	63	#
849	3875.53	18	19	44	53	58	#
850	3066.32	2	19	26	46	57	#
851	1613.54	45	55	#
852	1568.29	0	59	#
853	2167.51	20	43	59	#
854	2014.48	0	13	32	#
855	1223.74	39	51	56	#
856	1486.87	29	60	#
857	3464.05	13	27	29	46	#
858	1928.62	24	52	59	#
859	1733.29	2	27	36	62	#
860	2023.95	10	29	45	55	#
861	1792.18	1	39	49	57	63	#
862	1534.86	3	16	#
863	2993.85	23	42	51	55	#
864	1921.52	12	15	57	#
865	2767.15	11	45	51	#
866	4450.6	1	15	21	22	53	#
867	2006.33	13	20	29	32	62	#
868	3921.04	12	16	21	45	#
869	2203.69	4	41	51	#
870	2483.22	5	20	28	32	38	42	61	#
871	3379.07	13	34	35	36	#
872	1770.32	13	59	61	#
873	1278.95	1	46	#
874	1150.43	12	14	38	#
875	1935.19	1	7	25	30	#
876	1837.24	26	49	#
877	4432.48	1	4	7	15	20	57	#
878	1914.53	10	13	26	41	#
879	2082.39	0	10	33	42	43	#
880	3125.4	1	5	33	42	#
881	2140.29	0	35	37	61	#
882	1616.68	1	49	#
883	1828.04	26	45	47	#
884	2404.4	0	12	50	#
885	2592.38	21	23	44	#
886	3800.58	8	13	59	61	#
887	1216.04	32	54	62	#
888	4971.8	1	8	16	29	34	44	54	#
889	2698.15	31	35	61	#
890	4028.58	33	34	40	49	59	#
891	2203.55	23	36	44	48	#
892	2114.25	22	34	49	#
893	985.038	29	43	#
894	1443.65	4	9	23	32	#
895	2219.38	7	44	54	#
896	1700.57	22	32	55	#
897	1717.65	15	59	#
898	1836.29	35	48	#
899	1132.07	8	63	#
900	1679.94	28	51	#
901	2898.88	26	33	45	#
902	1622.71	23	34	48	#
903	2317.68	21	42	50	#
904	1801.7	6	56	#
905	1008.74	34	61	#
906	1789.37	7	39	#
907	2659.46	18	44	52	#
908	1233.75	49	54	#
909	1703.62	31	40	#
910	4727.65	7	17	25	31	48	55	58	#
911	6064.18	6	31	37	42	51	53	56	57	#
912	996.654	12	42	#
913	1227.38	13	43	#
914	3719.61	7	8	24	29	36	#
915	1497.7	5	14	16	43	50	#
916	1441.32	6	26	#
917	5720.77	3	11	13	14	20	32	40	60	#
918	2680.49	7	10	19	#
919	3050.15	7	35	55	60	#
920	2716.86	15	35	44	49	#
921	1401.32	2	4	#
922	1367.78	0	46	#
923	2020.1	4	17	27	#
924	3969.3	8	17	28	45	#
925	4353.13	1	7	9	13	39	40	43	48	#
926	2013.73	15	18	28	62	#
927	1596.65	15	31	#
928	1002.16	9	29	#
929	2506.16	6	10	23	34	37	51	#
930	997.761	22	43	#
931	3551.08	5	26	50	62	#
932	3453.2	14	29	54	55	#
933	2885.33	17	32	61	#
934	1106.46	19	53	#
935	1193.78	1	19	50	#
936	1904.98	37	45	#
937	2936.42	16	35	55	57	#
938	3388.32	12	15	28	34	46	#
939	4216.24	3	7	15	17	18	24	40	49	57	#
940	4729.99	6	9	16	23	26	50	62	#
941	1580.61	34	58	#
942	2864.15	3	16	41	#
943	2308.22	9	44	51	#
944	3918.82	2	20	44	49	#
945	1518.95	17	25	#
946	1973.47	9	28	#
947	2541.61	8	9	51	#
948	2421.48	7	62	63	#
949	1882.34	29	50	63	#
950	2950.94	12	49	61	#
951	1409.21	3	52	#
952	4478.13	5	22	48	50	61	#
953	1626.16	3	48	#
954	2017.26	8	44	46	49	62	#
955	2674.12	10	29	33	49	61	#
956	1456.37	22	24	#
957	1499.85	7	40	47	#
958	4339.48	4	7	10	15	24	38	60	#
959	2855.84	5	22	29	33	34	57	#
960	2853.49	2	16	51	#
961	1973.72	29	51	#
962	1799.25	0	16	#
963	1432.37	3	36	#
964	2764.11	0	32	33	39	#
965	1488.93	27	33	36	#
966	1725.07	28	30	#
967	2478.82	27	42	45	#
968	1520.62	31	55	#
969	1316.27	31	34	36	60	#
970	1280.57	34	60	#
971	1075.84	2	52	#
972	2747.88	9	14	20	51	#
973	2226.31	0	26	36	42	44	#
974	1860.7	34	41	#
975	1456.16	1	17	#
976	1412.24	2	33	#
977	1660.33	22	35	45	47	#
978	1191.9	9	21	#
979	1435.26	17	55	#
980	977.025	46	61	#
981	4980.56	29	44	52	58	60	#
982	1993.88	5	14	18	19	#
983	3262.68	16	35	47	48	54	63	#
984	2074.51	19	50	62	#
985	2367.61	24	33	56	#
986	1633.47	39	40	#
987	3428.38	5	34	44	46	#
988	1919.65	17	59	#
989	2672.61	21	51	52	55	#
990	1805.53	12	24	#
991	3789.23	20	34	48	51	#
992	1153.54	28	63	#
993	1312.82	52	60	#
994	2271.53	1	22	62	#
995	1930.39	47	61	#
996	3184.5	20	55	57	58	#
997	1230.58	5	45	#
998	2010.23	10	27	37	42	49	#
999	2719.49	7	13	18	32	50	#
