%% File generated by CATS v.2.1Wed Jun 22 10:37:31 2022

%% The CATS webpage is http://robotics.stanford.edu/CATS

%% PARAMETER SETTINGS:
% Goods: 64; Bids: 1000; Distribution: L4; Runs: 1; Seed: 1656572504
% Legacy distribution parameters:
% Number of goods chosen according to Decay distribution (alpha = 0.55).
% Price chosen according to Linear Random distribution (low_linearly = 1, high_linearly = 1000).


goods 64
bids 1000
dummy 0

0	964.042	62	#
1	1428.78	7	39	40	#
2	1210.6	1	14	#
3	920.406	54	#
4	881.194	31	#
5	956.522	34	#
6	925.626	40	#
7	976.711	14	#
8	951.954	6	#
9	1087.84	20	55	#
10	867.392	39	#
11	1824.42	3	22	#
12	970.986	42	#
13	969.878	33	#
14	1493.71	3	28	#
15	994.483	5	#
16	1020.03	18	58	#
17	996.891	10	#
18	926.943	25	#
19	1765.62	31	36	49	52	59	62	#
20	961.165	16	#
21	966.529	58	#
22	850.396	44	#
23	985.638	46	#
24	1904.77	0	24	44	63	#
25	965.934	0	#
26	911.863	8	#
27	998.383	43	#
28	993.436	15	#
29	945.016	20	#
30	998.616	41	#
31	974.395	59	#
32	992.524	4	#
33	825.308	38	#
34	1241.59	41	62	#
35	2780.45	8	16	17	44	61	#
36	920.348	45	#
37	2563.06	10	16	19	40	53	#
38	920.669	21	#
39	2726.62	11	27	48	49	#
40	1943.71	45	48	#
41	4502.52	15	27	39	49	52	#
42	2575.8	32	40	48	57	#
43	1886.54	16	32	#
44	1009.53	9	13	#
45	998.267	23	#
46	2248.58	18	22	43	62	#
47	4576.54	15	18	24	25	41	#
48	2292.34	17	23	36	60	#
49	1319.74	9	26	#
50	8793.24	4	6	23	27	36	37	39	41	56	#
51	2746.71	5	6	54	#
52	3252.4	5	8	50	63	#
53	2935.54	11	17	23	27	55	#
54	977.136	28	#
55	791.904	12	#
56	920.986	61	#
57	1952.39	10	34	#
58	985.395	27	#
59	2421.26	28	33	37	#
60	973.582	2	#
61	1385.56	11	17	#
62	940.018	48	#
63	1403.67	12	13	#
64	3583.01	1	4	10	32	39	#
65	1880.46	21	43	#
66	953.698	49	#
67	1965.13	16	39	56	#
68	2108.92	24	27	41	#
69	986.034	52	#
70	3393.55	33	34	47	50	57	#
71	951.804	57	#
72	3029.92	5	42	51	52	57	#
73	1624.1	18	22	37	#
74	959.171	26	#
75	2008.93	1	21	38	52	#
76	953.919	30	#
77	3110.25	31	41	46	61	#
78	9764.02	4	27	12	26	5	22	6	45	56	49	41	40	#
79	992.192	24	#
80	965.934	53	#
81	2580.77	11	19	31	37	43	54	#
82	2131.91	27	54	60	#
83	1966.76	18	25	#
84	938.657	3	#
85	2383.55	14	31	47	#
86	1726.29	19	51	#
87	1209.52	8	45	#
88	1403.34	42	62	#
89	1481	11	27	35	#
90	3971.6	3	23	24	35	#
91	1527.44	15	45	#
92	966.086	47	#
93	2481.45	15	18	24	30	47	56	#
94	3924.41	8	25	37	45	49	60	#
95	2879.15	15	41	59	#
96	1466.79	7	57	#
97	3581.87	3	11	14	48	#
98	918.512	37	#
99	2141.96	40	48	56	#
100	4809.51	1	2	7	15	24	38	#
101	895.834	18	#
102	2725.46	10	31	53	#
103	1377.97	32	53	#
104	984.304	55	#
105	957.162	29	#
106	1667.73	35	51	#
107	1335.65	14	28	31	#
108	3424.48	0	19	30	52	61	#
109	1903.05	16	38	#
110	1648.17	6	45	57	#
111	1574.9	45	60	#
112	1022.3	5	8	#
113	1096.29	51	58	#
114	964.042	13	#
115	1029.45	2	30	#
116	1062.78	16	19	35	#
117	1723.78	29	63	#
118	868.777	63	#
119	2357.61	19	20	63	#
120	1108.72	20	26	#
121	1780.24	0	37	#
122	897.044	19	#
123	1398.76	19	50	#
124	975.751	17	#
125	1412.3	3	19	#
126	1856.67	13	44	#
127	1838.96	4	26	37	46	57	63	#
128	932.004	18	31	#
129	1821.45	0	22	#
130	1954.63	17	42	#
131	935.409	11	#
132	829.429	56	#
133	4764.84	14	22	31	39	42	57	#
134	3039.01	10	12	32	33	42	49	53	61	#
135	1488.15	27	32	37	51	#
136	848.658	7	#
137	1755.03	11	34	44	63	#
138	1140.34	36	46	#
139	2142.63	5	7	20	49	61	#
140	3096.14	9	23	30	32	50	#
141	1797.21	28	48	#
142	2498.96	4	19	20	24	#
143	2786.49	7	13	15	47	#
144	2673.24	16	39	58	#
145	1401.42	6	15	#
146	1386.48	26	46	#
147	1396.29	14	30	62	#
148	2836.96	51	53	56	62	#
149	3087.86	6	45	48	55	56	#
150	5722.44	8	18	23	32	41	60	#
151	1197.41	2	54	#
152	1382.62	13	32	34	58	#
153	970.664	22	#
154	1287.47	7	33	#
155	1428.99	2	41	#
156	3249.41	2	23	25	48	#
157	1149.89	15	26	27	#
158	1698.39	22	43	#
159	2435.64	6	23	34	53	62	#
160	1945.35	0	19	#
161	1211.04	36	45	#
162	1001.51	14	56	#
163	6220.92	7	10	12	13	18	19	20	39	53	#
164	2217.95	5	6	8	27	#
165	1571.14	16	42	53	55	#
166	1828.59	32	38	#
167	1812.75	13	22	31	46	57	63	#
168	934.209	35	#
169	2028.76	24	29	44	#
170	4458.88	4	9	24	38	60	#
171	1801.78	1	49	#
172	1044.87	22	63	#
173	1805.91	32	45	#
174	2688.43	2	55	58	#
175	1630.83	26	31	#
176	1054.01	22	59	#
177	888.317	9	#
178	2225.86	11	14	20	49	#
179	3897.88	6	28	31	53	56	#
180	4756.65	7	12	25	41	57	58	#
181	1132.06	31	53	#
182	1495.54	8	31	33	#
183	4416.91	1	31	36	42	47	48	#
184	1221.1	52	57	#
185	7071.02	3	17	24	30	32	49	51	58	62	#
186	4072.03	0	34	37	38	53	56	#
187	1125.36	24	45	#
188	1771.89	26	40	#
189	2511.1	18	30	43	#
190	1555.58	22	36	#
191	1556.51	32	35	42	49	#
192	9684.94	4	10	12	22	26	34	39	47	54	56	#
193	1923.49	27	41	#
194	1843.89	36	41	#
195	1849.94	27	56	#
196	949.718	36	#
197	1259.19	24	47	#
198	904.673	60	#
199	1493.24	1	18	31	#
200	1889.48	8	35	#
201	1224.71	9	33	#
202	1413.81	12	46	47	#
203	1165.66	53	55	#
204	997.221	1	#
205	1645.29	0	61	#
206	1865.64	16	18	#
207	4502.75	10	35	48	54	62	#
208	2845.36	14	18	53	58	#
209	1687.06	4	43	#
210	1595.31	18	42	#
211	4457.38	13	37	49	55	61	#
212	1841.09	17	61	#
213	2684.96	0	12	14	19	34	57	#
214	2198.62	22	27	40	55	59	62	#
215	3104.06	33	41	44	60	#
216	1818.86	24	27	#
217	1853.28	31	50	#
218	1972.68	29	48	#
219	3124.06	13	14	49	62	#
220	1609.82	16	43	#
221	3806.79	6	12	14	32	#
222	999.748	27	30	#
223	2177.72	11	12	51	#
224	1270.43	4	12	#
225	1981.12	1	61	#
226	9462.32	9	12	13	14	18	19	21	30	33	46	51	#
227	1454.48	7	28	#
228	1986.6	21	48	#
229	2000.55	10	16	26	28	41	#
230	1767.92	5	54	#
231	2910.2	4	42	52	#
232	3168.64	40	47	49	50	51	#
233	1486.49	13	22	#
234	1443.59	3	33	#
235	3990.52	1	39	53	54	#
236	1410.76	29	45	50	#
237	1456.72	12	23	#
238	4470.58	12	14	15	24	36	#
239	996.453	51	#
240	1640.38	8	19	48	#
241	1682.63	12	40	#
242	2948.03	34	53	61	#
243	1950.78	7	15	#
244	1683.81	46	59	#
245	2830.19	12	25	37	42	53	55	#
246	1353.25	16	52	60	#
247	1920.81	1	3	20	53	#
248	1918.35	38	54	#
249	2401.44	13	31	32	38	44	58	#
250	1705.06	31	36	61	#
251	1056.55	12	20	#
252	1861.24	39	41	57	#
253	1671.34	36	56	#
254	1142.24	40	61	#
255	4385.49	4	22	23	55	61	#
256	3041.44	29	32	39	43	#
257	2345	15	29	53	#
258	2960.08	2	14	26	54	#
259	2903.59	3	24	61	#
260	2477.41	9	26	38	#
261	1464.5	9	14	37	40	#
262	1485.15	10	20	36	57	#
263	1407.62	9	46	#
264	1528.76	3	24	#
265	1593.03	43	62	#
266	6541.15	0	4	9	19	20	28	45	53	61	#
267	3261.18	26	40	47	55	59	#
268	2454.97	8	23	51	#
269	3263.89	13	25	41	45	61	#
270	1131.22	14	40	44	#
271	4575.41	10	25	41	46	55	58	#
272	2185.76	24	45	58	#
273	1828.44	15	16	49	#
274	1418.47	22	45	#
275	2991.73	7	10	14	35	51	#
276	4099.95	9	17	30	34	45	48	#
277	1548.6	3	52	#
278	1627.98	49	62	#
279	1567.49	24	48	#
280	2338.44	11	24	36	43	#
281	1523.62	26	55	#
282	2057.55	5	11	19	49	54	62	#
283	1864.83	6	12	24	35	58	59	#
284	1652.99	33	36	#
285	1447.2	36	52	#
286	2817.94	38	40	50	#
287	2001.42	29	48	56	59	#
288	1528.02	36	50	#
289	1506.74	21	26	#
290	1322.81	1	19	#
291	2016.37	1	10	11	31	#
292	904.659	50	#
293	4201.03	20	26	44	52	57	#
294	1201.16	4	26	#
295	1491.38	16	47	#
296	2756.65	0	4	50	54	#
297	1028.14	9	30	59	#
298	1510.3	41	55	#
299	1780.25	1	4	13	19	22	#
300	1942.36	30	58	#
301	2929.85	34	49	52	#
302	2333.43	13	30	48	#
303	2600.76	25	44	45	#
304	2079.19	9	54	57	#
305	1467.35	50	57	#
306	4872.47	4	5	13	29	33	51	#
307	1664.86	4	18	#
308	1797.34	26	33	#
309	992.44	34	44	#
310	1969.55	24	49	#
311	4046.91	14	19	23	29	32	61	#
312	2071.74	10	13	15	62	#
313	1525.78	44	45	#
314	1776.85	5	9	61	#
315	4370.19	14	16	41	51	58	#
316	3056.44	12	24	48	57	#
317	1456.41	14	33	57	#
318	1793.98	20	56	#
319	1798.65	5	19	#
320	2407.98	4	15	29	39	#
321	979.407	32	#
322	2696.85	5	35	45	54	#
323	2791.34	11	24	49	#
324	2972.79	14	22	52	#
325	2421.27	1	9	53	#
326	3564.7	0	18	31	33	44	45	46	54	#
327	1442.76	24	41	58	60	#
328	2740.67	3	8	11	18	28	33	44	45	46	49	54	#
329	1474.72	24	25	#
330	1930.62	15	40	#
331	2761.05	32	55	60	#
332	1396.54	37	42	51	#
333	1970.85	45	53	#
334	2215.66	0	12	24	59	#
335	1822.56	2	45	#
336	4696.07	7	31	37	41	50	62	#
337	1964.39	43	60	#
338	1340.78	5	44	#
339	1236.85	9	43	#
340	2413.51	11	26	33	#
341	3740.64	6	23	48	53	55	62	#
342	1990.23	4	22	29	34	43	49	53	#
343	1500.71	15	49	#
344	2857.4	4	8	9	15	17	39	#
345	1918.21	1	5	#
346	1642.7	7	22	#
347	1981.66	17	39	#
348	4625.34	11	34	35	43	63	#
349	1995.77	40	52	#
350	1938.31	10	23	40	#
351	1826.39	45	51	#
352	1064.97	51	60	#
353	1036.37	11	32	#
354	1840.79	12	62	#
355	1595.16	9	13	31	#
356	3878.53	10	13	24	27	55	#
357	1222.41	18	37	#
358	2232.71	10	29	42	63	#
359	2859.22	22	41	53	#
360	3590.87	13	17	20	27	#
361	1807.7	12	27	#
362	1868.65	19	31	39	#
363	1298.78	35	38	#
364	1275.45	4	29	42	#
365	1707.3	5	51	#
366	1799.92	7	33	38	#
367	1594.65	13	26	32	#
368	1033.02	7	19	23	#
369	1551.37	31	58	#
370	1944.62	47	50	#
371	1644.13	12	54	59	#
372	1257.39	11	19	39	#
373	3136.47	29	31	34	45	47	#
374	1875.91	10	32	#
375	1941.71	12	30	39	#
376	1302.54	12	50	63	#
377	1571.32	29	35	#
378	3972.45	0	20	40	62	#
379	1549.95	6	10	48	55	59	#
380	3682.93	18	23	33	35	39	51	57	60	#
381	1741.13	39	41	#
382	1461.63	15	24	#
383	1122.66	13	15	#
384	4101.83	4	8	11	22	31	#
385	2159.07	3	29	40	#
386	3138.94	15	17	21	32	39	43	62	#
387	2187.69	24	31	54	#
388	3911	13	20	35	36	38	40	43	#
389	2886.79	7	20	32	47	#
390	1559.09	51	63	#
391	1025.87	26	60	#
392	1031.51	15	16	#
393	1305.99	39	50	#
394	1893.69	9	12	41	#
395	1337	2	51	#
396	1333.68	0	23	#
397	3547.63	9	46	53	58	#
398	3530.45	7	15	18	20	53	54	58	#
399	1846.42	0	3	20	32	53	#
400	2984.75	1	14	28	56	#
401	1768.57	17	44	62	#
402	2949.83	9	20	35	46	50	#
403	2397.67	20	34	53	#
404	3130.4	2	34	37	44	#
405	3679.74	2	51	57	59	#
406	4144.68	3	17	27	33	42	62	#
407	1771.32	30	53	#
408	5412.99	0	16	25	26	45	53	59	#
409	2252.05	16	31	47	#
410	2388.46	24	30	47	56	#
411	1413.33	30	54	#
412	3656.8	10	11	17	58	62	#
413	2892.09	9	48	57	#
414	2330.91	11	13	29	37	#
415	1582.63	13	20	#
416	4573.54	12	21	24	31	32	#
417	2569.09	20	49	58	#
418	1735.69	29	33	#
419	1504.32	1	22	29	32	#
420	1912.02	7	37	#
421	1164.05	31	47	60	#
422	1873.55	12	33	#
423	4672.41	32	38	48	57	60	#
424	1766.57	11	22	30	39	57	#
425	2725.08	1	34	56	59	#
426	4875.38	0	5	11	19	30	36	62	#
427	1459.69	4	7	#
428	2456.41	14	45	57	#
429	3853.41	1	12	25	41	49	#
430	1254.91	51	54	#
431	1156.5	25	47	#
432	2862.42	12	19	33	43	58	59	#
433	3136.4	10	30	45	48	#
434	1402.83	25	33	#
435	3591.11	23	26	51	55	#
436	1383.89	13	38	49	61	#
437	3657.1	8	22	34	63	#
438	1178.76	30	50	#
439	3189.37	6	17	19	49	#
440	1694.14	45	46	#
441	1408.91	13	17	#
442	5888.49	0	11	19	32	56	59	#
443	1330.19	14	62	#
444	3923.8	4	15	44	53	54	56	#
445	2235.93	23	42	59	#
446	1055.6	11	55	#
447	3724.72	36	38	43	45	#
448	1402.75	19	37	#
449	2426.53	26	27	42	61	#
450	1457.35	9	10	15	17	33	#
451	1294.33	22	30	52	#
452	2282.06	35	50	53	#
453	3143.51	28	41	43	59	#
454	6347.75	1	6	7	21	30	31	48	#
455	1921.27	38	56	#
456	1054.08	42	49	#
457	2352.44	12	16	30	#
458	1530.21	5	31	40	#
459	1204.47	14	25	#
460	1051.24	7	43	53	#
461	1191.41	2	58	#
462	1609.23	5	7	12	38	#
463	1522.08	23	29	59	#
464	3587.87	1	34	50	63	#
465	2567.51	29	47	58	#
466	1200.25	27	43	#
467	4804.99	7	9	28	29	48	#
468	2464.13	1	33	48	#
469	1635.26	49	53	#
470	1951.01	14	41	44	63	#
471	2577.3	29	52	55	62	#
472	1085.94	25	61	#
473	1222.06	23	50	#
474	2823.73	36	51	63	#
475	9694.91	16	17	18	24	28	39	44	47	54	59	#
476	2477.94	10	25	31	#
477	2794.86	2	43	63	#
478	1272.8	52	61	#
479	2274.98	16	27	54	#
480	2053.2	23	29	63	#
481	1790.4	16	33	#
482	1602.5	5	39	#
483	1774.53	2	40	#
484	3413.03	5	30	34	43	48	50	58	#
485	1859.99	4	11	#
486	1401.45	13	55	57	#
487	5556.76	10	12	13	19	22	41	#
488	1742.58	15	51	#
489	2555.67	21	22	50	61	#
490	1931.1	10	21	#
491	1644.08	2	3	#
492	3072.19	13	21	23	27	#
493	1777.73	29	61	#
494	2742.41	4	43	53	61	#
495	2726.98	1	34	50	61	#
496	1302.38	15	23	#
497	1542.27	8	37	#
498	1951.19	23	25	53	#
499	4894.93	4	13	41	42	44	48	53	59	#
500	1444.36	0	47	59	#
501	1892.23	16	20	#
502	2719.29	18	24	36	53	#
503	2039.64	16	26	34	#
504	2615.89	4	23	25	#
505	1641.36	34	47	#
506	2487.13	20	57	60	#
507	5571.31	7	14	24	28	31	40	53	57	59	#
508	6739.06	17	18	20	28	29	35	47	48	#
509	3667.97	23	43	45	46	#
510	2885.18	30	34	47	#
511	1319.77	42	61	#
512	2745.36	15	18	22	40	41	48	56	60	#
513	2137.44	6	33	40	60	#
514	1503.09	5	38	#
515	1660.9	7	9	31	38	62	#
516	3831.23	8	39	42	55	#
517	1675.66	1	23	#
518	5309.01	4	22	41	47	58	62	#
519	5926.33	3	29	33	42	55	61	#
520	1266.83	9	23	57	#
521	2221	14	16	19	#
522	2056.87	8	22	38	#
523	1543.1	41	47	#
524	1695.84	20	54	#
525	2884.53	0	5	62	#
526	1470.99	28	60	#
527	1956.93	3	23	#
528	1607.46	9	18	#
529	5895.2	1	5	8	19	26	34	#
530	1988.98	1	45	#
531	3167.38	18	26	34	42	#
532	1409.7	30	37	#
533	2954.56	22	30	32	40	54	#
534	1053.16	21	42	#
535	8524.96	6	14	22	36	45	50	56	57	62	#
536	1557.94	4	37	#
537	1320.09	7	45	#
538	1764.95	3	4	58	#
539	1674.42	14	46	#
540	3436.63	9	18	25	46	53	#
541	2933.97	21	25	30	#
542	1510.98	49	54	#
543	1730.19	35	39	#
544	2482.45	10	37	54	#
545	1182.01	36	47	#
546	2092.28	13	21	35	#
547	1147.16	10	36	#
548	4697.33	8	21	33	38	58	#
549	3120.67	24	32	57	60	#
550	1465.38	23	25	#
551	1987.41	44	53	#
552	2259.47	1	31	47	#
553	2338.13	9	11	27	32	#
554	2013.27	16	24	46	#
555	1309.49	42	57	#
556	1504.56	2	15	28	#
557	1281.54	16	41	#
558	2403.2	22	45	46	52	#
559	4391	17	24	33	34	39	52	#
560	1437.14	2	39	#
561	1157.86	1	36	53	#
562	4100.48	0	5	43	50	59	#
563	1732.34	3	59	#
564	3397.6	25	48	52	57	59	63	#
565	1645.11	10	15	39	42	#
566	4770.63	0	1	5	15	33	36	46	#
567	1942.08	47	51	63	#
568	1964.55	4	6	#
569	3745.44	15	23	47	60	#
570	2616.93	1	2	62	#
571	1533.94	5	14	28	30	33	34	45	#
572	1402.95	14	38	#
573	1528.85	31	38	#
574	1409.98	10	15	37	58	#
575	3013.4	4	7	9	23	27	50	53	59	#
576	1672.89	23	58	#
577	1137.46	35	44	#
578	1531.46	17	22	50	#
579	2643.75	5	15	28	32	45	46	60	#
580	5044.39	2	4	8	9	29	34	50	#
581	1633.55	27	35	54	#
582	1440.51	38	40	#
583	1272.81	6	12	#
584	5277.41	5	7	18	21	27	42	44	#
585	3592.63	7	17	39	54	63	#
586	1189.87	14	39	56	59	#
587	1509.41	24	25	41	#
588	4536.89	12	31	33	54	61	#
589	1456.53	2	28	44	#
590	2312.53	17	18	20	26	30	44	52	#
591	3356.87	0	30	38	40	58	#
592	2015.29	10	15	60	#
593	2234.04	36	47	58	#
594	2506.59	4	25	53	62	#
595	3746.47	12	20	37	38	60	61	#
596	1598.59	2	19	#
597	3351.17	0	1	36	44	#
598	2095.41	1	35	61	#
599	6487.64	6	13	23	26	32	35	43	48	#
600	1846.9	8	22	#
601	1378.46	17	58	#
602	1103.85	20	58	#
603	906.443	18	19	#
604	2571.65	32	34	49	58	#
605	2863.45	19	39	41	50	#
606	1075.37	20	59	#
607	1369.62	9	14	#
608	1678.93	41	56	#
609	1527.76	11	33	37	#
610	1138.04	0	39	#
611	1152.67	10	45	#
612	1959.56	31	32	46	51	52	58	#
613	2102.56	16	30	49	#
614	1091.15	13	29	34	#
615	3351.15	3	36	43	53	#
616	4441.28	7	10	29	36	39	51	#
617	2329.75	6	38	40	#
618	1334.24	21	25	#
619	1836.82	0	22	60	#
620	2986.95	0	38	43	47	51	#
621	4153.56	6	14	16	18	25	32	61	62	63	#
622	2913.6	28	31	34	39	#
623	1484.29	24	40	#
624	4454.53	25	36	42	46	62	#
625	2790.7	4	21	24	61	#
626	1600.42	15	25	44	#
627	1274.49	23	54	#
628	5085.62	2	4	19	35	36	55	#
629	2802.17	2	21	37	#
630	7858.33	11	32	42	44	57	61	62	63	#
631	1978.15	28	63	#
632	1013.95	29	47	#
633	1482.8	4	10	38	#
634	1920.41	26	28	38	#
635	1240.89	9	32	#
636	1315.75	0	46	#
637	1285.89	0	32	49	#
638	1645.54	4	16	#
639	1407.02	0	14	44	#
640	1599.73	46	62	#
641	1507.54	13	34	43	#
642	1553.58	3	16	52	#
643	1877.24	8	16	50	51	54	#
644	3601.31	3	4	26	49	#
645	1907.4	23	63	#
646	4589.61	10	32	33	35	56	59	#
647	1955.42	27	62	#
648	1184.62	27	47	#
649	1804.41	56	62	#
650	1978.04	24	46	59	#
651	2212.59	0	20	55	#
652	2075.74	17	27	48	#
653	3225.59	2	13	17	22	33	47	#
654	2317.62	23	31	33	38	51	#
655	1374.95	3	41	#
656	1556.08	35	44	56	#
657	4933.29	2	13	36	44	47	63	#
658	1440.17	32	54	#
659	2055.36	3	26	31	50	#
660	1584.13	12	42	#
661	1917.85	21	46	#
662	2328.5	11	47	58	62	#
663	2235.5	1	48	52	#
664	3274.15	12	48	53	57	#
665	1552.48	38	44	#
666	1168.2	1	6	52	#
667	1969.65	13	14	32	38	#
668	2638.51	27	40	47	#
669	1256.67	25	39	#
670	2747.49	23	33	39	59	62	#
671	1563.86	9	49	#
672	2414.14	3	17	34	43	49	#
673	1593.6	6	22	31	#
674	1780.34	8	47	#
675	2477.08	4	29	63	#
676	2573.45	24	34	36	44	58	#
677	1234.45	39	47	#
678	6814.39	0	3	17	24	32	45	60	#
679	4780.83	13	14	16	25	34	#
680	1441	30	41	#
681	1379.49	35	57	#
682	2585.76	19	22	28	#
683	1534.12	6	12	18	49	#
684	1003.59	12	53	60	#
685	2279.85	6	28	42	61	#
686	2472.31	20	34	54	#
687	1665.5	18	51	#
688	1769.03	7	10	50	57	#
689	1977.36	29	38	62	#
690	3688.2	4	5	8	43	58	#
691	1592.56	44	62	#
692	2117.28	29	52	57	#
693	2635.78	1	37	50	#
694	2054.31	19	38	47	59	#
695	1241.13	39	63	#
696	1346.68	13	58	#
697	1978.14	20	46	#
698	2080.07	3	15	47	48	#
699	5461.88	2	9	38	47	51	60	#
700	4621.49	0	2	20	47	54	57	62	#
701	4922.17	1	4	10	16	38	53	55	#
702	1849.26	8	60	#
703	1912.07	13	16	#
704	2182.61	29	57	58	#
705	1120.24	7	34	#
706	1039.03	27	44	#
707	2313.73	42	50	54	59	#
708	1354.2	7	24	#
709	4359.04	21	45	47	49	54	#
710	1157.11	0	12	14	16	#
711	1118.5	18	23	39	#
712	3832.91	8	38	39	59	#
713	2067.52	25	35	63	#
714	982.942	12	28	#
715	1221.22	8	20	#
716	1486.17	52	63	#
717	1814.64	2	5	#
718	1473.26	42	49	63	#
719	983.765	0	56	58	#
720	2600.04	4	12	19	24	#
721	3610.4	17	38	50	52	56	57	#
722	1925.82	18	27	#
723	3722.28	3	22	31	51	#
724	1497.02	17	59	#
725	5285.63	16	19	27	41	42	57	60	#
726	1732.11	0	4	14	54	59	#
727	2559.04	32	48	53	#
728	1813.75	1	56	#
729	2724.15	5	12	25	62	#
730	2393.23	2	3	10	21	44	#
731	2003.64	1	14	38	40	55	56	#
732	3580.16	0	15	27	42	#
733	2160.56	33	36	41	52	#
734	1344.86	36	40	#
735	1011.81	7	8	#
736	1327.64	25	29	#
737	1207.76	6	31	34	#
738	1525.95	7	27	#
739	1903.25	8	33	45	47	#
740	1511.72	11	13	15	22	#
741	1322.37	28	61	#
742	2905.94	31	51	54	#
743	1915.62	2	5	47	#
744	1053.2	4	8	#
745	2767.4	12	14	23	47	#
746	1126.27	6	10	#
747	1370.06	11	27	38	#
748	2152.47	12	23	41	#
749	1554.98	4	27	#
750	1367.98	0	12	63	#
751	4249.41	4	5	38	52	59	#
752	2592.22	19	41	43	45	#
753	2474.31	25	32	46	49	#
754	1490.88	8	13	15	#
755	1489.66	3	63	#
756	1012.11	6	28	#
757	5569.79	15	18	32	39	50	58	#
758	1472.31	6	21	33	45	#
759	1976.28	48	60	#
760	1393.09	12	31	#
761	1278.51	17	55	#
762	2787.81	15	21	39	43	47	49	54	#
763	5096.52	0	22	29	33	40	43	56	#
764	2345.61	4	23	27	#
765	2223.24	36	48	51	#
766	4167.07	12	21	22	25	27	31	44	55	#
767	1093.7	20	40	57	#
768	2094.58	20	39	60	#
769	5841.71	20	23	24	37	60	62	#
770	2730.22	3	28	51	57	#
771	2623.02	2	28	54	#
772	1989.02	1	20	57	#
773	2297.53	9	33	42	44	#
774	1840.01	3	9	11	36	56	#
775	1291.55	10	59	#
776	1557.11	28	51	#
777	1322.75	23	46	#
778	3729.89	7	8	18	24	40	44	54	#
779	3796.33	0	8	26	37	63	#
780	2215.81	9	14	19	22	40	46	61	#
781	1308.28	22	28	55	#
782	1828.61	16	51	#
783	1417.45	35	60	#
784	1088.59	28	50	#
785	5789.67	4	6	7	20	43	55	#
786	1611.96	11	26	#
787	3398.28	10	46	58	61	#
788	3033.66	7	36	49	56	#
789	1353.76	45	63	#
790	3077.07	8	12	31	32	#
791	967.3	7	62	#
792	2595.29	1	19	47	59	#
793	1116.66	44	60	#
794	2767.16	3	33	56	58	63	#
795	2579.81	2	47	60	#
796	1297.39	19	27	#
797	1180.63	9	23	29	51	#
798	1868	0	36	50	#
799	2112.34	5	7	59	#
800	1839.65	15	30	#
801	1884.07	16	29	#
802	1383.26	24	34	#
803	1896.45	49	55	#
804	3190.26	1	17	20	25	27	28	32	40	45	52	#
805	2529.19	0	26	31	#
806	3091.98	0	4	16	29	46	55	#
807	1289.24	0	5	25	34	#
808	1014.73	45	50	#
809	1480.19	22	39	60	#
810	2815.65	21	32	60	#
811	2518.54	45	50	52	#
812	2567.69	11	19	55	#
813	3784.19	4	5	16	24	40	#
814	1592.32	15	34	#
815	2410.15	9	18	19	27	46	54	58	#
816	2688.44	10	16	25	30	31	57	#
817	2269.2	13	14	42	#
818	1809.02	16	17	#
819	1224.97	6	61	#
820	2397.85	14	22	27	31	#
821	2841.22	16	47	52	#
822	1888.08	30	36	46	47	#
823	1437.63	2	49	#
824	1004.11	40	44	#
825	2853.68	14	29	37	44	#
826	1549.04	25	32	#
827	992.952	28	40	53	#
828	2772.94	8	25	38	41	63	#
829	1017.87	14	45	#
830	2838.3	10	33	35	#
831	1239.23	31	37	43	#
832	1144.38	22	61	#
833	1405.75	0	59	#
834	1478.4	26	44	#
835	1007.72	12	43	55	#
836	1422.52	1	18	#
837	4524.72	14	25	41	56	58	#
838	2263.45	36	56	62	#
839	1746.04	24	37	47	#
840	1613.49	13	59	#
841	1108.76	33	37	50	61	#
842	1885.99	11	59	#
843	1145.13	24	26	57	#
844	1856.2	10	61	#
845	1425.4	0	4	38	#
846	1091.55	0	41	#
847	5583.88	8	12	36	42	46	49	51	59	#
848	2087.12	9	43	44	62	#
849	5941.04	2	9	12	14	32	39	60	63	#
850	1084.67	2	46	#
851	1311.71	3	43	57	#
852	6735.03	5	17	37	46	50	54	56	#
853	1754.85	46	53	#
854	1369.08	1	14	28	62	#
855	1456.56	32	36	#
856	1023.24	12	44	#
857	2538.67	20	34	43	#
858	2822.64	21	27	36	37	#
859	1965.32	42	47	#
860	1967.2	13	35	#
861	2161.74	3	28	48	#
862	1911.06	5	43	#
863	1245.58	19	22	#
864	2862.25	12	28	60	#
865	1043.09	7	12	39	58	59	60	#
866	1311.7	17	25	#
867	1125.43	17	22	#
868	1150.08	19	63	#
869	4899.05	27	28	31	33	50	#
870	1443.81	4	33	#
871	2665.37	18	52	57	#
872	1515.24	50	60	#
873	1797.18	12	26	#
874	2575.15	6	18	31	46	54	#
875	1081.26	11	15	#
876	2981.31	53	55	60	61	#
877	2757.83	3	4	8	31	37	47	50	62	#
878	5769.27	5	6	27	29	37	54	61	#
879	5951.89	3	8	11	16	19	24	35	40	42	61	#
880	2054.91	2	33	58	#
881	1555.32	35	43	#
882	2638.99	24	52	55	#
883	1252.7	22	56	#
884	2556.02	20	24	28	49	#
885	2822.33	1	44	63	#
886	2401.03	34	38	41	#
887	1352.81	26	45	56	#
888	1344.11	3	6	#
889	3781.83	0	18	21	27	#
890	1013.63	12	16	34	#
891	1995.79	25	28	40	#
892	1149.51	14	54	#
893	2581.32	12	42	58	#
894	1552.12	26	34	#
895	1815.8	27	40	#
896	1169.99	8	31	#
897	3428.55	2	8	10	43	#
898	1162.72	13	34	42	#
899	3615.16	9	24	29	53	#
900	2878.8	7	9	10	56	#
901	3346.95	12	50	61	62	#
902	1337.22	8	34	#
903	1496.76	1	11	#
904	1530.08	30	45	56	#
905	2812.46	52	53	60	#
906	1832.86	17	26	58	#
907	1377.99	37	43	45	50	#
908	5739.29	3	25	41	51	57	58	#
909	1659.01	21	31	#
910	5575.74	1	4	20	34	39	51	55	#
911	2535.87	15	53	62	#
912	1997.09	11	45	#
913	1463.91	35	52	#
914	1303.93	55	60	#
915	2468.48	3	5	34	48	#
916	3421.75	2	31	34	53	#
917	1550.11	30	60	#
918	2342.37	9	12	18	31	#
919	1141.97	22	44	#
920	1620.24	25	62	#
921	2347.93	13	18	38	39	59	#
922	2145.23	8	11	13	25	27	31	#
923	2075.61	4	7	12	#
924	1061.08	23	51	#
925	4249.09	14	26	33	35	42	46	53	#
926	1938.39	23	47	59	#
927	1057.28	28	34	55	#
928	1400.7	16	40	45	50	58	63	#
929	1317.97	21	23	#
930	2858.38	1	12	60	#
931	4880.84	3	20	31	44	62	#
932	1287.51	21	27	#
933	2384.78	0	10	12	50	#
934	2551.48	5	35	57	#
935	1169.51	34	60	#
936	1309.35	16	48	62	#
937	2781.33	19	43	48	61	#
938	8379.44	0	1	4	6	11	27	32	47	57	59	#
939	2397.66	5	35	37	#
940	1676.64	33	44	#
941	2748.27	4	25	52	#
942	1111.18	37	41	#
943	1399.34	28	47	#
944	2012.7	10	15	35	#
945	1424.43	20	45	#
946	1652.99	19	40	#
947	2608.88	20	22	50	58	59	#
948	1795.4	3	27	33	53	#
949	4777.18	7	17	32	52	53	#
950	2488.22	1	4	39	#
951	1828.05	27	34	#
952	5874.65	9	25	27	32	34	50	#
953	1000.55	6	55	#
954	1789.89	10	51	#
955	4387.51	2	21	22	42	58	#
956	4719.52	6	18	19	21	40	#
957	2195.88	8	28	37	39	46	#
958	2734.58	1	9	12	46	56	#
959	1831.11	12	44	46	49	#
960	3332.48	35	37	44	50	#
961	3607.86	12	13	28	31	#
962	1431.89	24	32	#
963	1631.87	16	19	42	53	#
964	3967.65	15	24	25	62	#
965	2770.81	8	12	20	35	#
966	1846.33	16	33	46	53	#
967	1780.4	12	17	28	#
968	4355.73	6	16	36	47	58	61	#
969	3057.39	1	16	58	61	#
970	3904.38	7	18	23	34	37	43	44	46	#
971	1286.99	43	57	#
972	2065.95	9	24	39	47	#
973	1306.89	20	63	#
974	1878.64	28	32	#
975	2176.93	15	37	49	55	57	#
976	3248.04	0	11	18	49	56	#
977	1821.22	5	10	36	57	63	#
978	1937.67	14	21	47	#
979	2133.02	0	8	17	19	23	27	35	52	61	#
980	2541.43	4	38	43	59	#
981	2203.4	10	52	53	#
982	2041.44	20	31	58	#
983	1431.14	14	60	#
984	1542.97	38	39	#
985	3589.69	6	34	38	40	#
986	2245.51	8	43	47	56	60	#
987	1502.76	21	44	#
988	3881.82	8	16	37	56	#
989	3551.94	4	35	43	48	#
990	1055.89	1	32	#
991	1810	8	16	23	#
992	2217.38	26	38	55	#
993	3457.83	10	16	24	50	59	#
994	2425.77	27	34	47	63	#
995	1061.71	20	40	#
996	3255.55	8	41	46	60	#
997	1336.68	15	36	#
998	1064.34	14	20	61	#
999	1974.75	50	59	#
