%% File generated by CATS v.2.1Wed Jun 22 10:37:31 2022

%% The CATS webpage is http://robotics.stanford.edu/CATS

%% PARAMETER SETTINGS:
% Goods: 64; Bids: 1000; Distribution: L4; Runs: 1; Seed: 1656572510
% Legacy distribution parameters:
% Number of goods chosen according to Decay distribution (alpha = 0.55).
% Price chosen according to Linear Random distribution (low_linearly = 1, high_linearly = 1000).


goods 64
bids 1000
dummy 0

0	998.205	48	#
1	988.478	27	#
2	945.279	21	#
3	925.303	0	#
4	998.986	39	#
5	934.982	4	#
6	1162.15	32	41	#
7	1889.09	30	42	#
8	4322.15	5	10	13	25	38	43	#
9	878.693	29	#
10	992.681	61	#
11	973.213	45	#
12	1693.57	15	20	#
13	973.508	52	#
14	887.391	22	#
15	11746.1	1	17	18	20	21	23	33	35	36	54	60	61	#
16	2976.11	0	10	23	54	#
17	850.96	15	#
18	947.117	16	#
19	972.409	7	#
20	953.329	43	#
21	955.755	10	#
22	1892.33	23	59	#
23	983.51	19	#
24	998.981	30	#
25	997.32	53	#
26	860.598	25	#
27	973.854	54	#
28	1572.77	31	41	#
29	931.203	60	#
30	3859.91	17	20	21	25	44	57	#
31	996.897	42	#
32	1895.1	8	44	58	#
33	986.486	38	#
34	932.945	18	#
35	986.352	9	#
36	915.093	23	#
37	2234.83	7	8	13	44	#
38	996.13	8	#
39	972.12	34	#
40	1768.79	0	2	51	58	#
41	920.253	46	#
42	1020.02	29	35	#
43	2083.37	3	6	29	#
44	1381.7	11	18	#
45	2203.81	0	2	7	51	#
46	993.977	63	#
47	1623.41	26	34	#
48	990.099	57	#
49	1740.64	42	44	#
50	930.845	1	#
51	2312.35	23	30	37	#
52	998.425	6	#
53	1377.06	17	23	46	50	#
54	984.981	62	#
55	2724.14	19	38	60	#
56	2599.66	8	22	31	38	55	61	#
57	4592.56	3	18	28	31	53	#
58	2528.46	24	35	53	#
59	2030.05	25	47	62	#
60	1001.67	32	44	#
61	957.351	37	#
62	951.647	58	#
63	1605.35	11	32	#
64	988.419	20	#
65	1574.65	2	36	#
66	961.731	28	#
67	988.979	14	#
68	1870.32	8	38	#
69	1636.85	11	14	#
70	2908.25	7	21	22	55	#
71	1996.45	38	48	#
72	2170	3	19	35	#
73	3860.25	4	12	22	30	59	#
74	972.036	3	#
75	975.576	31	#
76	932.886	36	#
77	1561.35	18	19	54	#
78	1720.96	20	42	#
79	1140.89	1	55	#
80	3639.27	1	12	13	16	48	59	#
81	1661.77	50	53	#
82	1403.02	5	37	#
83	857.158	35	#
84	1868.67	42	52	#
85	1889.58	25	27	#
86	6408.95	3	18	22	23	31	34	42	#
87	1409.39	3	4	39	#
88	995.51	24	#
89	943.345	11	#
90	2778.73	41	47	49	#
91	2716.4	0	29	43	#
92	1045.9	36	52	#
93	3693.87	5	6	43	51	#
94	3569.35	21	41	48	63	#
95	1875.05	17	38	#
96	3094.46	7	13	29	32	#
97	2306.7	11	25	63	#
98	966.211	55	#
99	4463.69	17	21	25	55	56	#
100	942.87	50	#
101	1796.03	7	43	#
102	3741.51	24	28	39	50	#
103	1383.54	28	47	#
104	2338.15	35	58	61	62	#
105	1539.37	19	62	#
106	1986.88	12	36	#
107	3052.66	2	12	13	63	#
108	2694.82	9	29	32	43	52	#
109	1032.52	3	29	#
110	926.832	40	#
111	952.066	12	#
112	1298.66	28	61	#
113	969.267	51	#
114	995.191	41	#
115	982.614	32	#
116	1166.24	6	12	#
117	3738.16	4	13	16	41	#
118	1601.05	3	26	#
119	1193.31	49	61	#
120	1120.49	35	42	#
121	2201.81	3	13	43	49	58	#
122	2756.48	21	28	39	#
123	989.292	13	#
124	1994.12	15	37	#
125	974.502	33	#
126	1912.56	20	43	#
127	1188.77	4	25	38	#
128	985.345	49	#
129	1947.71	10	28	#
130	1621.28	8	22	#
131	1654.42	26	48	#
132	1273.43	11	50	#
133	2203.16	16	23	50	#
134	3802.03	6	22	30	44	58	#
135	1466.45	12	32	#
136	981.918	26	#
137	1815.53	19	48	#
138	4471.08	1	8	29	43	53	#
139	979.611	47	#
140	988.524	17	#
141	2706.6	20	34	54	#
142	1450.61	8	28	#
143	3678.87	12	22	34	44	#
144	4630.6	2	21	46	47	58	#
145	2688.9	5	13	43	47	61	#
146	1257.78	25	34	#
147	3851.95	4	10	13	45	#
148	1917.69	4	51	53	#
149	1814.55	17	25	#
150	2129.63	29	45	55	#
151	3400.98	2	4	5	14	51	#
152	2305.65	18	21	51	#
153	991.94	59	#
154	2209.57	17	19	21	22	35	#
155	2810.8	28	38	50	#
156	1552.61	4	36	59	#
157	1735.68	15	52	55	#
158	986.202	56	#
159	3234.52	14	25	35	50	58	#
160	950.479	5	#
161	3504.9	2	29	32	53	#
162	1644.44	27	48	63	#
163	2005.64	14	39	59	#
164	2025.88	23	43	45	61	#
165	2877.49	10	12	13	21	62	#
166	1783.7	0	28	45	#
167	1834.22	13	34	#
168	1641.93	41	57	#
169	1422.83	25	46	#
170	2968.62	20	30	33	#
171	1441.98	18	40	#
172	3655.86	19	28	36	37	40	#
173	2613.83	6	7	30	37	#
174	1927.28	46	51	#
175	3778.08	8	42	44	58	#
176	6875.36	3	5	12	15	33	44	61	#
177	1282.47	0	58	#
178	1683.29	14	62	#
179	2953.66	24	47	59	#
180	2211.12	0	13	18	35	38	47	49	59	#
181	1847.24	10	46	62	#
182	3505.34	20	26	32	34	48	53	57	58	60	#
183	1875.5	1	32	63	#
184	1960.69	14	41	#
185	3954.48	6	18	45	56	#
186	4729.97	1	3	7	19	51	#
187	3112.5	4	8	29	41	#
188	1981.64	37	56	#
189	1366.56	17	60	#
190	975.059	2	#
191	1450.14	18	26	#
192	4177.85	4	13	26	32	53	61	#
193	2951.57	0	6	15	#
194	1421.75	32	55	#
195	1247.82	28	32	39	#
196	2901.78	20	24	28	#
197	1983.51	52	53	#
198	1210.65	25	55	#
199	1822.61	40	59	#
200	2951.3	24	33	50	#
201	3355.89	10	25	60	62	#
202	1588.39	18	32	#
203	989.592	44	#
204	1108.48	14	42	#
205	1873.69	36	48	#
206	1797.57	37	54	#
207	2371.64	11	25	33	35	48	56	60	#
208	2974.62	20	23	28	59	#
209	2727.76	4	34	49	#
210	1847.48	27	29	39	#
211	2423.36	4	14	54	62	#
212	3650.04	2	15	17	25	49	#
213	1580.68	47	56	61	#
214	1726.97	0	9	40	52	60	#
215	1941.6	1	11	45	#
216	2366.57	15	41	49	#
217	1365.23	28	51	#
218	1952.15	4	7	#
219	1879.52	27	39	47	#
220	3195.43	11	27	33	44	#
221	1784.44	13	33	58	#
222	3612.07	6	18	19	62	#
223	4283.19	6	7	12	23	24	25	29	46	53	55	#
224	1675.02	27	57	#
225	3370.02	6	19	36	47	62	#
226	4826.5	2	3	6	8	34	38	62	#
227	1548.54	35	55	#
228	1270.56	7	11	#
229	1394.13	12	26	#
230	1261.08	48	58	#
231	1577.17	15	40	#
232	1122.34	42	43	#
233	1314.62	0	25	#
234	1198.34	20	24	29	#
235	1089.05	18	60	#
236	3918.83	32	38	39	40	#
237	1158.26	4	10	#
238	5373.33	5	12	16	20	24	49	53	58	59	#
239	3130.34	12	37	54	58	#
240	5455.14	18	19	38	45	49	57	63	#
241	1306.71	16	50	#
242	1373.52	27	34	46	#
243	1836.87	21	25	#
244	2694.84	0	4	11	#
245	2268.25	12	30	33	42	48	57	#
246	3100.6	0	20	23	37	43	#
247	1635.37	43	47	#
248	5260.79	11	19	20	23	36	38	45	52	#
249	1630.53	26	60	#
250	1799.59	28	40	#
251	1282.93	11	21	#
252	2853.5	1	46	49	#
253	3100.91	27	36	45	63	#
254	1894.92	2	4	8	#
255	1671.02	41	47	#
256	3078.64	11	20	40	59	#
257	1731.1	29	45	#
258	2640.07	10	16	23	#
259	1379.89	37	38	#
260	2658.32	5	14	33	38	46	61	#
261	4325.03	4	13	17	29	38	39	#
262	4442.98	14	21	34	50	61	#
263	2211	12	22	35	#
264	1430.18	28	34	#
265	1248.68	41	50	#
266	2541.82	31	39	58	#
267	4434.69	12	22	42	43	63	#
268	1951.87	13	30	#
269	2396.18	9	37	59	#
270	2505.32	22	28	61	#
271	1741.03	33	50	#
272	1429.78	40	46	56	#
273	1966.05	10	32	42	58	#
274	2469.11	29	40	43	48	57	#
275	1478.74	27	62	#
276	2643.02	21	40	45	#
277	2540.95	24	40	52	#
278	3186.75	12	23	37	62	#
279	1632.18	6	54	#
280	4125.01	12	41	43	45	61	#
281	3912.17	3	35	39	49	53	#
282	1729.68	21	55	60	#
283	1762.05	4	5	20	55	63	#
284	5058.17	9	15	20	34	42	61	#
285	3647.71	8	24	41	43	#
286	1232.23	22	62	#
287	1614.94	18	52	#
288	3253.92	26	30	41	56	60	#
289	2050.58	0	14	35	#
290	2907.67	11	43	47	#
291	2643.65	10	20	28	#
292	3064.05	26	28	29	59	#
293	1974.18	26	52	#
294	7847.32	1	2	8	11	12	22	25	26	28	30	34	35	38	46	47	50	57	#
295	1608.82	7	29	#
296	2805.45	0	30	32	37	#
297	1097.13	40	51	#
298	2900.3	15	22	48	57	#
299	3240.86	10	35	49	55	#
300	4029.64	25	27	31	50	52	#
301	1034.41	44	62	#
302	1772.15	35	56	#
303	1738.9	29	44	#
304	5596.78	13	19	20	34	36	48	51	63	#
305	1842.27	22	39	#
306	2469.89	21	42	48	53	63	#
307	2206.28	7	34	41	61	#
308	3438.5	7	29	43	62	#
309	1366.95	3	60	#
310	3057.8	1	5	15	49	#
311	1860.22	23	47	#
312	4777.12	4	6	14	21	49	55	60	#
313	1651.67	6	50	58	#
314	1468.98	28	29	#
315	1808.71	11	29	#
316	1547.38	31	36	#
317	2804	6	34	60	#
318	1336.31	13	14	#
319	1372.32	28	46	60	#
320	2214.69	24	35	55	56	#
321	2890.69	42	55	62	#
322	1820.55	12	15	16	#
323	1541.51	10	20	32	48	#
324	6574.06	5	29	37	39	45	55	59	62	#
325	1556.23	4	28	#
326	1684.91	10	37	#
327	1575.26	13	15	#
328	1814.32	22	50	#
329	2118.13	5	39	45	#
330	2356.29	16	29	35	36	53	55	#
331	1854.21	44	60	#
332	1571.75	17	29	48	#
333	1615.75	10	31	#
334	1708.37	7	16	44	#
335	3362.69	6	14	15	60	#
336	2622.68	16	47	52	#
337	3638.02	21	26	43	48	58	#
338	2488.38	16	22	34	47	#
339	3133.08	2	12	19	63	#
340	1798.81	26	57	#
341	1970.02	3	25	34	#
342	1292.74	6	22	#
343	2597.61	2	9	20	#
344	2692.49	1	32	58	#
345	2451.92	0	33	36	#
346	1789.7	8	34	#
347	4870.47	2	3	19	20	27	62	#
348	1541.22	44	58	#
349	3661.67	3	24	41	54	57	#
350	1317.89	13	51	#
351	1139.91	48	56	#
352	2628.13	1	3	38	#
353	1152.14	18	31	#
354	1898.08	16	62	#
355	2707.6	4	14	16	30	#
356	2158.31	15	28	39	#
357	1536.52	3	51	#
358	3728.52	2	15	29	38	40	47	49	50	#
359	1713.18	14	16	59	#
360	3354.28	6	12	35	46	#
361	1349.49	2	42	#
362	4048.89	13	35	46	52	55	59	#
363	1020.62	32	38	59	#
364	2345.96	36	37	47	#
365	2452.08	9	28	61	#
366	1878.22	19	27	#
367	5894.37	11	15	17	27	32	53	#
368	6338.5	2	8	17	23	26	32	35	45	47	51	#
369	1056	40	48	#
370	1089.98	9	50	#
371	3178.1	19	23	50	55	#
372	1898.95	9	37	#
373	4894.98	4	9	12	44	53	#
374	1758.48	33	47	56	#
375	1756.6	9	51	55	#
376	1137.26	5	16	#
377	2475.59	19	35	50	#
378	3210.54	2	9	22	40	50	#
379	5151.81	0	30	36	38	39	60	#
380	1196.07	9	43	#
381	1855.79	0	38	#
382	2626.03	7	28	34	#
383	1355.52	15	49	#
384	4271.96	15	18	32	37	56	#
385	1115.17	14	24	46	#
386	1163.8	11	57	#
387	2316.77	6	10	62	#
388	2535.69	12	30	53	54	#
389	1254.17	42	46	53	#
390	2665.71	11	19	34	36	47	#
391	1038.16	11	24	#
392	1697.62	31	53	#
393	3245.2	24	38	57	59	#
394	1903.57	39	63	#
395	3666.84	9	14	16	19	52	#
396	1150.68	11	53	#
397	3299.1	11	13	28	31	#
398	2392.51	13	23	57	#
399	1581.9	38	42	#
400	1399.57	43	48	#
401	1867.04	27	32	#
402	4796.61	7	9	10	15	23	28	60	62	#
403	1565.34	53	62	#
404	4490.79	2	8	28	31	37	#
405	1939.67	15	60	#
406	4946.7	5	14	48	53	57	#
407	1381.47	45	58	#
408	2005.51	14	36	44	49	63	#
409	3216.83	10	16	30	37	47	51	62	#
410	1212.34	5	23	#
411	3211.42	19	26	38	40	#
412	1618.26	29	42	#
413	1151.45	42	47	#
414	3648.42	3	16	19	26	33	43	52	#
415	1795.94	25	56	#
416	1886.63	25	44	#
417	1648.61	11	20	28	#
418	1693.83	20	53	#
419	1940.87	12	46	49	#
420	2504.69	5	8	9	47	#
421	2830.8	21	25	43	44	#
422	1948.09	4	47	#
423	1124.52	15	45	#
424	1490.78	42	60	#
425	1574.76	36	38	#
426	2076.84	46	47	48	50	#
427	2246.42	9	35	54	#
428	3069.47	2	24	30	59	#
429	1479.16	37	40	#
430	3145.12	14	21	39	43	50	#
431	1139.19	14	17	23	#
432	1922.08	16	43	55	#
433	1660	16	33	36	#
434	4825.31	0	9	19	21	28	32	#
435	1097.77	37	49	#
436	1583.64	2	61	#
437	1491.06	28	32	53	#
438	1935.75	17	27	#
439	4564.3	29	33	44	57	60	#
440	1405.4	2	6	13	62	#
441	1628.56	6	16	20	#
442	1279.97	8	63	#
443	1917.4	18	57	#
444	3457.21	10	24	37	57	#
445	1286.76	53	58	#
446	1352.33	12	56	#
447	1574.52	34	38	#
448	1080.3	12	24	#
449	1269.77	3	25	29	#
450	1453.64	1	43	#
451	1789.17	11	23	55	#
452	3700.89	16	22	23	33	#
453	1534.15	3	61	#
454	1571.1	2	38	#
455	2280.62	33	36	41	50	#
456	1308.45	17	32	#
457	1508.72	8	27	39	53	#
458	2767.73	33	43	46	#
459	1527.93	34	60	#
460	3573.31	1	22	30	61	#
461	1330.74	35	45	50	#
462	4124.63	14	16	20	32	55	#
463	2163.52	16	18	48	58	#
464	4571.19	15	25	27	30	42	47	48	56	#
465	2241.6	16	19	36	46	#
466	2580.8	18	44	60	#
467	1190.5	31	33	#
468	1349.03	40	45	#
469	4292.23	5	7	22	31	48	63	#
470	1576.25	27	58	#
471	1790.96	34	48	54	#
472	2848.53	12	41	58	#
473	1655.62	28	43	#
474	6328.15	0	13	27	34	51	56	61	#
475	4477.83	10	19	42	52	57	#
476	1721.58	39	45	57	#
477	2411.09	20	33	44	#
478	2686.08	13	26	54	58	60	#
479	3029.07	32	55	56	62	#
480	2441.27	9	10	44	49	#
481	1888.55	15	58	#
482	1861.94	11	25	28	#
483	1285.15	25	30	#
484	1853.84	0	27	35	36	56	#
485	2869.98	0	16	20	63	#
486	1906.94	4	12	38	42	#
487	2504.79	1	2	28	30	#
488	4287.28	3	19	21	29	30	31	60	63	#
489	1774.28	15	18	#
490	1905.21	30	55	#
491	1130.82	0	27	#
492	3181.47	22	42	48	51	55	#
493	1154.78	35	51	#
494	2712.53	35	37	43	47	58	#
495	1108.51	1	12	#
496	4818.57	10	19	31	45	47	57	#
497	1956.15	24	41	50	#
498	1268.54	0	26	#
499	2727.37	11	47	49	#
500	6329.17	0	10	13	14	20	40	57	#
501	2324.68	9	36	40	41	#
502	2732.7	31	33	62	#
503	1976.9	21	49	#
504	1488.55	5	43	#
505	1663.74	7	12	18	#
506	1052.21	4	43	#
507	1101.89	5	31	45	54	#
508	1813.48	2	12	#
509	2990.32	24	60	63	#
510	2187.74	12	21	36	#
511	1695.83	32	46	#
512	2523.86	49	56	61	#
513	1591.97	0	48	#
514	2311.34	1	6	9	17	31	52	56	#
515	1841.07	23	29	51	#
516	2927.69	3	5	9	16	19	20	26	41	42	49	62	63	#
517	1349.58	48	53	#
518	1749.45	40	61	#
519	2694.34	9	15	21	#
520	6432.16	8	11	16	21	31	32	54	#
521	5609.47	17	20	50	53	59	61	#
522	6336.28	14	30	32	38	39	40	52	53	59	60	#
523	4234.57	5	12	13	16	18	23	44	46	50	#
524	1994.47	17	39	#
525	1911.85	13	29	62	#
526	1124.72	2	20	#
527	1918.87	11	49	#
528	3124.06	9	47	48	55	#
529	1722.38	24	41	#
530	1559.51	2	9	39	#
531	2720.32	13	16	35	41	#
532	1374.16	54	55	#
533	1348.77	15	29	#
534	1056.11	29	31	51	#
535	1971.51	42	48	#
536	2169.72	8	23	41	#
537	2868.8	52	57	60	#
538	1398.93	23	55	#
539	9756.56	0	2	3	4	12	21	42	44	49	53	56	#
540	1800.17	1	29	#
541	4106.58	6	11	14	16	35	#
542	1430.84	11	47	53	#
543	1983.99	8	47	#
544	1768.44	10	30	33	53	#
545	3498.57	2	5	11	12	17	54	59	#
546	1916.74	15	28	#
547	1815.52	11	55	58	62	#
548	1065	9	54	#
549	1904.51	0	49	#
550	4103.04	4	24	31	32	33	36	48	58	61	#
551	1187.85	27	56	#
552	4144.74	10	14	29	51	58	#
553	2283.88	14	16	39	#
554	1477.61	35	58	#
555	2879.15	30	41	45	59	#
556	1711.84	27	29	52	#
557	3054.74	6	19	36	55	62	#
558	3703.68	0	1	35	47	50	#
559	3860.33	7	32	36	45	46	#
560	1760.11	2	5	#
561	2686.05	0	27	31	#
562	1224.41	17	40	#
563	1931.51	47	57	#
564	2870.4	6	12	26	58	#
565	1556.92	1	10	#
566	2065.7	6	35	37	55	#
567	1645.78	3	41	#
568	1654.12	43	57	#
569	2746.47	9	28	29	#
570	2876.84	13	24	29	#
571	1690.88	6	40	#
572	2923.63	3	12	32	61	#
573	1660.92	5	35	#
574	1523.3	50	54	#
575	1886.75	31	37	#
576	2016.87	1	16	35	46	#
577	2001.14	12	29	39	#
578	1754.03	22	29	63	#
579	2173.53	2	5	30	#
580	2827.8	3	27	36	#
581	1133.26	5	28	#
582	1205.01	0	57	#
583	1279.73	3	5	#
584	6977.78	24	28	30	36	44	45	59	#
585	1617.5	4	14	33	49	#
586	2253.4	16	37	53	#
587	1967.59	24	35	41	47	#
588	1209.28	41	43	#
589	3465.25	19	22	26	49	51	55	#
590	2504.87	6	20	31	41	61	#
591	2055.22	16	20	54	#
592	2250.39	6	52	59	#
593	1721.16	12	16	#
594	1687.38	27	38	42	#
595	981.439	16	47	#
596	1995.98	4	15	35	46	53	#
597	1444.31	13	31	#
598	2947.02	41	51	55	61	63	#
599	3272.33	2	23	32	50	51	#
600	3710.33	15	48	53	61	#
601	4393.64	3	4	16	48	51	57	58	#
602	4117.96	27	31	32	33	36	44	54	#
603	2220.68	8	9	11	20	46	#
604	1514.03	0	62	#
605	1670.54	34	58	#
606	2778.16	3	10	22	37	#
607	3471.07	8	38	47	61	62	#
608	4795.63	11	17	34	45	49	#
609	2390.5	19	24	38	54	#
610	1651.02	33	41	#
611	2551.21	2	17	22	#
612	1753.37	29	31	45	#
613	1805.14	3	23	49	61	#
614	5670.13	28	30	38	42	52	55	#
615	1170.63	13	55	#
616	1455.41	43	59	#
617	3348.19	4	56	59	61	#
618	1408.17	25	42	53	#
619	1076.34	27	50	63	#
620	1486.24	30	41	#
621	2175.31	30	41	47	#
622	3493.65	11	30	31	33	#
623	2290.25	4	7	11	#
624	1753.26	2	4	25	43	#
625	1759.09	13	27	52	60	#
626	2864.75	6	24	37	43	#
627	1437.5	5	17	22	41	#
628	3810.09	9	42	60	63	#
629	7074.72	1	6	13	18	28	43	51	61	#
630	2654.61	9	32	37	42	49	#
631	2692.45	10	46	51	55	#
632	2979.43	5	59	63	#
633	2020.35	2	19	22	#
634	1951.01	40	51	54	#
635	1163.01	6	31	#
636	1799.04	16	60	#
637	2641.95	2	32	33	44	#
638	1350.7	2	15	17	#
639	1401.21	10	13	59	#
640	1887.61	16	28	#
641	1210.07	23	35	#
642	2938.34	5	7	52	60	#
643	2786.41	20	46	57	#
644	1804.91	4	41	#
645	3309.78	6	16	35	39	#
646	2428.16	4	28	31	47	#
647	1377.19	25	37	#
648	3609.28	35	38	39	53	61	#
649	2880.32	20	38	49	#
650	1426.46	0	33	37	#
651	2108.18	4	34	54	#
652	1521.26	4	58	62	#
653	2305.52	19	24	44	#
654	1245.72	12	53	#
655	4436.51	12	21	25	36	38	61	#
656	4811.45	7	13	16	26	32	41	52	54	#
657	1269.2	19	44	#
658	5348	2	8	15	44	59	60	#
659	1633.19	36	51	#
660	3464.01	3	6	29	31	44	#
661	3216.91	10	14	16	28	50	53	58	#
662	2025.5	18	54	58	#
663	1369.96	29	40	#
664	1287.23	43	44	#
665	1989.15	19	28	30	58	#
666	2536.96	2	29	51	#
667	1768.19	24	59	#
668	2504.57	12	27	43	49	#
669	4928.08	11	13	15	23	42	54	#
670	1159.61	20	39	#
671	1893.42	2	28	#
672	3011.51	15	19	37	49	#
673	4265.78	3	19	31	35	40	41	58	#
674	2993.2	36	41	42	#
675	1047.67	24	32	#
676	1075.22	22	31	#
677	1301.72	16	20	52	#
678	2240.33	28	30	38	46	#
679	1482.32	13	32	#
680	1137.92	28	38	#
681	1745.1	5	8	15	23	#
682	2392.45	1	26	61	#
683	1946.04	5	34	#
684	1018.88	5	20	#
685	1912.23	8	13	15	#
686	5620.43	2	19	31	39	46	50	63	#
687	1243.58	38	44	#
688	2595.78	35	36	37	#
689	2748.94	6	33	51	#
690	2419.82	23	48	61	#
691	2727.43	55	59	62	#
692	3793.51	2	15	56	57	#
693	3096.34	1	8	44	63	#
694	2155.25	6	10	14	19	29	37	46	#
695	6492.04	1	11	13	14	25	33	35	38	46	#
696	1232.45	25	63	#
697	1534.07	0	40	#
698	2146.94	36	38	61	#
699	4865.94	24	40	46	49	54	#
700	1086.35	27	28	#
701	1113.62	6	13	19	52	#
702	1777.59	4	23	#
703	2764.97	17	21	31	39	43	#
704	1949.62	7	44	46	#
705	1865.25	30	37	48	#
706	1723.06	17	40	56	57	#
707	1498.82	10	34	#
708	1536.56	38	43	#
709	1456.47	19	58	#
710	2220.83	16	21	35	59	#
711	2154.25	1	17	26	49	#
712	4608.5	3	26	35	42	45	#
713	3747.7	2	9	11	12	47	55	#
714	2523.42	1	3	15	#
715	1376.09	16	26	#
716	1309.78	30	43	#
717	1917.63	19	23	#
718	1595.37	14	29	#
719	5018.25	1	5	12	26	35	52	#
720	1103.84	15	59	#
721	1452.41	21	41	#
722	2615.59	3	28	41	#
723	1228.08	27	30	56	#
724	2215.39	1	35	42	#
725	3831.94	8	39	44	58	#
726	1635.3	8	59	61	62	#
727	2969.24	11	48	50	#
728	2500.69	2	10	37	53	#
729	1465.27	19	47	#
730	2856.29	19	50	53	#
731	3484.4	14	31	42	50	51	59	#
732	2289.17	18	31	33	#
733	2604.33	26	47	63	#
734	1728.55	34	51	#
735	2828.58	18	27	43	47	51	54	#
736	2132.6	20	28	55	#
737	2570.23	5	6	8	9	36	40	#
738	1058.91	4	34	#
739	1514.9	9	15	23	27	#
740	1496.14	11	28	#
741	2893.93	25	39	44	56	#
742	1366.91	35	52	#
743	1630.94	7	32	#
744	2966.32	0	21	38	52	#
745	2780.4	15	17	55	#
746	1278.52	9	56	#
747	4717.77	10	38	51	52	58	#
748	3810.68	1	14	30	33	62	#
749	1434.18	13	37	#
750	3331.42	12	13	48	49	#
751	2592.85	28	35	63	#
752	1060.63	52	59	#
753	1989.82	45	55	#
754	1637.75	5	16	57	#
755	4084.35	0	3	49	59	63	#
756	2149.28	5	6	15	44	50	#
757	2397.48	4	24	39	#
758	1069.85	1	36	60	#
759	1037.71	7	37	#
760	2905.89	12	15	19	#
761	1323.63	14	15	#
762	9930.5	2	3	6	10	11	13	17	26	29	42	43	44	54	56	63	#
763	1142.37	19	56	#
764	1713.28	5	59	#
765	4076.4	2	3	20	39	40	43	51	59	#
766	2592.16	15	26	30	#
767	1989.91	9	31	45	#
768	1192.41	0	16	59	#
769	1790.47	51	60	#
770	3746.1	6	18	19	52	#
771	1640.83	16	38	51	#
772	2344.08	7	28	39	58	#
773	1476.05	27	51	#
774	1161.53	43	50	62	#
775	2206.85	0	42	58	60	#
776	2438.91	16	31	43	54	55	#
777	1877.04	29	33	#
778	5270.81	0	5	22	32	49	56	#
779	1969.95	35	44	59	#
780	2534.2	17	33	35	39	60	#
781	1661.4	16	58	#
782	2805.48	7	25	39	51	60	#
783	3422.4	2	3	40	45	#
784	1294.03	7	14	34	#
785	2357.55	2	40	54	#
786	1970.15	46	57	#
787	1077.7	9	17	34	41	53	#
788	1720.42	3	18	#
789	4478.37	7	32	43	52	54	#
790	2779.5	5	47	53	63	#
791	1957.03	1	12	48	54	#
792	1302.17	18	61	#
793	2239.22	18	52	61	#
794	2713.74	12	47	54	#
795	1921.37	10	32	33	#
796	2062	12	54	60	#
797	1147.87	17	19	#
798	1172.59	14	42	45	#
799	1103.26	15	33	#
800	2807	2	5	26	43	#
801	1064.48	2	33	35	#
802	1352.88	9	46	#
803	2708.32	9	16	36	55	60	#
804	1565.67	14	55	#
805	1104.82	36	41	#
806	3975.42	39	52	59	62	#
807	6028.59	2	28	31	42	44	55	57	62	#
808	4662.95	3	4	16	27	28	29	35	55	#
809	1708	48	51	#
810	1852.83	10	25	54	#
811	959.529	15	21	#
812	2654.8	19	46	54	#
813	1271.15	11	12	17	47	59	#
814	1717.88	13	29	#
815	1188.09	22	23	36	#
816	3425.73	22	24	52	58	#
817	1313.98	1	6	#
818	4069.49	10	11	14	17	18	51	63	#
819	1666.29	53	57	#
820	2214.18	0	7	55	#
821	1545.59	10	47	52	#
822	1028.25	4	17	#
823	2756.68	8	23	35	#
824	1996.8	8	17	#
825	1129.05	23	57	#
826	1149.48	17	18	#
827	4282.75	0	5	9	13	19	21	32	60	#
828	2445.26	6	7	9	62	#
829	2781.25	6	27	42	#
830	1453.28	15	25	26	63	#
831	1383.84	6	31	48	60	62	#
832	1387.67	8	42	#
833	2160.92	16	17	19	28	35	53	#
834	1597.48	14	30	#
835	1478.42	31	59	#
836	1748.82	6	12	18	20	#
837	2057.17	15	20	27	57	#
838	2602.76	8	21	62	#
839	1089.74	39	50	#
840	1724.44	5	13	23	48	#
841	1365.63	28	46	#
842	6598.21	0	15	19	39	45	46	55	#
843	3748.48	18	23	33	40	51	56	61	#
844	2983.44	5	21	24	30	43	52	#
845	2701.2	7	13	16	21	42	#
846	1941.16	18	37	40	#
847	2367.35	9	10	36	48	59	#
848	1855.36	16	20	30	44	56	#
849	2641.81	1	21	30	43	44	45	#
850	1518.55	1	20	#
851	2871.62	8	15	33	35	37	#
852	2700.93	15	17	24	43	49	59	#
853	4407.32	0	44	45	46	52	#
854	1004.27	21	53	#
855	6888.44	42	43	44	45	52	56	58	61	#
856	1430.71	26	59	#
857	1333.1	36	49	58	#
858	3154.53	18	19	20	49	#
859	2123.62	52	60	63	#
860	1668.39	36	40	46	#
861	4038.1	17	35	53	58	61	#
862	3686.42	0	4	7	15	20	21	24	34	47	#
863	1527.98	19	32	#
864	2152.32	10	16	55	56	#
865	9173.28	4	6	7	14	23	27	33	34	37	62	#
866	1087.13	15	57	#
867	1344.9	4	13	#
868	1350.06	17	31	42	#
869	1323.7	30	58	#
870	2555.35	19	26	52	63	#
871	1235.56	48	49	#
872	2815.43	1	26	52	56	#
873	1495.95	10	33	#
874	3791.25	8	18	34	38	53	#
875	3573.49	16	25	40	60	#
876	3777.81	4	15	16	17	55	#
877	1188.9	20	31	54	#
878	1377.3	7	10	13	19	38	52	#
879	2507.41	2	53	56	#
880	2647.78	26	29	42	#
881	2243.03	28	46	48	#
882	3033.92	1	8	17	33	59	#
883	1611.92	3	43	#
884	1614.28	33	38	#
885	2828.37	8	9	10	62	#
886	1051.37	22	38	63	#
887	1651.11	7	35	49	#
888	3113.92	11	21	35	51	#
889	1198.29	19	28	#
890	1663.75	1	23	37	58	#
891	3080.29	4	34	45	46	53	#
892	3710.17	8	34	43	44	#
893	2056.71	28	29	35	#
894	2547.1	40	42	43	#
895	2558.85	1	36	47	59	#
896	1962.18	1	21	24	#
897	2926.31	15	45	62	#
898	3420.48	15	33	36	43	60	#
899	4614.43	2	4	16	28	47	59	#
900	2954.26	5	13	33	56	#
901	1922.68	14	37	#
902	1869.65	33	52	#
903	4097.94	1	14	28	38	44	60	#
904	1476.37	25	45	#
905	4646.91	1	20	31	34	36	41	44	50	#
906	2623.66	11	28	42	49	56	#
907	1675.57	39	45	#
908	3962.2	7	14	15	60	#
909	1990.26	33	44	#
910	1233.95	6	30	51	#
911	2046.03	23	47	50	#
912	1460.37	9	26	28	#
913	1076.03	0	20	#
914	5231.56	2	5	20	23	25	26	32	46	48	#
915	2645.37	29	38	52	#
916	3241.45	1	6	10	49	#
917	2464.14	18	56	60	#
918	3055.37	14	19	21	26	35	39	43	51	56	#
919	3115.71	24	31	36	63	#
920	2647.41	5	12	29	36	#
921	1119.12	14	22	#
922	1285.35	48	55	#
923	2274.29	17	18	53	#
924	6120.46	9	19	23	27	37	45	49	#
925	3398.95	6	10	13	42	#
926	1578.2	0	7	#
927	1630.12	49	54	#
928	1126.99	5	51	#
929	976.319	1	18	#
930	1198.32	0	29	#
931	1446	2	3	4	6	21	46	58	#
932	3078.68	1	15	17	21	50	#
933	1429.26	18	36	#
934	1791.4	4	19	#
935	2027.05	0	13	43	#
936	2073.43	19	26	36	53	#
937	1550.01	2	24	#
938	1366.91	2	14	18	31	43	#
939	1774.13	15	47	#
940	2361.24	35	36	63	#
941	2040.9	21	32	34	51	54	#
942	2288.61	3	13	23	35	#
943	3725.1	14	32	33	34	37	#
944	4627.12	27	29	32	47	56	59	#
945	3622.95	10	18	27	32	#
946	1679.9	9	21	22	#
947	4656.03	8	11	15	21	34	#
948	1639.81	3	57	59	#
949	7293.34	3	18	21	25	27	37	43	48	#
950	1372.04	2	10	45	59	#
951	5073.63	5	26	31	43	51	60	#
952	2018.79	17	23	30	#
953	2136.74	13	29	45	54	60	#
954	1617.8	18	39	#
955	2435.29	9	13	21	38	40	56	#
956	4686.35	10	12	22	53	60	#
957	1190.46	6	58	#
958	1573.76	32	42	#
959	2486.39	17	42	58	#
960	2805.14	0	7	44	#
961	1605.23	15	24	29	35	57	#
962	1780.23	10	36	50	#
963	2543.47	19	43	53	#
964	3647.4	9	29	51	54	#
965	3934.48	1	3	12	23	44	#
966	1708.21	0	12	19	55	#
967	2917.96	11	55	59	#
968	1447.49	14	35	#
969	1215.16	3	42	#
970	3958.43	6	9	14	24	51	#
971	1785.84	3	52	#
972	2245.92	23	56	58	#
973	4231.7	4	21	34	44	47	#
974	3096.22	8	23	36	43	45	#
975	1787.56	9	31	33	#
976	1688.54	4	29	#
977	1700.88	34	61	#
978	1636.06	17	56	#
979	1532.42	1	23	30	52	#
980	2351.47	1	37	43	#
981	2568.66	6	12	29	61	#
982	1994.09	8	38	53	#
983	1283.64	12	35	#
984	1516.98	38	50	#
985	1267.58	20	28	#
986	2689.92	12	19	40	#
987	1866.6	13	39	43	#
988	1614.85	21	32	38	#
989	1196.56	0	22	30	51	#
990	2304.6	36	47	49	63	#
991	1009.34	26	56	#
992	7415.64	0	6	12	22	23	37	49	63	#
993	3916.71	8	12	18	32	34	35	#
994	5925.98	3	16	25	29	30	36	44	58	60	#
995	1073.28	32	51	56	#
996	2808.36	15	42	60	63	#
997	1768.51	26	53	#
998	1954.09	10	43	#
999	2340.7	27	46	47	#
