%% File generated by CATS v.2.1Wed Jun 22 10:37:31 2022

%% The CATS webpage is http://robotics.stanford.edu/CATS

%% PARAMETER SETTINGS:
% Goods: 64; Bids: 1000; Distribution: L4; Runs: 1; Seed: 1656572514
% Legacy distribution parameters:
% Number of goods chosen according to Decay distribution (alpha = 0.55).
% Price chosen according to Linear Random distribution (low_linearly = 1, high_linearly = 1000).


goods 64
bids 1000
dummy 0

0	1720.98	30	55	63	#
1	983.856	37	#
2	893.802	26	#
3	987.681	34	#
4	1174.48	48	50	#
5	1840.2	37	43	#
6	995.538	8	#
7	4734.11	1	21	24	34	37	44	#
8	963.809	48	#
9	972.277	23	#
10	953.13	2	#
11	998.388	1	#
12	1269.24	22	30	#
13	2170.33	3	26	34	#
14	993.332	31	#
15	781.379	16	#
16	938.481	27	#
17	1723.2	10	25	#
18	2051.45	18	49	52	#
19	937.482	45	#
20	1066.61	51	54	#
21	891.415	14	#
22	3206.73	15	45	58	59	61	#
23	813.74	5	#
24	1566.93	39	56	59	#
25	971.115	59	#
26	1630.23	16	40	#
27	989.68	28	#
28	957.331	38	#
29	2356.9	8	10	27	57	#
30	1984.1	7	8	39	45	54	#
31	949.64	6	#
32	988.23	42	#
33	5620.98	6	9	13	23	49	58	#
34	1626.56	35	58	#
35	984.558	33	#
36	1982.82	18	29	#
37	2881.65	15	35	63	#
38	1951.45	14	33	#
39	1351.97	12	44	53	#
40	997.968	63	#
41	1907.75	14	62	#
42	997.347	21	#
43	1144.81	16	54	#
44	2311.55	4	19	35	#
45	2873.18	4	27	35	39	41	#
46	3136.04	7	8	22	58	#
47	1788.7	33	34	51	#
48	3533.82	7	14	40	47	48	57	#
49	1164.92	22	31	#
50	2827.11	16	30	37	#
51	852.818	15	#
52	1507.14	28	54	#
53	2251.28	23	49	57	#
54	3352.07	24	43	49	50	61	#
55	943.113	43	#
56	2558.22	16	38	60	#
57	972.554	41	#
58	2707.32	2	9	28	63	#
59	1078.26	34	58	#
60	4425.84	11	22	37	54	60	#
61	984.722	11	#
62	979.039	32	#
63	1828.17	30	50	63	#
64	1613.95	0	3	#
65	2908.87	24	31	63	#
66	1562.95	13	37	63	#
67	904.308	60	#
68	886.639	20	#
69	1217.92	14	48	#
70	988.36	62	#
71	1130.09	11	17	#
72	1948.13	6	62	#
73	936.742	61	#
74	913.004	10	#
75	2024.86	0	13	34	59	#
76	1845.07	11	16	#
77	3176.63	1	7	60	63	#
78	1678.99	36	38	39	#
79	826.869	57	#
80	997.315	12	#
81	2019.92	1	12	39	42	#
82	1039.96	26	42	#
83	3419.68	3	15	39	45	#
84	955.105	19	#
85	1829.03	27	37	#
86	1827.14	0	29	#
87	973.197	51	#
88	948.815	30	#
89	2473.06	15	21	37	48	#
90	970.296	50	#
91	969.112	4	#
92	1743.25	19	44	#
93	941.033	24	#
94	918.789	56	#
95	1643.07	7	13	57	#
96	961.731	44	#
97	1305.38	11	27	#
98	3411.17	2	4	16	18	34	#
99	1826.66	8	56	#
100	1745.68	8	13	#
101	3169.65	6	12	26	57	#
102	2109.46	3	7	20	21	54	#
103	1833.28	49	57	#
104	8020.42	5	12	16	17	39	41	51	56	61	#
105	1675.37	19	37	#
106	1327.36	49	55	#
107	5996.68	0	11	29	45	49	62	#
108	1255.26	0	33	#
109	2029.68	23	61	63	#
110	1143.56	19	51	#
111	1202.43	5	54	#
112	6487.64	23	32	38	42	46	59	63	#
113	1702.17	49	53	#
114	2251.37	19	30	48	#
115	957.886	3	#
116	987.515	17	#
117	2252.77	7	31	49	51	#
118	1570.61	26	28	#
119	1817.49	14	15	17	#
120	1306.52	21	52	#
121	875.211	58	#
122	1157.53	4	29	53	#
123	912.932	55	#
124	3981.81	0	20	22	27	29	44	56	58	#
125	1992.27	47	63	#
126	1644.1	14	21	35	48	#
127	1963.01	32	61	#
128	960.906	39	#
129	5145.07	12	16	32	35	43	57	63	#
130	1409.32	36	56	#
131	1863.83	50	53	#
132	3541.76	3	14	50	52	57	#
133	997.602	9	#
134	3760.98	2	5	20	22	37	44	48	#
135	2502.21	10	14	55	#
136	2436.9	4	24	25	41	42	43	50	#
137	1157.78	41	45	#
138	990.178	54	#
139	1859.4	45	59	#
140	950.524	49	#
141	965.257	14	15	#
142	1896.27	23	46	#
143	974.753	52	#
144	2013.39	3	32	44	#
145	4055.89	29	32	33	38	40	#
146	1462.05	2	28	#
147	2984.23	3	9	12	43	60	#
148	2284.82	36	37	46	63	#
149	1984.57	5	44	#
150	2015.84	29	38	55	#
151	983.631	53	#
152	2291.19	1	2	51	#
153	3243.18	29	32	36	38	46	#
154	811.89	13	#
155	969.323	35	#
156	903.625	0	#
157	995.741	47	#
158	1562.56	47	48	#
159	998.499	22	#
160	1579	19	36	#
161	1347.32	0	25	#
162	1850.58	11	15	#
163	959.587	25	#
164	1734.85	1	11	#
165	1306.38	2	43	#
166	1930.86	7	14	34	48	#
167	2412.68	50	52	58	#
168	1224.9	53	63	#
169	1357.25	16	50	#
170	1756.79	4	12	#
171	1669.61	46	56	#
172	1547.07	24	35	59	#
173	1958.8	0	10	41	#
174	1382.3	39	61	#
175	1823.59	22	43	#
176	1203.23	4	17	43	#
177	1505.02	13	22	34	56	63	#
178	1812.87	4	11	35	55	58	#
179	1772.1	6	58	#
180	3680.68	11	17	35	55	#
181	1970.42	14	24	#
182	1708.68	3	8	#
183	1642	43	62	#
184	1329.42	16	49	52	#
185	1912.29	38	43	63	#
186	1229.27	30	61	#
187	1588.25	33	50	#
188	1667.67	18	35	#
189	3586.96	9	10	13	16	46	#
190	1787.9	20	61	#
191	1394.82	15	51	#
192	1972.79	11	21	#
193	2508.47	20	29	48	#
194	2130.48	4	10	17	33	37	45	58	#
195	999.218	29	#
196	3477.51	8	10	24	50	57	#
197	1584.8	13	52	#
198	1974.35	12	20	25	#
199	1894.7	25	27	#
200	2610.4	1	2	7	8	54	#
201	5061.72	12	14	17	26	29	50	58	61	62	63	#
202	3698.27	9	12	31	49	60	#
203	1635.18	19	34	63	#
204	4953.75	28	42	44	49	58	#
205	1040.88	33	35	40	#
206	2638.66	8	11	16	22	32	47	#
207	1464.34	2	45	#
208	1235.61	4	8	39	46	#
209	1133.12	42	43	54	58	#
210	1020.98	28	41	#
211	1971.62	14	25	#
212	2855.65	9	29	49	#
213	960.204	36	#
214	5461.71	12	16	17	22	37	42	47	49	55	61	#
215	1224.64	59	63	#
216	2055.56	38	40	43	45	55	#
217	1831.81	19	46	#
218	1848.14	31	34	52	#
219	2299.55	10	12	15	16	27	28	48	#
220	2493.41	13	39	55	#
221	2577.71	3	8	23	49	52	57	#
222	4438.07	3	10	21	29	34	46	#
223	1877.34	33	44	#
224	2467.89	12	14	32	#
225	2413.19	20	29	63	#
226	2935	1	2	8	19	24	49	#
227	3617.16	32	41	49	55	#
228	1844.99	39	54	#
229	979.76	18	#
230	3961.12	7	40	43	61	#
231	1416.04	1	31	#
232	1070.32	52	56	#
233	2667.19	9	26	34	45	48	#
234	1320.93	6	7	#
235	1493.68	0	14	#
236	928.588	40	#
237	1426.09	7	50	#
238	1856.32	5	51	#
239	1473.71	8	10	38	#
240	1785.12	10	14	16	#
241	5481.27	3	11	24	30	31	52	61	#
242	4356.73	6	11	16	37	46	56	62	#
243	2184.99	12	19	21	22	49	55	#
244	924.779	46	#
245	1904.88	18	21	#
246	1818.05	31	37	52	#
247	5139.98	1	17	22	28	33	41	48	49	58	#
248	3909.97	7	16	24	25	55	61	#
249	2827.4	10	22	27	45	47	53	#
250	1961.78	9	48	#
251	851.656	7	#
252	2896.14	18	38	53	63	#
253	1550.78	22	38	#
254	2555.66	23	45	56	#
255	2316.09	4	17	27	44	#
256	9666.91	6	7	8	15	17	18	37	39	40	55	56	63	#
257	1587.29	48	53	#
258	1778.72	7	55	#
259	1509.04	24	56	#
260	1370.8	18	38	40	#
261	2824.49	2	24	39	#
262	1903.4	22	36	#
263	1955.81	19	45	#
264	1134.56	37	51	55	#
265	3931.28	25	38	39	46	#
266	2634.44	18	24	28	#
267	2435.4	10	16	32	62	#
268	1650.5	16	17	#
269	3622.03	12	20	22	48	#
270	1585.08	26	50	#
271	4252.33	7	15	24	40	59	#
272	1958.99	26	36	#
273	1804.67	13	40	#
274	3172.01	2	22	30	53	60	#
275	4288.57	14	20	34	36	40	#
276	2255.98	0	33	40	51	58	#
277	4975.61	14	23	36	44	53	#
278	1095.05	18	28	#
279	1868.5	3	20	56	#
280	1260.28	1	56	#
281	1385.62	30	44	#
282	1656.9	15	50	#
283	5524.67	2	5	19	20	26	45	62	#
284	1164.58	6	20	#
285	1795.8	7	35	44	#
286	2010.62	32	33	62	#
287	1239.45	4	5	50	61	#
288	1488.87	20	42	#
289	3044.8	6	12	13	50	61	#
290	5741.26	1	8	33	37	43	53	56	61	#
291	1749.27	15	52	#
292	989.036	13	50	#
293	1658.87	30	55	56	#
294	1883.47	2	59	#
295	2989.44	40	53	55	#
296	1930.71	1	47	#
297	7995.01	7	9	24	29	43	50	51	59	#
298	1006.31	7	26	#
299	3179.25	7	22	24	27	30	60	62	#
300	1517.28	2	14	#
301	12708	1	3	4	6	21	23	25	27	28	36	42	47	49	#
302	2854.81	20	48	52	#
303	1578.11	33	53	57	#
304	2682.57	1	20	37	#
305	4331	1	14	15	22	26	53	#
306	2747.85	8	55	57	#
307	1519.83	10	12	#
308	1151.23	4	14	#
309	2665.56	8	46	47	#
310	1286.1	5	59	#
311	7408.53	6	15	25	43	46	50	57	59	#
312	2603.66	0	18	36	#
313	1099.34	11	48	#
314	1992.35	35	36	#
315	2971.86	3	4	6	15	50	55	59	#
316	1260.87	32	44	#
317	1666.68	6	27	#
318	2682.18	6	28	40	46	56	#
319	2352.83	9	16	59	#
320	4758.89	14	18	22	24	58	#
321	1588.92	6	24	#
322	1865.53	22	48	#
323	1293.56	3	11	#
324	3838.86	26	28	44	61	#
325	2342.94	6	25	62	#
326	2823.06	13	25	49	50	54	58	#
327	4573.81	2	16	19	52	55	#
328	2600.09	4	11	30	37	#
329	1759.42	24	32	50	57	#
330	7419.45	5	8	13	26	44	47	50	54	#
331	6951.42	1	3	10	12	16	22	24	39	62	#
332	1482.98	4	30	#
333	1337.48	18	43	#
334	1192.58	1	34	35	#
335	1733.42	22	39	#
336	1335.1	13	42	#
337	3414.66	21	25	31	43	54	#
338	3918.56	11	31	42	61	#
339	1533.78	4	20	58	#
340	1024.3	12	44	#
341	1966.78	16	25	#
342	1769.43	21	36	40	#
343	1319.26	22	40	#
344	2093.86	13	29	31	#
345	2236.47	3	34	37	52	55	#
346	1424.97	8	51	#
347	1297.41	20	47	#
348	2412.99	14	18	27	63	#
349	1285.02	4	7	18	#
350	1478.11	23	32	#
351	1639.57	0	43	53	#
352	1363.13	4	22	#
353	1162.27	5	24	26	#
354	1452.05	28	47	62	#
355	1397.16	12	41	#
356	1680.42	24	61	#
357	1660.33	59	61	#
358	1049.29	32	37	#
359	1998.78	21	30	35	56	#
360	3650.14	29	39	44	47	60	#
361	2727.3	30	39	58	#
362	1950.1	18	54	#
363	1655.16	1	40	#
364	2990.56	6	59	61	#
365	1272.96	25	38	#
366	4573.21	16	18	19	23	35	43	47	56	59	#
367	1465.69	21	30	33	52	#
368	1972.49	37	41	#
369	1186.15	1	5	#
370	2888.18	0	2	40	#
371	2297.92	10	14	31	51	#
372	2107.37	22	50	56	#
373	1895.98	46	63	#
374	3522.18	8	29	32	54	#
375	6413.52	1	5	12	14	18	25	53	#
376	1132.87	30	37	#
377	1915.42	24	41	#
378	1680.23	9	22	#
379	2048.46	43	46	61	#
380	1636.65	11	50	#
381	3232.05	0	19	43	45	#
382	2550.79	13	22	39	#
383	3780.27	6	10	15	23	#
384	1973.75	19	47	#
385	1442.92	8	25	26	32	41	44	54	#
386	4534.16	1	8	30	37	52	60	#
387	1048.31	49	59	#
388	2664.93	16	28	42	#
389	1339.05	30	57	#
390	1138.27	16	27	#
391	1872.91	26	34	#
392	1036.18	40	43	#
393	3560.21	6	13	14	44	#
394	2171.5	0	23	58	#
395	1365	11	33	#
396	1933.57	34	59	#
397	3439.33	5	19	37	56	#
398	2521.47	21	31	53	#
399	3256.49	5	6	20	40	46	#
400	1759.26	26	53	#
401	1637.92	18	23	#
402	1295.02	23	25	29	#
403	1165.42	44	47	#
404	1883.96	36	42	#
405	1261.74	7	25	60	#
406	1315.48	28	38	#
407	1707.11	14	27	#
408	1468.16	8	34	54	#
409	2254.72	27	28	43	52	#
410	1469.6	8	24	#
411	1822.39	4	10	#
412	1743.41	10	24	#
413	1776.46	14	21	40	48	49	58	61	#
414	3295.45	26	29	31	33	40	57	#
415	1766.85	11	14	#
416	2747.99	25	32	45	#
417	2196.52	8	24	52	#
418	1194.32	22	50	#
419	3330.11	14	24	33	47	#
420	4995.92	3	5	33	37	47	56	#
421	1923.87	10	51	58	#
422	2951.47	9	15	21	41	63	#
423	1023.17	18	22	24	46	#
424	1124.42	1	20	50	#
425	3985.53	12	47	52	56	#
426	1492.74	19	21	#
427	3381.55	20	25	33	51	53	#
428	2956.96	16	44	46	49	51	#
429	4418.93	5	6	19	27	33	39	#
430	1617.74	9	62	#
431	1682.61	54	61	#
432	1431.86	0	10	#
433	4648.2	46	49	50	55	60	#
434	1080.96	3	4	#
435	6876.66	1	17	22	26	31	41	43	#
436	6408.91	2	18	28	35	43	52	56	#
437	1448.28	20	48	#
438	1146.77	48	62	#
439	1958.12	7	27	36	47	#
440	1108.56	10	58	#
441	1180.97	23	29	#
442	2795.66	10	31	34	52	#
443	2692.38	5	12	52	#
444	2076.65	19	28	58	#
445	1861.91	5	28	#
446	1067.35	4	8	26	#
447	3929.4	22	27	35	39	#
448	2518.72	25	43	52	#
449	1142.04	18	33	55	#
450	1990.7	2	8	24	#
451	1881.12	28	59	#
452	5959.87	25	39	43	44	48	59	60	61	62	63	#
453	1772.61	2	13	61	#
454	1967.43	1	30	#
455	3524.41	20	24	28	43	#
456	1391.41	22	52	#
457	1064.92	17	42	63	#
458	2874.36	12	38	60	#
459	1545.94	15	24	#
460	1613.12	13	36	#
461	4271.34	21	23	34	42	58	#
462	2159.44	22	30	43	52	62	#
463	4639.42	39	40	47	50	60	#
464	1700.85	23	41	#
465	1822.25	33	38	60	#
466	1369.17	1	48	51	#
467	1979.01	2	37	#
468	2634.61	7	22	44	52	#
469	3573.99	8	33	39	47	62	#
470	1195.4	15	25	#
471	1090.85	42	46	53	#
472	995.706	39	62	#
473	2769.25	30	32	49	#
474	2201.88	41	44	50	#
475	2172.51	38	39	56	#
476	2869.93	4	55	60	#
477	5807.49	2	8	10	18	19	34	41	#
478	1964.2	1	5	10	26	51	#
479	3466.18	14	17	37	40	#
480	3383.74	18	21	22	34	35	41	45	53	59	61	#
481	3644.63	8	15	19	50	51	#
482	6954.98	8	13	15	20	33	34	38	62	#
483	1495.36	25	39	42	45	53	#
484	9442.04	3	8	9	11	13	28	39	40	51	63	#
485	2107.53	36	40	47	54	#
486	2336.93	3	19	30	#
487	3559.38	5	49	53	59	#
488	2290.73	22	26	41	#
489	2990.56	13	21	42	60	#
490	1474.98	16	59	#
491	3152.76	7	20	42	53	55	#
492	2386.55	4	7	12	34	42	#
493	1025.91	47	56	#
494	1966.33	8	27	#
495	3643.47	4	12	13	43	55	58	#
496	2047.15	0	8	18	#
497	1136.68	39	49	#
498	1403.6	32	49	#
499	2615.05	7	10	25	37	#
500	1218.83	17	38	52	#
501	3444.73	14	16	26	35	#
502	1931.21	8	11	15	23	26	47	49	50	56	#
503	1803.9	7	28	#
504	1187.35	34	56	#
505	2206.9	20	32	60	#
506	1813.63	40	41	#
507	2809.45	6	9	34	#
508	2388.48	0	13	23	#
509	1249.07	36	38	#
510	5601.92	1	18	21	31	54	59	#
511	1693	19	25	37	52	57	#
512	1763.27	28	41	53	#
513	3921.99	19	23	24	63	#
514	1600.98	14	49	#
515	3474.48	0	11	35	46	#
516	1032.6	5	14	23	#
517	4237.41	4	7	15	17	42	#
518	1854.15	53	54	#
519	1200.11	10	14	19	#
520	1509.46	17	22	#
521	1970.76	0	30	#
522	1613.1	36	50	55	#
523	3378.81	12	19	48	58	59	#
524	1584.96	17	59	#
525	2174.96	44	61	63	#
526	1573.23	5	30	#
527	1552.64	2	3	33	#
528	1784.49	6	25	#
529	3210.29	13	16	45	58	#
530	1297.44	2	53	#
531	1857.6	2	17	#
532	7065.76	6	15	16	18	22	26	47	49	#
533	1111.57	1	6	#
534	1980.14	4	20	32	34	57	#
535	2632.77	13	17	19	21	39	41	#
536	1582.24	11	54	#
537	2892.57	11	31	37	#
538	1801.67	21	39	59	#
539	2179.04	13	25	52	63	#
540	1022.83	31	47	50	#
541	1242.19	15	58	#
542	1671.3	14	39	#
543	1409.98	3	12	#
544	2512.08	6	13	25	#
545	4724.55	15	19	24	29	46	49	#
546	2780.72	6	10	42	#
547	1073.94	33	61	#
548	1554.3	1	2	41	54	#
549	1261.34	27	39	#
550	2371.81	15	25	56	#
551	4090.8	8	15	28	34	35	38	43	49	#
552	3089.72	12	17	25	36	40	45	#
553	3811	20	34	45	52	53	#
554	1501.49	3	4	41	#
555	1166.39	1	7	#
556	1251.26	35	61	#
557	1601.41	37	42	#
558	1663.97	11	30	31	36	#
559	2622.12	4	21	32	42	#
560	1377.64	5	36	#
561	1357.23	35	37	51	#
562	2329	15	26	30	47	48	#
563	3950.76	2	16	20	22	49	63	#
564	1455.62	12	13	#
565	1559.07	44	58	#
566	1324.6	2	9	#
567	1523.41	14	34	47	#
568	1654.31	42	44	#
569	1597.24	7	32	37	#
570	3660.9	10	15	29	38	#
571	3007.23	5	22	51	55	#
572	2706.33	28	29	57	#
573	2607.14	9	12	14	15	20	60	#
574	1477.14	0	35	#
575	1899.81	5	38	#
576	2355.72	10	15	49	#
577	2282.49	13	29	41	#
578	2642.18	34	46	57	#
579	1651.07	9	49	#
580	3660.45	14	19	32	33	39	45	55	63	#
581	3038.97	22	27	31	39	57	#
582	6969.06	2	20	27	30	32	46	56	#
583	1996.5	0	27	60	#
584	1331.54	6	45	47	#
585	2724.2	14	32	47	53	54	60	61	#
586	3327.05	9	14	26	27	28	41	58	#
587	3005.45	1	16	19	53	#
588	1156.99	16	49	#
589	1519.68	7	30	#
590	2366.86	17	50	51	#
591	1264.09	18	50	#
592	2811.7	18	30	36	#
593	3293.06	4	17	22	34	#
594	2624.94	14	26	57	#
595	1612.57	16	29	#
596	2866.36	35	39	40	55	57	#
597	2750.44	38	39	61	63	#
598	1860.47	5	29	#
599	2507.73	38	43	52	58	#
600	1429.65	9	36	#
601	1231.85	10	55	59	#
602	2811.33	1	52	63	#
603	1056.62	23	62	63	#
604	1777.33	29	40	#
605	1406.55	4	34	#
606	1104.46	9	28	56	#
607	1058.94	11	41	#
608	1990.14	4	27	#
609	1993.09	28	29	#
610	5683.19	8	18	25	29	38	39	44	60	61	#
611	1810.35	32	47	50	#
612	1537.09	14	43	53	59	#
613	2679.54	51	53	61	#
614	1826.32	11	62	#
615	1950.39	1	6	51	63	#
616	1508.08	37	39	#
617	1627.2	45	60	#
618	2139.64	0	38	59	#
619	2845.12	11	35	45	55	#
620	2585.11	0	15	34	37	56	#
621	1328.42	10	19	58	#
622	3154.56	3	18	49	61	#
623	1343.7	29	32	#
624	1334.2	7	54	#
625	2037.13	14	16	31	32	49	#
626	1076.99	2	39	46	#
627	1878.63	16	26	30	#
628	5232.3	9	15	40	43	45	50	#
629	1339.43	3	36	#
630	1758.96	29	32	34	39	#
631	2917.87	34	46	60	#
632	3392.79	1	5	7	27	53	56	#
633	1445.6	18	20	22	34	45	#
634	4802.82	28	37	40	59	61	#
635	2541.9	1	9	26	33	52	61	#
636	2161.97	2	56	61	#
637	4628.1	2	4	12	44	51	#
638	2840.45	5	16	18	#
639	1204.81	13	29	#
640	1290.33	4	6	42	#
641	1447.11	28	35	#
642	1191.14	2	25	#
643	1735.22	10	26	30	57	#
644	3087.7	10	16	20	21	23	33	48	54	#
645	3013.59	3	13	16	43	59	#
646	2741.38	45	55	56	#
647	2671.28	10	13	25	53	#
648	5243.16	11	23	28	33	35	41	47	56	#
649	3500.05	25	42	51	57	#
650	1612.37	23	34	#
651	1666.76	3	42	#
652	2416.68	1	13	59	#
653	10285.6	4	6	9	22	28	31	33	46	47	48	51	55	56	#
654	4917.78	15	19	31	40	45	#
655	2034.98	5	58	61	#
656	3283.91	3	7	9	36	62	#
657	2166.95	30	44	53	#
658	2649.6	7	53	56	62	#
659	2645.07	9	14	21	#
660	5806.92	6	14	20	23	36	56	#
661	2619.87	2	4	6	16	20	23	43	51	#
662	2484.91	20	30	62	63	#
663	1992.84	35	43	47	61	62	#
664	1073.34	26	58	#
665	4397.18	1	11	14	15	63	#
666	1656.88	17	54	56	#
667	1686.55	34	51	#
668	1337.11	7	59	#
669	1684.1	5	19	#
670	1980.52	3	38	#
671	1176.61	0	19	26	#
672	3671.44	22	36	53	60	#
673	2529.8	22	32	61	#
674	3789.04	21	41	56	60	#
675	971.555	3	56	#
676	2016.97	6	9	12	15	23	53	56	57	#
677	2070.83	9	23	45	59	#
678	1249.03	48	50	62	#
679	1216.42	14	56	63	#
680	1225.88	11	59	#
681	1371.16	17	31	33	58	#
682	1405.07	0	48	#
683	1198.25	3	44	45	47	#
684	1148.08	10	50	63	#
685	1991.82	31	55	59	#
686	1447.09	17	21	55	#
687	4476.9	0	8	13	19	20	22	23	29	31	52	54	#
688	1974.88	10	36	53	#
689	4600.1	46	49	52	60	61	#
690	3694.78	4	6	10	40	43	54	56	#
691	1709.26	1	7	8	12	17	24	63	#
692	2769.66	24	29	41	#
693	1414.46	2	36	#
694	2795.17	2	41	42	54	#
695	1903.12	11	36	50	#
696	1972.56	8	15	35	49	#
697	2813.61	0	8	26	31	44	50	52	53	61	#
698	1791.94	30	45	#
699	1832.85	3	9	#
700	2871.36	6	35	54	#
701	2319.22	13	37	57	#
702	1084.08	24	52	#
703	1753.12	47	61	#
704	1329.19	9	34	#
705	1441.58	9	63	#
706	1806.97	1	25	35	51	#
707	3199.55	21	38	55	59	#
708	1832.3	38	51	59	#
709	2171.67	29	37	44	58	#
710	1910.5	15	24	39	#
711	1133.95	8	11	22	#
712	1414.41	17	48	#
713	3663.49	21	26	30	50	#
714	2372.08	13	19	22	#
715	1230.97	7	40	#
716	2915.02	4	8	16	18	42	52	#
717	2742	28	39	50	53	62	#
718	2706.92	25	27	50	61	#
719	2407.59	19	33	58	59	63	#
720	1593.05	9	29	#
721	2483.6	13	28	48	51	#
722	1364.7	13	17	#
723	1623.75	27	39	48	#
724	1529.28	9	43	#
725	2375.75	12	17	29	#
726	4219.17	17	24	46	47	59	#
727	1489.46	10	62	#
728	1736.03	26	46	#
729	1852.93	35	63	#
730	1942.43	20	26	#
731	1229.38	16	34	61	#
732	2868.78	26	44	57	#
733	4432.62	7	15	31	41	42	60	#
734	1254.3	2	46	52	#
735	1680.84	19	54	#
736	3835.22	7	29	37	44	#
737	2998.39	0	19	61	#
738	5381.73	1	5	7	9	49	52	#
739	1596.19	4	52	#
740	1368.32	41	53	#
741	2238.47	6	29	38	49	52	#
742	1092.29	23	53	#
743	1393.83	6	36	43	#
744	1653	16	63	#
745	2284.82	6	20	54	57	60	#
746	1888.75	1	16	33	50	#
747	2610.27	44	53	54	63	#
748	1336.61	2	49	60	#
749	2396.62	19	34	58	#
750	3262.46	6	40	58	61	#
751	3365.23	17	35	54	56	59	60	#
752	1331.47	10	37	#
753	1512.41	32	47	#
754	1959.13	6	26	28	#
755	3066.21	6	13	25	45	53	#
756	3806.45	25	28	32	49	53	#
757	6300.52	11	14	17	18	19	20	35	63	#
758	1955.39	21	23	#
759	3613.48	6	38	41	51	55	#
760	2811.1	17	27	58	#
761	1893.29	38	46	#
762	3279.7	7	32	33	38	39	55	56	59	#
763	2218.52	17	20	52	#
764	2707.38	41	46	47	#
765	2011.95	13	41	45	#
766	1420.48	28	33	36	46	#
767	1533.49	11	17	39	#
768	3905.84	1	24	34	56	#
769	1498.45	3	61	#
770	3145.5	15	16	34	50	#
771	3021.21	6	10	35	47	#
772	1608.21	44	46	#
773	1729.88	12	39	40	#
774	6794.26	4	18	20	22	28	49	50	#
775	3438.69	1	14	15	21	22	26	44	49	56	57	#
776	2483.34	3	43	63	#
777	2983.77	29	45	48	#
778	4625.54	12	33	48	54	58	#
779	1630.15	2	44	#
780	1835.88	12	47	62	#
781	2645.93	8	21	28	47	#
782	6656.12	10	33	35	40	48	56	57	61	#
783	1736.4	32	40	58	#
784	2999.65	8	18	44	#
785	1882.08	27	28	#
786	1154.21	6	54	59	#
787	4715.57	0	11	30	40	61	#
788	1721.89	22	60	#
789	3237.93	19	25	29	45	62	#
790	1749.87	3	17	62	#
791	1743.85	12	47	53	#
792	1809.55	0	60	#
793	2601.05	1	19	24	37	#
794	998.493	34	43	#
795	2020.5	14	26	49	#
796	1013.92	16	52	#
797	2826.5	5	31	51	57	#
798	1523.76	3	17	22	30	49	#
799	2971.89	16	17	20	22	25	42	45	#
800	2702.43	8	44	54	62	#
801	1137.99	46	55	#
802	1734.13	2	11	#
803	1406.9	11	40	57	#
804	1799.97	36	62	#
805	3045.49	4	6	12	13	15	25	42	43	46	52	58	61	#
806	1608.53	1	61	#
807	1100.56	10	50	#
808	1868.11	10	18	26	48	49	#
809	2122.73	15	39	42	#
810	1046.65	6	10	55	#
811	3760.6	2	5	6	10	45	#
812	3202.17	12	28	32	34	#
813	1557.73	45	51	#
814	1201.19	6	15	#
815	6135.97	1	3	24	42	49	54	59	#
816	1666.73	2	34	46	50	#
817	970.277	14	35	#
818	2246.45	40	51	57	#
819	1550.81	24	53	#
820	3516.56	1	11	17	24	31	51	63	#
821	1659.65	27	33	#
822	1439.96	21	33	56	#
823	2816.63	8	19	55	#
824	1669.92	22	26	#
825	1481.07	2	58	#
826	1069.67	53	61	#
827	3054.82	9	19	21	22	39	#
828	2692.79	24	50	55	#
829	1089.8	8	18	#
830	2331.73	10	24	30	39	40	#
831	1801.08	29	44	61	#
832	2086.68	18	42	53	#
833	1014.78	12	55	#
834	1126.87	12	28	61	#
835	4653.39	12	15	29	50	63	#
836	2964.48	10	18	56	#
837	7540.51	0	6	15	25	39	46	51	56	57	#
838	4024.66	11	28	41	47	50	#
839	1173.42	11	18	61	#
840	998.844	9	23	60	#
841	4443.41	15	23	29	36	39	46	63	#
842	1629.49	38	58	#
843	1006.53	16	28	#
844	2613.73	27	48	63	#
845	1694.19	2	4	#
846	1891.34	28	40	45	52	#
847	2990.74	18	31	45	56	#
848	1544.09	15	57	#
849	2488.87	23	48	54	#
850	5098.31	2	5	8	11	15	28	42	54	55	58	62	#
851	1477.41	4	8	19	#
852	2673.82	13	33	37	#
853	2206.51	12	31	43	49	60	#
854	1098.33	29	30	51	#
855	2219.83	2	15	19	44	#
856	1980.84	15	44	#
857	1280.27	6	30	#
858	2720.58	6	30	63	#
859	3076.71	0	2	8	31	49	#
860	1399.59	26	39	62	#
861	3188.12	3	38	44	45	#
862	2775.93	4	11	32	48	#
863	1681.41	36	59	#
864	4678.21	3	16	46	62	63	#
865	2726.28	8	26	30	33	#
866	1860.65	23	52	#
867	1026.8	44	48	#
868	1902.06	4	21	26	41	63	#
869	1289.84	10	36	#
870	2940.6	3	19	34	47	#
871	1306.55	2	30	32	#
872	1426.11	33	54	#
873	1201.8	14	45	#
874	1006.9	36	46	#
875	1530.6	9	38	#
876	1111.88	50	54	#
877	5435.37	13	14	21	30	33	44	#
878	2725.22	18	26	43	#
879	2203.88	43	46	60	#
880	1752.61	16	32	36	#
881	3762.63	7	12	33	47	48	#
882	3600.66	30	40	41	61	#
883	2856.48	34	43	56	#
884	3319.33	12	24	28	29	#
885	2928.13	8	14	40	#
886	2819.93	25	34	62	#
887	1079.77	19	53	#
888	4192.01	9	11	16	19	22	48	50	52	60	#
889	1162.11	12	43	#
890	4931	4	15	37	38	41	55	#
891	1360.18	7	39	#
892	2348.94	4	5	6	#
893	1115.74	19	49	#
894	2885.14	32	39	47	54	#
895	1911.16	7	20	#
896	4616.14	1	25	29	45	47	55	#
897	2655.82	0	22	40	42	53	58	#
898	1120.86	50	52	#
899	1352.04	35	53	62	#
900	4377.36	9	32	33	40	43	#
901	1977.32	13	62	#
902	6625.3	4	11	12	18	24	28	29	52	#
903	2707.11	3	5	6	23	34	44	#
904	1002.75	20	33	#
905	1418.79	43	49	#
906	3736.57	20	40	52	62	#
907	2564.8	24	31	61	#
908	1310.76	48	59	#
909	1204.6	19	22	#
910	3964.8	23	43	49	51	62	#
911	2718.88	0	27	38	45	#
912	1604.55	10	13	17	32	55	60	#
913	1639.49	11	30	53	60	#
914	1663.39	15	27	#
915	1148.05	11	12	#
916	3305.05	26	34	37	53	#
917	1419.17	50	59	#
918	1733.99	33	62	#
919	1608.23	2	21	#
920	1376.4	8	20	#
921	2491.45	14	20	56	#
922	2752.03	5	12	33	45	#
923	2396.32	0	39	40	#
924	1990.25	23	25	26	52	#
925	1629.47	3	29	41	#
926	2281.62	9	14	51	#
927	5731.04	2	3	22	24	25	34	36	39	42	#
928	2575.14	13	34	51	#
929	1282.6	1	12	21	#
930	2085.78	36	40	58	#
931	1076.22	9	55	#
932	2667.8	14	15	20	21	28	32	39	48	#
933	1420.99	21	32	#
934	6435.37	3	15	19	29	36	46	62	#
935	1073.16	13	60	#
936	3246.46	2	11	42	63	#
937	1237.49	16	21	46	#
938	2662.26	28	29	35	#
939	2378.22	2	45	51	#
940	1011.2	10	28	45	56	#
941	2016.52	20	39	63	#
942	2076.58	0	32	55	#
943	2643.21	24	29	52	60	#
944	1875.66	0	58	#
945	1660.71	6	16	#
946	1816.03	43	45	#
947	1299.54	7	11	#
948	2670.95	9	12	25	#
949	1904.53	1	4	#
950	2824.93	18	28	48	#
951	1949.95	3	43	#
952	1217.8	24	45	#
953	2319.17	21	50	56	#
954	1192.01	13	25	#
955	2260.76	13	15	59	#
956	2949.11	20	35	41	#
957	3608	4	14	18	25	35	42	#
958	1780.84	3	5	#
959	1374.08	1	17	#
960	4311.67	6	15	30	34	48	52	55	#
961	3907.21	8	38	40	44	45	49	50	53	58	60	#
962	2210.52	39	53	57	#
963	2378.21	0	35	42	44	#
964	1849.41	11	28	#
965	1795.32	21	37	38	#
966	1693.67	29	63	#
967	1642.46	21	36	#
968	1712.53	13	24	39	53	#
969	1168.86	26	47	#
970	2935.88	9	40	41	#
971	3432.73	1	12	23	28	#
972	6738.54	0	5	25	39	41	42	46	#
973	2462.06	0	30	35	44	53	#
974	1115.13	32	42	51	53	#
975	2914.45	6	9	36	#
976	1559.51	35	54	#
977	2904.46	14	35	56	#
978	1000.15	29	30	55	#
979	1754.51	28	39	#
980	1650.57	2	31	#
981	2118.71	20	29	49	#
982	1219.71	11	20	#
983	3398.53	7	17	19	20	46	#
984	2304.56	2	33	58	#
985	1493.4	12	19	#
986	6311.33	10	17	25	33	43	56	61	#
987	2807.68	7	8	27	55	57	#
988	1812.47	13	27	43	#
989	2687.92	2	9	13	48	56	#
990	1174.44	11	63	#
991	6230.87	11	24	27	37	39	45	57	#
992	1408.67	28	46	51	#
993	1602.09	4	32	#
994	1367.99	5	18	#
995	3055.57	18	25	28	32	40	52	#
996	1255.76	9	11	#
997	1378.83	27	50	#
998	2722.41	15	27	36	#
999	3117.74	26	32	41	45	47	63	#
