%% File generated by CATS v.2.1Wed Jun 22 10:37:31 2022

%% The CATS webpage is http://robotics.stanford.edu/CATS

%% PARAMETER SETTINGS:
% Goods: 64; Bids: 1000; Distribution: L4; Runs: 1; Seed: 1656572516
% Legacy distribution parameters:
% Number of goods chosen according to Decay distribution (alpha = 0.55).
% Price chosen according to Linear Random distribution (low_linearly = 1, high_linearly = 1000).


goods 64
bids 1000
dummy 0

0	975.791	34	#
1	1586.67	2	45	#
2	823.631	47	#
3	997.954	5	#
4	1948.15	6	47	#
5	997.26	40	#
6	993.103	37	#
7	944.398	32	#
8	984.959	55	#
9	985.177	20	#
10	1963.91	9	36	#
11	909.814	35	#
12	1546.94	2	34	#
13	962.267	42	#
14	952.301	23	#
15	1739.01	52	57	#
16	918.648	15	#
17	921.983	50	#
18	2553.12	4	10	38	43	#
19	972.894	45	#
20	977.226	7	#
21	1341.46	40	58	#
22	916.146	33	#
23	957.118	10	#
24	944.063	26	#
25	1407.59	5	43	#
26	1225.62	0	62	#
27	5924.14	12	17	29	36	37	49	#
28	954.916	39	#
29	2637.84	8	27	28	#
30	943.849	28	#
31	987.656	31	#
32	1181.34	11	35	41	61	#
33	994.847	61	#
34	996.585	16	#
35	4627.26	12	18	27	33	38	41	62	63	#
36	936.411	29	#
37	1853.5	1	10	54	#
38	1985.06	11	58	#
39	875.188	18	#
40	2722.71	22	23	56	#
41	2198.38	2	31	39	#
42	4477.72	31	33	34	37	44	#
43	2075.44	11	28	46	#
44	2242.42	34	43	46	50	#
45	2182.9	17	44	51	52	#
46	919.656	38	#
47	987.841	62	#
48	992.462	1	#
49	2136.96	9	10	29	#
50	994.08	9	#
51	2186.87	18	37	52	#
52	995.688	57	#
53	1079.26	11	35	#
54	1777	49	63	#
55	933.394	51	#
56	1085.9	10	48	#
57	1817.43	44	51	#
58	1894.61	0	49	#
59	997.101	59	#
60	994.712	19	#
61	952.207	6	#
62	3523.63	14	32	35	55	#
63	2988.39	0	1	3	15	18	24	30	50	#
64	1309.07	1	28	#
65	1766.51	2	54	#
66	2724.34	33	34	35	#
67	994.018	13	#
68	1110.69	40	61	#
69	1037.16	3	46	#
70	984.13	41	#
71	964.915	63	#
72	2791.09	5	7	29	50	#
73	3866.74	9	11	16	37	38	47	52	#
74	1751.98	20	56	#
75	977.616	36	#
76	951.262	43	#
77	2458.73	0	3	21	#
78	998.762	24	#
79	2378.73	3	7	36	47	48	#
80	2669.51	14	17	25	51	#
81	2609.32	14	38	43	#
82	2130.51	1	9	35	51	#
83	2760.78	34	37	38	49	#
84	1565.66	2	42	#
85	981.351	4	#
86	2165.29	9	40	51	#
87	976.739	3	#
88	1349.89	2	63	#
89	948.694	21	#
90	1464.71	56	58	#
91	1800.02	16	60	#
92	1285.17	2	15	18	33	48	52	#
93	957.289	27	#
94	2693.81	30	41	59	#
95	3038.04	8	11	42	44	47	51	61	62	#
96	992.584	11	#
97	1383.51	10	25	47	#
98	2016.14	22	28	53	#
99	5404.06	0	1	8	20	25	36	38	63	#
100	5428.27	1	4	10	20	21	26	44	#
101	855.814	22	#
102	990.811	56	#
103	986.833	14	#
104	1606.81	18	31	#
105	964.536	25	#
106	1612.94	14	53	#
107	1594.22	33	37	#
108	1597.38	37	45	#
109	1653.06	9	42	44	#
110	1936.04	21	26	42	#
111	993.072	49	#
112	2768.49	9	14	26	46	#
113	997.568	2	#
114	960.718	54	#
115	2565.61	11	14	22	29	39	45	52	59	#
116	1776.45	30	43	#
117	963.429	33	50	#
118	1798.09	6	49	#
119	1061.07	29	63	#
120	1298.03	16	37	#
121	1918.94	10	31	#
122	2118.47	30	48	60	#
123	2177.83	26	28	58	60	#
124	3852.53	34	35	45	56	63	#
125	1942.95	7	17	61	#
126	2129.16	36	43	48	#
127	1599.66	4	19	#
128	2675.77	13	15	17	21	27	46	60	#
129	2445.95	25	30	45	50	#
130	6028.64	24	25	29	37	38	40	54	#
131	1476.77	34	54	#
132	3905.52	1	2	19	24	45	47	48	51	59	#
133	3665.97	0	4	8	35	40	45	54	60	62	#
134	1936.81	30	37	#
135	1867.26	49	55	#
136	1339.81	29	56	#
137	1303.98	4	12	62	#
138	2793.05	52	59	60	#
139	3404.7	2	6	20	21	33	39	45	#
140	2482.93	23	26	53	56	#
141	12919.7	1	4	12	22	24	25	30	35	36	41	46	49	50	#
142	2672.83	13	15	55	#
143	2803.32	15	29	43	#
144	1596.41	40	41	#
145	979.447	0	#
146	1222.58	21	35	#
147	4518.11	0	3	11	17	22	61	#
148	1530.3	19	53	61	#
149	1923.92	33	43	#
150	6231.94	8	14	15	16	18	20	24	35	44	47	49	57	62	#
151	1580.03	12	20	32	#
152	1807.69	20	44	#
153	1946.76	15	39	#
154	1005.96	17	40	#
155	1424.65	3	37	#
156	998.22	8	#
157	1255.79	31	34	#
158	2320.57	15	42	53	#
159	993.419	48	#
160	1637.62	21	60	#
161	2096.91	0	11	15	43	#
162	1640.74	37	54	#
163	1755.29	30	56	#
164	2552.55	7	32	44	#
165	983.238	60	#
166	953.006	30	#
167	947.361	46	#
168	2033.75	0	11	13	16	34	49	#
169	1170.29	37	41	#
170	1986.27	5	27	43	48	#
171	3147.31	4	23	26	35	49	52	#
172	1113.52	2	12	#
173	2026.64	27	39	51	#
174	3821.91	0	34	40	48	#
175	976.9	53	#
176	1599.9	12	56	#
177	2531.3	29	47	54	#
178	1973.85	2	53	#
179	1953.41	2	21	#
180	1999.14	0	22	37	40	57	#
181	3105.09	6	29	44	49	52	62	#
182	1994.33	15	36	#
183	1403.19	7	19	20	31	#
184	1518.32	8	29	31	55	#
185	1057.76	4	30	#
186	1681.64	9	62	#
187	1643.32	28	33	51	#
188	1788.14	25	33	57	#
189	3759.44	2	22	25	28	#
190	974.729	52	#
191	4044.82	7	10	19	23	43	48	#
192	7106.1	0	3	5	6	16	29	37	48	60	#
193	1182.62	41	54	#
194	1763.73	9	23	45	51	#
195	1721.22	21	46	#
196	3664.07	8	28	53	60	#
197	1514.46	15	35	#
198	3651.7	20	26	27	37	42	51	#
199	2425.16	2	24	59	#
200	1529.39	44	49	#
201	2105.24	25	48	56	#
202	2906.44	40	56	60	#
203	2523.49	11	39	42	#
204	2201.26	27	31	35	39	43	47	60	#
205	1965.05	17	22	32	#
206	1804.96	17	31	#
207	1887.4	26	42	#
208	922.871	17	#
209	1233.84	14	15	#
210	5437.6	14	19	22	26	30	31	44	48	54	62	63	#
211	1272.01	3	57	#
212	5972.89	21	22	23	26	32	34	43	48	56	62	#
213	2137	4	16	48	60	63	#
214	874.349	44	#
215	1949.91	26	52	#
216	1922.85	18	53	#
217	2487.4	19	32	34	#
218	992.525	27	53	#
219	1015.42	10	50	#
220	1714.37	5	19	45	#
221	2146.43	27	41	57	#
222	986.34	10	18	#
223	1348.28	37	47	#
224	2154.47	6	21	59	#
225	4408.83	3	4	5	34	51	#
226	1757.06	39	43	#
227	1028.82	27	48	#
228	2257.66	7	15	41	#
229	1521.19	42	55	#
230	3969.02	33	58	59	63	#
231	1326.55	52	54	#
232	1850.05	4	47	#
233	3440.35	1	4	9	24	38	43	49	51	56	#
234	3099.58	10	16	30	43	#
235	1540.03	12	41	#
236	1788.58	29	30	35	#
237	1766.97	15	25	32	57	#
238	1083.1	1	34	#
239	2736.29	12	21	62	#
240	1602.75	2	33	42	#
241	2426.59	1	27	55	#
242	2930.37	2	12	36	51	#
243	3108.09	16	22	52	58	#
244	1175.89	5	34	#
245	1493.11	2	27	58	#
246	1430.88	40	51	59	#
247	1333.25	22	40	50	#
248	1937.72	16	49	57	#
249	1721.67	3	54	#
250	2129.45	23	27	37	#
251	1699.41	25	27	30	46	48	57	#
252	2817.67	9	15	38	#
253	2001.31	2	27	42	59	#
254	1439.63	2	17	#
255	1815.09	7	16	38	40	61	#
256	3490.91	23	36	39	51	#
257	1626.6	38	45	54	57	#
258	2284.44	17	19	21	26	27	#
259	1535.56	0	19	28	#
260	946.249	58	#
261	1214.1	40	47	#
262	2000.37	21	41	56	#
263	1801.43	40	44	#
264	1968.44	12	17	#
265	5981.29	20	26	27	36	43	60	#
266	1357.05	6	12	#
267	1586.6	23	43	48	#
268	1962.4	42	60	#
269	1690.92	42	59	#
270	1504.64	12	20	#
271	1453.92	2	50	#
272	3664.12	1	13	49	55	#
273	1965.78	24	58	#
274	1749.07	11	28	60	#
275	2409.68	9	12	29	57	#
276	846.459	12	#
277	3580.59	3	18	25	30	#
278	1929.69	52	62	#
279	2892.35	13	39	41	47	53	#
280	1259.22	8	19	#
281	1689.88	0	3	#
282	1767.3	7	50	#
283	1802.54	8	60	#
284	1586.29	1	46	#
285	1681.52	39	55	#
286	2283.83	27	37	45	59	#
287	2745.8	1	44	63	#
288	2639.33	16	41	43	#
289	1602.24	8	35	53	#
290	1077.04	10	25	32	#
291	5859.93	3	4	15	23	32	44	63	#
292	2294.11	6	8	20	23	56	57	#
293	4707.42	7	12	19	20	24	26	32	#
294	1456.41	11	43	#
295	2163.77	5	19	33	#
296	1548.83	19	37	#
297	1151.31	8	10	53	#
298	1635.61	19	35	42	53	#
299	1971.64	51	63	#
300	2644.95	6	8	14	26	35	#
301	2145.66	39	48	55	#
302	1922.63	14	49	63	#
303	1289.98	41	53	#
304	2813.31	11	28	45	#
305	1874.94	35	63	#
306	1255.74	24	61	#
307	2206.03	22	38	39	56	#
308	2460.69	17	19	27	28	55	#
309	1238.51	13	22	#
310	1955.45	42	50	#
311	1000.08	21	28	43	#
312	2191.51	12	35	48	54	63	#
313	1679.63	7	32	#
314	1456.86	5	32	#
315	3778.09	0	9	11	12	15	16	34	60	63	#
316	1328.73	27	52	53	58	59	#
317	2914.63	24	28	36	42	47	#
318	1985.01	4	10	11	19	35	37	#
319	3104.84	15	51	59	61	#
320	1478.09	0	16	#
321	1534.91	1	29	#
322	4064.52	1	6	7	8	44	54	59	#
323	2266.9	7	16	59	#
324	1781.91	9	48	#
325	1516.42	36	38	#
326	1788.16	1	52	#
327	1461.29	8	14	#
328	2776.67	14	44	46	50	#
329	3123.7	7	13	19	30	37	40	45	#
330	2636.31	35	39	57	#
331	1107.23	21	52	#
332	3810.69	5	19	22	47	58	#
333	4229.71	9	11	28	34	52	#
334	1691.15	16	18	#
335	1709.24	10	15	#
336	1526.82	27	33	#
337	1182.56	19	45	#
338	1274.67	14	32	#
339	3055.64	1	19	21	60	#
340	1636.73	1	19	#
341	1935.77	45	48	#
342	1986.22	24	28	35	#
343	4144.03	15	31	39	41	49	#
344	1294.46	57	62	#
345	2749.31	21	52	55	#
346	2624.91	33	35	46	49	57	#
347	2563.48	11	18	58	#
348	1708.98	23	25	#
349	5446.81	12	39	40	49	55	56	61	#
350	2954.46	21	25	33	#
351	2884.82	29	30	41	53	#
352	13926.2	36	8	21	48	57	34	20	9	15	40	26	23	44	1	41	#
353	1329.75	26	41	#
354	1825.63	35	44	#
355	5344.12	2	15	27	31	41	49	56	57	59	#
356	1866.63	5	17	47	#
357	5599.75	19	28	29	43	49	58	59	61	63	#
358	1654.66	47	50	#
359	1090.11	6	28	#
360	2346.33	5	9	62	#
361	2520.19	1	23	53	#
362	1665.27	6	11	#
363	1992.79	3	29	36	43	#
364	3691.04	30	32	42	47	#
365	4836.92	3	17	27	29	39	41	53	#
366	1379.13	18	40	#
367	1435.25	48	51	61	#
368	4155.22	7	8	43	47	55	#
369	6076.44	9	14	17	48	51	54	62	#
370	1818.48	24	30	50	#
371	1804.31	7	22	63	#
372	1284.62	9	25	#
373	1982.65	17	57	#
374	2451.5	4	22	45	#
375	1051.79	8	43	#
376	1693.76	8	29	45	#
377	3009.94	3	4	13	31	#
378	1523.22	32	55	#
379	1097.6	11	46	#
380	1730.81	48	56	#
381	6292.15	12	25	32	33	35	37	56	#
382	1954.88	4	11	#
383	2384.34	13	31	51	#
384	1136.28	9	41	#
385	2660.88	14	24	26	43	46	49	#
386	1868.69	25	50	#
387	3309.91	15	21	33	59	#
388	3106.02	14	15	29	43	#
389	3114.85	7	16	18	38	#
390	1331.31	12	32	#
391	3325.4	0	6	32	48	#
392	1629.05	10	17	#
393	1738.02	19	49	#
394	1861.36	15	26	#
395	5588.03	6	14	17	19	29	39	45	51	63	#
396	2925.95	22	24	34	#
397	2754.21	22	23	31	53	#
398	1492.65	52	63	#
399	3973.47	1	11	26	60	#
400	4756.85	9	32	46	49	50	63	#
401	1174.49	19	42	#
402	1785.19	35	62	#
403	3873.67	6	8	33	44	48	#
404	1669.76	7	16	43	46	56	#
405	1851.89	7	10	#
406	2633.03	12	27	46	#
407	1483.12	11	24	#
408	2969.9	5	21	42	43	#
409	1016.74	6	58	#
410	3028.63	15	31	33	34	61	#
411	1539.54	28	38	53	59	#
412	1658.75	17	38	41	#
413	1237.73	5	33	#
414	3416.92	12	24	31	38	39	61	#
415	3516.31	18	19	32	61	#
416	1875.23	11	49	#
417	2793.48	27	52	58	60	#
418	3052.16	5	14	17	26	31	51	63	#
419	1241.65	6	42	#
420	2990.62	15	18	61	#
421	3908.09	8	30	40	51	#
422	1281.2	20	33	42	#
423	2452.06	14	35	46	62	#
424	1375.07	22	31	#
425	2975.8	11	14	19	52	#
426	1150.51	44	58	#
427	1408.6	22	38	#
428	1932.59	7	24	54	#
429	1650.57	28	34	#
430	1153.89	17	48	#
431	1217.72	2	26	30	#
432	3198.8	5	20	31	39	51	#
433	1570.6	3	7	#
434	1661.42	22	41	#
435	1260.77	14	43	#
436	1623.76	31	37	38	#
437	2391.85	12	35	60	#
438	3166.67	28	29	35	59	#
439	2902.04	4	17	26	57	#
440	6875.88	10	30	31	35	44	48	59	#
441	1224.84	8	33	63	#
442	1880.68	1	9	#
443	2220.66	13	19	57	#
444	3298.52	9	17	42	47	#
445	1876.76	6	28	39	#
446	2381.1	18	22	24	27	#
447	1559.95	27	50	#
448	2788.16	12	19	37	41	#
449	3433.64	0	11	13	51	#
450	2528.93	25	43	54	#
451	1523.31	24	29	#
452	1820.59	27	54	55	#
453	3788.25	9	22	23	35	#
454	1897.76	21	36	39	#
455	1446.12	8	44	#
456	2641.77	36	43	59	#
457	1816.02	19	38	#
458	2235.4	18	19	51	#
459	1598.93	35	48	#
460	2479.07	2	23	25	42	50	#
461	1482.11	15	30	31	46	#
462	2524.73	32	45	62	#
463	1680.26	24	26	#
464	4301.11	4	6	25	34	52	#
465	5797.2	4	17	24	36	50	58	#
466	1676.18	23	35	48	#
467	2179.22	9	20	36	61	#
468	2797.82	16	38	41	#
469	6127.34	8	19	21	33	43	45	49	57	59	61	#
470	1005.05	40	46	60	#
471	3528.87	3	33	44	54	#
472	1924.9	8	34	#
473	2308.28	35	52	55	62	#
474	2339.78	1	8	43	46	48	55	57	#
475	1381.57	9	39	#
476	1528.19	3	42	#
477	2866.25	21	25	31	38	44	47	50	54	#
478	1175.19	24	56	#
479	2191.24	9	19	33	40	42	#
480	1722.18	16	34	43	45	#
481	1678.54	25	53	#
482	1526.03	13	46	51	#
483	3589.28	15	21	23	25	46	51	58	59	61	#
484	1271.42	48	55	#
485	1869.87	2	25	52	54	#
486	1662.37	3	50	55	#
487	4116.21	1	15	41	48	50	#
488	2255.32	10	34	40	#
489	3860.69	37	43	45	49	#
490	1803.56	6	31	#
491	1119.34	49	50	54	#
492	2571.28	0	37	42	#
493	3547.27	1	44	52	59	#
494	1865.21	21	44	48	#
495	1771.95	6	16	46	52	#
496	2553.48	10	35	46	59	61	#
497	2862.73	10	17	52	61	#
498	2112.99	15	35	38	#
499	1450.08	45	47	#
500	3264.35	14	20	25	43	63	#
501	3009.36	10	13	39	47	48	49	54	60	#
502	1285.42	55	61	#
503	1320.6	0	14	50	#
504	1356.93	10	36	62	#
505	3451.72	0	1	9	12	51	#
506	2618.16	1	25	46	#
507	2019.78	0	11	13	#
508	1205.73	2	4	10	20	#
509	1506.7	46	47	53	#
510	1777.23	44	55	#
511	4369.13	0	16	20	34	56	59	#
512	1376.72	18	39	56	#
513	1225.89	1	7	#
514	1628.29	12	25	63	#
515	3230.35	11	45	51	59	#
516	1619.19	4	50	#
517	1945.4	2	46	#
518	1790.83	17	55	#
519	5005.98	2	17	19	27	32	36	38	48	55	61	#
520	1393.6	43	50	53	61	#
521	2900.4	2	10	33	#
522	1213.62	5	11	#
523	1529.46	8	12	54	55	#
524	1943.93	12	52	53	#
525	1518.51	24	38	53	#
526	1557.91	15	32	#
527	1012.38	28	52	#
528	2252.42	18	28	47	#
529	1759.84	5	28	34	50	#
530	2341.85	41	44	54	#
531	1667.7	11	34	#
532	1420.4	14	24	28	40	42	#
533	4355.89	7	8	12	21	62	63	#
534	3738.21	10	25	42	50	#
535	1496.21	34	39	59	#
536	1797.03	9	43	#
537	3013.09	13	31	40	47	56	#
538	1725.7	27	56	#
539	2015.75	10	17	27	30	31	#
540	3159.85	22	32	40	52	63	#
541	2163.16	17	47	60	#
542	3428.04	2	30	33	52	#
543	1838.51	12	27	#
544	1938.66	5	30	#
545	1331.23	24	43	#
546	1047.17	10	43	51	#
547	3389.16	9	11	33	52	60	#
548	1797.84	18	62	#
549	2200.49	2	4	21	#
550	1179.3	39	60	#
551	1584.43	35	54	#
552	3814.86	7	13	21	32	42	#
553	2978.22	11	17	32	#
554	1045.29	6	46	#
555	1022.05	18	30	#
556	1125.67	19	28	#
557	1296.35	13	16	#
558	1041.22	12	24	#
559	3964.56	17	24	42	50	#
560	1118.21	53	59	#
561	2002.74	6	31	43	#
562	2122.6	0	23	45	#
563	2032.99	16	19	45	#
564	1425.74	10	41	#
565	1428.56	36	43	#
566	5444.38	28	38	42	46	52	58	#
567	1167.53	33	44	#
568	1869.52	44	47	63	#
569	3849.46	3	4	23	29	#
570	1856.04	1	49	#
571	2801.63	2	57	62	#
572	1817.13	19	33	#
573	1277.24	48	50	#
574	2636.69	12	16	33	#
575	1876.97	2	13	16	33	#
576	1340.33	8	41	#
577	1166.82	28	55	#
578	1198.42	10	28	29	35	#
579	2156.13	5	12	20	27	31	63	#
580	1876.33	7	9	26	53	63	#
581	3725.26	9	11	23	52	#
582	2363.77	7	10	14	41	63	#
583	1632.86	34	44	#
584	3411.66	11	12	38	40	#
585	5127.6	19	23	24	33	43	49	#
586	1159.21	5	29	#
587	4111.35	2	6	9	19	39	41	46	57	#
588	1891.05	30	32	#
589	1354.74	32	63	#
590	1402.01	19	44	#
591	1157.98	9	58	#
592	1239.61	7	20	37	46	62	#
593	1579.9	23	45	47	#
594	1651.63	7	24	#
595	4056.49	24	51	57	59	60	#
596	2638.1	16	38	44	#
597	1537.87	19	50	#
598	1670.53	20	50	#
599	1446.49	6	39	#
600	2853.08	18	23	40	43	50	52	54	#
601	970.746	12	43	#
602	1343.46	28	40	#
603	1606.01	12	15	#
604	1193.53	20	38	47	#
605	3213.6	21	32	42	53	61	#
606	1795.07	25	43	#
607	1855.3	22	55	#
608	1956.62	45	52	#
609	2572.47	11	48	58	#
610	2353.18	7	27	36	#
611	984	4	58	#
612	3067.04	8	32	35	37	50	51	57	#
613	1709.02	10	38	#
614	1783.57	13	18	23	33	#
615	1735.11	23	48	52	58	#
616	1430.84	27	39	#
617	4429.53	4	22	32	50	55	#
618	1529.66	18	37	#
619	1943.69	3	14	20	25	33	48	62	#
620	1644.96	7	58	#
621	2909.53	11	19	21	#
622	1979.27	0	35	55	#
623	1303.84	4	31	#
624	1474.35	13	40	#
625	1773.87	10	13	#
626	1297.91	36	49	#
627	2422.56	29	32	61	#
628	2149.39	10	23	28	#
629	6068.31	15	22	26	38	42	47	49	56	#
630	3563.27	14	18	32	33	#
631	1084.68	13	61	#
632	9691.14	4	5	14	22	24	31	42	45	52	53	59	#
633	1973.07	15	53	#
634	1771.35	0	3	23	28	#
635	1850.5	6	41	54	56	63	#
636	1341.5	17	20	#
637	1872.03	15	16	#
638	1221.89	26	54	#
639	1373.39	12	23	32	#
640	1558.86	34	42	56	#
641	2394.67	25	36	61	#
642	6427.65	0	4	29	44	47	49	57	#
643	1016.83	22	39	#
644	1589.38	0	52	#
645	1896.51	36	58	#
646	1099.95	21	47	#
647	2618.6	17	28	32	#
648	1400.46	2	16	#
649	1585.32	0	63	#
650	4552.81	5	11	24	33	40	56	60	63	#
651	1873.7	21	24	45	#
652	1855.68	6	11	35	#
653	2037.06	36	52	53	56	#
654	1411.67	32	34	#
655	3738.72	15	24	27	33	#
656	1832.45	42	58	#
657	3311.26	9	17	39	43	#
658	1883.86	2	11	#
659	2928.26	2	10	36	#
660	2636.74	4	22	42	46	48	#
661	1978.81	13	15	23	53	#
662	6541.98	4	5	15	22	33	45	57	#
663	3155.99	17	51	58	61	#
664	3216.65	7	11	32	36	43	57	63	#
665	2604.95	13	27	32	43	#
666	1172.3	44	50	#
667	2929.33	31	33	37	54	56	#
668	2436.2	25	29	49	61	#
669	1915.82	3	62	#
670	4696.97	3	9	21	36	37	45	51	#
671	4631.52	18	37	39	49	51	61	#
672	2241.23	8	32	43	47	#
673	1155.39	9	17	#
674	1253.09	40	49	#
675	1641.42	12	58	#
676	1895.3	20	48	#
677	1261.67	4	29	#
678	10112.7	0	2	4	12	19	20	23	27	32	48	52	58	#
679	1630.86	13	23	24	27	44	60	61	#
680	3202.32	33	36	37	55	#
681	1963.81	0	13	52	#
682	3075.96	3	17	21	37	#
683	4598	13	38	43	47	55	#
684	1771.1	6	55	#
685	2169.06	40	44	54	#
686	2632.59	29	46	56	#
687	972.527	29	44	#
688	1914.29	16	18	22	24	42	49	#
689	1298.76	50	60	#
690	3063.27	1	6	10	56	#
691	1728.37	3	32	#
692	2316.36	11	35	45	#
693	1203.25	44	61	#
694	6559.34	2	3	5	39	42	45	54	#
695	1561.1	18	43	#
696	2749.11	38	44	51	#
697	2978.23	2	19	22	27	41	43	#
698	1087.13	26	59	#
699	1265.76	22	43	#
700	5631.42	13	16	18	46	53	54	#
701	2871.03	16	28	31	#
702	1067.25	54	62	#
703	3802.61	0	20	45	49	#
704	3760.33	6	18	26	57	#
705	2646.18	21	26	36	#
706	4925.51	19	25	32	46	57	#
707	1750.76	12	16	#
708	2218.4	8	21	23	#
709	3263.6	1	5	7	9	18	19	23	37	43	63	#
710	2317.6	1	6	17	19	20	50	#
711	1521.74	49	60	#
712	3233.53	1	3	8	11	23	26	46	#
713	1544.4	15	57	#
714	1890.57	44	50	60	61	#
715	1270.42	37	59	62	#
716	2138.28	16	25	32	#
717	2814.3	11	20	53	#
718	3411.58	23	34	48	61	63	#
719	1693.16	0	9	#
720	3699.1	17	41	54	56	58	#
721	2243.66	8	39	45	#
722	5296.03	8	9	10	22	42	55	60	63	#
723	3374.72	14	16	33	52	#
724	1218.81	8	36	#
725	2180.86	18	42	56	#
726	3312.71	30	34	42	49	#
727	1104.39	5	22	#
728	1934.19	28	37	#
729	1528.73	0	39	#
730	4888	13	23	24	36	53	56	#
731	1485.04	33	61	#
732	2445.13	51	61	62	#
733	5186.33	3	20	21	27	38	47	48	50	53	#
734	4949.83	12	23	32	34	40	59	#
735	1213.91	7	8	#
736	1210.66	23	40	#
737	2427.81	22	46	63	#
738	1789.74	22	24	29	#
739	1050.3	9	51	#
740	1027.1	3	51	#
741	1979.14	30	60	#
742	2640.93	1	52	58	#
743	3213.06	2	23	27	46	#
744	3170.04	18	22	35	45	58	#
745	1224.7	2	25	40	47	#
746	1666.04	29	58	#
747	5062.74	8	10	16	18	28	36	54	63	#
748	1569.05	6	63	#
749	2470.33	17	21	45	#
750	2805.49	0	26	47	#
751	3081.17	8	23	26	51	52	#
752	2114.94	7	22	52	59	#
753	1047.92	13	31	#
754	1531.87	36	47	55	#
755	5384.88	13	27	41	42	53	54	59	#
756	2743.22	3	6	10	13	21	#
757	1120.01	29	36	#
758	1588.08	1	3	21	37	#
759	1004.34	9	45	#
760	1740.13	29	34	#
761	1083.27	13	42	#
762	1752.74	7	44	#
763	2501.67	7	23	29	34	#
764	3369.18	4	23	46	54	#
765	2831.19	32	35	48	#
766	4146.7	8	37	39	46	47	58	#
767	1789.1	18	54	#
768	4038.56	7	9	41	50	58	#
769	1343.29	6	29	54	#
770	2149.12	6	11	59	#
771	1018.78	62	63	#
772	2664.6	7	47	49	#
773	2922.49	4	5	8	#
774	4142.23	0	14	20	37	47	#
775	1621.52	24	32	#
776	2582.14	7	20	28	#
777	1000.12	15	18	#
778	2702.93	36	45	58	#
779	1008.66	1	22	62	#
780	1451.47	10	21	#
781	2456.65	37	53	63	#
782	2174.03	20	21	39	#
783	1978.77	16	39	41	44	53	#
784	1589.26	7	16	49	53	#
785	1029.63	2	13	#
786	1214.66	13	49	#
787	2498.87	14	28	32	#
788	5629.73	3	5	9	31	40	44	50	56	57	62	#
789	1952.04	34	38	#
790	2468.65	10	20	23	#
791	2434.59	21	52	58	#
792	1419.71	12	51	#
793	5650.87	9	14	16	40	60	61	#
794	1815.71	22	49	#
795	1142.03	15	22	#
796	1890.83	38	43	#
797	3726.2	18	52	58	62	#
798	1640.84	32	42	#
799	1362.2	10	16	28	62	#
800	1837.9	11	23	#
801	1376.94	22	48	#
802	2475.27	24	38	47	59	#
803	5610.02	3	9	17	19	31	43	45	54	#
804	2031.61	13	18	24	60	#
805	2348	15	17	48	59	#
806	1543.91	17	37	#
807	1123.41	1	8	20	#
808	1417.35	25	49	56	#
809	1968.03	19	34	#
810	2005.63	4	24	41	49	63	#
811	2205.01	35	52	57	#
812	4900.23	23	26	30	38	46	47	#
813	1528.99	16	32	#
814	1889.42	4	7	#
815	1648.68	23	51	#
816	1523.48	32	40	45	#
817	3450.79	14	18	36	56	#
818	3898.09	15	24	30	33	38	45	50	#
819	1009.52	19	54	#
820	2747.9	10	39	42	63	#
821	3734.35	2	7	8	25	#
822	2913.62	20	36	42	#
823	1962.02	4	38	40	#
824	1236.49	15	20	#
825	3443.33	3	16	21	53	#
826	1606.23	15	25	#
827	6933.64	0	2	12	16	18	25	27	#
828	4580.08	6	10	12	17	56	61	#
829	1637.33	6	19	#
830	3641.06	13	29	31	38	40	43	#
831	2166.91	9	15	17	27	28	36	54	#
832	1015.13	29	48	#
833	1529.94	18	20	#
834	5327.47	17	23	36	48	56	58	#
835	1678.77	34	43	#
836	1485.66	34	56	#
837	2901.86	34	39	45	#
838	2951	0	23	34	38	#
839	1701.32	20	60	#
840	1941.47	29	31	54	#
841	1026.52	27	38	#
842	1448.3	37	61	#
843	6431.64	3	12	18	25	37	39	41	#
844	1441.81	30	59	#
845	7606.77	11	16	19	21	22	26	29	31	35	37	39	60	62	#
846	1273.67	46	54	#
847	1573.32	5	58	#
848	1034.34	3	11	51	#
849	1628.47	42	56	63	#
850	2283.99	2	16	20	#
851	2009.32	43	49	63	#
852	1273.58	5	20	51	#
853	3522.54	45	48	56	59	#
854	3102.64	23	35	44	51	#
855	1284.59	21	39	#
856	1541.97	5	6	#
857	2161.56	0	2	4	10	44	47	60	#
858	1631.8	5	8	#
859	3149.56	22	39	50	54	#
860	1377	2	10	59	#
861	3852.25	3	8	20	21	36	50	55	62	#
862	3309.94	3	14	19	45	#
863	1036.26	35	51	#
864	2845.85	1	11	26	33	#
865	4822.19	3	9	34	40	41	#
866	1427.09	36	60	#
867	898.696	22	44	#
868	1565.86	5	43	51	#
869	2418.13	15	20	41	#
870	1324.04	28	41	#
871	1653.2	39	57	#
872	2445.82	21	24	29	39	#
873	1785.16	34	51	#
874	1174.6	7	41	#
875	2814.81	1	3	17	22	23	52	61	#
876	2331.64	5	7	11	18	#
877	2960.38	24	31	42	58	61	#
878	1938.39	37	60	#
879	1349.33	23	33	46	#
880	2333.8	8	16	22	#
881	1680.37	3	5	14	18	40	49	#
882	1293.79	9	23	#
883	5208.71	9	14	16	30	43	46	49	53	#
884	2747.81	52	57	62	#
885	3503.71	14	33	38	41	47	#
886	1240.52	17	59	#
887	1088.6	5	57	#
888	2738.17	40	45	46	#
889	1325.18	24	62	#
890	1184.14	8	31	33	#
891	4065.15	6	8	12	29	44	61	#
892	1646.02	9	52	59	#
893	1063.93	12	50	#
894	4722.03	5	28	31	33	52	54	61	#
895	2950.12	1	9	50	60	#
896	1477.34	6	35	#
897	1663.75	2	8	41	#
898	3215.4	4	18	20	26	48	50	#
899	1223.3	10	16	#
900	3724.82	17	26	29	32	#
901	1384.57	40	43	46	#
902	1090.8	4	9	#
903	3296.06	2	29	55	58	#
904	3110.9	2	27	55	60	#
905	4877.43	13	33	36	55	62	#
906	2395.81	10	16	19	36	47	#
907	1357.75	3	9	#
908	1946.79	30	52	#
909	1612.58	0	8	25	27	40	58	63	#
910	1711.33	6	20	#
911	1291.45	23	24	#
912	1442.58	28	40	50	#
913	3476.86	2	11	21	28	#
914	1299.37	24	42	#
915	1980.67	51	57	#
916	3915.22	1	2	21	32	42	43	51	56	58	59	#
917	1016.41	26	43	#
918	1957.05	26	51	62	#
919	1103.05	1	38	44	#
920	1849.22	7	24	25	63	#
921	3729.01	2	15	23	34	52	63	#
922	1003.63	16	43	#
923	1745.6	9	32	#
924	2340.95	13	19	27	#
925	2670.35	0	6	51	#
926	2289.15	1	39	54	#
927	3447.84	40	47	54	56	#
928	8860.51	0	8	12	28	33	39	53	59	61	#
929	5539.43	4	7	11	53	54	60	#
930	1286.98	11	59	#
931	1994.77	7	61	62	#
932	1490.99	45	59	#
933	2552.08	22	34	39	48	60	61	63	#
934	3247.73	10	16	40	45	59	#
935	1479.83	33	35	#
936	1504.67	29	38	#
937	1775.8	0	24	#
938	1480.52	0	12	#
939	1316.28	37	48	#
940	3690.17	7	32	36	37	38	44	#
941	1782.35	9	61	#
942	2796.1	19	24	34	59	#
943	3725.22	17	18	54	58	#
944	1043.1	23	28	#
945	2302.98	10	36	54	#
946	4529.5	36	39	55	61	63	#
947	3884.18	12	19	24	28	#
948	1824.28	14	63	#
949	1802.36	27	45	#
950	1272.7	2	38	#
951	1804.69	30	33	#
952	1603.28	3	10	#
953	2706.08	6	44	54	#
954	1339.75	2	62	#
955	1350.09	8	48	55	#
956	2136.37	7	32	50	54	#
957	1183.5	12	28	#
958	1421.5	8	43	49	50	59	#
959	3823.13	7	10	42	45	#
960	6300.74	11	34	37	51	52	54	60	#
961	1690.68	3	26	#
962	3576.54	9	12	43	49	53	#
963	1284.08	5	21	29	#
964	4756.71	9	24	38	44	56	#
965	1971.26	9	27	#
966	1686.99	12	28	44	47	62	#
967	4142.8	10	17	41	55	58	#
968	1576.57	23	47	#
969	3049.99	6	38	43	50	#
970	1599.63	15	40	47	#
971	1090.81	24	60	#
972	1725.87	14	58	#
973	2892.97	25	42	43	#
974	2390.33	2	3	15	62	#
975	1812.54	23	53	#
976	2692.3	14	20	39	#
977	5358.2	4	8	10	12	17	39	61	#
978	2998.62	1	19	22	29	34	40	53	59	#
979	3148.65	5	19	27	28	43	59	#
980	1157.73	1	13	#
981	7361.62	0	1	9	23	35	43	55	57	61	62	#
982	4189.17	13	18	36	37	38	52	57	#
983	3010.69	10	17	42	46	#
984	4148.26	5	28	29	49	50	54	#
985	2946.55	14	21	31	42	63	#
986	1726.75	13	32	44	#
987	3742.61	13	16	34	51	#
988	1250.63	24	36	#
989	1398.42	35	56	#
990	3894.42	2	5	15	53	#
991	1388.2	37	49	#
992	1917.57	31	53	#
993	2903.32	1	9	21	#
994	1467.9	10	52	#
995	3313.78	8	19	28	61	63	#
996	1446.61	4	18	49	#
997	1934.75	6	17	60	#
998	1328.24	38	59	#
999	3484.17	5	17	37	43	44	61	#
