%% File generated by CATS v.2.1Wed Jun 22 10:37:31 2022

%% The CATS webpage is http://robotics.stanford.edu/CATS

%% PARAMETER SETTINGS:
% Goods: 64; Bids: 1000; Distribution: L4; Runs: 1; Seed: 1656572518
% Legacy distribution parameters:
% Number of goods chosen according to Decay distribution (alpha = 0.55).
% Price chosen according to Linear Random distribution (low_linearly = 1, high_linearly = 1000).


goods 64
bids 1000
dummy 0

0	2530.59	1	13	40	#
1	1615.98	9	23	25	#
2	995.976	56	#
3	907.749	8	#
4	970.331	42	#
5	1379.24	11	40	46	#
6	987.27	25	#
7	1846.72	21	53	#
8	949.763	31	#
9	999.663	1	#
10	1930.65	9	38	#
11	917.182	28	#
12	955.151	49	#
13	957.406	15	#
14	1045.09	4	26	#
15	916.977	20	#
16	784.938	50	#
17	917.159	21	#
18	986.425	59	#
19	961.611	17	#
20	1004.47	19	46	#
21	935.592	6	#
22	949.759	43	#
23	1974.71	30	46	#
24	998.5	5	#
25	932.654	35	#
26	1493.02	20	59	#
27	2661.06	22	32	38	61	#
28	951.017	47	#
29	996.393	63	#
30	937.204	48	#
31	944.792	22	#
32	991.374	52	#
33	4123.01	4	16	21	22	23	32	56	62	#
34	2309.08	14	43	61	#
35	968.702	46	#
36	1539.03	36	54	#
37	2133.62	22	26	30	#
38	972.426	57	#
39	996.147	29	#
40	4392.68	3	36	43	56	62	#
41	1412.28	30	31	#
42	3485.51	8	34	39	62	#
43	976.602	39	#
44	1919.84	36	59	#
45	941.554	27	#
46	1757.22	21	45	#
47	952.917	33	#
48	1349.08	3	11	#
49	979.584	41	#
50	924.146	12	#
51	1889.5	6	9	11	32	46	48	50	52	53	#
52	2471.94	12	55	63	#
53	2952.44	57	58	62	#
54	1473.53	32	62	#
55	1878.86	21	38	#
56	926.846	2	#
57	1284.81	48	57	#
58	1644.48	8	17	#
59	995.917	4	#
60	1908.18	26	44	#
61	967.317	44	#
62	1595.11	5	42	#
63	980.097	13	#
64	999.755	16	#
65	1451.76	18	48	#
66	998.267	40	#
67	908.095	9	#
68	948.889	7	#
69	5050.72	3	38	48	54	58	61	#
70	767.886	34	#
71	2326.72	3	12	63	#
72	1283.82	5	16	24	#
73	2126.05	13	22	27	63	#
74	994.912	55	#
75	998.366	14	#
76	994.448	10	#
77	1536.55	7	41	#
78	1566.32	19	32	#
79	996.047	62	#
80	1431.37	0	44	#
81	959.086	36	#
82	819.109	60	#
83	922.64	23	#
84	4739.26	6	7	27	29	43	45	48	#
85	1160.57	31	57	#
86	2818.21	9	27	37	41	#
87	5231.25	5	26	27	34	58	60	#
88	981.443	24	#
89	1864.24	13	26	#
90	2376.88	15	20	23	60	#
91	1757.31	6	31	#
92	2737.88	28	39	54	#
93	1637.71	0	34	#
94	3882.02	13	20	27	32	33	49	51	63	#
95	985.877	51	#
96	992.116	3	#
97	2478.78	12	43	60	#
98	925.007	0	#
99	4373.52	12	22	25	28	50	#
100	1697.3	11	28	38	44	#
101	952.702	32	#
102	1851.72	16	54	#
103	1780.22	16	34	#
104	1752.44	45	57	#
105	995.409	9	61	#
106	2132.97	7	45	48	#
107	962.952	30	#
108	1785.28	41	46	#
109	1019.29	4	40	56	#
110	2339.32	18	39	56	#
111	1447.64	45	46	#
112	1881.27	24	53	#
113	1486.58	6	11	58	#
114	1981.73	15	25	32	42	#
115	984.284	11	#
116	4774.88	7	25	29	36	40	#
117	1576.39	11	27	#
118	997.303	53	#
119	1747.76	23	39	50	#
120	1576.2	33	51	#
121	2982.63	20	22	23	30	#
122	1562.37	9	59	#
123	4891.93	20	21	30	31	34	#
124	967.741	58	#
125	2918.02	6	30	32	#
126	3399.61	34	46	58	59	60	61	#
127	1642.56	8	62	#
128	1950.57	46	47	#
129	995.97	54	#
130	971.824	38	#
131	994.372	9	32	37	#
132	1587.96	28	53	59	#
133	1464.55	16	36	46	#
134	3784.8	1	8	15	56	#
135	2868.99	18	38	44	#
136	2757.39	15	16	32	61	#
137	1508.1	28	61	#
138	1167.93	49	57	#
139	1434.64	2	30	#
140	3275.85	15	23	41	47	49	60	62	#
141	5867.32	3	7	9	15	33	35	#
142	2767.15	30	45	53	58	#
143	1228.24	16	47	#
144	7311.58	3	6	34	44	46	48	49	54	#
145	1405.58	25	35	#
146	1147.09	31	49	#
147	1487.63	25	51	#
148	2372.67	4	33	60	#
149	1857.46	0	15	#
150	5629.07	4	34	37	45	53	55	56	58	#
151	2950.14	23	46	58	60	#
152	3401.6	6	7	22	26	48	60	#
153	2226.52	3	4	58	#
154	2967.11	3	11	21	54	58	#
155	1686.95	12	52	#
156	1756.11	13	17	#
157	1513.75	1	32	37	#
158	1653.96	41	52	#
159	1848.32	2	28	49	56	#
160	2937.37	14	46	50	#
161	5937.97	12	16	32	35	54	56	#
162	3049.16	17	20	32	36	52	#
163	2305.36	9	12	26	#
164	1019.39	29	47	#
165	1092.66	22	45	#
166	964.578	18	#
167	1775.08	1	49	#
168	1240.01	53	54	#
169	1477.19	13	58	#
170	2155.91	7	17	32	#
171	3866.94	5	7	8	49	#
172	1844	46	50	#
173	1407.04	15	17	18	39	#
174	1447.44	18	40	62	#
175	1733.46	21	44	#
176	1974.07	1	19	61	#
177	1998.03	1	46	62	#
178	777.394	19	#
179	2613.97	15	20	58	#
180	1375.5	16	60	#
181	2961.5	5	34	46	57	61	#
182	5025.43	1	17	19	20	46	63	#
183	992.773	6	57	#
184	1583.5	20	47	#
185	2649.32	14	17	39	#
186	3694.89	8	29	32	33	#
187	2434.26	2	42	57	#
188	976.938	6	20	38	#
189	2718.84	32	35	54	#
190	2499.61	0	35	46	55	#
191	2228.85	23	46	51	54	#
192	1812.03	11	41	46	#
193	1433.02	12	29	#
194	1938.89	26	34	#
195	3126.96	0	41	42	52	#
196	2258.57	26	38	39	#
197	1315.82	35	43	#
198	5689.63	1	7	19	23	28	30	31	32	34	36	43	47	51	61	63	#
199	1272.17	9	12	#
200	2364.13	9	22	60	#
201	3004.98	11	16	24	30	35	39	44	#
202	4418.12	6	15	23	24	26	60	#
203	1974.08	8	48	#
204	2120.58	11	35	54	59	#
205	2536.1	44	55	60	#
206	3578.11	10	41	60	61	#
207	1240.59	0	47	#
208	2575.3	1	47	48	#
209	8618.75	3	4	7	10	30	46	56	57	62	#
210	1283.85	7	27	#
211	1761.22	19	58	#
212	1561.97	6	46	#
213	2977.28	3	12	27	28	44	45	#
214	2915.03	0	38	60	#
215	1477.9	30	33	#
216	2069.87	20	55	60	#
217	1687.19	24	27	#
218	2731.48	11	16	29	34	#
219	3071.86	1	7	23	34	38	58	#
220	3134.2	17	27	36	53	#
221	1466.09	27	50	#
222	1803.09	21	26	#
223	1453.97	17	34	#
224	2438.12	15	29	62	#
225	1212.33	10	42	#
226	1849.88	24	56	#
227	1755.95	17	20	34	54	#
228	2855.33	10	54	61	#
229	984.817	61	#
230	1423.79	5	34	#
231	2744.95	6	24	31	42	#
232	967.298	45	#
233	1355.17	3	43	#
234	3588.44	2	29	35	44	45	48	56	60	#
235	1607.32	13	45	#
236	2518.14	31	48	49	#
237	1920.51	9	41	#
238	1820.36	8	12	23	#
239	999.184	26	#
240	1275.77	8	29	#
241	1580.75	29	34	59	#
242	1643.35	1	30	32	#
243	4191.81	0	6	10	41	51	#
244	1393.49	5	6	28	47	#
245	1536.34	33	43	58	#
246	2273.97	13	17	25	63	#
247	1622.91	3	22	#
248	1814.24	2	10	#
249	2847.32	22	25	58	#
250	1135.49	29	45	#
251	2045.89	8	15	41	43	#
252	4872.17	5	6	11	18	45	48	55	56	#
253	1900.57	19	30	#
254	1732.56	23	35	#
255	969.522	37	#
256	1233.5	0	35	#
257	1042.92	2	43	#
258	1851.52	34	40	#
259	2863.32	32	36	39	#
260	1477.56	23	29	40	50	#
261	2297.34	8	25	56	#
262	3047.98	26	29	47	58	#
263	2622.45	8	56	58	#
264	1566.41	0	21	#
265	2574.05	14	15	49	#
266	2131.32	11	32	35	46	#
267	1651.96	8	25	41	#
268	1952.86	1	58	#
269	2454.01	13	24	36	#
270	1732.17	32	41	#
271	1147.19	3	24	#
272	1775.76	55	59	#
273	1925.16	7	21	#
274	4072.21	0	27	42	47	55	#
275	2560.46	28	35	60	#
276	1692.29	19	55	#
277	1817.38	16	43	#
278	1279.38	3	7	48	58	#
279	1717.14	33	57	#
280	1376.42	16	47	51	56	#
281	1925.9	0	17	#
282	1805.78	3	12	14	20	23	24	34	43	55	57	#
283	3206.9	8	15	31	34	44	60	61	#
284	1892.96	5	58	#
285	2429.12	17	29	37	40	54	57	60	#
286	2704.75	3	34	50	#
287	4310.68	10	14	23	28	34	40	#
288	2044.35	2	50	60	#
289	3494.38	4	15	47	48	60	#
290	1743.48	7	9	#
291	1133.97	5	57	#
292	1532.53	6	25	33	#
293	1586.58	6	50	52	#
294	1649.77	24	49	#
295	2841.81	4	29	51	53	#
296	3328	6	31	34	42	#
297	1910.84	13	59	#
298	1748.41	12	30	37	#
299	3686.96	2	3	4	12	55	63	#
300	1877.38	22	40	#
301	1544.27	2	42	51	53	#
302	3800.76	1	6	29	48	#
303	2890.3	4	31	50	#
304	4747.41	8	9	14	19	29	36	42	#
305	2210.5	5	14	23	27	#
306	1760.61	25	62	#
307	2211.71	3	10	33	45	56	#
308	5001.15	16	18	24	35	55	63	#
309	2604.89	4	16	20	41	43	48	51	53	#
310	1039.84	17	48	52	#
311	1114.17	20	42	52	#
312	3415.43	7	40	54	56	#
313	3645.35	9	47	58	59	#
314	1964.33	11	33	48	#
315	2616.87	15	17	39	44	46	57	#
316	1485.69	47	48	#
317	2327.14	0	30	34	#
318	3164.76	9	23	28	36	60	#
319	4655.81	0	7	17	33	42	46	#
320	2271.73	45	59	61	#
321	3969.72	8	20	42	55	#
322	1582.68	2	8	#
323	1456.39	9	24	#
324	2414.8	18	31	40	#
325	1981.78	0	6	11	14	16	29	42	50	51	60	#
326	1314.96	8	16	57	#
327	1941.17	37	50	#
328	6645.95	8	13	21	30	35	36	51	57	63	#
329	1219.71	28	34	#
330	1597.52	2	56	#
331	3615.73	25	40	44	56	#
332	1785.6	6	43	#
333	3490.39	10	11	39	42	44	51	60	#
334	2794.33	4	13	14	49	51	#
335	1677.51	40	43	#
336	3372.9	28	38	48	62	#
337	2669.96	3	29	47	#
338	4398.12	0	16	20	26	34	36	39	48	54	62	#
339	1858.97	13	20	#
340	2582.17	5	22	46	#
341	4676.9	8	23	55	59	60	#
342	5084.31	7	9	21	25	36	63	#
343	1421.65	44	51	#
344	2782.63	18	32	45	47	54	61	#
345	4313.64	9	24	39	47	55	59	#
346	2889.27	3	19	20	#
347	4030.41	10	11	16	27	56	#
348	1701.76	10	12	#
349	1498.44	1	14	#
350	4962.9	4	26	29	56	59	#
351	2969.18	8	26	57	#
352	1211.58	6	29	#
353	1912.55	1	12	18	30	52	62	#
354	1864.64	3	16	#
355	1932.64	4	18	57	#
356	3979.24	11	19	34	36	#
357	1274.99	15	33	#
358	4640.1	12	16	27	32	41	#
359	1787.98	42	55	#
360	2219.2	12	29	32	#
361	2538.59	5	19	21	50	57	61	#
362	3187.56	2	39	40	49	#
363	1660.74	7	29	#
364	4947.05	9	18	23	34	47	54	#
365	1861.9	38	59	#
366	1803.71	0	7	8	31	33	36	38	#
367	1991.48	16	32	33	#
368	2889.06	12	21	24	49	#
369	2405.15	31	48	52	#
370	1471.51	7	28	35	#
371	1324.02	9	49	60	#
372	1054.45	6	14	#
373	3463.69	6	7	16	26	59	60	#
374	1464.82	30	56	61	#
375	1745.36	38	48	#
376	3312.28	6	14	30	33	49	#
377	1443.53	17	19	#
378	1917.17	11	23	#
379	1555.17	36	49	#
380	1259.27	3	6	#
381	1684.82	47	54	#
382	2059.98	4	9	34	#
383	1821.76	10	16	#
384	1874.85	23	34	47	#
385	4234.05	0	49	51	52	54	#
386	1997.12	6	37	#
387	2881.81	30	39	51	#
388	1724.65	2	17	#
389	1940.22	9	29	49	#
390	3060.85	5	7	47	63	#
391	1368.63	27	47	#
392	5808.89	0	11	26	32	59	63	#
393	1354.32	9	63	#
394	2495.01	2	6	14	15	#
395	3407.88	5	39	40	55	56	#
396	2784.6	14	45	52	#
397	1416.61	12	57	#
398	1264.54	13	39	#
399	5232.1	7	12	20	22	31	42	#
400	2840.91	45	50	55	#
401	2773.71	3	23	41	#
402	2264.89	14	27	61	#
403	2372.99	2	9	20	31	#
404	1730.69	1	5	#
405	2992.29	23	35	46	49	#
406	1199.95	34	54	#
407	1874.23	6	16	52	#
408	1935.1	3	34	40	62	#
409	1967.56	2	58	#
410	1360.41	4	25	#
411	1882.47	27	48	#
412	3845.29	6	15	50	63	#
413	1195.2	15	41	60	#
414	2267.05	31	37	49	#
415	2392.91	24	28	48	#
416	1923.12	19	22	34	#
417	1716.44	5	24	38	#
418	1783.92	26	43	48	50	54	56	#
419	7167.06	1	13	29	35	44	56	57	62	#
420	2129.08	16	30	57	#
421	4952.28	1	9	19	22	41	42	43	52	#
422	1761.59	16	20	40	47	62	#
423	3152	4	10	29	44	#
424	1540.04	10	49	#
425	3172.93	9	24	34	51	#
426	5549.19	8	11	26	35	56	60	#
427	3291.94	5	16	32	34	36	47	53	#
428	1567.26	6	35	#
429	5731.48	0	1	19	31	55	56	61	#
430	3967.49	17	21	36	50	#
431	1761.42	21	23	#
432	1325.6	29	58	#
433	1916.6	12	38	#
434	2540.33	16	20	58	#
435	3630.84	35	39	48	56	#
436	5785.31	1	11	19	39	52	58	#
437	2331.71	20	38	53	#
438	1726.73	27	36	#
439	1041.8	23	27	#
440	1033.87	20	41	#
441	3624.98	2	22	26	49	50	#
442	1883.4	17	22	29	40	45	49	#
443	1219.53	9	15	#
444	1145.61	36	63	#
445	1607.76	8	20	#
446	3023.51	18	24	49	54	#
447	3561.36	11	22	36	44	#
448	3654.97	24	42	47	49	53	58	#
449	1996.19	25	32	43	#
450	1941.71	22	48	#
451	1647.98	27	59	#
452	1099.1	13	47	#
453	1631.78	41	44	#
454	1725.97	4	22	#
455	3777.55	7	20	42	45	#
456	2981.08	36	40	59	#
457	4967.35	1	9	11	12	15	30	33	59	#
458	1803.99	5	34	46	#
459	1694.55	24	36	48	#
460	1009.94	14	27	#
461	1684.54	26	59	#
462	3986.99	14	26	34	43	#
463	3370.86	16	22	24	37	41	#
464	1407.21	15	49	#
465	3891.18	6	28	34	41	44	51	#
466	1816.26	22	38	50	63	#
467	3680.11	20	25	40	51	#
468	5684.32	16	36	40	47	59	62	#
469	1316.23	43	46	#
470	1414.48	14	41	47	#
471	4656.91	23	28	35	44	54	#
472	1195.83	7	14	18	35	#
473	2285.84	46	49	57	#
474	1186.61	29	48	#
475	1351.6	15	17	#
476	2442.21	6	13	20	#
477	2445.95	42	43	50	56	#
478	2263.03	31	38	48	#
479	2939.08	8	26	36	55	#
480	3273.5	12	16	26	38	44	46	#
481	2858.42	17	27	49	50	#
482	1824.37	23	31	41	47	#
483	2109.14	8	26	52	56	#
484	1373.9	53	58	#
485	3067.19	18	20	39	47	53	55	#
486	1065.12	46	58	#
487	1962.26	31	53	#
488	1282.44	17	43	#
489	4080.31	35	38	48	58	62	#
490	6207.34	6	14	20	25	30	33	56	#
491	1821.64	37	39	#
492	1564.56	31	45	50	#
493	3400.03	3	6	17	25	41	50	53	#
494	2909.18	6	25	54	#
495	1191.84	46	59	60	#
496	3382.84	5	18	20	21	23	#
497	1948.7	5	14	59	#
498	2284.13	1	48	59	#
499	6386.99	1	16	18	19	35	55	57	#
500	5479.04	5	13	28	37	38	47	59	#
501	1556.73	1	14	32	#
502	2772.98	7	15	36	63	#
503	1868.62	23	62	#
504	1650.25	18	30	38	39	#
505	1015.29	4	57	#
506	3164.31	5	8	15	22	26	63	#
507	1675.38	44	55	#
508	3070.14	3	22	36	37	38	50	#
509	1526.38	4	28	#
510	1665.15	9	46	53	57	#
511	1359.69	25	40	#
512	3319.1	7	19	34	38	44	#
513	2102.78	13	16	18	31	#
514	3817.37	7	13	30	31	36	#
515	2011.81	25	42	49	#
516	1190.12	11	21	#
517	3086.62	13	23	41	52	#
518	2023.8	14	23	54	#
519	3183.92	45	46	53	60	#
520	3260.59	4	38	58	60	#
521	1570.1	51	62	#
522	2706.57	3	8	53	#
523	1074.18	20	26	53	#
524	5361.37	1	21	29	42	47	50	#
525	2294.01	2	4	16	50	#
526	1831.29	18	21	30	#
527	1088.48	6	18	#
528	2189.87	1	31	45	48	#
529	5864.29	9	20	38	44	52	55	#
530	2565.33	7	17	49	51	60	63	#
531	1186.37	8	57	#
532	3811.49	32	34	40	44	#
533	2973.77	5	27	40	42	53	61	#
534	1778.44	50	56	#
535	1840.83	1	25	#
536	1147.83	45	47	#
537	2802.12	4	21	44	#
538	1637.52	17	56	#
539	1307.25	17	57	59	#
540	1619.34	12	37	#
541	1702.74	32	57	#
542	1935.57	3	47	#
543	1585.7	45	56	#
544	1290.26	4	41	#
545	2759.43	4	56	63	#
546	1872.84	56	63	#
547	3578.35	12	17	19	49	#
548	3911.78	0	44	58	62	#
549	2827.33	39	40	59	#
550	2327.73	8	35	47	#
551	2577.59	7	28	40	#
552	2876.15	15	25	31	#
553	7643.76	3	13	14	22	39	40	52	53	#
554	2748.26	2	13	15	19	21	23	29	31	36	41	50	63	#
555	1125.5	12	48	#
556	2059.46	2	8	12	32	52	59	#
557	1294.42	10	54	#
558	3277.96	10	15	28	54	59	62	#
559	2072.02	7	10	14	21	25	50	61	#
560	2287.97	15	43	61	#
561	1886.89	40	41	#
562	1466.24	11	16	51	56	#
563	2689.67	0	18	54	#
564	1590.04	13	44	#
565	1930.17	19	31	37	#
566	2577.5	21	56	57	#
567	1576.8	15	41	54	#
568	1872.68	20	50	#
569	1570.9	22	63	#
570	3379.12	22	33	45	53	#
571	1106.99	3	5	38	#
572	1456.77	38	47	56	#
573	2800.11	3	14	42	63	#
574	2491.14	19	33	58	#
575	1596.97	7	23	40	#
576	1988.19	40	42	57	#
577	1646.83	25	45	#
578	1638.04	39	51	#
579	1802.99	3	15	#
580	1613.01	14	60	#
581	2239.35	17	18	55	#
582	1949.99	2	27	57	#
583	1731.97	19	22	#
584	1052.31	18	19	#
585	5090.55	1	14	22	24	28	33	55	62	#
586	1541.82	8	60	#
587	1303.66	7	39	#
588	1231.98	19	24	#
589	2598.79	4	9	19	25	30	37	55	#
590	1466.59	52	53	#
591	2733.65	45	49	58	#
592	2418.63	0	22	34	41	46	#
593	2087.59	7	24	34	#
594	2082.24	7	13	15	26	28	54	56	63	#
595	2872.02	11	13	40	52	54	#
596	2506.32	8	19	26	#
597	4773.46	3	16	17	18	47	60	#
598	2811.25	28	33	45	60	#
599	2599.02	26	47	58	#
600	2121.86	9	15	21	24	#
601	1108.22	21	34	42	#
602	1588.95	44	45	#
603	1889.25	1	38	#
604	2267.21	7	11	23	#
605	1520.3	29	42	#
606	1112.75	53	57	#
607	2641.38	10	26	29	#
608	1538.58	18	21	47	59	#
609	3776.37	4	7	10	18	21	23	47	#
610	2127.88	7	10	43	#
611	1013.42	4	12	51	#
612	1323.29	26	37	#
613	3036.94	12	25	33	39	55	#
614	4655.45	21	50	54	55	62	#
615	1077.44	43	60	#
616	2251.2	32	36	51	56	63	#
617	1697.96	45	51	#
618	2771.4	2	12	46	#
619	1628.99	5	27	42	#
620	2928.03	28	34	43	#
621	1158.51	13	43	#
622	4884.54	11	45	48	56	61	#
623	2219.68	17	20	24	#
624	2032.2	21	23	33	34	50	51	54	62	#
625	2375.28	26	27	40	55	#
626	1886.26	1	8	#
627	6710.61	11	15	20	21	43	48	62	#
628	1652.32	11	34	#
629	3239.86	8	26	27	32	46	#
630	2966.22	3	48	57	#
631	1498.4	9	18	#
632	1111.34	8	13	25	#
633	2468.12	25	46	53	#
634	4696.74	22	26	27	40	41	47	51	55	#
635	1755.26	13	18	#
636	1735.98	8	19	31	43	#
637	3950.65	10	22	37	56	57	#
638	1447.79	15	16	#
639	1467.21	15	52	#
640	1955.35	13	21	63	#
641	1026.48	1	29	#
642	2279.12	8	18	63	#
643	2627.34	23	39	46	#
644	2421.9	7	25	27	#
645	1183.49	25	42	#
646	3323.17	1	3	10	21	23	#
647	1922.16	7	53	58	#
648	3467.11	18	22	40	45	53	#
649	2838.16	19	29	32	#
650	1698.99	0	48	#
651	2750.13	0	34	51	61	#
652	1218.46	61	63	#
653	2364.94	1	7	11	15	25	49	54	#
654	1613.32	9	40	58	#
655	1103.5	4	27	#
656	3398.95	10	17	23	57	#
657	1234.72	5	6	62	#
658	2252.84	5	47	53	#
659	1970.57	22	37	#
660	2500.84	1	17	50	#
661	1376.98	35	57	#
662	2949.8	5	9	23	43	#
663	2764.66	2	16	28	39	53	57	#
664	4503.08	17	39	48	51	58	59	#
665	2865.11	22	33	51	52	#
666	1796.17	35	59	#
667	1082.94	13	21	#
668	1738.13	0	52	#
669	2687.35	1	41	46	#
670	6460.18	1	3	14	29	31	43	58	59	#
671	1017.28	7	37	#
672	5100.82	7	11	29	49	59	63	#
673	2950.6	10	53	56	#
674	4848.35	1	11	14	47	48	52	#
675	3866.09	8	36	51	61	#
676	2337.69	1	10	14	35	45	48	59	#
677	1779.69	37	47	49	57	#
678	2139.21	31	33	48	63	#
679	3274.32	14	23	31	38	59	#
680	1287.49	50	53	#
681	4918.03	28	29	38	49	62	#
682	2894.69	15	51	54	#
683	1032.4	21	60	#
684	2975.86	32	47	52	#
685	1866.69	19	59	#
686	2422.3	2	23	47	#
687	4981.87	19	21	24	34	49	#
688	1484.19	0	35	36	#
689	2241.02	1	7	55	58	#
690	2203.74	29	32	55	#
691	1816.4	8	10	13	24	37	#
692	1965.55	32	55	#
693	2262.32	28	29	38	40	#
694	1792.53	31	47	#
695	2713.36	10	18	37	55	#
696	2644.91	13	39	42	49	59	#
697	5579.23	11	16	19	21	23	27	44	48	50	56	#
698	1284.46	12	45	#
699	2257.64	26	36	49	#
700	2840.22	6	39	41	#
701	1300.75	16	61	#
702	6583.19	9	10	13	17	35	44	59	#
703	1346.59	12	55	#
704	1271.68	23	39	#
705	3303.35	2	3	17	57	63	#
706	4901.74	36	41	54	56	63	#
707	2238.75	11	15	17	40	#
708	5439.62	0	1	5	11	12	14	21	42	53	54	57	#
709	7356.16	1	10	13	14	23	28	30	50	62	#
710	2307.25	13	35	47	#
711	3887.94	17	18	21	42	#
712	1213.78	61	62	#
713	1272.53	0	5	#
714	2550.66	4	54	57	#
715	3976.87	14	34	49	54	#
716	1618.15	30	38	52	#
717	1075.61	2	5	#
718	2433.3	12	28	40	#
719	4959.73	5	8	18	28	54	57	#
720	2196.3	15	43	44	#
721	2699.25	32	41	55	58	62	#
722	3916.1	19	43	48	55	#
723	1240.65	7	54	#
724	3165.84	6	11	17	37	51	#
725	3947.74	17	36	38	45	51	58	#
726	1247.72	55	63	#
727	1880.8	30	63	#
728	2881.65	10	11	31	57	58	#
729	2694.81	5	13	18	57	#
730	3581.39	12	28	42	61	#
731	1128.38	12	34	#
732	1499.89	43	51	#
733	6538.49	20	22	31	32	46	47	48	61	63	#
734	1981.55	38	60	#
735	3740.29	3	9	50	53	58	#
736	2879.53	49	52	57	#
737	2424.23	0	5	33	35	#
738	1332.14	33	46	#
739	2644.39	1	7	8	21	32	43	44	52	53	56	#
740	1555.73	32	44	#
741	1279.53	7	63	#
742	1737.09	25	31	#
743	4719.28	6	49	51	61	63	#
744	1686.01	27	28	#
745	4450.41	12	15	29	50	57	#
746	1841.32	21	31	#
747	1593.33	9	17	19	48	#
748	5654.13	8	14	16	19	24	37	40	44	47	#
749	2048.37	19	23	30	36	#
750	2245.17	5	9	58	#
751	2758.12	10	38	48	63	#
752	2246.93	39	48	59	#
753	2165.85	15	31	32	#
754	4291.85	8	24	41	43	52	#
755	2129.01	13	35	59	#
756	2592.2	10	19	26	#
757	2545.71	0	5	7	41	43	56	#
758	2951.88	32	48	56	#
759	2882.07	12	20	35	#
760	1375.12	13	29	34	57	#
761	2872.08	10	12	17	56	59	#
762	3396.43	8	13	23	45	49	#
763	1617.87	47	62	#
764	3761.08	12	19	21	40	#
765	1425.2	8	38	#
766	1004.67	1	13	#
767	1725.92	58	63	#
768	6115.12	1	2	9	18	26	40	56	57	#
769	3098.05	17	19	25	29	46	51	57	#
770	3771.01	5	36	37	45	59	#
771	1159.68	14	42	#
772	5535.74	2	11	16	39	43	50	55	61	#
773	5842.12	14	24	29	37	42	51	#
774	2324.27	26	41	60	#
775	1402.45	29	47	50	#
776	1197	0	11	#
777	2625.13	10	30	31	38	59	#
778	1189.6	5	10	41	55	#
779	1237.72	6	17	22	29	#
780	1824.65	2	23	32	49	59	#
781	1992.14	0	61	#
782	1966.8	30	55	#
783	1686.97	14	59	#
784	3848.07	10	13	36	46	61	#
785	1423.46	15	25	63	#
786	1931.34	15	53	#
787	3612.67	14	23	36	50	63	#
788	1930.26	25	48	#
789	2126.19	13	14	15	23	28	34	56	57	#
790	3616.28	17	21	32	63	#
791	1209.82	45	54	#
792	1735.7	42	58	#
793	1677.77	23	53	#
794	1113.61	34	43	#
795	1684.75	15	38	46	#
796	3585.79	6	17	26	50	#
797	1571.71	3	45	#
798	1219.11	12	43	58	#
799	3504.45	21	22	28	54	59	#
800	1555.78	11	29	#
801	3729.35	6	31	39	48	55	#
802	2302.36	16	25	56	#
803	1012.6	50	62	#
804	1007.3	9	23	#
805	2958.66	3	7	53	#
806	2243.46	15	25	40	#
807	2888.27	17	21	30	#
808	1878.67	10	18	20	#
809	2630.13	16	18	43	57	#
810	2436.55	5	17	21	44	#
811	2133.98	8	12	51	#
812	1916.78	24	42	#
813	1420.22	10	36	#
814	2445.32	15	40	50	#
815	2393.14	3	23	31	#
816	9342.15	8	9	11	16	17	22	31	35	36	39	45	51	53	59	#
817	4865.87	2	14	36	55	56	#
818	1139.93	7	11	#
819	2966.14	12	18	28	#
820	5057.62	9	11	12	14	33	36	#
821	2068.36	16	40	57	#
822	1672.98	23	52	#
823	7774.67	6	18	21	22	29	50	54	57	60	#
824	1211.81	21	56	#
825	1367.07	20	23	60	#
826	1865.16	1	27	31	#
827	1948.2	36	57	#
828	1510.62	40	58	#
829	1358.73	20	57	#
830	1947.98	9	22	#
831	1718.38	26	54	#
832	3530.66	7	23	48	56	#
833	1030.46	4	55	#
834	1741.19	9	55	#
835	4944.99	9	10	11	47	49	#
836	2657.28	23	26	29	39	40	#
837	1526.69	5	7	#
838	1661.44	15	19	#
839	2056.64	17	36	43	#
840	2989.74	11	28	29	53	62	#
841	1059.68	40	59	#
842	3352.25	4	8	40	53	63	#
843	2772.09	2	7	42	53	#
844	1598.78	3	33	#
845	1572.31	0	10	#
846	3954.63	5	22	43	50	58	#
847	2508.54	8	44	49	#
848	2126.81	18	25	36	57	#
849	2590.38	11	20	33	52	55	#
850	1001.68	5	6	8	26	50	#
851	5544.32	4	10	14	28	34	36	37	48	#
852	1952.05	42	62	#
853	1922.17	7	34	40	#
854	2534.67	8	14	27	33	48	#
855	1034.35	9	40	#
856	3268.98	11	35	47	56	#
857	1414.86	9	11	#
858	1198.61	43	50	#
859	2477.31	2	11	24	55	#
860	1009.55	41	54	#
861	1991.78	34	50	51	#
862	1790.82	31	36	#
863	1667.34	35	61	#
864	3719.07	13	14	15	30	40	#
865	1875.96	11	18	22	34	36	56	#
866	2810.89	18	36	45	51	52	57	63	#
867	4521.19	12	14	19	28	34	54	#
868	2335.78	13	17	62	#
869	3440.86	12	21	35	37	47	#
870	1526.6	34	38	#
871	1231.88	20	51	#
872	2283.03	39	44	63	#
873	5584.07	6	11	20	34	44	49	63	#
874	1940.73	28	54	#
875	2385.49	7	23	25	61	#
876	3691.63	1	21	40	57	#
877	2487.44	0	17	33	59	#
878	3906.72	8	19	26	38	#
879	2931.84	12	31	62	#
880	1189.78	30	48	56	#
881	2015.71	19	53	56	57	63	#
882	1600.75	44	49	#
883	1576.15	3	60	#
884	4720.12	17	23	35	41	42	53	55	#
885	3658.68	17	24	28	29	57	#
886	2592.58	12	22	50	54	#
887	2782.18	23	26	42	50	#
888	1357.09	8	56	#
889	1066.89	38	47	#
890	1829.39	10	30	#
891	10816.4	0	9	13	19	22	24	28	34	37	41	43	44	45	46	#
892	2153.44	9	15	19	49	51	#
893	1914.16	21	22	36	#
894	2544.03	1	10	15	55	56	63	#
895	2959.31	18	19	39	#
896	1208.08	25	60	#
897	2973.27	14	31	37	45	#
898	2274.65	29	51	56	#
899	1482.95	1	42	43	#
900	3265.91	22	27	32	35	41	52	#
901	2267.57	5	6	24	38	50	#
902	1809.5	20	56	#
903	6480.41	14	19	45	51	52	55	57	#
904	4428.3	12	18	30	41	50	52	#
905	1742	14	27	41	#
906	1463.75	33	34	#
907	2918.67	7	22	25	#
908	3963.87	15	16	52	60	#
909	2304.74	17	20	32	43	45	#
910	1754.7	6	60	#
911	2473.63	7	45	57	#
912	3428.7	5	7	32	35	41	48	#
913	2262.34	5	20	33	41	#
914	1088.12	29	57	#
915	1379.07	6	12	34	#
916	1035.92	30	56	#
917	1001.19	20	23	54	#
918	2584.05	38	40	44	52	#
919	1722.12	10	49	50	#
920	2646.31	49	52	59	#
921	1589.7	35	40	#
922	2819.78	1	6	9	22	#
923	1429.23	22	28	#
924	1463.38	3	39	#
925	2206.93	23	39	59	60	#
926	1310.28	24	44	#
927	1443.48	28	51	#
928	1215.76	28	45	#
929	2517.23	30	31	50	#
930	2229.62	32	52	53	57	59	#
931	3611.42	6	11	30	58	#
932	1101.37	1	26	#
933	2000.5	23	24	28	34	#
934	1137.21	33	35	#
935	1865.92	35	48	49	#
936	2696.89	6	10	26	38	#
937	1530.56	4	62	#
938	1890.79	12	49	61	#
939	1770.46	21	48	#
940	2647.36	8	11	14	18	29	55	60	#
941	1514.4	14	25	#
942	3827.87	17	22	27	59	#
943	3659.6	6	11	14	29	57	#
944	1774.92	9	28	45	55	56	#
945	1718.48	5	14	55	#
946	2168.57	1	3	8	12	19	30	#
947	1414.57	16	59	#
948	2335.65	11	44	63	#
949	3449.4	4	22	25	46	52	56	#
950	1360.9	33	41	42	43	#
951	1572.27	35	52	#
952	1357.73	7	20	30	#
953	3031.85	6	11	12	15	45	46	#
954	1483.39	6	23	#
955	2266.15	12	36	58	#
956	3806.65	11	12	14	19	29	41	#
957	1541.84	39	43	56	#
958	3585.68	3	29	31	36	46	#
959	1832.5	9	62	#
960	1568.13	30	38	41	#
961	2654.29	40	49	59	63	#
962	1452.97	17	24	58	#
963	2736.15	3	38	39	50	#
964	1074.1	0	26	#
965	1065.94	1	45	#
966	2082.74	4	10	25	32	38	56	#
967	2803.09	4	16	18	24	32	37	39	48	#
968	1187.93	13	19	#
969	2515.96	6	16	35	38	56	60	#
970	2261.66	9	26	35	#
971	3941.72	11	24	28	31	38	51	55	#
972	9239.09	2	4	7	10	14	22	25	29	51	61	#
973	2445.12	3	4	26	35	46	56	#
974	3046.14	24	44	53	61	#
975	1319.36	53	62	#
976	1764.95	23	42	#
977	1929.44	5	10	58	#
978	1663.52	15	17	29	#
979	1617.99	49	51	#
980	4309.84	0	20	28	30	55	#
981	1931.73	3	44	#
982	2913.02	1	24	27	#
983	1761.29	1	55	57	#
984	2993	2	36	61	#
985	1652.88	9	34	#
986	3658.24	0	6	23	31	50	61	62	#
987	1906.91	10	19	62	#
988	960.068	22	49	#
989	2873.88	0	39	56	63	#
990	1027.2	4	12	44	#
991	2290.4	8	38	46	#
992	5660.35	9	10	12	13	34	36	39	#
993	2302.94	31	36	46	#
994	2162.95	10	21	58	#
995	3059.14	1	26	50	53	#
996	2840.32	34	38	43	52	53	#
997	1024.91	49	54	#
998	1019.02	30	35	#
999	1148.49	9	51	#
