%% File generated by CATS v.2.1Wed Jun 22 10:37:32 2022

%% The CATS webpage is http://robotics.stanford.edu/CATS

%% PARAMETER SETTINGS:
% Goods: 64; Bids: 1000; Distribution: L4; Runs: 1; Seed: 1656572535
% Legacy distribution parameters:
% Number of goods chosen according to Decay distribution (alpha = 0.55).
% Price chosen according to Linear Random distribution (low_linearly = 1, high_linearly = 1000).


goods 64
bids 1000
dummy 0

0	1574.61	18	62	#
1	1072.52	31	41	#
2	987.005	58	#
3	949.122	9	#
4	1782.72	4	25	#
5	2628.07	17	27	47	54	#
6	962.71	22	#
7	930.704	46	#
8	978.287	41	#
9	910.109	21	#
10	969.471	31	#
11	991.567	3	#
12	1970.95	6	16	#
13	2152.97	44	57	58	#
14	2667.51	21	24	25	28	33	56	#
15	953.205	50	#
16	982.993	56	#
17	909.873	11	#
18	1318.05	48	51	#
19	913.21	6	#
20	940.968	38	#
21	937.857	61	#
22	2935.72	3	6	30	#
23	946.401	8	#
24	901.235	44	#
25	1716.51	34	40	46	#
26	1624.94	24	35	#
27	897.685	49	#
28	963.891	59	#
29	2260.75	8	29	33	51	#
30	986.381	13	#
31	1802.09	43	46	#
32	999.762	60	#
33	1168.57	44	48	#
34	4428.98	18	19	31	45	53	#
35	1903.9	20	49	#
36	980.893	17	#
37	1448.11	23	35	#
38	889.468	29	#
39	994.399	47	#
40	1651.41	4	9	#
41	989.118	20	#
42	967.307	33	#
43	982.532	34	#
44	2162.98	1	14	25	30	33	59	61	#
45	1593.87	5	22	#
46	1227.27	14	61	#
47	955.838	63	#
48	1337.41	1	8	29	35	48	#
49	1966.21	13	35	#
50	993.762	53	#
51	1781.57	13	55	#
52	1563.97	17	30	31	#
53	1801.62	4	39	#
54	2866.39	20	25	39	42	46	47	56	#
55	933.097	26	#
56	1289.33	8	31	48	#
57	812.234	54	#
58	4022.79	12	20	28	33	54	#
59	973.799	4	15	54	#
60	2659.08	20	28	50	54	#
61	2168.17	19	20	25	33	55	59	#
62	977.348	23	#
63	990.339	42	#
64	959.887	19	#
65	2200.54	23	24	25	#
66	889.366	48	#
67	1110.83	36	58	#
68	1948.23	35	45	#
69	1043.35	6	23	41	#
70	2556.6	1	24	39	#
71	976.379	45	#
72	1722.45	21	38	#
73	986.395	55	#
74	984.176	10	#
75	2907.11	25	27	33	57	#
76	977.296	16	#
77	838.35	24	#
78	969.601	52	#
79	1659.35	20	38	#
80	994.776	7	#
81	904.772	32	#
82	1263.33	17	48	#
83	2891.53	13	39	52	#
84	1778.15	34	47	#
85	1115.83	49	57	58	#
86	1985.68	14	31	#
87	979.869	36	#
88	1812.1	52	55	#
89	1262.78	12	35	#
90	985.981	1	#
91	989.355	40	#
92	1193.83	10	44	#
93	1448.7	45	51	#
94	1832.06	9	20	24	36	#
95	903.002	12	#
96	3200.48	5	10	15	53	#
97	3793.33	16	27	60	62	#
98	936.288	35	#
99	1432.37	7	11	#
100	890.091	18	#
101	1167.52	20	27	#
102	1636.19	20	56	#
103	1156.61	1	20	#
104	1758.73	52	60	61	#
105	968.865	39	#
106	1477.85	11	18	55	#
107	1750.78	7	39	#
108	1537.75	33	45	#
109	3696.53	7	8	58	61	#
110	1840.25	0	58	#
111	957.48	37	#
112	1929.92	42	55	#
113	1747.44	3	19	#
114	1587.47	9	17	#
115	2848.24	9	32	37	#
116	1547.19	27	30	55	56	#
117	1057.18	50	62	#
118	2894.99	12	32	61	#
119	949.51	43	#
120	1692.14	0	3	27	56	#
121	989.47	8	52	#
122	1239.99	35	62	#
123	924.715	15	#
124	1859.25	14	43	45	#
125	1058.73	27	43	#
126	999.098	0	#
127	935.651	5	#
128	1870.75	20	59	#
129	866.413	4	#
130	1647.48	32	46	#
131	4907.42	7	13	15	41	42	48	57	#
132	1188.38	19	54	#
133	2201.35	3	11	56	#
134	1989.73	23	25	40	63	#
135	1586.69	16	51	62	#
136	1895.55	9	36	42	#
137	2245.84	3	22	48	#
138	2809.76	38	56	62	#
139	1292.08	18	20	29	#
140	1991.47	3	5	#
141	2543.22	4	11	48	#
142	1895.41	19	34	#
143	1758.79	24	48	#
144	3836.13	11	23	26	52	62	#
145	3628.45	9	18	46	52	#
146	1725.56	10	57	#
147	974.597	27	#
148	4596.58	8	18	19	49	59	#
149	1621.58	13	30	42	#
150	1724.4	24	62	#
151	1861.24	3	29	39	49	50	62	#
152	1864.3	3	13	43	#
153	1432.87	23	55	#
154	1952.22	20	28	59	#
155	2623.17	22	34	45	#
156	1624.81	26	28	#
157	2421.25	32	34	50	#
158	3246.52	4	8	26	50	#
159	1914.67	2	12	61	#
160	3694.63	9	26	27	37	45	#
161	2570.14	13	44	45	61	#
162	1430.35	22	46	#
163	2926.55	12	19	22	#
164	998.557	25	#
165	4657.49	13	35	36	37	56	#
166	4197.58	23	36	40	43	44	#
167	2454.19	11	26	32	#
168	1598.01	13	39	#
169	4798.23	3	7	20	30	45	50	#
170	992.436	41	58	#
171	1049.24	18	40	#
172	968.846	28	#
173	3693.6	6	11	41	45	#
174	1450.64	1	3	51	#
175	1203.34	33	37	#
176	2364.68	14	55	57	#
177	996.555	7	56	#
178	2178.57	39	41	53	#
179	1353.29	27	46	#
180	1981.26	42	43	#
181	1309.26	13	16	#
182	2182.82	11	30	36	#
183	4410.26	2	23	34	60	63	#
184	1829.48	10	23	#
185	1560.54	36	63	#
186	1772.05	41	45	#
187	1617.29	17	53	#
188	886.308	51	#
189	2370.11	6	38	44	#
190	2319.6	21	25	40	#
191	3006.69	6	14	24	51	#
192	2113.83	4	10	52	#
193	3673.68	1	15	51	55	#
194	1407.2	2	24	#
195	1300.85	24	37	#
196	1433.94	23	39	#
197	2602.81	3	8	19	#
198	4585.65	6	10	40	55	58	#
199	1424.29	34	49	#
200	990.301	57	#
201	1087.67	56	60	#
202	5992.68	20	34	47	56	59	62	#
203	3969.3	0	9	14	19	48	62	63	#
204	2886.79	10	27	50	#
205	1588.97	2	41	#
206	1796.26	4	54	55	#
207	1476.32	49	59	#
208	1857.71	31	47	#
209	1436.21	59	61	#
210	1027.96	31	44	#
211	1486.84	26	42	#
212	4925.71	4	9	36	54	61	#
213	1920.49	2	45	#
214	1581.06	15	60	#
215	1892.62	2	17	#
216	1464.77	2	14	16	#
217	2954.56	26	32	45	51	#
218	1804.75	5	38	#
219	889.515	2	#
220	2428.85	24	31	50	#
221	1835.89	56	57	#
222	1896.31	35	37	43	#
223	1407.15	8	46	#
224	2992.63	26	29	32	#
225	2691.83	11	16	17	36	#
226	1358.88	8	10	27	#
227	3296.9	8	53	60	61	#
228	1035.11	44	54	60	#
229	1951.7	29	51	#
230	922.225	62	#
231	3372.49	17	25	30	35	36	57	#
232	4513.56	8	15	48	59	62	#
233	3789.45	2	3	8	34	35	61	#
234	2724.72	23	58	59	#
235	1849.73	1	31	#
236	1876.38	20	37	#
237	4196.67	2	12	24	26	53	#
238	2590.41	38	40	55	#
239	1906.87	13	56	#
240	5620.2	2	4	5	11	27	29	34	#
241	2436.37	7	42	61	#
242	1595.22	28	49	#
243	1403.25	2	52	#
244	4562.22	28	37	52	53	55	62	#
245	1237.11	13	46	#
246	926.378	30	#
247	1741.29	20	25	#
248	3244.92	18	21	56	62	#
249	7270.02	11	19	21	40	41	42	50	63	#
250	3054.58	1	12	45	46	#
251	1324.63	4	43	#
252	6955.55	9	23	33	47	49	54	57	59	#
253	1654.88	10	22	#
254	2864.15	13	32	36	49	#
255	1692.99	16	19	#
256	1656.52	16	39	#
257	2098.9	14	42	45	#
258	1473.06	22	42	57	#
259	3312.55	3	28	29	32	#
260	3266.47	17	47	57	61	#
261	1517.82	23	30	33	46	#
262	2344.68	2	18	26	#
263	1309.87	24	39	#
264	3268.54	8	23	38	44	51	53	#
265	2679.66	8	9	10	14	#
266	8985.17	15	17	21	31	41	42	48	49	62	#
267	1024.33	28	62	#
268	1885.95	29	47	#
269	3977.42	2	12	15	52	#
270	1822.85	2	5	25	33	41	42	#
271	3358.95	9	16	20	58	#
272	2636.87	6	15	37	41	43	#
273	1299.88	5	17	#
274	1683.85	38	45	#
275	4882.9	20	36	39	45	62	#
276	4394.73	1	5	12	19	31	#
277	3062.12	21	24	48	57	61	#
278	1805.5	6	27	38	#
279	1143.84	51	55	#
280	2756.97	15	19	56	#
281	1598.76	59	62	#
282	1804.48	42	50	#
283	1955.11	10	37	#
284	1677.16	4	8	24	#
285	2496.01	23	24	53	#
286	3092.51	11	15	23	48	62	#
287	2351.17	15	45	53	#
288	1417.16	1	7	#
289	1987.49	37	39	#
290	2745.09	1	17	18	24	37	39	46	#
291	1997.65	10	24	29	30	52	61	#
292	6987.13	6	9	13	23	31	40	52	53	57	61	#
293	1608.94	0	24	37	38	#
294	1458.44	25	36	#
295	1818.11	15	63	#
296	3324.21	23	29	34	52	#
297	1277.8	26	30	#
298	2159.84	0	46	48	#
299	3873.62	1	19	28	29	32	#
300	2881.59	9	14	18	27	29	33	35	55	#
301	2170.98	15	16	32	49	#
302	1818.07	1	36	50	#
303	1071.9	13	47	#
304	3015.51	1	11	43	57	#
305	3600.3	6	20	37	41	46	#
306	2701.42	6	8	15	47	#
307	1812.33	16	17	24	30	42	#
308	1768.15	25	55	#
309	1885.54	7	34	#
310	1991.13	13	18	38	#
311	2496.38	2	27	34	49	#
312	1750.19	34	48	#
313	1991.35	5	25	26	51	54	#
314	1285.38	24	44	#
315	2815.22	0	32	49	#
316	1966.92	31	44	62	#
317	3171.9	1	27	29	37	41	45	#
318	1000.92	9	32	#
319	1453.18	26	51	#
320	1712.75	18	57	#
321	2409.97	2	19	25	#
322	1718.14	2	11	#
323	1354.21	22	26	61	#
324	2574.67	39	48	49	#
325	2603.53	6	37	47	56	61	#
326	2446.87	23	48	55	#
327	1604.13	25	58	#
328	3756.48	6	25	33	54	#
329	2549.32	3	24	62	#
330	1098.85	18	32	#
331	2566.07	19	26	38	54	#
332	1019.32	26	38	58	#
333	1282.95	12	31	56	#
334	2044.58	4	8	15	56	#
335	1427.09	0	47	#
336	1483.76	7	11	30	#
337	1109.65	47	54	#
338	5051.8	1	4	21	22	44	61	#
339	3096.3	14	33	49	55	#
340	1998.81	5	28	33	34	38	49	53	#
341	3868.52	18	31	35	44	#
342	1128.61	60	63	#
343	1989.44	29	31	59	#
344	3889.36	25	30	31	49	63	#
345	3887.91	8	17	23	35	51	#
346	1515.13	25	29	#
347	1280.68	30	57	#
348	1535.83	12	21	47	53	#
349	1710.81	15	43	#
350	1672.29	1	23	#
351	1479.6	31	52	#
352	956.943	8	62	#
353	5345.82	2	10	36	39	44	52	53	#
354	1149.97	26	47	#
355	1864.39	20	30	#
356	1205.72	14	36	#
357	2147.48	7	20	59	#
358	1550.38	29	59	#
359	2221.64	4	10	14	24	36	44	51	54	#
360	1653.58	27	38	#
361	1962.86	17	39	#
362	3238.92	6	13	40	58	#
363	1001.07	10	11	#
364	1878.82	23	51	52	63	#
365	1123.3	0	17	#
366	2056.53	4	8	46	#
367	3495.5	14	17	36	37	41	50	#
368	2427.43	27	33	34	#
369	1222.66	4	21	41	51	#
370	1793.12	7	13	38	47	#
371	2771.92	11	15	34	#
372	2711.99	5	37	44	45	54	59	#
373	2897.35	3	8	13	24	28	36	37	43	51	53	54	#
374	1734.16	7	12	#
375	1894.7	34	51	#
376	1438.33	23	63	#
377	3956.03	1	6	8	22	36	#
378	1459.42	35	61	#
379	2781.9	4	30	36	#
380	1757.68	20	26	32	36	53	#
381	1490.1	19	36	#
382	1570.46	39	41	#
383	1944.27	21	44	#
384	1469.63	48	60	62	#
385	1640.67	2	26	#
386	2885.23	9	14	29	50	55	#
387	3641.77	1	23	38	50	#
388	1696.75	10	22	59	#
389	1178.98	26	35	#
390	1910.48	6	44	46	57	#
391	2209.13	0	5	46	56	#
392	957.329	35	43	#
393	911.144	14	#
394	1283.66	6	22	29	32	42	45	48	#
395	2654.06	16	36	41	51	#
396	1389.94	2	20	#
397	2075.7	3	42	61	#
398	1986.01	4	49	#
399	3005.5	29	51	53	56	#
400	1411.96	52	54	#
401	1200.79	1	21	41	#
402	1796.9	23	59	#
403	2244.48	1	21	43	#
404	2610.55	3	13	35	36	59	#
405	1390.89	43	58	#
406	1248.69	11	44	#
407	2791.39	17	21	61	63	#
408	1311.67	36	61	#
409	5576.59	9	10	39	45	53	59	#
410	1377.26	27	32	#
411	1307.26	47	50	#
412	1951.24	29	31	#
413	1718.65	15	57	#
414	1268.37	12	41	59	#
415	1132.45	1	55	#
416	4403.73	26	35	46	50	54	59	#
417	1003.58	38	42	#
418	1910.55	16	58	#
419	1493.06	8	28	#
420	1146.11	13	40	#
421	1984.33	18	54	#
422	961.154	8	21	48	49	#
423	1913.92	11	28	62	#
424	1823.82	28	41	#
425	2557.39	0	3	11	30	#
426	1890.47	15	31	62	#
427	2775.58	9	35	45	55	#
428	1922.65	2	15	36	#
429	2339.07	17	18	30	52	#
430	1002.92	0	29	#
431	3890.81	10	20	54	63	#
432	3062.37	20	42	62	63	#
433	2667.57	47	61	63	#
434	1111.64	4	56	#
435	1112.28	25	60	#
436	1171.78	7	37	#
437	1695.78	13	24	#
438	2744.38	40	45	59	#
439	3086.49	35	39	44	46	50	#
440	1959.49	14	59	#
441	2692.53	34	42	59	#
442	1693.2	12	38	#
443	3160.91	25	26	35	60	63	#
444	1116.27	26	36	#
445	2829.59	3	26	52	#
446	1356.4	48	53	#
447	1148.69	9	42	#
448	1867.36	28	44	#
449	3198.53	8	32	40	45	46	52	59	62	63	#
450	4131.31	10	14	28	29	57	#
451	3040.89	21	32	41	47	#
452	2144.18	45	47	48	50	59	62	#
453	4823.76	18	25	31	33	34	38	#
454	1921.23	44	51	#
455	3977.73	1	5	21	35	#
456	4035.29	26	33	35	48	56	#
457	1695.2	36	44	52	#
458	2251.4	0	56	59	#
459	2405.42	0	19	25	42	#
460	4218.52	0	20	27	37	52	#
461	1284.21	2	33	57	#
462	2063.88	5	18	54	#
463	4873.07	20	28	33	46	54	#
464	1716.91	40	51	52	#
465	5910.86	4	17	23	28	39	56	58	#
466	3489.98	46	50	58	60	#
467	3073.8	12	25	53	55	58	#
468	4788.43	13	37	51	54	57	62	#
469	4686.8	10	18	19	21	23	38	50	55	59	#
470	2267.18	38	48	59	#
471	1433.24	15	42	#
472	2357	11	26	41	52	#
473	1065.08	5	8	27	#
474	2409.36	0	13	25	29	57	#
475	2138.28	19	26	40	63	#
476	1110.95	0	2	55	#
477	3586.19	10	23	46	49	#
478	2271.77	15	34	41	53	#
479	1961.32	43	48	#
480	2670.22	15	24	32	49	#
481	2278.8	14	32	35	42	60	#
482	1770.27	17	37	#
483	1690.83	24	63	#
484	2001.48	4	59	62	#
485	2975.61	17	39	52	#
486	1340.16	41	56	#
487	1202.06	4	22	48	#
488	2196.57	41	50	53	#
489	2099.71	2	11	13	30	31	51	#
490	2303.59	23	26	39	#
491	1353.74	21	33	34	37	53	#
492	1029.07	4	12	51	#
493	1278.39	26	29	#
494	1343.93	36	46	#
495	4502.43	10	11	14	16	34	39	44	46	47	#
496	3343.83	6	23	40	50	52	#
497	2737.46	0	9	26	41	#
498	2938.32	9	13	16	30	#
499	5069.06	10	30	49	51	56	61	#
500	2941.35	9	45	50	#
501	1866.33	4	6	12	#
502	1858.19	15	28	63	#
503	3458.29	5	9	42	60	#
504	1587.73	51	59	#
505	1915.86	2	56	#
506	3082.27	6	12	22	33	37	#
507	2256.01	39	40	53	#
508	3795.59	6	10	39	41	#
509	2711.94	11	20	22	#
510	1258.42	31	39	#
511	1333.47	21	34	#
512	1274.98	19	40	#
513	974.374	46	51	#
514	2409.04	0	4	23	57	60	#
515	1240.64	13	29	46	50	#
516	2535.61	9	54	61	#
517	2407.34	4	37	50	62	63	#
518	1583.35	15	35	#
519	1765.93	11	44	57	#
520	3690.02	9	11	44	53	#
521	1234.87	9	12	14	#
522	2397.26	7	19	32	40	51	55	#
523	2776.21	33	35	37	44	#
524	3243.53	17	24	48	49	#
525	1617.36	9	19	#
526	2366.26	25	32	47	#
527	10971.6	2	9	13	38	40	47	49	54	55	58	63	#
528	2810.9	8	17	18	#
529	2743.59	38	47	56	60	#
530	2574.42	20	25	46	#
531	2924.77	19	28	35	56	#
532	1008.25	40	56	#
533	1701.86	32	49	#
534	1892.78	56	58	#
535	3039.25	15	21	27	38	60	#
536	1915.69	12	22	#
537	2398.01	4	42	45	#
538	1372.58	22	24	#
539	1852.6	17	61	#
540	1988.72	16	36	41	#
541	3877.02	7	32	37	49	#
542	1186.85	31	63	#
543	3757.19	22	33	43	50	51	#
544	5297.74	10	27	30	44	45	58	#
545	940.556	6	24	#
546	1584.15	3	21	#
547	1256.74	1	26	32	#
548	3406.4	1	2	40	42	#
549	1850.85	35	55	#
550	4114.13	23	31	36	56	61	62	#
551	1162.4	37	38	#
552	2286.82	16	29	36	48	#
553	2766.97	8	37	39	46	61	#
554	1304.39	9	56	#
555	1663.4	19	46	58	#
556	1006.09	7	19	#
557	4657.66	4	13	27	39	45	#
558	5945.72	2	4	34	40	52	55	#
559	2763.64	16	21	62	#
560	1659.32	33	54	62	#
561	2033.88	18	25	47	#
562	1774.51	1	19	44	#
563	1040.76	12	46	#
564	2239.29	0	8	29	45	#
565	1993.53	4	17	#
566	1282.98	50	54	#
567	2120.78	17	21	44	51	#
568	1718.06	28	61	#
569	2606.48	23	25	26	#
570	1596.04	2	29	43	44	#
571	2072.04	8	34	43	44	45	#
572	1446.44	2	59	#
573	1947.12	53	62	#
574	1858.28	12	17	#
575	2061.12	35	57	61	#
576	4256.58	0	22	35	47	62	#
577	1157.04	7	35	44	49	#
578	2623.79	3	23	35	42	#
579	4350.76	7	15	28	29	59	63	#
580	2728.91	0	5	61	#
581	1725.44	28	47	#
582	1603.14	2	50	51	#
583	1367.39	41	43	56	#
584	1374.31	7	63	#
585	5110.02	1	11	21	31	32	61	#
586	3120	0	5	24	28	32	42	#
587	5585.8	0	4	15	33	35	42	#
588	2501.44	13	22	55	61	#
589	1195.37	34	61	#
590	1967.81	22	54	#
591	2523.3	3	22	35	36	38	48	53	#
592	1802.8	7	14	19	60	#
593	1082.34	33	41	#
594	1463.25	39	43	#
595	1060.87	5	63	#
596	1885.53	29	38	#
597	2616.58	4	29	34	35	#
598	1182.15	16	44	49	#
599	1083.12	22	45	#
600	1982.07	2	10	#
601	1532.93	27	28	#
602	4923.28	5	10	12	27	49	50	54	#
603	1625.32	20	46	#
604	2929.24	27	39	40	#
605	1906.35	25	35	44	59	#
606	5838.49	1	5	13	19	57	60	#
607	1525.98	19	33	#
608	2137.15	0	15	31	#
609	1921.07	5	26	#
610	2832.68	15	41	52	#
611	1058.26	20	45	#
612	984.374	9	15	#
613	1669.53	7	58	#
614	2883.09	6	21	38	61	#
615	1133.1	8	12	36	#
616	3391.94	11	12	41	45	47	55	#
617	2492.63	21	29	34	53	60	#
618	1554.15	19	35	#
619	1891.4	11	26	27	28	#
620	1928.84	42	46	#
621	1815.12	10	42	#
622	3499.65	7	23	35	42	#
623	4840.2	1	11	24	52	59	#
624	1557.61	21	61	#
625	3383.12	5	8	15	24	30	51	54	63	#
626	1289.83	34	58	#
627	3249.06	4	19	20	34	36	43	53	60	#
628	2492.71	9	29	62	#
629	1957.69	6	26	49	#
630	1102.15	12	46	49	#
631	1864.79	20	48	50	#
632	1668.95	23	37	#
633	3163.06	7	8	9	23	27	29	36	49	#
634	2083.76	6	30	36	43	50	62	#
635	1888.51	25	50	#
636	8397.17	9	15	21	27	35	44	50	52	60	#
637	1241.44	19	53	#
638	1424.89	26	32	39	#
639	2344.87	16	27	59	#
640	1608.97	3	24	#
641	1879.87	19	45	62	#
642	1699.41	20	22	#
643	2779.81	14	33	62	#
644	1853.75	51	54	#
645	1816.82	2	5	27	#
646	3043.54	0	2	13	16	43	53	#
647	2870.39	6	55	57	#
648	2856.91	10	16	47	49	#
649	1178.47	8	39	#
650	1202.21	0	16	17	20	23	#
651	1941.78	40	43	#
652	3516.12	5	25	32	33	37	44	#
653	1255.63	34	42	#
654	2578.93	19	22	62	#
655	1438.99	24	55	#
656	7428.56	3	11	16	20	29	44	45	51	60	#
657	2592.33	43	46	53	#
658	1939.21	0	41	#
659	1034.44	18	46	#
660	1367.69	3	6	37	43	44	61	#
661	1488.34	4	23	50	63	#
662	1481.51	23	52	#
663	1046.82	9	10	21	#
664	3859.65	4	20	27	45	#
665	1990.61	16	37	40	48	58	#
666	2233.03	4	5	17	23	52	59	#
667	2593.9	14	19	24	#
668	3197.55	0	3	5	19	20	22	48	#
669	5962.16	3	15	19	28	34	38	#
670	4979.43	0	14	39	47	60	#
671	1495.61	0	39	47	#
672	1874.76	22	30	#
673	2513.21	3	8	17	25	47	#
674	2146.37	2	7	26	35	#
675	1312.63	0	39	#
676	3378.52	9	13	20	23	47	52	57	60	#
677	1322.01	32	43	59	#
678	1275.88	5	10	#
679	903.262	18	29	#
680	1966.56	0	60	#
681	1055.99	25	63	#
682	1892.33	0	14	27	#
683	1723.58	12	58	#
684	2479.71	9	28	50	#
685	2582.25	20	27	40	#
686	1215.29	8	15	#
687	2308.23	0	16	29	#
688	1431.29	5	41	63	#
689	8382.79	9	10	11	28	31	37	49	50	56	#
690	1208.1	8	57	#
691	3097.62	13	43	50	59	#
692	2425.71	24	36	52	54	55	#
693	5135.59	11	27	32	33	39	58	#
694	3724.43	2	16	23	54	58	#
695	1139.78	30	63	#
696	3873.68	7	15	17	32	35	40	47	50	#
697	2942.55	12	30	45	55	#
698	2771.71	11	24	29	61	#
699	3861.95	13	19	22	36	48	55	#
700	1947.14	8	59	#
701	1350.3	36	52	#
702	1236.31	7	16	45	47	61	#
703	2950.43	3	31	44	51	55	58	#
704	1736.38	7	20	62	#
705	1061.41	52	57	#
706	1022.37	6	15	#
707	2812.08	7	42	46	#
708	2212.71	3	7	39	47	49	#
709	1924.5	20	46	54	#
710	2323.25	5	15	39	#
711	1695.31	19	49	#
712	1318.28	0	31	#
713	1336.35	30	48	51	#
714	1997.22	4	34	#
715	2675.57	41	56	59	#
716	7368.33	1	12	20	44	45	57	58	60	#
717	2351.24	13	23	31	32	42	#
718	3591.08	14	53	57	61	#
719	2245.39	14	31	50	#
720	1266.75	43	59	#
721	1799.83	27	51	#
722	1894.83	7	38	63	#
723	1998.97	19	23	#
724	3142.37	9	34	38	54	#
725	2861.29	2	13	32	34	45	#
726	1495.53	11	15	22	24	40	#
727	1366.44	29	36	48	#
728	3736.54	4	26	31	53	#
729	1516.32	15	20	#
730	1207.02	0	42	#
731	2168.47	0	34	38	43	57	#
732	5425.45	1	2	7	21	27	33	40	43	46	49	55	60	61	62	#
733	2480.9	2	14	39	49	56	#
734	1299.42	43	44	#
735	1850.79	14	15	60	#
736	2274.55	2	3	4	7	15	22	32	38	44	47	49	#
737	2915.98	11	13	23	#
738	1860.65	12	44	#
739	5815.31	5	8	16	28	34	49	#
740	2343.09	9	21	42	#
741	1198.36	9	59	#
742	1885.53	26	57	#
743	3654.12	19	36	55	62	#
744	3306.93	31	38	44	46	62	63	#
745	1309.56	2	40	#
746	3262.03	2	36	43	47	49	#
747	2203.72	15	18	41	60	62	#
748	1626.88	11	16	#
749	1305.65	51	61	#
750	1840.34	18	37	#
751	1777.49	11	17	#
752	1899.86	30	35	#
753	1030.46	1	49	#
754	1623.19	0	57	#
755	2597.13	15	35	42	#
756	1955.43	2	12	32	41	60	#
757	1531.36	2	12	#
758	4165.9	3	6	12	38	62	#
759	3394.21	6	16	44	56	#
760	1752.29	44	46	#
761	3580.74	10	24	42	52	57	#
762	1791.88	45	62	#
763	1881.15	3	33	59	#
764	1619.96	5	6	29	#
765	1364.01	5	47	50	#
766	2967.24	35	52	53	#
767	1699.79	0	4	42	#
768	1977.26	30	52	#
769	1355.88	14	26	27	37	#
770	2870.3	21	28	55	#
771	1651.45	20	47	#
772	3038.47	22	24	35	55	#
773	2499.7	0	4	5	24	27	30	31	35	42	46	#
774	1717.24	40	63	#
775	1249.49	9	41	#
776	1468.22	47	49	#
777	2561.22	32	38	40	#
778	1213.01	5	9	11	#
779	2349.11	16	23	24	#
780	3637.99	6	11	16	21	40	#
781	1277.1	35	50	#
782	1080.45	27	61	#
783	1200.79	39	54	#
784	1701.86	1	37	#
785	1918.89	7	59	#
786	5979.31	11	18	19	39	49	52	#
787	1651.56	5	6	13	15	28	48	60	#
788	1948.91	16	33	#
789	1017.22	32	63	#
790	2041.85	9	25	27	36	44	#
791	1619.02	0	40	#
792	2945.19	21	25	34	#
793	10923.6	4	6	10	12	13	15	19	30	35	39	40	59	#
794	1853.32	11	25	#
795	2881.67	3	37	44	49	63	#
796	3822.38	6	11	41	57	#
797	2354.59	8	27	45	#
798	2659.78	11	43	44	#
799	2388.88	3	5	10	20	25	#
800	1972.9	6	14	34	38	45	#
801	1318.75	21	39	#
802	3075.3	4	10	13	62	#
803	2867.06	5	7	15	20	23	32	43	51	55	#
804	4260.73	0	10	14	27	38	41	#
805	2090.17	45	54	55	#
806	2851	13	36	42	#
807	2953.16	14	30	38	#
808	2729.45	17	38	61	#
809	1434.65	5	16	44	45	52	#
810	1527.98	26	50	#
811	1558.7	15	32	42	#
812	6521.45	17	20	24	36	47	49	54	57	#
813	3517.99	11	50	59	61	63	#
814	3124.8	7	8	11	48	#
815	1089.1	37	52	#
816	5669.06	2	12	16	35	40	48	61	#
817	3545.02	22	27	31	37	#
818	2790.77	2	20	56	57	#
819	2530.75	6	21	35	57	#
820	4009.79	13	15	25	29	31	48	#
821	1482.94	17	62	#
822	1049.5	55	58	#
823	3358.76	6	13	25	53	57	#
824	1643.12	23	31	35	#
825	1006.3	5	31	48	#
826	2257.15	9	41	46	#
827	4954.54	1	6	11	20	38	55	#
828	2179.06	31	43	51	#
829	1531.44	1	52	#
830	2178.89	17	48	49	51	#
831	2883.37	13	14	42	#
832	1084.75	4	37	#
833	1421.27	3	9	#
834	1105	56	61	#
835	2751.92	38	58	63	#
836	3243.09	0	11	14	33	47	57	#
837	2481.59	0	7	49	#
838	1158.32	14	15	32	#
839	1373.15	17	22	#
840	1034.13	13	14	#
841	1902.1	18	52	#
842	2663.94	32	46	48	49	#
843	2141.75	4	54	62	#
844	1971.68	18	24	#
845	1960.76	5	18	22	59	#
846	1918.96	34	56	#
847	4923.63	1	7	10	18	63	#
848	4933.86	10	32	44	52	54	#
849	1941.66	7	36	#
850	1093.61	39	42	#
851	1240.31	28	57	#
852	2626.27	19	45	51	57	#
853	5053.25	1	11	24	26	38	44	51	55	#
854	1651.11	9	32	44	48	60	#
855	4058.72	1	15	16	19	37	47	#
856	1952.73	29	38	42	57	#
857	2739.81	11	29	43	#
858	2892.2	13	32	47	62	#
859	1387.48	5	35	#
860	1197.67	33	34	40	#
861	3004.95	6	10	22	27	28	61	#
862	3599.97	20	23	25	29	32	48	#
863	2117.89	2	41	53	#
864	1005.06	20	26	63	#
865	2155.01	13	18	25	#
866	1060.06	14	41	44	#
867	3576.64	17	22	30	35	37	39	52	#
868	2534.06	17	29	33	47	50	60	#
869	1081.57	9	11	54	#
870	2369.32	4	38	44	51	#
871	1862.89	24	26	31	#
872	1037.85	44	52	#
873	2787.31	11	15	36	#
874	5511.78	5	30	32	43	50	61	#
875	2626.54	2	6	12	22	25	39	55	#
876	1374.82	37	42	62	#
877	1415.48	9	39	#
878	3777.42	10	30	32	42	57	#
879	989.763	8	13	18	21	#
880	2409.57	12	24	46	#
881	1631.39	18	23	#
882	2350.95	10	15	53	#
883	2621.35	1	37	52	#
884	1922.69	19	28	58	#
885	5873.01	29	31	35	57	62	63	#
886	1044.82	0	8	#
887	3168.62	22	44	52	59	#
888	6578.07	0	6	9	29	39	47	59	#
889	1618.89	8	9	34	#
890	1562.61	9	55	#
891	1850.8	5	37	55	#
892	3355.31	11	19	31	49	54	#
893	1204.15	24	57	59	#
894	2799.13	0	19	34	#
895	2565.7	12	16	29	49	51	63	#
896	3183.8	0	20	29	41	54	#
897	1495.5	13	30	59	#
898	1262.77	45	63	#
899	1066.91	44	45	61	#
900	1175.91	14	17	#
901	3333.8	7	23	32	37	42	47	#
902	1560.86	5	21	#
903	2323.66	18	51	60	#
904	5229.39	5	7	11	25	35	49	#
905	1222.3	32	53	#
906	2271.28	11	36	50	54	#
907	1106.16	34	40	#
908	3747.66	20	43	50	58	#
909	1466.59	4	21	56	60	#
910	1873.1	26	41	#
911	3558.85	15	20	39	56	#
912	1692.29	4	59	63	#
913	2338.99	28	39	43	50	#
914	1727.36	5	51	#
915	1121.34	29	39	55	#
916	2736.21	13	28	29	#
917	1778.63	35	56	#
918	1236.76	38	47	#
919	1693.19	6	38	#
920	2673.19	1	15	58	#
921	3342.16	3	27	28	38	49	52	#
922	2619.61	4	31	52	#
923	2233.23	22	32	33	46	#
924	1376.02	27	52	#
925	1887.49	35	54	#
926	2630.46	42	51	56	#
927	1917.74	49	63	#
928	1621.79	3	33	38	39	#
929	5969.31	4	15	25	29	40	50	60	61	#
930	2743.62	11	29	51	#
931	1159.78	14	47	56	63	#
932	1861.73	12	13	45	49	#
933	1197.06	25	30	#
934	4070.61	6	21	38	42	48	#
935	1109.35	5	42	#
936	2722.61	5	28	39	#
937	1601.72	8	57	58	#
938	1353.77	4	31	#
939	3726.43	11	13	25	56	#
940	1912.52	1	21	29	33	47	#
941	2145.14	37	45	47	#
942	2277.36	4	12	22	#
943	1004.54	6	28	31	#
944	1780.26	3	8	57	#
945	1465.25	41	48	#
946	1927.53	1	31	39	#
947	1557.02	8	12	41	57	#
948	3960.49	16	22	27	47	#
949	2063.77	27	48	57	63	#
950	1892.15	43	49	#
951	1976.75	30	49	55	#
952	1605.94	3	23	43	55	#
953	2527.67	25	48	51	54	#
954	1952.9	20	32	46	#
955	1307.63	5	47	56	#
956	1066.37	24	49	#
957	2751.51	0	16	27	42	55	#
958	2441.2	3	40	43	57	#
959	2265.75	1	9	36	#
960	2224.24	21	26	33	#
961	2209.25	23	29	62	#
962	2805.86	6	28	57	#
963	4914.55	18	31	36	57	59	#
964	3285.54	25	26	29	44	53	#
965	2748.83	26	52	55	#
966	1339.75	31	36	#
967	1092.28	1	33	#
968	1659.45	10	13	45	#
969	5928.38	2	7	22	25	31	39	59	#
970	2097.97	28	49	54	#
971	4967.25	6	8	15	31	53	#
972	1702.83	15	23	48	56	#
973	2789.06	23	26	36	#
974	1597.43	10	13	#
975	1026.25	19	24	#
976	1181.63	0	34	#
977	1482.79	25	47	62	#
978	997.015	1	2	18	28	34	35	#
979	1746.58	51	56	63	#
980	1236.02	11	47	#
981	2202.88	11	18	28	#
982	1324.45	17	25	#
983	3253.58	10	14	15	28	33	#
984	1513.84	7	32	#
985	1950.52	33	39	44	#
986	1966.34	3	40	#
987	1280.38	1	2	19	#
988	1975.73	12	50	#
989	1997.26	1	47	51	60	#
990	2637.69	6	28	39	53	#
991	1936.84	32	50	#
992	1856.06	26	55	#
993	1003.35	34	59	#
994	1829.56	34	63	#
995	2848.95	6	11	33	39	57	#
996	2073.86	1	34	43	#
997	1340.59	23	53	#
998	1687.3	57	62	#
999	1619.16	11	60	#
