%% File generated by CATS v.2.1Wed Jun 22 10:37:32 2022

%% The CATS webpage is http://robotics.stanford.edu/CATS

%% PARAMETER SETTINGS:
% Goods: 64; Bids: 1000; Distribution: L4; Runs: 1; Seed: 1656572539
% Legacy distribution parameters:
% Number of goods chosen according to Decay distribution (alpha = 0.55).
% Price chosen according to Linear Random distribution (low_linearly = 1, high_linearly = 1000).


goods 64
bids 1000
dummy 0

0	956.099	56	#
1	956.78	3	#
2	965.812	25	#
3	1851.55	11	14	26	58	#
4	1741.19	43	57	#
5	4901.88	7	15	18	38	40	41	48	49	57	61	63	#
6	977.532	58	#
7	2535.02	27	29	32	35	#
8	942.247	19	#
9	972.616	61	#
10	3206.04	6	22	39	45	#
11	966	31	#
12	970.98	12	#
13	1021.23	5	62	#
14	1727.65	42	45	#
15	992.12	53	#
16	999.647	18	#
17	917.861	21	#
18	1115.27	15	51	#
19	5301.41	5	14	26	39	46	48	#
20	1759.99	30	32	39	#
21	963.772	37	#
22	1840.41	28	59	#
23	2589.57	23	42	44	#
24	3696.23	5	17	36	43	47	50	#
25	6702.58	2	6	8	15	19	49	59	#
26	879.528	32	#
27	896.091	35	#
28	3104.55	4	15	36	41	47	#
29	996.241	62	#
30	1288.49	6	35	#
31	1082.41	1	13	#
32	900.295	50	#
33	959.05	49	#
34	992.149	17	#
35	995.396	44	#
36	1212.77	6	15	#
37	1937.95	3	4	12	51	52	#
38	983.719	5	#
39	936.517	54	#
40	1873.95	13	46	55	#
41	977.44	36	#
42	977.929	63	#
43	3530.78	0	20	28	30	33	44	60	#
44	956.727	42	#
45	926.313	60	#
46	845.678	7	#
47	2273.04	5	8	39	#
48	977.702	47	#
49	1575.93	50	55	#
50	939.441	41	#
51	1875.55	25	54	#
52	7911.81	2	7	9	16	28	33	40	56	59	#
53	2801.92	2	9	33	44	45	46	58	60	#
54	987.07	28	#
55	957.108	30	#
56	908.776	6	#
57	938.208	0	#
58	1395.69	1	25	#
59	933.444	52	#
60	1344.73	18	33	51	#
61	963.925	27	#
62	1969.37	31	53	#
63	993.022	23	#
64	1010.06	3	25	#
65	1881.59	4	28	61	#
66	1035.54	20	51	54	#
67	1703.75	20	53	#
68	1892.37	22	37	#
69	1703.34	18	54	#
70	1766.77	13	17	#
71	3754.95	22	23	34	56	#
72	978.732	34	#
73	1494.13	38	49	#
74	998.655	9	#
75	1682.18	8	24	27	#
76	1698.53	18	43	#
77	996.426	4	#
78	948.495	46	#
79	970.56	33	#
80	1614.13	4	23	51	62	#
81	1993.84	20	34	56	60	#
82	2036	3	12	19	61	#
83	985.603	24	#
84	2126.27	0	10	39	#
85	991.421	11	#
86	922.843	2	#
87	1261.64	0	33	37	57	63	#
88	975.488	10	#
89	1674.41	38	44	#
90	1521.19	24	27	#
91	897.953	51	#
92	2279.11	9	30	32	52	#
93	3581.82	7	17	31	37	39	#
94	1766.98	26	32	#
95	1031.77	9	13	14	22	#
96	2510.69	10	22	33	#
97	979.255	20	#
98	3723.84	9	15	54	60	#
99	4370.85	1	6	10	21	40	#
100	2407.38	16	50	56	#
101	1956.35	14	35	#
102	1003.05	2	34	#
103	1624.72	47	50	#
104	950.875	22	#
105	1577.22	54	62	#
106	1714.93	7	26	38	47	#
107	1265.02	11	15	51	52	#
108	1456.87	1	36	42	#
109	945.137	39	#
110	2061.75	1	10	47	#
111	955.891	38	#
112	2642.75	3	47	60	#
113	4421.57	3	20	25	30	36	63	#
114	1346.54	28	30	#
115	1171.22	2	41	#
116	1211.13	10	11	#
117	923.131	59	#
118	1587.64	24	57	#
119	2992.33	4	28	36	#
120	2046.06	7	24	26	27	30	#
121	1980.61	4	45	#
122	1944.14	5	47	#
123	1811.82	2	13	#
124	1786.54	10	17	#
125	1050.16	7	12	21	45	#
126	1771.3	24	33	#
127	3318.75	1	23	32	42	49	61	#
128	6856.95	3	5	8	31	41	56	60	#
129	910.998	55	#
130	981.248	26	#
131	929.934	14	#
132	2232.76	3	9	17	33	#
133	1945.89	10	45	#
134	2580.13	21	56	58	#
135	967.368	48	#
136	2065.2	24	53	58	#
137	2573.55	5	38	62	#
138	1649.95	38	63	#
139	3120.84	0	3	19	39	41	47	55	60	#
140	1567.75	20	43	#
141	976.468	1	#
142	921.122	43	#
143	3002.06	8	18	49	59	#
144	3004.18	16	20	40	58	#
145	2677.44	5	21	31	37	#
146	1234.52	27	58	#
147	2559.69	4	13	15	24	32	#
148	1578.41	9	43	#
149	1871.79	1	26	36	38	44	45	51	63	#
150	976.441	57	#
151	4073.76	3	34	41	43	45	#
152	2081.82	27	52	53	#
153	907.85	13	#
154	2733.15	3	28	43	#
155	1570.06	13	23	33	37	#
156	1999.83	25	48	#
157	1691.87	16	63	#
158	1817.44	10	60	#
159	1920.2	54	58	#
160	2712.82	7	27	41	#
161	2877.76	50	51	61	#
162	932.174	8	#
163	971.977	45	#
164	3962.98	0	45	47	57	60	#
165	990.549	8	45	61	#
166	2885.98	0	23	41	59	#
167	1022.79	28	38	#
168	2318.91	4	26	52	58	#
169	1295.62	45	53	#
170	1003.99	6	34	#
171	1699.22	1	38	#
172	2726.13	5	13	61	#
173	2434.23	8	12	21	54	#
174	3646.38	0	20	51	52	#
175	2406.17	1	29	41	#
176	1236.71	20	21	#
177	1870.18	49	50	52	#
178	1712.61	19	27	#
179	1132.79	17	57	#
180	3806.55	12	34	38	49	#
181	1454.67	43	55	#
182	2840.03	1	20	54	#
183	4445.22	5	10	13	17	18	23	30	31	57	#
184	2118.61	2	3	14	44	54	57	#
185	2579.36	22	31	33	41	#
186	3957.05	13	24	27	28	36	37	60	#
187	1413.26	44	57	#
188	2746.77	9	11	61	#
189	3276.81	0	3	4	11	#
190	1903.25	31	39	51	#
191	2184.79	13	14	27	#
192	2083.22	2	36	52	#
193	1271.3	58	63	#
194	2721.25	17	18	43	50	#
195	1974.32	53	57	#
196	1946.27	1	43	#
197	1684.23	7	29	#
198	972.721	16	#
199	3350.55	12	14	37	38	#
200	936.491	15	#
201	1341.33	0	21	40	#
202	1951.77	25	41	#
203	2031.12	19	30	44	#
204	2990.51	0	1	4	41	55	#
205	876.35	40	#
206	1791.84	12	36	#
207	1926.55	43	45	#
208	1071.77	47	63	#
209	3202.98	4	25	26	36	46	#
210	2664.58	17	24	49	54	63	#
211	1962.1	30	61	#
212	4197.31	24	27	28	29	40	#
213	2457.74	43	51	53	#
214	4742.4	6	12	13	26	33	36	44	49	#
215	1418.39	38	45	#
216	2406.86	4	45	46	59	#
217	2431.11	8	30	52	#
218	1709.39	16	30	#
219	2051.29	3	12	18	27	49	#
220	1720.76	12	51	#
221	933.077	13	29	#
222	3984.02	11	18	27	55	#
223	1592.05	28	60	#
224	1717.42	1	35	#
225	1914.33	11	28	#
226	4679.88	1	3	6	14	45	49	54	58	#
227	2587.75	2	7	22	39	#
228	895.246	29	#
229	1783.69	3	23	#
230	3057.63	19	30	31	38	#
231	1505.46	3	43	44	#
232	1692.8	7	9	#
233	2706.31	27	32	58	#
234	1640.36	10	24	#
235	1272.05	14	27	53	#
236	2058.67	6	7	62	#
237	2984.51	13	14	49	60	#
238	5958.12	13	22	26	43	59	63	#
239	1886.15	51	58	#
240	1556.1	20	61	#
241	1311.1	6	9	#
242	3875.73	20	36	52	59	#
243	1137.6	50	63	#
244	1668.23	23	45	52	#
245	1182.46	31	38	41	#
246	1676.1	33	55	#
247	1645.9	8	57	#
248	1140.73	35	52	#
249	1979.95	36	54	#
250	1354.61	5	35	#
251	1348.97	20	59	#
252	1448.81	13	27	#
253	2642.39	6	7	21	47	#
254	4370.24	4	19	31	50	59	#
255	1755.41	23	55	#
256	3577.6	4	37	44	58	#
257	2849.75	8	16	63	#
258	1106.95	35	59	#
259	1031.7	34	59	#
260	1485.35	29	54	#
261	4120.71	1	21	22	30	46	52	58	#
262	2988.49	4	15	36	#
263	1385.37	0	2	51	52	#
264	1010.99	25	50	53	#
265	1610.62	8	11	39	#
266	1883.93	13	57	62	#
267	1866.72	18	19	56	#
268	2941.78	2	13	14	16	17	23	25	33	42	44	53	58	#
269	1107.42	30	36	#
270	1531.73	17	33	#
271	3660.38	16	21	25	35	#
272	2492.43	0	46	60	#
273	3679.42	33	37	47	51	#
274	1407.65	0	17	#
275	1775.65	31	45	48	63	#
276	1673.7	47	49	#
277	3202.19	16	21	26	40	50	57	#
278	1667.18	28	41	#
279	2511.5	8	14	18	#
280	2331.1	30	31	33	#
281	1544.62	37	61	#
282	1391.08	45	62	#
283	1994.96	11	16	#
284	3358.25	0	2	3	34	54	61	#
285	2959.06	10	29	33	#
286	3111.29	1	4	13	63	#
287	1176.75	25	46	#
288	1112.71	19	31	#
289	1144.27	24	54	#
290	1731.75	31	48	#
291	2194.38	9	18	26	37	51	53	62	#
292	1408.24	10	39	#
293	1148.71	5	16	#
294	6411.11	1	4	11	22	47	48	58	59	#
295	1813.12	3	8	9	47	58	#
296	4356.46	32	46	49	59	61	#
297	2039.62	8	37	38	#
298	1488.94	20	28	#
299	2709.27	19	39	50	56	#
300	1958.11	12	57	#
301	985.032	6	10	#
302	1205.55	22	27	46	#
303	1552.74	39	53	#
304	1574.75	12	18	#
305	2482.43	15	30	42	#
306	3999.95	18	28	57	63	#
307	2746.96	0	30	39	42	48	#
308	1881.49	21	52	#
309	1789.52	0	3	42	#
310	1622.24	43	58	#
311	1768.02	13	42	#
312	2419.73	14	42	46	49	#
313	4088.85	19	25	35	43	45	48	#
314	3240.47	23	25	44	54	#
315	1492.42	9	34	42	61	#
316	2506.83	38	47	54	#
317	1047.03	19	55	59	#
318	3481.17	10	15	33	38	52	59	#
319	1574.4	28	55	63	#
320	2116.49	13	36	40	#
321	2181.39	11	46	52	#
322	4041.03	11	34	50	57	62	#
323	1817.61	33	40	#
324	1404.03	32	55	#
325	1949.91	43	63	#
326	2846.49	24	31	59	#
327	3600.81	11	21	39	60	#
328	2133.39	10	22	43	48	#
329	2737.65	5	15	54	#
330	1736.79	3	50	#
331	1559.33	5	43	54	#
332	2412.34	10	11	21	50	63	#
333	1014.13	47	48	#
334	7832.77	0	6	11	13	27	31	45	50	56	#
335	2697.74	34	57	63	#
336	2141.82	3	13	50	#
337	1872.47	3	46	#
338	1502.96	27	59	#
339	1142.64	0	3	#
340	3319.58	5	11	17	30	45	50	56	57	#
341	2390.03	13	21	23	#
342	4742.89	0	12	16	26	45	49	#
343	3465.21	0	14	34	44	#
344	2030.64	25	27	35	56	#
345	2632.08	29	30	41	#
346	1370.78	0	12	#
347	1128.67	7	24	#
348	2092.7	18	41	58	#
349	2720.16	6	26	37	41	43	45	55	#
350	2955.45	17	38	41	48	49	52	#
351	2906.64	13	18	23	41	50	#
352	1574.77	26	63	#
353	2768.8	7	22	54	#
354	1315.79	39	46	#
355	1488.93	22	45	57	#
356	4927.17	6	22	30	35	39	43	#
357	1607.83	2	8	11	35	40	#
358	1787.89	6	42	#
359	1362.54	26	31	#
360	1655.94	49	57	#
361	1814.44	20	30	36	60	#
362	1875.81	5	45	#
363	5202.62	10	18	23	26	32	40	54	58	#
364	4368.88	4	11	21	56	57	#
365	6655.14	3	9	27	38	42	43	52	#
366	2005.41	17	34	38	#
367	1798.82	5	10	21	22	27	56	63	#
368	1279.2	3	25	29	#
369	955.709	6	13	#
370	3004.36	24	25	26	28	#
371	1225.42	22	38	#
372	4120.24	18	23	25	37	55	#
373	1369.74	17	25	31	#
374	7974.75	3	10	11	16	21	27	36	47	#
375	5712.41	11	19	25	38	42	47	56	#
376	1587.33	4	24	#
377	1262.47	12	27	54	#
378	2469.52	14	40	56	#
379	3155.99	10	15	28	38	55	#
380	1878.41	37	50	#
381	1601.07	38	45	52	#
382	1030.93	27	49	#
383	2590.07	21	47	62	#
384	2442.88	6	7	11	15	62	63	#
385	2566.94	15	20	34	#
386	2874.15	13	45	55	#
387	1824.94	28	33	62	#
388	1273	7	52	53	#
389	2682.69	6	31	45	#
390	1273.88	8	59	#
391	1859.76	7	17	24	28	40	53	#
392	1521.91	15	22	59	#
393	1711.17	2	17	#
394	1843.6	31	49	61	#
395	1658.11	8	46	#
396	2249.48	10	22	55	#
397	2777.81	18	33	43	50	58	#
398	1739.36	55	62	#
399	2196.56	29	48	62	#
400	2035.02	28	49	63	#
401	2767.73	7	30	44	56	#
402	1780.06	8	54	#
403	1750.58	29	53	#
404	1069.89	21	61	#
405	2929.76	5	17	43	#
406	1223.59	11	45	#
407	1761.55	12	47	51	56	#
408	1150.42	44	52	#
409	2491.61	4	17	55	#
410	6780.1	4	12	13	21	34	36	37	56	#
411	1757.36	1	41	#
412	1659.93	1	4	18	31	#
413	1823.02	0	29	#
414	1956.28	29	63	#
415	4644.43	5	16	27	48	51	54	#
416	1238.09	36	59	#
417	1820.9	7	37	#
418	1492.41	27	52	#
419	992.503	10	32	#
420	5227.68	5	17	20	24	26	40	#
421	1224.39	46	57	#
422	1649.46	11	29	#
423	1260.91	35	39	48	#
424	1623.56	15	45	53	#
425	1190.96	2	28	62	#
426	2553.35	15	46	50	54	#
427	1672.82	11	42	#
428	1599.22	27	45	61	#
429	2272.65	5	29	34	39	#
430	1593.75	6	25	#
431	1592.5	8	40	#
432	5222.15	2	7	27	39	43	45	50	#
433	1733.74	20	34	#
434	1556.18	23	63	#
435	1266.32	1	4	40	#
436	2716.55	20	32	37	#
437	1077.23	17	37	#
438	1657.78	14	39	48	51	#
439	1810.13	2	59	#
440	1700.88	3	14	28	31	51	63	#
441	1886.31	20	35	#
442	2624.09	21	48	59	#
443	1451.86	34	45	#
444	3019.06	6	11	22	44	51	#
445	2995.43	3	6	49	#
446	5027.21	1	33	40	42	45	47	#
447	1789.58	7	11	13	18	42	55	#
448	968.412	14	37	56	#
449	2592.16	3	9	44	#
450	1567.61	8	58	#
451	2106.21	34	35	60	#
452	1823.94	22	31	42	#
453	2384.21	10	13	19	#
454	2817.96	12	15	40	#
455	1638.55	1	2	#
456	1294.23	12	22	#
457	1813.57	32	48	#
458	2122.96	0	11	22	28	60	#
459	2701.37	1	13	29	41	55	59	#
460	1136.79	5	46	61	#
461	2063.24	25	47	61	#
462	1216.47	40	47	#
463	2231.65	6	30	60	61	#
464	1204.71	7	55	#
465	1843.61	17	43	51	#
466	2822.1	3	20	52	#
467	1617.66	2	44	47	56	#
468	1309.71	14	33	#
469	1957.11	15	60	#
470	1379.15	18	39	#
471	5649.6	1	6	13	22	26	36	49	59	60	63	#
472	5334.57	8	10	11	20	25	50	53	#
473	1836.35	20	40	#
474	1558.28	33	48	#
475	1962.32	31	37	#
476	1148.77	25	42	#
477	3790.4	20	22	34	59	#
478	2303.09	26	40	62	#
479	5460.47	3	13	15	34	52	63	#
480	1334.77	11	54	#
481	1255.45	0	34	#
482	2127.6	1	8	48	#
483	1221.33	28	36	#
484	2311.22	37	43	45	61	#
485	1210.6	19	63	#
486	1134.74	26	55	#
487	1987.06	19	53	60	#
488	2258.85	9	48	53	#
489	3233.61	3	18	42	57	#
490	1436.55	8	38	#
491	2684.11	43	46	49	#
492	4752.5	9	18	46	54	62	#
493	2150.32	3	7	9	#
494	2574.73	8	25	49	#
495	3658.08	18	28	35	48	#
496	1944.2	16	22	24	44	#
497	1656.82	12	15	#
498	2190.69	26	30	37	42	57	61	#
499	1571.16	13	40	58	#
500	1562.66	25	26	#
501	1342.8	49	55	#
502	1487.56	5	9	#
503	2527.01	15	49	53	#
504	1629.59	10	58	#
505	1151.13	13	32	47	56	#
506	1884.79	25	52	#
507	2457.08	12	17	21	#
508	2932.67	4	11	24	40	45	#
509	1261.82	42	46	#
510	2551.64	8	20	34	36	38	43	#
511	1666.26	32	62	#
512	1937.76	25	29	35	#
513	1351.91	5	33	#
514	1726.17	23	32	#
515	3734.7	12	16	38	60	#
516	2211	1	19	23	32	#
517	2802.55	3	10	20	58	#
518	1332.61	0	55	#
519	1770.22	3	6	15	#
520	3532.68	17	23	25	38	45	57	63	#
521	1372.18	26	49	#
522	1261.77	25	56	#
523	1737.94	26	36	#
524	2732.86	20	39	58	#
525	2125.73	16	30	50	#
526	2851.97	3	21	22	#
527	1956.11	51	55	#
528	2666.98	16	25	48	#
529	2614.6	33	37	52	#
530	1240.76	2	38	53	58	#
531	1235.49	18	51	#
532	3632.37	12	16	31	42	51	62	#
533	4520.52	2	10	28	32	52	#
534	1353.48	19	34	#
535	1184.46	17	27	#
536	1859.33	32	36	55	#
537	2369.95	10	24	33	#
538	2710.85	21	47	54	#
539	7134.26	5	12	19	34	38	40	43	52	#
540	1132.88	0	9	41	#
541	2222.61	18	39	48	#
542	1141.73	12	47	#
543	1216.18	4	22	#
544	2902.09	9	10	31	38	54	#
545	1290.41	13	21	#
546	1014.63	0	27	#
547	5662	8	15	24	46	57	62	#
548	2181.39	0	38	42	#
549	2325.52	5	30	49	#
550	2805.82	28	32	50	#
551	1975.82	34	62	#
552	2809.86	5	19	49	#
553	1900.22	16	53	#
554	3322.42	7	8	19	26	29	30	35	41	46	#
555	3678.08	11	15	28	34	54	#
556	4052.8	1	17	27	41	43	47	#
557	3778.27	9	19	29	33	#
558	2070.06	24	52	60	#
559	1475.8	30	60	#
560	4976.28	4	14	37	52	62	#
561	1783.15	27	60	#
562	1564.97	12	25	#
563	2903.47	1	14	29	#
564	2351.15	15	21	33	#
565	2434.14	10	25	35	#
566	4137.98	7	8	19	29	38	47	54	#
567	1594.31	22	39	#
568	2982.23	41	43	58	#
569	1561.46	17	56	#
570	1476.63	14	23	29	#
571	2584.12	3	25	44	#
572	2052.94	2	5	35	#
573	1490.41	14	18	39	52	#
574	2293.71	23	27	49	53	#
575	1623.95	35	44	#
576	1328.11	29	45	#
577	3132.29	13	20	23	25	#
578	1165.82	7	52	#
579	2256.44	8	45	48	#
580	4425.1	0	7	16	19	60	#
581	2506.29	32	51	59	#
582	1851.06	33	59	#
583	2791.41	13	17	26	61	#
584	5897.87	5	15	26	29	30	37	40	#
585	2692.02	2	17	23	52	56	#
586	5406.45	16	25	31	40	43	44	#
587	1142.53	45	55	#
588	1240.43	7	17	#
589	2532.16	1	11	32	#
590	1453.06	50	58	#
591	1999.89	11	31	54	#
592	2760.21	5	18	25	38	54	56	57	#
593	1839.34	29	33	#
594	2624.59	4	10	53	63	#
595	3880.45	11	15	30	54	#
596	1275.74	23	36	#
597	3502.46	6	14	18	29	#
598	3074.34	0	10	14	20	32	49	#
599	1578.88	48	60	#
600	2072.32	19	27	32	40	#
601	2203.35	4	20	61	#
602	1529.25	0	37	40	#
603	1616.91	24	27	36	48	#
604	1302.08	18	19	#
605	1548.5	33	36	44	52	#
606	1299.89	6	56	#
607	1630.96	5	57	#
608	2778.24	4	16	30	#
609	1376.94	6	21	63	#
610	1858.29	5	38	53	#
611	2813.38	1	6	42	61	62	63	#
612	3203.36	0	15	32	63	#
613	1790.38	5	20	33	#
614	5552.17	0	4	9	17	20	32	50	52	#
615	1077.64	34	35	#
616	3095.51	12	28	60	63	#
617	1574.06	47	58	63	#
618	1420.72	0	14	19	38	55	58	59	#
619	1608.75	9	19	36	56	57	#
620	1759.77	1	6	#
621	1399	30	63	#
622	1611.66	26	38	#
623	1154.04	56	62	#
624	4910.26	7	9	17	23	25	27	#
625	1948.39	2	6	16	22	#
626	1902.1	49	58	60	#
627	1018.91	6	30	41	#
628	1684.68	16	48	#
629	1356.45	15	19	29	47	#
630	2374.78	17	23	32	#
631	2437.15	13	15	40	46	#
632	1555.98	33	38	#
633	1616.32	9	50	#
634	1494.26	2	18	#
635	1096.44	4	11	15	17	#
636	3750.2	26	32	34	43	#
637	1746.09	9	46	#
638	973.94	7	45	#
639	1171.59	17	59	#
640	4310.4	5	22	25	56	60	#
641	955.678	19	51	#
642	2932.97	9	30	33	37	53	#
643	2558.59	4	29	32	36	49	53	54	#
644	1701.86	6	43	#
645	1911.72	3	49	#
646	1670.7	5	34	#
647	1473.73	49	60	#
648	1459.47	20	47	#
649	2432.61	11	17	42	59	#
650	2472.91	1	27	33	55	63	#
651	1192.62	42	61	#
652	1280.51	18	34	#
653	1809.3	15	24	#
654	1217.79	50	60	#
655	2993.5	27	28	50	62	#
656	1384.22	3	19	#
657	3593.17	1	5	17	18	36	45	51	54	#
658	6352.99	6	16	27	32	36	43	56	#
659	1737.72	19	33	#
660	2951.27	14	33	61	#
661	2979.79	14	24	27	43	60	#
662	1671.73	8	50	#
663	5436.66	1	2	13	30	32	37	38	41	43	44	52	62	63	#
664	2121.84	22	32	36	42	52	#
665	3365.31	5	21	46	62	#
666	4418.31	8	12	25	31	34	54	58	#
667	1744.43	6	36	#
668	2816.93	14	50	56	61	#
669	2093.25	1	8	26	#
670	1984.43	11	26	49	50	#
671	1926.15	7	10	#
672	1877.25	4	47	#
673	1708.27	40	43	#
674	1910.55	10	43	#
675	2885.22	10	36	62	#
676	2995.9	23	58	63	#
677	4176.02	16	27	30	35	43	#
678	1842.36	17	24	47	#
679	3146.21	6	25	32	35	47	63	#
680	1351.34	1	36	#
681	2456	1	8	38	56	#
682	1110.84	43	53	#
683	1401.81	20	26	55	#
684	2137.67	15	35	46	62	#
685	4541.12	8	16	24	26	62	#
686	2511.18	12	13	28	#
687	989.382	6	30	#
688	1310.75	3	11	18	25	38	#
689	2672.69	7	35	36	#
690	4337.43	16	23	24	28	34	48	#
691	1785.01	10	28	57	61	#
692	1702.32	6	22	#
693	1804.19	56	60	#
694	1223.76	47	58	#
695	1507.32	9	38	#
696	5353.69	0	13	16	17	35	37	42	45	57	#
697	2083.38	6	11	20	21	36	39	41	#
698	1632.92	20	24	41	#
699	2674.61	6	41	60	#
700	1170.72	0	56	#
701	3800.93	10	12	22	49	54	#
702	1702.6	5	12	27	35	62	#
703	2495.64	1	6	29	37	40	57	61	62	#
704	1743.33	17	44	#
705	1443.03	23	26	#
706	1905.69	9	10	#
707	1929.11	22	37	50	#
708	3547.44	34	47	55	61	#
709	2321.85	40	43	47	52	#
710	2701.09	15	20	31	58	#
711	1100.73	3	10	#
712	1024.1	16	37	#
713	1577.18	4	12	16	21	25	#
714	1059.08	24	58	#
715	1041.77	25	51	#
716	3833.48	12	35	41	45	58	62	#
717	2266.28	1	58	60	#
718	1840.96	32	63	#
719	2810.27	5	18	26	29	43	48	#
720	2979.23	2	13	28	#
721	1559.87	3	6	7	35	63	#
722	2895.11	4	30	39	47	#
723	1696.04	1	57	#
724	1092.22	4	43	#
725	2732.15	30	34	38	44	59	#
726	1916.93	41	63	#
727	1678.19	1	37	#
728	1017.98	4	23	#
729	1012.33	13	31	50	#
730	1229.2	8	32	#
731	1885.93	23	40	#
732	2102.12	3	42	58	#
733	1129.68	32	33	51	57	#
734	1599.21	5	11	14	#
735	1429.26	0	4	31	61	#
736	1577.18	15	46	#
737	2661.83	11	30	40	#
738	3529.94	0	35	53	62	#
739	1833.03	10	24	36	37	38	41	#
740	1615.95	0	4	60	#
741	1867.67	16	56	#
742	2393.9	3	9	50	53	#
743	1249.28	51	62	#
744	1018.14	0	24	61	#
745	3512.07	4	9	18	26	#
746	2917.38	9	20	31	39	55	#
747	1748.25	0	10	53	#
748	1007.92	11	62	#
749	1804.66	23	38	51	59	#
750	2697.54	0	1	7	26	37	#
751	1798.37	11	43	#
752	1404.15	16	44	#
753	1111.18	33	47	#
754	9530.88	16	23	29	30	36	39	48	50	56	60	62	#
755	1460.75	9	15	61	#
756	3113.4	5	24	31	60	#
757	2899.35	15	39	42	#
758	3923.79	10	17	27	28	31	#
759	1548.75	15	27	#
760	1966.14	15	33	#
761	3805.97	2	20	47	48	#
762	2497.75	7	25	38	56	#
763	1700.44	6	18	#
764	1331.83	18	27	56	#
765	3196.49	7	19	24	31	32	#
766	1604.3	25	30	#
767	5324.76	2	8	21	24	25	32	39	47	50	59	#
768	6354.63	1	2	20	31	33	37	58	60	#
769	1629.4	36	40	#
770	1835.69	39	40	49	51	#
771	2140.95	5	16	20	56	#
772	1600.33	3	11	31	#
773	1038.77	50	52	#
774	1787.83	26	37	#
775	1164.97	27	29	#
776	2668.71	20	35	61	#
777	3217.62	2	16	30	37	45	57	58	#
778	2575.72	1	10	60	#
779	1879.3	29	30	#
780	1450.29	39	56	#
781	3980.11	5	9	19	21	46	#
782	3838.03	2	4	17	33	#
783	1382.32	2	16	37	#
784	2755.41	1	16	53	#
785	1363.98	8	15	17	#
786	2653.77	7	20	51	57	#
787	1323.44	0	39	#
788	3194.12	36	37	41	49	#
789	2157.08	10	33	42	#
790	1819.15	0	51	61	#
791	1720.06	39	43	#
792	3397.99	11	21	46	48	#
793	2908.86	5	6	12	16	30	46	#
794	2891.45	2	13	27	50	#
795	1338.25	5	60	#
796	1041.12	8	62	#
797	1268.46	20	44	#
798	1584.85	7	54	#
799	1288.66	36	43	#
800	1234.14	35	37	#
801	1127.66	7	58	#
802	1674.38	7	42	#
803	1844.45	34	41	49	#
804	1749.93	19	21	#
805	2997.17	14	23	24	36	54	#
806	3811.69	3	5	32	59	61	62	#
807	4181.24	1	4	12	17	41	43	#
808	2916.24	4	53	56	#
809	2774.46	8	38	44	#
810	4576.48	1	6	22	29	45	62	#
811	1758.78	20	27	#
812	2187.39	23	24	50	#
813	1384.87	10	33	#
814	1865.09	26	28	52	57	63	#
815	1558.8	36	58	#
816	4767.54	8	21	39	50	57	#
817	5978.55	8	18	19	22	61	63	#
818	1492.05	7	63	#
819	2538.63	9	27	37	#
820	1997.26	41	47	#
821	1290.19	7	41	#
822	1478.11	3	28	#
823	3450.96	6	16	22	43	#
824	3532.9	10	34	39	49	#
825	2214.22	6	18	20	32	53	#
826	4211.55	1	4	18	21	37	63	#
827	2214.3	2	22	42	#
828	2883.56	16	26	55	63	#
829	1686.93	46	53	60	#
830	1223.2	32	54	#
831	3463.02	14	28	29	59	#
832	1122.89	6	52	#
833	1871.83	16	47	#
834	2189.69	2	16	21	49	52	59	#
835	1010.35	22	34	#
836	5669.1	26	27	30	33	52	57	#
837	2913.02	6	14	23	25	28	29	34	43	47	#
838	2895.43	5	48	63	#
839	1560.6	35	43	#
840	2098.28	7	12	19	#
841	1263.43	4	52	54	60	#
842	1447.42	44	48	#
843	4596.7	0	4	14	19	30	32	50	51	60	63	#
844	2789.89	8	20	23	32	#
845	1173.06	2	48	49	#
846	2349.42	32	37	44	50	#
847	3374.82	1	8	16	34	#
848	2825.02	10	25	34	42	46	47	#
849	3703.23	0	14	29	48	#
850	1219.33	2	22	#
851	1964.66	5	59	#
852	2557.05	1	10	22	36	50	63	#
853	1785.06	0	25	53	#
854	1881.47	27	31	52	#
855	2581.65	4	5	42	55	#
856	1559.59	30	49	#
857	2860.11	4	24	56	#
858	3827.98	5	7	23	36	45	46	48	#
859	1615.28	18	50	#
860	1763.23	2	40	42	#
861	1408.92	46	48	49	#
862	2132.15	3	23	48	#
863	2977.75	0	2	48	#
864	2032.78	2	7	38	57	#
865	1958.73	6	46	#
866	2585.05	6	22	29	35	60	#
867	1314.86	32	33	36	43	#
868	1931.46	34	51	#
869	1731.02	5	29	49	#
870	1521.9	15	30	50	#
871	4157.17	7	27	28	34	40	#
872	1667.59	5	17	42	#
873	1111.28	31	44	#
874	1845.74	26	27	43	#
875	1651.28	20	42	#
876	3318.35	25	36	44	57	#
877	2394.38	6	16	46	#
878	1619.03	27	47	#
879	1365.38	26	50	#
880	1803.3	7	12	26	61	#
881	2733.51	26	29	40	#
882	2469.49	26	57	59	#
883	2626.7	14	32	40	#
884	1031.57	27	41	#
885	1310.22	15	50	51	59	#
886	6204.93	0	15	24	33	37	38	45	60	62	#
887	2589.33	5	15	63	#
888	2808.93	43	45	47	#
889	2979.45	5	56	60	#
890	1772.71	31	45	#
891	1478.65	2	21	#
892	1913.36	4	25	38	52	56	63	#
893	1207.57	46	47	#
894	4986.47	12	27	43	46	49	#
895	2409.1	29	38	48	63	#
896	5899.61	5	11	13	53	56	63	#
897	2038.35	32	60	62	63	#
898	3632.36	8	14	27	42	48	52	#
899	3400.97	8	10	26	40	46	58	#
900	3239.83	1	2	8	17	24	32	54	55	61	#
901	2544.22	7	16	25	42	45	57	#
902	1566.68	2	12	34	50	63	#
903	1507.86	7	16	#
904	2451.35	35	54	58	#
905	2266.76	14	35	50	60	#
906	2410.07	2	7	24	40	#
907	1961.06	9	21	#
908	2040.32	35	46	60	#
909	2164.11	0	14	37	41	53	#
910	3051.11	6	14	21	27	39	50	#
911	1298.43	19	22	29	51	#
912	2644.83	1	12	32	48	50	61	#
913	1047.54	0	59	#
914	2219.03	18	27	35	44	#
915	3132.51	27	37	43	45	59	#
916	5888.03	9	37	55	57	60	63	#
917	1644.19	16	40	#
918	2083.18	17	19	24	25	#
919	1581.98	41	61	#
920	2637.76	52	53	58	#
921	1896.14	16	60	#
922	1630.24	13	19	44	#
923	1773.09	10	42	#
924	2482.25	6	18	34	#
925	2152.73	20	34	49	#
926	3481.32	5	11	24	38	60	61	#
927	2418.11	11	27	59	#
928	1642.63	54	59	#
929	2200.69	9	32	35	40	46	56	#
930	2829.18	17	35	44	#
931	4867.91	12	25	27	31	37	54	#
932	1613.09	9	45	#
933	1075.26	19	60	#
934	2693.96	30	40	63	#
935	1546.22	18	48	#
936	2552.28	1	36	39	#
937	2059.92	9	42	47	49	#
938	2383.52	12	49	58	59	#
939	3976.54	27	34	45	54	#
940	2824.41	3	31	42	48	#
941	1663.28	8	30	40	55	56	#
942	1236.45	27	43	#
943	2625.93	25	30	40	#
944	2146.76	35	53	54	#
945	1864.04	17	22	40	50	55	#
946	2329.47	28	43	46	60	#
947	2420.65	7	21	50	#
948	1134.41	36	61	#
949	1768.98	14	46	#
950	5155.99	11	28	37	39	53	58	#
951	1110.02	8	49	#
952	3927.78	16	34	37	38	44	#
953	1953.21	1	59	#
954	2999.35	0	24	27	50	63	#
955	1021.65	6	45	#
956	2428.78	4	9	48	#
957	2116.1	37	45	52	#
958	2745.38	2	7	10	30	55	56	#
959	1838.47	2	27	#
960	1158.29	0	1	52	#
961	2922.99	18	24	63	#
962	2829.96	2	29	32	52	#
963	1732.91	0	38	39	#
964	2659.21	19	45	62	#
965	1571.09	26	45	#
966	3233.7	28	34	36	59	#
967	3030.25	0	13	39	59	#
968	1112.4	13	58	#
969	1508.32	17	35	#
970	4218.11	14	19	26	42	52	#
971	1201.04	17	37	42	#
972	1251.84	24	43	#
973	1842.41	1	23	25	#
974	965.977	2	8	42	#
975	4179	25	31	41	53	54	#
976	1683.82	1	14	24	34	45	#
977	1636.34	21	34	#
978	2983.65	9	11	30	63	#
979	1400.2	25	47	62	#
980	1902.15	10	27	47	58	#
981	1080.86	15	48	#
982	1437.25	10	11	15	55	#
983	2768.06	14	40	43	56	#
984	1477.92	15	34	#
985	1703.49	6	40	56	#
986	5478.48	0	8	18	25	53	55	#
987	1269.89	4	6	#
988	8451.36	5	6	10	23	24	25	32	40	47	50	55	62	#
989	1880.2	29	55	#
990	2963.63	38	55	56	#
991	3405.82	6	12	17	32	33	58	59	#
992	1069.3	3	29	#
993	6025.13	3	21	31	35	39	55	58	#
994	2007.1	39	41	46	#
995	3869.53	0	6	9	19	29	30	33	35	#
996	3645.1	0	7	8	55	62	#
997	2081.06	13	35	60	#
998	3993.44	13	33	49	54	#
999	1307.48	18	38	51	#
