%% File generated by CATS v.2.1Wed Jun 22 10:37:32 2022

%% The CATS webpage is http://robotics.stanford.edu/CATS

%% PARAMETER SETTINGS:
% Goods: 64; Bids: 1000; Distribution: L4; Runs: 1; Seed: 1656572549
% Legacy distribution parameters:
% Number of goods chosen according to Decay distribution (alpha = 0.55).
% Price chosen according to Linear Random distribution (low_linearly = 1, high_linearly = 1000).


goods 64
bids 1000
dummy 0

0	989.822	33	#
1	993.171	28	#
2	994.229	6	#
3	1194.42	8	10	#
4	1983.22	7	8	43	#
5	983.038	59	#
6	829.286	34	#
7	1813.53	9	25	#
8	1401.76	18	37	#
9	945.873	45	#
10	969.095	3	#
11	964.89	20	#
12	910.817	62	#
13	912.177	13	#
14	2192.69	21	30	51	#
15	906.353	60	#
16	1582.08	18	45	#
17	981.707	41	#
18	1445.26	19	33	#
19	2130.3	5	10	26	28	35	#
20	3015.85	35	47	50	54	#
21	1340.88	18	63	#
22	1619.08	10	20	36	#
23	987.884	23	#
24	994.128	19	#
25	991.622	26	#
26	926.029	10	#
27	991.991	31	#
28	5393.35	0	18	21	23	45	49	#
29	1995.76	6	27	#
30	993.089	1	#
31	971.005	63	#
32	3111.49	3	13	16	49	#
33	885.58	44	#
34	980.421	58	#
35	1601.97	2	51	57	62	#
36	1677.59	25	41	#
37	1964.84	21	40	#
38	969.172	2	#
39	958.18	32	#
40	937.012	56	#
41	974.734	9	#
42	1971.6	27	51	58	#
43	1915.98	5	46	#
44	1669.25	20	25	49	#
45	953.011	16	#
46	1113.38	15	55	#
47	1138.13	3	25	#
48	996.263	37	#
49	1774.74	10	58	#
50	2783.37	42	44	46	56	#
51	996.449	30	#
52	1913	13	62	#
53	986.127	4	#
54	2796.1	9	19	37	57	60	63	#
55	922.264	47	#
56	999.515	54	#
57	1434.49	7	49	60	#
58	945.682	46	#
59	3471.19	41	43	44	58	#
60	1674.87	10	53	#
61	1900.12	22	30	58	#
62	1641.9	25	36	#
63	6442.31	0	4	15	24	34	35	37	#
64	1082.79	6	8	#
65	1081.16	2	10	44	#
66	936.151	21	#
67	1828.36	0	61	#
68	1893.06	55	62	#
69	908.417	12	#
70	1387.69	5	29	#
71	1934.1	7	56	#
72	969.063	42	#
73	935.155	29	#
74	3711.21	0	31	48	50	#
75	944.238	52	#
76	5497.76	13	15	32	33	36	44	63	#
77	1682.59	0	56	#
78	2677.15	3	34	54	63	#
79	983.911	17	#
80	955.029	43	#
81	941.776	39	#
82	1240.01	1	34	62	#
83	913.237	22	#
84	2802.95	4	24	51	#
85	1001.7	40	50	#
86	1000.46	10	30	#
87	2440.92	5	20	21	31	#
88	955.05	48	#
89	960.548	5	#
90	1954.79	38	41	55	#
91	2283.14	30	31	45	60	#
92	1096.31	31	49	#
93	986.38	40	#
94	3642.24	19	22	25	50	51	57	60	#
95	2768.22	12	45	51	#
96	4832.82	8	23	25	43	49	50	53	#
97	3867.68	25	34	46	49	#
98	5075.99	12	17	28	32	37	38	55	#
99	8202.06	4	5	7	12	17	21	25	35	48	54	56	62	#
100	2959.09	6	17	23	#
101	4003.48	5	38	42	49	57	#
102	980.569	0	#
103	1063.01	19	37	#
104	1999.02	19	54	#
105	989.367	18	#
106	1267.47	3	8	21	55	59	#
107	1707.97	17	37	#
108	1877.9	7	44	#
109	4685.2	5	12	15	25	27	43	48	49	61	#
110	985.899	35	#
111	2156.23	31	36	47	60	#
112	5233.22	5	13	15	17	20	30	31	#
113	977.076	15	#
114	2883.74	9	27	36	42	43	#
115	6340.66	8	16	29	35	36	42	49	52	#
116	1089.73	22	33	54	#
117	1502.65	22	43	#
118	3168.22	18	33	45	61	#
119	996.561	53	#
120	2040.26	3	14	26	#
121	953.685	24	#
122	1275.52	17	18	49	54	#
123	2793.1	6	9	27	42	46	47	58	#
124	972.871	5	49	#
125	994.385	25	#
126	2854.46	38	42	62	#
127	1808.85	16	29	30	#
128	906.08	36	#
129	1786.84	30	37	#
130	2722.47	3	10	17	#
131	2965.39	2	15	18	59	#
132	1050.2	12	58	#
133	1236.31	20	62	#
134	6755.21	0	1	5	9	14	28	49	#
135	1261.44	38	44	#
136	2177.34	4	5	18	41	61	#
137	980.112	55	#
138	989.362	57	#
139	2264.76	5	25	31	47	49	61	#
140	6659.84	13	18	22	23	34	39	47	55	59	#
141	3383.87	5	9	16	33	47	53	#
142	878.742	51	#
143	1764.61	47	57	#
144	936.387	8	#
145	4010.66	11	17	21	27	30	32	49	#
146	2248.87	16	28	35	44	48	60	#
147	1053.67	1	55	#
148	1291.25	5	6	#
149	2697.39	14	21	22	50	61	#
150	1691.74	23	42	#
151	1295	13	42	#
152	2145.65	9	17	26	58	61	#
153	1152.01	14	59	#
154	955.576	50	#
155	970.377	38	#
156	3863.51	2	9	36	50	#
157	1062.5	11	40	#
158	1605.3	34	56	#
159	986.352	14	#
160	1822.21	8	46	#
161	996.963	35	46	#
162	3082.29	19	42	51	57	#
163	1961.57	2	29	#
164	2741.71	23	50	53	#
165	1827.6	21	22	24	#
166	1665.86	8	60	#
167	1283.26	27	34	46	52	62	#
168	1248.96	10	20	#
169	7090.6	18	23	29	34	35	48	51	55	#
170	1616.07	13	31	#
171	1437.75	25	43	#
172	1423.12	18	24	#
173	1116	8	32	#
174	2776.97	20	43	63	#
175	1165.76	27	58	#
176	1624.43	24	62	#
177	2069.74	6	8	14	#
178	1568.8	2	22	#
179	978.598	27	#
180	2577.79	20	44	51	#
181	1416.78	16	36	#
182	1873.32	12	30	36	59	#
183	1691.54	19	24	#
184	1495.54	20	49	53	59	#
185	986.181	7	#
186	2962.98	11	16	30	36	48	#
187	2147.6	43	44	45	61	#
188	804.072	49	#
189	1975.17	28	52	58	#
190	1834.08	29	60	#
191	2941.58	4	5	39	44	53	#
192	1308.46	30	56	61	#
193	1132.12	25	54	#
194	1011.84	3	43	#
195	2972.2	14	37	59	#
196	4988.67	7	16	26	27	40	50	56	#
197	1479.45	1	37	#
198	2461.06	2	18	37	52	#
199	969.042	11	#
200	1259.13	9	55	#
201	1744.92	15	21	#
202	3296.04	4	6	32	53	#
203	3203.95	22	23	30	35	45	#
204	2161.2	27	38	47	#
205	2985.57	27	57	59	#
206	5276.96	2	6	8	48	50	52	#
207	1881.42	24	31	60	#
208	1786.37	1	20	41	46	52	#
209	3832.13	13	19	38	51	#
210	2965.59	8	17	19	20	39	43	60	#
211	3824.81	3	31	49	50	#
212	2143.81	19	45	61	#
213	2118.13	28	45	54	62	#
214	1670.58	14	34	#
215	1490.93	53	63	#
216	3084.71	4	24	26	37	#
217	970.411	12	38	#
218	2482.46	36	42	61	#
219	1416.19	22	59	#
220	1031.11	1	63	#
221	1351.04	6	22	24	60	#
222	2505.19	4	11	16	27	29	39	46	53	63	#
223	1290.49	6	41	56	58	#
224	1803.34	27	29	#
225	1489.16	4	33	49	#
226	1452.86	4	19	#
227	1868.1	33	46	#
228	3766.72	4	16	22	29	#
229	1901.98	21	36	#
230	1725.5	29	34	#
231	1635.65	26	30	#
232	2541.28	3	6	42	#
233	1929.12	5	32	60	#
234	1095.94	0	26	#
235	1694.78	21	52	#
236	1949.21	3	28	51	#
237	3602.27	4	11	42	48	#
238	3951.95	0	1	8	11	32	#
239	1742.62	0	3	8	42	43	44	#
240	4346.36	11	18	19	35	41	45	#
241	2582.64	0	4	27	54	#
242	1616.84	6	25	#
243	3322.4	18	46	53	62	#
244	1846.03	23	52	#
245	1571.43	20	27	#
246	2355.6	37	38	48	59	#
247	3333.34	22	28	40	52	58	#
248	1595.31	4	30	44	#
249	1961.12	6	23	#
250	5607.75	2	20	24	26	41	50	63	#
251	3879.18	40	50	56	57	#
252	3929.5	23	28	30	31	#
253	4143.55	15	34	45	57	60	#
254	2636.24	20	41	50	#
255	1831.57	7	14	20	55	#
256	1236.55	43	59	#
257	1148.12	0	30	#
258	1357.23	1	33	#
259	2649.87	2	30	37	#
260	2161.32	19	22	34	40	#
261	3713.45	2	28	34	40	#
262	1027.88	29	40	#
263	2568.07	12	25	35	61	#
264	2816.58	13	32	34	#
265	1697.71	1	8	16	23	26	#
266	1267.44	52	59	#
267	5418.38	3	14	16	19	25	32	#
268	2095.56	12	16	19	24	28	29	51	61	#
269	3328.14	19	28	35	60	#
270	2968.07	7	13	23	#
271	1379.63	0	48	50	#
272	1261.79	25	62	#
273	2778.28	23	24	39	#
274	1259.63	29	42	#
275	1783.22	5	36	60	#
276	1461.94	0	58	#
277	2674.02	40	58	61	#
278	1646.51	30	59	#
279	4254.88	1	2	17	24	29	32	56	#
280	2863.55	10	17	24	57	#
281	2821.77	19	24	48	#
282	3885.58	0	27	54	60	#
283	1511.13	25	44	#
284	2979.29	15	18	31	52	#
285	1112.5	23	37	38	51	62	#
286	2781.66	27	34	48	52	#
287	3730.99	2	6	20	63	#
288	2534.97	18	39	49	55	#
289	4138.56	11	18	23	28	29	44	45	#
290	1223.26	45	47	#
291	1707.85	31	54	#
292	1370.14	3	52	#
293	1139.56	7	53	58	#
294	5136.76	25	28	29	38	41	50	57	60	#
295	1119.18	26	32	56	#
296	2848.56	23	31	39	#
297	2704.57	52	55	62	#
298	1054.42	23	60	#
299	1954.74	7	41	#
300	1799.22	11	33	62	#
301	3929.91	6	28	41	56	#
302	2077.73	8	23	38	46	#
303	1221.44	12	19	#
304	1720.96	18	19	39	#
305	3343.16	0	1	14	33	#
306	2906.37	19	29	59	#
307	803.339	61	#
308	2102.51	0	3	22	33	40	52	56	#
309	2991.7	30	33	48	#
310	2995.26	2	4	44	63	#
311	1598.51	44	52	#
312	4866.01	20	26	38	40	62	#
313	3530.46	20	21	24	51	54	#
314	3552.93	0	18	50	51	56	#
315	1373.24	33	43	#
316	5400.08	20	27	31	39	40	48	63	#
317	4001.56	6	10	24	26	29	#
318	1914.2	54	58	#
319	2829.37	4	45	52	#
320	4766.67	4	37	48	51	54	#
321	1749.93	30	48	#
322	1311.3	10	16	62	#
323	991.33	9	14	#
324	1603.15	19	44	#
325	2183.65	13	17	39	52	#
326	2148.8	29	34	40	#
327	2900.43	5	13	16	29	44	59	#
328	3587.92	0	10	32	56	58	62	#
329	8204.6	6	8	12	13	33	40	41	55	58	#
330	1874.57	18	60	#
331	1174.13	41	48	#
332	1226.16	27	35	55	#
333	7673.7	8	10	16	32	47	53	61	63	#
334	1122.88	2	6	#
335	1220.4	31	44	#
336	1355.72	18	28	53	#
337	1776.95	0	8	56	63	#
338	4134.69	2	15	30	34	61	#
339	2987.61	11	24	56	#
340	1128.22	30	50	#
341	1955.72	0	62	#
342	1189.14	27	38	#
343	1011.25	33	53	#
344	1256.41	15	38	#
345	1908.54	10	19	32	#
346	1803.95	15	50	#
347	1180.5	27	60	#
348	1333.2	9	10	#
349	1021.62	17	27	#
350	2436.26	28	33	36	#
351	2941.59	17	28	47	#
352	1224.53	15	34	#
353	1321.01	60	61	#
354	1501.26	11	31	62	#
355	1078.68	43	54	#
356	4666.45	6	14	19	28	36	#
357	1882.01	10	28	#
358	1942.96	6	13	#
359	1580.39	15	28	#
360	1755.82	23	30	#
361	2818.27	15	20	26	29	48	62	#
362	2020.58	0	3	6	8	23	26	29	37	#
363	1261.99	13	51	#
364	1479.91	29	52	#
365	1370.72	16	32	55	#
366	4036	3	10	21	34	35	#
367	2942.8	1	24	40	#
368	996.957	23	26	#
369	4870.6	0	9	18	19	22	26	53	63	#
370	3176.08	0	5	15	31	#
371	1910.85	41	44	52	62	#
372	1435.47	16	59	#
373	3132.86	7	21	53	62	#
374	1971.36	6	14	#
375	1641.83	9	58	#
376	1855.91	48	59	#
377	1717.57	9	33	#
378	7790.19	0	2	16	22	37	39	40	43	52	59	#
379	1472.52	47	49	#
380	2260.76	13	32	35	#
381	2935.76	15	42	44	63	#
382	1919.28	7	20	52	62	#
383	2929.92	22	29	46	#
384	1090.81	5	62	#
385	1978.74	11	23	#
386	3420.71	10	20	42	62	63	#
387	3808.04	3	18	22	44	46	63	#
388	5438.05	6	23	25	33	34	44	#
389	1419.99	21	54	#
390	991.026	10	23	#
391	2593.81	38	58	61	#
392	1725.79	28	37	#
393	1365.94	22	48	#
394	3048.41	21	23	38	51	#
395	1922.19	34	38	#
396	3021.86	4	22	31	46	#
397	1455.4	35	59	#
398	1462.69	18	36	54	#
399	3627.8	16	27	35	49	#
400	1451.7	31	46	#
401	2828.27	33	39	41	43	54	55	#
402	1625.36	4	9	#
403	1010.4	44	45	#
404	2170.17	43	49	52	#
405	1309.66	26	33	61	#
406	1708.06	22	23	35	#
407	2024.69	12	38	40	#
408	1558.86	12	45	#
409	1872.62	5	10	#
410	4530.69	1	19	25	32	33	34	40	51	58	#
411	1572.85	51	52	#
412	1698.69	33	50	61	#
413	1266.57	13	16	#
414	1787.96	2	45	#
415	1777.62	40	42	#
416	2497.45	11	16	63	#
417	1798.78	31	63	#
418	2895.95	1	22	36	42	45	53	54	#
419	2863.89	12	22	37	#
420	2497.14	4	9	57	#
421	1067.36	2	26	#
422	2152.88	6	24	27	28	33	#
423	3741.31	10	25	26	44	59	#
424	2342	6	20	60	62	#
425	3844.11	22	34	41	56	#
426	2157.94	8	11	12	27	48	52	54	#
427	2106.44	11	14	18	20	30	#
428	3082.84	16	17	23	49	#
429	1586.68	27	32	#
430	988.624	34	55	#
431	2670.16	4	37	54	#
432	3214.17	5	10	33	40	43	#
433	1530.6	26	57	62	#
434	3622.56	4	30	34	47	#
435	1894.65	24	33	49	50	52	54	#
436	2339.21	8	18	41	#
437	2427.48	17	22	29	50	#
438	2848.9	9	12	35	58	#
439	1037.87	17	41	#
440	2511.74	15	21	22	23	31	45	53	61	63	#
441	1866.91	3	37	63	#
442	1090.67	3	50	#
443	2068.57	2	15	25	#
444	1352.27	1	6	21	#
445	2194.9	14	37	44	#
446	2102.06	14	17	63	#
447	1222.12	20	25	57	#
448	1492.26	4	44	#
449	1738.93	20	36	41	46	#
450	1749.18	25	33	#
451	2169.02	4	32	53	#
452	1559.01	28	36	#
453	1509.77	20	38	#
454	4962.18	1	6	8	58	59	#
455	1935.75	2	4	7	13	18	#
456	3595.43	16	22	25	35	54	#
457	1976.44	0	10	#
458	1644.35	4	8	#
459	2004.1	7	10	34	#
460	1483.71	40	53	#
461	2288	37	42	46	53	57	#
462	3124.36	0	12	17	51	#
463	1757.48	4	9	33	#
464	3615.6	0	12	36	59	#
465	3660.89	9	11	15	33	46	53	57	#
466	1573.43	24	58	#
467	2161.21	2	13	24	#
468	2684.87	10	11	60	#
469	1871.48	21	61	#
470	1102.15	12	55	#
471	7386.23	17	21	26	39	42	45	54	57	60	#
472	2066.66	28	56	58	63	#
473	1741.11	7	39	62	#
474	1843.16	2	15	48	#
475	1408.01	12	15	#
476	2197.34	4	13	14	#
477	2978.76	31	35	49	#
478	1036.05	4	59	#
479	1230.62	31	42	57	#
480	4591.63	4	10	44	51	57	#
481	1377.01	9	18	#
482	2037.75	1	18	41	60	#
483	2255.65	4	14	62	#
484	3017.49	1	16	35	36	39	#
485	2864.24	28	45	52	59	#
486	2500.45	2	3	50	52	57	#
487	1117.09	11	48	#
488	2979.68	20	23	49	56	#
489	3360.09	5	11	24	61	#
490	3323.62	6	14	41	48	#
491	1595.03	43	62	#
492	3442.47	6	10	14	26	28	#
493	1563.06	18	55	#
494	2109.17	5	17	21	60	#
495	1588.09	17	53	#
496	1132.05	16	26	#
497	1847.15	6	49	51	#
498	2320.76	14	18	63	#
499	1585.88	50	59	#
500	1983.51	0	46	57	#
501	1380.63	5	22	37	39	#
502	1712.6	8	29	31	44	49	53	56	#
503	1771.73	33	49	55	63	#
504	1196.67	30	61	#
505	1320.91	10	40	#
506	1690.52	7	21	27	28	59	#
507	3797.21	19	21	45	61	#
508	1679.25	6	59	#
509	1679.83	10	56	#
510	1857.13	42	44	53	#
511	1898.9	41	51	62	#
512	1675.82	18	38	#
513	4157.72	27	39	41	52	54	#
514	1893.44	8	28	#
515	3990.52	14	25	47	63	#
516	4733.82	23	33	41	58	60	62	#
517	1216.45	53	60	#
518	12382.8	2	4	5	17	21	24	29	31	36	41	49	54	63	#
519	1966.18	61	62	#
520	3434.88	15	22	42	51	52	#
521	2156.59	0	32	52	#
522	1242.97	1	18	22	#
523	1758.7	3	22	38	#
524	3160.55	15	25	26	28	29	39	55	#
525	1176.22	36	52	#
526	4402.68	0	11	16	17	38	45	54	55	56	#
527	1405.48	27	34	54	55	#
528	1462.41	34	37	#
529	1324.3	4	53	#
530	3408.72	4	9	35	37	#
531	2041.32	1	5	50	57	#
532	1018.92	38	43	#
533	3554.48	7	10	19	25	46	62	#
534	1984.72	27	48	59	#
535	1063.58	4	22	#
536	2234.13	8	41	57	#
537	1014.93	3	62	#
538	2208.12	2	23	25	43	#
539	2051.43	46	56	58	#
540	1967.47	9	41	60	#
541	2638.16	0	15	31	46	#
542	1381.84	37	51	56	#
543	1538.41	23	29	#
544	1308.1	3	38	51	#
545	1670.85	27	45	46	#
546	2502.26	36	43	53	#
547	1165.99	6	49	57	#
548	1610.48	22	40	#
549	1444.13	39	61	#
550	1896.95	13	61	#
551	2315.06	19	26	28	39	40	#
552	1984.66	11	53	#
553	2128.96	23	54	63	#
554	1927.48	36	62	#
555	1530.81	0	11	#
556	1886.99	21	58	#
557	4728.23	10	17	26	32	48	50	58	#
558	4025.67	14	17	19	50	55	#
559	2840.33	20	21	40	#
560	1439.99	13	50	#
561	1885.95	0	15	45	47	#
562	1189.1	17	33	44	56	#
563	2184.17	0	8	13	#
564	1131.99	16	30	#
565	2025.08	8	40	56	#
566	2064.67	4	27	40	#
567	1934.39	10	15	#
568	1738.66	7	57	#
569	1768.98	5	50	#
570	1129.68	0	33	#
571	4605.99	11	24	35	59	61	#
572	5032.24	8	12	13	32	49	63	#
573	1106.56	37	49	#
574	1592.28	32	41	43	49	#
575	1238.35	35	48	#
576	1914.56	8	48	#
577	2590.7	2	4	15	27	43	44	47	53	#
578	1235.9	31	36	55	#
579	1867.5	0	14	52	#
580	2831.29	49	50	54	60	#
581	3166.47	14	27	32	41	#
582	2665.67	28	52	54	#
583	1582.75	35	38	#
584	3579.14	6	7	10	18	20	27	40	61	#
585	1406.06	43	60	#
586	4827.04	6	24	34	36	47	50	#
587	1972.74	9	23	28	58	#
588	1250.1	10	27	#
589	2640.02	4	31	57	#
590	1909.74	3	12	#
591	1643.15	39	46	#
592	1278.12	56	63	#
593	2919.1	17	29	31	36	57	60	#
594	5116.24	1	2	18	30	47	56	#
595	2227.49	26	49	62	#
596	1659.83	18	34	40	#
597	2813.17	4	27	35	50	#
598	5634.34	3	6	25	48	57	58	#
599	3849.85	5	24	26	31	56	#
600	1865.89	5	18	#
601	1208.62	6	48	#
602	1753.65	28	60	#
603	3834.31	2	5	6	11	16	17	18	30	36	#
604	2458.62	11	15	31	40	44	49	56	#
605	1387.41	30	34	51	#
606	5798.12	4	10	15	28	36	63	#
607	1314.24	16	42	60	#
608	3236.36	33	35	43	55	#
609	1334.12	28	31	#
610	6893.64	3	5	8	11	21	32	41	#
611	2002.66	3	5	41	#
612	3630.48	6	27	29	31	42	46	48	62	#
613	1863.7	28	39	#
614	1473.02	13	25	32	#
615	1023.71	17	28	#
616	2814.05	12	18	32	43	52	56	62	#
617	1012.17	15	58	#
618	1807.16	24	45	#
619	1571.35	19	60	#
620	2622.91	1	27	61	#
621	4643.01	6	23	34	52	55	56	#
622	1683.47	14	43	#
623	1508.57	14	30	#
624	2044.99	0	4	9	12	39	49	#
625	2516.04	8	24	25	41	#
626	1121.05	1	22	41	#
627	2901.13	10	26	41	50	#
628	2152.18	33	37	53	#
629	2793.47	0	7	51	62	#
630	1910.92	13	27	#
631	1217.5	19	35	#
632	1942.88	5	23	#
633	1685.77	44	46	49	63	#
634	5272.02	3	12	30	36	54	60	#
635	1694.47	48	61	#
636	1104.91	11	44	#
637	1526.89	13	30	#
638	1406.5	6	26	#
639	1673.54	2	24	35	49	#
640	5336.48	21	22	28	29	32	41	52	60	#
641	1425.06	5	21	#
642	1677.11	18	27	38	46	54	#
643	2373.2	24	34	37	45	#
644	2061.81	9	33	35	#
645	1054.16	9	43	#
646	4655.17	1	31	41	44	59	#
647	1842.13	25	52	#
648	1725.76	25	51	#
649	1996.77	30	63	#
650	2006.03	5	53	63	#
651	1384.23	24	37	#
652	1449.78	59	61	#
653	2176.71	15	53	58	#
654	1873.97	7	49	61	#
655	2123.58	3	35	46	#
656	7573.83	4	17	19	29	38	40	41	48	55	58	59	#
657	1700.88	36	45	#
658	6599.48	3	10	16	30	47	57	59	#
659	8745.59	5	11	16	25	33	38	41	57	62	#
660	1733.71	14	48	53	#
661	2063.46	9	26	38	40	46	#
662	1011.49	39	59	#
663	6851.14	0	13	27	29	46	50	54	#
664	1510.16	25	55	#
665	2619.22	6	14	45	#
666	3846.49	19	47	52	55	#
667	2599.05	21	29	38	#
668	1210.89	7	10	37	#
669	3475.42	1	7	39	60	#
670	1288.86	30	31	#
671	1703.29	27	38	49	50	#
672	2386.2	9	24	48	#
673	1486.67	14	32	#
674	1074.53	7	14	#
675	1101.55	30	46	#
676	2350.75	17	19	26	39	#
677	1927.59	46	61	#
678	1985.63	28	33	#
679	2483.59	1	25	29	#
680	1276.58	21	22	#
681	4113.84	10	16	27	34	39	48	50	54	#
682	1536.58	1	45	46	55	#
683	1342.85	1	47	#
684	2704.11	0	2	31	34	#
685	1735.96	16	40	#
686	3508.91	24	25	34	40	#
687	1817.31	10	57	#
688	8245.19	9	11	12	15	18	26	27	29	32	37	50	55	58	#
689	3762.27	4	20	23	39	#
690	1190.28	18	40	#
691	1972.5	13	59	#
692	2141.63	23	36	41	47	#
693	1336.88	45	57	#
694	2548.43	3	4	43	#
695	1212.31	2	30	#
696	2002.74	20	30	45	#
697	2882.64	17	23	32	57	#
698	2050.57	14	45	59	#
699	2494.96	25	31	32	42	#
700	2781.54	6	9	23	55	61	#
701	1696.87	4	58	#
702	1001.82	3	8	29	#
703	1306.22	44	48	#
704	1440.58	7	35	#
705	3290.53	10	17	27	28	60	62	#
706	2858.47	6	12	34	#
707	1218.55	56	60	#
708	1640.05	32	57	#
709	6879.44	7	14	15	36	39	51	56	61	#
710	1259.43	28	62	#
711	3841.08	14	28	39	50	52	#
712	3821.32	21	23	34	41	42	49	55	57	58	63	#
713	1524.61	3	14	#
714	1095.4	3	18	#
715	1673.85	10	49	#
716	1832.8	35	53	#
717	3622.98	0	27	51	54	#
718	2920.26	14	39	44	49	#
719	1559.18	15	62	#
720	1395.75	31	51	#
721	1894.91	7	43	44	#
722	992.787	40	59	#
723	1827.44	36	51	#
724	3031.02	17	18	23	62	#
725	1995.62	25	32	42	62	#
726	2756.28	17	31	34	#
727	2948.88	0	6	15	22	25	34	63	#
728	1313.07	28	56	#
729	1824.07	57	60	#
730	2553.62	9	22	46	#
731	2277.92	1	3	7	15	18	21	29	55	#
732	1255.72	53	59	#
733	1721.07	43	57	#
734	2304.6	30	38	45	#
735	3914.75	5	16	20	28	38	#
736	1871.79	8	12	37	#
737	3852.13	16	38	48	61	#
738	1101.94	25	53	#
739	2179.89	4	13	28	30	34	56	#
740	2307.5	21	34	46	#
741	2653.59	13	22	23	26	36	52	53	54	55	#
742	2931.27	5	24	33	#
743	1640.34	13	33	45	48	#
744	2271.9	45	56	60	#
745	3315.97	1	21	34	49	#
746	3740.12	2	10	25	37	44	51	56	#
747	2653.23	1	19	27	#
748	1485.43	5	40	#
749	1398.29	2	9	55	#
750	1936.01	21	29	32	55	#
751	4258.66	12	18	22	41	52	56	59	#
752	3590.08	7	15	19	31	#
753	1300.48	6	15	18	#
754	1299.65	13	25	#
755	1202.32	24	38	#
756	1059.39	42	54	#
757	2702.14	15	27	46	#
758	2659.83	15	33	46	#
759	4371.42	3	7	28	38	39	44	48	50	61	#
760	2929.4	9	45	47	53	55	#
761	1625.38	47	60	#
762	1572.41	13	55	#
763	1215.83	9	52	#
764	1533.02	28	44	50	#
765	1042	49	56	#
766	1042.87	54	59	#
767	2591.62	27	40	54	58	#
768	3836.82	9	15	20	21	#
769	1341.81	15	26	#
770	1777.87	8	39	45	#
771	1272.02	9	62	#
772	1078.81	5	34	55	#
773	2529.47	10	31	42	51	#
774	2805.67	2	24	30	36	52	#
775	3184.67	11	28	30	32	37	38	52	#
776	3652.35	40	43	48	54	62	#
777	5704.77	13	32	34	35	44	52	53	#
778	6282.13	7	8	11	12	18	19	39	44	51	53	55	57	59	#
779	1840.45	20	55	57	63	#
780	4367.95	2	42	46	48	49	61	#
781	1419.19	25	34	#
782	1157.43	24	43	#
783	1425.84	39	51	#
784	960.486	8	22	#
785	3762.86	2	29	31	34	49	#
786	973.069	38	52	#
787	2656.31	3	16	23	24	29	51	56	#
788	1692.56	28	45	#
789	1181.78	16	47	#
790	3622.41	25	46	54	63	#
791	1621.22	12	22	30	#
792	1751.91	29	41	58	#
793	1266.08	14	57	#
794	4325.25	16	23	34	35	61	#
795	2265.24	12	15	58	#
796	1453.45	17	25	#
797	4130.23	17	19	20	22	35	37	#
798	1570.04	4	5	20	44	53	#
799	2364.83	8	15	36	45	#
800	3395.79	12	20	30	39	57	#
801	2481.4	1	16	40	#
802	2850.76	44	52	63	#
803	3335.1	6	13	35	40	58	61	#
804	4058.98	9	22	53	54	56	#
805	1212.74	21	57	#
806	5502.78	8	11	13	33	40	42	49	61	#
807	5370.61	7	15	16	21	49	60	#
808	1779.3	10	19	#
809	2566.34	16	30	50	#
810	1098.78	25	31	#
811	2035.72	7	23	54	#
812	1302.92	18	39	#
813	1934.7	40	57	#
814	1834.24	3	34	#
815	1345.54	2	11	32	61	#
816	1621.79	42	48	#
817	1562.93	44	63	#
818	5412.55	1	2	5	39	49	50	55	61	#
819	1154.35	29	49	#
820	3975.05	13	19	36	55	#
821	3224.76	5	14	21	36	#
822	5368.96	6	23	37	53	55	61	#
823	3030.23	1	16	49	54	#
824	3502.65	1	7	32	35	43	48	52	61	63	#
825	2413.48	22	24	38	#
826	2697.42	3	14	36	38	57	#
827	3845.64	9	12	25	60	#
828	4282.55	20	21	30	36	47	61	63	#
829	1712.11	18	21	#
830	1271.93	2	18	44	#
831	6253.82	4	8	15	20	21	30	43	51	#
832	1569.64	2	18	25	#
833	1854.76	10	14	#
834	4072.81	5	30	35	37	42	#
835	2216.31	10	31	48	#
836	1272.26	20	41	#
837	1993.99	3	28	44	52	#
838	1331.68	49	59	#
839	4753.69	16	21	42	45	46	58	#
840	1395.37	11	42	59	#
841	1771.74	38	45	#
842	2481.23	19	31	44	#
843	2486.36	3	5	12	19	42	54	#
844	1367.79	2	19	59	#
845	1576.68	1	52	#
846	2632.88	37	53	59	#
847	3559.94	6	11	14	26	39	#
848	1546.64	19	36	#
849	1710.05	47	63	#
850	1692.69	21	39	#
851	2751.03	0	28	47	#
852	4435.97	2	19	35	41	50	#
853	2339.27	2	12	39	#
854	1012.22	26	46	#
855	1050.1	4	62	#
856	2477.77	19	42	51	#
857	1349.66	23	28	46	#
858	3124.2	1	49	54	57	#
859	1548.71	14	39	#
860	1989.4	9	10	12	#
861	2763.02	10	14	20	22	#
862	1853.93	14	38	59	61	#
863	1363.16	15	54	#
864	3333.86	3	41	43	46	#
865	3079.36	4	14	17	32	47	#
866	1568.94	3	24	53	#
867	2080.99	39	50	62	#
868	3143.77	15	24	28	48	63	#
869	1927.39	15	39	51	60	#
870	4655.63	3	6	12	59	60	#
871	3267.13	10	31	34	56	#
872	2237.81	2	29	46	#
873	1326.82	5	52	#
874	2511.74	36	48	55	#
875	2928.82	16	22	52	60	#
876	1160.14	36	54	60	#
877	1682.65	13	44	45	#
878	4283.44	0	2	3	21	32	48	59	#
879	1755.41	12	21	52	#
880	2378.74	12	14	47	#
881	3009.2	2	4	9	14	15	17	#
882	3054.95	23	28	31	47	#
883	2773.77	2	24	34	#
884	1768.5	43	56	#
885	1233.12	4	17	#
886	1841.17	24	26	47	#
887	1928.86	1	28	44	#
888	1303.09	30	39	#
889	2940.12	8	11	12	20	36	#
890	1510.27	39	53	#
891	1373.63	30	51	#
892	1257.95	32	45	#
893	1176.81	12	51	#
894	1178.46	2	13	33	#
895	1918.7	31	36	42	51	#
896	1142.2	26	40	#
897	1991.16	5	42	44	#
898	993.204	13	21	#
899	1228.86	23	40	63	#
900	1006.92	27	42	#
901	1606.21	2	15	#
902	1065.82	1	46	#
903	1161.82	42	55	59	#
904	1679.4	46	59	#
905	2064.2	1	17	23	#
906	1316.32	20	53	56	#
907	1180.72	10	21	44	#
908	2711.06	11	48	55	#
909	2441.66	5	31	48	#
910	1987.65	6	12	38	44	#
911	1931.89	7	15	48	51	#
912	5427.62	12	19	22	26	32	36	40	52	#
913	1676.5	2	13	17	56	#
914	1368.89	6	35	#
915	1810.48	10	35	50	56	#
916	1203.67	17	18	#
917	1419.81	25	56	#
918	1388.31	11	14	56	#
919	2911.01	10	46	59	#
920	1491.75	9	59	62	#
921	4082.07	11	15	27	41	43	48	#
922	2846.53	6	46	52	#
923	1470.72	29	46	50	#
924	1138.42	20	35	54	57	#
925	1091.45	8	36	#
926	1108.2	16	37	57	62	#
927	8978.84	1	2	11	16	19	25	36	48	52	60	62	63	#
928	3260.59	9	17	25	35	36	46	#
929	1853.72	31	58	#
930	1547.99	2	20	33	34	35	40	#
931	8696.8	0	14	19	28	31	40	42	47	49	#
932	1977.83	16	34	#
933	1700.42	1	59	#
934	2820.94	17	38	49	#
935	3491.12	5	46	49	60	#
936	2311.27	1	13	16	39	#
937	2864.83	24	50	62	#
938	2374.23	7	13	25	29	38	39	46	47	60	#
939	2836.47	21	36	58	#
940	1704.92	2	4	12	22	27	43	54	#
941	1536.46	12	62	#
942	4095.65	6	18	22	37	43	55	#
943	1693.31	22	45	#
944	2628.79	11	15	20	31	#
945	1891.52	5	58	#
946	1896.57	28	29	46	#
947	2720.98	5	10	23	36	37	41	#
948	2182.17	3	39	56	#
949	2665.97	13	24	55	#
950	1389.43	29	38	#
951	1979.11	17	62	#
952	1538.49	13	40	#
953	3129.74	23	31	37	43	#
954	2465.33	2	4	14	16	27	31	39	40	#
955	1348.95	7	19	#
956	3480.26	15	19	48	52	56	#
957	4351.52	3	21	23	42	52	#
958	3341.98	2	22	38	43	#
959	2165.82	8	18	27	52	#
960	5793.6	6	43	47	55	59	62	#
961	2007.72	3	12	13	32	#
962	2074.9	7	25	43	60	#
963	1381.36	15	51	#
964	1143.15	44	62	#
965	2995.69	17	20	23	34	52	#
966	1451.27	41	54	#
967	2818.95	4	31	61	#
968	2248.84	14	23	34	#
969	2933.9	31	44	48	#
970	1240.69	1	2	#
971	1949.64	10	60	#
972	2487.51	4	30	54	#
973	3218.17	24	45	48	61	#
974	1201.55	6	8	50	#
975	1297.44	33	47	52	#
976	3005.97	2	7	36	50	59	#
977	2872.29	20	39	44	45	#
978	2046.95	3	7	51	61	#
979	4858.96	6	22	39	47	62	#
980	3783.7	15	22	31	43	#
981	1717.51	17	36	48	#
982	2632.36	41	58	59	#
983	2925.98	9	59	61	#
984	1716.67	2	35	39	#
985	5309.22	8	10	33	39	46	47	48	#
986	2253.11	12	25	62	#
987	1645.6	15	39	#
988	3737.28	9	25	35	39	40	50	59	60	#
989	2854.67	13	30	42	47	#
990	1476.63	35	50	#
991	5470.22	1	4	6	8	15	17	28	29	#
992	1298.44	2	3	17	19	30	47	#
993	2241.86	8	10	12	#
994	4905.1	1	22	24	25	33	57	#
995	1102.15	5	11	54	#
996	3837.1	4	6	20	61	#
997	1242.56	4	52	#
998	1507.4	20	39	#
999	1490.73	9	61	#
