%% File generated by CATS v.2.1Wed Jun 22 10:37:32 2022

%% The CATS webpage is http://robotics.stanford.edu/CATS

%% PARAMETER SETTINGS:
% Goods: 64; Bids: 1000; Distribution: L4; Runs: 1; Seed: 1656572551
% Legacy distribution parameters:
% Number of goods chosen according to Decay distribution (alpha = 0.55).
% Price chosen according to Linear Random distribution (low_linearly = 1, high_linearly = 1000).


goods 64
bids 1000
dummy 0

0	4137.92	19	34	39	40	49	#
1	985.901	16	#
2	1255.91	8	61	#
3	952.222	44	#
4	941.838	0	#
5	950.768	57	#
6	856.908	30	#
7	904.575	51	#
8	1275.03	23	53	#
9	960.91	61	#
10	949.046	5	#
11	1784.12	8	12	27	#
12	937.309	46	#
13	922.96	11	#
14	5015.13	11	31	33	40	42	46	62	#
15	1069.99	4	19	29	#
16	1473.59	32	42	#
17	3657.04	19	20	55	60	#
18	1844.11	14	48	#
19	991.471	14	#
20	978.617	18	#
21	950.958	4	#
22	933.126	32	#
23	899.041	45	#
24	975.725	43	#
25	2330.75	8	29	51	54	#
26	977.763	21	#
27	8351.5	2	3	8	20	25	41	43	45	47	61	#
28	997.01	9	#
29	2264.23	31	32	44	47	#
30	991.518	22	#
31	1291.37	26	49	58	#
32	915.915	23	#
33	1630.36	29	53	#
34	951.904	10	#
35	871.412	12	#
36	1367.51	0	40	#
37	1231.93	14	37	#
38	3712.05	13	26	27	40	#
39	2235.41	31	46	57	#
40	1169.06	16	45	#
41	1295.52	2	10	41	#
42	1907.39	0	7	16	19	#
43	994.047	8	#
44	4252.23	2	28	34	36	42	53	#
45	954.19	34	#
46	1792.63	57	61	#
47	836.886	24	#
48	982.729	3	#
49	3235.9	1	19	21	26	59	#
50	1467.5	1	8	#
51	1352.69	27	53	55	#
52	955.194	7	#
53	2885.38	13	16	25	#
54	1553.45	58	62	#
55	1273.39	23	54	#
56	947.463	25	#
57	981.187	42	#
58	1094.59	7	19	22	#
59	2817.03	11	30	33	38	42	58	#
60	1738.08	1	17	26	#
61	5462.9	9	18	27	45	49	54	#
62	988.892	19	#
63	1437.11	22	55	#
64	2612.9	1	43	56	#
65	1682.48	44	62	#
66	1881.98	32	41	#
67	1349.01	10	15	30	43	#
68	2649.49	31	45	53	#
69	2324.88	22	27	54	60	#
70	1577.9	14	63	#
71	998.107	60	#
72	964.98	28	#
73	1634.67	15	61	#
74	2629.2	4	7	53	58	#
75	4780.32	3	39	40	42	62	#
76	985.442	52	#
77	958.14	1	#
78	958.788	2	#
79	1677.14	19	23	#
80	1788.81	5	48	#
81	992.379	37	#
82	899.14	48	#
83	987.811	26	#
84	2928.72	20	24	43	#
85	996.136	15	#
86	1772.74	27	52	#
87	993.514	17	#
88	1764.62	44	47	#
89	988.381	41	#
90	1483.91	18	44	#
91	2760.2	18	30	39	44	#
92	989.839	27	#
93	1107.07	29	45	61	#
94	996.478	56	#
95	4771.82	2	4	11	28	63	#
96	1838.69	5	34	50	54	#
97	791.291	20	#
98	1633.56	18	37	54	#
99	867.82	6	#
100	2257.82	4	14	26	#
101	1706.06	15	37	#
102	1167.76	4	24	30	#
103	989.157	59	#
104	951.914	33	#
105	1859.61	8	10	28	#
106	1521.8	5	47	#
107	991.179	13	#
108	1041.63	15	60	#
109	3882.26	4	5	17	47	57	61	#
110	979.903	35	#
111	2020.05	5	18	37	60	#
112	997.337	58	#
113	1349.63	6	18	#
114	2779.53	15	27	32	51	60	#
115	1704.59	58	60	#
116	3972.78	3	24	35	39	#
117	3253.22	8	30	35	41	55	#
118	959.02	49	#
119	967.891	55	#
120	5350.44	2	5	6	24	43	46	#
121	5606.65	4	20	23	25	27	30	40	62	#
122	989.226	50	#
123	1464.41	41	58	#
124	1749.1	16	35	#
125	1882.46	7	47	#
126	1960.02	14	33	#
127	1805.98	46	53	#
128	4722.8	6	22	25	26	62	#
129	4703.16	0	8	19	24	43	47	#
130	981.441	63	#
131	1296.4	39	63	#
132	1235.34	11	62	#
133	2034.12	12	18	50	#
134	1883.79	12	25	#
135	8240.14	6	14	20	26	32	34	35	44	45	#
136	1807.2	12	32	#
137	3981.97	3	41	42	47	#
138	1518.85	5	55	#
139	3808.66	10	17	34	40	53	#
140	1182.26	3	18	#
141	1013.04	39	50	#
142	1842.32	36	44	#
143	1227.02	13	32	#
144	1094.98	41	55	#
145	1311.62	2	6	19	63	#
146	3919.05	17	28	36	54	58	#
147	1650.38	16	33	#
148	1302.49	33	40	#
149	1657.77	20	24	#
150	986.785	38	#
151	975.253	53	#
152	3203.82	1	7	53	62	#
153	938.613	31	#
154	896.219	39	#
155	950.492	36	#
156	1657.05	9	35	#
157	1732.15	37	38	45	47	49	#
158	2416.68	7	8	28	38	#
159	2851.17	1	8	22	43	58	#
160	1664.4	44	49	#
161	1637.53	5	42	#
162	3356.12	18	38	45	51	#
163	3218.92	21	34	45	49	#
164	1835.69	14	34	61	#
165	1856.79	12	28	#
166	961.548	62	#
167	1241.37	40	63	#
168	1277.09	11	59	#
169	1545.45	2	20	#
170	5774.31	25	29	32	44	45	61	#
171	2583.01	28	29	30	31	#
172	4153.54	22	28	29	41	57	63	#
173	2774.09	20	48	51	63	#
174	1401.68	8	14	34	#
175	1738.93	49	63	#
176	1463.51	20	30	37	#
177	880.449	29	#
178	1515.33	0	60	#
179	1007.5	9	43	#
180	896.177	54	#
181	1513.2	30	63	#
182	948.598	47	#
183	1300.64	17	61	#
184	875.727	40	#
185	1747.12	11	18	#
186	4390.51	13	16	32	50	57	#
187	1507.41	29	47	#
188	3531.2	0	22	41	48	57	#
189	2420.13	30	49	57	#
190	2329.56	11	29	44	#
191	1719.38	33	50	#
192	1643.8	32	56	59	#
193	2477.24	39	48	58	#
194	1575.4	24	63	#
195	4780.52	3	26	43	47	55	61	#
196	1754.91	57	63	#
197	5205	5	10	27	31	33	35	36	40	41	45	60	#
198	1044.01	62	63	#
199	1722.19	5	36	#
200	1976.83	18	19	56	#
201	3984.74	21	28	31	34	50	#
202	1616.56	11	16	44	#
203	1922.93	54	61	#
204	1473.03	27	43	44	#
205	3240.42	20	25	42	48	#
206	2665.74	35	51	60	#
207	1550.12	6	49	56	#
208	1937.44	17	20	22	#
209	1005.23	27	45	53	#
210	2821.11	13	33	55	#
211	1783.45	9	32	#
212	1747.82	25	59	#
213	3313.59	0	8	10	13	20	21	54	#
214	1090.08	4	18	#
215	1886.42	0	13	#
216	3158.86	9	10	34	48	#
217	1892.23	15	40	#
218	1117.52	42	46	#
219	3397.25	14	22	46	60	#
220	1672.46	16	63	#
221	2149.35	25	29	35	62	#
222	1112.87	26	32	#
223	2862.39	2	23	42	#
224	1110.94	6	11	#
225	1395.63	28	40	#
226	2907.56	20	48	59	#
227	3012.12	9	23	35	51	#
228	1473.43	5	18	32	35	#
229	1702.83	46	48	#
230	1366.11	36	39	#
231	3686.51	1	4	18	23	25	38	40	55	#
232	1826.51	0	63	#
233	1945.5	0	49	#
234	2023.13	1	17	59	#
235	1542.24	1	10	#
236	1983.2	3	22	#
237	1019.93	17	32	#
238	1514.44	30	54	#
239	1458.33	32	63	#
240	3224.59	0	6	8	43	#
241	1431.83	38	51	60	#
242	5358.13	2	12	20	29	30	38	43	45	#
243	2448.88	25	42	44	#
244	4507.19	5	6	9	25	53	54	56	#
245	1676.89	19	39	#
246	1667.49	28	41	#
247	2439.78	5	39	51	57	#
248	1137.93	28	36	#
249	1624.44	6	24	38	#
250	2214.8	9	16	21	28	#
251	3487.61	11	17	23	28	#
252	1321.75	12	55	#
253	2505.38	1	13	33	#
254	3517.79	7	38	54	63	#
255	1027.23	13	21	#
256	4530.76	11	25	43	47	57	59	#
257	1634.41	24	59	#
258	2559.36	1	6	57	#
259	7369.1	10	28	42	43	55	59	60	62	#
260	2864.61	22	23	24	#
261	1476.63	54	57	#
262	1563.64	22	58	#
263	3830.23	23	38	46	54	63	#
264	1556.01	34	58	#
265	2168.75	9	14	15	22	41	#
266	1818.91	28	42	57	#
267	3312.06	17	50	56	57	61	#
268	1659.41	18	47	#
269	1037.63	10	37	#
270	1887.46	25	37	#
271	1048.27	11	47	#
272	4659.88	8	21	27	41	62	63	#
273	6345.77	0	10	16	22	25	27	44	51	62	#
274	2783.57	6	37	59	#
275	1876.91	4	45	#
276	1972.38	20	49	#
277	1535.1	27	48	#
278	2154.98	39	48	51	#
279	2745.29	7	8	14	24	39	41	45	58	63	#
280	3260.54	18	22	27	56	#
281	4311.08	4	11	44	45	58	#
282	2233.23	11	14	39	52	55	56	#
283	2763.57	11	39	47	#
284	2746.67	2	5	19	61	#
285	4106.4	5	10	20	44	49	62	#
286	3171.83	10	21	42	61	#
287	1789.52	20	44	#
288	2451.69	3	4	6	12	26	27	29	58	#
289	1206.53	1	47	#
290	1510.09	0	11	29	#
291	2550.65	0	7	24	34	41	60	62	#
292	1881.66	25	33	44	47	#
293	1796.71	32	48	#
294	3057.32	9	20	21	61	#
295	1142	18	26	42	45	51	#
296	1589.68	0	57	#
297	1880.44	13	15	31	58	#
298	3869.38	5	41	54	58	#
299	2821.66	20	28	52	56	#
300	2921.27	1	45	63	#
301	2972.59	14	32	45	#
302	1596.63	28	42	54	#
303	2518.53	1	22	24	30	61	#
304	1498.97	21	52	56	#
305	2658.04	0	17	40	54	#
306	1991.26	37	59	#
307	1464.46	1	41	60	#
308	1806.27	3	41	#
309	3169.2	1	8	19	60	#
310	1568.58	9	51	#
311	1413.67	41	51	#
312	1191.13	38	57	#
313	1664.64	3	25	60	#
314	1329.82	0	34	#
315	1099.46	10	21	46	58	61	#
316	3202.29	1	5	9	14	15	50	#
317	2036.01	10	11	22	#
318	1482.7	11	49	#
319	1565.54	20	26	#
320	2136.41	41	50	63	#
321	4299.84	4	12	17	26	52	#
322	1155.56	21	32	45	#
323	1235.78	17	62	#
324	1904.47	10	59	#
325	2745.42	3	28	61	#
326	2086.51	26	32	36	#
327	998.266	16	43	#
328	2583.43	8	35	48	63	#
329	1308.83	56	57	#
330	2104.61	21	42	63	#
331	1639.94	2	27	#
332	8048.54	0	8	9	17	28	31	38	53	59	60	62	#
333	3070.92	5	18	33	62	#
334	2431.62	27	28	39	54	#
335	2749.48	13	20	60	#
336	1887.75	4	61	#
337	1018.93	2	30	33	49	#
338	1354.48	2	29	#
339	3057.33	2	25	32	49	#
340	1183.5	10	47	#
341	2208.26	7	18	33	#
342	1955.93	30	38	39	57	#
343	2069.1	19	50	53	#
344	2862.36	11	19	46	#
345	2959.86	6	7	20	61	#
346	3315.89	13	27	28	39	#
347	1667.4	6	12	#
348	1486.76	35	56	#
349	3968.35	0	16	23	27	#
350	1468.39	20	41	46	#
351	3322.53	9	15	34	43	55	#
352	3535.5	11	18	28	47	#
353	1217.35	2	13	57	#
354	5162	17	27	32	38	41	54	57	58	#
355	1915.67	29	52	#
356	2020.27	0	4	12	14	16	24	38	#
357	5437.69	20	27	39	42	51	57	#
358	5254.27	7	19	29	31	33	47	48	#
359	1435.37	11	22	#
360	1205.36	14	22	27	#
361	1114.42	17	31	54	#
362	1883.72	19	44	#
363	1387	54	55	#
364	1761.11	45	52	#
365	1680.39	8	62	#
366	3229.5	0	1	39	45	62	#
367	2989.48	13	47	54	#
368	1961.26	21	42	#
369	999.757	21	56	#
370	1810.63	29	32	#
371	1277.25	34	41	56	#
372	3575.28	1	10	30	60	#
373	1954.84	28	50	#
374	1770.94	8	28	#
375	4705.99	15	24	30	42	49	#
376	1639	16	32	#
377	1996.49	29	30	#
378	3841.54	13	19	29	50	#
379	1473.86	36	56	#
380	2518.32	19	26	28	29	34	42	47	61	#
381	1083.79	37	47	#
382	1809.01	38	41	46	58	#
383	1723.89	0	39	#
384	1991.2	13	40	#
385	2443.51	21	40	48	#
386	3882.92	2	24	33	47	#
387	1047.01	13	36	55	#
388	1240.01	19	31	#
389	1598.45	8	21	37	56	#
390	2800.57	0	2	11	16	21	29	55	#
391	1247.14	16	47	#
392	1448.06	0	1	30	#
393	1551.74	9	17	29	55	#
394	2083.35	12	34	51	#
395	3060.91	4	21	28	39	43	#
396	1177.45	25	44	#
397	2965.21	10	21	23	54	#
398	3438.79	11	22	34	51	#
399	1290.73	9	26	#
400	2319.09	13	45	52	57	#
401	2277.44	24	38	55	62	#
402	2099.41	3	17	21	50	#
403	2881.38	3	17	26	#
404	1057.72	28	30	#
405	1848.12	46	63	#
406	1504.11	38	39	41	46	60	#
407	1059.7	23	30	35	#
408	1437.3	10	54	#
409	3750.13	3	20	35	56	58	#
410	1653.12	11	23	#
411	2740.36	9	15	24	49	#
412	3431.58	0	9	27	31	44	53	58	#
413	2421.6	4	16	44	#
414	2771.75	12	23	42	#
415	2980.43	20	46	54	#
416	9033.49	0	3	14	16	18	24	30	36	39	57	61	#
417	1488.77	51	62	#
418	2081.79	11	49	53	#
419	2857.48	0	20	53	#
420	1077	6	27	#
421	1713.87	7	17	#
422	1837.93	21	59	#
423	1786.78	7	15	#
424	1203.27	40	60	#
425	2647.19	11	13	30	#
426	2178.54	22	49	60	#
427	2546.43	21	45	52	#
428	6092.08	1	3	10	24	32	47	51	52	53	#
429	2335.19	39	44	49	#
430	1250.15	52	57	#
431	2766.34	1	13	31	50	#
432	1341.87	39	43	#
433	1571.98	30	57	#
434	6222.45	3	11	17	18	24	25	32	33	42	47	52	54	58	#
435	1752.54	2	21	58	#
436	1172.85	6	46	#
437	1938.47	15	24	50	57	#
438	1381.64	16	28	#
439	1509.12	10	18	#
440	1514.16	33	36	#
441	1029.68	23	24	#
442	1481.31	16	46	#
443	1635.23	10	39	51	53	58	#
444	1497.27	24	28	#
445	1047.71	28	35	#
446	2778.44	1	3	27	40	50	#
447	1764.73	8	48	#
448	2945.31	19	47	58	#
449	1628.6	41	43	#
450	1025.56	4	60	#
451	1618.01	38	50	#
452	4166.44	15	23	45	46	58	62	#
453	3468.29	27	31	32	61	63	#
454	2272.24	2	27	42	46	#
455	1402.65	28	38	#
456	1744.71	18	24	#
457	2192.09	32	35	43	#
458	1914.01	2	13	49	51	#
459	1939.01	14	17	57	58	#
460	1269.38	5	7	#
461	1007.26	31	50	#
462	1881.5	21	30	#
463	2714.05	7	9	14	#
464	3527.62	9	11	13	21	62	#
465	1163.36	9	28	#
466	1269.04	25	55	#
467	3178.02	43	57	60	61	#
468	1414.73	26	35	50	58	61	#
469	2203.04	24	30	36	44	63	#
470	1255.13	29	44	#
471	1416.38	23	34	#
472	1586.23	42	61	#
473	2609.08	7	20	38	44	#
474	1117	0	2	10	37	#
475	3086.8	9	13	48	51	#
476	2710.88	7	8	23	#
477	1214.08	26	28	48	#
478	1873.56	17	40	47	#
479	3832.5	6	15	21	47	50	#
480	4612.45	1	38	39	49	53	58	#
481	1352.28	32	53	#
482	2364.92	8	14	20	44	45	#
483	1134.78	7	35	55	#
484	4961.09	2	3	6	10	27	34	45	#
485	3026.6	0	6	10	42	49	53	58	#
486	1055.78	11	42	63	#
487	1579.63	16	61	#
488	2166.98	6	13	35	#
489	1520.45	32	33	#
490	3183.11	23	25	30	37	54	#
491	1931.89	18	55	#
492	2496.92	13	28	32	47	#
493	1154.54	50	61	#
494	6030.98	3	7	13	16	22	23	30	42	#
495	2546.36	22	54	59	#
496	2978.18	4	11	58	#
497	3230.82	0	5	7	19	49	#
498	3296.73	3	7	38	44	#
499	2723.41	8	16	60	#
500	1218.15	12	23	#
501	1064.45	1	20	#
502	3875.15	17	29	55	61	#
503	1024.93	44	52	#
504	2600.02	13	15	43	#
505	1345.75	3	15	#
506	1032.71	22	43	#
507	3724.41	9	15	21	47	57	#
508	1845.02	6	15	24	25	34	63	#
509	1449.09	36	45	#
510	1841.28	2	3	5	19	#
511	1638.46	38	55	#
512	1952.19	30	56	#
513	1313.97	8	50	#
514	1848.17	10	25	34	#
515	4678.86	6	12	21	23	27	30	37	51	59	62	#
516	1895.03	37	53	63	#
517	1968.06	40	58	#
518	1591.72	22	32	#
519	3443.58	4	42	45	47	59	#
520	1901.26	2	38	#
521	2832.1	16	25	42	#
522	3332.52	24	41	44	56	#
523	1963.3	20	31	#
524	1334.48	9	19	30	59	#
525	1277.56	8	17	30	#
526	1466.86	1	27	38	#
527	2084.52	13	38	61	#
528	1532.86	49	50	#
529	1782	4	48	#
530	1224.29	14	47	#
531	4156.52	16	29	33	34	45	#
532	5994.8	19	38	43	51	52	53	56	#
533	3838.35	14	35	37	59	#
534	1005.97	7	29	#
535	1041.31	8	14	#
536	1654.42	22	59	63	#
537	6934.95	6	9	17	23	30	38	47	53	57	#
538	6135.2	3	9	13	18	23	26	33	#
539	2307.17	2	50	58	#
540	1173.5	43	54	#
541	1920.74	40	41	#
542	2059.78	3	19	42	51	62	#
543	4779.72	25	27	44	46	57	#
544	2093.46	25	36	42	#
545	2138.92	32	40	61	#
546	2847.78	52	57	58	#
547	1017.37	27	29	#
548	2631.82	2	51	61	#
549	3244.27	5	14	20	29	38	50	#
550	2635.48	31	35	41	45	#
551	1127.15	10	16	#
552	1655.62	22	26	63	#
553	2827.44	9	17	27	#
554	3942.72	0	6	13	48	#
555	1337.34	10	57	#
556	3007.49	6	8	28	59	60	61	#
557	1682.79	1	12	#
558	7559.33	2	8	18	28	41	45	48	62	#
559	2345.82	5	40	43	45	#
560	2649.6	14	45	50	59	#
561	2033.67	4	24	39	#
562	1101.41	16	42	#
563	1932.08	29	46	#
564	1296.8	3	34	#
565	2491.71	2	45	47	#
566	3302.86	2	31	53	60	#
567	2313.67	4	29	54	59	#
568	5974.2	9	14	16	17	19	33	36	41	47	52	#
569	1621.17	31	33	57	#
570	2042.74	10	37	52	#
571	3784.73	20	24	29	57	#
572	1375.75	20	62	#
573	1793.56	13	46	#
574	1228.5	3	19	#
575	1450.38	1	4	#
576	3684.43	15	20	35	55	#
577	1834.6	41	59	#
578	3383.23	8	24	47	62	#
579	3246.23	7	8	30	46	#
580	3932.16	7	17	24	29	#
581	3193.71	18	25	35	60	61	62	#
582	4600.38	7	8	10	11	55	56	59	61	62	#
583	1566.65	18	56	#
584	1636.19	6	9	50	#
585	1872.85	14	28	#
586	1994.38	0	61	#
587	3181.95	26	27	39	62	#
588	1523.12	9	17	#
589	1357.12	48	51	#
590	1256.81	42	60	#
591	3266.01	25	34	49	62	#
592	4552.27	12	15	18	26	32	48	49	#
593	2741.29	25	30	54	#
594	1047.04	14	36	#
595	2334.26	37	49	63	#
596	2502.63	1	41	44	57	#
597	1512.15	6	45	#
598	1640.52	12	50	55	#
599	2760.38	12	40	46	48	#
600	2009.62	6	29	37	#
601	4203.35	11	14	17	23	26	28	36	50	60	#
602	1086.53	18	38	41	#
603	2240.7	2	42	59	#
604	1308.86	0	8	42	#
605	2462.9	8	11	13	58	#
606	1484.14	13	51	#
607	1032.84	1	38	#
608	2424.66	3	26	46	55	#
609	993.114	2	55	#
610	2188.43	14	34	39	54	#
611	1549.97	12	60	#
612	1465.92	1	16	19	#
613	2226.42	7	18	30	36	#
614	1191.46	9	23	29	60	#
615	1941.18	18	40	#
616	1172.63	16	44	#
617	2312.28	26	44	50	#
618	3216.85	4	28	30	39	45	49	51	#
619	1811.67	29	50	#
620	2658.63	16	30	37	47	55	#
621	4257.82	2	8	11	14	17	38	47	49	52	#
622	9554.33	0	2	4	6	18	22	39	41	48	52	59	62	#
623	4229.87	14	24	32	34	56	#
624	1480.75	5	49	#
625	1427.55	19	54	#
626	3669.69	3	8	34	60	#
627	4375.61	0	11	13	16	55	#
628	2969.12	10	29	49	#
629	1104.14	50	54	#
630	1744.77	19	43	#
631	1518.5	27	39	#
632	2098.85	36	39	44	52	60	#
633	1214.93	31	38	60	#
634	5689.09	12	18	22	33	47	52	#
635	1214.83	0	30	#
636	1868.98	4	11	27	55	#
637	1092.26	28	31	#
638	2114.93	25	33	55	#
639	2969.63	16	22	39	46	#
640	1363.05	15	55	#
641	3640.56	16	17	18	34	40	#
642	1901.1	1	54	#
643	1244.78	16	60	#
644	1572.02	5	41	#
645	1720.14	33	58	#
646	1217.99	3	8	#
647	2485.1	1	20	34	#
648	1939.98	45	48	#
649	1541.36	17	26	36	#
650	1818.66	5	21	26	#
651	7582.66	3	6	10	14	15	23	28	30	32	37	40	48	49	51	56	59	61	63	#
652	1207.88	14	17	#
653	2655.26	0	5	13	35	#
654	1261.19	30	32	47	#
655	1687.13	16	17	26	45	51	54	#
656	1999.48	7	58	#
657	1364.07	35	54	#
658	6523.39	0	10	30	31	34	52	54	56	#
659	4393.68	4	13	19	36	52	#
660	1483.56	8	47	#
661	2695.11	4	7	15	30	38	53	56	59	#
662	7332.34	0	4	6	19	20	27	31	35	46	48	52	54	#
663	2324.88	0	7	19	43	46	61	#
664	1684.47	5	58	#
665	1015.01	0	27	50	#
666	1199.47	4	17	#
667	2233.08	5	8	31	44	#
668	2693.32	13	23	46	60	#
669	4393.8	11	17	25	30	33	37	47	55	#
670	1675.87	10	27	#
671	3269.28	25	28	37	52	59	63	#
672	1648.28	25	42	57	#
673	1855.41	5	20	#
674	4839.21	0	1	11	13	31	48	62	#
675	1690.75	53	54	#
676	1785.68	25	38	#
677	1859.96	10	12	50	#
678	997.6	27	33	#
679	1378.68	9	52	#
680	1556.26	9	14	#
681	1791.86	21	57	#
682	1267.73	19	47	#
683	2273.67	7	9	12	22	40	41	56	58	#
684	4794.43	25	32	35	39	56	#
685	2351.6	14	22	24	38	50	59	#
686	3987.99	18	56	61	63	#
687	1409.52	31	45	#
688	1863.79	3	24	30	59	#
689	1904.27	9	13	#
690	1885.18	17	21	#
691	2072.06	26	35	57	#
692	2122.59	20	49	60	#
693	3024.41	8	34	39	51	#
694	5381.17	16	18	19	23	32	39	47	51	54	61	62	#
695	3064.76	12	18	24	28	47	#
696	2182.23	17	25	59	#
697	1912.97	8	12	55	#
698	1328.58	29	31	60	#
699	6077.93	3	13	21	32	33	34	41	#
700	5179.8	4	7	17	34	38	46	57	63	#
701	1020.18	55	58	#
702	1534.21	10	62	#
703	2709.99	32	35	41	48	#
704	1259.29	7	13	56	#
705	2550.8	15	18	42	#
706	1366.55	3	29	#
707	3079.02	8	9	19	63	#
708	2564.13	0	4	20	27	52	55	59	#
709	3423.67	4	16	26	46	#
710	2992.99	1	6	18	20	23	40	61	#
711	1446.56	2	5	53	#
712	1143.43	10	17	#
713	4819.29	4	27	33	34	51	58	#
714	1603	4	42	44	#
715	1826.94	18	61	#
716	3826.83	29	40	52	63	#
717	2278.22	18	35	42	#
718	1809.25	17	33	38	#
719	1959.54	3	28	53	#
720	1612.91	7	46	#
721	1973.26	1	40	#
722	1044.3	7	12	21	#
723	2332.45	8	30	31	#
724	1624.44	23	43	#
725	4132.96	16	21	23	27	49	#
726	4372.6	5	9	24	26	60	#
727	1799.71	3	44	#
728	2849.25	5	11	19	26	33	45	48	55	58	#
729	2730.79	5	7	14	50	#
730	1849.77	20	29	39	#
731	1343.36	42	43	#
732	1213.31	28	59	#
733	1595.99	28	34	#
734	1882.56	3	46	#
735	1898.64	2	9	19	37	#
736	1392.29	2	15	35	#
737	4761.17	7	21	37	38	62	#
738	2664.22	0	3	57	62	#
739	1535.43	35	57	#
740	1487.19	7	54	#
741	1300.5	1	16	48	#
742	2147.17	1	22	46	55	57	#
743	3179.48	18	28	32	34	52	#
744	1706.22	6	15	45	#
745	1552.6	14	40	#
746	3771.67	13	19	41	49	56	#
747	2103.36	0	31	56	#
748	1297.05	0	2	31	#
749	1626.19	3	16	#
750	1684.5	33	47	#
751	2724.27	25	36	48	#
752	1020.97	9	19	#
753	1602.33	5	60	#
754	1439.93	21	36	#
755	2565.21	9	22	46	#
756	4455.21	3	8	20	27	45	54	59	#
757	2628.8	4	7	51	#
758	3028.2	5	24	30	38	41	49	#
759	1389.72	7	33	#
760	1369.2	19	24	#
761	1564.43	13	28	#
762	1593.59	15	47	#
763	3054.96	1	4	27	60	#
764	4585.57	9	12	25	38	40	56	#
765	1996.93	0	18	#
766	1419.53	42	59	#
767	1215.15	22	59	#
768	3429.89	13	23	39	56	#
769	1240.84	5	10	#
770	5076.91	3	5	10	11	21	28	33	45	50	60	#
771	2925.65	21	22	46	#
772	8764.72	1	7	11	12	20	34	35	60	61	#
773	3266.51	15	40	45	55	#
774	1098.67	60	63	#
775	2443.32	14	16	23	26	28	45	49	60	#
776	1838.19	22	34	46	#
777	4303.11	14	21	48	49	51	#
778	5376.01	10	23	39	41	43	47	62	#
779	2613.18	1	37	49	#
780	1532.42	7	24	28	33	#
781	2110.65	0	3	7	#
782	1460.37	16	21	#
783	2781.69	12	28	44	#
784	1849.28	10	21	34	63	#
785	5164.1	7	9	12	33	34	46	49	#
786	3604.12	17	22	49	58	#
787	2713.41	7	11	38	43	#
788	1696.66	41	47	58	#
789	1290.36	48	59	#
790	3491.58	8	16	34	50	51	#
791	4742.66	14	20	36	44	50	59	#
792	2771.28	6	31	53	#
793	1028.59	11	16	#
794	1695.57	59	60	#
795	2051.62	23	37	56	#
796	2068.5	11	26	47	#
797	2418.31	12	22	26	33	60	#
798	2606.61	2	36	60	#
799	1472.12	13	19	#
800	1361.63	19	53	#
801	1567.14	56	62	#
802	1396.83	3	51	#
803	2622.86	1	22	33	47	#
804	1674.93	8	43	#
805	1360.98	22	53	#
806	2521.36	24	28	29	31	#
807	1417.93	24	39	#
808	1808.29	25	35	#
809	1922.5	15	22	#
810	3303.58	23	26	31	41	50	55	#
811	1554.94	31	36	#
812	1399.78	4	6	#
813	5743.84	0	1	16	24	50	51	52	56	59	#
814	2044.59	22	25	32	#
815	1821.64	14	37	50	#
816	1843.69	19	42	52	#
817	1677.88	23	27	33	54	#
818	959.355	23	30	#
819	3461.63	0	14	25	62	#
820	1680.72	11	21	#
821	1287.94	15	16	23	25	26	#
822	1303.33	5	13	22	56	#
823	1153.6	25	46	#
824	1174.72	29	37	39	49	#
825	1654.76	10	12	#
826	2646.36	20	43	44	49	59	#
827	1739.89	21	54	#
828	2998.06	34	59	61	#
829	1380.39	17	20	#
830	1343.25	12	19	55	#
831	2144.4	1	9	19	49	51	55	60	#
832	1302.36	11	30	#
833	993.954	30	42	#
834	1633.77	1	44	53	#
835	1753.99	5	19	42	46	54	#
836	5849.05	3	8	13	33	34	43	#
837	2292.75	0	36	47	#
838	3208.17	22	29	32	33	35	53	#
839	1934.88	23	58	#
840	1943.74	5	44	45	52	#
841	2659.08	3	46	58	#
842	2172	14	38	60	63	#
843	4090.28	2	13	33	34	36	42	43	44	53	62	#
844	3225.35	3	11	17	24	56	#
845	4616.41	3	7	10	22	50	62	#
846	2009.72	6	12	61	#
847	1672.55	33	49	59	#
848	2090.08	4	16	27	43	#
849	3893.37	1	5	11	38	39	#
850	1671.68	25	51	#
851	1721.23	12	31	#
852	2631.48	2	31	35	52	#
853	1694.01	10	13	24	61	#
854	3226.32	11	25	29	32	#
855	1008.48	35	49	#
856	6349.23	14	23	35	38	42	47	55	#
857	4119.75	10	11	16	21	54	#
858	1374.48	13	63	#
859	2500.69	8	26	51	62	#
860	1144.95	42	58	#
861	1392.21	17	38	#
862	1992.05	21	41	59	#
863	1618.33	0	62	#
864	2985.55	31	39	54	60	#
865	1163.99	27	37	#
866	1006.13	22	29	#
867	1567.5	15	18	23	59	#
868	2857	18	45	61	#
869	1135.24	11	36	#
870	1800.88	13	43	54	#
871	4895.39	26	36	48	54	59	#
872	7929.84	2	4	14	17	18	28	45	49	53	59	#
873	1027.46	23	38	#
874	2681.57	18	28	47	#
875	2786.54	14	20	52	63	#
876	1008.12	36	40	#
877	2325.74	4	58	61	#
878	5198.6	11	17	30	36	53	61	#
879	1289.84	23	55	#
880	3775.71	19	21	43	53	#
881	1025.3	12	21	#
882	3167.61	3	5	24	51	60	#
883	2934.25	27	30	53	61	#
884	1904.79	31	37	#
885	2703.65	21	33	57	60	63	#
886	3653.5	5	11	24	44	53	#
887	1300.31	4	47	#
888	1223.58	27	34	37	43	#
889	2178.28	2	42	51	54	#
890	2777.37	27	30	52	#
891	1002.33	44	59	#
892	4819.39	3	23	25	43	49	#
893	4135.3	1	5	33	37	38	48	55	#
894	1607.66	21	22	50	#
895	1702.95	27	30	#
896	1334.85	25	26	44	52	#
897	1184.05	9	30	42	50	#
898	1620.71	1	16	34	#
899	1359.53	20	45	#
900	1885.53	23	45	53	#
901	4823.96	11	18	33	36	45	54	#
902	1088.81	7	36	#
903	1945.04	9	32	47	53	#
904	3351.2	8	36	58	60	#
905	1247.42	12	47	#
906	2874.99	1	2	16	17	27	38	#
907	1630.28	41	45	#
908	5991.55	11	16	37	47	48	51	61	#
909	2848.96	28	48	52	#
910	1608.77	23	34	35	53	61	#
911	3452.61	5	9	23	39	55	#
912	1801.05	36	37	#
913	1862.92	21	41	47	#
914	2541.24	5	6	11	40	#
915	1159.17	6	32	55	#
916	1420.08	30	34	47	#
917	2012.35	17	35	43	60	#
918	5855.64	9	19	30	32	53	63	#
919	1802.69	10	15	18	#
920	1762.41	1	22	24	43	#
921	3177.05	34	41	45	62	#
922	1065.08	51	60	#
923	1947.9	20	21	#
924	1943.06	0	39	43	#
925	1847.73	2	6	31	43	#
926	2307.27	13	21	50	#
927	1820.09	5	48	54	60	#
928	2940.13	16	32	48	#
929	1759.99	9	46	#
930	1574.51	3	55	61	#
931	1948.85	16	60	63	#
932	2748.17	6	7	13	24	53	#
933	2181.56	0	18	25	27	56	63	#
934	1674.93	34	48	53	#
935	2631.21	10	11	36	#
936	5449.83	1	25	37	38	44	51	58	61	#
937	1130.08	33	55	#
938	1987.74	15	39	#
939	3953.8	10	23	41	59	#
940	1453.37	16	20	#
941	4292.04	6	17	27	42	47	48	51	63	#
942	3887.2	3	19	32	37	50	#
943	1863.68	13	38	55	#
944	3862.99	10	27	37	44	#
945	2848.1	10	16	39	#
946	2581.87	10	14	41	50	62	#
947	1820.11	18	25	32	#
948	2353.55	15	27	39	51	56	#
949	994.124	5	8	#
950	4828.75	6	8	20	29	32	36	45	57	#
951	1841.47	17	29	43	#
952	2308.99	6	17	20	26	35	38	58	#
953	3387.03	5	15	16	48	#
954	2028.04	9	20	28	35	#
955	1756.57	14	45	50	#
956	1680.89	20	30	47	#
957	1606.38	15	27	#
958	1826.75	35	41	60	#
959	2038.77	0	19	25	37	59	#
960	1774.69	6	47	#
961	2066.86	28	38	43	53	57	#
962	4378.02	25	27	47	52	54	62	#
963	2599.63	36	55	63	#
964	7171.59	10	18	34	37	41	45	51	61	#
965	1458.06	30	37	46	#
966	2979.14	9	45	48	#
967	1824.47	6	25	33	41	#
968	1321.29	13	30	#
969	2305.55	1	7	37	#
970	1919.4	14	20	47	#
971	1593.89	20	43	#
972	2482.66	16	23	49	55	#
973	1530.12	41	55	63	#
974	1401.86	30	35	38	48	#
975	1961	12	59	#
976	1192.2	7	18	#
977	2314.82	21	35	53	54	57	59	#
978	1597.5	10	17	50	61	#
979	2572.25	8	44	59	#
980	1109.33	29	58	#
981	1715.77	6	31	#
982	1646.85	16	53	#
983	2214.42	31	45	49	54	#
984	1010.07	2	32	#
985	2254.44	1	4	9	#
986	1727.48	11	29	33	#
987	1206.14	0	26	#
988	4833.45	0	5	26	46	47	#
989	1987.48	10	12	32	37	58	#
990	5370.49	5	9	10	13	19	20	63	#
991	3753.28	25	28	29	50	#
992	4964.09	6	17	23	39	44	61	#
993	1115.6	39	55	#
994	2619.65	8	9	35	#
995	2415.83	0	16	33	38	#
996	4840.66	9	17	18	24	25	36	37	41	46	50	55	#
997	1225.07	25	26	32	#
998	2537.97	13	24	51	#
999	3195.77	38	45	48	56	60	#
