%% File generated by CATS v.2.1Wed Jun 22 10:37:32 2022

%% The CATS webpage is http://robotics.stanford.edu/CATS

%% PARAMETER SETTINGS:
% Goods: 64; Bids: 1000; Distribution: L4; Runs: 1; Seed: 1656572555
% Legacy distribution parameters:
% Number of goods chosen according to Decay distribution (alpha = 0.55).
% Price chosen according to Linear Random distribution (low_linearly = 1, high_linearly = 1000).


goods 64
bids 1000
dummy 0

0	4623.09	2	9	11	27	37	53	#
1	999.313	12	#
2	2508.9	2	19	54	#
3	996.692	57	#
4	951.402	16	#
5	994.29	22	#
6	942.425	46	#
7	1605.5	33	47	48	#
8	972.678	3	#
9	919.516	54	#
10	1604.33	13	27	31	45	#
11	931.055	32	#
12	919.43	19	#
13	926.102	47	#
14	953.842	56	#
15	922.216	28	#
16	995.977	45	48	#
17	965.896	40	#
18	1152.3	23	27	#
19	982.46	43	#
20	950.862	25	#
21	977.112	4	#
22	7946.59	13	20	24	27	30	32	42	46	#
23	889.617	27	#
24	2730.66	14	18	25	42	#
25	971.621	23	#
26	1911.77	11	30	51	#
27	992.411	63	#
28	870.843	55	#
29	3723.7	4	19	38	44	62	#
30	1767.12	46	59	#
31	950.698	21	#
32	1483.59	20	61	#
33	1217.21	4	25	#
34	923.578	30	#
35	1802.98	18	30	46	#
36	974.792	45	#
37	982.292	10	#
38	987.548	53	#
39	966.204	60	#
40	1501.84	1	5	#
41	1369.72	22	63	#
42	2217.5	38	42	60	#
43	1850.33	34	51	#
44	947.145	42	#
45	1025.38	10	18	#
46	973.276	51	#
47	2504.38	42	47	59	#
48	1392.18	0	25	63	#
49	2889.25	8	45	58	#
50	982.781	26	#
51	998.653	31	#
52	1093.17	23	40	#
53	2823.73	17	48	56	#
54	1606.21	17	40	62	#
55	974.575	49	#
56	1124.03	5	45	52	#
57	984.88	17	#
58	1494.85	17	37	41	#
59	1475.72	12	27	#
60	1988.64	27	32	62	#
61	986.643	8	34	#
62	948.916	6	#
63	946.049	59	#
64	1855.17	40	55	#
65	1056.18	34	53	#
66	2962.14	47	52	63	#
67	1389.25	33	43	#
68	2755.89	28	45	54	59	60	62	#
69	1140.05	3	50	#
70	1579.18	7	28	40	#
71	1133.89	37	57	#
72	916.235	35	#
73	953.675	5	#
74	984.179	52	#
75	1874.92	4	44	#
76	1819.16	22	25	33	#
77	2110.45	4	11	18	#
78	984.024	24	#
79	997.018	20	#
80	2873.55	5	34	38	#
81	3399.2	18	19	44	50	57	#
82	2374.45	21	22	32	#
83	1721.36	33	51	#
84	933.859	7	#
85	990.955	39	#
86	964.808	33	#
87	2025.76	22	27	62	#
88	998.297	38	#
89	2504.01	18	22	44	#
90	960.107	58	#
91	2122.7	9	30	50	#
92	1002.26	55	62	#
93	940.823	8	#
94	1800.29	0	13	#
95	1754.87	18	27	#
96	2328.45	11	50	51	#
97	2401.44	6	24	28	44	#
98	3925.93	9	23	31	50	#
99	2121.06	8	22	40	48	50	#
100	990.146	11	#
101	2970.59	16	17	41	52	62	#
102	915.388	50	#
103	977.798	1	#
104	1933.59	41	49	#
105	2046.52	15	40	42	#
106	5309.25	20	24	28	32	33	51	#
107	990.552	61	#
108	4831.25	7	9	26	38	40	#
109	1300.17	20	63	#
110	1119.79	17	22	#
111	1679.9	5	17	29	36	44	46	#
112	1932.19	1	41	45	53	#
113	1742.99	50	53	#
114	1466.86	2	42	#
115	1604.41	17	36	#
116	2048.31	18	29	49	57	#
117	1207.95	8	12	#
118	932.645	37	#
119	1768.87	45	46	#
120	6275.1	1	2	3	15	20	28	35	44	#
121	908.966	0	#
122	957.058	48	#
123	1560.33	23	43	#
124	2378.74	35	37	41	45	49	#
125	883.517	18	#
126	1191.99	34	57	#
127	1840.21	42	43	#
128	1291.4	24	25	28	#
129	1203.62	6	45	#
130	1118.01	4	8	#
131	2150.83	15	39	47	55	#
132	1431.39	27	36	#
133	1464.34	22	41	#
134	1915.28	12	14	32	#
135	1324.94	45	51	#
136	961.154	62	#
137	1469.65	16	19	#
138	1210.62	3	4	33	#
139	928.367	34	#
140	4710.22	11	14	16	21	30	#
141	1102.52	33	55	#
142	1771.72	6	36	#
143	1571.47	1	42	#
144	1382.04	9	45	#
145	1309.84	1	20	23	#
146	1012.58	24	26	38	#
147	942.955	44	#
148	1873.56	3	6	9	24	#
149	978.504	9	#
150	1764.53	1	39	#
151	1375.94	0	3	47	#
152	2778.07	18	19	26	#
153	2287.47	15	20	28	#
154	4438.41	3	4	22	29	48	#
155	2568.11	10	24	32	34	41	47	#
156	953.467	18	54	#
157	3172.72	7	36	40	57	#
158	2058.24	11	39	46	58	63	#
159	2385.07	2	39	52	#
160	1023.82	36	57	#
161	2815.33	11	30	61	#
162	965.188	13	37	#
163	1211.43	18	30	#
164	1250.27	33	35	49	#
165	1893.56	9	51	#
166	2322.12	32	46	57	#
167	5057.82	1	15	29	48	52	62	#
168	895.648	36	#
169	1972.51	23	51	#
170	2067.33	4	29	43	52	#
171	2717.53	18	23	30	#
172	4145.21	7	18	19	22	23	30	32	39	43	44	63	#
173	1527.66	33	54	#
174	1423.72	12	26	36	57	60	#
175	1286.43	11	21	29	#
176	3216.54	28	30	41	50	#
177	1463.3	31	50	#
178	1481.54	2	9	#
179	2349.2	6	23	31	43	#
180	2900.69	12	21	33	52	56	#
181	2105.03	1	28	30	#
182	1672.65	16	33	#
183	1330.63	11	51	#
184	2807.23	1	8	31	35	52	#
185	1938.33	17	54	#
186	1911.96	2	24	#
187	2933.66	13	46	47	#
188	1541.89	7	9	19	31	#
189	942.678	14	#
190	2316.2	12	48	57	#
191	2300.34	16	32	49	#
192	1730.72	12	23	#
193	2986.57	14	54	63	#
194	1718.85	12	22	35	#
195	1804.89	1	12	#
196	5920.72	4	23	49	51	60	63	#
197	1863.19	10	38	#
198	6682.58	0	5	13	25	28	30	45	46	#
199	1009.01	10	27	40	#
200	1438.43	20	29	#
201	3887.7	3	4	36	37	#
202	2560.65	11	19	29	63	#
203	1355.76	3	56	#
204	2728.67	3	19	30	#
205	3039.92	17	22	44	48	54	#
206	1519.36	11	43	57	#
207	3829.28	7	32	34	36	48	59	#
208	1680.28	18	38	56	#
209	991.184	15	#
210	2757.72	7	16	30	41	#
211	2127.59	29	36	42	#
212	1414.42	9	52	#
213	2214.22	9	20	49	#
214	1232.96	41	54	#
215	3639.21	5	7	15	19	36	50	52	60	#
216	936.576	2	#
217	2888.61	11	27	44	#
218	4736.68	8	11	39	48	51	#
219	2693.48	16	21	33	38	45	#
220	2384.63	6	11	30	35	40	54	#
221	1609.74	7	21	31	61	#
222	4040.31	17	24	37	41	54	#
223	2187.71	43	50	56	#
224	4496.66	1	14	16	34	44	56	#
225	2165.56	34	36	62	#
226	3896.89	4	16	17	19	21	26	28	32	46	49	53	#
227	2020.53	7	26	40	44	58	#
228	1118.47	8	24	#
229	2767.59	3	29	60	63	#
230	1084.62	3	15	#
231	5294.63	15	16	22	35	37	48	#
232	1259.93	57	59	#
233	1174.38	16	31	#
234	1674.86	7	53	#
235	2937.32	6	17	22	55	#
236	2935.31	15	23	54	56	#
237	2557.64	37	54	58	#
238	2587.92	40	54	56	#
239	1937.05	2	30	#
240	895.899	29	#
241	1621.78	6	37	#
242	1454.7	31	62	#
243	3945.65	13	28	49	62	#
244	1135.51	5	40	#
245	1710.55	48	63	#
246	1854.66	29	35	52	60	61	#
247	1879.94	20	24	28	62	#
248	2589.79	0	10	13	28	50	55	57	#
249	1696.32	8	55	#
250	2825.71	40	42	60	#
251	1040.83	4	42	#
252	1912	30	39	#
253	1822.73	0	21	#
254	1339	0	59	#
255	1708.45	40	59	#
256	2276.02	4	6	27	39	46	#
257	2010.2	33	54	59	#
258	922.275	13	#
259	2034.79	4	22	38	41	#
260	3317.47	25	40	41	55	#
261	3174.84	7	22	31	53	#
262	1923.26	29	58	#
263	7925.31	0	6	19	22	40	43	44	49	62	#
264	1989.68	25	41	47	#
265	1633.05	4	59	#
266	1152.29	16	57	#
267	1479.36	36	41	#
268	1699.21	54	62	#
269	1654.06	16	28	63	#
270	1754.82	3	31	#
271	3858.84	6	9	12	17	30	50	53	#
272	1320.12	51	60	#
273	3720.33	7	13	31	53	56	60	#
274	4179.54	9	11	28	29	43	54	56	63	#
275	4255.52	14	19	20	26	56	#
276	3280.25	2	6	9	40	#
277	1477.62	31	44	#
278	2340.23	3	26	52	#
279	2962.57	8	9	46	57	#
280	1959.38	17	24	43	58	#
281	1729.95	3	40	44	49	63	#
282	1798.84	15	31	#
283	1975.25	2	37	#
284	2635.75	11	32	43	54	#
285	1408.5	10	11	#
286	2956.85	22	26	52	57	#
287	1606.86	16	54	#
288	4172.34	7	9	25	29	33	57	#
289	3614.25	3	32	40	48	#
290	11366.2	5	6	21	23	27	30	35	38	52	53	60	63	#
291	5896.34	1	22	30	31	53	55	#
292	1647.9	14	59	#
293	997.962	41	#
294	2934.52	5	10	18	39	#
295	1813.22	31	59	60	#
296	2227.37	4	8	27	45	49	60	#
297	1146.79	27	56	#
298	5717.31	1	2	7	19	27	38	39	46	52	57	#
299	1709.84	42	60	#
300	1013.78	8	14	#
301	967.491	21	40	#
302	1095.4	11	26	#
303	4373.55	18	24	26	35	57	59	#
304	2862	3	5	15	#
305	1306.5	29	37	43	#
306	2074.28	37	43	55	#
307	1384.46	32	36	#
308	2667.78	21	25	46	#
309	1777.55	32	34	#
310	1959.28	3	15	35	43	59	#
311	1196.62	0	3	55	#
312	1818.95	55	60	#
313	2382.46	4	8	32	#
314	948.091	13	47	50	#
315	1947.18	46	49	#
316	10853.2	2	7	13	21	31	32	33	38	42	58	61	#
317	1620.27	17	33	#
318	1825.45	24	31	#
319	1821.91	12	25	#
320	1069.66	4	11	#
321	1261.87	36	44	#
322	2333.33	21	34	61	#
323	2520.86	5	11	20	#
324	1145.5	4	46	#
325	1429.29	11	30	#
326	1571.21	6	8	#
327	3520.6	3	11	45	46	48	56	#
328	5763.87	10	11	17	19	32	44	59	61	#
329	1060.62	14	23	#
330	2924.66	0	28	39	#
331	1987.74	3	42	#
332	3178.03	5	42	45	54	#
333	1653.59	12	58	#
334	985.949	25	54	#
335	1941.88	15	62	#
336	1481.23	25	38	61	#
337	1551.96	5	38	49	#
338	1607.73	3	25	#
339	1360.46	25	29	#
340	2448.49	6	43	46	55	56	#
341	2249.31	11	57	59	#
342	3658.54	8	17	48	52	#
343	1481.11	7	39	#
344	2611.45	8	15	29	53	#
345	2226.08	8	19	45	48	52	#
346	1186.16	10	19	45	53	#
347	1054.44	1	30	#
348	1766.76	9	35	38	46	#
349	2939.88	18	30	34	#
350	3055.92	6	8	18	55	#
351	1296.97	1	36	#
352	6606.33	1	3	7	9	12	13	18	30	32	39	61	#
353	2924.58	5	32	33	43	56	#
354	4958.53	25	28	37	48	53	#
355	2990.27	38	45	55	#
356	2499.85	1	9	10	31	46	48	49	62	#
357	1989.59	39	61	#
358	1890.73	30	31	#
359	1070.95	18	23	#
360	2797.69	12	35	51	55	#
361	5901.18	18	33	37	55	60	63	#
362	2495.44	0	1	2	4	12	34	53	55	58	61	#
363	2030.11	37	39	46	48	#
364	2631.28	16	21	34	#
365	1473.92	18	26	#
366	2462.79	4	36	45	#
367	1833.29	6	55	63	#
368	1863.87	6	44	#
369	1294.29	2	33	#
370	1308.72	8	37	#
371	3613.66	4	5	11	15	31	41	44	46	47	48	#
372	4089.29	15	16	29	48	62	#
373	1893.26	27	34	#
374	1721.52	13	22	63	#
375	1048.93	7	31	34	#
376	2905.28	4	49	51	#
377	1973.45	16	22	56	#
378	1060.56	14	42	61	#
379	1357.42	3	57	#
380	1694.82	24	35	#
381	1136.73	24	30	37	38	#
382	2448.55	5	28	32	33	56	#
383	2797.86	24	26	55	#
384	1762.47	48	62	#
385	3212.06	0	12	16	33	#
386	1233.59	1	58	#
387	1897.08	4	24	#
388	2721.5	16	29	37	#
389	1330.71	35	62	#
390	1118.15	0	9	16	27	40	46	#
391	1311.66	20	49	#
392	1151.57	17	29	#
393	1423.76	3	19	#
394	1906	21	54	59	#
395	1698.52	9	12	27	32	59	#
396	3484.1	12	21	27	29	42	#
397	1237.96	4	55	#
398	1296.14	4	57	#
399	1073.65	3	41	#
400	3244.2	36	37	40	44	#
401	4502.98	16	21	26	36	42	44	46	#
402	1811.77	3	35	#
403	2552.83	2	23	46	59	#
404	1864.91	22	49	#
405	1576.51	32	33	50	#
406	1326.01	2	13	#
407	2366.86	13	21	39	43	#
408	961.308	46	47	#
409	2782.35	19	49	52	#
410	2091.17	12	21	23	26	29	36	45	53	54	#
411	1037.16	36	38	#
412	1571.72	6	10	54	#
413	1930.4	8	23	#
414	2013.51	17	26	31	48	#
415	1884.09	33	57	#
416	1659.9	5	27	30	62	#
417	1270.79	27	45	#
418	2059.32	9	43	48	#
419	1498.75	37	63	#
420	2875.86	7	19	22	28	33	44	63	#
421	1575.16	6	46	#
422	2835.43	5	10	11	13	23	25	30	47	54	56	#
423	2240.5	15	42	48	#
424	1974.16	39	45	#
425	1868.38	3	34	35	#
426	1470.47	3	11	13	47	53	#
427	1875.13	28	56	#
428	2199.25	4	14	38	#
429	1089.82	28	39	#
430	2574.05	7	20	42	#
431	1130.71	33	42	#
432	1792.3	2	12	48	52	55	#
433	1319.27	55	56	58	#
434	2708.14	26	42	56	60	#
435	4392.04	8	10	11	16	25	31	33	42	48	52	55	#
436	2988.25	2	9	62	#
437	2027.75	13	14	23	26	49	#
438	7378.54	9	10	15	20	27	32	55	63	#
439	1593.47	45	47	57	#
440	1727.65	2	61	#
441	3645.72	4	14	16	25	36	#
442	9007.53	1	17	18	26	28	33	48	51	52	60	61	#
443	1159.61	14	35	55	#
444	1977.65	9	55	#
445	1651.59	39	43	44	#
446	2801.21	16	25	28	43	#
447	3652.49	0	22	34	52	#
448	1080.46	22	34	#
449	1452.49	14	36	60	#
450	1290.1	24	25	#
451	1747.7	10	25	56	#
452	3358.09	5	10	32	48	58	#
453	2765.48	22	42	63	#
454	1838.49	14	63	#
455	1843.89	43	60	#
456	2246.48	27	33	54	#
457	1211.47	12	60	#
458	2494.22	27	37	43	46	57	#
459	1559.78	8	10	49	#
460	1731.37	34	36	#
461	1655.62	32	62	#
462	1001.88	7	11	#
463	1875.19	0	30	#
464	1019.29	7	14	#
465	2791.42	19	51	61	#
466	1021.67	8	46	#
467	4281.97	0	5	20	27	35	51	62	#
468	2939.37	32	47	52	#
469	1860.62	15	35	#
470	1623.15	33	36	#
471	990.672	30	54	#
472	1987.91	20	56	#
473	7013.58	0	7	10	19	20	24	40	52	#
474	1847.16	21	27	54	#
475	2916.06	34	37	38	#
476	1779.51	23	29	#
477	1696.68	0	12	37	#
478	1613.51	28	33	#
479	1073.27	19	29	#
480	2019.19	4	39	45	#
481	1542.9	12	16	#
482	1004.59	29	35	#
483	1342.91	47	58	#
484	1743.03	10	17	27	#
485	995.083	10	15	37	#
486	6547.26	11	14	15	21	24	35	50	58	#
487	2904.8	15	33	62	#
488	2253.89	12	14	43	49	#
489	1319.68	21	45	#
490	1109.76	53	57	#
491	2409.02	0	59	62	#
492	2175.03	20	39	41	50	52	#
493	1855.66	12	42	#
494	2111.27	7	40	45	46	#
495	2544.09	3	9	25	#
496	1606.05	2	29	45	60	#
497	1101.26	10	22	#
498	3550.48	12	31	32	46	63	#
499	1799.21	10	18	28	29	36	#
500	2318.11	32	39	56	#
501	1320.86	12	63	#
502	2782.01	0	21	41	#
503	1022.44	35	40	#
504	2200.39	5	6	42	#
505	2065.09	13	28	45	#
506	1278.06	4	12	28	#
507	1240.95	24	42	#
508	1471.1	27	50	#
509	3499.66	23	45	48	63	#
510	6386.43	3	5	10	22	46	57	58	61	#
511	4938.94	8	17	36	49	58	#
512	4656.73	9	10	15	24	26	30	#
513	1233.09	31	42	#
514	3425.89	0	5	6	31	56	60	#
515	1286.29	34	35	49	56	#
516	1441.31	8	19	#
517	1391.4	0	1	2	#
518	1821.74	39	55	#
519	2217.86	1	24	27	41	#
520	1949.59	8	26	36	#
521	2736.62	19	40	56	#
522	1173.98	3	24	#
523	2669.78	2	7	10	14	18	20	26	28	39	40	43	53	58	60	62	#
524	1622.27	8	41	#
525	1314.67	17	21	26	#
526	1077.61	1	56	#
527	1275.84	4	53	#
528	4620.89	24	29	44	51	52	#
529	1746.08	28	61	#
530	1144.17	26	42	51	#
531	1455.89	9	63	#
532	2275.12	13	15	44	#
533	5299.47	10	14	18	24	35	36	55	#
534	1030.75	40	43	63	#
535	2820.1	9	23	61	#
536	1751.7	2	4	12	#
537	1729.78	33	44	61	#
538	1862.9	13	19	37	59	#
539	1685.37	5	22	#
540	2041.46	7	8	16	36	#
541	1173.32	20	37	#
542	1364.75	9	25	#
543	1114.91	1	25	#
544	1229.41	29	50	59	#
545	3445.86	46	55	61	62	#
546	2920.13	38	50	57	#
547	2594.01	3	32	55	#
548	1822.94	15	22	57	#
549	2303.33	13	15	28	#
550	1573.94	11	46	#
551	2861.06	6	23	26	#
552	1988.35	5	15	44	53	#
553	1002.52	38	48	55	#
554	1293.41	25	57	#
555	2130.77	22	24	27	35	41	49	53	55	#
556	1658.69	38	63	#
557	1523.41	30	55	#
558	2471.69	10	23	37	38	40	59	#
559	2898.69	40	42	51	#
560	2178.64	0	2	47	#
561	3213.88	13	34	37	45	#
562	3588.48	3	6	18	23	25	51	63	#
563	1805.64	11	14	#
564	1423.86	6	50	#
565	1993.2	4	8	9	#
566	1294.97	35	53	#
567	3504.69	5	21	48	54	57	#
568	3648.48	5	7	8	26	55	#
569	1857.09	7	37	46	50	59	60	#
570	1106.48	22	57	#
571	1708.11	15	47	#
572	1784.37	0	61	#
573	1697.61	25	58	#
574	1299.97	6	43	62	#
575	2741.89	12	21	29	30	62	#
576	2732.39	4	29	36	48	#
577	1707.8	45	58	#
578	1529.18	31	40	58	#
579	1134.98	29	38	#
580	1779.92	32	39	#
581	3907.74	40	41	42	50	56	#
582	5815.44	2	11	13	18	20	48	#
583	2024.03	50	56	63	#
584	2277.29	0	21	61	#
585	2652.65	34	40	56	#
586	1383.52	0	23	27	52	#
587	1508.35	26	59	#
588	1637.99	5	23	#
589	4327.09	10	48	56	61	62	#
590	3254.63	12	34	52	57	#
591	1457.57	26	35	#
592	2196.69	18	42	52	#
593	2052.16	24	28	32	47	57	58	59	61	#
594	2947.56	52	54	63	#
595	1769.14	4	36	39	52	#
596	5905.03	8	13	24	31	34	47	#
597	2029.74	10	14	15	27	30	#
598	2290.86	40	41	45	#
599	5654.88	17	21	44	49	51	53	#
600	1853.99	20	35	#
601	1628.01	15	24	#
602	1243.95	24	27	#
603	3589.68	9	20	21	57	58	#
604	1720.95	1	41	#
605	1762.56	16	20	25	#
606	1557.93	26	49	#
607	1903.51	18	32	58	#
608	2412.72	10	24	46	57	#
609	2189.43	28	29	30	44	55	#
610	2467.21	16	36	58	#
611	1388.44	0	2	#
612	1810.14	7	28	29	#
613	1838.83	15	37	55	#
614	2135.07	3	5	18	27	#
615	1150.64	44	52	#
616	4860.9	2	21	35	42	59	60	#
617	2364.33	40	53	61	#
618	2101.1	1	4	52	#
619	1033.53	15	22	#
620	1012.89	8	48	#
621	1095.16	28	29	#
622	2179.9	1	16	19	49	57	#
623	1610.33	5	21	26	42	#
624	3065.02	6	27	30	44	#
625	2016.32	19	57	62	#
626	3042.57	6	14	41	62	#
627	1089.97	10	29	33	#
628	2158.71	5	6	33	59	61	#
629	1059.16	8	32	#
630	1887.59	27	29	#
631	2525.78	14	24	29	#
632	2464.44	24	33	35	39	49	50	59	62	#
633	1655.88	25	26	#
634	3877.92	13	17	29	38	40	#
635	1439.92	2	25	28	#
636	2015.64	9	12	21	52	59	#
637	1785.85	32	40	#
638	2242.2	22	32	46	51	#
639	2709.58	11	17	25	#
640	1720.32	58	63	#
641	2510.7	22	42	47	50	#
642	2085.95	8	10	48	#
643	2656.67	17	24	36	38	43	#
644	3390.37	0	10	22	40	#
645	3625.23	14	24	34	51	#
646	1780.28	14	23	29	#
647	1404.03	5	34	#
648	2077.98	15	37	46	#
649	1973.6	8	17	25	#
650	5775.71	4	14	26	36	38	44	51	52	#
651	1356.91	16	48	#
652	1872.94	13	16	21	#
653	1289.91	8	45	#
654	1822.26	18	35	#
655	1598.36	15	23	48	#
656	1888.98	3	58	#
657	1281.57	36	39	#
658	2107.12	0	12	35	36	44	61	#
659	2560.84	17	23	32	37	#
660	3272.77	23	32	46	51	57	59	61	62	#
661	1956.9	25	36	#
662	4518.17	1	7	16	25	50	#
663	5540.67	15	18	40	41	43	46	58	61	#
664	1332.26	43	55	#
665	955.987	16	25	#
666	4168.88	2	10	29	38	40	#
667	1955.3	20	33	#
668	3061.23	5	35	39	53	55	#
669	1182.92	18	37	50	#
670	1487.87	44	47	#
671	1904.11	5	22	37	#
672	1044.86	36	63	#
673	990.367	19	28	47	#
674	3646.39	13	14	34	40	55	#
675	1103.53	7	18	31	#
676	1600.92	37	53	#
677	2783.7	0	9	29	34	52	58	#
678	1739.03	12	52	#
679	3048.42	14	21	23	56	#
680	1532.79	12	24	33	#
681	1089.51	40	53	#
682	1388.32	17	47	60	#
683	5548.53	4	8	34	36	51	57	#
684	2674.23	12	19	59	#
685	1995.02	5	40	45	#
686	2970.28	16	34	43	#
687	2967.1	21	27	35	#
688	1660.02	45	54	#
689	1074.58	25	56	#
690	1361.32	22	29	36	#
691	1369.51	3	7	#
692	995.738	32	54	#
693	1554.75	29	54	#
694	10167.2	3	6	22	26	29	33	39	42	44	50	53	58	#
695	1948.72	29	31	#
696	2544.01	1	30	53	#
697	1245.87	61	62	#
698	2026.36	30	34	52	56	63	#
699	3985.77	27	31	62	63	#
700	2838.56	6	7	9	13	28	59	60	62	63	#
701	1413.94	11	16	28	#
702	1450.1	35	61	#
703	2098.24	7	17	20	#
704	6629.28	4	7	8	32	41	54	61	#
705	1472.57	35	36	59	#
706	3559.6	2	17	43	52	#
707	2895.47	30	33	40	#
708	1408.16	4	61	#
709	1563.3	23	27	35	39	57	#
710	4650.4	39	48	55	58	60	63	#
711	1103.85	51	59	#
712	3409.18	18	19	27	38	#
713	1520.26	12	30	#
714	5676.98	1	2	14	16	41	54	#
715	2362.39	5	23	57	#
716	1779.29	36	43	#
717	1934.05	2	20	#
718	3287.13	12	30	35	58	#
719	2880.16	36	58	62	#
720	2910.29	4	11	42	43	#
721	3424.15	0	13	21	24	#
722	3685.41	11	21	29	45	61	#
723	1962.9	11	25	46	#
724	2319.97	1	8	27	41	47	#
725	1723.02	49	55	#
726	2656.25	50	60	62	#
727	2838.07	3	4	16	#
728	3097.07	6	9	11	22	24	33	55	#
729	1372.53	12	40	60	#
730	1941.11	8	26	#
731	3744.29	3	26	42	45	51	57	#
732	1108.38	6	57	#
733	1101.25	20	38	#
734	1484.96	15	54	#
735	1448.4	18	53	#
736	1369.55	1	24	62	#
737	4577.74	0	9	10	48	52	#
738	4887.84	8	12	20	24	37	42	48	54	#
739	1396.48	2	21	#
740	1357.02	21	56	#
741	1458.97	0	34	#
742	2169.79	6	14	31	52	59	#
743	2308.23	2	8	45	47	#
744	1691.68	1	14	40	50	#
745	2584.72	20	50	56	59	#
746	1694.23	2	43	#
747	1068.26	24	37	38	40	#
748	1215.94	12	32	35	#
749	2335.88	12	20	63	#
750	1220.68	17	31	#
751	1449.12	0	4	60	#
752	1764.15	16	19	63	#
753	2687.16	14	16	38	#
754	1799.12	42	62	#
755	2324.35	5	9	12	15	26	43	#
756	1211.24	1	61	#
757	5221.1	2	7	8	13	29	61	62	#
758	1646.78	40	53	54	#
759	1809.74	5	18	#
760	2578.88	2	5	21	23	27	45	#
761	1655.03	16	36	#
762	1751.37	50	57	#
763	2862.29	20	42	59	#
764	6006.03	8	18	21	40	50	57	60	#
765	1423.22	8	27	32	47	#
766	1128.46	6	33	#
767	1834.03	47	54	#
768	2840.13	9	34	37	41	#
769	3284.92	9	20	29	33	#
770	1912.84	16	52	#
771	2528.21	12	19	32	38	61	#
772	1371.11	12	19	#
773	1249.35	27	42	#
774	2498.09	8	17	45	#
775	3975.24	0	6	13	26	#
776	2851.84	2	25	59	#
777	2044.03	13	17	33	39	#
778	2785.69	1	22	40	44	49	50	#
779	1235.96	9	12	#
780	4767.19	12	14	20	26	38	42	46	59	#
781	1160.11	31	40	#
782	2195.42	4	41	42	#
783	1849.53	27	55	#
784	2013.24	35	43	47	#
785	2052.24	17	45	59	#
786	3776.36	8	24	31	37	56	57	60	#
787	1703.41	3	59	#
788	2235.27	11	42	61	#
789	1964.36	18	20	44	#
790	975.008	13	56	#
791	3410.72	1	3	10	53	59	#
792	1619.54	4	31	#
793	3543.52	0	4	8	15	29	31	41	63	#
794	2226.8	20	28	51	#
795	1053.28	13	32	#
796	4213.74	14	15	30	37	51	53	#
797	2436.55	21	29	46	#
798	2410.92	25	38	62	#
799	1376.34	13	20	#
800	1296.06	18	44	59	#
801	1641.34	26	29	52	#
802	1156.58	24	29	52	#
803	2488.66	3	41	56	61	#
804	2441.82	4	17	21	25	53	#
805	2793.57	0	53	61	62	#
806	1617.24	17	35	#
807	1457.89	26	27	#
808	4910.33	26	34	35	45	47	#
809	2797.93	19	25	32	53	#
810	998.652	3	26	#
811	1671.15	17	50	#
812	2581.09	12	22	51	#
813	1507.92	21	62	#
814	2552.82	2	12	17	19	20	28	35	#
815	2841.39	9	11	35	48	#
816	3827.37	36	40	50	56	#
817	3363.11	7	10	12	22	24	28	30	34	48	#
818	1152.62	2	27	#
819	1965.03	26	47	62	#
820	1221.13	16	51	#
821	1158.2	1	40	#
822	1548.52	7	19	30	#
823	1051.12	2	26	#
824	4118.75	0	5	26	40	42	58	#
825	2191.03	20	45	61	#
826	1020.56	25	35	39	#
827	1479.3	15	21	#
828	1168.56	41	56	#
829	2319.33	23	51	54	#
830	4133.17	1	14	26	36	61	#
831	3457.6	20	30	31	35	39	#
832	4149.31	13	16	22	46	59	#
833	2994.23	23	28	36	#
834	3396.17	13	38	40	58	#
835	2714.45	0	13	29	46	52	#
836	1507.34	7	55	63	#
837	2024.06	2	11	38	#
838	1092.86	4	5	7	15	48	#
839	1204.75	2	50	#
840	2870.95	0	5	48	#
841	1249.2	0	8	#
842	1988.64	0	13	14	17	37	56	#
843	2480.24	28	29	53	#
844	1528.2	8	22	27	#
845	2201.12	37	42	45	#
846	2314.13	0	6	8	20	#
847	2154.4	11	17	40	63	#
848	2971.86	9	32	51	#
849	1101.69	42	56	#
850	1070.09	10	28	36	#
851	1185.55	13	40	61	#
852	1311.04	6	32	47	#
853	2030.56	17	33	56	#
854	1229.91	53	58	#
855	1743.1	7	43	#
856	1138.65	6	43	#
857	1881.82	15	44	45	54	63	#
858	3135.41	9	11	35	38	#
859	1065.89	7	48	#
860	2616.8	30	40	46	55	58	#
861	3463.92	12	15	39	42	#
862	2562.24	8	29	31	62	#
863	1324.88	12	48	#
864	4227.19	2	16	23	26	32	38	#
865	3581.88	4	6	8	15	28	59	#
866	2835.97	4	32	48	50	61	#
867	8980.25	9	12	17	20	21	46	54	56	59	#
868	1397.83	3	16	#
869	1847.68	5	49	55	60	61	#
870	2494.71	4	18	34	#
871	2348.1	19	24	46	48	49	63	#
872	3385.51	10	33	46	54	#
873	2156.27	9	11	47	#
874	1473.94	8	14	32	#
875	1625.61	10	39	#
876	1418.03	12	21	55	#
877	1283.81	17	38	#
878	1927.23	4	5	40	#
879	3888.29	2	11	25	26	47	63	#
880	1235.03	7	54	#
881	2203.82	28	43	50	#
882	1286.48	3	20	34	#
883	1963.99	2	17	#
884	3379.57	24	29	30	40	#
885	1943.2	30	45	#
886	1878.34	0	3	29	#
887	1818.04	2	48	50	59	#
888	3361.75	1	4	32	51	#
889	2502.46	23	39	59	#
890	1446	21	48	#
891	1291.88	19	30	38	47	#
892	1574.13	50	55	#
893	1433.8	20	27	#
894	3203.91	31	38	58	61	#
895	2847.2	34	44	59	61	#
896	2226.62	35	42	55	#
897	1591.89	16	42	#
898	1364.22	3	5	#
899	3966.76	26	27	37	45	57	#
900	1741.14	26	37	46	58	#
901	1777.96	0	10	16	53	#
902	1466.33	30	59	#
903	1166.66	31	33	#
904	4261	4	14	23	38	41	43	45	51	#
905	1802.06	25	54	60	#
906	4734.54	1	21	33	43	53	#
907	2956.64	20	31	55	#
908	3041.43	19	32	35	36	56	#
909	1462.82	1	11	#
910	3112.94	1	3	6	13	35	37	#
911	1377.53	8	42	44	56	#
912	6042.9	5	6	19	21	39	44	52	59	#
913	1395.16	50	51	#
914	3319.89	41	47	50	60	#
915	3454.17	6	28	37	54	#
916	2029.39	28	37	40	#
917	2230.69	1	40	59	#
918	2036.31	9	15	57	#
919	2312.51	3	27	35	47	#
920	1586.86	29	48	54	#
921	1325.67	41	63	#
922	1427.65	15	51	#
923	1841.9	9	58	#
924	1535.02	14	24	#
925	1492.21	26	48	#
926	5974.31	31	40	45	46	47	48	63	#
927	1710.87	34	42	45	50	#
928	1192.7	8	44	#
929	3790.55	4	17	22	27	29	#
930	1823.57	19	32	41	#
931	4449.66	13	18	34	41	49	54	55	#
932	1320.24	35	57	#
933	1655.06	1	51	#
934	1826.53	19	54	#
935	2539.77	2	6	16	30	31	#
936	8488.15	2	5	21	33	42	45	50	53	60	#
937	2391.41	22	31	57	#
938	1393.29	11	19	49	#
939	2386.3	33	34	61	#
940	1403.49	57	63	#
941	1558.52	51	52	#
942	2736.55	21	28	29	32	#
943	1412.95	28	34	#
944	2809.35	1	12	20	44	53	57	#
945	3285.78	13	38	54	63	#
946	2364.61	4	26	47	53	#
947	4719.13	19	41	52	60	63	#
948	2708.48	19	22	30	51	53	55	#
949	1652.43	3	4	12	36	63	#
950	2476.86	12	31	52	#
951	1086.79	13	26	47	51	#
952	3343.09	10	11	30	38	#
953	1241.86	32	59	63	#
954	3467.48	13	47	50	52	#
955	7320.13	4	8	30	36	38	45	48	57	#
956	5600.09	1	5	48	49	53	61	#
957	2830.68	4	12	22	32	#
958	1715.36	10	17	26	43	#
959	1155.84	4	49	56	#
960	1289.17	5	31	#
961	1827.08	20	55	#
962	1664.82	0	2	16	55	#
963	1915.35	27	33	#
964	1116.59	37	51	#
965	5532.39	2	18	24	51	53	55	#
966	1993.32	33	48	52	#
967	2763.56	15	25	28	29	#
968	2986.78	0	14	19	28	39	47	62	#
969	1419.79	47	63	#
970	1667.43	24	57	#
971	1875.04	13	16	63	#
972	2629.78	7	13	54	#
973	1328.32	14	41	#
974	1552.08	2	27	50	#
975	1207.6	14	51	54	#
976	2352.46	12	28	40	53	#
977	2824.04	16	18	39	53	#
978	2807.37	23	38	60	#
979	1205.91	28	31	#
980	1146.85	15	38	#
981	2442.74	8	13	45	#
982	1128.25	26	42	55	#
983	3751.86	9	29	53	57	#
984	1199.83	4	54	#
985	4897.07	4	22	27	32	45	#
986	5727.97	3	7	13	32	33	56	#
987	1793.85	21	35	#
988	3663.44	1	3	29	50	#
989	4810.55	3	12	29	35	46	#
990	7869.3	0	6	33	38	45	56	58	63	#
991	1449.95	23	25	#
992	1597.45	5	21	#
993	4562.34	0	5	36	37	43	#
994	1269.14	0	45	#
995	1481.66	25	41	52	#
996	3527.39	12	33	43	60	#
997	1939.81	40	42	#
998	3706.17	2	22	27	55	60	#
999	4523.21	11	39	42	43	56	#
