%% File generated by CATS v.2.1Wed Jun 22 10:37:32 2022

%% The CATS webpage is http://robotics.stanford.edu/CATS

%% PARAMETER SETTINGS:
% Goods: 64; Bids: 1000; Distribution: L4; Runs: 1; Seed: 1656572559
% Legacy distribution parameters:
% Number of goods chosen according to Decay distribution (alpha = 0.55).
% Price chosen according to Linear Random distribution (low_linearly = 1, high_linearly = 1000).


goods 64
bids 1000
dummy 0

0	1152.36	15	62	#
1	912.803	43	#
2	1542.25	52	54	#
3	1612.57	0	5	36	56	60	#
4	902.083	17	#
5	929.212	11	#
6	3947.45	10	28	38	43	56	#
7	1796.27	2	59	#
8	854.006	60	#
9	992.45	53	#
10	996.268	41	#
11	952.479	5	#
12	977.265	46	#
13	1293.22	36	61	#
14	960.805	56	#
15	1290.94	0	22	#
16	5693.86	31	38	39	40	43	56	#
17	3766.11	5	9	15	19	38	47	63	#
18	2326.62	9	22	54	#
19	3188.26	6	16	34	39	48	49	61	#
20	2920.37	3	31	36	47	#
21	2093.03	4	28	58	#
22	909.452	16	#
23	965.091	21	#
24	758.149	12	#
25	3556.69	24	39	49	61	#
26	912.309	27	#
27	2525.44	1	8	52	#
28	1638.9	26	51	54	#
29	981.813	50	#
30	984.205	30	#
31	6618.59	11	15	28	40	45	46	56	61	#
32	957.496	0	#
33	930.708	61	#
34	948.434	36	#
35	949.521	19	#
36	994.504	49	#
37	998.348	54	#
38	916.627	59	#
39	951.793	18	#
40	972.346	62	#
41	3242.05	11	21	23	42	#
42	1630.84	7	57	#
43	949.404	48	#
44	1844.64	13	19	59	#
45	861.218	24	#
46	935.443	13	#
47	1942.98	11	55	#
48	2273.76	20	36	39	53	#
49	1622.62	19	25	#
50	996.698	42	#
51	2475.1	3	11	13	19	41	#
52	1241.84	26	60	#
53	1861.81	20	59	#
54	963.945	55	#
55	992.158	32	#
56	999.252	51	#
57	992.449	38	#
58	2796.22	7	9	34	62	#
59	1346.92	46	50	#
60	960.274	37	#
61	2056.87	16	32	61	#
62	1007.76	44	54	#
63	976.265	47	#
64	2501.7	20	38	41	53	#
65	2461.33	10	22	59	#
66	1399.03	1	15	#
67	1398.21	49	62	#
68	2430.8	1	31	35	#
69	2729.54	1	18	34	#
70	1662.07	33	35	#
71	1848.47	31	42	55	#
72	972.41	39	#
73	1365.66	12	16	51	#
74	2188.18	30	47	55	#
75	1898.04	20	59	63	#
76	1993.73	8	9	#
77	1746.15	28	46	#
78	1266.7	9	27	#
79	995.188	57	#
80	2075.11	6	26	56	59	#
81	1167.86	30	54	#
82	4601.29	18	34	36	52	55	#
83	6335.55	21	24	31	34	35	40	52	57	58	#
84	919.478	1	#
85	990.635	15	#
86	857.333	22	#
87	2789.01	2	39	44	51	59	#
88	4982.68	8	33	40	46	54	#
89	1603.82	9	29	37	50	#
90	953.865	5	13	16	#
91	1242.83	13	17	#
92	1304.74	6	48	#
93	1925.97	12	14	22	34	#
94	998.216	14	47	#
95	989.714	33	#
96	997.78	7	#
97	1015.68	32	41	52	#
98	2914.42	20	25	44	#
99	910.324	10	#
100	5913.86	2	4	15	16	20	34	50	#
101	796.756	4	#
102	960.081	58	#
103	2996.28	30	34	56	#
104	1895.29	29	40	60	#
105	1307.88	30	43	#
106	972.511	9	#
107	1762.04	8	35	41	#
108	863.329	6	#
109	4453.4	0	3	9	15	38	46	48	49	55	61	#
110	910.688	45	#
111	950.698	3	#
112	1194.21	34	54	#
113	997.424	35	#
114	919.01	25	#
115	1902.06	11	26	#
116	1045.85	4	58	#
117	2941.7	14	29	44	57	62	#
118	2475.96	7	57	58	#
119	5588.02	2	9	19	54	60	63	#
120	1908.21	1	11	24	#
121	2137.48	23	33	37	#
122	2042.8	18	22	23	50	#
123	2339.9	0	2	26	#
124	2154.23	26	28	29	#
125	966.209	29	#
126	931.64	52	#
127	1403.54	5	25	#
128	1991.22	21	30	#
129	1892.07	7	61	#
130	3472.93	13	41	44	47	#
131	1887.15	34	52	#
132	1476.8	25	49	#
133	983.984	20	#
134	1662.72	26	38	#
135	3154.01	3	24	30	48	#
136	2272.07	2	8	16	41	55	#
137	996.289	14	#
138	1528.58	12	23	#
139	1328.04	30	52	53	#
140	1368.24	17	38	62	63	#
141	1868.21	1	20	#
142	2191.88	2	8	40	45	#
143	1517.26	11	53	#
144	2145.79	24	32	57	#
145	1636.11	4	20	#
146	4062.27	8	23	30	35	41	45	52	63	#
147	2909.97	11	25	36	#
148	5479.81	4	24	31	41	57	62	#
149	930.963	2	#
150	1517.42	31	34	#
151	974.757	44	#
152	5613.14	3	10	21	26	30	49	#
153	1228.94	26	32	#
154	1588.07	18	52	56	#
155	872.444	40	#
156	1209.5	11	52	#
157	1323.21	18	19	23	#
158	1177.41	17	57	#
159	6102	2	6	10	19	20	21	22	24	26	29	31	36	39	41	44	46	50	51	52	61	#
160	1981.03	8	31	#
161	1831.44	19	50	#
162	3001.85	4	8	17	26	37	38	#
163	1939.53	4	19	#
164	1616.26	15	41	48	52	#
165	2325.65	33	35	50	#
166	3370.21	6	20	28	29	#
167	1661.34	3	7	#
168	1086.28	12	38	#
169	1707.84	14	35	#
170	1019.99	36	46	#
171	983.083	63	#
172	982.324	8	#
173	4207.77	11	22	27	32	34	#
174	3982.4	11	25	40	44	55	#
175	5263.56	1	6	10	26	31	54	62	#
176	1578.05	14	36	#
177	873.949	26	#
178	1318.24	25	33	#
179	1825.71	0	2	#
180	1170.43	16	38	62	#
181	4893.41	22	27	28	51	55	#
182	1514.23	6	51	#
183	2160.15	4	12	63	#
184	1198.41	5	28	50	54	#
185	1331.13	0	34	57	#
186	1877.86	21	55	#
187	1786.78	34	42	50	#
188	2688.62	20	29	62	#
189	2784.62	4	47	54	63	#
190	1428.82	22	23	28	#
191	1716.1	24	55	#
192	867.335	28	#
193	983.053	36	58	#
194	2847.82	10	13	25	#
195	1054.01	15	37	#
196	2070.17	37	51	63	#
197	4158.33	7	11	14	27	29	40	53	#
198	2561.18	42	59	63	#
199	1273.49	0	46	#
200	3207	10	25	28	55	#
201	3413.92	13	23	25	33	#
202	4983.08	14	16	20	22	35	54	#
203	959.864	31	#
204	2531.74	16	53	61	#
205	1895.75	20	33	#
206	4960.36	16	21	24	38	59	62	#
207	1868.61	35	36	#
208	1573.59	3	26	39	#
209	1608.24	36	43	#
210	2159.98	8	9	13	15	34	36	48	60	#
211	817.848	23	#
212	1402.31	41	43	#
213	1838.64	12	48	#
214	2080.95	28	50	63	#
215	2506.38	4	46	47	#
216	1964.48	8	63	#
217	3372	12	24	35	61	#
218	2590.39	0	19	45	#
219	5918.96	4	22	24	32	50	63	#
220	6828.01	14	21	30	36	38	41	45	47	52	57	59	63	#
221	2879.9	13	53	58	61	#
222	1358.97	16	40	45	#
223	2152.78	9	54	55	#
224	2930.75	0	5	15	32	#
225	954.859	34	#
226	3222.12	9	31	36	47	#
227	4554.17	0	5	6	7	19	40	#
228	1096.04	21	39	#
229	2308.85	1	10	32	33	36	59	#
230	3422.16	22	31	51	59	#
231	932.698	17	22	#
232	2430.88	0	12	21	22	42	45	#
233	2151.38	2	16	57	#
234	3426.13	3	24	33	38	44	#
235	3809.2	13	20	29	40	#
236	1626.06	48	60	#
237	1957.45	0	53	#
238	5591.83	8	40	41	54	57	62	#
239	1389.31	49	58	#
240	959.866	4	43	#
241	1608.43	7	33	#
242	1074.6	29	31	#
243	13243.8	1	6	7	17	21	26	37	39	43	44	49	50	51	53	58	61	#
244	1910.2	31	39	#
245	8283.95	5	6	12	19	29	32	33	36	41	44	#
246	2747.51	7	23	38	61	#
247	1775.99	26	43	54	60	#
248	4944.31	1	10	17	30	38	#
249	2274.28	4	50	62	#
250	2036.85	18	19	36	#
251	1637.09	28	59	#
252	1669.51	0	61	#
253	2305.92	8	11	16	#
254	2073.25	11	21	27	58	#
255	4894.49	4	25	28	35	55	#
256	6127.42	10	13	19	29	33	37	50	51	#
257	1765.46	3	30	#
258	1775.05	2	3	#
259	1346.02	27	55	57	#
260	1753.13	17	18	43	#
261	1164.79	47	48	52	#
262	1932.38	54	57	#
263	2599.49	5	21	40	59	#
264	2251.17	11	12	27	51	#
265	5366.02	1	15	16	18	25	26	31	33	54	#
266	1320.6	39	52	#
267	1591.16	45	47	#
268	1723.12	19	31	#
269	1581.31	5	49	#
270	1949.91	13	26	#
271	1954.22	15	27	#
272	1741.42	21	54	#
273	2023.45	5	7	8	13	35	#
274	2227.12	18	27	28	#
275	1178.77	8	39	46	#
276	1031.36	49	51	#
277	914.783	27	28	#
278	1661.85	24	36	#
279	2315.47	15	19	21	26	43	#
280	2068.56	0	5	29	35	#
281	1929.72	1	19	#
282	1682.63	18	44	#
283	2023.77	4	13	36	#
284	1483.43	42	63	#
285	1908.15	24	25	29	#
286	1103.92	30	51	#
287	2622.86	38	41	44	#
288	3457.95	39	44	46	49	51	63	#
289	1999.79	24	33	45	49	#
290	2271.51	19	38	46	#
291	1592.03	5	18	#
292	2527.51	3	4	5	26	45	60	61	#
293	2965.71	47	51	57	58	62	#
294	3181.25	11	17	47	53	59	#
295	2414.96	18	25	31	35	#
296	1994.46	21	24	#
297	2622.09	5	16	50	#
298	1525.79	13	39	#
299	3045.61	2	10	11	14	15	18	26	51	#
300	1563.29	4	54	#
301	1833.81	0	24	49	#
302	2038.61	34	38	50	#
303	1243.33	14	30	#
304	4977.39	5	9	12	24	25	41	45	52	57	#
305	1867.66	5	9	#
306	1329.35	13	40	#
307	2738.38	1	35	49	51	#
308	1456.91	23	50	#
309	4652.81	9	13	17	21	36	41	52	55	61	#
310	1082.71	12	51	#
311	1196.33	18	21	28	29	#
312	1256.99	24	49	#
313	1151.72	21	23	31	41	#
314	1123.73	0	30	37	#
315	2952.5	6	10	39	48	53	58	#
316	1180.76	28	41	#
317	1890.74	27	29	#
318	2129.67	33	58	62	#
319	3180.72	4	10	25	52	#
320	3871.43	28	33	35	41	#
321	1046.34	30	49	#
322	2971.19	11	14	39	#
323	1455.53	3	13	#
324	1611.46	22	50	57	#
325	1055.78	34	53	#
326	1215.89	2	10	46	#
327	1979.12	2	46	49	#
328	2520.56	15	19	56	#
329	2551.26	3	13	56	#
330	1924.62	20	31	#
331	1117.48	6	34	37	#
332	2480.65	14	29	37	51	#
333	2119.95	46	48	53	#
334	1789.54	14	31	#
335	1695.8	22	33	41	#
336	2249.56	14	22	25	#
337	1657.95	28	42	#
338	6335.42	2	9	11	18	29	42	53	59	#
339	3440.54	2	6	8	63	#
340	1453.35	19	29	51	#
341	1951.56	16	22	53	#
342	1425.71	42	47	#
343	2799.1	0	40	43	#
344	1211.84	30	47	#
345	3376.59	14	22	41	43	48	51	63	#
346	1918.96	6	41	#
347	1433.17	22	56	#
348	1684.09	8	56	#
349	1346.81	14	33	#
350	2425.28	2	7	27	45	#
351	2960.49	2	17	21	22	27	33	45	#
352	2146.5	0	26	48	#
353	1425.81	29	30	58	#
354	1839.11	42	43	55	#
355	2011.29	15	17	23	26	46	#
356	1908.98	35	42	#
357	1835.74	29	35	#
358	1453.63	19	34	#
359	1841.61	13	32	#
360	1945.31	49	55	#
361	2504.54	0	17	36	61	#
362	1638.32	15	16	35	41	#
363	1399.8	24	37	#
364	3422.12	16	23	40	60	#
365	1246.47	33	49	#
366	1527.86	27	52	#
367	3694.08	1	25	34	53	#
368	1867.59	12	24	47	#
369	1837.39	20	52	#
370	1044.98	45	54	#
371	1730.18	6	40	54	61	#
372	4462.07	16	23	26	33	36	#
373	6393.63	0	28	34	47	48	49	51	52	#
374	2058.98	38	47	48	#
375	2954.39	3	18	21	26	27	38	60	62	#
376	1568.78	30	46	#
377	1602.06	1	33	53	56	#
378	2181.86	29	31	52	#
379	3567.52	18	29	39	44	58	#
380	2233.66	17	22	27	41	56	#
381	2496.99	17	19	28	50	#
382	2198.14	17	58	61	#
383	1860.6	0	50	63	#
384	2861.93	34	38	62	#
385	1550.56	56	58	#
386	3488.34	1	6	38	57	#
387	1923.16	5	20	25	34	#
388	4802.1	0	4	17	24	29	37	43	50	#
389	1913.11	36	49	#
390	2808.59	23	49	62	#
391	2742.56	3	6	20	29	47	#
392	6210.72	0	2	19	25	30	32	61	#
393	5862.06	1	25	27	31	32	39	41	43	45	62	#
394	1431.3	12	18	#
395	1326.98	22	47	55	#
396	2415.56	14	30	33	60	#
397	3864.03	14	30	31	55	56	63	#
398	1737.67	5	62	#
399	2167.88	27	38	53	#
400	1393.1	2	22	#
401	2121.31	3	37	39	63	#
402	1666.71	0	50	#
403	1992.77	21	50	#
404	5086.92	0	3	5	28	45	63	#
405	1171.51	5	7	8	#
406	3778.65	15	31	53	56	60	#
407	4733.47	2	14	15	22	39	42	#
408	1613.07	16	56	#
409	4639.12	2	6	14	18	30	31	45	61	#
410	1886.98	4	18	#
411	1920.91	29	37	62	#
412	2256.08	7	44	52	#
413	4168.85	8	18	20	21	35	#
414	1518.76	26	30	#
415	1456.72	2	20	21	#
416	3398.52	2	30	32	37	59	#
417	2561.4	6	45	55	#
418	1342.85	10	16	#
419	1737.28	31	47	#
420	2269.37	11	22	27	51	52	57	#
421	990.182	24	46	#
422	4422.21	10	15	18	37	40	#
423	1317.87	9	39	55	62	#
424	1895.9	17	50	#
425	1770.59	40	47	53	59	#
426	1025.59	5	21	#
427	2566.83	21	23	59	#
428	2744.69	38	40	49	#
429	1955.63	53	57	#
430	2875.2	25	39	51	#
431	2095.89	9	11	22	#
432	1967.27	37	49	#
433	2845.53	23	32	36	53	#
434	3345.34	7	11	28	42	44	46	#
435	6955.13	23	30	31	33	34	43	46	57	#
436	2966.71	1	12	33	38	51	#
437	1122.94	0	6	#
438	3176.14	3	5	8	11	12	16	48	49	#
439	1128.5	4	21	49	56	#
440	3514.92	1	11	43	60	#
441	1072.37	3	9	37	#
442	1119.26	5	22	42	#
443	1034.08	7	8	48	#
444	1152.19	2	62	#
445	8294.32	5	6	11	15	23	24	40	55	57	#
446	2504.41	1	17	18	24	#
447	3522.5	2	26	60	62	#
448	1749.51	16	19	#
449	1853.52	35	51	#
450	1476.01	0	32	#
451	1334.72	33	40	#
452	1972.35	10	61	#
453	5114.02	4	20	28	30	38	53	#
454	1143.28	38	39	#
455	1734.38	37	61	#
456	2086.31	6	14	20	31	#
457	1515.68	4	60	#
458	1549.56	16	22	36	#
459	1617.48	2	4	11	15	58	#
460	1334.84	14	55	#
461	1507.46	0	10	32	39	41	#
462	1151.83	18	57	59	#
463	1070	27	60	#
464	1905.86	15	24	63	#
465	2856.19	0	8	58	#
466	1576.14	2	16	#
467	1249.74	22	24	#
468	1648.1	53	62	#
469	1378.04	13	48	63	#
470	1035.65	12	15	#
471	1333.93	28	56	#
472	2865.64	21	49	60	#
473	990.786	30	40	56	#
474	1353.63	0	31	45	#
475	1366.09	29	46	49	#
476	1794.61	0	21	#
477	979.192	37	59	#
478	2350.85	7	18	60	#
479	1000.75	14	26	#
480	1691.46	13	52	#
481	2189.76	10	20	41	44	#
482	1060.17	31	42	#
483	1185.99	14	25	58	#
484	4118.75	4	15	25	29	50	63	#
485	2093.93	11	32	58	#
486	1959.1	4	48	#
487	2503.19	11	25	55	#
488	3560.72	10	12	39	62	#
489	1454.44	33	38	52	#
490	5394.89	1	24	29	31	35	39	47	51	#
491	3485.54	15	25	35	48	#
492	1516.29	14	24	#
493	1922.31	41	51	#
494	1361.77	51	54	60	62	#
495	1426.55	3	60	#
496	2181.49	6	28	55	#
497	1355.52	10	19	#
498	2937.04	28	31	45	#
499	1863.69	11	15	47	51	#
500	1578.13	14	34	61	#
501	1934.03	14	20	45	#
502	3218.72	26	46	47	63	#
503	1399.85	27	51	#
504	1888.1	3	36	#
505	1495.84	38	50	#
506	2884.02	5	10	12	45	55	#
507	1734.57	52	62	#
508	1305.39	9	50	#
509	1412.88	48	50	#
510	1820.25	8	36	62	#
511	2425.43	10	18	22	#
512	2966.72	4	5	24	38	57	60	#
513	2416.4	33	46	51	#
514	2989.6	15	25	31	#
515	1889.24	15	40	56	#
516	1773.59	2	36	50	60	#
517	1157.99	7	21	45	#
518	1606.87	25	26	46	#
519	2517.52	23	33	42	59	#
520	1148.92	6	25	35	44	#
521	1146.24	7	60	#
522	1632.71	25	43	#
523	2983.26	1	2	3	5	17	33	60	#
524	2930.68	3	59	61	#
525	2979.57	14	26	28	31	39	55	#
526	1356.35	47	60	#
527	1817.15	6	45	#
528	3817.33	1	10	24	44	#
529	2314.87	11	38	56	#
530	3140.59	2	18	36	37	45	46	#
531	1173.09	24	58	#
532	1178.29	29	48	#
533	1294.17	29	57	#
534	6617.87	12	23	28	36	45	46	62	#
535	3062.18	3	4	15	25	37	42	49	51	#
536	2596.07	7	26	39	#
537	1795.93	37	57	#
538	2849.5	0	2	15	32	61	#
539	2473.59	0	1	2	6	12	17	22	45	52	#
540	1460.91	11	13	#
541	2410.9	26	54	61	#
542	1433.5	22	33	#
543	1904.6	7	30	#
544	3744.25	0	1	15	48	#
545	1316.53	39	41	#
546	2337.7	31	42	47	#
547	2128.82	12	18	24	36	41	49	57	#
548	1000.8	40	61	#
549	1185.67	53	56	#
550	4477.22	24	29	38	39	53	62	#
551	2675.95	15	22	41	60	#
552	1092.87	3	43	49	#
553	1227.9	2	33	#
554	1863.9	6	60	#
555	3525.48	25	31	55	57	62	#
556	5289.2	10	22	38	48	53	62	#
557	2874.64	22	25	42	#
558	2444.41	19	21	44	#
559	3800	7	19	29	42	#
560	2700.9	3	34	41	#
561	1561.72	25	34	#
562	1791.93	32	36	#
563	3320.34	1	5	8	10	12	19	45	#
564	1715.32	6	38	#
565	2580.35	7	15	40	43	61	#
566	1000.85	32	51	#
567	1474.39	9	11	#
568	984.628	22	55	#
569	1868.94	51	63	#
570	1517.38	15	59	#
571	2836.15	29	38	42	63	#
572	2068.24	17	30	32	43	47	#
573	4852.88	0	18	32	42	45	#
574	1631.66	50	59	60	#
575	1953.61	25	37	#
576	1045.92	28	31	#
577	1692.33	17	61	#
578	7553.68	7	9	10	13	19	21	22	38	39	47	#
579	1877.72	7	16	#
580	2438.96	7	8	9	49	#
581	2759.04	12	13	44	54	#
582	2514.89	4	21	45	59	#
583	1143.2	15	20	#
584	1950.71	51	58	#
585	1759.37	21	34	#
586	1022.14	15	34	#
587	3188.27	6	7	45	50	52	#
588	1380.34	0	30	40	#
589	1070.59	21	22	38	#
590	3587.29	9	13	17	63	#
591	4117.85	14	17	29	41	42	#
592	1876.35	32	60	#
593	2306.91	33	53	58	#
594	1347.22	42	45	#
595	2400.84	16	36	41	#
596	1658.24	17	48	#
597	2316.82	13	43	48	#
598	1277.04	11	54	#
599	1463.02	17	39	#
600	2673.38	12	26	35	58	#
601	1134.66	19	23	#
602	2683.3	13	45	60	#
603	1720.92	23	54	#
604	2297.92	18	23	30	43	55	59	#
605	3879.19	6	11	17	35	47	55	61	#
606	1880.7	9	19	24	38	58	#
607	1764.94	18	19	37	#
608	993.467	2	28	#
609	4177.15	4	16	17	23	50	63	#
610	1271.17	37	41	#
611	1305.94	0	54	#
612	4049.42	2	45	50	52	61	#
613	2551.87	32	35	43	53	#
614	1006.75	15	55	#
615	2077.21	5	8	32	38	39	44	48	#
616	3049.67	21	26	59	61	#
617	2266.95	10	27	58	#
618	4596.43	3	20	32	56	59	#
619	2846.33	11	16	24	#
620	1051.99	19	42	#
621	3464.68	4	6	17	44	#
622	1745.95	0	3	7	33	#
623	1707.8	14	38	#
624	1948.18	4	19	63	#
625	4682.25	0	11	12	17	19	#
626	1618.39	12	25	#
627	1633.6	3	5	10	27	39	59	60	#
628	2506.05	10	11	58	#
629	2551.16	21	40	62	63	#
630	1518.48	13	43	#
631	1764.3	19	22	#
632	2577.26	1	7	30	#
633	2669.64	18	24	46	62	#
634	2053.76	22	51	56	63	#
635	1407.49	7	13	#
636	4451.94	2	13	17	32	34	62	#
637	1566.69	22	35	49	54	#
638	1185.64	49	52	#
639	2735.24	4	6	39	#
640	2767.54	3	31	61	#
641	2752.47	6	53	59	61	#
642	2701.95	7	49	53	#
643	1242.15	4	42	#
644	1230.84	36	51	#
645	2602.51	7	31	57	#
646	2219.11	28	36	55	58	#
647	1331.96	33	51	#
648	4191.09	25	41	47	53	56	#
649	2285.55	26	27	31	#
650	3571.16	7	8	34	46	#
651	4869.95	10	23	32	55	58	#
652	2489.63	2	23	43	#
653	1071.49	20	46	#
654	3983.04	15	23	26	43	45	49	53	#
655	3777.1	8	21	55	61	#
656	2841.06	9	29	54	#
657	3025.03	9	37	40	41	55	#
658	2170.57	19	27	47	56	#
659	1956.66	9	25	#
660	1491.48	7	34	62	#
661	4759.83	0	10	19	25	29	#
662	1648.16	14	44	62	#
663	2385.46	5	27	37	53	61	#
664	2248.17	3	10	14	59	#
665	1785.25	20	26	#
666	1154.51	10	17	#
667	1947	17	41	#
668	1037.72	25	26	#
669	5254.28	7	30	39	45	54	56	#
670	1489.04	59	60	#
671	1055.26	35	43	#
672	2229.29	42	50	56	#
673	1487.53	15	36	#
674	1948.51	6	27	#
675	1175.12	2	49	#
676	2006.46	45	57	62	#
677	1731.95	27	32	#
678	2428.91	0	32	35	#
679	1960.03	34	44	#
680	2579.52	16	27	33	#
681	4842.74	12	17	32	34	38	62	#
682	1757.69	3	17	#
683	1716.6	3	4	32	#
684	1720.72	28	51	#
685	2503.58	7	8	24	#
686	1335.99	43	58	#
687	1000.04	7	36	#
688	2418.18	5	31	36	#
689	1933.12	2	29	#
690	1768.15	5	33	#
691	1857.51	14	30	57	#
692	987.397	10	45	#
693	1786.83	5	57	#
694	3014.18	2	8	11	17	#
695	3286.16	31	33	51	62	#
696	1938.19	8	17	#
697	1519.93	0	51	#
698	2897.14	21	49	50	55	#
699	1920.6	7	37	#
700	3420.54	6	8	30	32	57	#
701	1456.07	17	22	43	#
702	1882.44	11	36	#
703	1116.46	47	53	59	#
704	2708.27	10	11	21	24	#
705	1042.84	15	19	#
706	2571.01	5	11	36	44	#
707	2527.76	16	31	36	#
708	2823.65	22	23	52	#
709	2416.39	5	16	39	#
710	1453.2	41	48	54	#
711	1787.6	12	13	42	47	#
712	1297.97	3	33	#
713	3374.15	16	27	30	45	63	#
714	1636.21	13	17	60	#
715	1587.87	43	49	51	#
716	2080.38	15	44	59	#
717	1542.23	31	56	#
718	3882	4	13	23	35	43	#
719	1671.29	22	52	60	#
720	1552.41	15	47	#
721	1877.87	10	21	#
722	3814.34	0	25	43	60	#
723	2695.49	19	22	23	36	60	#
724	1690.38	0	4	29	32	#
725	2778.91	16	34	59	#
726	1978.46	44	55	#
727	1988.65	3	18	52	#
728	2642.91	16	50	58	59	62	#
729	1842.44	11	56	#
730	2497.81	2	5	31	41	44	57	59	#
731	2355.12	1	24	36	37	43	#
732	1169.32	29	50	53	#
733	3726.66	11	13	14	40	#
734	3555.03	29	55	60	61	#
735	1687.37	15	19	20	#
736	3225.24	1	4	7	12	38	43	60	#
737	1730.48	9	23	57	#
738	2293.25	15	17	21	24	29	35	37	51	#
739	3577.37	9	11	22	26	44	#
740	2824.58	14	42	58	#
741	1151.08	10	39	#
742	1019.7	33	36	60	#
743	1983.05	8	59	#
744	1944.51	19	63	#
745	1733.73	15	28	#
746	1894.14	23	49	#
747	3460.08	14	21	35	47	#
748	1843.35	9	22	#
749	2020.41	34	36	54	#
750	1450.88	3	56	#
751	1473.67	14	48	#
752	2173.48	6	9	16	#
753	2915.64	14	15	53	62	#
754	1436.2	1	37	#
755	2379.77	8	12	17	19	38	#
756	1274.43	35	41	#
757	1623.52	15	21	#
758	3699.7	3	10	34	42	44	59	62	#
759	1908.19	6	14	#
760	1484.78	15	61	#
761	1301.07	24	32	#
762	3281.84	15	18	29	43	#
763	3267.6	1	30	57	62	#
764	1472.15	27	44	#
765	1810.72	15	20	43	55	#
766	1081.65	21	59	#
767	1419.25	46	52	#
768	1760.92	22	37	48	#
769	2875.49	17	32	57	#
770	2882.51	22	49	58	#
771	8574.24	10	15	18	19	28	37	50	55	59	61	63	#
772	1856.35	7	47	#
773	2146.55	3	40	49	#
774	1714.33	7	43	#
775	1862.44	57	63	#
776	3159.21	2	21	32	45	#
777	2507.79	0	2	18	38	#
778	3119.71	38	39	48	63	#
779	3631.24	7	10	13	54	#
780	1525.83	52	55	#
781	3722.85	7	19	46	47	#
782	6609.55	5	11	28	43	50	60	63	#
783	1404.07	7	51	#
784	2846.91	3	23	33	#
785	956.035	17	24	#
786	3955.04	12	17	29	35	51	#
787	1750.97	42	56	#
788	1926.21	8	38	#
789	2979.67	4	41	49	#
790	2898.09	2	23	29	32	59	#
791	1572.2	20	30	43	#
792	2048.79	9	16	34	40	44	#
793	2469.72	28	39	42	49	#
794	4005.72	4	9	16	49	50	53	63	#
795	1895.16	10	56	#
796	1925.53	8	60	#
797	1502.17	12	56	#
798	1592.45	12	23	38	#
799	1131.66	11	63	#
800	2912.65	6	11	16	30	36	#
801	1542.51	9	54	#
802	3713.87	1	16	33	58	#
803	1125.4	48	58	59	#
804	2626.07	31	32	51	#
805	3499.27	8	16	22	47	#
806	3087.69	10	21	24	52	#
807	1927.64	35	59	#
808	1072.6	2	14	#
809	1717.07	3	50	#
810	6572.24	4	12	16	19	24	30	37	44	#
811	1518.28	1	41	46	#
812	2947.45	29	38	60	#
813	1844.71	16	52	#
814	2502.7	13	28	39	46	#
815	6395.36	1	10	34	38	51	53	62	#
816	1753.54	3	13	14	50	#
817	1286.29	46	47	49	#
818	2586.51	20	46	51	57	#
819	4829.53	0	49	50	58	63	#
820	2922.82	13	25	40	#
821	2542.29	39	48	55	58	59	#
822	1706.05	8	18	21	#
823	1921.55	8	30	#
824	3337.67	6	11	16	23	60	#
825	1965.32	17	20	28	39	57	#
826	1458.02	26	58	#
827	931.752	6	24	#
828	1546.48	15	52	#
829	1598	5	36	#
830	4016.42	20	28	30	35	52	57	#
831	1649.38	9	60	#
832	3274.08	0	4	17	25	26	45	#
833	2063.95	11	23	50	51	#
834	1412.47	4	38	46	63	#
835	2957.49	36	57	62	#
836	2542.57	23	29	40	42	51	#
837	3570.03	2	36	37	60	#
838	1972.6	49	57	#
839	6182.96	4	10	19	20	32	52	61	63	#
840	1614.6	54	55	#
841	2605.18	17	27	57	61	#
842	1983.78	25	31	56	#
843	2989.14	25	51	59	#
844	1982.51	25	50	#
845	2532.68	17	44	58	#
846	1729.29	29	43	#
847	3518.92	5	42	46	60	#
848	1584.51	25	42	52	#
849	1521.06	1	31	#
850	2298.32	1	14	20	47	49	52	53	55	#
851	2141.12	26	31	59	#
852	8373.37	1	15	17	30	31	33	43	51	55	56	62	#
853	1023.85	14	23	#
854	2561.69	9	20	50	61	#
855	3013.27	0	10	24	33	42	60	#
856	2688.46	3	16	40	#
857	1714.94	15	29	33	#
858	1137.09	10	15	24	25	#
859	1095.9	1	14	#
860	1922	31	41	57	#
861	1867.54	16	50	51	#
862	1901.07	13	21	31	35	36	48	#
863	1697.13	41	61	#
864	2208.25	22	32	40	#
865	2551.96	6	23	35	58	#
866	3856.3	4	15	16	32	41	44	#
867	3961.02	21	22	25	44	#
868	1525.46	8	21	#
869	1621.33	41	47	#
870	1267.35	7	25	56	#
871	1798.4	24	54	#
872	1336.71	7	28	#
873	1420.18	3	21	52	#
874	1384.05	31	60	63	#
875	2533.91	8	17	23	32	#
876	1677.71	1	27	33	#
877	3005.63	11	42	45	58	#
878	1020.31	3	37	#
879	5013.85	2	13	16	17	21	43	52	53	56	57	#
880	2601.69	15	20	28	30	31	#
881	4088.06	12	14	16	43	48	55	56	#
882	2055.37	12	19	24	28	31	37	#
883	1469.63	18	43	#
884	4889.72	4	6	10	16	21	22	27	33	39	43	48	53	54	57	#
885	2867.5	0	47	50	#
886	1728.05	17	39	45	#
887	3933.17	3	10	29	47	49	59	#
888	2047.43	18	21	38	63	#
889	2526.62	26	43	46	63	#
890	1393.44	55	61	#
891	1977.2	0	2	9	10	#
892	4622.31	2	12	14	57	61	62	#
893	1758.52	38	43	#
894	1192.32	19	52	#
895	1694.06	42	55	#
896	1280.09	10	20	24	44	#
897	2739	26	48	54	#
898	2338.47	21	26	32	54	57	#
899	1196.2	45	48	#
900	3764.67	2	38	39	47	#
901	1158.23	13	30	#
902	974.282	26	59	#
903	1860.01	20	28	#
904	2038.18	3	17	33	#
905	4666.24	0	5	8	11	13	29	32	38	46	50	#
906	5632.09	10	11	22	33	58	63	#
907	1385.42	2	30	35	#
908	1216.31	16	30	#
909	1641.1	23	56	#
910	1056.18	9	16	20	34	#
911	2837.64	8	17	41	43	#
912	977.606	4	31	#
913	1877.94	24	50	#
914	1502.72	11	33	#
915	4181.91	2	19	34	48	52	#
916	1341.51	3	52	#
917	1412.75	14	59	#
918	1068.4	42	54	#
919	1047.07	4	17	24	26	40	#
920	1074.89	15	58	#
921	1487.41	6	7	31	59	#
922	1446.82	27	42	#
923	3694.32	3	10	23	28	39	54	#
924	1886.96	22	46	#
925	2727.75	12	21	55	#
926	1372.12	46	51	59	#
927	1331.5	34	48	51	#
928	1204.34	4	46	#
929	1644.3	3	63	#
930	1325.11	48	62	#
931	3907.79	20	29	36	54	#
932	2964.43	25	29	37	#
933	1049.5	38	41	46	#
934	1760.61	3	4	28	#
935	2792.12	25	28	43	#
936	1165.71	18	28	30	38	#
937	3726.1	23	33	41	51	#
938	2586.46	22	41	63	#
939	1902.79	9	21	22	63	#
940	5982.85	13	19	24	36	37	46	#
941	4944.38	7	12	18	25	27	48	49	60	#
942	1450.58	9	12	#
943	3326.06	9	13	14	58	#
944	1104.25	15	29	#
945	1606.37	44	46	#
946	2769.36	25	30	44	#
947	1710.56	31	55	#
948	2189.85	20	24	51	#
949	1311.58	6	11	62	#
950	3837.11	7	10	35	54	#
951	3198.56	39	55	60	63	#
952	1393.86	19	24	43	57	#
953	3922.83	16	19	55	60	#
954	1993	25	29	31	#
955	1812.92	9	27	31	#
956	1256.95	36	62	#
957	1230.27	43	61	#
958	4011.16	27	32	39	46	58	#
959	2710.57	8	22	34	40	44	59	#
960	1976.29	34	56	#
961	1512.71	20	58	#
962	3169.71	0	14	18	27	29	47	53	#
963	2566.87	1	2	4	#
964	3852.26	13	34	43	48	#
965	2668.25	39	42	48	#
966	3206.72	10	11	18	22	32	47	#
967	1037.53	20	36	63	#
968	2827.67	0	17	20	#
969	2514.49	7	37	49	57	#
970	1823.56	7	27	34	#
971	2687.96	4	9	52	63	#
972	1209.15	20	41	#
973	1565.72	6	58	#
974	1659.21	13	21	38	#
975	1973.13	3	16	#
976	2149.77	5	17	31	#
977	3800.98	5	32	39	45	46	63	#
978	1525.68	39	53	61	#
979	3199.96	34	41	43	63	#
980	3020.16	12	38	39	46	#
981	1329.67	13	48	#
982	2708.7	38	40	50	58	#
983	1922.54	6	24	45	61	#
984	1156.2	8	45	#
985	1088.64	13	54	#
986	3679.77	24	25	34	42	54	#
987	1642.01	1	2	#
988	3934.32	1	19	20	41	61	#
989	2176.61	17	33	46	49	61	#
990	1777.4	44	46	49	#
991	1924.38	5	18	41	#
992	1423.06	42	43	#
993	1365.55	4	6	32	#
994	2973.07	21	25	55	#
995	2387.34	33	40	53	54	#
996	2604.99	3	26	31	44	#
997	1155.43	42	49	#
998	1324.09	41	62	#
999	3052.93	11	14	33	61	#
