%% File generated by CATS v.2.1Wed Jun 22 10:37:32 2022

%% The CATS webpage is http://robotics.stanford.edu/CATS

%% PARAMETER SETTINGS:
% Goods: 64; Bids: 1000; Distribution: L4; Runs: 1; Seed: 1656572561
% Legacy distribution parameters:
% Number of goods chosen according to Decay distribution (alpha = 0.55).
% Price chosen according to Linear Random distribution (low_linearly = 1, high_linearly = 1000).


goods 64
bids 1000
dummy 0

0	982.829	7	#
1	3938.62	2	14	29	36	#
2	977.61	52	#
3	2487.31	25	30	37	#
4	949.004	9	#
5	921.409	16	#
6	1398.46	25	35	#
7	931.819	18	#
8	918.107	43	#
9	977.525	50	#
10	731.095	41	#
11	960.934	42	#
12	942.293	54	#
13	961.805	5	#
14	994.056	8	#
15	971.152	14	#
16	931.921	47	#
17	1239.57	19	25	#
18	995.294	32	#
19	954.337	26	#
20	1634.09	10	19	#
21	4532.7	13	15	45	56	60	#
22	933.06	25	#
23	967.022	4	#
24	2239.38	2	45	60	#
25	945.061	62	#
26	4337.08	13	16	25	30	31	40	59	62	#
27	1808.54	20	60	#
28	964.375	55	#
29	849.101	30	#
30	4006	19	22	27	32	50	#
31	983.032	48	#
32	999.816	24	#
33	2585.59	32	59	60	#
34	971.383	45	#
35	924.831	22	#
36	2377.37	1	2	32	35	49	#
37	4215.06	15	35	51	54	62	#
38	995.394	60	#
39	966.944	29	#
40	2844.46	16	29	62	#
41	960.592	11	#
42	3454.7	44	50	54	58	#
43	1485.1	21	26	#
44	979.806	58	#
45	1827.2	28	42	#
46	969.436	28	#
47	3041.28	2	33	39	53	#
48	1793.4	44	49	#
49	2497.49	17	31	42	#
50	3427.75	2	9	16	24	35	#
51	991.718	40	#
52	957.708	63	#
53	977.235	21	#
54	2974.66	23	25	29	41	#
55	988.718	15	#
56	1279.62	15	58	#
57	983.944	3	#
58	871.258	19	#
59	929.539	38	#
60	2159.3	34	40	60	#
61	2143.52	22	55	57	59	60	63	#
62	1417.84	34	43	#
63	2344.32	1	40	46	#
64	906.875	13	#
65	2273.42	26	27	59	#
66	1299.46	6	11	#
67	3784.52	23	28	30	42	#
68	2022.35	18	45	60	#
69	973.367	44	#
70	1716.51	25	56	#
71	997.06	1	#
72	1895.43	42	62	#
73	3503.09	8	42	49	51	#
74	990.466	20	#
75	2737.69	0	38	50	#
76	3188.08	5	20	38	42	43	#
77	987.231	46	#
78	1167.35	7	57	#
79	5760.73	4	8	18	20	43	49	54	#
80	981.544	12	#
81	3386.17	15	29	30	34	37	41	54	#
82	1290.71	15	27	#
83	868.824	51	#
84	1253.83	41	47	#
85	1680.95	23	42	45	#
86	964.901	17	#
87	1469.51	22	38	#
88	945.868	33	#
89	1068.15	27	28	36	#
90	979.893	10	#
91	988.434	61	#
92	2783.04	11	39	50	#
93	960.477	49	#
94	1220.02	21	25	#
95	3173.7	11	41	42	54	#
96	1957.34	9	21	63	#
97	3414.97	23	30	34	51	#
98	1607.6	6	10	39	42	#
99	1776.81	1	3	#
100	2889.22	24	25	49	63	#
101	1876.64	20	27	#
102	1100.71	30	38	55	#
103	3803.83	3	10	26	35	37	39	#
104	1842.26	52	61	#
105	1468.22	8	56	#
106	2374.59	8	34	44	52	#
107	4918.09	1	13	19	21	32	#
108	982.241	23	#
109	996.15	35	#
110	994.41	53	#
111	995.376	34	#
112	1460.33	23	43	56	#
113	3098.68	21	35	44	49	59	#
114	2611.8	19	54	59	62	#
115	1984.81	49	60	#
116	4336.11	15	20	21	53	63	#
117	1534.42	18	58	#
118	978.167	57	#
119	1528.45	17	37	44	#
120	2182.79	0	19	38	#
121	968.612	2	#
122	4307.67	3	5	14	32	49	#
123	1828.3	11	27	61	#
124	1987.62	26	30	#
125	994.232	37	#
126	1798.07	1	8	19	#
127	6901.13	0	3	8	15	16	17	47	#
128	1502.36	17	38	61	#
129	4651.1	25	27	29	30	35	36	39	40	44	51	62	63	#
130	987.693	39	#
131	1983.29	19	63	#
132	2887.96	4	13	61	#
133	2901.75	0	23	32	44	#
134	2285.37	8	32	38	40	#
135	991.956	7	13	43	#
136	1665.7	14	29	42	#
137	885.275	31	#
138	5570.98	19	25	31	38	57	62	#
139	3544.88	5	11	46	53	63	#
140	1273.75	40	48	#
141	1475.43	10	45	50	#
142	2245.01	18	23	25	54	#
143	1379.27	9	37	#
144	1160.05	0	40	43	#
145	2011.52	5	8	56	#
146	2376.28	6	9	33	40	#
147	1909.13	13	14	#
148	1804.64	38	54	#
149	983.838	59	#
150	881.115	56	#
151	1493.94	56	59	#
152	2029.17	15	24	49	#
153	1716.14	27	29	#
154	2457.65	0	11	12	18	47	#
155	996.406	3	42	49	#
156	3548.31	5	8	32	41	#
157	1240.91	13	44	#
158	1976.71	36	43	61	#
159	3753.76	1	22	38	39	55	60	#
160	1815.65	12	59	#
161	5087.74	9	12	14	15	22	26	54	#
162	1290.43	50	51	61	#
163	1901.14	25	46	#
164	1550.52	19	28	#
165	1670.17	30	37	57	#
166	1433.85	31	49	#
167	919.65	0	#
168	3760.29	9	12	34	41	#
169	2464.2	24	59	60	#
170	2027.31	11	13	23	29	49	#
171	5491.77	6	11	15	26	38	46	54	#
172	1347.02	6	10	43	#
173	1021.33	5	8	29	60	#
174	1663.29	3	55	#
175	995.161	27	#
176	1130.57	26	37	#
177	5196.82	3	8	9	24	27	37	51	#
178	1188.63	7	45	#
179	1561.11	7	40	#
180	925.392	22	56	#
181	1758.83	12	38	#
182	1801.52	55	59	#
183	1602.75	17	36	61	#
184	3859.77	22	31	55	61	#
185	1486.26	2	8	#
186	1052.78	2	31	#
187	1297.3	15	48	#
188	1715.12	8	36	#
189	1533.81	56	60	#
190	971.198	33	41	#
191	1577.65	31	56	#
192	1828.09	38	46	#
193	2861.76	25	31	36	#
194	1224.94	2	22	23	#
195	2515.21	13	27	35	52	#
196	1638.84	39	40	#
197	1424.06	18	24	#
198	2328.29	2	10	14	20	41	#
199	1561.54	16	40	#
200	1795.22	15	38	#
201	3625.58	20	28	29	40	61	#
202	1618.3	39	42	47	#
203	1653.05	18	54	#
204	2690.54	1	15	44	56	#
205	1935.55	7	28	#
206	1173.16	28	43	#
207	969.991	6	#
208	3792.65	13	19	58	59	60	#
209	1450.14	1	6	47	#
210	1888.05	11	50	#
211	1131.88	27	45	52	56	#
212	1907.29	9	27	#
213	1626.24	32	36	#
214	1914.57	9	29	47	49	50	#
215	2972.97	0	6	24	#
216	2811.13	7	56	60	#
217	2160.74	7	8	17	22	#
218	1542.13	6	16	49	#
219	4273.06	28	29	35	40	43	60	#
220	2910.84	23	30	35	60	#
221	2736.4	2	6	16	27	55	59	#
222	1157.84	48	52	#
223	1895.49	12	44	#
224	1601.47	42	47	#
225	1400.86	34	42	#
226	4406.71	7	10	14	28	51	62	#
227	1660.25	0	20	#
228	1122.44	32	34	#
229	1159.11	56	62	#
230	1176.33	6	18	#
231	2939.88	26	27	28	33	48	#
232	1741.63	13	35	#
233	1215.47	5	61	#
234	2295.52	6	26	56	#
235	3708.54	2	13	33	38	#
236	1324.71	24	36	#
237	1272.96	17	29	#
238	1738	28	62	#
239	1312.67	46	51	#
240	1502.4	6	15	#
241	1111.58	20	35	#
242	3452.01	0	24	54	60	#
243	2229.21	2	32	33	36	43	63	#
244	1969.27	14	39	#
245	1059.35	29	45	#
246	1961.93	4	11	#
247	1036	54	62	#
248	3550.17	16	32	54	59	#
249	1619.27	10	35	51	#
250	1224.16	12	63	#
251	2617.9	8	14	29	#
252	1066.01	9	15	25	#
253	1877	33	43	#
254	1201.9	2	50	59	#
255	1513.06	14	17	57	#
256	1080.94	30	46	#
257	1266.6	45	60	#
258	2585.86	2	5	9	12	16	30	#
259	1267.28	11	25	#
260	2066.83	24	30	32	#
261	1392.97	25	57	#
262	4834.39	5	16	58	59	61	62	#
263	1195.78	41	60	#
264	3871.43	31	46	49	52	#
265	1340.43	37	63	#
266	3583	1	10	24	45	#
267	1822.68	27	53	#
268	1600.75	16	55	#
269	1681.95	32	50	#
270	1064.85	7	13	20	#
271	1877.54	7	59	#
272	5013.79	15	17	18	20	21	44	45	53	#
273	1059.69	9	54	#
274	1627.53	16	21	#
275	2055.11	12	28	62	#
276	3105.95	16	17	55	57	#
277	1418.71	0	47	#
278	1954.31	5	41	62	#
279	3673.91	4	15	49	60	#
280	1739.32	4	49	#
281	1363.43	15	26	32	#
282	4257	1	24	32	34	48	53	61	#
283	2544.95	17	22	59	#
284	1595.31	34	42	55	#
285	1811.19	4	31	37	43	#
286	1940.64	7	22	#
287	1842.85	53	56	#
288	1631.84	14	23	#
289	1124.57	40	63	#
290	1201.92	41	61	#
291	1105.47	9	16	30	46	#
292	921.875	36	#
293	5069.79	0	2	6	27	30	33	60	#
294	1502.58	27	49	#
295	1245.22	16	27	#
296	4045.1	2	31	37	59	60	#
297	2215.54	9	38	49	59	#
298	1771.6	17	26	#
299	1772.93	22	30	33	#
300	1771.19	14	41	#
301	1163.55	19	27	56	#
302	3373.1	30	31	42	60	#
303	2150.96	6	50	61	#
304	1233.44	34	35	#
305	2340.96	33	37	48	57	#
306	1988.91	49	62	#
307	1349.37	41	44	#
308	1765.98	0	11	61	62	#
309	1913.72	9	18	31	#
310	1035.21	34	48	#
311	4402.76	6	16	27	48	62	#
312	1013.53	23	44	45	#
313	1549.91	38	49	#
314	3543.04	4	9	12	21	29	48	50	#
315	1363.51	11	48	#
316	1284.94	19	49	#
317	1189.93	48	53	#
318	1004.4	0	7	33	#
319	2219.31	0	16	33	#
320	1588.17	6	56	#
321	2687.7	39	58	59	#
322	1498.38	9	40	#
323	1084.99	1	59	#
324	2572.53	21	31	35	38	56	#
325	2996.14	15	50	56	#
326	2237.24	5	25	48	53	#
327	1381.63	9	46	55	#
328	1951.01	32	39	#
329	2047.05	10	18	20	41	58	#
330	5919.31	6	10	13	19	48	51	56	58	#
331	1582.17	34	54	#
332	3407.61	1	6	8	48	62	#
333	2587.95	4	23	24	33	36	44	46	51	61	#
334	1671.13	52	53	#
335	1422.3	29	62	#
336	2610.48	0	1	11	15	37	44	#
337	2673.5	15	33	46	#
338	1059.07	2	12	#
339	5837.46	0	3	15	19	32	42	50	#
340	6830.11	6	17	28	43	52	54	57	#
341	1790.82	24	28	#
342	2363.82	20	26	28	31	41	56	57	#
343	1704.42	19	37	#
344	2066.8	9	54	63	#
345	1724.41	22	55	#
346	1069.35	10	20	#
347	2682.36	0	14	33	#
348	4918.69	3	9	17	21	37	#
349	1324.78	18	45	#
350	4590.61	5	40	42	47	53	#
351	1593.67	6	48	#
352	3511.76	8	15	36	50	57	#
353	1044	2	45	52	#
354	1735.06	43	63	#
355	2797.02	42	53	60	#
356	1149.76	18	40	#
357	2935.44	40	50	60	#
358	1632.3	11	54	60	#
359	1816.87	8	49	#
360	3736.43	8	11	13	49	56	#
361	2460.36	0	50	53	#
362	1883.41	4	16	#
363	2333.76	17	21	22	23	27	#
364	1778.6	10	13	21	#
365	1756.59	30	58	#
366	2718.73	33	39	54	#
367	1355.65	35	42	#
368	1605.82	12	36	41	46	55	57	#
369	999.631	1	47	62	#
370	2950.66	15	19	41	46	#
371	1892.48	4	34	#
372	1154.23	35	45	#
373	2684.43	15	46	48	#
374	2700.22	4	53	56	57	63	#
375	1884.57	20	38	#
376	1798.32	3	5	7	15	30	56	#
377	2479.9	16	41	61	#
378	5137.92	7	17	22	24	41	47	57	#
379	2344.4	14	24	27	31	49	#
380	2860.74	7	32	44	58	59	#
381	1395.22	16	34	35	50	#
382	2851.84	11	15	39	#
383	1511.72	33	36	#
384	3169.15	5	30	31	32	#
385	3821.91	5	6	25	27	31	36	44	54	58	60	#
386	1523.87	4	10	18	60	#
387	1711.77	2	12	52	#
388	1648.93	11	49	#
389	5780.81	18	34	48	55	56	60	#
390	1826.92	23	43	54	#
391	3467.46	4	24	33	42	49	#
392	1295.05	22	31	46	#
393	1823.98	42	56	#
394	1921.98	10	51	52	#
395	4434.37	2	7	11	31	43	48	57	60	63	#
396	2232.39	12	23	50	59	#
397	1350.82	40	62	#
398	1296.76	31	60	#
399	3626.65	2	11	22	35	#
400	6850.56	8	13	36	39	48	52	57	#
401	2972.18	0	6	14	37	#
402	1424.35	12	22	37	#
403	2476.56	3	20	29	#
404	1579.2	28	58	#
405	2339.57	16	31	57	#
406	3030.49	1	2	9	15	18	61	#
407	1796.27	43	61	#
408	1729.93	29	30	33	62	#
409	2320.3	15	19	43	#
410	2916.22	10	16	34	44	50	#
411	1959.48	29	53	#
412	1908.69	31	50	53	#
413	3110.6	23	28	45	48	60	#
414	4306.6	5	12	19	41	63	#
415	2990.89	29	38	47	#
416	1177.07	39	46	#
417	1171.61	4	40	#
418	2459.87	35	44	47	49	#
419	3295.27	0	27	40	46	#
420	1725.32	21	41	#
421	2464.41	3	9	23	#
422	1259.85	50	63	#
423	2560.75	8	14	20	34	51	#
424	1522.77	43	54	#
425	2942.18	3	8	42	58	#
426	1376.18	2	19	31	35	52	#
427	2429.85	50	55	57	#
428	1774.11	1	10	#
429	2921.63	31	33	39	#
430	1801.52	23	51	#
431	2262.51	17	26	29	#
432	3122.84	5	6	37	46	48	#
433	3925.89	10	17	19	42	49	50	#
434	3228.37	2	20	21	45	57	#
435	2451.61	15	22	30	48	#
436	1329.5	9	54	60	#
437	4125.29	10	15	16	48	49	50	54	#
438	2359.58	2	41	43	61	#
439	1202.03	20	26	#
440	2370.58	27	39	41	59	62	#
441	1929.55	16	17	#
442	1483.74	4	9	51	#
443	1232.07	0	11	40	58	#
444	2887.81	30	47	60	#
445	1251.78	52	63	#
446	4193.49	18	25	42	46	55	#
447	1410.68	22	35	61	#
448	1727.9	48	56	#
449	1935	12	56	#
450	1460.18	60	62	#
451	1654.86	29	43	#
452	3505.8	5	11	44	47	#
453	8379.23	3	6	14	19	24	27	30	33	34	36	46	#
454	1858.79	2	43	#
455	2202.35	4	24	35	#
456	2272.67	4	11	23	#
457	1862.77	9	26	#
458	1690.54	17	50	#
459	4188.52	4	23	28	44	50	60	#
460	1658.86	36	43	59	#
461	1741.94	28	55	#
462	2468.29	13	43	56	#
463	1658.11	5	38	57	#
464	2298.79	25	32	48	#
465	3573.28	2	7	54	59	#
466	1708.57	17	55	#
467	2863.02	50	54	56	#
468	1620.09	43	51	#
469	1583.5	29	57	#
470	1048.97	7	16	43	49	#
471	1029.8	2	25	#
472	2592.87	3	32	63	#
473	2487.41	18	23	42	#
474	2800.83	1	11	12	#
475	4363.89	0	22	24	44	62	#
476	2048.23	8	20	43	58	63	#
477	1430.19	10	59	#
478	1788.18	14	22	38	43	47	49	57	#
479	2250.17	11	28	50	#
480	3884.33	13	35	43	45	#
481	7119.91	15	16	21	24	29	34	51	59	#
482	1911.26	20	29	#
483	1708.17	10	11	15	18	59	#
484	1581.17	9	24	43	#
485	4343.78	2	10	18	19	27	30	59	#
486	1143.02	26	41	#
487	2171.76	2	10	11	18	29	#
488	1606.5	1	13	#
489	1417.24	53	54	#
490	2609.44	17	25	37	38	50	#
491	1745.07	21	50	#
492	2346.77	12	39	55	#
493	1773.94	8	20	39	#
494	4930.01	16	23	24	28	29	33	51	61	#
495	2815.78	12	28	46	#
496	1861.12	0	28	#
497	4701.76	3	25	30	42	62	#
498	11179.8	5	6	7	13	21	22	30	32	33	34	40	51	55	60	61	#
499	2783.76	11	28	53	#
500	3323.01	15	25	37	41	46	#
501	5721.04	13	36	38	46	51	59	#
502	1627.71	22	29	#
503	1178.67	11	41	#
504	2829.85	29	36	52	#
505	5242.8	14	23	38	52	54	57	#
506	3554.46	1	7	53	63	#
507	2417.78	8	18	27	#
508	4797.41	0	11	27	40	46	#
509	2328.18	23	35	37	52	55	61	62	#
510	1985.23	5	63	#
511	1568.41	48	54	#
512	1608.63	4	23	#
513	1031.71	5	9	13	#
514	1673.57	35	41	#
515	1755.39	50	52	#
516	4477.71	17	27	42	48	63	#
517	1410.04	8	34	#
518	2017.04	5	6	17	49	#
519	5962.62	3	7	17	19	52	54	57	59	#
520	1925.33	13	15	#
521	1488.63	15	39	#
522	1134.38	2	62	#
523	6793.1	2	13	33	36	37	44	47	59	60	#
524	1702.75	0	24	34	#
525	5552.75	10	14	20	41	43	46	62	#
526	2795.81	21	48	51	#
527	3809.62	2	11	13	18	23	#
528	999.915	32	45	#
529	4921.17	4	7	14	28	54	55	#
530	2159.5	7	61	62	#
531	3162.62	0	27	32	33	#
532	2805.96	49	60	63	#
533	1084.86	36	48	#
534	1918.77	46	58	#
535	4097.53	0	13	27	58	61	#
536	2412.67	22	26	41	48	#
537	1399.86	47	58	#
538	4659.26	23	29	41	53	57	#
539	1917.81	13	56	#
540	1483.6	20	28	#
541	2476.54	5	12	53	#
542	3208.78	15	16	40	51	56	#
543	1319	21	47	#
544	1450.77	0	4	#
545	1805.9	57	62	#
546	1916.97	34	36	#
547	2923.39	11	16	51	#
548	1613.68	0	10	54	#
549	4589.21	9	18	33	58	63	#
550	1286.2	37	58	#
551	1844.27	35	38	#
552	1669.73	59	62	#
553	2067.27	27	32	34	43	#
554	2862.03	10	33	36	39	#
555	980.316	13	18	57	#
556	2025.81	18	39	54	#
557	5032.4	14	21	33	41	59	63	#
558	4144.25	8	14	16	29	38	42	#
559	1886.43	0	51	#
560	1917.35	43	44	62	#
561	3354.31	2	11	27	62	#
562	1996.81	23	53	#
563	1611.74	37	62	#
564	4740.26	4	15	22	24	49	#
565	1489.12	17	24	53	#
566	1483.5	3	18	28	#
567	6594.3	9	21	32	40	44	51	56	#
568	2410.27	21	50	53	#
569	2230.63	16	23	24	#
570	1113.69	5	25	#
571	1440.93	40	53	#
572	1879.07	32	60	#
573	1345.16	21	55	#
574	2466.38	31	42	54	#
575	1836.11	0	31	#
576	1814.04	13	19	#
577	5145.33	18	21	29	48	57	61	62	#
578	2749.44	33	46	58	#
579	2999.94	17	25	29	44	#
580	3384.55	6	7	20	34	43	#
581	2144.59	57	59	61	#
582	3058.94	7	18	47	54	#
583	1586.97	7	24	44	#
584	1329.74	9	24	59	#
585	2026.61	3	22	35	62	#
586	3393.39	19	27	44	45	#
587	3796.96	19	28	50	63	#
588	1873.83	29	50	#
589	1814.96	3	47	#
590	1377.09	31	34	59	#
591	7719.41	3	13	22	27	28	35	42	52	61	#
592	2292.93	0	33	39	#
593	1561.99	7	9	#
594	1408.86	6	23	#
595	1265.36	1	6	#
596	1424.85	15	18	46	#
597	2616.65	11	23	24	#
598	1595.59	17	43	#
599	1170.34	6	59	#
600	4646.01	0	1	7	28	55	#
601	1794.83	2	22	33	#
602	1952.26	39	53	#
603	1425	5	32	#
604	1873.91	28	34	35	47	#
605	2474.04	7	45	49	53	#
606	1651.65	9	47	#
607	1487.3	8	39	#
608	1708.65	17	58	#
609	1432.45	24	56	#
610	1182.42	20	51	#
611	1498.61	21	38	57	#
612	1638.83	23	26	#
613	2551.42	31	32	59	#
614	3608.08	0	10	21	26	30	58	#
615	1915.16	8	25	63	#
616	4823.11	19	33	43	44	51	#
617	1520.88	34	37	#
618	1965.55	24	25	#
619	2004.05	4	17	29	#
620	1045.05	48	57	#
621	3439.3	22	26	30	39	63	#
622	3681.32	0	6	22	46	#
623	975.427	45	56	#
624	2563.72	28	30	41	#
625	1192.04	3	5	59	#
626	2821.16	3	29	39	#
627	3130.71	8	9	22	27	29	#
628	3095.65	9	16	53	56	#
629	1384.92	12	41	#
630	2755.87	15	29	43	#
631	1217.25	24	43	#
632	1984.48	13	30	#
633	5538.25	6	7	16	30	47	51	52	#
634	8043.87	0	8	10	17	21	46	47	48	53	54	57	59	#
635	1012.64	49	59	#
636	1717.79	34	38	#
637	3316.42	43	49	52	54	#
638	1473.15	2	17	#
639	1045.98	3	25	#
640	3780.51	5	6	55	57	#
641	3586.28	22	30	40	63	#
642	1735.3	1	55	#
643	2005.02	20	25	45	#
644	1863.47	1	18	27	#
645	1973.34	3	37	#
646	5009.92	4	5	17	25	52	57	#
647	6580.44	1	8	25	28	45	49	53	54	59	#
648	1556.54	29	35	39	#
649	2164.59	11	27	31	#
650	1781.36	7	38	#
651	1023.33	53	59	#
652	1410.41	40	55	#
653	1666.73	3	50	#
654	2878.32	47	48	52	#
655	1718.06	32	52	#
656	1716.41	28	44	#
657	2239.45	11	13	17	34	45	#
658	1792.2	2	12	20	23	32	#
659	2761.38	8	15	27	#
660	2392.91	2	16	19	25	34	#
661	3325.89	5	15	49	62	#
662	4648.02	1	18	20	53	59	63	#
663	1328.16	40	52	#
664	1308.63	23	35	#
665	2877.8	5	33	54	#
666	1312.8	17	41	#
667	3350.15	28	30	32	35	#
668	3342.44	5	11	54	62	#
669	1925.63	12	18	#
670	4024.43	3	6	10	12	20	21	48	50	52	54	61	#
671	1565.65	29	47	48	55	#
672	1862.38	13	21	36	62	#
673	2550.88	2	27	48	50	52	53	63	#
674	1563.8	26	42	#
675	1037.41	28	54	#
676	2214.3	6	11	39	#
677	2806.7	20	43	59	63	#
678	2445.53	18	27	30	39	#
679	1943.83	9	17	24	42	63	#
680	1965.71	13	22	49	#
681	1655.2	32	38	#
682	1642.55	11	32	#
683	1165.54	12	25	#
684	3694.96	8	11	19	39	#
685	1935.89	8	12	18	37	43	#
686	1002.3	7	31	#
687	1790.64	12	30	#
688	2372.91	6	11	17	47	48	#
689	1298.97	61	63	#
690	1682.17	4	40	60	#
691	2948.95	23	37	54	#
692	1981.21	31	32	#
693	2611.57	2	3	7	12	36	56	#
694	1946.1	43	55	63	#
695	2025.47	2	12	16	42	56	#
696	2235.98	13	24	43	#
697	1110.73	17	32	48	63	#
698	1129.1	25	44	#
699	2005.51	29	31	43	#
700	2278.6	21	25	44	#
701	1086.78	6	51	#
702	2059.69	22	47	58	#
703	2475.32	8	13	51	#
704	3954.79	0	11	23	57	#
705	1145.62	27	62	#
706	4944.07	5	49	52	57	59	#
707	1788.46	6	12	35	#
708	1260.22	32	61	#
709	7690.78	4	11	16	24	25	44	59	61	#
710	8735.94	0	4	21	25	37	41	45	51	62	#
711	1026.64	54	55	#
712	1001.11	25	33	#
713	3293.28	7	17	23	41	#
714	3067.74	18	20	27	61	#
715	1080.88	46	62	#
716	1687.07	33	53	60	#
717	2798.52	10	31	44	#
718	1910.8	57	58	#
719	1965.24	5	33	#
720	2501.53	12	37	59	#
721	2894.39	21	45	52	54	#
722	1582.14	24	41	#
723	1649.9	7	20	49	56	#
724	2858	0	7	16	21	33	34	47	55	#
725	3156.76	5	18	36	60	#
726	3475.95	7	35	41	50	#
727	1691.72	44	50	63	#
728	2001.14	23	40	48	#
729	2922.2	30	42	55	56	#
730	1925.68	7	23	#
731	1448.4	16	53	#
732	3180.1	3	10	16	26	46	50	58	#
733	1739.23	33	59	#
734	2319.69	24	26	32	62	#
735	3198.88	32	33	43	46	#
736	1255.46	3	41	#
737	1473.95	23	25	43	#
738	1845.96	51	63	#
739	2820.54	7	47	58	#
740	1682.55	24	31	35	#
741	1172.93	1	9	32	43	48	#
742	3892.31	0	1	30	56	#
743	1989.91	51	53	55	#
744	1619.01	1	61	#
745	4223.22	4	24	44	45	60	62	#
746	2211.46	23	42	62	#
747	1985.25	26	51	#
748	1809.12	1	16	50	#
749	4924.87	13	17	32	48	52	#
750	4419.76	0	4	5	34	47	#
751	1430.28	0	5	#
752	1503.34	7	34	#
753	1221.11	31	40	#
754	2075.84	9	20	39	#
755	3089.61	2	10	24	26	47	#
756	3683.73	21	29	45	47	#
757	2881.8	11	22	39	48	#
758	1876.48	21	35	39	#
759	1865.42	12	38	39	#
760	4178.58	7	8	9	36	39	52	#
761	1173.03	57	61	#
762	1859.03	10	32	57	#
763	1128.67	10	39	43	#
764	5306.12	6	38	40	44	54	58	62	#
765	1444.64	44	47	#
766	1204.78	35	36	#
767	1155.03	13	22	#
768	2309.6	9	13	19	#
769	3607.79	7	22	31	34	35	39	42	53	#
770	1791.4	9	17	55	#
771	1376.42	32	44	46	#
772	1602.3	10	24	#
773	1563.16	23	41	#
774	1018.16	18	51	62	#
775	1539.12	8	31	#
776	1760.94	20	21	#
777	2649.23	6	40	63	#
778	1671.93	19	50	#
779	2962.92	29	33	47	57	#
780	13500.2	6	7	9	11	19	23	25	35	41	44	50	52	54	55	#
781	1769.76	25	47	#
782	2623.47	33	44	62	63	#
783	1286.71	6	50	#
784	2010.39	3	7	53	59	#
785	1549.96	10	13	41	#
786	2752.79	2	14	37	#
787	1918.36	3	7	8	35	58	#
788	2791.17	4	14	43	#
789	1420.21	25	63	#
790	2795.76	25	32	37	#
791	3987.74	38	40	47	50	#
792	2811.81	5	8	54	#
793	5078.08	10	11	16	26	53	56	#
794	2287.17	1	5	7	58	#
795	2562.1	8	11	37	#
796	1713.57	8	21	#
797	1624.73	15	32	56	#
798	2527.85	9	29	56	#
799	3171.73	0	5	9	16	36	#
800	1884.97	49	50	#
801	1965.1	9	31	54	#
802	2266.03	23	34	58	#
803	3680.14	14	15	21	22	24	28	50	61	#
804	3624.69	0	4	50	60	#
805	1880.4	3	43	#
806	1616	27	61	#
807	1388.37	16	61	#
808	3192.63	37	40	41	49	52	58	63	#
809	1220.19	43	56	#
810	1131.97	36	47	59	#
811	2630.3	1	31	46	#
812	1534.47	11	21	#
813	1430.17	28	30	36	38	53	#
814	1429.5	11	24	#
815	2928.07	13	25	48	#
816	1163.08	10	51	#
817	3155.7	12	14	18	42	59	#
818	2476.14	13	35	49	#
819	1940.94	0	7	38	49	#
820	3427	5	13	45	53	#
821	1072.69	24	63	#
822	1150.52	28	46	#
823	3226.68	3	9	27	43	58	#
824	1079	8	10	57	#
825	4837.91	1	11	38	41	52	60	#
826	5286.01	24	31	43	45	50	53	56	#
827	2602.11	2	14	43	48	51	55	62	#
828	5212.41	8	11	20	26	27	43	56	#
829	2764.14	5	40	58	#
830	1560.1	32	47	61	#
831	1876.01	23	33	#
832	1648.61	11	37	58	#
833	1639.91	5	44	#
834	1401.58	53	60	#
835	2897.36	2	15	26	37	#
836	3462.12	18	26	29	55	57	#
837	1619.12	2	58	#
838	2684.56	29	39	45	#
839	2573.05	0	8	19	58	#
840	1297.67	9	31	#
841	1928.16	18	30	#
842	1581.36	4	12	#
843	1028.14	48	50	61	#
844	1222.92	36	48	63	#
845	2916.15	10	27	31	#
846	1202.37	18	47	#
847	1711.08	8	19	#
848	2402.81	14	37	47	#
849	2983.1	34	38	53	#
850	2981.4	5	10	52	#
851	2203.3	12	18	25	#
852	4084.45	0	42	52	56	60	#
853	1553.05	46	50	#
854	2372.48	2	5	20	#
855	2226.11	18	37	40	#
856	984.367	0	48	#
857	2241.53	2	3	33	44	#
858	1579.89	0	1	30	32	#
859	1933.43	3	10	40	41	#
860	3465.06	45	46	57	61	#
861	1515.56	58	62	#
862	1852.27	14	44	63	#
863	1921.88	41	45	#
864	1216.38	13	38	#
865	4742.15	6	14	19	21	53	#
866	2464.42	0	22	30	#
867	1281.29	38	45	#
868	1578.54	22	42	#
869	1352.04	23	58	#
870	1388.74	32	53	#
871	1811.04	33	55	56	#
872	1952.21	4	19	#
873	2842.97	23	27	44	#
874	2936.37	4	34	41	#
875	1316.2	19	30	#
876	1107.51	4	13	18	#
877	2535.49	10	40	43	#
878	1253.28	5	12	52	#
879	1471.08	18	34	#
880	1235.11	5	56	#
881	1679.78	26	57	#
882	1295.64	20	24	35	#
883	1432.69	25	55	#
884	1140.78	39	52	#
885	2461.91	0	39	43	51	#
886	2585.58	13	21	22	#
887	1066.92	8	27	#
888	3185.38	3	11	41	50	60	#
889	1895.13	25	31	#
890	1268.24	50	51	#
891	1740.18	18	49	55	61	#
892	2089.64	2	4	19	40	#
893	2678.84	17	42	48	#
894	4814.44	3	6	16	29	43	61	#
895	2651.95	8	43	51	#
896	5362.27	1	3	13	31	32	33	49	60	#
897	3407.67	2	6	32	45	62	#
898	1787.32	3	20	49	#
899	1351.93	29	34	44	#
900	1184.42	24	48	#
901	1711.65	27	63	#
902	2088.96	10	24	34	62	#
903	8170.8	9	20	25	29	34	44	52	53	55	59	#
904	1668.27	4	58	60	#
905	943.212	18	41	#
906	2065.61	5	8	20	34	36	#
907	2949.72	5	17	26	#
908	2197.64	13	17	26	49	62	#
909	1945.94	12	33	53	#
910	1657.4	9	30	38	43	#
911	1647.04	8	37	#
912	1368.29	33	48	#
913	1824.33	51	55	#
914	1860.61	9	50	#
915	1456.82	42	59	#
916	5499.87	1	5	12	15	20	26	29	32	63	#
917	1876.35	11	33	#
918	1572.14	33	42	#
919	2618.48	12	16	18	35	#
920	6017.66	24	29	33	34	50	51	52	55	#
921	2303.28	8	13	21	31	#
922	993.756	2	13	#
923	2252.63	24	35	52	#
924	1757.53	24	29	#
925	2951.01	24	39	57	#
926	1886.72	39	50	#
927	1469.33	10	44	63	#
928	3920.3	5	12	29	30	61	63	#
929	1558.65	33	37	40	#
930	6269.92	7	15	27	34	41	45	58	#
931	4950.88	43	49	55	56	60	#
932	3500.62	10	40	49	57	62	#
933	2047.26	4	30	32	33	35	40	#
934	1469.06	5	24	43	#
935	1423.77	23	37	#
936	4856.14	0	11	33	41	42	#
937	2952.65	2	8	35	36	57	60	61	63	#
938	2322.51	27	43	45	60	#
939	1814.76	5	26	#
940	1931.45	14	22	23	52	#
941	2767.97	8	23	25	#
942	1397.93	8	14	26	58	#
943	1667.42	26	45	#
944	2130.51	4	15	24	52	61	#
945	1624.47	30	31	#
946	1766.56	7	30	57	#
947	3272.69	14	21	46	58	#
948	2850.05	34	53	60	#
949	2139.36	3	11	25	#
950	2272.03	0	11	28	#
951	2537.96	0	32	39	40	#
952	1371.54	2	21	35	63	#
953	1544.68	34	62	#
954	1052.11	6	63	#
955	1105.53	9	20	#
956	1872.09	32	52	55	#
957	2821.69	21	37	47	#
958	1128.38	32	54	#
959	2745.1	19	21	28	30	47	#
960	2699.92	32	42	49	58	#
961	2886.22	1	30	39	#
962	1196.25	5	6	24	#
963	3386.92	3	23	30	41	48	#
964	1951.41	28	60	#
965	1465.7	3	24	39	60	#
966	2703.18	12	24	48	#
967	2866.54	5	23	28	#
968	1888.91	47	52	57	#
969	1582.16	6	24	53	#
970	4296.74	7	12	24	37	48	56	58	#
971	3403.66	5	7	28	40	#
972	1001.9	7	11	#
973	3176.53	20	45	53	58	#
974	2172.82	30	33	39	46	61	#
975	1824.4	5	10	45	53	54	#
976	2260.66	2	5	6	#
977	1327.4	18	42	#
978	2805.84	21	31	49	#
979	1439.83	9	22	#
980	2164.4	11	19	24	#
981	1265.5	57	60	#
982	2892.82	12	17	51	#
983	1838.69	2	8	29	#
984	1992.64	16	29	#
985	2130.35	8	25	37	44	59	#
986	1365.12	12	35	#
987	2527.25	23	47	54	#
988	1182.67	19	46	#
989	1738.97	24	32	#
990	1518.4	9	61	#
991	1763.19	12	42	#
992	3650.09	9	12	24	34	38	42	53	#
993	2440.57	1	21	25	35	#
994	1891.32	2	9	47	#
995	5266.24	6	7	29	31	47	57	#
996	2397.57	2	36	39	52	#
997	1489.89	14	28	51	#
998	5243.16	7	10	14	28	30	39	51	52	#
999	1992.59	17	27	#
