%% File generated by CATS v.2.1Wed Jun 22 10:37:32 2022

%% The CATS webpage is http://robotics.stanford.edu/CATS

%% PARAMETER SETTINGS:
% Goods: 64; Bids: 1000; Distribution: L4; Runs: 1; Seed: 1656572565
% Legacy distribution parameters:
% Number of goods chosen according to Decay distribution (alpha = 0.55).
% Price chosen according to Linear Random distribution (low_linearly = 1, high_linearly = 1000).


goods 64
bids 1000
dummy 0

0	1505.93	17	41	#
1	1992.34	28	47	#
2	910.248	35	#
3	965.038	16	#
4	942.637	23	#
5	997.993	30	#
6	1107.7	18	37	51	#
7	947.456	17	#
8	3257.32	8	30	53	54	#
9	1694.93	28	36	#
10	999.207	31	#
11	979.378	49	#
12	1153.29	2	53	#
13	1506.83	24	53	#
14	946.981	27	#
15	960.492	36	#
16	1426.72	53	58	#
17	784.122	53	#
18	852.049	59	#
19	2883.84	10	47	51	#
20	900.696	11	#
21	984.593	28	#
22	953.01	10	#
23	1964.29	23	41	#
24	3849.38	8	36	59	60	#
25	1944.17	5	41	#
26	744.574	8	#
27	959.862	7	#
28	998.464	2	#
29	987.737	13	#
30	962.579	29	#
31	986.526	26	#
32	1492.32	16	63	#
33	2480.69	10	35	39	#
34	1498.57	9	41	#
35	8959.81	10	11	17	24	39	43	52	53	57	#
36	973.75	51	#
37	982.307	21	#
38	914.028	47	#
39	1028.19	18	42	#
40	994.15	0	#
41	950.472	55	#
42	7025.37	1	16	18	27	31	43	55	60	#
43	996.925	45	#
44	971.588	39	#
45	1979	2	3	#
46	985.357	40	#
47	3493.36	22	24	46	61	#
48	981.829	1	#
49	978.359	33	#
50	948.778	56	#
51	979.797	3	#
52	978.549	37	#
53	952.288	22	#
54	1967.39	39	42	#
55	3569.12	5	24	29	30	45	54	61	#
56	1922.64	7	33	#
57	790.349	19	#
58	4147.81	4	15	25	48	61	#
59	4731.93	3	25	31	50	58	#
60	935.273	34	#
61	982.347	6	#
62	2908.01	3	5	15	21	57	#
63	1389.36	43	62	#
64	950.978	20	#
65	1098.64	35	61	#
66	1966.02	26	29	#
67	1401.12	52	54	#
68	1885.79	12	47	50	#
69	997.203	4	#
70	4301.91	24	28	40	54	55	#
71	4751.76	21	32	44	50	59	#
72	1170.25	6	7	18	23	42	#
73	1564.51	7	13	56	#
74	1616.38	20	28	#
75	965.24	62	#
76	967.37	44	#
77	1779.07	22	45	#
78	1682.5	18	28	44	#
79	998.66	63	#
80	886.467	38	#
81	796.245	46	#
82	1424.33	0	11	32	43	#
83	964.675	54	#
84	995.81	52	#
85	1627.03	1	58	#
86	5141.13	4	25	28	41	43	47	#
87	4362.51	4	8	11	13	25	28	39	40	55	#
88	991.84	5	#
89	3153.74	41	45	48	54	59	#
90	1250.82	21	31	#
91	3242.49	11	14	56	57	62	#
92	1196.91	17	29	#
93	928.656	60	#
94	890.835	24	#
95	1868.12	14	35	#
96	1939.27	7	44	#
97	872.966	42	#
98	1781.35	6	53	#
99	1369.88	9	59	#
100	2176.21	18	22	59	#
101	1531.79	29	61	#
102	1749.14	38	39	53	#
103	1823.86	38	43	47	49	50	#
104	975.949	48	#
105	4046.24	5	12	50	54	55	#
106	2084.83	1	20	58	#
107	2239.32	13	32	40	#
108	1609.08	43	54	#
109	2904.04	5	7	29	58	#
110	1381.46	30	40	#
111	2207.52	22	39	50	61	62	#
112	2037.42	18	26	46	55	#
113	983.392	58	#
114	5722.03	15	28	29	36	41	53	55	#
115	2090.36	2	26	45	#
116	873.033	50	#
117	2840.04	10	14	15	19	33	#
118	2990.51	31	56	63	#
119	5339.85	1	2	13	26	38	55	#
120	957.341	41	#
121	1242.93	35	49	53	#
122	1712.01	28	39	#
123	964.159	9	#
124	1809.36	23	30	#
125	3788.92	2	6	10	25	31	#
126	3377.58	16	29	47	57	#
127	1009.03	23	24	#
128	1511.25	10	47	63	#
129	2228.34	19	30	41	#
130	4457.61	7	12	30	45	57	#
131	836.817	61	#
132	1913.22	25	52	#
133	1551.74	9	37	#
134	2194.24	27	37	63	#
135	7603.56	4	13	14	19	20	21	25	40	52	56	63	#
136	3132.92	6	19	21	36	58	#
137	937.728	57	#
138	2264.28	3	40	53	#
139	1209.87	13	59	#
140	1566.72	43	56	#
141	2073.3	12	14	26	32	42	54	56	#
142	3987.48	5	14	17	24	32	38	40	42	#
143	4955.79	12	29	32	38	51	54	#
144	1192.14	37	42	49	#
145	1277.04	19	25	#
146	1743.08	44	51	#
147	941.981	12	#
148	1111.5	29	41	#
149	1297.32	9	63	#
150	1868.47	12	24	#
151	3185.62	19	26	27	33	#
152	1760.17	4	52	#
153	8155.3	2	7	9	19	22	31	34	49	55	60	#
154	1381.58	4	46	#
155	1262.57	50	54	#
156	1210.63	0	26	#
157	1212.37	13	59	62	#
158	993.907	11	42	#
159	3351.15	12	13	22	24	55	61	#
160	847.593	32	#
161	1783.62	5	36	#
162	1325.69	25	40	#
163	1243.92	20	21	60	#
164	1281.84	34	55	#
165	1887.4	4	26	#
166	1501.71	10	56	#
167	989.331	28	54	#
168	4584.23	3	30	34	36	39	#
169	3818.31	6	19	24	40	44	56	#
170	961.26	14	#
171	1120.52	28	63	#
172	1728.73	0	20	#
173	1279.09	14	30	#
174	1211.32	11	53	#
175	1586.5	35	45	#
176	1330.05	17	34	43	#
177	1460.56	0	10	58	#
178	13405.2	2	10	11	14	16	31	36	45	46	47	53	54	58	59	60	#
179	3709.98	2	19	27	43	49	#
180	922.897	24	42	#
181	1950.29	17	55	#
182	1334.72	55	57	#
183	1208.5	7	12	22	25	48	#
184	1263.21	19	52	#
185	1965.14	37	39	#
186	3585.12	15	30	38	48	#
187	1301.12	8	28	#
188	1686.58	38	47	#
189	1156.75	8	12	#
190	1646.95	13	54	#
191	1527.35	3	46	#
192	2716.05	21	42	52	#
193	1679.84	26	44	#
194	1085.23	8	39	#
195	2838.95	22	27	48	#
196	1210	25	36	#
197	4312.82	0	3	7	11	17	26	28	31	57	60	#
198	1940.67	6	30	#
199	5122.48	0	1	7	29	32	52	#
200	3702.84	13	34	44	61	#
201	4155.33	14	18	34	49	62	#
202	1236.62	32	39	#
203	1969.37	18	31	33	#
204	2715.04	42	44	52	#
205	1751.7	17	47	#
206	2360.57	1	30	36	58	#
207	1090.46	15	29	#
208	1920.53	12	54	#
209	4931.15	4	5	6	36	51	#
210	2222.9	23	32	33	#
211	2123.41	3	27	37	#
212	1799.68	18	19	#
213	1863.95	39	44	59	#
214	1658.94	1	12	15	#
215	1434.32	9	23	#
216	1791.94	29	51	#
217	2103.77	36	37	41	42	54	#
218	1766.51	40	55	#
219	1108.17	19	38	45	#
220	787.78	25	#
221	1236.83	44	46	#
222	3903.52	0	15	37	41	#
223	1447.01	27	59	#
224	1706.97	17	24	#
225	948.707	43	#
226	946.459	15	#
227	1906.59	12	33	#
228	2849.43	10	25	48	#
229	3115.17	7	16	39	54	#
230	1717.34	49	57	#
231	1695.14	3	24	#
232	4977.87	3	12	14	17	24	36	57	#
233	2208.89	5	31	56	#
234	1170.44	0	33	#
235	1733.5	21	29	38	49	63	#
236	1959.13	6	59	#
237	961.859	18	#
238	1783.1	23	48	#
239	2995.47	35	41	62	#
240	1658.98	20	36	#
241	1716.05	48	57	#
242	1883.36	8	20	#
243	1533.81	8	21	#
244	1877.23	25	30	#
245	2693.56	24	31	63	#
246	1870.74	46	49	#
247	3689.28	29	41	44	45	46	#
248	1867.76	35	43	45	#
249	1077.15	26	40	#
250	1715.72	34	44	#
251	1300.39	9	24	#
252	2047.56	5	34	40	49	#
253	3623.1	0	47	54	62	#
254	2485.37	27	34	48	#
255	2089.59	8	40	47	#
256	2628.82	15	50	60	62	#
257	4002.24	11	32	50	56	59	#
258	2071.4	6	13	17	19	26	29	42	51	56	58	#
259	4814.42	18	20	25	44	46	#
260	1887.46	40	61	#
261	1663.62	1	33	59	#
262	2587.35	3	4	40	62	#
263	972.772	29	55	#
264	1048.67	9	31	#
265	1338.82	7	60	#
266	1457.14	16	35	#
267	2922.26	31	45	55	#
268	1177.5	42	47	#
269	1770.93	35	48	49	56	#
270	4663.35	7	36	37	39	43	45	#
271	6915.98	1	16	20	38	49	53	60	#
272	1766.1	6	35	#
273	1666.23	40	54	#
274	1967.54	23	38	#
275	1669.49	34	63	#
276	5817.06	0	8	14	20	33	43	52	59	#
277	2658.07	15	22	35	45	#
278	3207.74	0	10	15	48	#
279	2250.31	11	15	20	#
280	2976.67	35	48	61	#
281	2088.53	0	11	17	36	#
282	1280.02	51	60	#
283	2341.23	31	45	48	#
284	1234.64	16	37	#
285	3874.86	1	5	6	44	#
286	4202.35	4	11	29	32	43	#
287	1664.88	26	47	#
288	1673.73	1	13	43	#
289	3297.67	17	30	31	34	36	#
290	1788.43	4	36	#
291	1427.52	29	31	#
292	3814.9	18	24	25	33	54	59	#
293	3950.88	3	29	47	63	#
294	3507.49	3	5	12	19	#
295	1419.63	46	58	#
296	3950.58	3	24	43	46	#
297	1810.36	18	21	#
298	3651.71	0	8	14	27	31	37	42	58	#
299	3172.47	20	32	40	43	47	#
300	5769.56	5	25	28	33	47	53	#
301	3531.36	10	20	31	34	47	#
302	1910.45	13	25	#
303	1751.68	16	52	#
304	1234.21	14	16	#
305	4545.99	5	17	23	30	33	44	60	#
306	1486.08	0	54	#
307	2794.69	43	45	59	#
308	2522.86	16	39	40	56	#
309	1197.85	6	58	#
310	2789.36	5	19	35	#
311	2489.44	26	34	39	#
312	4557.04	1	15	16	28	31	32	58	#
313	1937.75	41	59	#
314	1055.53	57	58	61	#
315	2346.5	20	28	39	43	45	48	#
316	1483.56	16	40	#
317	2687.28	13	59	63	#
318	3980.96	11	40	54	56	#
319	1244.75	6	12	23	39	40	50	#
320	2427.1	9	25	57	#
321	1974.27	26	54	#
322	2241.64	1	19	23	26	28	48	63	#
323	3524.14	5	9	17	29	44	50	63	#
324	2769.61	20	36	53	#
325	2101.64	4	52	62	#
326	1039.6	18	26	#
327	1036.3	9	40	#
328	3804.91	10	35	39	57	#
329	1934.49	17	29	45	59	#
330	1136.44	20	21	32	#
331	1182.33	41	48	55	#
332	4078.46	10	13	22	28	33	35	47	#
333	2307.27	3	7	23	24	27	41	45	49	56	#
334	1310.21	13	30	51	#
335	3280.04	6	18	22	25	49	#
336	1904.43	6	33	48	52	#
337	4514.63	17	36	45	47	54	#
338	2609.25	5	28	47	57	#
339	1893.08	8	63	#
340	1269.08	11	47	48	#
341	2281.7	3	6	9	15	#
342	3890.64	12	28	44	54	55	59	62	#
343	2529.15	4	8	58	#
344	3466.51	17	23	24	36	#
345	2885.19	13	15	55	#
346	1739.84	28	34	#
347	2745.56	2	17	20	37	60	#
348	4533.3	17	23	36	60	61	#
349	2848.41	9	10	56	#
350	2289.11	5	28	55	#
351	6226.34	2	13	15	30	35	37	52	54	60	#
352	3759.88	8	10	14	28	#
353	1868.62	7	50	#
354	1814.09	9	19	32	#
355	2189.54	38	43	60	#
356	2000.58	19	22	60	#
357	2800.06	30	54	58	#
358	2898.36	2	38	60	#
359	5443.54	0	19	21	22	33	54	58	#
360	1001.09	22	41	49	#
361	2502.59	23	50	59	#
362	1752.68	19	25	62	#
363	1917.54	19	35	49	56	59	60	#
364	2647.74	0	22	57	#
365	1070.64	20	21	27	#
366	2936.94	13	17	44	50	60	#
367	1035.48	12	45	#
368	4105.9	0	20	24	38	39	#
369	1657.89	35	50	#
370	1980.44	1	44	#
371	2184.38	3	4	8	28	42	53	#
372	3775.55	20	29	41	46	#
373	1727	2	30	54	#
374	2911.78	17	24	40	#
375	1552.94	3	28	#
376	1721.11	7	20	54	#
377	1059.74	15	18	39	#
378	2151.26	18	20	30	44	#
379	2934.67	1	2	9	12	29	44	49	51	#
380	5317.47	0	2	10	11	14	16	20	35	36	61	#
381	1549.05	22	36	#
382	1352.02	15	18	48	#
383	1518.84	42	63	#
384	1257.49	33	35	56	#
385	2527.15	2	6	31	46	60	#
386	1701.12	21	35	#
387	1740.31	12	34	#
388	2045.99	11	19	25	#
389	1250.43	39	41	#
390	3766.02	20	24	51	52	60	62	#
391	1534.33	7	10	47	#
392	1409.61	18	25	#
393	1943.28	15	31	#
394	2372.24	11	15	21	27	46	57	#
395	3254.45	6	33	34	38	40	46	#
396	1835.47	13	18	#
397	4311.95	1	2	19	26	38	50	#
398	1863.32	47	54	#
399	1096.79	2	21	#
400	1896.95	44	55	#
401	1939.98	39	62	#
402	3559.82	7	9	30	31	39	40	44	#
403	3881.32	11	43	47	56	58	#
404	1797.47	1	23	42	#
405	7160.73	0	3	13	16	22	25	29	33	50	53	61	#
406	1026.07	16	50	61	62	#
407	4077.51	12	19	31	45	46	#
408	2265.24	1	6	39	#
409	2723.11	2	28	38	54	57	#
410	984.785	35	55	#
411	2860.79	0	27	52	54	#
412	3202.14	30	54	56	61	#
413	974.495	7	15	55	56	#
414	1925.47	27	32	49	#
415	1983.48	38	44	47	#
416	1446.99	45	51	#
417	1723.04	16	31	#
418	2380.45	9	12	49	#
419	5818.44	3	10	15	25	46	56	#
420	3237.97	11	28	29	32	48	53	#
421	1161.42	25	60	63	#
422	1433.57	4	18	#
423	2918.87	35	45	57	#
424	1298.96	0	19	56	#
425	1339.3	24	44	61	#
426	2679.81	10	49	60	#
427	1383.3	0	14	45	#
428	1259.17	28	43	#
429	3930.13	16	23	27	30	40	57	58	60	#
430	2183.97	0	12	14	51	#
431	4550.02	4	9	21	39	41	44	56	59	#
432	1973.72	15	25	51	#
433	1840.01	18	33	39	#
434	2460.55	8	14	23	#
435	1091.88	16	24	34	#
436	2049.15	22	26	49	#
437	9056.14	1	6	12	15	17	27	33	41	45	54	#
438	1755.12	8	26	37	62	#
439	3965.08	9	11	47	56	#
440	1039.87	10	28	#
441	4245.86	7	14	22	52	54	56	#
442	1679.66	39	53	#
443	1260.05	6	26	63	#
444	1956.37	5	33	#
445	1024.58	18	30	#
446	1047.75	40	49	#
447	1916.81	28	38	#
448	2999.1	36	57	58	#
449	2851.94	11	34	52	#
450	2756.39	38	41	58	#
451	1687.44	7	19	24	#
452	1152.85	8	9	31	#
453	6064.4	13	15	24	30	40	49	57	#
454	1932.63	0	20	61	#
455	1292.65	7	20	24	#
456	2726.69	0	12	23	#
457	1977.98	6	21	49	#
458	2394.53	12	43	61	#
459	4116.85	10	15	16	43	54	#
460	4841.48	3	25	28	35	51	53	59	#
461	2274.81	31	38	48	#
462	3246.15	19	33	38	49	58	59	62	#
463	2555.35	14	31	35	#
464	2709.53	22	25	60	#
465	3095.89	5	19	34	63	#
466	1700.33	39	61	#
467	1194.1	6	27	#
468	2994.19	14	46	58	#
469	3550.22	0	1	18	33	#
470	2312.52	7	18	61	63	#
471	1287.12	1	29	#
472	1270.7	11	60	#
473	4471.26	24	28	32	47	50	#
474	1225.55	35	62	#
475	1466.5	13	41	#
476	1232.99	9	62	#
477	3976.05	1	22	59	60	#
478	1062.96	4	32	#
479	2991.21	19	27	49	#
480	1693.46	53	56	#
481	4868.57	10	30	31	35	63	#
482	2732.85	6	13	43	60	#
483	2714.03	15	42	45	48	50	61	#
484	1557	5	37	#
485	2207.91	9	23	28	#
486	7409.37	4	5	20	29	36	40	53	61	#
487	1710.45	7	42	63	#
488	2700.04	11	19	20	63	#
489	1837.43	0	42	#
490	1202.2	1	11	28	41	46	#
491	1786.74	8	44	#
492	3687.39	19	23	38	50	#
493	2865.51	2	23	46	61	#
494	4985.39	5	17	37	50	51	60	#
495	1173.69	30	44	#
496	1876.46	21	49	55	#
497	7160.66	0	2	22	29	30	34	42	50	54	#
498	2661.4	7	36	41	42	#
499	1283.83	34	35	#
500	1568.34	7	14	#
501	3367.8	21	32	43	48	54	56	#
502	2541.84	26	38	43	#
503	3576.74	2	12	15	51	61	#
504	2864.95	35	44	48	60	#
505	1199.71	19	20	#
506	1167.32	47	59	#
507	4247.64	0	18	26	52	61	#
508	1589.42	29	30	#
509	1200.24	4	40	47	57	#
510	4752.51	9	11	29	39	57	58	#
511	2637.3	2	5	18	19	42	48	62	#
512	1588.71	6	9	45	#
513	2705.99	8	24	34	58	#
514	1806	31	45	50	#
515	2166.87	43	46	56	58	#
516	4986.02	6	10	12	32	36	49	52	56	#
517	5160.6	3	12	18	22	41	52	#
518	1192.06	23	26	45	53	#
519	1522.02	4	9	16	#
520	2985.79	2	21	40	#
521	1390.2	31	61	#
522	3591.99	41	44	52	55	#
523	4974.2	3	25	29	48	61	62	#
524	3650.65	10	19	20	51	#
525	1709.26	15	51	54	#
526	1528.22	10	36	49	#
527	1458.08	0	30	#
528	4443.56	19	32	35	37	54	#
529	2979.93	7	42	44	#
530	2950.68	22	36	42	52	#
531	2239.85	12	16	45	#
532	1538.03	10	12	13	#
533	1653.65	3	17	34	57	#
534	2592.61	34	41	58	#
535	2522.6	23	29	35	#
536	2488.81	33	40	46	#
537	1965.36	8	36	#
538	3733.61	10	14	18	48	54	#
539	1461.29	41	45	#
540	1532.05	6	46	#
541	1910.49	7	17	20	37	53	#
542	2623.84	0	18	54	#
543	3778.26	35	52	55	61	#
544	2466.55	0	1	3	5	7	17	18	39	51	#
545	1696.66	8	9	35	#
546	2464.41	14	30	36	48	#
547	5125.11	6	12	15	16	53	62	#
548	2166.23	21	23	63	#
549	1836.15	21	55	#
550	2831.87	34	48	58	62	#
551	1799.02	41	42	#
552	1652.22	45	61	#
553	1313.02	8	42	55	#
554	1649.7	4	30	#
555	1601.55	7	43	#
556	1080.25	43	58	#
557	2668.79	2	20	56	#
558	1100.54	6	36	#
559	1500.02	30	44	56	#
560	1830.55	9	21	49	#
561	1160.52	31	51	#
562	1698.64	7	17	29	39	41	52	60	#
563	1418.51	29	56	#
564	1031.05	13	43	53	#
565	1969.96	6	22	25	28	29	38	43	#
566	3634.45	0	10	36	42	47	48	54	#
567	1471.61	31	45	#
568	1066.05	35	38	#
569	4834.54	3	11	36	48	50	56	#
570	1005.43	6	62	#
571	1395.13	18	40	#
572	3141.01	2	25	57	63	#
573	1419.64	13	14	#
574	2500.85	13	30	50	#
575	1059.88	4	45	#
576	1236.97	26	34	#
577	3377.53	6	36	54	63	#
578	1370.4	15	43	#
579	2839.86	17	27	40	57	#
580	5531.03	17	32	33	40	43	47	56	#
581	1122.99	10	47	50	#
582	1555.47	4	41	#
583	1160.03	18	41	46	#
584	1882.65	1	28	36	49	#
585	1613.34	2	49	54	59	#
586	1352.01	0	48	#
587	2729.47	15	38	40	59	#
588	3691.01	6	7	25	31	33	45	51	54	#
589	1272.93	26	33	#
590	1155.95	38	39	45	#
591	1150.14	27	55	#
592	1694.91	19	53	#
593	1335.4	4	29	37	#
594	1671.6	29	45	#
595	1786.05	23	37	#
596	1190.37	21	61	#
597	3567.57	18	27	29	37	43	#
598	1436.19	44	52	62	#
599	1624.36	41	61	#
600	2362.8	12	30	42	57	#
601	2988.66	8	25	44	56	59	#
602	1308.17	8	17	#
603	1835.34	22	26	46	60	#
604	2264.24	7	21	24	47	#
605	1968.47	2	11	#
606	2480.13	3	39	45	#
607	1872.03	41	56	#
608	1683.81	37	61	#
609	3394.39	9	20	35	39	#
610	4415.78	19	31	39	56	57	#
611	1737.27	41	44	#
612	1345.63	24	33	#
613	2073.08	9	11	34	38	50	#
614	2895.98	3	14	48	#
615	1847.78	3	6	23	28	#
616	1018.18	21	27	30	#
617	2133	27	42	63	#
618	1382.72	8	22	35	#
619	4707.63	17	18	39	60	61	#
620	1572.85	36	51	#
621	1271.87	12	43	51	#
622	1300.16	2	6	58	#
623	1679.21	3	59	#
624	4173.99	2	3	11	22	46	47	63	#
625	1407.21	0	6	41	43	#
626	1151.71	22	38	43	#
627	2778.83	9	22	40	47	#
628	1692.18	1	37	#
629	1080.14	30	49	#
630	2152.26	9	20	38	#
631	1147.68	24	47	#
632	2075.98	30	39	46	#
633	2531.47	31	43	54	63	#
634	5008.69	6	7	8	16	26	30	41	54	#
635	2873.47	1	6	17	32	40	#
636	1627.41	2	13	26	31	#
637	1123.89	8	31	55	#
638	2944.59	2	33	63	#
639	1497.94	6	48	60	62	#
640	2070.92	5	15	54	#
641	1524.57	3	49	#
642	2905.14	1	38	60	#
643	2492.7	13	32	39	#
644	2898.97	14	17	31	39	48	#
645	1364	33	40	#
646	1186.35	27	46	#
647	1980.95	16	22	#
648	1977.08	2	35	#
649	1415.81	25	36	50	#
650	1493.66	30	33	#
651	1390.49	0	36	#
652	2267.98	42	54	62	#
653	1135.43	33	50	#
654	998.434	51	61	62	#
655	1875.32	22	32	#
656	1698.42	3	34	40	41	47	#
657	1926.01	38	51	#
658	2459.22	10	17	42	#
659	1589.52	35	57	#
660	4059.84	5	30	34	49	59	#
661	1488.32	36	61	#
662	6379.25	5	8	11	24	38	41	61	#
663	2352.55	5	11	28	51	#
664	1928.14	4	11	53	#
665	1385.99	0	38	#
666	2081.52	35	37	42	43	#
667	962.852	8	55	56	#
668	1295.43	40	45	#
669	1557.91	2	40	#
670	1525.94	0	32	56	#
671	1138.77	30	35	#
672	1191.12	35	39	#
673	2238.1	26	32	38	#
674	1976.65	54	62	#
675	3283.83	15	22	24	34	#
676	2369.62	14	15	23	#
677	1861.82	11	18	19	27	#
678	2267.58	6	10	31	#
679	3882.12	10	20	45	59	#
680	1749.02	40	53	#
681	2271.89	5	21	31	46	51	#
682	2930.08	0	13	33	#
683	1942.65	3	13	30	#
684	3190.84	3	16	22	52	#
685	1203.54	18	54	#
686	2347.9	2	11	51	#
687	1783.62	19	37	#
688	2708.1	3	22	23	36	#
689	2535.81	9	14	23	#
690	1302.62	8	22	43	#
691	2607.95	21	34	62	#
692	1444.14	37	58	#
693	2437.96	0	49	50	#
694	1014.43	1	48	#
695	5205.88	3	4	12	23	34	38	59	#
696	2390.89	2	6	22	25	26	35	42	55	#
697	1288.87	10	18	47	#
698	1444.69	32	55	#
699	1220.12	39	48	#
700	2696.09	8	17	28	60	63	#
701	2317.45	10	26	55	#
702	4445.77	15	25	28	41	44	55	#
703	2701.27	0	22	38	#
704	3194.1	11	33	37	39	46	#
705	1516.86	3	10	50	#
706	1632.24	37	55	#
707	1185.47	29	33	47	#
708	1371.13	55	58	#
709	1579.38	12	42	43	60	#
710	1735.9	31	57	#
711	1012.58	31	59	#
712	5108.22	10	23	29	30	50	56	#
713	1010.87	41	46	#
714	1507	5	54	#
715	3877.53	2	8	35	55	#
716	1912.53	11	58	#
717	2151.1	5	6	14	15	26	30	32	48	62	#
718	1692.78	29	62	#
719	1003.88	38	60	#
720	1722.79	31	58	60	#
721	1723.62	15	59	#
722	1572.63	34	37	#
723	1934.51	37	43	51	#
724	1242.97	12	58	#
725	1514.03	23	59	61	#
726	1663.4	0	15	38	55	#
727	5317.4	2	10	26	35	38	39	57	#
728	3585.42	1	35	41	47	#
729	1849.57	9	16	18	36	51	#
730	2370.8	1	6	24	#
731	2996.78	2	31	38	#
732	2649.57	9	23	28	30	48	#
733	1408.75	32	38	48	49	#
734	2970.8	15	49	55	#
735	1965.33	4	31	#
736	2797.48	15	34	36	#
737	1294.63	44	61	#
738	1244.01	7	47	58	#
739	2501.7	29	45	52	#
740	2744.51	7	18	57	#
741	1323.8	25	49	#
742	3854.89	3	9	16	17	33	35	40	44	48	54	56	58	#
743	2726.08	8	55	63	#
744	1354.92	10	30	#
745	1716.81	27	33	#
746	1952.48	25	41	45	#
747	1199.4	14	28	60	#
748	1505.82	14	23	27	#
749	1485.69	16	36	#
750	1197.31	42	48	#
751	1820.07	44	49	#
752	1022.16	19	26	#
753	1586.84	24	35	39	40	52	#
754	2792.36	41	45	58	#
755	977.01	42	53	#
756	2470.1	24	31	34	49	#
757	3990.54	13	17	37	43	53	#
758	1535.04	5	49	58	#
759	3855.49	18	21	28	35	52	58	#
760	1285.29	3	34	#
761	2588.53	8	25	58	#
762	6259.15	6	10	26	53	56	58	62	63	#
763	2832.83	31	38	54	#
764	1526.41	46	59	#
765	4011.48	11	43	52	55	62	#
766	1601.92	14	26	40	#
767	2294.59	27	29	62	#
768	3894.45	1	2	31	53	#
769	3795.59	19	32	34	35	54	#
770	1440.46	20	26	#
771	1929.06	51	55	#
772	1906.45	4	33	42	58	#
773	2640.3	17	33	37	#
774	4578.2	2	15	38	41	51	56	#
775	3364.28	3	10	27	32	#
776	6953.99	0	3	5	9	32	35	37	#
777	2695.82	2	4	62	#
778	1875.51	28	29	#
779	3059.74	2	32	35	50	53	#
780	1907.99	3	20	54	58	61	#
781	1419.63	43	47	#
782	4115.12	0	14	17	46	58	#
783	3936.34	1	13	19	61	#
784	5203.22	6	24	29	46	54	57	#
785	1391.31	8	46	61	#
786	1815.2	8	16	#
787	1965.02	1	25	#
788	2451.77	9	24	39	#
789	1032.37	8	23	57	#
790	1949.85	48	58	#
791	1016.92	32	58	#
792	2095.94	4	27	59	62	#
793	2547.74	18	54	60	#
794	4746.68	6	19	32	49	54	#
795	3108.81	11	31	33	57	#
796	1539.91	43	61	#
797	1876.86	61	63	#
798	1512.53	7	37	42	57	#
799	2393.39	4	6	26	40	47	55	#
800	1078.39	29	39	#
801	1873.96	14	24	50	59	#
802	2558.85	9	12	15	18	20	26	50	53	63	#
803	3280.4	0	21	28	35	44	51	#
804	1133.14	23	53	#
805	961.577	35	56	#
806	3357.32	3	26	39	53	#
807	2545.72	18	25	26	32	39	#
808	1123.14	36	45	#
809	1213.36	32	51	#
810	2391.77	3	17	32	36	61	#
811	1544.03	9	10	#
812	2774.79	26	44	48	#
813	1526.75	20	23	47	56	58	59	#
814	1169.41	17	44	#
815	5775.87	21	23	39	47	54	56	#
816	1657.42	18	60	#
817	3275.37	4	16	51	58	#
818	3827.1	25	47	48	63	#
819	8438.18	6	16	19	26	40	41	44	45	53	57	#
820	1513.29	35	40	56	#
821	6211.59	0	3	8	10	13	14	17	18	23	27	33	36	37	50	52	53	54	55	57	58	#
822	1478.41	3	33	#
823	1482.63	28	44	#
824	4814.92	5	9	17	26	50	53	#
825	2074.65	7	23	37	38	53	#
826	3748.11	14	20	35	63	#
827	1022.66	2	32	36	41	49	#
828	1234.1	9	45	#
829	1141.63	30	57	#
830	1578.73	13	20	31	#
831	1487.83	8	47	#
832	2417.49	9	18	60	#
833	1789.3	18	50	#
834	1594.23	2	8	#
835	2093.2	16	17	48	#
836	1670.75	21	44	#
837	1890.8	17	27	42	#
838	2666.51	19	33	46	56	57	60	#
839	1283.79	5	14	60	#
840	1481.82	3	16	#
841	1992.1	25	31	#
842	1905.4	12	38	#
843	2801.02	13	16	46	#
844	1513.03	33	43	55	60	#
845	7915.16	3	11	13	15	20	26	38	46	49	51	55	56	#
846	1633.49	20	43	#
847	1307.2	37	44	#
848	1993.72	17	18	#
849	4418.12	21	26	30	35	46	#
850	2823.28	7	23	60	#
851	2438.53	10	43	44	48	#
852	4006.15	7	18	39	55	59	63	#
853	2677.43	0	27	48	#
854	1608.8	13	24	#
855	2252.03	28	46	55	#
856	1602.43	9	10	36	48	#
857	2289.47	24	50	57	#
858	2546.46	4	10	39	59	#
859	2229.67	14	25	44	#
860	1839.54	44	54	#
861	11015.4	5	18	28	32	33	41	43	47	48	50	52	57	60	#
862	3190.24	10	14	15	47	#
863	1383.31	15	24	42	#
864	2748.12	25	26	62	#
865	1173.41	0	6	#
866	1115.53	23	32	43	#
867	1891.4	18	44	45	46	#
868	1843.95	28	62	#
869	1204.68	17	39	#
870	2924.32	15	55	59	#
871	2953.39	2	51	60	#
872	2759.15	1	14	24	25	50	51	#
873	1985.8	14	27	38	54	58	63	#
874	1607.09	15	17	46	53	62	#
875	2283.79	1	4	29	58	#
876	1852.58	2	18	47	59	63	#
877	4378.61	3	24	29	36	41	45	63	#
878	2711.33	9	10	15	22	28	30	53	55	#
879	1650.6	12	13	55	#
880	4063.26	4	9	49	55	62	#
881	7890.4	0	2	8	14	26	28	31	63	#
882	1598.29	12	20	61	#
883	992.784	17	62	#
884	2517.91	35	50	58	#
885	1879.02	22	44	#
886	1401.72	7	11	#
887	1585.72	17	28	#
888	1222.86	10	58	#
889	2793.73	28	37	49	#
890	2119.27	10	44	46	#
891	1094.6	24	37	#
892	3105.58	2	18	19	54	56	#
893	1009.29	18	31	#
894	1448.49	26	41	#
895	1269.79	16	25	#
896	4340.17	27	46	53	57	58	#
897	1064.68	3	37	#
898	1785.33	0	27	31	52	60	#
899	1291.75	7	41	#
900	2608.64	0	6	15	27	38	39	53	#
901	2710.66	20	27	40	43	53	#
902	1225.68	2	23	33	#
903	1624.19	24	59	#
904	1915.76	25	47	58	#
905	2358.34	13	16	20	30	#
906	2802.58	1	34	50	#
907	1512.09	27	47	#
908	4598.85	9	10	25	29	31	32	#
909	2564.36	16	20	21	#
910	5105.94	2	6	19	33	34	44	46	50	55	#
911	3062.44	0	27	33	35	52	60	#
912	2519.11	2	6	18	50	61	#
913	2078.74	0	18	23	45	50	#
914	1748.93	26	27	#
915	1079.92	11	13	#
916	4871.36	12	30	33	46	49	61	#
917	1117.88	35	44	#
918	4225.08	6	11	16	21	57	#
919	1142.55	7	15	22	#
920	3216.82	23	26	34	62	#
921	1916.2	12	56	#
922	2962.34	3	10	29	36	42	#
923	2964.24	14	35	39	#
924	2307.25	4	6	14	33	52	#
925	1827.93	13	57	#
926	1675.91	13	15	#
927	2823.24	0	4	7	10	15	45	63	#
928	1991.4	19	26	51	#
929	1927.12	22	33	58	#
930	1615.24	21	63	#
931	4157.97	0	5	16	30	31	41	57	58	#
932	3149.74	13	30	32	62	#
933	7478.79	5	11	14	28	33	44	60	62	#
934	1841.34	9	33	#
935	2379.77	5	14	16	41	#
936	1893.92	7	26	34	#
937	1093	25	59	#
938	2290.35	13	39	54	#
939	2658.21	6	11	22	45	#
940	4512.47	4	8	11	27	39	51	54	#
941	1198.77	45	52	#
942	6188.59	0	5	20	24	35	41	42	43	49	56	#
943	2038.89	31	41	50	#
944	3435.58	23	42	47	62	#
945	1981.49	6	54	#
946	5062.3	6	17	38	56	57	62	#
947	2976.35	0	1	53	#
948	1894.24	38	44	54	60	#
949	1754.52	7	18	31	#
950	1871.35	8	46	51	#
951	2803.25	22	25	53	#
952	1593.1	7	14	36	#
953	1238.19	0	14	#
954	1470.73	8	27	29	#
955	1480.47	25	26	#
956	2847.3	16	38	57	#
957	967.21	23	32	#
958	1011.23	23	25	43	#
959	1670.4	30	46	#
960	3266.23	2	14	33	37	43	44	50	#
961	2835.29	0	34	45	#
962	1128.41	26	31	#
963	3431.16	10	12	13	14	18	21	44	49	55	61	#
964	1515.9	16	18	30	54	#
965	1330.36	27	39	#
966	5287.29	11	13	25	35	39	46	52	57	#
967	1475.07	39	44	#
968	2114.96	1	29	54	#
969	2195.38	7	30	40	#
970	3066.88	4	11	37	50	#
971	1801.14	53	63	#
972	6108.42	6	27	30	36	38	43	47	62	#
973	1408.89	52	61	#
974	2500.5	5	6	13	40	#
975	1566.66	4	13	43	63	#
976	1496.55	2	34	46	#
977	1129.34	19	24	40	#
978	1467.93	37	53	#
979	5782.66	6	23	31	48	56	57	#
980	3977.1	18	33	46	52	59	#
981	6986.31	7	15	16	22	42	58	62	#
982	2171.53	21	34	59	#
983	3729.13	18	29	39	48	#
984	1799.97	1	12	29	#
985	7260.17	1	9	24	30	34	42	46	47	50	#
986	2320.06	27	49	52	62	#
987	1281.13	10	18	#
988	3126.43	7	24	41	51	60	#
989	2674.64	2	28	54	#
990	1766.92	4	8	#
991	1231.6	12	28	41	#
992	4268.78	14	20	26	44	55	#
993	3994.85	16	18	25	61	#
994	3784.43	5	22	54	57	#
995	3877.45	16	36	56	63	#
996	1877.93	45	62	#
997	2414.97	2	17	55	61	#
998	1096.68	40	58	#
999	1187.26	4	38	#
