%% File generated by CATS v.2.1Wed Jun 22 10:37:32 2022

%% The CATS webpage is http://robotics.stanford.edu/CATS

%% PARAMETER SETTINGS:
% Goods: 64; Bids: 1000; Distribution: L4; Runs: 1; Seed: 1656572574
% Legacy distribution parameters:
% Number of goods chosen according to Decay distribution (alpha = 0.55).
% Price chosen according to Linear Random distribution (low_linearly = 1, high_linearly = 1000).


goods 64
bids 1000
dummy 0

0	981.439	16	#
1	1835.63	3	26	59	#
2	996.225	38	#
3	923.82	37	#
4	997.162	4	#
5	2924.27	7	30	33	35	#
6	961.885	51	#
7	1940.06	48	61	#
8	2558.94	6	24	37	#
9	923.622	61	#
10	979.365	56	#
11	998.333	13	#
12	1704.57	11	52	#
13	4987.15	0	9	35	48	54	#
14	1172.58	4	21	#
15	973.486	3	#
16	997.943	33	#
17	984.785	55	#
18	2922.36	5	32	42	55	#
19	921.907	63	#
20	969.647	0	#
21	999.045	12	#
22	2164.42	27	52	55	#
23	963.871	59	#
24	1575.57	44	61	#
25	2085.32	3	33	54	#
26	996.121	48	#
27	3504.68	9	11	12	31	#
28	1029.39	12	18	48	#
29	2463.57	10	34	49	59	#
30	2733.99	18	50	56	#
31	976.42	39	#
32	2309.2	11	17	29	54	60	#
33	974.388	52	#
34	3690.47	25	55	58	59	#
35	951.059	23	#
36	921.871	8	#
37	2253.56	1	2	16	#
38	984.212	50	#
39	967.496	26	#
40	998.137	18	#
41	1585.29	7	41	#
42	1602.68	38	61	#
43	973.222	31	#
44	2878.66	9	24	28	#
45	986.276	10	#
46	996.327	58	#
47	1074.49	21	39	#
48	1531.33	2	58	#
49	937.103	54	#
50	2320.49	33	37	42	51	#
51	1829.34	31	54	#
52	996.895	21	#
53	1266.66	18	42	#
54	945.885	60	#
55	1763.68	40	43	#
56	905.659	45	#
57	976.06	28	#
58	1989.21	15	43	45	#
59	1816.88	2	21	#
60	3101.16	24	30	38	47	62	#
61	2271.41	13	20	28	#
62	2027.52	20	28	31	33	35	51	#
63	1839.7	11	23	31	32	#
64	940.781	29	#
65	4184.86	12	16	17	21	27	#
66	880.268	32	#
67	1153.49	43	46	#
68	1677.29	23	53	#
69	933.726	22	#
70	994.347	34	#
71	1200.24	27	35	43	#
72	1320.1	12	50	#
73	980.629	7	#
74	906.443	2	#
75	1692.61	1	35	#
76	1362.7	2	27	#
77	3809.97	1	14	17	24	#
78	1720.31	25	46	#
79	2256.38	12	17	32	39	#
80	979.169	47	#
81	963.966	42	#
82	2111.94	41	54	57	#
83	4116.29	13	20	24	34	58	#
84	1753.22	27	48	#
85	947.776	46	#
86	889.126	53	#
87	3564.7	3	16	27	57	#
88	2215.34	9	11	17	#
89	2134.09	18	20	39	53	62	#
90	3295	4	16	23	43	#
91	2029.64	14	20	32	58	#
92	2124.83	17	41	57	#
93	943.948	35	#
94	5539.45	9	19	25	40	50	53	#
95	992.983	6	#
96	883.995	44	#
97	2821.69	0	39	45	#
98	927.925	19	#
99	973.867	30	#
100	958.828	14	#
101	873.142	24	#
102	840.341	49	#
103	1471.4	26	57	#
104	977.264	62	#
105	1814.55	17	39	#
106	1929.83	24	52	59	#
107	1878.48	6	27	43	51	#
108	901.522	25	#
109	2370.58	3	17	25	56	#
110	3535.78	10	30	37	44	#
111	1553.59	42	56	#
112	990.896	57	#
113	2987.39	6	16	55	#
114	2215.04	5	51	53	#
115	1948.02	48	53	#
116	1563.83	4	17	#
117	1417.59	3	35	#
118	2335.72	19	47	50	#
119	4947.97	9	17	30	37	48	#
120	1773.19	29	45	#
121	4088.07	1	14	49	56	61	#
122	3485.38	0	3	42	47	#
123	1548.25	6	57	#
124	973.474	43	#
125	1787.55	11	42	#
126	1542.8	8	26	#
127	2447.2	20	35	50	63	#
128	981.655	41	#
129	1165.18	4	23	#
130	1824.18	18	26	#
131	937.664	40	#
132	1214.41	3	18	#
133	1945.16	33	42	#
134	2217.33	15	26	34	53	#
135	2973.16	2	12	44	#
136	3291.56	29	31	37	45	#
137	825.247	20	#
138	1464.06	5	28	#
139	1714.11	42	52	61	#
140	940.368	5	#
141	1447.25	28	43	#
142	2575.05	0	3	40	#
143	1783.72	45	50	#
144	1599.32	13	19	26	#
145	1091.8	6	21	40	#
146	2002.47	0	4	36	39	43	#
147	1982.53	30	45	#
148	2689.56	0	32	33	63	#
149	2011.94	19	34	37	#
150	1793.69	45	46	#
151	948.948	27	#
152	8333.22	3	4	8	10	11	26	32	51	53	54	#
153	3641.06	16	20	30	38	#
154	1223.64	21	50	#
155	1218.13	3	42	45	#
156	2877.23	38	39	43	#
157	2103.03	7	44	49	#
158	2758.48	18	24	29	32	33	44	#
159	1812.25	0	14	34	#
160	3263.31	18	36	37	51	59	#
161	1556.87	2	7	13	37	52	#
162	2422.49	30	42	44	#
163	2814.9	12	13	48	60	#
164	1966.25	14	59	#
165	2642.1	1	15	36	#
166	1167.07	0	17	52	#
167	1127.96	16	25	#
168	967.812	1	#
169	1461.94	8	33	#
170	5604.56	14	19	22	26	37	54	59	#
171	1363.31	31	61	#
172	5490.49	3	17	45	46	48	60	62	63	#
173	2043.53	1	4	18	#
174	2433.24	17	46	54	#
175	1816.39	29	60	#
176	974.234	15	#
177	1260.94	21	32	56	61	#
178	1118.18	9	22	53	#
179	1713.47	24	38	50	56	#
180	1196.89	12	16	#
181	1641.06	24	34	#
182	2683.32	6	40	55	#
183	1922.75	2	57	#
184	976.656	0	40	#
185	4315.62	12	28	36	60	61	#
186	1772.02	10	39	#
187	1198.72	0	7	60	#
188	2798.88	48	51	54	#
189	1795.16	13	63	#
190	1888.62	11	45	#
191	2342.65	12	28	32	42	#
192	997.141	34	37	40	#
193	1487.61	9	28	#
194	2501.39	8	22	52	#
195	2052.36	29	41	59	#
196	1566.16	16	48	#
197	1381.59	4	11	37	#
198	1892.27	21	36	#
199	2537.65	13	31	39	#
200	1225.02	15	51	#
201	1804.9	0	28	41	45	#
202	1057.88	16	43	#
203	2785.06	9	25	53	57	#
204	2235.48	17	21	33	53	#
205	923.964	17	#
206	1830.25	7	29	#
207	3697.66	4	22	26	35	48	53	#
208	1656.07	21	52	#
209	2806.66	15	32	39	51	#
210	2409	22	31	33	38	45	#
211	1210.17	10	50	#
212	1671.21	54	55	#
213	1640.29	39	60	#
214	2419.38	13	20	23	#
215	1058.71	23	56	#
216	1421.63	4	57	61	#
217	4184.79	1	13	21	33	54	63	#
218	1127.37	2	61	#
219	1297.05	25	59	#
220	911.793	11	#
221	1545.73	3	23	#
222	5740.02	0	4	8	21	37	51	#
223	4467.92	2	4	5	37	57	#
224	2471.82	12	35	39	#
225	2661.99	23	26	40	46	#
226	1167.28	25	31	#
227	1634.41	14	35	55	#
228	2240.27	35	36	56	61	#
229	2217.72	19	46	57	#
230	1189.75	24	39	48	49	#
231	1565.57	42	62	#
232	4358.43	2	14	17	45	59	#
233	1672.09	22	50	#
234	2001.78	0	10	19	#
235	1049.36	23	45	#
236	1238.76	7	43	#
237	2206.86	14	25	31	#
238	2889.22	26	28	50	#
239	2174.85	5	15	35	#
240	997.123	3	59	#
241	2056.21	3	5	11	13	#
242	5884.93	14	22	23	30	34	54	60	63	#
243	3388.85	7	10	25	44	#
244	1954.97	37	55	61	#
245	1609.83	33	50	#
246	1146.89	4	6	#
247	2687.42	18	35	42	#
248	1867.87	16	34	#
249	2069.6	2	41	52	#
250	6105.18	2	7	12	14	36	44	58	63	#
251	996.249	1	19	#
252	2138.22	2	6	17	55	#
253	1717.76	17	38	#
254	944.83	36	#
255	1364.1	12	13	#
256	1444.93	18	55	#
257	1286.46	5	12	34	37	#
258	1544.38	18	59	#
259	1025.48	27	60	#
260	1465.81	6	16	#
261	1625.81	7	33	59	#
262	2963.84	7	19	55	#
263	2649.45	12	40	52	#
264	1233.19	0	27	#
265	1526.87	58	61	#
266	2185.39	15	30	38	#
267	1306.93	4	5	25	#
268	3313.55	10	51	52	53	#
269	1285.47	11	27	#
270	1688.21	36	45	49	#
271	1303.17	2	46	#
272	1498.21	29	30	#
273	1474.63	7	47	63	#
274	951.421	9	#
275	3311.47	6	36	45	49	#
276	3903.86	12	32	37	45	54	#
277	1043.13	10	60	#
278	2698.8	18	25	37	39	#
279	2361.62	27	40	41	#
280	1692.27	20	33	#
281	1792.04	47	60	#
282	1125.69	17	31	#
283	1397.21	44	53	#
284	1342.3	8	14	#
285	1309.01	54	62	#
286	1864.03	23	29	#
287	2127.92	9	13	56	#
288	1258.89	1	6	14	23	#
289	2447.76	7	17	18	#
290	1613.23	11	16	#
291	1569.06	3	14	#
292	2608.42	13	20	24	#
293	2364.58	10	20	46	#
294	1566.68	8	45	#
295	2054.62	7	16	18	49	#
296	4731.43	3	7	13	29	30	44	#
297	2833.43	17	33	49	#
298	2334.26	0	13	58	#
299	2454.23	0	46	61	#
300	1964.47	24	62	#
301	1193.06	3	34	#
302	1827.37	1	28	56	#
303	4275.71	3	6	13	35	62	#
304	1689.19	51	60	#
305	1462.51	33	39	#
306	1418.31	27	58	#
307	1492.75	28	49	59	#
308	1857.61	26	61	#
309	5812.34	5	24	50	52	57	63	#
310	1667.32	16	29	44	#
311	2197.17	2	3	18	60	#
312	1863.12	15	37	48	#
313	1415	10	45	57	#
314	1972.89	3	24	50	#
315	5728.37	5	7	10	17	25	40	41	43	62	#
316	2981.12	2	4	29	#
317	1432.12	2	4	19	51	52	#
318	1270.26	5	9	39	#
319	1209.62	13	32	59	#
320	4048.18	12	28	29	33	61	#
321	1705.28	21	34	#
322	1006.48	2	36	#
323	1491.39	2	12	#
324	1202.55	24	40	#
325	1830.59	16	17	#
326	2193.7	10	43	50	#
327	1928.3	56	58	#
328	1791.3	2	41	45	59	#
329	2625.53	5	30	32	37	40	55	#
330	1722.15	28	53	#
331	1444.09	10	38	#
332	2137.12	11	60	61	63	#
333	2866.43	0	38	53	#
334	7231.17	14	16	25	27	28	41	44	60	62	#
335	1014.21	23	50	#
336	3252.07	0	15	25	29	#
337	1238.11	20	55	#
338	1317.82	0	26	#
339	1727.75	6	50	#
340	1040.94	30	37	#
341	1788.36	9	48	#
342	2312.3	1	21	24	37	52	#
343	1777.94	21	45	#
344	1090.01	28	54	#
345	2070.19	1	4	44	#
346	1958.56	19	46	#
347	1378.06	7	39	#
348	3862.77	9	42	49	63	#
349	5809.53	12	16	39	41	44	48	#
350	1570.37	32	43	#
351	1261.62	15	36	#
352	2301.04	6	7	8	36	40	52	#
353	1173.33	2	31	#
354	1087.63	4	54	#
355	3651.6	6	23	41	52	54	#
356	1251.97	9	42	#
357	4241.8	30	32	35	58	61	#
358	1665.41	2	8	#
359	1431.24	19	32	#
360	1672.02	16	24	#
361	2133.08	1	7	48	#
362	1852.06	15	41	#
363	1167.9	5	13	#
364	1662.17	39	47	#
365	2843.52	19	35	44	#
366	1457.67	19	35	#
367	2719.27	27	41	55	#
368	1271.38	16	28	#
369	2660.31	14	16	21	60	#
370	1767.72	49	55	61	#
371	2995.26	0	12	52	#
372	1061.33	13	19	#
373	5463.15	1	2	16	36	40	43	45	47	#
374	1183.62	25	47	#
375	3117.53	0	13	19	55	#
376	1705.25	8	22	#
377	2571.34	11	40	55	#
378	4202.21	10	23	31	33	41	#
379	1403.61	9	63	#
380	1394.36	43	62	#
381	1086.5	9	58	#
382	2208.23	0	9	24	32	53	#
383	1885.8	48	58	#
384	1755.59	7	44	58	#
385	1206.52	18	34	54	#
386	1759.91	16	40	#
387	2298.54	17	30	41	#
388	4283.63	2	15	39	48	60	#
389	1197.02	23	47	#
390	2311.77	9	36	37	45	49	#
391	2479.72	9	35	59	#
392	2299.3	14	16	24	#
393	2364.72	5	18	36	43	#
394	1704.67	0	47	#
395	2775.05	16	28	57	#
396	1899.19	13	60	#
397	1350.53	8	34	#
398	1040.42	29	33	#
399	2382.63	23	33	39	45	#
400	1105.85	25	45	55	#
401	1200.87	0	37	#
402	4765.45	2	4	40	45	57	#
403	989.126	17	54	#
404	1584.36	30	38	#
405	3886.03	36	48	50	56	#
406	1293.91	4	36	#
407	4425.96	8	17	39	54	61	#
408	1279.22	32	47	#
409	4816.31	12	27	28	30	52	53	56	#
410	1885.71	50	52	#
411	1555.48	36	49	#
412	2108.4	11	51	58	#
413	2943.04	47	49	58	#
414	2385.17	35	38	41	#
415	4119.77	3	19	39	43	45	#
416	1278.27	9	16	#
417	3141.12	7	17	30	63	#
418	1862.68	10	16	59	#
419	2743.33	3	27	32	44	#
420	2860.93	15	34	38	#
421	1941.98	6	31	#
422	1211.28	1	28	#
423	1885.54	7	29	48	#
424	3151.81	17	29	33	37	#
425	1367.6	46	55	#
426	3737.99	31	54	56	58	#
427	2609.45	27	34	56	#
428	1802.73	42	55	#
429	2306.58	8	34	38	39	48	55	59	#
430	1464.81	32	41	60	#
431	1323.52	40	57	#
432	1204.75	1	59	#
433	1510.32	25	43	#
434	3850.61	4	23	24	44	53	#
435	2652.84	2	36	46	#
436	2873.63	8	16	21	54	#
437	3845.89	6	9	11	33	63	#
438	1021.7	6	55	#
439	1519.21	1	4	#
440	1581.68	11	41	#
441	3460.74	26	27	30	41	63	#
442	2914.75	1	11	40	#
443	7059.34	0	1	2	3	5	9	18	42	57	59	#
444	5121.69	7	21	29	39	40	59	#
445	1496.36	11	14	#
446	1531.47	3	21	#
447	2464.5	14	24	29	32	36	42	#
448	1965.81	38	60	#
449	1061.59	48	50	#
450	2534.15	2	7	43	#
451	1428.6	24	57	#
452	1106.35	30	55	#
453	1684.86	22	36	#
454	5931.99	10	13	14	16	17	33	34	43	45	51	#
455	1326.7	15	53	62	#
456	1204.56	29	40	42	44	#
457	1495.8	8	28	#
458	5665.32	6	16	34	35	60	63	#
459	1041.52	9	49	#
460	1727.21	31	37	#
461	3268.43	5	13	15	22	#
462	2150.98	11	28	51	#
463	3585.22	8	10	12	44	50	#
464	1369.35	27	44	#
465	2437.04	6	21	29	39	42	#
466	4342.99	12	22	31	41	52	#
467	6686.64	8	24	28	47	53	54	55	#
468	4540.06	6	8	9	14	22	47	#
469	2100.28	9	15	18	49	53	#
470	2132.38	4	6	23	28	#
471	8404.02	10	19	22	24	27	29	32	33	45	59	#
472	1823.82	34	56	#
473	2003.07	5	27	43	#
474	1528.19	16	19	#
475	2264.82	27	32	45	58	#
476	2297.87	0	13	23	24	30	32	#
477	1109.13	34	51	#
478	1239.07	41	63	#
479	1367.32	29	32	#
480	1252.97	18	50	#
481	1086.44	5	44	#
482	2844.02	13	22	30	#
483	2330.97	31	32	48	52	63	#
484	2550.91	1	35	44	52	58	#
485	2340.62	5	21	33	48	51	#
486	1337.56	3	44	63	#
487	1864.79	13	41	#
488	1038.51	0	61	#
489	2532.97	10	15	16	40	#
490	1648.96	23	34	#
491	2045.03	16	17	24	#
492	2811.68	15	42	51	#
493	1030.25	5	47	#
494	1370.71	15	43	#
495	3983.34	18	33	47	63	#
496	1683.06	28	31	#
497	2644.2	8	9	50	#
498	2897.28	1	21	47	#
499	4794.05	5	12	15	21	53	56	#
500	3174.24	5	39	42	52	#
501	2313.83	8	27	51	#
502	1188.79	9	30	#
503	3925.16	4	26	32	42	46	60	63	#
504	1243.94	18	35	44	#
505	1140.96	51	55	#
506	1695.32	34	58	#
507	1623.65	15	56	#
508	1018.02	27	45	49	#
509	2753.77	1	40	42	#
510	1806.78	5	29	33	38	48	49	#
511	2221.47	6	16	20	25	29	43	62	#
512	2365.8	3	4	18	29	32	#
513	1846.13	9	17	48	51	#
514	1746.83	6	27	53	#
515	1048.53	44	52	#
516	3989.35	9	39	41	45	47	53	#
517	1524.7	18	40	#
518	2983.87	22	26	46	#
519	1565.29	21	46	#
520	2078.53	7	8	40	54	#
521	1455.73	5	19	#
522	1602.55	20	57	#
523	2175.64	2	25	31	#
524	1966.9	19	59	#
525	1186.23	10	16	#
526	1018.79	1	36	#
527	4465.23	4	14	17	20	43	#
528	2117.38	8	9	22	27	31	41	#
529	2213.24	11	28	46	#
530	1950.67	15	58	#
531	5371.52	27	31	37	41	51	56	#
532	1982.4	20	45	#
533	2735.59	6	39	51	#
534	1802.02	26	36	#
535	3181	13	32	36	37	54	#
536	2194.62	5	52	57	62	#
537	1234.6	1	39	#
538	1490.75	23	55	#
539	1739.32	19	27	45	#
540	1381.14	21	44	#
541	3534.85	6	7	11	17	#
542	1741.75	23	45	60	#
543	1748.36	9	20	21	#
544	1200.58	33	63	#
545	995.218	24	56	#
546	1678.5	8	36	#
547	2464.52	14	15	21	41	43	#
548	1539.18	43	63	#
549	4371.26	4	22	40	43	55	#
550	3806.99	5	10	40	44	53	#
551	2868.14	27	39	52	#
552	1495.24	2	32	#
553	1709.99	19	60	#
554	1572.51	1	17	32	#
555	1390.01	11	62	#
556	2714.98	5	8	27	58	59	#
557	981.765	3	44	#
558	1823.28	41	43	48	#
559	3526.79	20	23	39	61	#
560	1918.19	40	49	#
561	3839.79	4	30	38	51	#
562	1860.69	9	34	#
563	5199	0	4	13	14	26	27	39	43	#
564	2071.33	8	30	37	49	58	#
565	2423.93	5	13	31	#
566	1268.98	17	23	#
567	1958.2	27	44	55	#
568	5084.81	5	9	16	24	45	55	59	63	#
569	2659.51	21	33	42	#
570	1879.02	4	14	31	#
571	1839.98	44	54	#
572	1152.39	43	45	#
573	1283.97	0	36	#
574	2551.5	5	29	35	53	#
575	1856.54	11	33	37	#
576	1183.06	3	37	#
577	2095.26	0	5	23	31	60	62	#
578	1271.5	4	19	#
579	2351.93	19	20	26	46	#
580	1735.25	0	53	#
581	2191.77	13	24	34	#
582	1665.45	43	48	51	#
583	1179.61	28	30	#
584	2319.67	15	26	30	44	#
585	4000.25	3	23	31	35	59	#
586	1169.4	24	44	#
587	2918.58	4	8	26	#
588	4023.49	5	13	21	36	48	#
589	4010.62	29	31	32	38	49	55	#
590	1981.12	24	28	44	#
591	2770.77	35	56	58	#
592	1488.61	25	41	#
593	2689.72	29	52	63	#
594	1894.41	13	45	#
595	2030.26	10	16	22	60	#
596	1976.22	38	44	#
597	1504.86	20	38	#
598	4012.98	19	29	50	56	62	#
599	1520.8	1	3	26	50	#
600	1189.38	15	54	#
601	1313.28	21	58	#
602	1289.72	27	38	#
603	2812.17	20	21	52	#
604	2447.97	1	18	48	63	#
605	2282.38	10	13	57	#
606	1782.67	13	18	#
607	1860.01	6	22	51	#
608	1207.62	0	1	17	#
609	4222.97	1	9	31	35	40	#
610	4404.62	15	34	40	49	54	#
611	1758.49	17	29	35	62	#
612	2077.24	12	20	38	41	#
613	1584.72	6	20	23	#
614	1843.62	4	53	#
615	1820.36	12	24	48	#
616	1723.71	5	52	#
617	1223.91	5	23	#
618	2404.07	21	46	48	62	#
619	1875.51	34	55	#
620	1726.54	39	45	#
621	2228.69	8	23	32	#
622	5118.57	2	5	11	13	15	25	27	31	46	54	#
623	1240.37	20	41	#
624	1967.21	7	15	23	27	32	#
625	1545.58	33	51	52	61	#
626	2275.51	45	50	60	#
627	1393.87	3	16	46	51	57	#
628	2051.13	38	42	44	47	#
629	2610.74	27	31	36	37	#
630	1923.7	5	10	24	35	38	#
631	1970.53	41	54	#
632	1580.96	25	28	48	55	#
633	1144.51	42	46	50	54	#
634	1587.58	34	49	#
635	2185.47	4	34	48	63	#
636	1894.39	27	33	47	#
637	1223.83	20	25	#
638	2348.93	25	48	59	#
639	1199.84	37	43	47	#
640	2921.99	18	52	53	#
641	3702.65	11	17	21	51	#
642	1625.33	17	22	25	#
643	1810.71	9	25	36	#
644	1778.2	26	32	#
645	1183.17	39	40	59	#
646	4537.4	11	21	22	29	31	34	38	51	#
647	2135.05	6	17	52	#
648	3688.37	13	20	31	36	53	63	#
649	1750.23	26	45	#
650	1618.09	21	59	#
651	2558.97	21	28	35	37	39	53	#
652	2477.06	2	20	22	29	39	45	48	58	#
653	3439.66	8	12	17	30	51	#
654	1769.47	9	15	#
655	1913.34	28	34	#
656	1331.29	23	40	#
657	1831.53	20	51	#
658	2512.95	26	28	44	54	#
659	2471.83	4	9	42	#
660	3830.2	18	33	37	38	44	#
661	1006.52	1	51	#
662	1045.3	38	47	#
663	2432.05	29	38	46	#
664	1190.92	23	51	#
665	2785.23	19	20	61	#
666	1698.48	9	33	36	#
667	1653.53	27	47	52	56	#
668	8066.95	23	24	25	26	42	44	45	53	59	#
669	2417.68	2	3	27	54	56	#
670	3387.96	11	16	26	39	46	#
671	2276.91	1	12	22	34	60	#
672	1701.4	0	16	30	#
673	1192.23	20	24	#
674	1881.33	3	20	#
675	7711.26	2	9	18	23	25	26	30	41	45	47	#
676	2714.48	20	21	28	39	#
677	1467	5	40	#
678	1842.68	6	11	25	#
679	1475.89	10	28	#
680	3342.04	14	25	47	57	#
681	1715.76	44	56	57	#
682	7535.02	12	13	27	29	48	49	52	55	59	#
683	1796.12	14	37	62	#
684	1974.16	26	43	#
685	4193.66	7	14	18	31	34	51	52	63	#
686	6657.32	2	12	24	40	56	60	62	#
687	2018.15	19	38	47	#
688	2336.98	17	35	51	59	#
689	4780.05	15	20	27	36	39	#
690	3324.85	22	23	31	36	#
691	1954.19	35	50	56	#
692	2820.24	16	50	63	#
693	1759.04	15	28	32	#
694	1078.17	19	45	#
695	2488.58	1	6	25	52	#
696	2789.59	11	23	39	#
697	2640.7	1	38	51	63	#
698	4055.21	3	4	14	23	28	#
699	1325.31	7	53	#
700	4991.4	3	11	25	48	49	#
701	2547.12	10	28	37	47	#
702	1448.11	19	33	#
703	2739.69	12	32	35	54	#
704	1147.98	15	61	#
705	1758.46	5	15	#
706	3547.14	10	14	35	57	#
707	2970.66	22	52	61	#
708	1949.38	24	42	#
709	1735.14	21	25	26	44	50	#
710	1022.32	30	46	#
711	1361.01	17	19	#
712	1106.11	25	37	#
713	4306.51	1	6	28	40	46	#
714	3843.91	4	10	24	52	60	#
715	1307.32	44	48	#
716	3955.11	3	11	52	56	#
717	1699.22	7	19	#
718	1115.14	52	57	#
719	1583.58	23	32	56	#
720	1957.48	25	51	#
721	1186.06	26	39	#
722	1288.5	13	51	#
723	1949.75	18	24	#
724	2328.92	2	25	48	54	#
725	2220.67	6	18	53	#
726	1036.97	4	37	50	#
727	2441.45	11	15	50	#
728	2120.54	27	57	63	#
729	1025.49	17	28	#
730	1093.97	42	44	#
731	1052.98	2	34	39	43	59	#
732	3875.06	2	17	42	44	#
733	3628.61	21	22	46	47	#
734	979.94	25	60	#
735	2730.85	16	46	55	58	#
736	2630.78	23	31	47	#
737	2911.49	2	5	15	23	#
738	1967.97	22	63	#
739	1487.56	26	47	#
740	1970.21	8	23	#
741	1726.3	9	17	27	32	35	#
742	2350.98	3	12	18	37	38	47	#
743	3849.21	33	43	49	56	#
744	1910.59	4	18	#
745	3094.92	18	33	35	58	61	#
746	1035.21	23	58	#
747	3756.7	13	26	27	44	51	#
748	1560.88	15	60	#
749	1693.9	0	26	35	49	63	#
750	1631.78	23	31	#
751	2212.37	32	41	62	#
752	3721.11	12	22	34	43	45	49	#
753	3363.48	7	8	34	57	#
754	2429.78	1	13	19	33	42	46	#
755	2348.18	26	40	61	#
756	1505.79	41	45	#
757	2471.05	20	32	33	#
758	2659.19	12	30	62	#
759	1440.12	57	59	#
760	3741.94	20	38	50	63	#
761	2989.67	18	30	59	#
762	1844.17	2	24	52	58	#
763	1296.92	48	59	#
764	2640.08	5	32	38	#
765	1361.17	30	36	#
766	2023.78	5	26	32	#
767	2281.67	39	48	53	#
768	1239.01	14	21	#
769	2673.13	35	39	60	#
770	985.606	39	59	#
771	967.83	8	59	#
772	3818.06	1	4	13	28	#
773	2780.78	21	25	54	#
774	1057.33	51	59	#
775	1594.2	5	33	47	#
776	1460.92	6	18	39	#
777	1954.25	4	8	53	#
778	1149.98	39	48	#
779	2441.42	7	33	39	56	#
780	1934.08	9	41	#
781	1200.47	1	44	#
782	1758.33	25	29	#
783	3529.31	2	9	21	41	#
784	3088.1	4	6	21	22	30	46	61	#
785	1961.87	12	55	63	#
786	2721.97	1	7	16	22	25	41	44	49	#
787	3059.92	3	5	15	54	#
788	3522.6	0	1	16	24	42	51	#
789	1897.46	52	54	#
790	1747.66	31	52	#
791	1206.34	5	21	#
792	2090.11	27	30	51	#
793	1529.68	30	51	#
794	1707.84	11	44	#
795	1520.92	37	45	#
796	2666.46	3	51	56	#
797	3096.69	23	26	30	55	#
798	2121.39	9	20	26	#
799	1386.32	7	30	#
800	1315.69	28	60	#
801	2350.46	21	44	50	61	#
802	1520.69	1	12	#
803	1917.2	19	39	#
804	1573.38	14	22	30	#
805	1751.08	0	10	59	#
806	2344.39	27	48	53	60	#
807	2436.6	8	27	32	51	52	#
808	1627.71	22	38	#
809	2070.66	22	26	33	40	#
810	1648.89	45	54	#
811	1252.69	25	63	#
812	1511.63	31	46	#
813	2605.66	19	23	36	48	59	60	#
814	1707.52	4	44	#
815	1521.43	1	49	#
816	1405.19	15	45	62	#
817	1794.98	23	32	39	#
818	3007.76	34	35	37	58	#
819	2865.59	13	30	35	38	51	60	#
820	2112.23	6	45	49	#
821	1655.71	2	30	42	49	#
822	1270.66	0	45	#
823	1816.74	16	19	22	30	47	61	#
824	1904.57	3	61	#
825	1891.18	20	52	55	#
826	1677.52	40	51	#
827	2116.66	15	23	51	52	#
828	4579.15	0	8	14	28	43	47	62	#
829	2079.3	15	34	40	#
830	2424.93	25	35	51	#
831	2498.94	7	44	47	55	#
832	1603.78	6	62	#
833	2807.49	15	38	52	#
834	1187.79	22	44	#
835	2303.71	25	40	47	52	59	#
836	3043.92	6	16	30	49	56	#
837	1781.59	21	47	#
838	4333.96	10	14	37	38	54	#
839	2578.24	0	10	37	#
840	1222.36	23	44	#
841	4975.97	20	21	34	42	55	#
842	2468.36	2	21	26	27	33	#
843	1457.8	23	46	#
844	2390.94	17	39	42	45	#
845	7437.71	7	16	40	47	54	55	57	63	#
846	4766.56	11	12	35	48	49	50	#
847	2416.64	16	44	48	55	56	#
848	1447.87	5	9	17	#
849	1988.31	13	44	62	#
850	1593.87	2	33	52	#
851	1035.11	43	48	#
852	1600.34	16	18	20	32	35	53	#
853	1260.26	7	10	63	#
854	3553.84	5	10	28	35	#
855	1817.6	42	59	#
856	1568.84	14	47	#
857	1092.6	23	43	54	#
858	970.009	17	51	#
859	1402.82	23	42	#
860	2911.66	17	20	26	#
861	3854.24	32	42	46	60	#
862	1319.17	6	29	#
863	1952.8	1	28	40	#
864	4948.46	22	26	54	56	59	#
865	1217.66	30	42	#
866	3055.14	29	41	47	61	#
867	2176.08	4	11	17	#
868	1821.48	19	20	44	#
869	1303.45	21	48	62	#
870	1194.89	45	57	#
871	1610.9	28	41	62	#
872	2533.02	39	46	55	59	#
873	985.337	0	14	#
874	2722.58	1	20	33	#
875	1290.15	10	17	#
876	1745.13	24	36	50	55	#
877	1873.14	16	30	38	#
878	1665.43	0	12	16	63	#
879	1682.72	8	21	43	#
880	1933.81	6	22	50	#
881	2069.29	9	23	48	#
882	5219.05	4	9	47	53	60	63	#
883	2841.55	7	41	58	#
884	2787.19	22	25	31	50	#
885	3656.98	0	1	2	12	16	32	#
886	3713.33	3	10	15	38	61	#
887	1919.12	8	11	29	31	34	56	#
888	1388.74	29	54	#
889	1385.61	22	49	#
890	2835.76	7	16	28	40	47	#
891	2908.56	37	38	44	#
892	1104.95	7	59	#
893	4000.63	1	2	27	31	33	35	57	60	#
894	3206.77	2	5	27	39	45	46	#
895	1208.85	56	61	#
896	1238.52	9	51	#
897	1851.33	13	36	37	63	#
898	1135.31	0	3	55	#
899	2372.08	1	13	14	21	36	#
900	8386.47	2	11	12	35	42	44	45	55	56	#
901	2154.61	26	37	47	#
902	1647.12	10	29	#
903	1390.37	4	39	#
904	2781.53	9	52	53	56	#
905	1903.41	1	26	59	#
906	1272.22	29	46	#
907	2514.08	8	37	38	#
908	3474.84	4	25	28	59	#
909	1659.21	1	4	11	28	#
910	1882.72	46	49	#
911	1936.22	8	10	19	49	#
912	3877.87	4	12	43	58	#
913	1542.83	35	51	#
914	1868.34	15	24	#
915	1839.64	25	40	#
916	1665.6	5	8	28	#
917	3404.4	18	30	34	54	#
918	1637.37	17	21	41	#
919	2081.3	1	20	44	#
920	1538.87	6	10	#
921	2935.19	8	9	11	30	#
922	1032.73	28	46	58	#
923	3507.06	13	40	45	51	54	#
924	3567.94	1	5	25	45	58	#
925	1099.92	22	27	#
926	1163.01	11	36	38	51	#
927	1987.69	5	59	#
928	1500.23	7	8	9	13	30	46	#
929	1658.11	0	21	#
930	2899.31	0	10	14	40	51	#
931	2583.93	2	30	33	#
932	3716.83	7	24	34	62	#
933	1337.98	5	6	#
934	2417.65	17	33	38	42	63	#
935	1017.13	3	47	#
936	1670.58	23	27	36	40	57	#
937	1905.25	14	31	45	56	63	#
938	2524.98	9	15	27	33	43	44	#
939	5151.14	16	23	26	45	46	52	#
940	1066.32	12	46	#
941	1823.48	1	31	#
942	2064.14	28	29	32	46	#
943	1300.84	19	28	37	41	44	#
944	1713.85	10	20	25	#
945	3624.25	24	35	44	50	51	#
946	3609.08	19	25	31	41	49	#
947	2181.93	38	48	63	#
948	1571.91	12	53	#
949	2461.47	32	51	56	#
950	2336.87	2	49	63	#
951	1479.98	3	4	#
952	1762.97	40	54	55	#
953	2088.48	1	2	46	52	#
954	2551.37	11	30	62	#
955	2104.06	14	16	38	62	#
956	1667.72	16	51	55	#
957	1586.12	6	29	40	#
958	2304.13	7	17	42	53	#
959	1787.12	10	32	#
960	2660.34	0	2	38	#
961	2806.59	28	45	63	#
962	1495.4	36	47	61	#
963	1806.38	2	9	42	#
964	2631.45	7	14	50	#
965	1702.92	6	8	53	#
966	2160.18	1	40	62	#
967	1188.63	9	11	47	56	#
968	973.936	19	44	#
969	1373.7	12	23	39	#
970	2449.02	3	22	29	#
971	1905.52	33	35	44	#
972	1968.29	13	27	#
973	1006.23	7	32	44	51	#
974	1767.26	18	36	37	50	58	#
975	1159.12	3	7	32	46	#
976	1959.29	14	15	17	19	61	#
977	1051.13	3	45	#
978	7624.85	10	12	17	21	23	41	48	49	50	57	62	#
979	1405.52	37	42	#
980	1044.29	40	44	#
981	2348.19	13	23	37	59	#
982	1635.95	38	56	#
983	1118.75	19	28	55	#
984	2122.6	19	24	53	59	#
985	2206.23	24	26	55	#
986	2208.86	2	15	36	53	#
987	1076.45	2	51	#
988	1191.96	10	14	#
989	1106.97	6	13	#
990	3798.15	7	9	15	20	39	43	#
991	1248.3	2	29	#
992	1476.87	27	55	#
993	3294.52	21	45	55	58	61	#
994	1346.94	29	61	#
995	1288.87	31	47	#
996	1508.98	10	53	#
997	1880.51	1	13	51	#
998	2903.13	22	28	38	51	57	#
999	4146.12	2	22	33	36	44	#
