%% File generated by CATS v.2.1Wed Jun 22 10:37:31 2022

%% The CATS webpage is http://robotics.stanford.edu/CATS

%% PARAMETER SETTINGS:
% Goods: 64; Bids: 1000; Distribution: L4; Runs: 1; Seed: 1656572488
% Legacy distribution parameters:
% Number of goods chosen according to Decay distribution (alpha = 0.55).
% Price chosen according to Linear Random distribution (low_linearly = 1, high_linearly = 1000).


goods 64
bids 1000
dummy 0

0	1815.41	36	54	#
1	1986.26	31	32	#
2	3607.68	1	14	29	33	#
3	910.191	8	#
4	950.979	2	#
5	1160.21	52	61	#
6	976.572	24	#
7	997.978	44	#
8	949.246	50	#
9	2141.23	5	10	33	34	#
10	972.088	13	#
11	989.175	52	#
12	965.37	17	#
13	1005.76	14	44	54	#
14	937.507	60	#
15	976.918	59	#
16	3158.32	5	32	40	52	55	#
17	1557.35	18	37	#
18	999.549	36	#
19	998.124	30	#
20	1376.2	52	55	#
21	2411.11	5	26	53	#
22	1827.31	10	38	#
23	4367.72	1	11	18	20	36	37	52	#
24	2641.98	22	23	24	35	#
25	961.379	19	#
26	2112.53	36	53	59	#
27	992.849	37	#
28	975.958	46	#
29	965.726	23	#
30	975.749	34	#
31	972.233	0	#
32	1714.97	22	25	#
33	2471.95	5	21	31	#
34	977.883	31	#
35	1929.45	4	11	41	48	#
36	893.762	27	#
37	986.879	48	#
38	3816.74	11	17	32	40	56	#
39	2683.16	3	18	25	#
40	983.656	35	#
41	857.256	14	#
42	3622.06	14	15	36	45	#
43	999.948	42	#
44	1616.44	14	52	#
45	5529.39	28	33	41	47	50	52	#
46	1199.02	36	63	#
47	1239.07	49	55	#
48	979.55	62	#
49	987.213	1	#
50	924.44	33	#
51	1696.58	22	28	#
52	999.034	55	#
53	986.44	47	#
54	1883.6	10	37	#
55	1908.31	29	56	#
56	6151.61	3	10	13	26	35	38	45	#
57	1526.11	18	29	#
58	962.777	9	#
59	1679.41	49	57	#
60	761.202	40	#
61	979.45	51	#
62	963.448	61	#
63	1557.85	19	26	#
64	1547.36	9	21	35	#
65	954.957	56	#
66	966.73	38	#
67	953.183	12	#
68	3751.79	16	20	22	29	52	#
69	3076.09	12	33	36	49	51	#
70	945.644	25	#
71	859.255	58	#
72	4430.13	18	22	41	42	63	#
73	2611.32	38	43	50	#
74	2356.24	6	19	24	#
75	1935.31	47	50	#
76	2578.72	25	37	44	#
77	2516.32	4	41	47	55	#
78	948.436	6	#
79	1965.78	27	58	#
80	3963.76	5	15	26	43	62	#
81	1280.29	12	49	51	62	#
82	3223.01	10	12	14	26	44	#
83	919.779	32	#
84	1867.83	10	22	49	#
85	1073.05	0	32	#
86	975.726	39	#
87	2976.72	9	11	13	#
88	991.244	41	#
89	984.172	28	#
90	2354.6	16	24	53	59	#
91	1563.65	30	46	52	#
92	893.844	22	#
93	980.273	16	#
94	2750.79	5	7	14	60	#
95	2991.87	7	14	59	#
96	902.177	45	#
97	1225.51	10	33	#
98	1408.27	24	40	#
99	1277.2	17	55	#
100	946.891	49	#
101	960.853	20	#
102	4893.22	4	29	34	59	61	#
103	2395.39	7	39	48	#
104	1844.03	16	18	#
105	1163.86	40	41	62	#
106	932.068	7	#
107	2400.06	8	12	45	61	#
108	991.635	3	#
109	1660.3	42	57	#
110	1678.72	39	46	#
111	3278.18	2	7	37	40	#
112	3034.46	4	10	22	26	44	#
113	2492.4	3	11	39	#
114	970.873	43	#
115	1436.72	21	56	#
116	1838.97	14	19	#
117	1086.67	5	38	#
118	3569.15	6	10	22	37	41	43	#
119	1157.47	23	49	54	58	#
120	1349.38	4	12	21	47	#
121	3154.03	24	29	35	45	#
122	1154.65	7	30	#
123	978.637	10	#
124	6189.1	3	6	9	16	20	24	40	41	42	46	50	58	#
125	2333.19	11	49	52	#
126	1953.41	36	39	#
127	984.675	13	32	#
128	995.906	29	#
129	976.729	4	#
130	979.519	11	#
131	1609.72	28	61	#
132	1029.79	6	23	#
133	3459.97	9	12	38	41	#
134	3708.67	4	14	30	37	63	#
135	2178.13	7	16	42	#
136	1810.64	38	42	#
137	1430.71	2	49	#
138	941.935	57	#
139	883.139	54	#
140	1514.33	14	31	#
141	2681.79	3	31	44	#
142	4216.99	17	23	26	36	50	51	#
143	3781.99	6	28	39	57	#
144	952.342	15	#
145	985.721	26	#
146	1526.49	16	37	#
147	1967.19	30	53	#
148	2001.71	3	17	31	36	56	#
149	3876.03	7	21	32	44	#
150	1467.01	13	21	#
151	1576.59	31	37	#
152	2315.68	32	47	51	58	#
153	3580.36	28	49	55	61	#
154	988.223	5	#
155	1050.22	3	22	51	#
156	3036.3	1	46	59	61	#
157	1869	19	36	#
158	1428.08	2	43	#
159	1932.45	41	51	#
160	7603.27	2	9	18	19	37	40	45	48	55	#
161	1348.38	29	38	#
162	1307.8	40	55	#
163	1392.05	26	30	#
164	2928.06	1	5	19	#
165	2349.85	8	30	46	61	#
166	1814.55	43	62	#
167	1524.15	35	41	#
168	1669.38	11	27	#
169	2534.58	14	41	51	#
170	1709.74	11	23	24	#
171	5293.67	1	17	29	32	37	50	61	#
172	2329.74	7	54	55	63	#
173	1018.99	7	28	#
174	1703.74	33	57	#
175	1578.78	2	24	50	#
176	2589.92	13	23	28	35	46	#
177	1487.78	13	26	56	#
178	2051.25	13	15	58	#
179	1721.63	9	23	32	54	57	#
180	936.799	63	#
181	1135.61	17	51	62	#
182	1541.83	33	34	#
183	1344.92	2	14	#
184	1545.37	21	41	#
185	1766.78	13	40	53	#
186	995.918	18	#
187	1473.55	12	27	#
188	1869.33	19	29	#
189	4852.75	2	3	5	24	27	38	40	47	60	#
190	3653.27	17	24	48	61	#
191	1338.94	23	28	#
192	1032.93	59	60	#
193	1220.53	28	60	#
194	1941.02	7	36	37	45	62	#
195	1112.43	15	55	#
196	1585.49	7	11	58	#
197	4663.11	3	7	25	34	61	62	63	#
198	2685.85	17	39	40	61	#
199	1985.04	0	42	#
200	1578.17	28	40	#
201	4894.21	7	13	16	20	43	57	#
202	2776.91	2	4	45	54	#
203	6240.07	3	10	32	41	44	57	59	#
204	2505.99	38	42	46	#
205	7723.05	4	8	17	24	42	52	53	54	56	58	#
206	1750.21	22	50	#
207	1611.68	13	19	59	#
208	2791.41	4	36	44	49	51	58	60	#
209	1506.99	28	62	#
210	2053	2	32	38	#
211	1254.25	34	44	#
212	2009.25	7	16	43	56	#
213	989.407	21	#
214	1808.87	4	32	50	#
215	1373.87	0	51	#
216	3598.96	0	24	36	38	#
217	1028.74	22	41	63	#
218	2289.66	15	23	43	#
219	1531.38	34	60	#
220	1238.19	5	11	46	#
221	2622.69	6	30	56	#
222	2851.19	0	48	56	#
223	1906.11	27	34	51	#
224	1793.45	11	42	61	#
225	3872.17	4	28	40	58	#
226	3429.28	0	6	11	41	54	#
227	1707.86	11	37	#
228	1517.37	52	53	#
229	1322.91	2	33	45	50	#
230	3912.35	37	42	52	63	#
231	1658.36	22	42	#
232	4694.97	12	17	24	27	34	50	60	#
233	2615.53	13	25	36	59	#
234	2205.42	22	25	45	#
235	4893.99	0	7	15	21	34	36	#
236	2301.52	10	18	26	39	43	53	#
237	1756.82	3	5	19	23	51	#
238	1083.92	34	48	#
239	1830.3	26	45	63	#
240	4993.96	3	5	12	14	18	28	30	33	42	#
241	3850.16	26	36	42	60	#
242	4185.2	0	16	19	25	27	34	51	#
243	4261.52	9	18	35	54	56	#
244	1723.6	0	1	#
245	1507.54	0	59	#
246	1318.51	9	38	#
247	1767.72	5	28	#
248	1985.53	26	35	#
249	1630.33	12	23	#
250	1028.46	47	54	#
251	1509.06	56	58	#
252	1372.34	26	43	#
253	1064.18	0	9	#
254	939.307	53	#
255	1977.15	26	39	#
256	1751.05	25	57	#
257	3662.13	2	15	18	36	#
258	2309.35	5	17	48	50	58	#
259	1324.82	9	16	#
260	1830.97	6	31	33	36	51	54	60	#
261	2028.49	2	23	31	55	#
262	1863.16	9	19	#
263	1057.94	20	54	#
264	3789.96	8	40	48	52	61	#
265	1586.31	34	46	#
266	3377.29	27	28	47	50	55	#
267	4528.36	21	26	32	37	49	58	#
268	2015.07	5	6	13	#
269	1158.57	11	41	#
270	1675.36	4	52	#
271	2054.6	6	50	61	#
272	3765.25	16	38	43	52	#
273	3493.82	11	19	25	41	#
274	1798.3	2	39	#
275	1896.89	5	20	23	#
276	2853.06	21	32	34	48	62	#
277	1589.3	13	50	#
278	1246.7	4	27	34	#
279	1223.52	7	17	23	#
280	2604.88	1	39	46	#
281	2530.74	6	8	17	#
282	1187.36	3	56	59	#
283	2637.91	9	18	42	48	#
284	1899.4	7	33	#
285	1041.09	11	25	46	#
286	1933.38	10	61	#
287	2508.77	50	55	59	#
288	2472.85	31	42	43	#
289	1840.1	57	62	#
290	963.966	2	57	#
291	1091.28	32	59	#
292	1686.98	15	42	#
293	3240.78	4	17	21	22	25	55	62	#
294	1244.81	27	38	47	53	61	#
295	1130.25	21	53	#
296	2426.83	10	34	52	62	#
297	1012.26	6	51	#
298	3441.64	12	15	29	31	60	#
299	1014.56	1	49	#
300	3759.35	1	8	34	49	58	#
301	1257.11	21	28	#
302	1339.31	42	50	#
303	1050.84	5	27	#
304	2880.84	4	11	13	14	41	#
305	1191.81	22	49	#
306	5200.8	20	21	22	28	41	55	#
307	1461.96	27	41	#
308	2242.8	11	13	57	#
309	4869.74	0	5	14	47	60	62	#
310	1401.53	7	12	#
311	1607.79	4	35	#
312	1281.5	20	23	#
313	1727.28	6	34	58	#
314	1930.88	20	25	29	#
315	8863.64	0	1	7	12	13	15	39	43	62	#
316	2921.86	0	27	63	#
317	2810.32	41	43	50	#
318	2697.9	15	33	40	45	#
319	3064.86	19	22	32	48	#
320	1903.43	24	25	#
321	1019.35	15	17	#
322	1988.3	33	58	#
323	1123.28	5	7	#
324	2428.2	5	27	32	#
325	4964.96	4	14	22	25	53	63	#
326	4343.11	16	28	43	58	59	#
327	992.651	14	50	#
328	2670.64	9	21	35	51	#
329	2640.28	7	11	33	39	#
330	1046.24	1	44	63	#
331	1608.8	21	29	31	52	#
332	3504.76	6	29	52	57	#
333	1765.55	31	46	#
334	1854.93	16	38	#
335	3574.4	41	42	50	63	#
336	1829.55	25	59	#
337	3673.19	15	16	33	52	#
338	2134.02	4	8	22	#
339	5156.2	0	6	22	24	44	55	#
340	2671.61	2	10	11	29	#
341	1938.26	5	21	#
342	2857.6	8	12	14	#
343	1328.01	36	55	#
344	2610.6	3	45	52	57	60	#
345	1184.23	1	2	26	#
346	1014.6	10	15	#
347	3351.98	7	13	21	27	#
348	3454.16	4	11	36	49	#
349	1954.35	1	10	12	13	26	28	44	#
350	3648.31	1	2	6	17	19	28	44	#
351	1861.78	25	53	#
352	1960.96	19	43	#
353	1846.26	26	55	#
354	1154.37	2	58	#
355	1877.97	22	34	#
356	1385.72	18	44	#
357	1457.24	11	35	#
358	2126.46	1	2	6	17	30	#
359	1924.13	0	17	#
360	2514.05	44	48	60	#
361	1815.2	17	48	#
362	3259.41	1	2	8	12	21	48	49	60	#
363	4323.39	30	34	36	46	51	#
364	1160.08	45	57	59	#
365	1757.24	6	11	18	40	43	#
366	4608.38	4	7	31	46	50	54	#
367	1832.3	44	47	#
368	3085.87	28	39	49	50	#
369	1583.07	0	23	24	49	#
370	1942.82	5	15	53	#
371	4868.73	9	16	28	54	62	#
372	2840.19	1	21	31	#
373	1784.1	5	60	#
374	2357.61	8	22	26	63	#
375	1133.92	41	42	#
376	1904.12	45	47	#
377	4374.88	4	32	36	44	50	#
378	1306.48	9	12	#
379	1500.46	2	8	#
380	5265.61	1	19	20	36	50	57	63	#
381	1805.01	37	56	#
382	3748.13	31	47	49	62	#
383	8392.95	4	29	32	39	41	47	48	51	62	#
384	3674.09	4	24	43	55	#
385	1227	29	45	#
386	4314.62	0	5	15	24	46	#
387	4047.23	1	4	14	29	44	#
388	1158.76	3	5	27	43	#
389	3632.78	5	9	11	33	34	#
390	1273.48	36	38	61	#
391	2793.07	17	19	43	#
392	2547.26	29	38	59	#
393	1028.69	0	46	#
394	2493.19	22	42	56	#
395	1124.45	28	34	#
396	5099.77	9	24	32	44	48	56	#
397	1159.61	1	40	#
398	1984.55	48	52	#
399	1947.82	22	48	#
400	8819.6	7	20	29	31	33	40	46	54	58	#
401	3032.7	4	19	37	62	#
402	2611.37	8	27	32	38	53	59	#
403	1105.5	21	61	#
404	2330.19	15	33	56	#
405	1553.16	17	42	#
406	2143.58	4	21	57	#
407	1098.26	41	57	#
408	4153.25	20	51	55	61	63	#
409	4394.91	11	20	24	31	49	#
410	1543.76	20	50	#
411	4344.68	4	12	13	28	57	#
412	1975.48	1	17	#
413	4701.55	9	19	21	41	44	54	#
414	2339.69	8	24	49	#
415	3176.97	17	43	46	54	#
416	2229.88	0	1	20	22	#
417	2228.2	22	50	62	#
418	3130.22	11	22	54	61	#
419	2567.83	17	33	49	#
420	1685.91	1	32	#
421	2558.6	15	19	24	37	52	58	#
422	1881.19	1	19	#
423	2849.21	8	15	37	#
424	2728.85	22	30	36	45	#
425	2166.41	15	17	53	57	#
426	1401.91	1	16	#
427	1833.03	0	26	46	#
428	6692.96	4	18	23	32	40	53	54	56	63	#
429	1293.07	10	32	54	#
430	1607.71	7	45	#
431	3344.08	11	24	29	48	56	#
432	1041.7	20	30	#
433	1936.67	39	59	#
434	3828.01	21	38	48	60	#
435	2986.62	1	2	27	#
436	2015.74	8	29	35	#
437	2735.22	12	46	51	#
438	5028.64	14	16	25	27	36	46	#
439	1751.74	5	61	#
440	1145.88	45	59	#
441	1406.49	13	55	#
442	1173.4	14	17	#
443	2922.64	46	51	56	60	#
444	2541.55	12	19	36	40	#
445	2850.9	6	36	45	#
446	2260.97	27	38	43	55	#
447	1522.26	5	41	#
448	1677.44	18	58	#
449	1415.6	26	48	#
450	3687.58	10	25	26	34	52	55	#
451	1307.89	16	27	49	56	#
452	1002.9	6	32	#
453	1635.98	21	58	#
454	2723.97	17	42	53	#
455	1239.26	45	51	#
456	2040.04	20	40	48	53	#
457	2523.23	12	20	63	#
458	997.871	9	53	#
459	1148.96	10	47	#
460	1814.41	25	62	#
461	1368.81	13	41	49	#
462	1651.81	2	13	#
463	1033.48	12	22	#
464	1765.22	5	12	#
465	1304.39	10	14	49	53	#
466	2176.32	40	55	59	#
467	3577.68	10	31	32	61	#
468	3184.4	5	11	20	23	24	25	26	28	44	48	#
469	2454.73	33	41	48	#
470	1629.82	1	27	#
471	3860.5	2	8	12	14	19	27	33	40	51	52	53	56	#
472	1502.06	41	43	#
473	1221.61	19	32	#
474	3254.31	27	31	32	50	#
475	1950.8	11	21	#
476	1601.71	13	19	61	#
477	1458.99	0	52	61	#
478	4097.91	0	1	5	6	61	#
479	1320.31	29	49	58	#
480	1192.02	39	43	#
481	1372.72	18	33	#
482	1699.65	0	19	#
483	3251.57	2	42	47	56	#
484	1853.6	10	13	53	#
485	3407.69	5	9	18	28	32	34	49	63	#
486	1577.05	4	24	26	34	#
487	2477.38	0	29	49	#
488	2259.42	27	45	61	#
489	3153.83	15	23	50	51	#
490	7609.56	0	14	15	47	53	57	60	62	#
491	1531.17	5	47	#
492	2599.99	3	44	60	#
493	4430.5	4	9	13	17	40	49	57	#
494	5786.73	1	2	6	9	10	11	31	48	58	#
495	1222.11	8	37	#
496	2784.22	2	32	63	#
497	1411.75	0	12	43	60	#
498	1764.06	2	11	#
499	1951.9	5	11	42	50	#
500	2366.22	46	57	63	#
501	1238.95	27	33	#
502	1381.75	32	45	#
503	2539.5	3	9	10	15	23	27	28	34	37	38	40	47	48	50	#
504	1442.18	28	39	#
505	1225.46	1	21	#
506	1938.25	54	56	#
507	2705.48	6	10	31	37	#
508	4133.04	1	7	14	42	48	#
509	3319.8	24	30	52	56	#
510	2627.64	1	44	50	#
511	1560.65	18	28	#
512	1393.91	10	12	18	#
513	2486.55	4	7	40	41	#
514	1812.06	46	50	#
515	1664.93	9	42	#
516	1037.75	40	49	#
517	3313.86	35	44	49	51	57	#
518	1006.05	7	23	#
519	1210.3	43	50	#
520	1533.9	34	56	#
521	4624.07	2	23	42	43	54	#
522	1837.54	50	61	#
523	3924.32	1	7	21	24	26	28	40	50	63	#
524	1699.34	57	60	#
525	1936.37	52	63	#
526	1566.3	37	57	#
527	3146.11	4	7	47	51	59	#
528	1398.86	0	2	10	33	46	#
529	5473.69	0	11	25	50	57	58	61	#
530	1965.6	12	27	60	#
531	5206.89	7	17	18	34	42	58	#
532	3522.68	38	46	48	60	62	#
533	4739.24	10	11	29	31	33	63	#
534	2140.19	38	49	60	#
535	3120.05	17	43	45	54	#
536	3565.29	2	22	29	34	35	#
537	1811.14	27	37	45	#
538	2718.5	2	29	54	#
539	1098.97	39	57	#
540	1031.74	6	53	#
541	2167.45	20	34	36	43	52	56	#
542	1778.33	4	41	#
543	1626.18	35	44	45	#
544	1186.28	29	49	#
545	6127.65	0	22	23	29	48	57	61	#
546	1925.06	53	62	#
547	1108.14	45	56	#
548	1255.5	25	26	#
549	3979.54	44	48	54	57	#
550	1453.77	15	30	#
551	2638.79	16	37	43	49	#
552	1821.89	14	48	#
553	1047.88	1	31	59	#
554	2257.22	14	57	59	#
555	1883.7	37	38	#
556	2417.33	19	22	35	61	#
557	1975.24	19	24	59	#
558	2990.87	4	14	15	#
559	1083.62	6	12	#
560	1374.98	18	41	#
561	1435.37	29	57	#
562	3693.76	8	11	12	16	18	24	25	38	50	51	55	#
563	1759	39	55	#
564	1161	7	20	#
565	3326.85	8	24	36	58	#
566	1850.62	20	30	38	44	#
567	1001.02	44	49	#
568	1271.71	31	60	#
569	2540.05	2	33	46	49	#
570	4137.82	5	7	12	39	42	59	#
571	5536.42	6	14	26	34	54	60	63	#
572	2271.9	6	21	45	47	#
573	1390.6	24	54	#
574	2564.85	6	35	40	62	#
575	2023.24	1	20	47	#
576	2221.8	15	17	45	51	#
577	2023.58	26	31	63	#
578	1933.68	0	22	45	54	#
579	2813.9	5	9	13	35	43	52	59	#
580	1426.9	5	52	#
581	1156.86	20	40	#
582	4015.76	20	35	39	44	51	58	#
583	1212.91	17	38	41	56	#
584	1828.03	1	20	56	#
585	1506.03	4	36	60	#
586	2108.35	4	49	62	#
587	1802.45	5	8	#
588	1559.44	56	60	#
589	1453.37	37	58	#
590	2366.75	34	36	39	58	#
591	2051.39	0	56	62	#
592	3117.51	2	12	35	41	61	#
593	2009.25	38	50	62	#
594	1704.31	11	23	29	43	48	#
595	3955.13	8	20	59	62	#
596	1366.36	29	47	#
597	1352.7	33	54	#
598	2146.49	3	16	25	28	30	34	#
599	1505.94	40	61	#
600	3667.91	17	29	40	56	#
601	3440.6	4	10	18	31	35	#
602	3790.03	0	43	50	56	60	#
603	2535.73	28	57	58	#
604	3714.85	20	30	36	39	43	53	#
605	1293.34	21	50	#
606	2239.78	37	40	50	#
607	3100.45	1	14	16	25	30	46	#
608	4105.25	15	25	36	48	54	63	#
609	1541.83	2	44	#
610	1604.28	23	30	#
611	1530.15	6	10	11	33	#
612	1239.48	1	46	#
613	1568.22	41	42	49	54	58	#
614	2712.84	16	25	40	#
615	1063.97	38	57	#
616	1002.86	4	20	#
617	4229.16	3	22	45	59	60	#
618	2602.74	11	24	35	#
619	3779	11	27	28	33	39	40	45	52	#
620	1741.29	7	8	#
621	4122.35	6	17	21	39	42	44	53	59	#
622	2163.28	44	56	62	#
623	2232.56	7	11	30	56	#
624	2907.16	0	6	22	32	42	#
625	1512.54	46	49	#
626	1483.14	23	39	52	58	#
627	1357.4	12	57	#
628	3090.94	7	16	21	36	62	#
629	1430.7	8	30	43	#
630	1335.52	12	17	#
631	1538.69	2	3	#
632	1291.46	4	54	#
633	1514.42	6	46	#
634	3480.21	2	9	28	35	48	49	62	#
635	2924.91	32	33	52	#
636	1890.71	15	54	#
637	2411.98	24	27	28	#
638	5111.08	1	7	18	29	30	40	44	50	56	#
639	1598.35	32	53	#
640	1115.25	0	30	#
641	1447.92	6	17	34	#
642	1215.59	15	23	#
643	4958.34	1	16	31	40	62	#
644	1253.59	41	50	#
645	1305.06	32	39	57	#
646	2733.78	17	27	44	48	58	#
647	1981.7	10	56	#
648	2429.74	0	10	11	#
649	2211.88	27	33	41	46	#
650	3707.57	2	37	46	51	#
651	1207.99	30	32	#
652	1498.23	1	4	43	#
653	2981.03	14	32	40	51	#
654	7916.58	7	15	16	31	35	44	47	56	#
655	1872.62	21	44	46	58	#
656	1080.47	10	27	48	#
657	1360.86	44	51	53	57	#
658	1250.37	22	31	#
659	1241.14	15	48	#
660	1775.75	6	20	49	53	#
661	5577.28	18	22	28	41	43	61	#
662	1714.74	19	30	#
663	1440.02	8	26	37	#
664	2032.89	11	31	59	#
665	2618.48	26	30	59	#
666	1112.23	19	28	57	#
667	2955.18	10	36	60	#
668	3390.75	8	36	38	60	#
669	1982.72	17	45	54	#
670	1768.54	21	24	32	#
671	1259.88	5	14	#
672	992.246	31	54	#
673	1802.3	42	51	56	#
674	1509	12	41	46	56	61	63	#
675	1891.1	41	55	#
676	2947.79	6	12	22	27	49	63	#
677	977.586	15	63	#
678	3016.66	1	30	45	60	#
679	2590.77	19	41	45	#
680	1926.88	3	46	48	61	#
681	4358.49	0	30	39	47	52	61	#
682	1340.01	1	2	41	#
683	3618.56	3	6	8	18	20	37	55	56	#
684	3619.22	13	21	23	37	49	#
685	2457.2	4	32	38	54	#
686	1707.69	5	6	33	42	48	54	#
687	4726.29	23	25	28	29	44	51	55	#
688	2918.56	51	57	62	#
689	2352.47	6	26	51	52	#
690	1436.01	8	15	22	23	39	#
691	1324.82	9	48	49	#
692	2407.5	10	32	35	#
693	1335.8	21	38	#
694	1688.22	19	49	58	#
695	1589.47	4	9	#
696	1456.18	28	44	#
697	1448.04	24	30	48	#
698	2429.46	14	27	53	#
699	3106.75	12	31	32	37	39	61	#
700	1921.29	3	26	32	#
701	1326.15	4	6	#
702	1178.83	36	49	#
703	1242.61	48	50	#
704	1094.12	18	32	#
705	1603.77	3	5	26	#
706	1953.81	7	44	#
707	1215.42	27	31	59	#
708	1956.88	44	50	53	#
709	1954.74	1	39	48	#
710	1717.31	35	44	58	#
711	2483.63	8	13	21	#
712	2144.85	17	24	38	57	#
713	1088.65	31	39	#
714	3551.24	4	8	22	24	29	38	62	#
715	991.819	4	34	#
716	3323.21	0	13	29	31	47	59	63	#
717	1200.77	32	33	#
718	2492.09	44	56	59	#
719	1356.86	27	32	43	#
720	5513.82	22	37	38	41	48	49	54	#
721	1606.71	36	50	#
722	4781.14	8	11	14	45	52	59	#
723	1594.73	16	50	#
724	1075.96	48	60	#
725	1701.94	10	19	#
726	1531.89	26	54	#
727	1147.14	1	8	43	52	#
728	1818.29	1	9	21	43	59	#
729	1556	24	40	53	#
730	2244.82	7	54	61	#
731	1231.26	13	61	#
732	1778.94	7	56	#
733	1666.4	2	19	37	#
734	2548.23	3	19	34	51	#
735	3730.37	3	48	51	58	#
736	6345.96	2	10	22	25	44	53	55	#
737	2073.31	17	34	37	39	#
738	6189.85	13	25	32	43	50	54	59	62	#
739	1142.74	12	28	#
740	1303	18	55	#
741	1416.78	11	26	#
742	1062.09	12	26	#
743	1376.14	51	57	63	#
744	2838.19	7	23	28	41	#
745	1274.75	12	21	48	#
746	1640.67	16	27	62	#
747	1210.72	1	2	6	25	#
748	4090.03	8	29	35	39	57	#
749	2052.31	19	37	48	61	#
750	1661.37	34	44	46	51	#
751	4114.8	0	29	33	58	62	#
752	2897.96	0	5	53	#
753	1133.76	23	38	#
754	2923	32	45	53	#
755	2448.8	7	16	20	62	#
756	1418.01	29	34	#
757	3614.67	12	34	37	60	#
758	1869.45	51	52	#
759	1921.79	18	30	#
760	1154.65	35	50	#
761	1417.79	8	15	49	#
762	1635.84	39	51	#
763	2181.38	28	40	45	#
764	1112.1	20	62	#
765	1514.94	1	39	#
766	1355.9	52	54	#
767	1143.37	9	21	27	44	#
768	3823.08	22	44	46	49	53	56	#
769	6179.65	6	8	10	11	13	53	58	62	#
770	1262.41	6	10	11	23	#
771	1940.96	3	36	52	#
772	2062.71	17	20	52	59	#
773	1467.4	7	13	15	#
774	2925.63	25	38	50	61	#
775	1491.32	1	33	#
776	1773.14	34	43	#
777	2204.27	1	50	58	60	#
778	2011.74	4	31	46	#
779	1109.93	23	59	#
780	1599.58	34	61	#
781	1514.13	11	33	#
782	1867.99	3	10	45	55	60	#
783	3940.01	11	15	18	63	#
784	2197.35	6	36	38	#
785	1415.67	14	21	29	#
786	3012.43	7	50	57	60	#
787	3609.81	1	6	12	28	30	31	35	50	#
788	3794.24	28	37	42	52	#
789	2802.73	11	17	33	#
790	1392.08	17	43	#
791	1308.54	41	44	#
792	1138.8	45	62	#
793	1544.23	23	33	56	#
794	2652.98	9	17	35	37	44	#
795	2859.72	19	23	37	#
796	2201.69	0	26	53	#
797	2333.99	2	28	30	#
798	2634.87	3	6	28	35	48	#
799	1290.46	18	63	#
800	992.038	5	56	#
801	3036.32	8	15	24	42	50	54	#
802	1078.82	10	14	#
803	1777.3	6	27	#
804	1826.12	19	20	#
805	3063.2	3	16	17	27	#
806	995.191	17	19	45	#
807	3081.09	3	22	26	56	#
808	1941.96	49	61	#
809	2508.09	25	28	35	46	#
810	1853.39	16	58	#
811	1496.55	12	34	63	#
812	2599.51	8	16	40	52	54	#
813	2303.27	34	42	62	#
814	1246.45	25	41	46	#
815	1529.8	18	49	#
816	1295.03	3	15	#
817	2597.49	17	32	35	40	48	60	61	63	#
818	2912.05	0	8	14	57	#
819	1958.52	16	53	63	#
820	1809.32	0	45	#
821	2010.64	31	38	41	48	54	#
822	3706.29	0	17	19	55	#
823	1669.6	16	21	#
824	2268.84	5	29	45	63	#
825	3829.16	33	35	50	54	#
826	1993.03	42	53	#
827	1585.03	22	29	44	#
828	3946.26	14	26	40	53	#
829	2678.87	20	21	39	43	51	#
830	1950.3	17	59	#
831	3634.69	2	25	35	36	49	59	#
832	2143.78	1	2	38	46	53	62	#
833	1751.69	32	51	#
834	2769.95	8	24	35	45	#
835	2003.76	11	40	55	56	61	#
836	2023.5	26	29	52	58	#
837	1192.5	6	51	56	59	#
838	1673.75	18	23	52	#
839	2077.33	5	16	28	46	54	#
840	2206.9	5	16	20	29	40	#
841	1123.94	31	56	#
842	1650.6	5	59	#
843	3745.71	6	9	16	57	#
844	2281.18	14	29	30	41	42	#
845	1425.21	6	15	19	#
846	1371.83	3	22	52	#
847	1162.42	22	61	#
848	2332.96	30	50	57	#
849	6927.93	6	16	51	52	54	55	61	#
850	1715.54	22	24	#
851	1710.85	19	41	#
852	1702.49	26	62	#
853	1792.75	8	41	#
854	2881.99	17	27	33	58	#
855	1041.02	31	58	#
856	2295.42	16	34	49	#
857	1980.9	4	14	45	#
858	1674.47	33	62	#
859	5570.5	3	7	14	26	27	43	51	56	#
860	1760.58	7	11	18	55	#
861	2660.29	1	15	20	24	61	#
862	3720	14	16	37	40	#
863	2473.34	0	11	56	#
864	1770.03	13	51	#
865	2756.02	28	59	60	62	#
866	1158.72	4	63	#
867	1014.87	21	37	59	#
868	1992.07	15	47	#
869	1012.58	32	46	#
870	2765.87	13	38	62	#
871	1193.7	37	62	#
872	1380.13	19	62	#
873	3645.09	3	16	30	31	#
874	3015.83	10	23	28	29	37	47	51	54	55	#
875	2006.19	13	36	45	46	#
876	2178.82	37	41	56	#
877	4507.68	1	10	33	37	43	45	57	60	#
878	1974.21	10	11	36	#
879	1380.72	2	27	#
880	1382.21	9	17	52	#
881	4871.63	5	7	14	15	48	57	#
882	2182.62	21	23	29	#
883	1519.81	6	15	31	#
884	1061.5	18	60	#
885	1375.77	10	12	#
886	3767.67	5	18	34	36	#
887	6972.28	13	32	34	39	40	47	59	#
888	2147.64	3	4	30	#
889	1486.32	30	60	#
890	4268.63	13	14	24	26	28	38	39	#
891	1983.53	13	56	58	#
892	2245.2	6	26	47	58	#
893	2316.62	16	23	26	#
894	8293.48	8	10	14	18	23	29	31	40	41	43	56	#
895	3719.68	9	12	16	52	#
896	1347.9	11	38	#
897	1255.18	8	19	#
898	4684.9	1	7	8	54	57	#
899	1804.41	23	45	#
900	4040.45	13	46	50	51	60	#
901	1162.23	10	20	48	#
902	1991.49	0	20	#
903	1370.98	4	18	#
904	1978.55	7	9	11	27	40	#
905	1969.56	2	7	14	52	#
906	2870.58	9	35	37	59	#
907	1680.77	13	23	32	#
908	1011.46	3	4	#
909	1926.37	2	18	26	36	61	#
910	4864.64	8	42	46	54	62	#
911	2821.72	10	22	29	44	#
912	4499.38	5	12	25	39	49	57	#
913	3146.62	8	16	18	22	26	47	56	63	#
914	2349.44	5	27	53	#
915	2750.65	1	5	56	59	#
916	3995.11	21	36	42	57	#
917	1914.72	11	60	63	#
918	1189.79	7	37	#
919	6570.33	4	6	20	22	39	41	51	63	#
920	1885.43	22	35	39	#
921	4887.75	2	9	18	19	21	25	27	32	36	59	60	61	#
922	1958.06	18	49	59	#
923	1073.23	6	16	61	#
924	2592.45	9	11	57	#
925	1610.8	6	12	25	39	#
926	2596.74	16	26	39	55	#
927	1467.96	18	53	#
928	1878.82	7	51	#
929	1232.56	20	61	#
930	2483.09	8	37	58	#
931	3936.83	1	6	13	16	54	#
932	2189.86	5	26	27	#
933	2474.93	2	45	49	#
934	2490.53	22	26	38	#
935	1623.85	25	30	#
936	2237.07	9	14	48	#
937	990.318	11	40	#
938	1702.65	8	36	52	#
939	2473.99	27	49	59	#
940	3442.12	21	28	37	62	#
941	982.915	53	60	#
942	1855.51	10	55	#
943	1231.56	13	47	#
944	1840.46	17	20	#
945	4306.47	7	12	19	25	26	43	45	#
946	1058.42	22	44	54	#
947	2350.08	15	25	55	56	#
948	1150.05	42	60	#
949	1995.86	11	39	49	#
950	2657.67	3	11	21	62	#
951	1988.3	29	59	#
952	2457.31	24	31	57	62	#
953	2295.27	7	49	60	#
954	2765.56	24	55	60	#
955	3933.93	2	41	57	59	#
956	3899.48	1	12	27	33	58	63	#
957	2859.9	13	26	35	51	#
958	2184.6	2	26	51	59	#
959	1357.31	3	39	#
960	5751.63	25	29	31	35	56	57	#
961	5247.6	2	31	43	45	55	63	#
962	1273.08	28	30	57	#
963	1853.33	20	27	#
964	1895.42	2	61	#
965	1723.98	28	43	#
966	3916.2	3	15	19	28	40	50	62	#
967	2731.84	32	34	56	#
968	1878.07	3	12	20	27	#
969	2810.09	13	24	42	49	#
970	1173.56	2	10	#
971	1275.13	3	58	#
972	1192.76	20	32	#
973	1573.44	43	52	56	#
974	2939.61	42	45	62	#
975	1421.5	4	38	#
976	1396.35	38	52	#
977	2715.45	1	4	16	23	25	38	61	#
978	1929.57	29	40	41	#
979	1208.12	42	59	61	#
980	1295.77	24	37	#
981	1336.86	11	13	#
982	3866.18	26	36	38	60	#
983	2382.35	0	15	22	25	36	49	#
984	4876.4	6	22	36	37	48	50	62	#
985	2610.64	11	33	60	#
986	2025.68	9	33	41	57	#
987	2905.4	2	28	59	#
988	1694.01	2	18	#
989	1881.13	4	59	#
990	2370.84	3	8	36	49	50	51	63	#
991	1052.8	1	6	47	62	63	#
992	2506.34	20	42	45	#
993	2023.24	2	29	40	#
994	911.12	27	45	#
995	1021.92	16	24	27	#
996	1693.71	2	47	#
997	3865.9	16	24	31	42	63	#
998	3062.59	21	35	51	55	60	#
999	2538.58	17	45	58	#
