%% File generated by CATS v.2.1Wed Jun 22 10:37:31 2022

%% The CATS webpage is http://robotics.stanford.edu/CATS

%% PARAMETER SETTINGS:
% Goods: 64; Bids: 1000; Distribution: L4; Runs: 1; Seed: 1656572490
% Legacy distribution parameters:
% Number of goods chosen according to Decay distribution (alpha = 0.55).
% Price chosen according to Linear Random distribution (low_linearly = 1, high_linearly = 1000).


goods 64
bids 1000
dummy 0

0	915.426	34	#
1	994.914	17	#
2	935.909	11	#
3	985.169	2	#
4	3199.14	3	13	36	60	#
5	946.684	5	#
6	967.402	23	#
7	991.674	28	#
8	2587.05	31	37	39	#
9	973.408	19	#
10	4111	8	28	32	44	59	#
11	970.404	14	#
12	980.854	6	#
13	961.545	20	#
14	1442.66	23	25	#
15	934.465	50	#
16	966.011	15	#
17	1945.79	7	50	#
18	956.588	10	#
19	1794.65	17	37	#
20	1868.35	12	18	39	40	55	58	#
21	1981.83	13	25	#
22	4357.75	3	6	17	25	44	58	#
23	1576.79	31	44	#
24	1795.61	52	60	#
25	1391.19	21	56	#
26	943	29	#
27	1394.97	16	20	#
28	905.176	24	#
29	979.521	40	#
30	975.183	48	#
31	986.619	59	#
32	2215.35	11	23	26	28	33	58	#
33	952.361	30	#
34	4760	1	23	32	49	62	#
35	1351.58	4	6	#
36	944.036	57	#
37	2617.9	37	57	60	62	#
38	1946.54	8	38	#
39	978.99	61	#
40	999.64	32	#
41	977.821	21	#
42	986.672	13	#
43	927.256	9	#
44	1888.16	16	23	24	59	#
45	2609.47	8	23	55	#
46	938.049	58	#
47	1393.4	4	5	#
48	986.956	12	#
49	2422.89	3	15	61	#
50	6314.95	19	20	33	35	42	48	55	#
51	960.266	18	#
52	1521.18	14	35	#
53	1458.64	5	36	62	#
54	986.747	49	#
55	995.309	1	#
56	944.657	26	#
57	976.597	60	#
58	995.378	63	#
59	1647.04	2	43	#
60	2694.87	17	25	38	44	#
61	924.004	35	#
62	2554	11	46	48	#
63	1655.19	42	58	#
64	1178.87	3	38	50	#
65	6678.1	7	18	19	20	21	42	51	58	#
66	874.662	56	#
67	938.282	7	#
68	2109.69	19	25	49	#
69	1917.33	27	58	#
70	989.45	41	#
71	995.837	22	#
72	1955.69	33	48	#
73	991.259	39	53	59	62	#
74	980.268	54	#
75	1406.08	9	18	#
76	1146.68	9	47	#
77	1824.28	32	40	#
78	996.278	0	#
79	1286.33	33	37	#
80	991.773	27	#
81	958.252	16	#
82	881.248	62	#
83	940.961	4	#
84	3955.07	17	37	55	60	#
85	1556.84	7	19	27	32	#
86	3113.63	3	4	5	7	27	57	#
87	956.992	25	#
88	1764.16	14	26	#
89	4104.71	11	20	24	34	54	#
90	998.699	42	#
91	2610.42	0	1	17	33	48	#
92	4968.65	1	3	13	31	33	41	63	#
93	945.939	46	#
94	892.823	43	#
95	957.069	38	#
96	996.103	52	#
97	5603.18	8	16	18	22	25	27	39	47	53	58	#
98	2924.74	19	24	29	59	#
99	3693.31	7	15	38	48	#
100	1218.62	20	25	#
101	1456.68	41	60	#
102	1822.23	25	28	33	55	#
103	1923.02	30	39	#
104	1680.57	43	53	#
105	1952.05	27	59	#
106	2305.37	7	32	36	#
107	914.171	33	#
108	1532.16	22	50	#
109	990.298	39	#
110	2496.29	9	24	26	34	36	53	56	#
111	3860.51	25	33	38	48	52	#
112	1446.51	25	52	#
113	1512.03	39	58	#
114	2085.65	1	4	13	59	#
115	1658.3	16	21	#
116	2060.12	18	49	60	#
117	1371.29	8	9	33	#
118	1895.71	40	49	#
119	1266.16	22	35	#
120	1056.25	16	60	#
121	1425.24	34	38	#
122	1647.15	3	29	45	#
123	989.12	8	#
124	1848.14	35	54	59	#
125	1706.45	15	18	#
126	1425.53	26	44	56	#
127	4171.8	11	13	24	54	55	63	#
128	1087.4	18	63	#
129	1324.64	8	40	#
130	2463.92	12	18	33	38	42	43	#
131	2640.2	6	9	10	18	25	27	32	44	48	#
132	7933.4	1	11	15	21	26	36	47	50	51	#
133	2759.19	11	21	42	62	#
134	2482.31	0	42	49	51	#
135	2397.64	9	24	61	#
136	2235.69	10	24	34	#
137	1855.88	25	50	#
138	2144.46	14	58	59	#
139	1454.12	27	37	#
140	5268.42	0	3	5	6	19	28	34	48	#
141	1708.53	23	58	#
142	1302.74	12	51	#
143	1750.87	0	16	#
144	4714.2	19	25	28	47	58	#
145	1606.78	55	62	#
146	2898.47	36	43	47	51	#
147	958.082	45	#
148	1275.72	3	59	#
149	1635.13	35	47	#
150	1721.44	42	48	#
151	2756.31	12	31	48	#
152	2054.46	14	46	49	#
153	1043	29	30	58	#
154	972.695	53	#
155	908.422	36	#
156	1691.7	50	57	#
157	2606.38	17	27	58	#
158	965.379	3	#
159	1570.89	32	58	#
160	1844.51	21	34	#
161	984.899	31	#
162	2022.51	5	46	53	#
163	1385.38	43	54	59	#
164	2767.6	0	8	30	#
165	2681.62	8	51	55	#
166	1719.86	20	52	56	#
167	2151.87	33	37	54	#
168	1538.43	15	24	30	31	48	#
169	2981.18	8	14	24	#
170	2096.28	1	35	43	#
171	1828.94	50	56	#
172	1351.57	5	58	#
173	2399.83	1	23	35	37	53	56	#
174	2256.8	6	20	29	#
175	1004.72	27	55	#
176	997.536	44	#
177	2896.86	16	36	59	#
178	1404.33	29	34	#
179	1328.42	11	12	30	32	55	63	#
180	3757.87	2	9	23	25	#
181	2925.8	10	23	51	#
182	8654.78	3	14	19	21	28	42	44	54	60	#
183	1966.89	1	32	#
184	1617.03	10	62	#
185	1921.01	13	31	35	#
186	1860.63	13	35	#
187	1198.56	56	59	#
188	1423.01	9	34	#
189	2180.06	6	7	20	22	28	46	#
190	2452.81	13	19	29	53	#
191	1913.44	11	37	42	#
192	1083.94	1	30	#
193	2389.38	54	58	62	#
194	2525.31	4	19	30	41	52	59	61	#
195	1977.21	13	37	#
196	1672.23	0	48	#
197	2541.68	26	27	45	#
198	1761.44	38	60	#
199	2029.78	12	31	45	#
200	1389.97	2	15	#
201	2225.39	16	19	59	#
202	3844.08	25	38	39	55	#
203	1121.67	31	52	#
204	2219.37	32	33	49	#
205	1616.2	2	13	#
206	1066.38	22	44	53	#
207	4192.12	19	35	39	43	44	#
208	3333.27	3	20	25	27	44	#
209	1619.84	43	47	#
210	947.951	55	#
211	3894.75	14	23	29	30	59	#
212	1724.39	6	15	#
213	3274.69	6	13	36	41	#
214	1684.73	26	32	35	46	#
215	4608.66	10	15	19	27	31	#
216	2892.14	7	44	63	#
217	2882.35	3	25	45	#
218	1342.86	2	4	#
219	2567.03	12	20	43	47	#
220	2881.14	19	22	25	38	#
221	1230.6	44	55	56	#
222	3896.26	0	33	38	52	#
223	1985.14	26	29	#
224	3638.61	18	23	42	54	63	#
225	2691.95	34	36	54	#
226	1230.84	9	27	#
227	2755.25	33	51	59	#
228	1365.2	24	46	60	#
229	1807.71	14	34	41	#
230	1287.52	28	58	#
231	2864.65	3	8	31	45	47	#
232	1148.98	15	34	52	#
233	1972.44	16	30	#
234	1548.04	8	16	#
235	1178.89	20	35	#
236	3149.06	3	48	53	58	#
237	1346.34	13	18	34	45	#
238	3101.57	5	6	8	32	33	37	50	55	58	#
239	2989.18	3	49	51	#
240	1862.01	0	58	#
241	1956.63	2	4	15	43	60	#
242	2306.15	19	21	24	#
243	1801.42	33	45	46	#
244	1840.5	36	42	49	#
245	1361.63	7	11	#
246	3180.33	26	48	52	61	#
247	2501.97	4	5	12	23	31	#
248	2489.11	13	49	56	#
249	5024.33	3	18	21	54	58	59	#
250	938.926	50	51	#
251	1201.84	20	37	#
252	1791.44	45	63	#
253	1696.65	58	59	60	#
254	946.905	37	#
255	1431.17	20	58	#
256	1314.07	26	51	#
257	1331.47	37	55	#
258	1206.79	5	31	#
259	1961.42	1	19	#
260	1821.79	12	24	28	#
261	2343.24	28	43	57	#
262	1835.93	10	40	#
263	3731.42	10	11	38	49	#
264	3133.39	4	10	11	22	36	59	#
265	1868.7	17	19	#
266	1986.82	31	37	#
267	2530.02	18	20	38	46	#
268	1652.43	49	57	#
269	1776.83	12	19	50	60	#
270	1472.54	23	49	#
271	1761.01	2	8	#
272	1296.59	0	39	#
273	2710.13	20	42	53	#
274	2132.13	22	26	30	#
275	1789.73	3	39	41	#
276	2469.56	11	43	54	#
277	2073.78	21	27	31	37	38	44	56	#
278	1831.48	5	20	26	#
279	1737.36	6	9	#
280	1094.62	23	46	#
281	5001.87	15	21	22	26	30	31	61	#
282	1891.28	1	30	33	38	62	#
283	3002.37	3	11	18	39	49	54	56	#
284	1063.98	1	10	#
285	2134.34	17	28	41	#
286	5645.73	0	2	8	26	40	41	52	59	#
287	1069.46	10	16	60	#
288	2767.97	15	27	42	54	#
289	2267.55	7	40	44	#
290	1286.79	21	33	39	#
291	4534.59	2	36	51	58	60	#
292	1692.21	44	54	#
293	2161.66	14	36	63	#
294	3358.39	0	1	15	29	#
295	4388.97	5	7	13	45	58	#
296	3973.83	1	22	24	54	61	#
297	2508.12	41	49	54	#
298	1254.59	16	59	#
299	1622.36	18	19	#
300	1836.06	26	38	#
301	973.445	47	#
302	1951.55	6	16	59	#
303	1197.78	7	33	#
304	2432.08	19	25	35	46	#
305	3043.26	2	21	37	42	#
306	5724.44	0	6	19	35	54	62	#
307	2008.69	12	31	59	#
308	3048.54	4	13	19	39	59	62	#
309	1689.8	25	36	#
310	1456.97	24	45	#
311	1911.92	11	13	#
312	993.508	3	23	33	#
313	1248.51	24	53	#
314	1151.13	4	29	#
315	1963.76	35	57	#
316	1988.54	0	10	#
317	2452.15	8	10	12	29	47	63	#
318	3725.17	5	27	38	39	#
319	2443.6	0	46	61	#
320	2405.3	6	36	54	56	58	#
321	3592.81	8	12	30	59	#
322	1860.22	8	22	24	55	#
323	2618.12	5	13	47	50	#
324	5518.52	8	23	25	58	59	62	#
325	1777.51	46	55	#
326	1620.06	18	51	#
327	1814.62	34	60	#
328	1125.19	26	34	#
329	1944.58	31	55	#
330	3240.5	1	7	16	46	47	48	56	63	#
331	1375.34	40	61	#
332	1580.67	28	38	#
333	1452.08	0	18	#
334	2848.03	1	4	8	#
335	1201.74	3	45	58	#
336	1850.14	0	1	7	#
337	2005.94	0	8	20	#
338	1607.26	24	26	#
339	1182.74	28	39	46	#
340	5159.63	3	14	34	42	56	58	#
341	2718.59	34	44	62	#
342	1680.39	33	46	#
343	1587.51	23	53	#
344	2565.97	0	1	3	37	#
345	1933.55	34	59	#
346	2574.44	15	23	26	#
347	1830.71	18	23	#
348	2822.34	11	49	59	#
349	1405.57	5	33	#
350	1142.11	29	50	#
351	1705.12	30	35	41	#
352	5943.17	7	10	16	21	49	53	57	61	#
353	1569.72	31	41	#
354	3803.06	1	3	16	32	35	#
355	2263.18	28	33	53	57	#
356	1284.18	5	56	57	#
357	2147.9	8	23	28	36	38	#
358	1478.5	2	41	#
359	1540.5	1	42	#
360	1052.81	13	48	#
361	4500.68	6	8	22	24	40	48	55	57	#
362	950.142	7	55	#
363	4328.27	25	27	45	54	60	#
364	1099.04	13	60	#
365	1345.7	3	11	#
366	1090.73	24	60	#
367	5582.95	4	16	25	33	49	59	#
368	1418.77	17	57	#
369	1680.93	9	53	#
370	1991.73	16	45	#
371	1872.91	15	56	#
372	2160.5	0	21	37	48	#
373	1645.21	0	26	60	#
374	1194.98	4	52	#
375	1490.5	41	58	63	#
376	3465.32	23	27	31	39	#
377	1513.25	21	43	44	#
378	1863.72	6	7	#
379	2912.35	5	13	24	32	#
380	5071.17	3	4	7	13	27	30	36	43	57	#
381	2166.18	28	34	51	60	#
382	1217.75	24	37	#
383	3622.77	9	15	44	47	#
384	1933.21	0	5	#
385	1690.73	10	56	#
386	3525.43	7	17	20	22	31	49	55	#
387	1954.06	4	9	#
388	923.243	51	#
389	1619.14	19	25	#
390	2042.23	1	6	9	12	14	15	28	39	60	61	#
391	5319.43	8	12	16	18	37	41	51	61	#
392	2447.7	37	46	60	#
393	1253.14	10	53	#
394	2506.93	8	26	36	#
395	3105.94	27	40	41	58	#
396	3535.77	3	29	36	38	57	#
397	1952.04	12	62	#
398	1726.85	4	26	#
399	2735.97	5	22	46	#
400	2062.15	21	27	45	50	#
401	1384.15	17	32	#
402	1729.37	31	40	42	#
403	4531.87	5	10	12	26	43	46	60	#
404	2138.47	12	14	18	30	#
405	1536.28	35	42	#
406	5725.89	16	26	34	41	44	60	#
407	1623.56	13	18	33	#
408	1627.21	14	24	33	36	40	43	50	61	#
409	1654.24	7	47	#
410	2809.9	35	55	59	#
411	1497.29	32	45	#
412	1903.21	10	54	62	#
413	2550.57	12	26	51	#
414	1107.18	1	5	47	60	#
415	3693.31	8	10	19	20	53	56	57	60	61	#
416	1939.73	24	34	#
417	2644.59	4	13	35	50	53	#
418	2213.29	4	43	48	#
419	1205.82	7	8	#
420	1351.73	3	14	34	63	#
421	1446.53	3	10	43	#
422	1088.57	5	13	#
423	1169.13	35	41	#
424	1557.99	6	23	#
425	5908.3	0	10	11	23	30	35	55	#
426	2711.42	38	43	46	#
427	1155.37	15	39	#
428	2154.67	5	12	46	56	#
429	1204.54	26	41	57	#
430	3269.09	11	12	28	29	42	#
431	1634.37	5	52	#
432	1405.38	8	12	#
433	2925.85	5	7	32	#
434	1617.7	57	59	#
435	2223.47	18	33	55	56	#
436	1600.75	23	30	36	#
437	4069.27	12	22	42	57	58	#
438	1936.8	37	42	60	#
439	1364.89	58	62	#
440	4464.92	33	38	39	46	53	56	60	#
441	2292.44	17	36	49	#
442	1070.65	15	50	#
443	1129.84	6	62	#
444	1407.72	13	27	46	#
445	4264.46	26	30	33	40	48	#
446	3594.96	23	25	42	48	#
447	1458.26	29	54	#
448	2609.7	1	14	24	38	#
449	1808.97	33	58	#
450	2296.8	1	18	25	30	#
451	3353.4	12	17	31	58	#
452	1795.79	16	36	57	#
453	2392.28	8	23	51	#
454	1297.9	2	7	45	53	#
455	1791.87	17	60	#
456	4063.07	3	4	6	11	48	63	#
457	1362.15	37	60	#
458	3502.08	8	28	30	58	#
459	2737.88	1	11	25	36	46	52	#
460	1563.04	19	33	37	47	#
461	1552.39	18	26	#
462	1911.48	5	18	#
463	997.194	48	62	#
464	1378.05	16	18	55	#
465	2138.73	8	29	40	#
466	1039.41	19	59	#
467	1539.43	20	37	38	48	#
468	1338.57	15	19	22	38	43	48	#
469	2019.29	11	44	56	#
470	1518.09	22	58	#
471	3228.28	35	42	47	48	60	#
472	2941.03	6	34	47	#
473	1271.74	2	50	#
474	3075.11	1	23	27	58	#
475	4684.79	2	11	16	21	52	53	#
476	1434.43	17	59	#
477	1494.51	45	60	#
478	2242.96	7	11	13	21	44	#
479	1729.65	18	57	#
480	1254.25	19	40	56	#
481	1982.13	6	37	45	#
482	2951.38	6	11	36	54	#
483	2386.18	31	37	45	#
484	1805.19	16	38	#
485	1665.67	16	23	#
486	3959.03	3	6	12	18	22	23	44	48	49	52	61	62	#
487	1414.49	40	60	#
488	1573.09	6	24	28	37	39	55	#
489	1245.79	19	21	#
490	2820.25	20	47	49	51	#
491	2594.08	19	24	27	59	#
492	2950.67	41	50	53	#
493	1180.44	9	26	#
494	3965.8	13	17	56	62	#
495	2182.79	2	19	21	41	42	#
496	1731.46	26	28	#
497	2802.66	10	44	63	#
498	1238.32	7	16	#
499	1024.22	13	43	57	#
500	1987.61	22	37	#
501	3750.8	33	36	46	49	#
502	1600.23	55	60	#
503	1520.77	6	48	#
504	2074.66	11	19	46	#
505	1830.05	0	40	59	#
506	4443.12	35	41	55	60	63	#
507	2575.76	20	43	59	#
508	4705.24	1	7	23	32	41	56	#
509	1754.1	48	49	#
510	2314.88	8	10	44	#
511	2340.25	8	22	23	24	26	#
512	3666.09	15	18	42	58	#
513	4488.18	13	25	31	39	43	59	61	#
514	2339.33	3	10	63	#
515	2459.14	5	14	52	#
516	1918.96	7	40	#
517	3669.39	3	4	5	36	58	#
518	1265.74	31	56	#
519	2611.53	21	35	56	#
520	1571.22	7	59	#
521	1915.67	18	61	#
522	5263.48	4	5	28	29	31	37	#
523	4088.58	11	22	24	27	58	#
524	2886.43	22	39	57	#
525	1606.74	12	18	#
526	1015.3	23	30	51	55	#
527	1661.11	3	55	#
528	7443.07	4	5	19	22	27	43	46	52	#
529	1188.66	10	36	43	#
530	1171.42	10	37	#
531	2237.91	4	13	24	#
532	5182.63	19	26	34	35	54	55	#
533	3041.74	4	33	42	45	63	#
534	2955.26	1	49	53	#
535	2997.32	15	25	51	#
536	3694.15	5	10	13	36	#
537	1427.92	6	27	#
538	1155.94	32	48	#
539	2401.8	22	43	54	#
540	2215.28	2	6	11	32	#
541	2729.35	6	15	43	#
542	1091.11	14	17	58	#
543	1951.91	10	11	#
544	2491.94	22	31	51	#
545	1726.38	10	32	#
546	1888.09	8	33	44	#
547	3934.8	23	32	38	55	56	#
548	2302.85	3	11	17	34	#
549	1390.11	17	56	#
550	1384.51	46	59	#
551	2487.26	9	11	17	#
552	2672.9	1	23	27	62	#
553	4111.6	7	26	30	53	59	#
554	3400.49	5	25	36	37	#
555	1852.77	14	47	56	57	#
556	2519.57	19	37	41	53	58	#
557	9530.93	1	15	16	28	34	38	40	41	56	62	#
558	2794.52	37	41	59	#
559	2797.72	38	48	55	61	#
560	1489.42	48	57	#
561	1279.76	6	40	#
562	1023.13	5	25	#
563	1167.05	36	59	#
564	2599.97	16	19	23	41	44	#
565	1693.05	11	48	#
566	1303.07	7	52	#
567	1551.88	5	49	#
568	1608	18	47	#
569	1746.27	16	58	#
570	2546.9	12	24	59	#
571	1888.12	6	10	29	#
572	1383.32	7	9	#
573	1780.51	5	63	#
574	1902.19	17	40	#
575	1456.05	17	48	#
576	1921.93	17	43	53	#
577	1060.27	7	18	#
578	3743.63	12	19	31	32	35	62	#
579	1842.93	53	60	#
580	2465.83	13	28	50	63	#
581	1933.04	51	60	#
582	2767.49	3	14	25	47	56	#
583	4997.16	3	32	35	36	41	#
584	2006.03	8	22	59	#
585	1159.15	36	42	#
586	1964.27	2	10	#
587	1884.45	22	34	#
588	5611.47	1	6	17	45	46	54	#
589	1614.09	2	59	#
590	2663	9	18	19	29	46	#
591	1296.63	20	31	#
592	1291.16	7	37	#
593	1787.29	10	59	#
594	1773.96	36	47	#
595	1683.54	7	28	#
596	1712.22	19	35	50	#
597	3884.37	7	37	41	42	51	52	#
598	1096.19	8	59	#
599	1711.41	53	58	#
600	1478.48	5	46	#
601	2480.62	5	34	44	#
602	1566.35	39	48	#
603	4458.95	1	5	16	25	31	44	50	53	#
604	3451.98	14	40	58	59	#
605	8264.3	9	20	22	23	31	38	45	50	57	58	#
606	1984.81	27	56	#
607	1136.5	1	3	#
608	1720.31	3	31	#
609	1263.06	8	32	56	#
610	3751.5	7	26	35	38	43	#
611	3461.6	16	29	42	51	#
612	1935.19	29	52	#
613	1508.84	6	21	#
614	4299.2	6	8	9	15	43	#
615	3507.88	0	5	14	22	#
616	1317.83	7	43	61	#
617	1931.23	1	25	#
618	1203.48	31	49	#
619	1671.85	0	1	26	#
620	1841.09	8	12	37	39	47	48	#
621	1246.75	29	41	56	#
622	1618.33	4	28	30	59	#
623	2948.56	4	8	9	12	#
624	1374.3	1	22	#
625	2577.31	3	13	17	21	42	43	49	58	#
626	2134.48	16	32	34	38	45	47	57	#
627	3498.7	30	45	48	54	#
628	4426.42	10	16	33	46	52	#
629	2195.1	7	25	43	55	#
630	1738.91	8	30	#
631	1834.15	3	29	36	38	#
632	1669.5	17	62	#
633	1562.6	0	1	3	14	62	#
634	1956.23	41	49	#
635	4952.62	22	48	58	61	63	#
636	3877.68	11	25	37	47	63	#
637	1699.1	3	8	12	28	50	#
638	1491.49	10	26	#
639	1938.87	10	41	#
640	1295.59	51	58	#
641	3623.69	7	21	39	49	#
642	2283.14	17	25	45	#
643	3302.15	0	33	47	52	53	54	#
644	2739.99	11	33	43	49	#
645	1748.66	23	39	#
646	1192.42	28	57	#
647	2738.59	4	26	63	#
648	1734.05	36	63	#
649	3550.71	7	31	46	59	#
650	1739.46	0	59	61	#
651	3268.8	1	7	35	51	60	#
652	1070.63	1	2	#
653	2579.87	32	35	46	52	56	#
654	1034.34	0	8	34	#
655	1998.31	6	25	#
656	3989.26	1	5	10	45	59	#
657	1077.07	8	33	#
658	3025.04	4	13	21	38	41	#
659	2348.95	6	8	33	34	40	42	44	56	#
660	1062.49	8	54	#
661	4481.97	14	15	20	47	55	#
662	2414.31	29	56	63	#
663	1741.85	18	29	35	#
664	1156.45	42	43	#
665	1539.94	34	62	#
666	3436.65	5	31	38	58	63	#
667	2055.02	15	21	36	#
668	1491.67	4	36	#
669	1680.31	11	22	#
670	3764.95	17	18	25	62	#
671	1699.87	6	29	62	#
672	2200.19	7	27	48	#
673	4557.66	6	13	22	34	43	#
674	2358.1	37	57	59	#
675	2859.96	25	42	50	#
676	1038.94	9	29	56	#
677	4343.54	8	15	19	32	45	#
678	1624.2	1	14	16	#
679	1136.18	22	63	#
680	3377.31	21	33	35	43	55	56	#
681	5143.09	19	29	31	53	56	58	62	#
682	1656.83	37	42	#
683	3983.44	20	30	35	60	63	#
684	1754.04	30	45	#
685	1505.5	29	35	#
686	5920.83	3	9	19	36	43	52	#
687	1937.11	32	39	54	#
688	1435.39	15	23	#
689	2188.83	8	16	18	#
690	4805.67	3	9	26	39	60	#
691	1194.9	9	58	#
692	1374.11	2	49	#
693	1649.55	10	22	#
694	3379.83	12	20	24	36	#
695	1144.35	24	35	#
696	1918.04	1	4	61	#
697	2571.07	34	48	61	#
698	1477.03	53	61	#
699	3210.45	5	20	42	53	#
700	1758.26	7	56	#
701	2573.3	25	30	49	#
702	1445.03	1	22	47	#
703	1254.48	54	60	#
704	1291.23	11	30	#
705	1474.15	28	47	#
706	2597.47	3	35	38	40	41	55	57	#
707	1054.03	5	41	#
708	1408.58	2	11	#
709	2084.22	8	17	44	#
710	2776.88	5	52	63	#
711	1488.28	13	31	33	#
712	4288.5	15	19	32	40	44	#
713	2483.14	3	19	34	52	#
714	1572.45	25	38	48	55	#
715	1275.62	30	52	#
716	2042.25	11	23	44	#
717	2596.81	56	57	63	#
718	1054.75	17	31	#
719	7446.38	9	10	14	18	19	23	24	25	30	44	54	#
720	1794.06	44	62	#
721	1407.04	13	52	#
722	1953.42	21	63	#
723	3146.15	10	26	31	32	34	#
724	1352.37	19	39	#
725	2153.37	10	16	18	38	59	#
726	1055.34	19	55	58	#
727	2956.29	0	1	9	18	23	26	56	58	#
728	1894.08	16	46	#
729	2940.89	10	12	23	45	#
730	1093.17	10	27	30	43	#
731	3132.85	24	44	59	63	#
732	1300.72	16	31	60	#
733	5351.95	11	13	36	46	54	61	#
734	2305.03	5	9	53	60	#
735	1865.72	17	42	43	60	61	#
736	2901.01	1	3	5	6	18	25	31	40	41	#
737	2861.52	7	28	58	#
738	2677.32	16	22	47	53	#
739	1175.18	2	36	#
740	1591.81	53	54	#
741	4009.7	16	17	18	29	48	#
742	2661.53	13	16	26	42	#
743	3230.47	7	24	32	41	46	50	#
744	1352.79	2	27	#
745	2825.52	9	46	63	#
746	2224.51	32	33	35	37	52	#
747	2905.31	20	24	37	42	#
748	3813.15	4	9	48	52	#
749	2025.27	6	10	52	57	#
750	3210.16	9	11	25	47	57	58	#
751	2457.68	0	11	17	52	#
752	2303.88	25	34	36	49	#
753	1349.03	6	58	#
754	1627.44	32	38	53	#
755	1228.9	19	20	49	60	#
756	1438.87	21	52	57	#
757	2856.03	10	17	54	#
758	2736.55	7	41	42	#
759	2720.03	10	17	21	28	48	#
760	2736.87	4	29	53	#
761	2364.48	4	18	60	#
762	2916.1	33	38	43	60	#
763	1685.91	14	32	51	#
764	2967.38	2	33	36	45	#
765	1355.73	26	44	#
766	1834.96	9	35	#
767	1843.16	28	31	#
768	4801.99	13	20	23	46	58	#
769	4074.74	13	19	20	30	33	46	#
770	2652.17	4	7	25	33	#
771	1908.62	4	41	#
772	1578.84	14	21	#
773	1268.58	41	50	54	#
774	2761.37	15	26	30	#
775	2047.29	11	52	56	#
776	1513.42	29	46	#
777	1988.74	14	34	37	#
778	946.25	9	29	#
779	1536.86	18	49	#
780	1629.13	1	9	37	#
781	2954.32	6	25	46	#
782	1736.28	49	62	#
783	2915.3	4	8	33	#
784	2307.07	6	18	27	#
785	1757.24	34	39	42	44	#
786	2701.84	5	42	60	#
787	2528.1	4	40	48	#
788	4508.33	5	16	19	21	27	#
789	3386.79	13	14	26	27	#
790	3471.86	5	7	16	25	32	35	#
791	3234.26	23	53	54	63	#
792	2742.16	11	12	17	49	50	#
793	3795.93	19	20	42	46	#
794	2716.88	25	35	53	#
795	1719.1	11	12	53	#
796	2478.93	20	21	22	#
797	2325.97	0	13	23	32	#
798	2782.56	30	54	59	#
799	1493.14	9	38	#
800	2538.12	7	9	13	36	54	#
801	2643.27	10	11	18	43	#
802	3031.56	11	26	27	53	#
803	4297.34	13	16	23	31	34	#
804	1363.69	57	60	#
805	4935.01	2	21	32	35	56	59	#
806	1349.6	27	44	46	48	#
807	1986.83	9	31	33	#
808	2627.4	34	48	53	61	#
809	5338.28	0	2	9	16	18	31	32	#
810	1587.17	41	55	#
811	1898.64	9	22	#
812	4704.28	16	19	33	45	47	#
813	2032.38	16	22	51	#
814	3329.91	8	14	28	35	#
815	1653.67	9	36	40	43	#
816	1494.19	54	62	#
817	1997.79	2	9	#
818	1343.99	12	45	#
819	1857.43	12	22	#
820	4411.71	23	38	43	62	63	#
821	2967.74	23	35	38	49	#
822	2475.21	22	31	49	#
823	1052.35	18	24	#
824	5512.06	1	3	4	18	34	40	59	60	63	#
825	2433.17	38	47	56	#
826	2980.26	9	19	42	#
827	2603.35	10	19	35	52	#
828	1557.75	34	44	#
829	1349.29	11	52	#
830	1862.13	9	18	31	#
831	5840.19	3	18	27	42	44	46	#
832	2317.6	17	24	43	#
833	1346.62	22	30	51	#
834	3825.82	39	43	57	62	#
835	1799.38	10	36	62	#
836	1547.68	19	54	#
837	2658.62	43	51	52	#
838	1001.4	39	56	#
839	1732.23	40	50	60	#
840	1023.71	6	34	#
841	2207.64	23	50	58	#
842	2114.41	32	54	58	#
843	1048.12	10	33	#
844	2978.17	2	15	18	41	#
845	1376.18	18	46	#
846	1439.8	9	40	46	#
847	5622.74	1	8	16	30	47	51	#
848	1111.85	58	60	#
849	1304.64	4	20	#
850	1235.46	29	53	#
851	1957.41	8	18	59	#
852	966.391	15	58	#
853	4965.99	19	25	33	38	42	43	50	#
854	3195.88	23	34	38	42	#
855	2167.18	0	45	46	51	53	#
856	1292.53	5	23	#
857	7795.8	9	14	22	28	33	46	57	58	59	60	61	#
858	3324.8	29	46	47	62	#
859	2800.7	31	33	34	45	#
860	3921.53	4	13	37	43	#
861	2085.24	30	54	63	#
862	1095.72	29	33	63	#
863	1274.53	0	38	42	#
864	6769.42	0	13	14	27	28	45	46	49	53	58	#
865	3823.75	6	29	45	50	#
866	3620.84	17	33	41	53	62	#
867	988.15	26	60	#
868	5004.12	4	7	8	15	23	28	31	35	40	43	#
869	1543.6	31	52	61	#
870	1314.81	43	44	#
871	1478.11	2	17	57	#
872	2555.93	56	59	61	#
873	994.216	15	33	#
874	1973.17	17	24	30	52	54	#
875	6964.48	2	11	26	28	39	40	57	#
876	2910.08	17	27	31	38	47	#
877	2355.53	1	51	53	#
878	1014.04	5	28	#
879	1582.44	25	33	#
880	2338.75	1	12	22	26	45	55	#
881	2700.76	3	5	7	11	19	34	38	#
882	2358.53	45	50	56	#
883	1847.3	7	14	19	#
884	1487.11	10	23	#
885	3699.67	10	42	45	50	#
886	1895.63	18	32	44	#
887	3794.99	8	31	35	63	#
888	2045.4	17	32	42	49	#
889	2303.15	7	31	35	57	60	#
890	1227.21	1	4	40	#
891	6900.78	4	6	11	19	21	27	30	50	#
892	1808.45	16	57	63	#
893	3997.61	5	17	39	46	#
894	2983.89	6	7	12	47	#
895	3133.3	0	15	20	26	36	#
896	1859.3	14	31	#
897	1420.06	40	51	#
898	3169.4	0	22	25	40	59	#
899	5967.94	2	3	6	9	14	16	18	23	24	26	28	37	40	47	52	#
900	8858.54	3	4	6	7	10	17	25	26	29	39	51	52	54	60	#
901	1914.28	5	54	#
902	3873.59	11	13	31	37	#
903	3691.5	23	32	34	43	59	#
904	1408.17	20	38	#
905	5290.93	24	25	32	37	47	53	62	#
906	1103.36	6	18	42	#
907	3578.04	17	19	27	34	36	#
908	5975.97	22	28	36	40	42	46	53	#
909	1096.8	4	21	38	#
910	2136.87	9	15	34	42	51	#
911	4747.37	7	16	23	30	33	49	#
912	2048.27	1	47	63	#
913	3621.07	1	5	29	54	#
914	2337.36	7	40	44	46	52	#
915	1498.89	21	32	#
916	2655.12	1	20	42	#
917	1973.95	25	30	34	#
918	1907.32	32	61	#
919	2913.69	12	15	51	#
920	1242.36	14	28	#
921	2589.01	2	56	57	#
922	1458.13	30	59	#
923	3933.33	7	11	49	63	#
924	3998.69	22	29	33	34	43	44	47	58	#
925	1094.88	0	38	#
926	2234.78	27	33	51	62	#
927	1829.05	13	14	27	32	#
928	5007.67	24	29	33	43	55	56	#
929	4548.41	25	27	28	50	59	#
930	3065.34	16	52	54	57	#
931	1235.81	32	38	#
932	1666.48	27	28	#
933	3785.56	16	41	42	55	#
934	4115.31	13	21	25	26	27	43	#
935	3168.71	14	16	18	28	33	35	38	46	48	#
936	2468.83	28	39	41	48	55	61	#
937	2514.08	19	23	30	56	#
938	2018.3	17	23	28	48	#
939	2500.73	14	16	30	#
940	1614.39	54	56	#
941	1047.92	7	49	#
942	1532.72	14	17	43	45	#
943	2114.66	8	26	35	#
944	1672.09	18	33	45	#
945	2972.65	35	39	42	#
946	7148.9	8	17	21	40	42	48	51	59	#
947	4145.46	1	3	4	45	49	62	#
948	2466.85	15	33	38	61	#
949	3386.87	25	31	36	43	45	#
950	6543.37	8	11	21	37	61	62	63	#
951	1333.66	15	47	#
952	1542.48	14	20	#
953	1682.42	23	41	#
954	2050.11	11	17	63	#
955	1684.83	0	59	#
956	2003.59	8	28	51	#
957	1459.32	26	52	#
958	1223.4	12	15	#
959	2555.52	12	29	38	48	#
960	1015.54	0	1	6	46	#
961	1379.86	0	23	#
962	4249.42	13	19	22	37	42	45	46	47	48	49	53	61	#
963	1437.29	7	27	39	51	53	#
964	1453.46	15	29	#
965	1455.39	0	55	61	#
966	1754.28	16	21	31	#
967	2714.07	9	15	17	19	35	48	61	#
968	5438.17	1	13	43	47	58	63	#
969	2349.94	9	17	24	25	31	#
970	1860.31	23	42	#
971	2246.42	29	40	58	#
972	4967.28	3	9	13	19	20	32	41	#
973	1107.8	20	28	#
974	1527.88	15	36	49	#
975	2883.29	1	36	54	#
976	1543.98	1	48	#
977	1677.02	8	13	34	#
978	1390.68	31	46	#
979	4729.95	2	18	20	29	49	#
980	1588.97	2	14	#
981	1726.41	14	29	58	#
982	1132.72	15	53	#
983	2826.75	15	21	24	42	49	56	57	62	#
984	2778.27	4	53	59	60	#
985	1766.02	51	54	#
986	2212.8	11	20	24	#
987	1766.57	15	42	#
988	2137.6	21	24	54	#
989	2720.67	9	12	59	#
990	1936.47	32	50	57	#
991	3294.51	21	27	41	45	#
992	1490.27	22	41	#
993	3774.4	4	12	17	20	31	#
994	4810.12	19	22	23	26	31	38	#
995	1915.86	17	20	33	#
996	2663.51	0	43	50	#
997	6306.51	0	4	13	30	41	45	52	#
998	2318.02	3	8	13	15	28	30	35	50	#
999	5951.43	7	10	16	19	21	23	29	37	#
