%% File generated by CATS v.2.1Wed Jun 22 10:37:31 2022

%% The CATS webpage is http://robotics.stanford.edu/CATS

%% PARAMETER SETTINGS:
% Goods: 64; Bids: 1000; Distribution: L4; Runs: 1; Seed: 1656572492
% Legacy distribution parameters:
% Number of goods chosen according to Decay distribution (alpha = 0.55).
% Price chosen according to Linear Random distribution (low_linearly = 1, high_linearly = 1000).


goods 64
bids 1000
dummy 0

0	873.43	20	#
1	996.153	25	#
2	2055.33	27	32	39	47	#
3	973.278	26	#
4	1511.82	36	54	#
5	1522.94	32	60	#
6	981.446	46	#
7	2525.72	17	38	59	#
8	1169.85	36	47	56	#
9	2039.69	36	43	55	#
10	987.308	54	#
11	928.251	11	#
12	1919.47	9	12	19	42	47	59	#
13	1254.51	26	52	61	#
14	4760.9	9	17	19	29	32	46	#
15	878.406	41	#
16	4887	2	23	47	53	54	#
17	1924.85	14	22	47	58	#
18	1990.2	29	30	#
19	984.645	47	#
20	3911.55	4	13	15	20	29	33	60	#
21	970.417	57	#
22	936.164	6	#
23	3443.06	22	35	59	63	#
24	1534.4	13	17	42	45	54	56	#
25	948.115	19	#
26	2699.48	30	53	57	#
27	1522.54	6	51	#
28	969.353	43	#
29	1363.76	25	33	63	#
30	986.226	27	#
31	1563.86	7	18	30	32	#
32	964.046	37	#
33	1417.62	0	13	#
34	2068.83	17	33	54	55	#
35	837.45	32	#
36	1577.1	2	19	50	#
37	6547.31	5	10	11	13	34	37	47	50	58	#
38	991.37	44	#
39	3677.45	19	29	41	63	#
40	1224.87	26	62	#
41	991.992	4	#
42	1328.85	33	40	50	#
43	963.407	59	#
44	1503.36	11	16	53	57	#
45	901.827	15	#
46	3761.96	22	31	38	48	#
47	1270.75	23	32	#
48	1682.86	15	27	61	#
49	950.163	63	#
50	953.141	28	#
51	902.659	22	#
52	1050.21	7	44	#
53	4613.06	7	16	17	31	44	60	#
54	973.675	13	#
55	995.835	5	#
56	976.241	2	#
57	1598.48	0	1	54	#
58	945.157	3	#
59	1468.95	26	43	58	#
60	2992.8	11	15	43	60	#
61	6574.53	2	7	8	21	22	43	54	60	#
62	993.514	12	#
63	991.602	51	#
64	1977.62	40	51	#
65	2795.22	12	16	30	46	#
66	3338.99	5	18	27	35	#
67	994.486	39	#
68	1101.47	8	25	#
69	928.982	33	#
70	999.838	62	#
71	962.26	45	#
72	906.125	24	#
73	921.419	1	#
74	976.494	14	#
75	1485.16	27	38	41	#
76	923.23	61	#
77	943.121	30	#
78	5331.06	0	11	19	21	22	23	27	52	#
79	1865.64	4	30	#
80	2820.68	6	11	63	#
81	1328.58	11	32	#
82	2217.09	4	14	50	#
83	5028.21	2	9	15	16	41	42	#
84	1840.79	33	43	55	62	#
85	1040.3	29	60	#
86	1815.29	9	33	54	#
87	909.768	29	#
88	2800.62	1	11	52	#
89	2799.43	15	27	30	58	#
90	1945.37	4	9	43	#
91	2783.5	26	32	49	#
92	900.707	34	#
93	985.368	17	#
94	2021.95	22	31	43	47	61	63	#
95	981.757	31	#
96	1603.58	3	35	#
97	1774.12	5	39	#
98	964.011	55	#
99	985.944	9	#
100	2813.09	28	33	40	58	#
101	1631.79	43	61	#
102	990.451	8	#
103	2257.67	16	18	30	#
104	3972.54	4	19	22	29	36	52	53	55	61	62	63	#
105	1515.11	36	42	49	55	#
106	2670.41	8	11	20	#
107	1168.24	1	11	#
108	1820.29	22	33	#
109	3911.6	1	23	33	37	44	#
110	1276.27	9	31	#
111	1046.89	25	31	49	50	#
112	1886.1	2	48	#
113	5430.57	4	32	44	51	55	62	#
114	997.98	49	#
115	1872.28	4	5	62	#
116	1130.16	4	32	#
117	950.014	16	#
118	2543.54	13	29	31	42	#
119	1294.16	24	63	#
120	3836.19	26	31	43	52	61	#
121	940.681	60	#
122	956.802	7	#
123	2780.96	1	31	51	#
124	982.871	21	#
125	1758.38	36	46	#
126	1472.7	16	42	50	#
127	1929.67	12	50	#
128	1939.15	1	57	#
129	845.76	0	#
130	947.573	56	#
131	1406.67	6	8	27	28	43	54	60	#
132	2673.07	7	32	50	#
133	945.683	48	#
134	986.311	23	#
135	1612.58	18	53	#
136	4133.61	13	25	26	44	51	59	#
137	1233.3	0	9	#
138	1878.61	31	45	#
139	1961.04	1	29	#
140	4340.02	6	14	19	23	42	47	#
141	1512.05	10	12	42	#
142	1502.11	9	48	#
143	1786.6	34	60	#
144	1048.21	32	52	#
145	1956.38	12	33	#
146	1719.03	8	47	#
147	5216.65	1	7	24	54	57	58	#
148	2745.14	11	50	51	59	#
149	1430.73	5	13	58	#
150	978.98	18	#
151	1607.29	11	17	#
152	1251.92	41	51	#
153	2683.48	2	15	18	21	25	26	29	38	46	47	#
154	992.743	53	#
155	3476.6	3	4	26	37	47	49	58	#
156	1233.33	9	33	#
157	975.328	58	#
158	1828.41	51	60	#
159	7886.6	0	16	19	24	36	43	45	47	49	#
160	991.116	50	#
161	2319.62	0	12	13	36	40	#
162	1546.87	0	9	26	#
163	2198.03	0	8	15	16	28	#
164	1218.31	3	5	21	28	#
165	889.639	52	#
166	3492.18	7	16	20	37	53	57	#
167	1847.33	4	9	35	42	#
168	1997.98	6	13	#
169	2106.61	19	27	61	#
170	4681.9	4	6	11	32	39	43	52	#
171	1618.82	14	44	#
172	2454.99	11	18	25	34	48	#
173	1335.43	2	47	#
174	1771.71	2	51	#
175	1645.57	16	22	35	#
176	2663.09	9	29	40	63	#
177	976.56	38	#
178	1874.19	4	7	29	50	#
179	2576.67	22	41	52	#
180	2185.52	4	7	12	23	47	61	#
181	1142.34	1	19	#
182	604.685	10	#
183	1447.33	19	50	#
184	2265.93	16	27	46	#
185	1958.51	19	60	#
186	2110.05	29	50	51	61	#
187	1072.88	27	56	#
188	1563.77	1	13	#
189	1921.34	34	62	#
190	3719.06	0	3	22	28	43	59	#
191	973.975	42	#
192	1898.54	27	63	#
193	1712.12	1	52	59	#
194	1024.64	31	51	#
195	2864.44	14	21	26	#
196	1247.47	1	36	#
197	3729.66	24	27	58	59	63	#
198	2933.55	37	43	63	#
199	1565.89	7	54	#
200	1435.89	31	37	#
201	978.262	35	#
202	2669.79	18	41	45	#
203	9148.06	7	14	20	21	22	25	26	34	37	49	#
204	1970.76	31	46	#
205	1758.43	15	53	#
206	973.296	36	#
207	1981.79	0	21	#
208	2865.98	9	37	61	#
209	4791.18	19	31	38	39	51	61	#
210	2630.4	0	11	52	#
211	5653.99	7	9	41	49	52	53	59	#
212	5988.12	4	14	25	52	55	56	#
213	1290.76	1	36	47	#
214	3674.64	1	20	24	37	42	#
215	2528.36	29	51	62	#
216	2757.24	16	49	54	#
217	1727.7	55	60	#
218	6337.81	2	7	19	26	44	53	58	63	#
219	990.351	21	26	#
220	2906.55	18	28	30	40	54	#
221	1941.81	27	32	#
222	1738.97	38	48	#
223	1242.43	58	62	#
224	1085.9	42	50	#
225	1184.5	13	36	#
226	2965.18	1	5	20	44	#
227	1866.78	4	45	56	#
228	1422.75	12	19	#
229	2400.69	5	24	31	40	46	#
230	4695.77	15	20	21	25	40	46	55	#
231	2742.39	30	33	59	#
232	2004.67	3	38	39	54	#
233	1778.56	15	60	#
234	3296.67	6	19	20	22	28	37	42	#
235	3533.52	37	39	40	49	50	#
236	1384.41	4	16	#
237	2269.94	13	23	57	#
238	2060	5	12	47	#
239	1755.71	12	45	63	#
240	2048.06	1	5	60	#
241	1774.16	31	33	#
242	1208.07	22	42	#
243	1012.76	28	46	47	#
244	2115.72	9	26	53	#
245	1810.43	9	18	#
246	1828.66	6	30	#
247	2422.6	8	28	55	#
248	985.875	40	#
249	2347.32	42	50	51	#
250	2935.69	19	20	29	#
251	2190.77	16	31	36	59	#
252	3631.37	15	32	44	46	53	#
253	1453.12	28	30	#
254	1370.72	3	37	#
255	1767.61	2	35	#
256	1100.44	20	47	#
257	1636.53	26	45	#
258	4509.74	1	15	21	27	50	55	#
259	2797.96	4	22	38	#
260	3904.96	9	39	59	63	#
261	1773.77	8	37	#
262	1942.51	30	38	#
263	1422.21	18	35	#
264	5385.67	2	22	25	30	51	63	#
265	1724.43	9	30	51	#
266	2430.91	26	54	57	#
267	2453.13	18	24	59	#
268	2883.23	20	45	51	#
269	2043.73	6	10	23	58	#
270	1183.72	10	58	#
271	1712.23	7	27	33	60	#
272	1707.44	7	22	48	#
273	1752.84	6	23	57	#
274	2840.14	2	6	47	#
275	2944.47	8	13	20	54	#
276	1773.42	4	46	#
277	2161.94	33	54	60	#
278	1521.38	29	51	#
279	3203.26	17	19	36	44	#
280	3586.61	6	33	38	63	#
281	1795.39	46	53	62	#
282	1132.24	22	25	49	55	#
283	1841.83	38	41	43	54	#
284	1234.16	8	11	#
285	1080.95	6	52	#
286	1219.52	3	60	#
287	2677.24	8	37	53	#
288	3393.1	3	12	23	26	36	#
289	4083.87	4	15	28	44	61	#
290	1676.06	30	63	#
291	5052.71	18	21	23	25	28	39	#
292	1861.87	0	4	19	51	59	#
293	1199.96	22	36	#
294	1617.15	27	44	#
295	2058.96	25	26	31	#
296	1772.46	23	53	#
297	1809.89	1	35	#
298	1508.32	33	41	53	#
299	1621.24	27	51	#
300	2361.62	7	37	40	63	#
301	1805.78	4	32	62	#
302	6577.24	12	30	34	39	40	41	49	54	#
303	1690.86	30	51	#
304	3590.12	19	21	39	42	52	#
305	1485.94	31	35	#
306	1657.48	16	19	#
307	1222.6	37	46	#
308	2964.26	0	3	21	27	28	59	#
309	1618.69	2	60	#
310	4845.24	8	9	16	44	45	#
311	1887.39	42	60	#
312	2745.1	23	48	63	#
313	5468.68	6	15	36	38	42	59	#
314	1044.55	8	57	#
315	1984.6	30	46	59	#
316	1569.27	4	45	#
317	1580.93	12	63	#
318	1390.82	15	24	#
319	1282.66	30	39	#
320	997.484	17	33	#
321	1352.38	17	63	#
322	1230.27	14	18	25	39	40	45	47	#
323	1374.19	1	39	47	51	#
324	1141.43	15	42	#
325	2323.84	17	34	40	42	#
326	1986.05	2	25	#
327	1689.79	21	53	59	#
328	1338.71	13	34	#
329	1661.93	8	40	#
330	2869.29	13	34	48	58	#
331	1606.87	48	57	#
332	2020.36	0	1	24	39	43	#
333	1996.93	22	24	31	#
334	1650.98	21	54	#
335	1822.8	5	27	#
336	2566.22	1	51	54	#
337	1901.89	50	52	#
338	1675.04	16	60	#
339	2823.28	20	24	49	#
340	2214.78	13	14	24	#
341	1826.87	23	50	#
342	1104.05	15	38	#
343	3648.4	1	11	20	28	41	#
344	1572.62	5	11	#
345	1330.47	9	41	#
346	1302.78	9	36	52	#
347	1866.2	23	54	#
348	3290.74	23	28	37	60	#
349	7958.68	8	13	14	35	38	44	45	59	#
350	1011.84	28	37	#
351	1731.64	39	48	#
352	2680.76	26	54	63	#
353	1329.81	3	8	#
354	1104.35	0	7	32	42	#
355	2933.48	44	45	61	63	#
356	1953.72	26	27	#
357	1130.28	8	24	#
358	1494.47	10	54	#
359	1757.6	33	51	59	#
360	1153.32	44	58	#
361	2657.6	28	31	59	#
362	1503.22	0	29	#
363	5349.11	1	7	19	28	50	59	#
364	1379.11	16	25	#
365	1770.3	1	2	7	41	58	61	#
366	2784.12	29	39	61	#
367	1486.42	3	17	62	#
368	1867.85	22	25	32	51	#
369	1947.68	2	46	#
370	1614.08	7	33	53	#
371	1957.41	7	51	#
372	1974.74	18	19	#
373	2405.25	5	17	24	50	52	#
374	5590.49	1	15	36	43	48	49	#
375	2890.78	25	34	53	62	#
376	1970.4	38	53	#
377	1120.91	15	34	37	#
378	1933.77	24	59	#
379	2828.17	21	32	49	#
380	2933.21	14	31	42	48	#
381	999.898	31	59	#
382	2747.49	1	18	36	37	#
383	5824.98	15	21	26	44	45	49	61	#
384	1795.88	1	20	60	63	#
385	2689.93	5	11	28	49	#
386	1091.18	18	58	#
387	1061.67	27	45	#
388	3742.72	20	25	28	44	48	56	#
389	1658	20	25	#
390	1616.68	39	54	#
391	1035.33	26	38	49	#
392	2901.42	2	26	27	#
393	3652.25	0	23	50	63	#
394	1578.47	9	12	21	29	#
395	1748.63	24	56	#
396	4112.45	30	38	55	56	62	#
397	1894.73	23	36	#
398	1367.65	9	35	62	#
399	1199.2	45	53	#
400	3587.36	5	46	48	60	#
401	2661.56	23	26	29	30	46	#
402	1864.82	4	6	28	#
403	2596.91	2	9	22	#
404	3728.96	6	12	39	44	52	#
405	2843.74	0	4	7	13	38	45	#
406	1181.94	24	44	55	#
407	1046.89	15	19	#
408	2560.94	9	17	30	#
409	1795.91	6	26	63	#
410	2950.23	4	11	57	#
411	2509.73	4	10	19	60	#
412	2059.1	23	32	50	#
413	1778.27	6	45	#
414	3225.76	0	10	11	14	28	53	#
415	1671.59	24	30	#
416	2049.1	14	59	63	#
417	1127.77	32	54	#
418	3641.77	9	11	31	33	#
419	1825.32	25	44	#
420	2598.55	37	38	58	60	#
421	2053.58	5	9	50	#
422	1644.1	3	19	47	#
423	1235.29	5	10	52	#
424	1043.66	32	47	#
425	1661.21	25	37	#
426	4720.03	3	14	18	24	32	47	#
427	2395.82	8	9	22	57	#
428	1455.69	42	43	49	53	#
429	2838	9	22	23	36	42	#
430	5716.85	16	28	37	49	53	57	#
431	6472.1	4	13	33	34	37	39	41	42	61	#
432	2895.36	10	24	44	#
433	1046.12	8	58	#
434	1269.71	9	23	47	#
435	1377.22	7	13	47	#
436	2810.01	0	52	60	#
437	1516.26	18	21	47	#
438	3816.88	30	57	59	63	#
439	4967.22	2	7	44	49	60	#
440	3302.39	4	8	23	62	#
441	2243.13	6	18	50	#
442	3961.68	5	11	14	35	#
443	2735.72	15	42	49	#
444	1225.84	57	58	#
445	1542.7	31	62	#
446	2000.82	10	24	39	#
447	2623.22	7	26	29	#
448	2888.62	8	21	63	#
449	7796.16	4	12	15	28	29	41	52	58	#
450	2501.66	8	18	35	#
451	3660.96	3	5	13	21	30	40	#
452	1579	32	58	#
453	1861.11	29	58	#
454	2152.82	9	38	42	46	#
455	1074.62	4	10	11	23	#
456	2031.89	11	42	48	49	51	63	#
457	2391.77	25	43	54	#
458	2349.17	8	14	15	23	24	46	#
459	1643.83	17	29	#
460	1947.05	39	61	#
461	2365.49	6	10	25	44	#
462	1167.72	29	33	#
463	1191.8	15	58	63	#
464	2019.51	14	18	26	30	#
465	3729.29	11	22	25	36	#
466	3019.57	4	23	33	63	#
467	5087.15	4	31	33	48	51	61	#
468	4638.95	2	9	24	32	35	38	41	#
469	3580.73	2	13	23	52	#
470	7479	9	12	15	22	30	39	40	41	43	#
471	2280.5	29	33	42	#
472	4168.87	12	20	25	26	60	#
473	1946.73	6	42	#
474	1592.39	38	45	#
475	1045.77	0	30	#
476	4509.04	29	30	32	42	49	51	#
477	3414.82	3	12	62	63	#
478	1791.96	13	60	#
479	2940.24	51	61	62	#
480	1372.74	7	45	#
481	1268.04	36	55	#
482	2272.54	12	28	41	49	#
483	1028.1	0	22	#
484	1881.85	55	63	#
485	1422.43	45	51	#
486	1765.55	17	23	41	46	61	#
487	1917.77	19	34	#
488	1360.43	41	42	51	61	#
489	1018.1	4	20	59	#
490	1671.17	44	50	#
491	1633.5	36	45	#
492	2321.67	20	32	37	58	#
493	1039.17	33	45	#
494	2298.6	7	13	57	#
495	2635.47	15	49	51	55	#
496	2447.6	0	1	13	17	31	61	#
497	2372.55	35	39	63	#
498	1838.42	0	51	#
499	2763.5	33	51	58	#
500	3933.03	15	26	28	42	#
501	2167.93	31	35	49	#
502	1190.53	37	47	#
503	3465.11	9	15	27	31	50	51	63	#
504	2099.49	4	18	26	40	49	#
505	3483.79	6	10	43	46	#
506	1238.75	2	5	#
507	7357.23	1	6	9	13	43	44	46	54	#
508	1372.68	47	49	#
509	3380.26	21	45	56	57	#
510	2557.99	0	1	21	26	35	47	50	#
511	1772.33	16	62	#
512	7144.6	20	25	33	34	37	41	43	46	#
513	1969.82	52	57	#
514	1690.71	5	49	60	#
515	1616.41	0	9	28	31	40	#
516	2040.45	2	37	51	#
517	1678.37	19	56	#
518	2801.36	27	56	62	#
519	1254.18	30	40	#
520	1032.82	40	44	#
521	2598.61	15	22	38	#
522	1947.5	0	44	46	#
523	2981.6	8	25	56	#
524	4730.54	7	10	11	29	34	37	42	49	59	#
525	4753.09	1	14	19	30	63	#
526	1881.18	7	35	#
527	2369.73	3	13	22	#
528	1576.19	8	35	#
529	1861.35	18	23	39	#
530	1581.67	19	21	26	39	57	#
531	3770.98	20	29	31	43	#
532	2020.99	23	27	31	#
533	2186.84	7	52	53	#
534	1986.09	0	26	60	#
535	3443.15	10	16	21	30	40	#
536	2820.67	11	22	44	#
537	3037.69	5	25	37	59	#
538	1423.38	27	39	#
539	6601.31	6	10	15	17	32	47	51	#
540	1804.76	2	40	#
541	1673.26	6	40	#
542	1830.3	38	58	#
543	1705.96	29	41	46	#
544	1010.86	4	8	28	#
545	2381.59	21	27	33	34	37	#
546	2601.53	12	35	63	#
547	2157.46	11	28	31	49	#
548	2908.79	3	33	37	61	#
549	2086.9	9	15	24	40	#
550	1076.64	8	34	#
551	2198.39	19	21	30	34	41	56	#
552	1979.08	16	24	#
553	2118.63	8	24	27	35	37	#
554	4138.87	2	6	10	30	33	55	#
555	1525.35	43	47	#
556	1311.21	40	59	#
557	1853.63	20	23	#
558	1840.62	26	30	#
559	1352.74	11	40	#
560	4058.04	19	23	48	51	61	#
561	1960.65	16	51	#
562	1862.93	29	31	#
563	2383.43	1	36	41	#
564	1930.19	3	14	#
565	1249.41	31	43	#
566	1613.01	11	12	20	#
567	5703.1	12	43	46	48	56	62	63	#
568	1509.49	22	40	58	61	#
569	1174.36	36	60	#
570	1333.6	22	28	#
571	4771.59	1	10	27	35	44	#
572	2803.79	3	49	50	52	#
573	996.756	1	9	#
574	1783.48	43	48	#
575	2635.87	24	32	61	#
576	2319.59	26	38	48	57	#
577	1678.23	0	2	15	#
578	1125.62	4	19	47	#
579	1639.22	21	58	#
580	1371.8	3	47	56	#
581	2869.77	9	15	44	#
582	3362.61	25	29	30	63	#
583	1296.77	3	62	#
584	1523.68	48	62	#
585	3874.49	8	20	25	33	55	56	#
586	6984.9	4	27	39	41	48	54	61	62	#
587	2260.35	12	46	61	#
588	1891.56	52	54	#
589	4919.71	1	10	11	31	36	51	52	62	63	#
590	1503.03	12	21	#
591	2882.79	8	22	58	#
592	1211.12	2	52	#
593	1407.45	34	54	#
594	1800.88	35	52	#
595	1674.06	44	49	#
596	2282.4	4	20	35	41	#
597	1119.28	44	55	#
598	1069.72	8	9	#
599	2287.7	2	10	26	47	#
600	2165	8	55	62	#
601	1350.93	13	63	#
602	3808.91	7	19	20	43	47	#
603	2222.2	6	7	18	23	30	34	38	62	#
604	2820.84	6	10	46	47	#
605	2916.55	14	47	56	#
606	1778.03	6	16	59	#
607	1382.78	11	34	#
608	2968.52	16	30	50	#
609	1031.08	10	24	#
610	2760.52	2	13	25	#
611	2749.54	25	55	60	#
612	2543.71	10	11	18	24	31	38	52	56	#
613	1319.63	7	18	43	49	60	#
614	1533.98	20	27	35	#
615	2758.45	8	21	27	42	#
616	2035.14	29	35	39	#
617	3500.37	7	11	29	41	46	52	60	#
618	1895.68	3	6	7	#
619	1663.16	2	5	13	54	#
620	1553.33	43	56	#
621	1668.92	1	50	#
622	2640.91	10	14	51	63	#
623	1441.51	28	39	#
624	8207.34	2	11	15	19	32	44	53	54	57	#
625	2184.25	21	44	55	#
626	1984.71	0	17	39	43	45	#
627	4372.87	19	22	46	54	61	#
628	1781.07	27	48	#
629	2056.56	19	32	55	#
630	1962.73	11	45	#
631	1265.52	25	62	#
632	3206.82	3	51	53	62	#
633	1229.97	10	40	#
634	1415.73	5	25	51	#
635	2727.45	18	19	30	46	#
636	2154.27	12	31	38	48	50	55	61	#
637	3340.32	0	6	12	13	23	29	31	47	#
638	2338.29	11	49	60	63	#
639	2289.84	20	33	46	#
640	1633.65	14	37	#
641	3704.25	6	25	27	54	55	62	#
642	1136.01	19	36	#
643	2484.88	0	10	19	24	46	#
644	2920.79	0	8	10	23	28	35	36	48	#
645	1223.93	26	59	#
646	2634.44	3	5	24	33	50	#
647	984.135	37	45	#
648	3616.83	2	9	24	46	#
649	1601.64	17	38	#
650	1982.87	14	57	#
651	1361.79	14	61	#
652	2683.79	11	30	43	56	#
653	2375.8	22	30	36	49	53	63	#
654	1458.14	2	63	#
655	1823.16	23	59	#
656	1214.91	41	54	#
657	2553.39	13	23	46	49	#
658	1696.63	9	56	#
659	1835.27	13	52	#
660	2015.2	2	45	54	#
661	1730.26	32	59	#
662	2770.74	30	39	50	#
663	2263.69	12	55	58	#
664	1782.18	3	47	58	#
665	3112.94	7	30	41	47	59	#
666	1605.77	38	51	#
667	1930.16	12	24	38	54	#
668	1646.67	18	48	#
669	1094.75	27	38	#
670	2384.57	3	27	40	#
671	1793.2	1	2	11	13	17	#
672	2503.96	2	8	19	51	58	60	#
673	2509.98	18	34	59	#
674	4940.33	5	16	20	31	32	33	54	#
675	3853.07	24	52	58	62	#
676	2945.19	1	13	33	#
677	1379.09	5	51	#
678	1320.25	11	14	58	#
679	1450.66	10	19	#
680	1330.76	4	11	63	#
681	1828.06	17	24	29	#
682	1355.18	1	48	49	60	#
683	3195.08	5	41	47	56	#
684	3853.07	7	12	13	38	54	57	#
685	1476.04	25	36	#
686	1466.42	33	51	#
687	2157.21	13	39	63	#
688	3717.63	21	33	37	58	#
689	1854.5	6	20	58	60	63	#
690	1548.82	29	37	#
691	2554.27	0	2	12	42	#
692	7857.78	0	5	8	9	17	27	29	33	61	#
693	1552.2	44	48	#
694	1396.13	7	63	#
695	1343.83	15	31	#
696	2280.01	14	16	30	#
697	3234.72	17	34	50	51	#
698	3036.94	15	21	26	32	#
699	3988.8	7	22	33	39	52	58	#
700	2965.34	21	25	36	#
701	3098.72	10	30	38	49	#
702	1289.83	10	32	#
703	2797.07	25	38	46	49	#
704	1457.15	27	46	#
705	3353.09	8	16	25	29	33	37	42	54	57	#
706	1819.66	20	31	#
707	3647.73	14	22	26	40	#
708	1860.27	15	40	#
709	2100.03	12	30	36	#
710	1260.14	13	55	#
711	3326.25	3	42	50	54	57	#
712	1293.48	13	16	58	#
713	3086.33	23	34	42	47	53	#
714	2863.5	39	48	57	#
715	982.052	31	56	#
716	2960.51	3	19	20	48	#
717	2754.12	5	13	49	#
718	1755.39	32	55	#
719	4154.46	2	9	31	32	40	47	53	60	#
720	1563.91	1	11	24	#
721	1051.57	21	48	#
722	3487.82	22	30	44	55	#
723	1861.48	9	14	#
724	2094.56	9	21	23	35	63	#
725	1353.87	28	54	56	#
726	2013.8	6	8	12	30	32	34	47	#
727	1652.03	24	61	#
728	2902.61	17	44	48	59	#
729	5641.48	10	13	24	43	52	55	56	#
730	2896.39	18	22	55	#
731	1889.39	0	49	#
732	1587.95	9	60	#
733	1558.32	26	49	58	#
734	1487.56	21	51	#
735	1870.8	37	51	#
736	1814.71	10	48	#
737	2586.62	8	37	47	#
738	1407.92	30	34	#
739	1174.68	5	57	#
740	2117.17	13	18	36	#
741	2845.93	11	12	61	#
742	2975.24	3	54	62	#
743	1814.56	12	16	#
744	1786.81	21	49	#
745	2455.12	6	23	38	41	48	56	58	#
746	2348.09	41	44	49	#
747	1616.72	13	61	#
748	3484.28	21	29	42	43	54	#
749	1598.1	36	59	#
750	2484.86	11	36	61	#
751	1285.39	0	19	#
752	2814.68	1	39	52	#
753	3114.11	0	7	11	27	59	#
754	1621.72	21	30	#
755	2507	9	35	44	#
756	2795.17	6	31	48	53	#
757	1137.88	37	56	#
758	1653.07	22	46	#
759	2096.18	9	16	37	40	42	46	54	#
760	2296.97	21	29	56	57	#
761	2848.57	12	28	45	#
762	1327.45	13	33	57	#
763	1262.39	27	57	59	#
764	1902.83	15	55	#
765	4616.85	10	31	36	52	57	#
766	1290.52	14	19	45	47	54	#
767	1527.8	25	38	#
768	1645.8	2	57	#
769	2936.83	12	24	29	54	#
770	2192.1	8	49	59	#
771	1701.22	12	27	#
772	1484.06	27	28	30	#
773	3984.2	4	13	16	24	40	#
774	1883.8	24	40	44	58	61	#
775	1816.13	33	51	52	#
776	2817.98	2	13	21	28	29	52	#
777	1889.37	2	20	#
778	2501.98	34	37	41	42	45	#
779	3634.64	39	53	54	57	#
780	3016.78	7	14	22	23	59	#
781	2185.49	12	31	38	59	#
782	1156.43	49	53	#
783	1576.64	26	63	#
784	1842.71	9	39	#
785	7020.09	16	17	28	31	39	41	52	54	59	#
786	2892.28	4	14	46	#
787	1847.65	15	23	28	#
788	1463.7	58	60	#
789	1423.55	2	16	#
790	3109.87	4	8	17	26	33	#
791	4928.33	12	19	22	26	48	52	59	#
792	1400.62	2	17	#
793	1255.46	6	31	43	#
794	4417.41	7	12	14	38	63	#
795	1242.13	8	22	48	#
796	1013.43	7	25	#
797	1514.58	30	36	49	60	#
798	999.679	4	43	#
799	2324.73	16	17	44	#
800	2500.96	3	9	10	15	16	43	46	#
801	3978.91	17	28	33	44	#
802	2046.65	26	37	41	#
803	1846.14	4	52	#
804	1260.24	0	3	#
805	2496.73	20	28	54	#
806	2892.19	13	14	23	38	#
807	1687.14	42	47	#
808	1816.79	1	22	46	#
809	2268.95	30	49	51	57	#
810	925.548	10	41	#
811	1607.27	5	59	#
812	3687.7	9	12	20	44	51	56	#
813	1792.35	2	6	26	57	60	#
814	4100.62	2	38	39	43	49	54	#
815	1480.42	6	36	#
816	2740.97	4	36	39	#
817	1923.21	14	63	#
818	2089.43	17	34	49	#
819	2031.76	6	18	37	#
820	3584.24	8	16	40	44	#
821	2035.56	0	10	11	13	27	32	41	46	50	#
822	1471.75	11	29	#
823	2910.75	35	44	46	#
824	1437.17	11	41	#
825	2400.78	22	23	35	#
826	1577.51	13	31	#
827	2990.71	11	18	19	48	#
828	1342.11	9	20	#
829	1358.56	2	9	#
830	2281.13	2	15	55	#
831	1087.55	25	46	#
832	3402.78	1	8	51	55	#
833	2596.03	12	33	36	43	60	#
834	1148.19	14	25	30	#
835	1972.36	12	13	32	39	#
836	1505.2	1	55	59	#
837	1185.94	20	55	#
838	1769.42	48	63	#
839	1793.17	8	24	28	#
840	2679.31	0	16	31	#
841	2905.16	18	26	46	50	#
842	3648.99	4	10	25	32	#
843	2524.46	3	9	12	20	52	#
844	3092.15	0	2	9	27	34	58	62	#
845	1120.46	11	13	#
846	2890.37	10	30	36	60	63	#
847	2490.63	10	21	27	29	31	#
848	1632.61	23	31	35	#
849	2969.24	10	20	42	#
850	2112.2	7	17	54	55	#
851	1906.07	9	10	13	20	#
852	1596.16	17	32	35	53	#
853	1838.4	20	34	61	#
854	3684.65	3	10	14	17	21	38	#
855	1013.75	5	9	#
856	8269.52	5	8	18	24	28	41	49	50	62	#
857	1646.02	29	47	51	#
858	2903.57	4	6	7	43	59	63	#
859	2032.27	5	12	35	#
860	3609.55	7	24	40	62	#
861	1374.08	16	30	#
862	2432	2	17	35	#
863	1093.67	16	37	52	#
864	3902.55	32	52	54	58	#
865	2938.12	8	9	24	34	42	#
866	1389.82	8	43	#
867	2975.04	6	29	58	61	#
868	1971.15	18	46	#
869	3050.52	25	35	44	53	62	#
870	1522.71	2	37	#
871	1450.88	6	48	#
872	4793.34	12	22	51	52	56	#
873	1108.26	19	33	#
874	1420.21	15	46	#
875	2699.21	12	21	49	#
876	1146.67	3	5	55	#
877	1831.19	10	39	#
878	2402.77	0	56	63	#
879	3228.13	22	37	44	55	#
880	1694.73	50	53	#
881	3059.32	19	26	39	40	#
882	1204.37	15	38	52	#
883	2718.63	23	29	57	#
884	3519.21	9	11	30	50	#
885	1022.78	20	53	#
886	2940.67	3	12	13	24	#
887	2554.36	13	20	34	43	#
888	1280.26	35	38	#
889	1843.36	33	34	#
890	5299.62	10	36	41	44	57	61	#
891	3006.69	16	18	22	34	#
892	1721.18	2	55	#
893	2584.62	0	29	34	#
894	1586.87	22	43	#
895	2243.75	5	28	51	#
896	4331.05	3	22	28	30	37	#
897	1447.86	8	52	#
898	1551.04	13	35	#
899	4291.99	20	25	40	55	58	#
900	2473.27	10	26	35	#
901	1225.83	11	39	#
902	1890.86	14	23	#
903	1488.72	28	58	#
904	2405.11	30	32	40	52	#
905	5649	4	10	21	38	62	63	#
906	1681.06	17	28	#
907	1138.48	23	33	#
908	1781.5	4	31	#
909	2635.36	11	33	37	#
910	1659.44	8	16	#
911	1525.66	41	46	#
912	1414.34	9	41	51	53	#
913	4494.62	4	12	13	16	19	31	55	#
914	1066.85	48	52	#
915	3887.95	1	13	17	46	#
916	2981.6	5	8	14	27	29	35	#
917	4383.66	30	32	40	47	48	#
918	1721.94	33	54	61	#
919	4465.07	24	26	37	39	43	53	#
920	2018.2	21	30	36	51	#
921	1761.24	33	55	#
922	3061.48	2	11	17	19	41	#
923	1195.94	38	63	#
924	3035.13	2	17	25	33	49	59	61	#
925	1189.66	21	37	41	63	#
926	1029.77	1	39	55	#
927	1241.7	39	53	62	#
928	2179.12	3	30	55	#
929	2017.82	0	2	7	17	18	54	56	57	60	#
930	2019.37	41	48	59	#
931	2886.06	15	21	35	#
932	3921.97	0	16	26	41	50	#
933	1443.78	25	57	#
934	1433.67	26	50	#
935	3295.07	19	27	28	31	34	46	#
936	2443.06	14	15	26	30	32	48	56	58	#
937	2764.23	22	38	60	#
938	2909.7	24	49	57	#
939	3789.35	11	16	38	41	#
940	1308.55	60	62	#
941	2190.02	3	12	20	#
942	1285.11	25	52	#
943	1983.14	6	16	30	53	54	59	#
944	6753.93	2	15	28	31	32	44	59	#
945	1501.37	12	42	#
946	2657.65	9	50	52	#
947	2211.96	3	40	55	#
948	4735.94	15	17	19	28	34	37	60	#
949	5851.39	4	6	22	40	54	62	#
950	1457.46	7	23	#
951	998.482	21	63	#
952	1137.27	24	32	37	50	#
953	2514.04	31	38	43	51	56	#
954	1879.1	11	23	25	58	62	#
955	1958.62	30	45	#
956	1518.06	1	15	33	54	#
957	3594.49	9	24	36	48	#
958	3666.01	3	16	24	49	51	55	#
959	1980.42	3	40	42	57	#
960	1416.89	8	28	57	#
961	2445.94	3	9	57	#
962	1079.08	52	61	#
963	2699.64	3	5	18	30	63	#
964	1550.16	24	48	#
965	2553.25	4	37	45	53	56	#
966	1882.13	9	12	37	39	46	62	#
967	1083.14	12	15	61	#
968	2310.54	1	19	25	31	59	#
969	1352.99	1	33	54	#
970	1582.78	1	27	#
971	2647.09	18	30	47	#
972	1735.06	12	28	#
973	1320.07	51	57	#
974	1363.2	1	6	#
975	1500.68	22	56	#
976	1083.18	17	60	#
977	2652.62	18	55	62	#
978	1290.11	0	20	56	59	#
979	3160.34	9	33	35	36	39	57	#
980	1230.61	38	44	#
981	1037.84	25	30	59	60	#
982	1041.49	4	35	44	#
983	1490.46	8	15	#
984	1507.26	10	38	46	59	#
985	6958.25	15	17	33	36	45	59	62	#
986	2455.65	10	50	52	54	#
987	4497.94	3	12	15	29	39	41	53	#
988	3110.28	22	29	62	63	#
989	4227.62	4	8	19	36	43	55	#
990	1142.8	24	41	#
991	2858.23	2	43	47	51	52	#
992	1940.41	4	29	35	#
993	3222.52	38	44	47	53	#
994	3442.39	27	58	61	62	#
995	4710.79	21	31	32	34	60	63	#
996	1164.91	7	62	#
997	2315.65	37	54	63	#
998	3920.82	2	12	18	27	36	45	47	54	#
999	3103.73	1	11	24	27	39	#
