%% File generated by CATS v.2.1Wed Jun 22 10:37:31 2022

%% The CATS webpage is http://robotics.stanford.edu/CATS

%% PARAMETER SETTINGS:
% Goods: 64; Bids: 1000; Distribution: L4; Runs: 1; Seed: 1656572494
% Legacy distribution parameters:
% Number of goods chosen according to Decay distribution (alpha = 0.55).
% Price chosen according to Linear Random distribution (low_linearly = 1, high_linearly = 1000).


goods 64
bids 1000
dummy 0

0	998.948	44	#
1	985.522	13	#
2	4506.58	11	15	18	59	60	#
3	1631.69	21	61	#
4	905.775	1	#
5	996.31	41	#
6	977.161	16	#
7	911.165	37	#
8	970.883	29	#
9	1125.1	16	61	#
10	999.335	12	#
11	3437.02	13	22	28	30	#
12	2099.09	9	14	20	52	59	#
13	917.448	2	#
14	2842.17	2	23	55	#
15	992.246	63	#
16	1920.29	20	31	41	44	47	#
17	1191.94	14	25	#
18	996.546	43	#
19	988.793	38	#
20	949.443	27	#
21	3478.93	5	17	21	34	38	50	#
22	999.921	55	#
23	980.515	19	#
24	936.76	3	#
25	2996.27	9	14	15	#
26	1733.39	6	18	#
27	1801.67	8	56	#
28	900.987	21	#
29	1456.71	20	27	#
30	3168.13	7	12	15	49	50	54	#
31	903.411	56	#
32	880.2	62	#
33	895.317	33	#
34	1597.35	15	55	#
35	960.907	50	#
36	863.432	24	#
37	953.426	10	#
38	1979.59	12	62	#
39	1816.59	10	32	#
40	1392.27	15	23	#
41	985.603	17	#
42	945.646	5	#
43	999.797	40	#
44	2701.73	21	26	46	#
45	999.641	20	#
46	1307	0	41	43	#
47	983.218	52	#
48	1779.9	14	29	#
49	1629.85	6	36	40	#
50	988.302	15	#
51	3023.75	8	26	54	62	#
52	1959.37	8	34	42	#
53	920.142	22	#
54	981.556	28	#
55	997.402	31	#
56	1939.7	23	52	#
57	3623.39	15	28	30	41	#
58	985.749	32	#
59	1958.12	26	28	#
60	812.774	9	#
61	1782	52	56	63	#
62	1955.14	19	59	#
63	5281.8	10	19	36	39	42	46	#
64	2848	17	26	55	#
65	981.538	6	#
66	1533.4	1	4	14	25	#
67	1743.93	39	57	#
68	4760.25	17	47	51	52	58	#
69	959.297	48	#
70	923.46	4	#
71	896.622	51	#
72	816.358	39	#
73	1929.16	40	49	#
74	4376.6	12	18	26	29	48	51	63	#
75	2671.64	4	29	40	48	#
76	1177.86	6	27	#
77	982.841	61	#
78	1926.11	13	36	40	51	#
79	1042.54	6	46	#
80	1860.4	10	25	#
81	933.663	57	#
82	2166.3	14	38	47	#
83	1025.35	5	26	#
84	4194.98	10	16	19	32	55	#
85	1749.05	25	46	#
86	3512.57	3	10	44	51	#
87	1777.39	5	10	#
88	1348.2	15	52	#
89	2099.77	11	20	50	#
90	1189.52	11	37	#
91	972.909	25	#
92	2683.26	9	45	49	#
93	998.333	30	#
94	973.949	0	#
95	3309.35	31	32	41	45	57	63	#
96	1751.12	10	48	#
97	970.176	35	#
98	1715.21	10	39	#
99	2432.46	20	50	58	#
100	958.598	42	#
101	998.638	45	#
102	1822.21	38	43	54	#
103	2742.9	23	35	49	#
104	998.897	58	#
105	1933.88	20	43	#
106	926.079	34	#
107	1527.5	16	17	#
108	932.989	36	#
109	2648.84	2	6	18	23	27	28	48	57	59	63	#
110	1906.57	30	43	#
111	1912.32	1	12	#
112	1991.98	21	45	#
113	997.436	22	51	#
114	987.608	59	#
115	1478.74	7	11	#
116	3730.02	4	5	11	29	36	#
117	995.116	23	#
118	949.449	60	#
119	1437.06	19	46	#
120	2889.61	10	39	50	#
121	3412.2	14	26	32	34	39	#
122	960.773	8	#
123	2545.18	35	42	60	#
124	1409.91	47	60	#
125	1543.12	2	9	#
126	1947.87	1	47	#
127	1302.25	4	25	43	#
128	2710.35	21	29	63	#
129	1033.08	27	34	#
130	1689.56	0	11	16	18	26	#
131	3416.61	14	26	61	62	#
132	2180.03	5	19	28	33	43	#
133	3713.37	16	23	43	48	#
134	3886.57	4	14	28	58	#
135	4694.66	9	11	22	35	45	55	#
136	5233.24	12	17	28	36	42	54	58	#
137	1754.43	15	52	61	#
138	1947.82	26	45	#
139	2201.46	9	18	30	38	49	#
140	2565.74	20	35	62	63	#
141	1535.28	28	56	#
142	1660.16	5	42	#
143	994.572	46	#
144	2394.79	4	9	17	41	#
145	1148.66	11	54	#
146	1159.4	18	21	#
147	1816.49	43	46	49	60	#
148	1687.3	3	10	#
149	4397.63	6	15	18	41	42	59	#
150	1325.01	11	16	#
151	1440.91	46	55	#
152	2022.84	16	18	40	#
153	2900.28	21	43	50	61	#
154	900.803	47	#
155	2528.52	34	41	49	57	#
156	3152.19	16	21	25	37	40	#
157	1061.59	2	22	36	#
158	1855.62	19	20	#
159	2512.31	24	37	40	#
160	2970.18	33	40	50	#
161	1880.54	4	20	#
162	3421.61	5	18	39	57	63	#
163	1763.01	22	61	#
164	1942.77	6	61	#
165	2155.22	0	6	12	#
166	979.076	53	#
167	1289.04	11	34	38	44	#
168	3861.08	18	21	26	40	#
169	1067.79	13	19	#
170	1685.32	6	9	#
171	2087.71	21	24	54	#
172	3189.01	15	37	50	51	#
173	2939.99	9	10	24	#
174	1443.25	21	53	#
175	934.353	14	#
176	2315.56	21	24	48	#
177	891.698	18	#
178	1621.09	36	58	#
179	4418.95	11	16	30	42	48	#
180	1442.08	12	42	#
181	957.815	54	#
182	2627.84	31	53	55	#
183	1450.56	53	56	60	#
184	998.942	9	29	51	#
185	1375.37	34	45	#
186	3606.1	0	25	36	56	57	#
187	1836.11	54	62	#
188	1577.31	31	41	#
189	1363.97	18	27	28	#
190	1603.6	19	57	#
191	1349.02	10	17	28	#
192	2284.31	16	46	63	#
193	1781.64	20	59	#
194	2645.14	6	8	9	30	40	56	#
195	1160.26	32	45	#
196	1832.09	19	35	#
197	2564.15	42	45	54	#
198	6883.19	15	20	28	29	44	61	63	#
199	3102.97	0	15	32	44	52	55	#
200	1734.29	16	51	#
201	1390.21	23	46	#
202	1697.25	1	31	51	#
203	1630.61	7	44	#
204	2769.91	0	2	6	7	11	25	51	#
205	1938.65	4	22	#
206	2951.41	6	35	55	#
207	1839.11	5	19	#
208	1503.38	39	56	#
209	2327.33	6	17	25	42	48	58	#
210	2337.77	16	39	52	63	#
211	1390.95	21	24	63	#
212	4402.29	14	27	30	38	53	54	#
213	977.382	11	#
214	1376.49	1	29	38	#
215	1504.28	24	32	52	#
216	1292.59	34	42	#
217	1672.99	31	49	#
218	1495.09	0	49	#
219	945.69	7	#
220	2661.75	0	39	48	#
221	1122.81	16	36	#
222	1923.57	32	57	#
223	1878.52	5	52	#
224	2232.46	14	16	30	52	61	#
225	2973.18	8	35	54	59	#
226	1659.23	16	46	#
227	2954.49	47	52	59	#
228	1790.66	9	33	#
229	4850.77	2	18	33	51	57	#
230	4973.59	20	21	38	44	48	50	57	#
231	2336.26	0	22	36	#
232	1610.76	34	36	#
233	1929.28	11	12	#
234	1275.31	10	62	#
235	1962.96	2	6	44	#
236	6967.08	11	15	17	31	38	40	46	#
237	1541.92	0	54	#
238	4279.19	2	3	10	12	41	#
239	1420.49	5	63	#
240	990.333	26	#
241	1927.21	27	47	#
242	981.496	49	#
243	1415.72	19	21	37	#
244	6886.29	4	7	8	17	29	39	53	55	57	59	#
245	4673.92	15	24	36	39	46	49	56	#
246	1968.06	5	35	#
247	3763.82	2	18	55	62	#
248	1657.43	14	46	54	#
249	5076.31	6	29	30	44	49	62	63	#
250	1864.56	20	57	#
251	1648.08	8	35	#
252	3625.42	0	4	13	22	#
253	1644.73	17	24	#
254	2639.07	48	56	59	#
255	2094.05	8	34	38	45	#
256	3012.96	15	29	32	36	#
257	2673.96	0	39	42	51	#
258	4406.22	16	21	28	48	60	#
259	1329.39	25	28	31	51	#
260	1875.9	28	58	#
261	2893.76	16	45	46	48	#
262	1179.57	47	63	#
263	1413.83	7	23	40	#
264	1984.15	20	28	31	#
265	1062.32	30	55	#
266	1567.63	6	42	57	#
267	4568.34	1	19	29	39	56	60	#
268	4304.59	5	8	30	44	53	63	#
269	1031.78	15	19	#
270	1508.85	10	13	38	#
271	2916.91	14	34	52	59	#
272	1954.98	20	58	60	#
273	1998.99	43	63	#
274	4239.61	3	18	22	31	41	46	#
275	3335.71	4	13	30	43	#
276	3272.76	0	16	37	40	#
277	2773.04	9	49	55	#
278	3257.93	8	21	55	60	#
279	1762.1	6	20	#
280	3769	20	31	35	37	54	61	62	#
281	2658.27	28	32	38	#
282	1447.34	4	51	#
283	1176.06	9	45	#
284	1643.26	5	37	#
285	1881.74	12	48	#
286	1687.99	21	27	29	#
287	1618	0	16	#
288	1728.14	0	60	#
289	3998.29	20	30	46	62	#
290	1248.83	16	20	#
291	1727.75	13	27	41	#
292	5279.35	2	12	13	23	28	30	62	#
293	4284.92	2	7	12	21	55	#
294	1931.42	8	9	19	24	26	50	52	60	#
295	4290.82	8	9	25	36	41	#
296	1271.07	39	62	#
297	2605.32	1	34	54	#
298	2910.79	49	56	57	#
299	1203.88	32	53	#
300	2534.21	9	47	49	#
301	1122.95	10	56	#
302	1401.96	11	21	#
303	1802.56	60	61	#
304	4936.22	3	26	33	39	60	#
305	1803.33	18	57	#
306	3314.53	21	32	41	43	54	#
307	1052.95	18	44	#
308	1203.1	31	51	#
309	3813.51	29	48	49	55	#
310	940.53	24	36	#
311	2902.61	4	32	38	50	#
312	3427.84	0	7	16	60	#
313	1293.65	0	12	52	#
314	3971.51	9	18	26	42	#
315	2869.58	14	39	53	#
316	1752.69	54	55	#
317	1726.24	3	38	#
318	3850.4	7	13	15	34	52	#
319	3910.47	2	5	27	31	36	44	51	59	#
320	3334.41	13	24	46	61	#
321	4482.11	5	12	14	17	57	#
322	1465.53	33	52	#
323	2746.3	11	12	40	43	#
324	1561.6	27	35	#
325	3517.3	13	20	21	24	32	57	58	#
326	2387.57	7	18	36	38	#
327	2005.79	1	28	32	#
328	8600.88	6	7	24	32	45	48	49	51	58	#
329	3215.93	2	12	22	27	51	52	59	#
330	2203.55	4	16	50	#
331	3981.06	7	22	26	30	#
332	1357.7	23	58	#
333	1925.4	20	48	#
334	1129.3	12	38	46	60	#
335	1162.6	18	42	#
336	2667.91	18	22	51	#
337	3069.04	13	30	33	54	#
338	2992.03	13	20	26	#
339	2380.3	24	25	30	35	41	45	58	#
340	1044.81	40	54	#
341	2581.84	21	48	51	57	#
342	2203.11	4	8	32	39	50	#
343	2901.46	2	12	27	34	#
344	2982.2	0	26	47	#
345	3682.42	4	13	25	39	63	#
346	2411.27	7	16	25	#
347	1490.92	61	63	#
348	2206.85	26	35	36	38	49	51	#
349	2989.28	3	21	38	40	41	43	#
350	1504.97	14	26	#
351	5544.4	1	3	4	6	8	31	36	40	#
352	1051.5	1	50	#
353	1794.07	19	37	40	#
354	4905.18	0	12	28	31	62	#
355	1186.68	4	26	#
356	5124.69	20	30	34	37	40	41	#
357	2647.68	13	48	49	#
358	1617.03	18	28	35	#
359	1762.26	15	60	#
360	1518.34	2	35	#
361	1627.05	15	52	54	#
362	1413	30	45	#
363	1840.57	30	46	#
364	2889.07	9	12	26	#
365	1217.41	11	14	#
366	4392.49	18	22	32	34	53	#
367	1825.54	17	29	#
368	4522.22	1	18	23	40	41	42	44	49	56	#
369	3695.15	5	7	29	35	#
370	12260.5	24	8	7	16	35	28	43	29	15	47	62	48	59	44	#
371	8457.05	0	4	15	27	33	50	52	57	63	#
372	1296.19	32	39	#
373	2801.13	10	26	37	#
374	1963.42	1	19	#
375	1727.66	0	5	45	#
376	2570.93	6	15	44	#
377	1546.62	24	46	#
378	1751.76	13	61	#
379	2350.86	9	22	34	35	42	#
380	1351.57	3	15	#
381	4140.95	1	15	23	28	34	36	57	58	#
382	2580.86	23	40	49	#
383	1423.15	34	54	58	#
384	3865.17	12	13	14	22	43	57	#
385	1328.84	23	50	#
386	2863.9	10	40	54	58	#
387	3747.26	26	32	42	46	#
388	1842.23	5	8	14	36	54	#
389	2888.39	2	4	29	45	#
390	2946.58	3	6	11	#
391	1477.96	2	18	36	#
392	2607.22	39	45	63	#
393	1617.53	15	37	49	58	#
394	1133.01	33	48	#
395	2212.91	4	52	56	#
396	1357.01	6	40	#
397	7697.06	13	23	24	36	45	54	60	62	#
398	1271.02	19	30	48	#
399	1561.17	31	40	57	#
400	1032.57	24	27	#
401	1918.24	1	7	#
402	2320.13	6	34	55	#
403	1844.66	3	56	#
404	4410.36	3	20	30	39	52	#
405	1891.13	9	40	41	43	#
406	1166.59	5	61	#
407	1315.14	7	43	#
408	5114.97	3	6	9	23	26	36	37	40	43	52	#
409	1731.35	3	22	28	#
410	1490.1	10	38	#
411	2045.76	3	35	46	48	#
412	4992.89	2	21	37	55	56	#
413	5374.82	9	13	14	28	42	46	#
414	1620.99	14	19	#
415	3545.5	5	10	25	44	47	#
416	3486.26	4	6	41	54	55	61	#
417	1685.33	5	8	#
418	3527.14	4	13	21	62	#
419	2042.8	6	28	29	#
420	1786.8	2	18	50	62	#
421	1001.37	4	19	56	#
422	1102.01	7	58	62	#
423	2815.04	37	39	58	#
424	1172.06	48	51	#
425	1180.03	48	52	#
426	1985.59	4	22	24	48	55	#
427	1219.72	4	13	27	63	#
428	1653.93	35	49	#
429	4890.83	5	9	10	12	61	#
430	1202.23	12	37	#
431	2382.3	31	32	62	#
432	2779.08	8	28	57	#
433	1571.56	23	38	45	#
434	3681.62	21	41	46	58	#
435	1929.13	27	41	57	#
436	1688.72	25	43	49	53	#
437	2330.36	1	5	7	8	15	31	35	40	45	55	#
438	2255.68	20	25	51	#
439	1337.35	0	14	23	#
440	1962.12	14	29	54	#
441	1746.87	11	35	#
442	3654.46	8	28	40	42	52	#
443	1765.64	4	46	#
444	1245.12	25	62	#
445	1730.66	13	41	60	#
446	1669.01	7	24	41	#
447	1983.76	22	45	#
448	7940.49	2	9	17	18	26	40	41	56	62	#
449	4035.68	11	12	23	24	31	32	36	38	40	52	#
450	1012.73	16	33	#
451	1151.99	39	54	#
452	1291.83	33	38	44	56	#
453	2524.52	0	2	25	32	37	41	#
454	1196.64	10	12	#
455	1717.18	11	20	32	49	#
456	1629.99	27	46	#
457	1897.07	26	63	#
458	1751.94	18	29	37	#
459	3597.24	7	10	16	48	59	#
460	2354.79	7	31	43	#
461	1674.87	36	56	#
462	1724.26	39	63	#
463	1167.96	46	47	#
464	1799.09	13	46	#
465	1253.49	6	43	46	#
466	3142.67	8	10	33	39	41	#
467	2515.51	17	37	50	#
468	1761.01	16	19	#
469	3450.6	10	17	44	58	#
470	3584.42	7	20	24	63	#
471	2399.57	4	44	61	#
472	2944.56	2	10	25	27	28	30	34	40	58	60	61	#
473	1947.34	11	40	#
474	4086.91	5	17	39	57	59	61	#
475	2098.67	7	9	34	56	58	59	#
476	2470.87	13	25	45	63	#
477	1716.47	26	29	#
478	6130.97	4	6	9	11	12	31	62	#
479	3070.34	2	21	50	51	52	54	#
480	1394.4	56	60	#
481	1101.44	33	44	#
482	3005.17	4	45	58	63	#
483	3683.14	40	43	44	55	56	#
484	1728.18	22	24	#
485	1405.45	53	55	#
486	3802.07	23	38	60	63	#
487	2490.4	13	20	21	23	27	#
488	6214.23	16	24	25	32	40	48	54	63	#
489	1820.13	39	59	#
490	3327.07	2	11	13	15	40	43	44	47	59	#
491	1829.11	2	22	47	#
492	1467.59	28	34	53	#
493	1986.46	5	55	#
494	2942.23	5	11	55	56	#
495	4716.12	2	16	23	25	31	#
496	2537.12	3	42	48	52	#
497	3157.41	2	17	19	32	44	#
498	2099.74	0	16	35	51	55	#
499	1239.8	40	60	#
500	2447.01	29	57	61	#
501	1702.72	2	53	#
502	1981.14	8	11	40	42	#
503	1727.4	0	28	#
504	1790.34	37	41	51	#
505	1541.01	16	40	50	#
506	1877.19	5	50	51	60	63	#
507	1233.35	31	40	#
508	1857.76	3	4	#
509	3362.83	1	2	40	51	#
510	1645.71	22	28	#
511	1435.96	12	26	#
512	4334.74	31	47	51	54	62	#
513	2956.65	37	43	55	#
514	1576.13	12	49	#
515	3034.74	2	22	51	58	#
516	1254.37	9	37	#
517	1683.03	21	25	41	#
518	1991.31	9	21	25	30	37	#
519	2060.34	1	11	31	39	41	53	#
520	1562.7	21	30	51	57	#
521	3759.27	21	24	37	42	61	#
522	3586.67	1	6	9	27	33	34	35	51	58	#
523	3695.57	2	30	44	56	#
524	5378.91	6	36	41	48	50	60	#
525	1403.32	55	62	#
526	1810.37	43	49	59	#
527	1126.26	23	35	#
528	1098.63	9	20	54	#
529	2053.18	31	32	38	51	54	56	#
530	2881.67	8	45	60	#
531	1692.25	10	58	#
532	1877.22	23	25	62	#
533	2817.43	23	24	49	#
534	1592.25	14	15	#
535	1207.83	1	16	#
536	1175.53	22	52	#
537	1092.75	41	43	#
538	2452.11	1	20	26	44	63	#
539	2717.34	42	46	60	#
540	1730.91	13	17	39	#
541	1176.28	52	61	#
542	4603.45	12	36	39	41	47	49	#
543	3792.21	1	7	26	38	#
544	1429.62	50	51	#
545	1126.96	24	37	48	61	#
546	1961.01	20	39	#
547	1475.22	7	18	#
548	2644.93	4	13	41	45	#
549	2560.92	9	11	15	31	35	60	62	#
550	4187.46	1	12	15	21	32	35	38	56	#
551	1529.97	45	50	#
552	1260.71	28	32	#
553	1788.45	42	43	#
554	1294.66	14	41	58	60	#
555	2213.19	27	28	55	#
556	1251.26	12	47	#
557	2437.85	0	7	26	53	#
558	7166.56	14	18	21	26	31	48	58	60	61	63	#
559	3387.87	2	41	43	54	#
560	1649.91	1	30	36	#
561	5404.06	3	5	15	19	41	61	#
562	1245.75	0	51	#
563	1816.38	8	41	#
564	2878.2	3	10	60	#
565	1944.87	14	16	30	55	#
566	2226.62	20	55	61	#
567	1299.02	20	28	50	53	#
568	1770.54	1	32	#
569	2836.43	15	36	43	59	#
570	1559.4	2	37	41	55	#
571	1540.34	11	21	23	38	60	#
572	1854.57	27	33	#
573	2840.4	12	14	17	29	36	#
574	1343.82	21	28	48	52	62	#
575	1115.58	30	31	63	#
576	2063.23	21	28	59	#
577	3006.22	28	33	38	45	58	#
578	1228.09	45	47	56	62	63	#
579	1858.31	33	53	#
580	1112.64	6	59	#
581	1156.32	40	57	#
582	3705.27	49	50	51	60	#
583	2189.78	1	39	46	#
584	1755.03	8	58	#
585	2829.42	18	20	38	#
586	2129.51	9	24	33	37	38	43	44	47	52	#
587	3597.82	0	1	2	5	51	59	60	#
588	2546.51	35	52	61	#
589	1961.98	18	22	39	#
590	1208.13	16	26	#
591	1520.41	0	48	#
592	1766.92	13	28	#
593	2336.15	13	29	37	40	#
594	2462.99	9	28	35	#
595	1779.22	5	28	#
596	1733.48	12	31	38	44	#
597	2192.16	30	42	53	56	#
598	2977.85	9	13	32	33	35	38	44	59	60	#
599	2159.66	5	29	49	#
600	1257.15	9	13	#
601	2556.48	22	34	51	#
602	3840.12	30	34	48	51	#
603	1721.65	39	53	#
604	1824.66	16	39	#
605	4148.51	10	36	50	57	61	#
606	1814.69	8	9	63	#
607	1937.22	35	46	#
608	3489.81	8	36	47	48	49	#
609	2128.42	11	27	40	#
610	1962.08	6	17	52	55	#
611	1150.96	21	51	63	#
612	3481.19	0	9	17	29	31	#
613	2058.94	19	45	59	#
614	2737.62	1	18	38	49	#
615	2344.79	23	27	37	#
616	1371.19	22	54	#
617	4140.41	15	22	30	32	33	#
618	3795.44	4	9	12	39	#
619	1242.45	5	24	57	#
620	1210.63	16	30	#
621	1089.87	5	12	#
622	1680.22	22	44	#
623	3984.58	16	22	27	30	51	#
624	1786.32	4	47	54	#
625	4575.21	2	12	20	47	54	#
626	1422.06	45	51	#
627	2814.91	9	34	38	55	#
628	1752.19	33	43	#
629	2275	1	13	22	#
630	4488.65	0	37	38	43	51	#
631	2301.89	7	10	12	15	32	#
632	1756.87	29	33	#
633	2632.81	6	18	21	59	#
634	1175.14	14	28	#
635	2219.36	11	61	63	#
636	2523.24	3	20	37	42	43	53	#
637	1563.51	2	14	#
638	3980.52	3	34	59	61	#
639	3556.74	1	2	11	15	#
640	1187.49	9	60	#
641	2033.54	4	28	33	47	#
642	1061.18	3	25	31	#
643	3491.36	10	11	30	33	39	41	47	51	#
644	3079.44	8	15	17	20	#
645	4456.99	2	10	34	38	46	#
646	1529.29	18	23	#
647	3858.53	5	9	34	51	#
648	1544.78	13	45	#
649	1300.5	1	3	11	29	#
650	1016.02	4	13	#
651	1035	10	37	#
652	2979.43	3	10	15	36	41	58	#
653	2093.23	42	51	59	63	#
654	1511.14	18	46	#
655	1299.11	2	33	49	#
656	4756.52	6	25	34	44	48	59	#
657	1743.93	22	27	#
658	2127.07	7	12	32	36	40	45	#
659	1848.57	15	25	#
660	3320.52	5	8	12	14	37	50	63	#
661	2928.56	0	36	41	43	53	54	61	#
662	1442.42	3	15	18	49	#
663	4709.22	11	12	23	30	48	#
664	995.975	21	26	36	#
665	3099.94	17	28	33	34	#
666	1959.29	3	32	#
667	3138.07	12	13	16	30	31	53	56	#
668	1725.28	19	36	38	50	62	#
669	3029.96	11	14	21	32	44	#
670	1102.52	33	47	#
671	2219.04	17	19	37	#
672	3873.76	12	13	28	33	60	#
673	1171.67	29	54	#
674	2071.85	21	31	49	#
675	1598.33	19	53	#
676	1916.98	27	59	#
677	1998.7	1	15	32	57	#
678	3645.48	20	36	53	54	#
679	2621	37	53	63	#
680	2332.18	2	34	54	#
681	1827.56	29	52	#
682	1613.9	31	45	48	#
683	1591.04	15	21	30	41	#
684	1224.59	43	55	58	#
685	1918.82	43	48	#
686	5921.08	5	11	13	16	25	57	#
687	2659.8	26	27	55	63	#
688	1058.48	1	36	#
689	2076.73	17	23	48	58	#
690	4589.49	2	25	26	34	44	61	#
691	1507.14	17	59	#
692	5236.28	5	6	44	49	55	57	#
693	1293.65	41	45	62	#
694	3882.26	3	35	43	44	50	#
695	1659.83	3	26	#
696	1480.15	1	63	#
697	2088.6	0	41	44	#
698	5634.61	2	3	23	26	31	33	36	49	#
699	1969.06	9	14	#
700	1542.97	4	27	31	38	39	#
701	2036.01	22	23	40	61	#
702	1493.04	25	42	60	#
703	1127.48	35	55	#
704	3951.2	0	24	38	55	#
705	1402.12	45	61	#
706	5095.77	14	35	49	54	55	62	#
707	1532.72	21	35	#
708	2871.3	2	30	47	#
709	1034.82	12	27	#
710	1925.74	6	26	50	51	#
711	2021.57	6	26	41	#
712	1375.49	57	62	#
713	2595.81	27	34	38	#
714	1015.61	36	50	#
715	1009.67	1	49	#
716	4931.93	6	38	42	53	54	61	#
717	2458.92	13	26	34	44	56	#
718	1685.56	32	50	#
719	2588.7	45	48	52	#
720	1268.1	0	27	#
721	2673.61	4	30	51	#
722	1394.68	27	60	#
723	1648.66	0	4	#
724	1463.24	22	29	30	#
725	1393.31	1	8	23	#
726	6841.27	5	6	9	15	19	32	35	44	#
727	1921.75	2	26	#
728	2567.29	43	45	48	#
729	1747.29	11	34	62	#
730	1733.21	10	45	50	#
731	1113.79	26	38	#
732	1829.56	2	11	23	29	43	#
733	3235.11	37	40	46	47	#
734	5376.26	5	11	26	37	41	51	#
735	1058.51	4	29	60	#
736	2005.9	35	43	58	#
737	4276.37	4	8	23	39	49	#
738	1245.9	7	53	#
739	6837.49	0	5	32	33	43	52	62	63	#
740	2222.96	26	58	63	#
741	1311.53	23	24	#
742	2122.35	24	27	35	52	53	#
743	1646.09	18	45	52	#
744	1170.64	32	58	#
745	2286.19	0	12	14	24	31	34	61	#
746	1020.81	41	44	49	57	#
747	4943.12	17	43	51	55	61	#
748	3175.37	0	23	27	28	36	40	41	44	47	#
749	4987.16	19	35	39	48	50	52	#
750	4671.21	7	13	35	45	48	55	59	62	#
751	1655.01	10	23	#
752	5692.32	3	9	25	32	38	43	#
753	1958.78	10	21	#
754	2605.83	13	54	58	#
755	2459.64	1	7	61	63	#
756	1485.87	35	36	#
757	1734.38	40	61	#
758	2024.11	3	35	36	#
759	2732.27	0	1	34	36	43	58	60	#
760	2183.93	22	36	46	#
761	1834.32	6	27	53	#
762	1195.92	7	46	#
763	1343.86	52	60	#
764	1916.63	1	44	55	#
765	2061.12	20	21	29	39	40	43	49	#
766	3422.36	3	35	43	56	#
767	2550.31	42	48	55	#
768	1948.46	12	26	44	45	59	#
769	3088.01	5	33	42	44	47	54	62	63	#
770	1984.29	17	43	#
771	2706.41	37	45	50	#
772	2242.34	7	8	25	#
773	3886.93	7	23	24	26	43	49	55	#
774	1088.85	17	28	35	#
775	2151.96	25	51	60	#
776	1965.95	5	11	29	#
777	1774.83	48	63	#
778	1874.13	17	49	#
779	1324.41	9	39	41	#
780	2104.73	10	34	46	#
781	1882.24	23	47	#
782	1969.25	17	18	36	37	49	61	#
783	1124.1	8	46	#
784	1486.37	49	60	#
785	1482.49	11	47	#
786	2294.13	4	34	46	#
787	1920.12	15	51	#
788	6551.71	9	14	19	24	43	54	55	#
789	1649.78	15	53	#
790	1523.66	7	51	#
791	2551.89	7	12	57	#
792	1285.15	11	23	32	36	#
793	3835.65	21	30	54	63	#
794	1199.31	50	61	#
795	2828.88	8	31	49	#
796	1853.53	12	19	25	#
797	1032.59	15	21	#
798	1157.56	4	25	#
799	2750.3	2	11	49	#
800	2178.23	4	28	37	57	#
801	5046.11	3	4	7	9	19	45	#
802	1897.43	8	9	17	33	63	#
803	3045.49	13	17	40	51	52	#
804	3633.87	5	38	46	49	#
805	1422.62	8	57	#
806	1842.94	17	23	#
807	4304.4	7	16	24	47	52	#
808	2561.55	15	17	25	31	55	#
809	1359.42	51	55	57	#
810	2419.36	13	49	61	#
811	2234.56	29	49	59	#
812	2038.62	2	19	23	#
813	1812.34	5	37	38	41	#
814	2174.09	9	42	58	#
815	2704.33	1	20	24	#
816	3533.82	20	21	22	28	33	#
817	2574.18	12	15	39	47	#
818	1727.12	0	19	43	#
819	2638.66	30	44	54	#
820	1753.47	28	41	#
821	1867.69	37	63	#
822	1864.99	39	55	#
823	2886.51	6	7	32	52	56	#
824	3504.23	7	21	27	32	#
825	3630.13	4	6	19	23	28	54	61	63	#
826	1080.95	10	18	#
827	2796.49	10	21	23	25	29	31	#
828	1540.32	14	59	#
829	1794.57	22	58	#
830	1948.5	16	21	#
831	3490.16	0	2	45	62	#
832	3389.79	2	19	38	60	#
833	2013.87	9	29	32	51	#
834	1688.56	13	15	19	#
835	5919.59	2	12	13	15	26	59	#
836	1678.99	17	25	32	51	#
837	1148.78	12	41	#
838	1866.39	10	13	61	#
839	2241.5	11	15	25	#
840	1733.69	0	62	#
841	1153.23	7	29	57	#
842	1255.7	7	62	63	#
843	1847.88	38	63	#
844	1384.59	21	46	#
845	1871.87	41	53	#
846	1284.94	9	36	#
847	1088.72	27	44	#
848	1383.3	10	27	51	56	#
849	2586.71	11	18	45	#
850	3332.56	2	12	18	35	37	53	#
851	2623.52	5	6	19	27	#
852	2359.34	14	28	50	51	#
853	4849.96	12	18	22	39	44	60	#
854	2956.17	4	10	23	43	#
855	6154.32	0	6	21	23	35	53	62	#
856	2027.13	14	16	50	51	#
857	1150.4	29	30	#
858	3327.55	7	16	23	53	#
859	1296.89	36	38	#
860	2571.77	13	24	28	#
861	4207.16	18	23	27	43	44	#
862	1908.72	0	2	#
863	2296.53	15	39	41	49	#
864	3580.17	2	22	33	47	#
865	3641.43	24	28	29	43	45	#
866	1145.67	10	40	#
867	1904.47	28	34	44	#
868	1669.53	7	12	51	54	63	#
869	1245.31	52	63	#
870	7631.76	1	5	13	14	15	16	23	38	42	#
871	1624.9	12	18	#
872	2604.33	16	18	23	#
873	4945.11	23	26	28	36	46	57	#
874	1723.96	38	40	#
875	1514.32	5	43	#
876	1894.64	44	53	#
877	1217.05	12	15	#
878	1813.85	18	48	#
879	2850.22	0	40	56	57	#
880	1093.57	2	27	#
881	1139.54	2	38	#
882	1449.87	4	55	#
883	4628.47	11	13	32	40	55	#
884	8650.12	4	26	27	32	49	51	55	57	61	#
885	2631	1	2	26	36	48	#
886	1288.75	32	33	#
887	3296.56	2	34	59	61	#
888	2131.34	17	46	58	62	63	#
889	1509.21	5	27	#
890	3421.58	5	22	23	42	#
891	3925.36	2	25	30	55	63	#
892	2674.54	13	27	33	#
893	1869.1	28	40	63	#
894	1121.56	12	30	31	63	#
895	1546.87	12	61	#
896	4649.75	6	26	31	45	47	#
897	2675.04	4	7	24	#
898	1979.52	7	35	#
899	2138.75	11	28	48	#
900	2038.85	0	9	17	29	33	38	#
901	1936.45	18	63	#
902	1317.66	46	58	#
903	1245.73	10	47	#
904	1933.47	21	33	#
905	2373.7	2	13	17	20	33	38	44	54	#
906	1181.83	26	43	44	#
907	1049.02	31	62	#
908	1131.78	40	47	#
909	2899.84	5	7	29	48	49	50	57	#
910	4951.55	1	3	21	49	51	#
911	4360.45	1	12	29	31	55	63	#
912	3750.97	6	15	20	32	40	61	#
913	1326.41	33	50	#
914	1610.59	9	11	#
915	3761.44	10	44	49	55	#
916	1014.51	33	57	#
917	2724.87	22	25	31	50	57	#
918	1516.96	3	12	24	#
919	1640.38	2	59	#
920	2290.49	3	40	46	#
921	2084.11	14	16	20	23	37	39	55	60	63	#
922	1610.75	14	38	#
923	1513.05	8	47	#
924	1904.12	6	32	47	58	#
925	1373.7	10	41	45	#
926	2587.58	24	31	48	62	#
927	1960.03	20	37	#
928	3962.3	18	29	43	52	62	#
929	1742.53	35	36	50	#
930	2141.04	12	17	34	#
931	1261.09	0	44	#
932	1817.83	7	11	60	#
933	1094.75	23	53	#
934	1992.62	20	27	33	34	42	60	#
935	1263.97	16	54	#
936	2223.63	16	24	46	#
937	2462.94	10	26	55	#
938	1268.62	43	45	#
939	2488.02	24	27	55	60	#
940	2922.18	6	20	53	#
941	1457.27	40	62	#
942	1713.99	8	15	17	#
943	1869.57	9	34	#
944	2162.88	9	12	28	34	47	#
945	5213.82	10	16	23	29	30	45	48	51	58	59	#
946	2566.12	2	11	20	52	#
947	1871.68	11	42	#
948	1857.84	8	55	#
949	2273.88	7	28	49	56	#
950	1115.73	7	20	#
951	1188.02	14	50	#
952	1523.92	37	50	#
953	2617.93	36	45	52	#
954	2231.92	1	7	35	#
955	1099.29	9	15	48	#
956	1507.48	32	44	63	#
957	1763.34	26	42	47	58	#
958	991.012	29	60	#
959	1010.76	27	45	#
960	1226.74	10	33	#
961	2205.14	32	52	57	63	#
962	2853.05	10	22	24	#
963	1815.16	27	34	50	#
964	1877.47	21	50	#
965	1466.97	23	37	#
966	2838.73	4	7	26	#
967	3810.28	0	5	7	15	35	42	56	60	#
968	4408.39	2	20	26	52	54	#
969	1904.91	3	50	51	55	#
970	4291.22	20	23	32	42	55	56	#
971	1485.08	27	34	52	#
972	1454.09	19	47	#
973	1045.06	27	28	#
974	1136.55	45	53	#
975	1279.46	21	57	#
976	1994.14	4	21	35	#
977	1842.01	4	7	#
978	1858.21	25	44	#
979	1293.28	20	35	#
980	1209.5	28	59	#
981	1609.57	13	30	#
982	3824.24	24	35	42	61	#
983	1042.02	8	16	24	49	#
984	1102.71	33	55	#
985	1252.5	8	39	#
986	1649.23	24	25	37	49	#
987	4787.98	10	11	15	20	28	43	48	55	62	#
988	1873.01	2	25	#
989	2353.74	0	2	54	#
990	3156.41	20	22	39	40	46	#
991	2298.24	7	9	16	#
992	2770.22	35	46	51	52	#
993	1420.92	29	36	#
994	1697.99	0	4	11	#
995	4515.84	1	41	43	49	53	58	#
996	1083.11	13	15	42	#
997	2285.13	34	38	43	#
998	1822.58	0	11	53	56	61	#
999	1960.69	8	17	44	58	#
