%% File generated by CATS v.2.1Wed Jun 22 10:37:31 2022

%% The CATS webpage is http://robotics.stanford.edu/CATS

%% PARAMETER SETTINGS:
% Goods: 64; Bids: 1000; Distribution: L4; Runs: 1; Seed: 1656572496
% Legacy distribution parameters:
% Number of goods chosen according to Decay distribution (alpha = 0.55).
% Price chosen according to Linear Random distribution (low_linearly = 1, high_linearly = 1000).


goods 64
bids 1000
dummy 0

0	997.005	57	#
1	940.341	22	#
2	954.679	35	#
3	902.244	41	#
4	983.321	37	#
5	927.971	17	#
6	958.763	12	#
7	2075.81	9	13	26	34	46	#
8	1991.42	4	12	#
9	995.344	18	#
10	2327.17	1	26	34	35	43	#
11	993.731	21	#
12	914.78	44	#
13	978.329	29	#
14	999.219	33	#
15	1117.3	15	34	#
16	866.856	6	#
17	1976.23	22	44	#
18	967.841	10	#
19	1195.94	10	48	#
20	988.966	60	#
21	966.609	63	#
22	922.471	2	#
23	4601.13	8	12	20	24	27	#
24	970.532	43	#
25	997.853	23	#
26	1898.13	9	11	#
27	956.756	56	#
28	820.003	26	#
29	1107.35	7	39	55	#
30	1992.09	15	50	57	#
31	2351.44	13	28	53	#
32	1655.94	25	27	#
33	1826.1	49	54	#
34	930.21	1	#
35	1400.65	7	12	#
36	1703.46	32	59	#
37	2877.47	20	38	47	#
38	988.079	27	#
39	1167.89	55	59	#
40	1014.59	38	54	#
41	2460.29	4	36	61	#
42	945.461	49	#
43	2789.59	24	28	60	#
44	2090.71	19	27	39	#
45	1614.02	18	22	#
46	3681.86	4	14	53	59	#
47	1331.6	45	50	#
48	1782.49	22	45	#
49	970.679	59	#
50	936.825	34	#
51	1134.72	19	37	#
52	1950.78	55	58	#
53	979.996	11	#
54	2407.77	16	39	51	57	61	#
55	2794.53	0	8	26	35	#
56	898.673	7	#
57	3799.39	2	3	5	31	#
58	982.355	40	#
59	864.812	58	#
60	974.811	30	#
61	4155.2	5	7	10	12	23	24	48	63	#
62	855.271	25	#
63	2568.78	6	23	45	63	#
64	952.425	0	#
65	1761.7	0	60	#
66	978.906	13	#
67	2085.07	0	48	55	#
68	969.89	51	#
69	971.104	24	#
70	967.326	52	#
71	886.06	42	#
72	2182.88	32	33	53	#
73	1298.29	4	6	51	#
74	986.601	9	#
75	2736.88	8	37	45	#
76	1994.22	52	58	#
77	1519.74	16	25	40	#
78	1821.8	9	58	#
79	1845.47	43	48	#
80	1871.06	15	22	#
81	988.807	28	#
82	3967.45	37	56	59	63	#
83	1596.25	25	30	#
84	1228.2	19	23	#
85	982.493	20	#
86	985.115	36	#
87	996.786	50	#
88	898.315	15	#
89	4477.47	1	25	28	50	52	53	#
90	975.954	4	#
91	1543.75	12	30	#
92	933.835	3	#
93	995.584	14	#
94	2152.31	19	31	53	#
95	1851.86	23	49	#
96	1890.5	19	46	#
97	2461.13	20	29	33	#
98	798.852	55	#
99	910.571	48	#
100	1369.77	53	60	#
101	1364.16	6	54	56	#
102	972.873	45	#
103	1299.05	29	62	#
104	1885.6	23	25	#
105	2752.1	1	2	29	38	48	49	#
106	1368.18	4	7	59	63	#
107	2142.97	41	51	53	#
108	1540.64	15	41	#
109	1308.63	51	59	#
110	2288.2	22	27	50	#
111	1972.89	20	50	#
112	8083.5	4	10	11	12	13	17	26	40	49	50	#
113	966.793	53	#
114	6587.59	7	22	29	44	51	56	59	#
115	984.823	32	#
116	923.228	5	#
117	4575.89	17	18	43	46	58	#
118	4900.69	8	21	31	54	62	#
119	1042	6	22	42	#
120	1801.25	49	52	#
121	1489.16	29	41	48	#
122	2576.63	3	39	54	#
123	1081.11	3	21	#
124	955.052	8	#
125	1137.88	37	53	#
126	1600.03	12	21	#
127	958.775	61	#
128	911.661	16	#
129	1904.79	39	46	#
130	1813.5	15	53	#
131	2785.5	1	3	19	30	31	#
132	1874.85	13	34	44	58	#
133	1061.89	17	40	63	#
134	1785.64	2	35	46	#
135	2721.93	44	49	57	#
136	1097.41	40	43	#
137	2263.13	6	29	42	#
138	964.611	54	#
139	1497.59	17	48	#
140	886.493	19	#
141	2070.8	25	32	36	63	#
142	1425.22	1	19	#
143	997.032	31	#
144	3023.37	35	37	44	45	#
145	986.983	62	#
146	1669.09	12	38	#
147	1943.48	5	57	#
148	1078.65	27	34	63	#
149	3668.79	1	7	37	44	48	#
150	2507.33	10	53	58	#
151	2251.89	1	26	31	52	#
152	991.722	46	#
153	4740.87	6	14	34	45	59	#
154	1550.46	17	34	#
155	1568.52	5	61	#
156	2562.65	6	13	61	#
157	969.854	38	#
158	1268.82	9	35	55	#
159	1054.67	29	31	#
160	1746.84	3	12	26	#
161	3210.25	0	3	8	10	17	51	55	#
162	4976.72	7	14	16	29	30	35	43	51	#
163	1809.27	0	2	#
164	3411.32	2	15	58	63	#
165	2733.16	30	37	44	#
166	1685.06	3	17	38	#
167	2208.3	3	7	14	27	#
168	1692.8	16	62	#
169	2350.06	34	40	50	58	#
170	4117.75	11	15	18	38	41	43	45	51	58	62	#
171	4598.3	16	29	33	51	56	#
172	1995.57	24	27	#
173	1733.98	30	42	#
174	1406.23	23	63	#
175	1786.41	0	45	#
176	1991.95	12	55	#
177	2751.98	21	37	56	#
178	1367.37	15	35	#
179	1955.72	15	44	45	#
180	1312.68	23	50	#
181	1521.24	38	58	#
182	2008.58	11	15	18	#
183	1514.84	29	32	39	45	52	#
184	1318.88	48	61	#
185	1467.36	13	23	#
186	1883.29	29	61	#
187	1922.87	25	62	#
188	1592.51	4	14	#
189	1653.51	16	18	#
190	1702.77	2	44	45	#
191	2127.71	5	29	33	#
192	1982.58	14	50	#
193	2135.79	13	36	40	51	#
194	2556.63	8	36	53	#
195	1663.4	8	17	#
196	1189.76	27	47	#
197	3026.35	3	34	54	55	#
198	1203.03	11	23	#
199	1640.7	41	61	#
200	1929.12	18	32	#
201	2670.67	8	29	32	#
202	1537.04	33	45	#
203	1985.71	43	50	#
204	1586.21	10	14	26	#
205	1253.25	7	35	46	#
206	2173.35	22	26	62	#
207	1606.57	25	36	#
208	1921.85	19	41	#
209	2432.09	2	35	54	#
210	1773.03	51	52	#
211	1225.09	4	41	#
212	5645.66	4	20	37	39	41	54	60	#
213	1066.1	26	63	#
214	2486.25	4	36	54	56	#
215	1608.67	33	55	#
216	1574.43	38	53	#
217	1903.84	42	44	#
218	4300.2	9	13	26	41	42	51	#
219	1544.78	18	19	#
220	1816.06	20	46	#
221	3602.64	21	42	50	51	#
222	1229.17	26	36	45	#
223	1506.67	31	49	#
224	1423.93	24	50	#
225	2690.55	11	24	34	54	#
226	1215.24	19	40	#
227	2115.42	24	32	57	#
228	1443.2	47	63	#
229	1568.92	6	48	50	60	#
230	4034.86	11	20	24	30	45	63	#
231	2817.01	24	25	30	40	#
232	2786.33	26	30	45	#
233	1802.21	11	54	#
234	1731.82	15	33	35	57	#
235	1481.07	13	24	28	44	#
236	1609.43	48	59	#
237	2208.63	33	39	54	62	#
238	2066.26	1	52	62	63	#
239	1027.41	11	12	51	#
240	1149.52	23	28	#
241	3170.79	1	2	8	19	34	36	#
242	1636.47	0	9	27	#
243	997.977	34	46	#
244	985.572	40	59	#
245	2752.81	1	3	30	53	59	#
246	4326.27	0	3	18	21	34	41	51	#
247	3259.95	2	22	33	59	#
248	957.396	39	#
249	5863.75	9	10	15	17	43	47	52	59	#
250	1881.83	28	63	#
251	2980.36	21	28	41	57	#
252	2263.3	20	39	42	#
253	2098.65	4	10	19	#
254	1195.04	25	31	#
255	3931.04	12	13	21	46	#
256	1965.43	25	26	63	#
257	3059.6	28	32	41	48	49	#
258	2971.78	10	46	48	#
259	1946.83	36	60	#
260	1833.86	2	7	51	#
261	2879.17	9	28	29	30	37	46	49	#
262	2461.66	9	24	28	#
263	2387.88	2	21	49	#
264	1911.23	1	10	36	63	#
265	2747.95	25	45	56	59	#
266	1871.67	8	13	42	58	#
267	2057.2	2	16	38	47	51	#
268	4106.72	6	7	12	52	55	#
269	1477.05	1	20	#
270	1684.47	1	46	#
271	1982.19	51	63	#
272	1759.12	6	23	#
273	3639.62	0	23	30	58	#
274	1764.04	4	24	#
275	3775.82	11	22	26	44	#
276	907.894	47	#
277	1406.83	6	28	59	62	#
278	7887.5	9	23	24	35	39	44	47	50	54	56	60	#
279	1394.98	0	40	#
280	1500.1	19	24	#
281	1381.88	29	37	58	#
282	1021.72	17	30	44	#
283	1306.87	14	34	#
284	1303.92	46	61	#
285	5220.44	7	12	35	37	39	53	59	#
286	2298.77	2	4	9	17	24	#
287	1945.52	22	58	#
288	2449.58	21	36	46	#
289	1956.3	14	41	#
290	1530.63	24	55	#
291	4897.35	5	23	24	41	43	53	#
292	3274.04	1	6	33	59	#
293	2164.92	15	30	61	#
294	2803.11	2	5	14	58	#
295	3511.14	25	44	58	61	#
296	2746.88	5	13	33	36	#
297	1251.98	6	13	#
298	2389.73	7	18	38	42	#
299	2085.46	22	37	45	#
300	3921.11	13	15	39	49	#
301	1533.58	5	16	#
302	1206.14	7	42	#
303	1235.37	37	46	#
304	2597.25	3	17	33	50	#
305	1408.76	10	56	#
306	1558.32	4	22	#
307	1887.58	31	58	#
308	2733.26	0	5	18	35	#
309	2652.46	2	36	57	#
310	3337.23	1	44	52	53	55	56	58	#
311	2007.81	19	31	49	63	#
312	1878.33	27	33	47	#
313	3172.87	1	10	46	51	#
314	1372.33	40	47	#
315	1663.06	35	62	#
316	2323.35	9	15	52	61	#
317	3992.73	0	24	30	41	#
318	1567.88	9	31	#
319	2289.43	16	24	30	51	53	55	#
320	2564.08	19	33	34	41	50	#
321	3817.72	7	10	45	51	#
322	1912.9	9	15	55	#
323	1623.42	6	57	#
324	3003.83	26	32	39	57	#
325	1481.07	44	62	#
326	2599.54	10	12	18	40	60	#
327	1843.26	1	14	#
328	1466.91	6	49	#
329	1377.61	7	61	#
330	1943.18	12	45	#
331	5755.86	18	30	31	34	40	42	51	52	53	59	#
332	1144.84	40	41	43	63	#
333	1781.92	11	47	#
334	2703.41	0	18	30	41	#
335	10617.7	8	19	25	31	32	38	40	43	46	49	63	#
336	3745.73	4	30	36	38	#
337	3807.23	10	13	23	45	54	#
338	3604.81	1	14	23	39	40	55	#
339	1830	37	38	42	59	#
340	1242.61	6	40	#
341	3832.76	10	14	23	26	41	45	#
342	3969.96	20	28	53	63	#
343	1590.26	35	53	#
344	1404.65	28	57	#
345	8269.37	7	8	14	20	40	52	56	60	63	#
346	1912.11	6	39	#
347	1832.15	17	51	#
348	4566.63	12	22	31	58	63	#
349	1730.62	22	31	#
350	2620.66	5	41	51	#
351	4332.17	0	9	11	36	40	41	51	57	62	#
352	1812.95	12	53	#
353	1673.51	22	40	#
354	2255.65	5	37	56	#
355	1381.8	3	28	#
356	3977.4	10	11	24	34	50	57	59	61	#
357	3209.95	4	9	23	47	#
358	3352.58	2	12	19	24	40	47	56	#
359	1238.32	46	51	#
360	1371.42	13	63	#
361	1006.07	4	31	38	#
362	1844.34	7	27	#
363	2928.83	14	20	21	40	44	48	#
364	5400.76	1	14	26	49	50	60	#
365	3140.12	9	23	28	52	62	#
366	2538.95	10	16	40	50	#
367	3090.29	18	42	50	56	58	#
368	3265.73	23	24	28	30	39	#
369	1032.4	4	43	#
370	1714.1	13	30	#
371	1828.68	10	45	#
372	2254.99	18	25	41	#
373	1325.12	10	13	55	#
374	1911.34	36	58	#
375	3690.97	20	32	45	62	#
376	2411.05	6	15	25	#
377	1270.25	12	49	#
378	2381.63	35	47	51	#
379	1836.42	52	59	#
380	1158.06	6	11	#
381	2363.79	18	23	27	#
382	1358.48	15	36	#
383	2892.53	26	28	57	63	#
384	2373.28	32	41	55	#
385	1088.1	19	31	#
386	4628.21	9	25	29	50	61	#
387	1155.77	16	24	#
388	1095.98	21	44	#
389	3259.62	14	28	44	56	#
390	2314.23	37	41	61	#
391	1147.1	39	40	#
392	1986.02	53	58	#
393	1860.49	19	59	#
394	1427.83	7	34	#
395	4033.13	13	21	23	24	28	39	40	45	53	#
396	4810.44	0	27	36	38	55	#
397	1195.28	11	15	26	#
398	1367.3	41	56	#
399	1276.23	27	54	#
400	1647.77	21	41	#
401	2235.57	2	10	17	53	#
402	2465.41	25	35	55	60	#
403	5543.95	5	18	19	28	29	37	46	55	#
404	1207.64	8	20	60	#
405	1222.51	3	20	#
406	4958.26	11	13	16	20	60	#
407	1102.52	28	32	#
408	1105.55	21	22	#
409	1486.74	5	26	39	#
410	1641.71	17	56	#
411	1843	3	19	#
412	1508.07	7	41	#
413	1101.2	15	62	#
414	1726.56	5	28	29	59	#
415	1931.15	3	19	29	40	57	#
416	1840.5	32	61	#
417	3466.07	9	21	43	61	#
418	6738.88	10	19	28	31	37	42	46	49	56	58	#
419	4918.98	3	12	17	33	55	62	#
420	1798.38	0	38	39	#
421	5790.98	11	22	28	37	57	58	#
422	1334.52	22	46	62	#
423	1289.5	16	49	#
424	2427.86	4	9	18	55	63	#
425	4008.53	7	9	17	23	38	39	45	47	53	#
426	2320.8	17	19	32	55	#
427	1041.76	11	27	44	55	#
428	1704.32	46	52	55	57	#
429	1047.01	32	47	#
430	1204.8	19	39	48	#
431	2932.64	6	18	33	57	#
432	1617.82	49	60	#
433	1532.94	33	56	#
434	1208.12	30	57	#
435	1414.15	19	28	#
436	1123.35	22	48	#
437	3036.32	14	16	25	28	#
438	3329.65	18	49	52	63	#
439	2088.06	23	27	34	39	52	#
440	3020.34	21	43	46	54	#
441	1815.58	16	29	#
442	2297.2	16	41	63	#
443	2968.65	31	40	45	#
444	1324.3	17	35	#
445	2481.99	18	25	49	#
446	1463.3	26	31	43	#
447	2984.09	11	14	46	51	#
448	7249.45	7	22	25	30	42	44	46	53	#
449	1868.78	47	54	#
450	2893.7	18	39	40	#
451	3531.5	4	14	15	17	53	#
452	1113.06	1	26	62	#
453	1721.56	19	57	#
454	1377.2	28	55	#
455	1789.89	27	42	61	#
456	1957.18	3	36	#
457	4951.68	12	16	21	22	31	58	#
458	1419.56	0	49	#
459	1777.76	46	56	#
460	1788.85	29	35	55	#
461	1067.43	23	43	#
462	1520.78	2	5	8	48	#
463	1970.36	30	51	#
464	3612.13	25	44	45	46	#
465	1747.67	21	27	#
466	1734.66	1	13	63	#
467	1117.16	2	63	#
468	1508	4	37	#
469	1453.73	21	22	30	#
470	1197.95	3	53	56	#
471	5913.95	1	2	3	15	18	20	33	55	#
472	2709.89	12	46	60	#
473	1565.35	3	32	#
474	1012.39	26	36	#
475	1890.38	42	52	#
476	1308.03	24	63	#
477	1970.74	5	7	#
478	1761.99	8	49	#
479	1201.88	15	50	#
480	1243.88	12	20	#
481	4509.86	3	6	10	54	55	60	61	#
482	1741.28	2	32	59	#
483	1859.23	21	39	#
484	2242.31	20	46	51	59	#
485	3706.71	30	53	54	58	#
486	1790.87	2	54	#
487	4086.81	3	18	28	29	47	#
488	2175.75	1	21	39	60	#
489	4885.17	32	34	35	37	39	#
490	2785.66	31	37	43	#
491	2330.57	3	31	40	#
492	1144.62	2	57	#
493	1975.81	35	49	#
494	1535.12	2	51	58	#
495	4283.96	6	16	39	40	42	60	#
496	1886.13	2	3	23	42	#
497	3233.12	3	37	38	60	#
498	2730.61	25	27	32	#
499	2461.43	1	7	31	45	50	61	#
500	2530.24	11	24	26	#
501	1275.92	28	50	#
502	2654.54	0	24	26	#
503	1740.05	31	46	#
504	1282.27	3	37	55	61	#
505	1628.36	5	10	#
506	1983.22	2	25	52	#
507	2646.73	36	45	46	#
508	1843.69	0	46	#
509	3847.23	1	21	23	31	35	42	#
510	3433.34	0	12	21	32	35	54	#
511	2276.73	18	39	58	#
512	2458.95	15	17	46	51	#
513	1296.99	6	31	#
514	2405.82	2	24	35	41	46	#
515	2723.6	6	7	10	#
516	2431.25	1	29	39	#
517	1921.47	2	60	#
518	1994.86	0	37	52	56	#
519	5693.78	5	17	26	52	61	63	#
520	5179.68	6	29	35	56	58	59	#
521	1143.38	12	24	#
522	2788.22	27	52	62	#
523	4626.04	7	10	40	41	45	59	#
524	2163.9	34	41	44	48	52	#
525	1772	0	27	32	56	#
526	2422.4	7	9	39	52	62	#
527	2443.99	15	50	61	#
528	2568.3	20	45	48	52	#
529	2836.88	40	44	58	#
530	2771.03	29	53	60	#
531	2286.87	12	39	63	#
532	1414.46	8	16	#
533	1967.44	22	58	61	#
534	2387.28	1	16	29	36	60	#
535	1532.54	11	20	#
536	2664.66	8	11	32	51	#
537	1892.37	0	42	53	#
538	1479.06	10	24	56	#
539	933.636	1	6	#
540	1741.87	31	52	#
541	1411.77	30	32	35	#
542	1565.09	37	62	#
543	1031.57	10	18	#
544	2997.69	12	38	45	#
545	5066.96	6	7	11	13	30	45	51	#
546	1713.06	22	33	#
547	982.49	0	17	39	#
548	2429.28	14	17	38	57	61	#
549	1609.51	4	44	#
550	1153.05	42	58	#
551	1405.41	12	18	#
552	3322.44	36	42	46	48	62	#
553	2804.19	2	22	31	56	62	#
554	2137.95	5	11	18	27	48	56	#
555	1077.4	13	44	#
556	1786.21	8	54	#
557	1892.53	16	26	#
558	2975.87	15	18	60	#
559	5575.69	8	9	12	14	15	17	31	41	45	46	58	#
560	3738.04	10	24	41	50	54	#
561	3561.23	22	23	24	27	61	63	#
562	1471.12	8	34	#
563	1679.1	0	48	#
564	1863.48	37	50	#
565	1409.49	11	38	61	#
566	2379.06	13	16	40	#
567	1358.19	23	32	#
568	1503.05	13	57	#
569	1285.54	26	56	#
570	1744.27	1	38	#
571	3928.17	13	21	34	52	#
572	2458.43	29	45	54	57	#
573	2717.19	19	20	24	#
574	3996.83	3	15	16	39	44	60	63	#
575	2354.64	5	15	16	19	26	56	62	#
576	3881.8	6	9	12	15	27	49	#
577	3126.13	10	24	37	58	#
578	2038.74	0	16	23	#
579	1116.05	7	35	#
580	1048.42	0	37	51	#
581	3267.6	12	23	43	47	63	#
582	1880.41	32	57	#
583	3501.25	4	5	8	15	19	20	36	59	#
584	1348.2	10	44	#
585	1887.11	28	40	#
586	5183.92	6	27	36	50	52	57	#
587	2923.02	15	26	31	#
588	4669.03	5	18	33	39	48	#
589	1513.78	15	32	#
590	2730.55	37	42	48	#
591	1227.2	11	56	#
592	1455.57	6	17	31	35	41	#
593	1983.72	13	15	19	37	#
594	5104.04	2	19	26	32	48	61	#
595	1818.13	19	32	#
596	2371.21	17	47	62	#
597	3997.43	33	34	53	54	#
598	12494.9	18	39	37	13	1	14	15	56	54	61	42	24	29	#
599	1702.65	39	50	#
600	1127.68	22	39	41	#
601	1947.91	20	62	#
602	1551.06	1	63	#
603	1991.66	10	27	35	#
604	1954.39	45	46	#
605	1463.13	24	44	54	57	#
606	1206.04	2	16	61	#
607	3489.97	3	4	22	34	37	61	#
608	1715.53	12	36	#
609	4767.73	1	5	6	10	31	32	59	#
610	1237.79	5	35	59	#
611	1525.21	0	28	#
612	1493.4	36	46	#
613	6073.98	4	8	10	15	22	58	61	#
614	1404.14	10	39	#
615	1171.26	38	44	#
616	1521.01	26	41	#
617	1927.11	21	30	32	50	#
618	1360.94	10	16	19	40	#
619	2869.75	2	53	59	#
620	4278.98	5	13	15	43	60	#
621	1045.68	9	50	#
622	2446.21	20	47	58	#
623	2955.89	27	30	31	#
624	3308.45	11	12	17	30	37	43	#
625	1795.89	33	44	57	#
626	1589.33	47	53	#
627	3374.66	0	9	38	56	#
628	6024.81	15	23	34	38	50	51	62	#
629	3007.65	17	37	47	48	#
630	1822.13	6	12	28	33	#
631	2396.58	43	53	56	#
632	1554.13	1	20	42	55	#
633	1243.54	1	31	41	62	#
634	2542.09	0	48	51	#
635	1564.32	24	33	#
636	3912.25	4	8	10	62	#
637	3896.67	5	16	37	40	43	56	#
638	1065.45	36	43	56	#
639	958.711	39	55	#
640	1978.83	17	36	47	60	#
641	1541.41	46	63	#
642	2698.18	8	21	56	#
643	1814.46	36	62	#
644	1596.41	8	33	#
645	1400.6	16	55	#
646	2692.34	4	12	32	#
647	1456.42	8	52	#
648	1918.98	5	37	42	#
649	1231.72	17	59	#
650	3319.67	9	17	18	30	44	55	#
651	1990.28	2	48	58	#
652	2842.94	33	37	50	#
653	2561.95	0	6	28	41	#
654	1891.61	4	30	#
655	4529.19	3	5	19	21	24	#
656	3775.34	9	13	18	23	34	36	#
657	2636.8	0	39	42	#
658	1524.8	48	58	#
659	2848.09	7	13	39	42	48	#
660	2857.57	8	16	21	31	33	45	52	53	55	#
661	1591.14	26	55	#
662	1810.07	38	55	60	62	#
663	1099.38	9	42	#
664	4563.26	26	34	40	58	59	#
665	1334.71	6	41	42	#
666	1091.93	3	35	52	60	#
667	1815.66	0	54	#
668	1881.61	45	47	59	#
669	1385.88	8	21	23	31	#
670	1168.48	0	1	21	#
671	1819.22	1	40	#
672	2733.79	18	28	61	#
673	1283.43	40	52	#
674	1098.69	4	23	#
675	2361.63	18	39	46	54	#
676	2627.72	12	20	51	#
677	1936.65	14	27	32	#
678	2958.35	14	32	38	56	61	#
679	981.954	56	61	63	#
680	1533.4	14	17	#
681	2958.33	3	33	51	#
682	2337.05	12	31	49	#
683	1534.45	21	26	58	61	#
684	1531.63	35	48	#
685	5267.78	21	26	34	45	47	53	54	58	63	#
686	1967.37	9	28	36	47	50	#
687	1441.61	27	61	#
688	1238.01	40	54	55	56	#
689	7529.32	11	14	15	16	32	40	45	50	#
690	1059.91	4	10	#
691	2170.16	2	4	30	#
692	1183.01	34	41	#
693	2928.06	13	21	29	41	#
694	2648.26	1	17	25	41	#
695	1529.75	9	57	60	63	#
696	1236.54	41	57	63	#
697	2318.26	9	47	51	#
698	2615.89	2	23	33	#
699	1754.21	16	56	#
700	2802.27	0	43	47	#
701	2896.36	21	40	57	63	#
702	1961.72	4	15	52	#
703	3545.43	1	27	38	61	#
704	5143.57	30	31	37	46	55	63	#
705	2700.46	20	31	40	#
706	2107.29	0	10	17	19	36	56	#
707	2123.22	4	23	60	#
708	1799.76	0	15	#
709	1780.69	5	43	#
710	7196.69	16	18	22	35	43	45	50	62	#
711	2495.83	15	16	35	#
712	1250.82	11	57	#
713	1418.42	9	20	59	#
714	6802.35	1	8	11	13	29	30	36	39	49	57	60	62	#
715	1035.18	5	62	#
716	3654.2	49	52	55	57	#
717	1333.09	11	24	43	58	#
718	5430.48	4	12	20	25	42	50	57	#
719	1299.58	0	3	#
720	1158.86	0	12	#
721	2051.92	27	52	58	#
722	3930.82	0	15	18	31	#
723	3888.73	17	21	37	44	#
724	1391.84	14	18	45	58	#
725	1163.68	19	50	#
726	2632.43	18	54	60	#
727	3496	5	19	42	60	#
728	4887.41	3	32	37	42	48	#
729	2406.57	0	19	45	60	#
730	4595.33	17	28	54	55	60	#
731	2618.94	0	12	28	29	32	#
732	1423.08	7	44	#
733	1984.02	8	10	26	56	#
734	1833.67	51	62	#
735	1012.38	15	16	#
736	4304.82	20	23	44	52	60	61	#
737	2879.04	0	1	17	#
738	1015.81	3	54	57	#
739	2853.22	16	23	33	51	#
740	2917.42	8	11	43	#
741	3348.18	10	13	24	29	47	#
742	1041.77	3	62	#
743	3180.72	1	15	18	54	#
744	1762.41	33	36	40	#
745	1758.49	3	4	#
746	1509.49	3	34	#
747	2373.08	9	16	47	#
748	1538.79	46	58	59	#
749	4691.73	8	31	38	52	56	#
750	1869.91	6	7	#
751	3777.97	40	47	53	59	#
752	2086.55	10	25	33	61	#
753	1513.27	19	36	#
754	7591.33	10	11	15	16	33	36	37	54	63	#
755	1307.95	46	58	#
756	1389.39	21	35	#
757	3348.07	7	31	36	53	#
758	3121.31	3	34	57	58	61	#
759	3432.61	10	22	31	43	52	53	#
760	1536.26	10	15	16	#
761	1469.61	2	31	33	50	51	#
762	5130.44	19	21	35	36	37	53	63	#
763	3997.9	41	43	47	51	#
764	1095.53	53	55	#
765	3295.36	1	2	6	25	#
766	3046.99	3	21	32	37	#
767	1589.61	13	36	#
768	1268.17	37	55	#
769	1213.2	23	42	58	#
770	1031.56	8	20	59	#
771	1406.42	2	3	30	43	#
772	5185.14	5	9	11	20	26	54	56	58	63	#
773	2887.83	4	18	40	#
774	2619.01	15	21	25	#
775	1925.58	6	26	#
776	1749.03	20	39	61	#
777	1591.79	10	50	#
778	1937.46	34	49	63	#
779	2057.88	17	34	48	#
780	5393.81	1	12	31	34	37	49	#
781	5242.47	25	31	39	43	45	50	52	#
782	2839.91	43	51	56	#
783	1456.55	0	56	#
784	1626.28	2	13	18	#
785	1313.76	9	49	#
786	4095.76	11	12	27	36	42	47	50	#
787	3163.24	4	17	25	31	#
788	4221.43	0	3	10	12	60	#
789	2216.78	5	22	25	46	#
790	1787.93	3	47	#
791	1098.29	0	4	#
792	1371.14	16	31	#
793	1774.67	37	43	#
794	5476.78	17	24	40	43	49	56	#
795	1704.91	44	47	57	#
796	3185.27	20	21	23	43	52	53	#
797	3502.98	0	5	39	43	44	63	#
798	2085.71	7	53	59	#
799	1223.84	24	37	48	53	#
800	3009.9	9	14	55	61	#
801	1281.83	14	57	#
802	2849.74	10	28	47	#
803	4737.71	16	34	36	41	42	62	#
804	1304.09	15	63	#
805	1910.51	9	12	18	34	44	56	57	#
806	1540.21	35	56	61	#
807	2814.54	43	58	61	#
808	1355.93	28	41	#
809	1797.39	3	7	43	#
810	2997.68	2	14	20	31	#
811	2749.32	3	23	34	42	#
812	1857.45	10	25	45	51	#
813	1671.54	10	36	43	#
814	1057.39	1	34	#
815	2187.93	19	38	44	48	49	#
816	1282.76	13	54	#
817	1204.2	7	30	32	#
818	4744.43	0	15	22	23	33	44	#
819	2046.31	29	40	47	#
820	1107.72	4	20	#
821	1727.77	11	21	24	40	#
822	2624.04	6	38	48	55	#
823	1630.3	2	38	#
824	1986.9	34	42	#
825	2822.06	8	13	20	33	38	#
826	1292.33	9	43	#
827	2026.37	13	30	54	#
828	2354.74	5	42	56	#
829	1700.73	1	2	#
830	1040.73	19	60	#
831	2561.89	24	31	43	#
832	2712.34	0	4	36	47	#
833	3485.6	7	8	29	31	48	56	#
834	1717.85	7	8	#
835	1166.42	3	12	35	52	#
836	1813.52	12	63	#
837	1111	38	56	#
838	1010.86	18	20	29	#
839	1855.61	17	50	#
840	1080.98	11	13	26	#
841	2467.37	0	5	15	24	52	63	#
842	1408.17	29	49	#
843	1814.67	43	47	#
844	1844.72	17	57	#
845	1809.01	22	63	#
846	6072.13	5	29	38	45	51	53	56	60	#
847	1677.17	29	60	63	#
848	1839.62	17	27	#
849	1144.1	18	28	#
850	1649.98	0	19	36	#
851	2663.92	7	55	61	#
852	2896.45	2	34	58	#
853	1928.55	10	12	13	24	#
854	990.38	10	36	#
855	1403.74	54	60	#
856	3526.54	3	10	32	43	#
857	1349.89	10	53	#
858	2727.48	5	11	32	61	#
859	1455.74	30	56	#
860	1490.89	30	55	#
861	1521.42	2	22	32	55	#
862	3536.34	7	43	46	56	62	#
863	1783.49	34	62	#
864	5217.8	10	20	22	44	49	52	#
865	2641.96	0	2	10	#
866	1981.29	12	31	40	#
867	1930.36	2	29	#
868	1538.46	5	34	#
869	2045.53	4	15	23	24	34	38	40	#
870	2725.9	35	37	51	55	#
871	2119.46	27	51	59	#
872	3738.72	2	30	44	58	#
873	2136.71	28	54	56	#
874	1777.58	31	39	51	#
875	3944.03	4	6	12	22	44	#
876	1846.21	9	14	60	#
877	2006.82	23	24	50	57	#
878	980.331	19	44	61	#
879	2747.2	40	46	63	#
880	999.528	11	16	#
881	2993.39	32	37	38	#
882	1737.2	31	61	#
883	3734.87	22	32	39	40	#
884	1464.51	1	59	#
885	2098.73	9	25	38	#
886	1396.35	31	37	#
887	1300.72	42	51	#
888	1139.37	34	61	#
889	2032.33	10	32	52	61	#
890	3819.28	11	23	36	41	43	#
891	2805.46	14	17	40	#
892	3689.53	1	4	17	47	58	#
893	2522.91	1	33	34	59	#
894	2375.42	12	44	46	#
895	1574.21	9	48	#
896	2943.09	27	49	56	#
897	3008.7	0	6	7	11	12	35	56	#
898	1196.4	43	49	#
899	4447.48	10	14	26	32	45	53	58	#
900	1485.54	3	44	#
901	1347.96	1	28	#
902	2029.3	5	33	40	43	#
903	4575.67	13	18	38	54	62	63	#
904	1441.25	17	58	#
905	2779.02	3	7	11	38	51	#
906	3805.53	24	29	45	54	59	61	#
907	3061.38	1	9	15	25	#
908	2738.02	28	48	62	#
909	2659.12	3	33	44	47	#
910	1832.51	4	55	#
911	3283.62	3	18	38	43	55	#
912	5836.7	1	3	23	25	54	62	#
913	4901.89	0	4	12	26	41	42	#
914	1965.15	7	38	49	#
915	2551.95	2	7	31	#
916	1247.74	32	38	62	#
917	3315.06	14	45	55	56	#
918	4545.41	0	10	12	32	56	60	62	#
919	2496.43	2	31	36	#
920	1627.87	48	51	#
921	6750.43	5	14	15	27	36	38	59	#
922	2512.86	44	45	48	#
923	1899.92	0	22	#
924	4629.35	0	15	25	43	55	#
925	2260.08	29	41	56	#
926	1081.14	0	16	37	#
927	1749.45	3	24	#
928	1639.61	12	22	57	#
929	1543.66	27	59	#
930	3184	36	46	47	62	#
931	1262.42	7	33	54	58	#
932	2797.15	23	30	55	#
933	3747.69	13	31	39	49	#
934	1933.11	11	15	35	54	#
935	1290.07	11	30	#
936	2268.04	15	24	32	63	#
937	963.412	34	39	#
938	2982.83	8	13	28	45	50	#
939	8671.3	6	11	14	18	23	37	40	41	44	55	#
940	1433.06	0	14	#
941	1565.14	30	33	#
942	7295.98	9	11	18	19	31	44	56	58	#
943	1199.35	32	50	#
944	1003.74	15	40	57	#
945	1418.87	58	61	#
946	4421.64	1	12	27	59	60	#
947	1852.18	14	17	26	#
948	3409.39	1	13	29	32	45	#
949	3581.47	1	7	8	25	37	#
950	1383.93	26	53	#
951	1330.26	12	31	#
952	2454.64	15	35	41	#
953	1707.82	51	60	#
954	2541.9	9	26	28	32	38	40	47	63	#
955	1281.27	6	12	#
956	3348.33	1	16	20	22	40	43	#
957	2647.67	30	40	59	#
958	1004.43	34	37	#
959	1320.75	39	43	44	53	#
960	2822.16	11	27	29	39	53	58	#
961	1591.65	5	23	63	#
962	1814.97	6	9	27	#
963	1229.65	35	56	#
964	1545.09	10	12	#
965	2536.56	0	13	36	#
966	7083.87	10	28	39	42	43	44	45	49	#
967	1038.85	15	56	#
968	5311.85	11	13	17	24	28	35	41	50	61	62	#
969	5493.05	9	15	16	23	36	37	57	59	#
970	2001.81	8	18	53	56	58	#
971	1030.21	19	20	#
972	2040.68	36	39	59	#
973	9394.91	1	9	12	17	20	33	36	43	45	59	#
974	2360.26	17	18	48	#
975	1187.93	11	45	49	#
976	1515.57	18	51	#
977	974.636	44	47	#
978	1248.14	18	34	#
979	2122.12	24	25	42	57	#
980	4641.59	0	7	42	52	60	#
981	1135.89	44	57	#
982	2884.78	24	45	47	60	#
983	2442.52	20	29	49	#
984	2632.07	12	32	41	47	62	#
985	1369.48	26	57	#
986	1602.47	19	52	#
987	2351.26	4	23	63	#
988	3910.53	1	2	15	41	49	52	54	#
989	3088.1	7	9	10	45	46	57	#
990	1131.22	7	24	54	#
991	2899.36	26	28	39	41	49	#
992	1871.09	23	50	52	#
993	1045.07	20	22	32	36	#
994	1845.01	27	36	#
995	1896.23	8	22	42	#
996	1222.05	18	60	#
997	3362.36	7	14	26	36	#
998	3948.21	11	13	34	49	60	#
999	1291.49	8	46	#
