%% File generated by CATS v.2.1Wed Jun 22 10:37:20 2022

%% The CATS webpage is http://robotics.stanford.edu/CATS

%% PARAMETER SETTINGS:
% Goods: 64; Bids: 1000; Distribution: arbitrary; Runs: 1; Seed: 1656572331
% Arbitrary Distribution Parameters:
% Max Substitutable Bids = 5
% Removing HV Neighbor   = 0.1
% Adding DIAG Neighbor   = 0.2
% Additional Location    = 0.9
% Additivity             = 0.2
% Budget Factor          = 1.5
% Resale Factor          = 0.5
% Normal Private Value:
%   Mean                 = 0
%   Standard Deviation   = 30



goods 64
bids 1000
dummy 187

0	106.173	48	#
1	130.376	19	27	34	64	#
2	161.08	9	24	34	64	#
3	138.54	8	19	29	64	#
4	871.93	4	10	21	24	25	30	44	47	50	52	53	59	65	#
5	851.804	0	6	8	14	18	24	25	29	34	45	46	59	65	#
6	851.125	5	8	18	20	23	26	29	35	46	57	59	61	65	#
7	759.685	2	24	26	32	39	43	44	46	47	51	53	60	65	#
8	728.893	4	9	14	31	34	39	41	47	53	56	58	59	65	#
9	686.738	3	9	14	16	17	25	35	36	44	45	50	52	65	#
10	444.798	7	9	10	30	31	38	43	49	66	#
11	510.85	10	11	14	19	43	45	53	58	66	#
12	501.332	0	10	11	23	31	38	43	58	66	#
13	492.58	3	4	13	15	25	49	50	53	66	#
14	433.637	3	9	18	25	41	47	49	61	66	#
15	421.995	2	7	13	19	30	31	36	37	66	#
16	123.824	20	31	67	#
17	161.978	10	20	67	#
18	89.421	31	52	67	#
19	823.897	8	13	14	15	16	17	18	22	47	51	60	68	#
20	820.026	2	4	9	14	16	20	43	48	59	60	61	68	#
21	781.183	4	7	17	21	33	38	42	43	47	53	62	68	#
22	756.492	3	4	13	22	27	30	40	42	46	48	55	68	#
23	755.462	8	11	13	15	19	37	47	49	53	55	62	68	#
24	663.258	8	11	14	15	17	30	32	45	53	54	59	68	#
25	342.916	7	12	19	45	48	61	69	#
26	449.766	0	12	39	49	51	54	69	#
27	389.184	3	12	18	19	40	49	69	#
28	346.884	3	7	24	28	49	62	69	#
29	302.785	5	16	34	48	56	61	69	#
30	293.195	20	34	48	49	53	59	69	#
31	46.1423	31	#
32	1299.91	1	4	13	15	16	17	20	29	31	35	38	39	40	44	46	48	49	51	53	55	62	70	#
33	1439.2	2	7	9	10	13	19	20	22	24	27	28	29	35	36	38	41	42	50	53	56	59	70	#
34	1402.49	0	2	4	7	13	14	17	22	25	26	27	32	38	41	49	50	54	55	56	57	60	70	#
35	1332.37	1	2	9	12	13	15	16	18	22	26	27	29	33	35	40	46	48	50	53	58	63	70	#
36	1331.01	0	1	3	7	8	13	16	19	20	22	25	28	29	30	31	36	38	39	51	56	57	70	#
37	1319.22	4	7	9	13	19	21	22	24	29	31	35	36	40	41	46	47	50	51	54	56	63	70	#
38	402.866	5	23	37	42	52	55	56	71	#
39	556.625	2	4	14	37	48	51	52	71	#
40	539.078	14	18	21	41	52	54	55	71	#
41	442.788	8	9	20	43	52	56	60	71	#
42	313.051	3	28	37	42	43	57	63	71	#
43	285.785	2	5	16	20	23	37	52	71	#
44	508.435	16	22	29	34	35	40	46	63	72	#
45	510.35	3	16	21	25	33	45	48	52	72	#
46	500.794	5	10	16	17	30	35	38	58	72	#
47	486.827	11	13	20	35	40	54	55	63	72	#
48	476.338	12	13	16	43	44	49	55	63	72	#
49	449.972	11	14	28	34	40	42	49	57	72	#
50	448.828	3	6	13	28	32	33	34	35	36	43	73	#
51	555.249	1	3	16	21	22	30	33	42	48	57	73	#
52	554.862	10	24	28	29	34	42	53	57	59	60	73	#
53	553.537	0	1	13	15	16	27	31	35	39	47	73	#
54	526.799	4	21	22	32	33	40	42	43	45	63	73	#
55	487.753	3	6	12	13	16	18	26	34	36	57	73	#
56	1162.61	0	1	2	5	6	16	19	20	23	25	26	27	29	35	36	37	40	46	49	50	58	63	74	#
57	1591.88	1	3	9	10	17	19	20	21	22	24	27	28	29	34	35	36	43	46	49	51	53	54	74	#
58	1547.03	1	5	8	10	12	17	18	19	23	26	28	29	33	42	43	44	46	49	50	51	52	62	74	#
59	1490.05	8	9	10	13	14	15	17	19	22	23	25	27	34	40	41	46	52	57	59	60	62	63	74	#
60	1400.96	1	3	4	9	10	13	16	18	27	28	31	40	41	42	46	48	52	54	57	59	60	62	74	#
61	1399.81	1	2	4	5	7	12	15	17	18	26	29	36	41	42	44	46	47	49	54	56	61	63	74	#
62	346.487	9	14	22	30	39	54	75	#
63	468.274	10	11	22	38	48	54	75	#
64	420.557	12	22	45	46	59	63	75	#
65	396.657	2	3	24	30	43	48	75	#
66	259.722	15	36	39	44	47	50	75	#
67	255.934	6	10	13	14	20	53	75	#
68	706.666	4	10	18	22	24	32	36	37	44	45	49	60	63	76	#
69	892.397	12	26	27	28	29	35	38	49	52	53	55	56	62	76	#
70	842.242	4	10	18	21	22	32	35	39	40	51	53	56	60	76	#
71	822.778	1	4	6	9	16	18	22	38	44	52	53	62	63	76	#
72	778.002	9	10	19	20	32	35	38	42	43	50	53	62	63	76	#
73	776.285	4	14	17	20	29	32	37	40	41	44	45	53	57	76	#
74	72.0437	16	#
75	718.253	6	9	12	20	29	39	45	46	50	51	54	55	59	77	#
76	1011.05	4	6	14	15	18	21	23	28	38	40	51	54	56	77	#
77	980.397	5	10	16	21	23	38	40	42	43	46	51	54	60	77	#
78	977.875	9	10	11	16	17	22	25	26	27	33	43	45	62	77	#
79	871.049	10	11	13	17	18	19	24	29	33	40	43	56	59	77	#
80	781.683	11	16	23	25	38	39	41	43	45	48	50	52	57	77	#
81	94.276	2	27	78	#
82	124.418	27	39	78	#
83	68.581	2	6	78	#
84	17.674	53	#
85	1025.58	3	5	6	10	13	18	19	21	23	34	35	39	44	45	48	53	55	61	79	#
86	1433.78	3	4	11	12	13	17	18	19	22	27	31	35	40	42	54	56	59	62	79	#
87	1306.24	1	2	9	11	12	15	17	19	24	33	41	44	45	46	47	52	54	63	79	#
88	1267.75	1	2	12	13	17	18	19	21	30	36	40	44	45	51	52	60	61	62	79	#
89	1243.49	0	3	9	17	18	20	21	23	35	36	39	44	45	48	52	58	60	62	79	#
90	1237.69	0	3	6	7	8	12	17	19	21	26	31	33	42	45	48	49	52	62	79	#
91	286.52	11	18	38	59	63	80	#
92	427.334	4	7	8	12	59	80	#
93	399.993	3	4	12	29	38	80	#
94	395.036	16	18	33	56	59	80	#
95	344.338	11	33	37	55	59	80	#
96	299.457	1	27	33	59	63	80	#
97	509.875	0	7	16	17	20	22	23	26	30	32	44	52	53	81	#
98	728.833	1	7	10	12	14	18	20	21	22	32	33	37	56	81	#
99	727.221	2	5	10	13	21	28	30	39	42	43	49	56	63	81	#
100	708.926	2	12	18	22	23	26	27	28	32	39	48	52	53	81	#
101	696.821	4	20	22	27	28	32	36	38	39	40	50	54	61	81	#
102	688.227	3	8	12	13	15	19	22	24	26	27	58	59	60	81	#
103	1825.98	0	3	7	8	9	10	11	13	14	17	19	21	22	24	25	26	27	28	29	31	32	37	40	42	44	49	52	53	55	57	58	61	63	82	#
104	2466.64	3	4	7	8	9	12	14	16	17	18	22	23	24	25	26	27	28	29	32	35	37	38	40	41	44	47	48	55	57	58	59	60	61	82	#
105	2273.21	0	1	4	7	8	9	11	12	15	16	18	19	20	25	27	28	29	30	31	38	39	40	41	42	44	47	48	55	57	58	59	60	62	82	#
106	2255.18	0	5	6	7	8	9	12	14	15	16	17	19	22	24	25	26	27	32	35	40	41	42	43	44	45	47	48	50	51	58	59	60	62	82	#
107	2133.84	0	1	5	8	9	12	15	16	19	20	21	22	23	24	25	26	27	28	29	32	37	38	42	44	47	51	53	54	55	57	59	60	62	82	#
108	2108.2	0	1	4	7	8	12	13	15	16	17	18	19	22	23	26	27	34	35	36	37	38	39	41	44	46	48	49	50	52	54	58	60	61	82	#
109	598.029	5	13	14	15	33	37	47	48	49	59	83	#
110	743.129	5	17	21	22	23	26	45	57	59	61	83	#
111	611.651	0	8	9	15	24	46	52	54	62	63	83	#
112	607.296	2	8	14	21	28	34	42	47	48	49	83	#
113	571.436	0	6	7	14	17	19	32	48	54	58	83	#
114	566.854	7	21	23	29	31	42	48	51	58	59	83	#
115	1074.58	0	2	5	6	7	10	13	18	19	21	23	24	28	29	30	38	43	45	50	53	55	59	60	84	#
116	1509.05	1	2	3	6	8	9	12	13	14	15	16	19	20	21	25	28	30	38	40	43	51	54	56	84	#
117	1482.72	0	1	9	10	11	12	15	18	19	24	26	36	38	39	44	48	49	53	54	56	58	59	60	84	#
118	1481.95	0	1	7	13	15	18	21	23	24	26	32	34	35	39	40	41	43	47	48	54	55	56	59	84	#
119	1468.39	1	3	7	9	12	14	20	21	24	30	32	33	35	37	40	44	45	48	51	53	55	59	60	84	#
120	1430.85	4	5	6	7	12	13	14	18	21	25	26	30	33	36	42	43	47	48	49	53	54	56	60	84	#
121	534.172	1	7	15	23	26	42	47	53	58	60	85	#
122	640.382	4	6	11	26	34	38	44	47	48	61	85	#
123	632.204	4	14	16	22	23	27	40	42	45	49	85	#
124	630.819	0	1	11	12	15	16	28	49	53	62	85	#
125	600.916	3	4	10	11	22	31	39	42	53	55	85	#
126	580.139	0	4	9	12	16	29	33	36	53	54	85	#
127	476.175	25	37	42	51	86	#
128	430.05	25	41	42	43	86	#
129	366.237	25	28	56	57	86	#
130	205.497	0	26	37	55	86	#
131	178.372	7	38	45	51	86	#
132	315.863	16	17	48	49	87	#
133	345.162	17	18	41	47	87	#
134	304.626	16	19	24	38	87	#
135	124.578	2	60	88	#
136	108.77	54	60	88	#
137	94.5621	2	19	88	#
138	634.103	2	4	9	23	46	48	50	52	89	#
139	669.183	1	8	9	22	28	44	47	50	89	#
140	623.282	7	12	14	18	20	31	32	46	89	#
141	552.075	8	22	27	33	41	43	46	52	89	#
142	503.502	1	2	16	22	28	40	50	53	89	#
143	461.027	11	22	27	44	48	50	53	58	89	#
144	1578.41	11	12	14	17	19	25	27	33	34	40	41	45	46	51	53	54	56	57	59	60	62	90	#
145	1415.97	3	4	7	9	12	17	19	23	26	28	30	33	36	41	43	48	51	56	57	59	63	90	#
146	1364.62	1	2	3	7	10	14	17	21	29	31	40	42	44	46	48	51	57	58	59	60	63	90	#
147	1345.1	7	11	12	14	15	21	23	25	29	37	40	41	48	50	53	54	57	59	61	62	63	90	#
148	1318.16	2	4	7	14	18	21	22	23	26	30	33	39	43	46	54	56	57	58	60	62	63	90	#
149	1300.43	0	2	4	9	10	22	23	26	33	43	46	47	48	50	51	55	56	57	58	59	63	90	#
150	411.993	2	7	10	13	15	17	21	33	53	91	#
151	577.229	2	25	27	36	40	43	50	52	57	91	#
152	445.856	2	7	13	14	24	27	28	43	53	91	#
153	440.454	6	13	16	23	32	36	40	42	56	91	#
154	393.306	9	15	33	37	41	44	45	59	63	91	#
155	368.486	3	4	9	16	30	43	53	57	58	91	#
156	185.082	7	17	27	92	#
157	245.489	11	17	28	92	#
158	228.588	0	27	40	92	#
159	224.961	27	29	51	58	93	#
160	333.712	23	27	51	63	93	#
161	241.279	10	23	55	58	93	#
162	180.37	7	20	29	39	93	#
163	112.361	3	16	27	61	93	#
164	628.366	0	10	11	15	20	27	34	38	44	49	52	54	55	58	60	61	94	#
165	934.526	14	19	21	22	25	32	33	35	40	44	46	50	53	54	60	62	94	#
166	863.798	11	13	14	20	28	35	37	38	43	44	49	53	55	58	59	62	94	#
167	859.975	6	8	10	18	19	23	26	28	35	36	38	42	46	47	49	58	94	#
168	850.841	1	6	9	11	20	22	27	31	44	50	51	52	54	55	57	59	94	#
169	836.016	0	1	8	10	13	16	19	21	32	33	40	44	46	53	54	56	94	#
170	2461.51	2	3	4	5	6	9	10	11	13	14	15	17	19	20	21	23	25	26	29	30	32	33	35	36	37	38	39	41	43	44	46	47	48	49	50	51	52	53	54	55	58	59	60	61	62	63	95	#
171	2943.23	1	2	3	4	5	6	7	9	10	11	13	14	15	16	17	20	21	23	24	25	26	28	32	33	34	35	37	38	40	41	42	43	44	46	47	48	49	51	52	54	55	57	59	60	61	62	95	#
172	2802.45	0	1	2	9	10	12	13	14	18	19	20	21	22	23	24	25	26	27	28	29	30	33	35	36	37	38	40	41	43	44	45	46	47	48	49	50	51	54	55	56	57	58	59	60	62	63	95	#
173	2800.37	0	1	3	5	7	8	10	11	12	14	15	16	17	19	21	22	24	25	26	28	29	30	31	33	35	37	39	40	41	42	43	44	45	46	48	49	51	52	54	55	56	58	59	60	61	62	95	#
174	2788.39	0	3	4	5	6	7	10	11	12	13	14	15	16	17	18	19	20	21	22	23	24	25	26	27	29	35	37	38	39	41	42	43	44	47	48	49	51	54	55	57	58	59	60	61	62	63	95	#
175	2741.96	1	2	3	4	6	8	9	10	11	12	13	14	16	17	18	19	20	21	22	23	24	25	26	27	28	30	32	33	34	37	38	41	46	47	48	49	51	52	53	54	55	56	57	58	59	60	95	#
176	453.401	10	13	25	30	41	60	62	63	96	#
177	592.079	4	26	41	43	48	58	60	61	96	#
178	586.911	10	28	31	35	41	42	46	55	96	#
179	553.844	4	5	13	14	22	38	53	55	96	#
180	549.561	9	14	16	30	38	45	48	53	96	#
181	495.002	8	9	16	26	31	44	45	62	96	#
182	112.133	39	60	97	#
183	137.337	34	60	97	#
184	1216.37	7	10	14	20	23	26	29	37	40	42	43	47	50	51	57	58	60	61	63	98	#
185	1379.87	1	9	10	16	17	18	26	28	29	31	40	42	44	47	51	55	56	57	61	98	#
186	1324.81	0	2	3	4	6	8	10	18	20	25	26	27	28	41	47	48	55	56	57	98	#
187	1204.03	2	3	4	7	8	12	13	19	23	26	29	31	33	35	37	40	50	59	62	98	#
188	1187.29	0	2	10	17	18	20	23	28	32	33	35	40	41	44	47	50	55	60	61	98	#
189	1185.6	1	2	3	8	10	12	28	30	34	37	38	39	40	43	50	55	58	59	61	98	#
190	70.3474	59	#
191	134.981	53	61	99	#
192	164.621	43	53	99	#
193	107.341	27	61	99	#
194	1863.38	0	4	6	7	10	13	14	15	16	17	18	19	21	22	23	27	28	29	30	31	33	34	36	39	41	42	44	45	46	49	50	53	54	55	57	58	100	#
195	2380.46	0	1	2	7	9	10	11	12	14	15	16	18	20	21	22	23	24	25	26	30	31	34	35	36	38	41	44	49	52	53	54	55	59	60	61	62	100	#
196	2376.51	0	1	2	4	7	10	11	12	13	14	15	16	17	21	22	23	24	25	26	27	28	29	35	36	38	41	44	45	47	48	50	52	54	60	62	63	100	#
197	2326.07	1	3	4	6	7	8	12	13	14	15	16	18	19	20	23	24	25	26	28	31	32	38	41	42	43	44	46	47	48	49	50	52	54	56	57	59	100	#
198	2313.31	1	2	5	7	8	9	10	12	13	15	16	17	18	20	23	25	26	28	29	30	31	34	35	41	43	44	46	48	49	50	51	54	55	60	61	62	100	#
199	2296.73	1	2	4	7	10	11	12	18	19	21	22	23	24	25	27	28	30	31	33	36	38	40	41	42	44	46	48	50	52	53	54	55	57	58	59	60	100	#
200	190.563	22	56	101	#
201	183.403	8	56	101	#
202	148.85	22	41	101	#
203	46.0045	44	47	58	#
204	1573.79	4	7	8	10	11	12	13	21	22	23	26	29	30	35	42	43	46	50	55	58	60	61	63	102	#
205	1563.49	5	7	12	22	23	26	27	28	29	35	38	39	41	43	45	50	51	53	55	57	58	62	63	102	#
206	1550.94	0	3	7	12	13	14	23	25	26	28	29	31	33	36	37	40	42	46	53	55	56	58	59	102	#
207	1519.57	3	5	7	8	10	13	19	25	26	29	30	31	33	35	36	38	41	42	52	55	58	60	62	102	#
208	1502.71	2	8	11	12	13	15	19	23	26	28	30	35	37	44	47	49	50	52	54	55	59	60	62	102	#
209	1497.61	0	2	5	7	12	15	16	24	26	28	30	38	41	46	48	49	51	53	55	56	57	58	63	102	#
210	811.196	6	9	12	18	21	27	30	41	45	52	55	57	103	#
211	945.3	1	17	19	32	33	41	42	44	51	57	59	63	103	#
212	815.383	9	10	20	21	27	30	31	32	41	43	51	62	103	#
213	806.586	2	3	7	9	12	14	17	25	28	49	53	63	103	#
214	784.077	1	2	7	21	26	30	37	42	48	59	61	63	103	#
215	773.967	7	18	19	20	27	30	31	41	50	52	62	63	103	#
216	283.457	12	33	36	56	104	#
217	322.844	10	12	14	38	104	#
218	308.723	1	55	56	60	104	#
219	170.231	20	31	33	36	104	#
220	611.571	4	16	25	27	33	44	45	50	57	105	#
221	830.522	4	8	10	13	14	18	25	41	50	105	#
222	668.164	4	9	16	25	29	32	45	48	56	105	#
223	624.424	20	25	27	44	45	50	52	54	55	105	#
224	612.105	4	5	8	23	27	33	36	42	48	105	#
225	561.893	13	19	27	34	35	37	38	55	62	105	#
226	259.636	9	22	40	56	62	106	#
227	383.006	35	45	53	56	60	106	#
228	291.812	4	13	22	28	40	106	#
229	277.763	2	9	12	25	34	106	#
230	216.643	0	35	39	56	62	106	#
231	494.788	1	3	6	15	30	32	38	41	42	45	55	107	#
232	708.478	1	7	9	12	23	27	30	42	52	53	61	107	#
233	706.402	11	23	27	29	37	38	42	47	56	59	63	107	#
234	677.27	1	10	11	12	16	19	28	37	44	45	56	107	#
235	657.764	6	15	24	27	28	40	41	43	44	52	57	107	#
236	609.845	5	6	13	14	18	19	20	26	34	38	47	107	#
237	215.883	30	45	47	52	53	56	108	#
238	309.589	14	16	18	29	30	49	108	#
239	229.511	13	29	45	47	50	54	108	#
240	475.273	0	1	2	15	24	32	41	46	52	55	63	109	#
241	669.189	0	2	4	7	10	26	29	30	34	42	58	109	#
242	657.745	0	7	15	17	24	27	34	52	55	60	62	109	#
243	650.376	19	21	22	23	32	35	46	47	49	56	62	109	#
244	634.544	1	15	21	23	24	25	27	31	34	38	51	109	#
245	579.102	8	18	29	36	39	43	46	47	57	60	63	109	#
246	269.193	4	5	29	39	53	57	62	110	#
247	348.952	1	8	46	52	53	57	59	110	#
248	310.691	5	11	23	31	46	55	57	110	#
249	221.386	6	21	34	41	54	57	62	110	#
250	1064.4	4	5	9	11	12	14	19	23	25	27	29	31	38	51	56	58	61	63	111	#
251	1307.52	1	14	17	18	19	22	28	31	35	36	39	44	46	49	56	58	59	60	111	#
252	1175.34	9	11	12	14	15	17	21	22	28	31	34	36	42	47	51	56	58	61	111	#
253	1172.29	5	7	8	9	14	18	19	25	28	35	36	39	42	51	52	54	61	63	111	#
254	1163.74	7	13	14	17	18	19	20	21	23	31	38	42	44	50	54	55	56	63	111	#
255	1141.58	2	10	12	13	15	19	25	27	29	33	34	35	36	42	49	53	60	63	111	#
256	162.351	38	48	112	#
257	162.795	38	59	112	#
258	401.475	23	29	35	36	40	50	113	#
259	445.431	11	17	27	29	35	54	113	#
260	434.448	3	12	18	28	29	57	113	#
261	278.109	5	22	27	31	40	50	113	#
262	266.456	22	23	32	34	48	53	113	#
263	243.015	30	31	36	45	50	54	113	#
264	495.28	2	11	21	27	29	32	43	44	45	54	57	58	61	114	#
265	633.636	3	10	13	15	21	22	29	36	45	47	52	61	63	114	#
266	629.752	4	5	22	26	29	32	35	40	45	47	50	58	62	114	#
267	610.463	1	5	6	7	9	11	12	25	32	44	53	54	57	114	#
268	543.589	0	11	12	14	26	30	47	48	54	56	59	61	63	114	#
269	528.196	2	3	5	15	19	21	32	34	40	42	49	56	58	114	#
270	682.268	3	7	8	15	18	19	20	25	26	36	57	60	115	#
271	925.04	4	20	21	25	30	33	47	50	51	54	56	60	115	#
272	919.874	4	8	14	25	27	33	37	43	46	47	48	54	115	#
273	916.418	4	14	22	26	31	37	44	48	49	55	57	59	115	#
274	843.757	0	4	7	11	23	26	48	51	55	57	59	62	115	#
275	805.98	10	11	14	18	21	24	33	35	41	50	54	60	115	#
276	222.041	6	19	26	29	37	116	#
277	249.432	9	19	35	44	56	116	#
278	230.011	6	25	26	32	62	116	#
279	165.499	6	17	26	37	58	116	#
280	3037.31	1	2	4	5	6	7	8	9	10	11	13	14	15	16	17	18	19	21	23	24	25	26	27	28	29	30	32	33	34	36	37	39	40	41	42	43	44	46	47	48	49	51	52	54	55	56	57	58	60	61	62	63	117	#
281	3234.43	1	2	3	4	5	7	9	10	11	12	13	14	15	16	17	18	19	20	21	22	23	26	27	28	30	31	32	33	35	36	37	38	40	42	43	44	45	47	48	50	51	52	53	54	55	56	57	58	59	61	62	63	117	#
282	3175.12	1	2	4	6	7	9	10	11	13	14	16	17	18	19	20	21	22	24	26	27	28	29	30	31	32	33	34	35	36	37	38	39	40	42	43	44	45	47	48	49	51	53	54	55	56	57	58	59	60	61	62	63	117	#
283	3174.2	1	4	5	6	8	9	10	12	13	14	15	17	18	19	20	21	22	23	24	25	27	28	29	30	31	34	35	36	37	38	39	40	41	42	43	44	45	46	47	48	49	51	52	53	55	56	57	58	59	61	62	63	117	#
284	3174.19	1	2	4	6	7	9	10	11	12	13	14	16	17	18	19	20	22	23	24	25	26	28	29	30	31	32	34	35	36	37	38	39	41	42	44	45	46	47	48	49	51	52	53	54	55	56	57	58	59	61	62	63	117	#
285	3170.84	1	2	3	4	6	8	9	10	11	12	13	14	15	16	17	18	19	20	22	23	24	25	26	28	29	31	32	33	34	35	36	37	38	39	40	43	44	46	47	48	49	51	52	53	54	55	56	57	58	60	61	63	117	#
286	577.691	5	6	21	28	32	41	42	43	56	60	61	118	#
287	802.419	4	5	9	15	18	21	24	29	50	54	63	118	#
288	787.737	7	10	18	21	23	35	38	40	42	45	49	118	#
289	719.431	9	14	16	23	29	31	38	39	41	42	50	118	#
290	713.945	3	6	18	23	25	29	30	42	43	44	58	118	#
291	693.791	3	6	9	10	13	35	37	40	42	44	60	118	#
292	512.041	4	15	18	24	26	59	119	#
293	491.443	8	22	28	31	57	59	119	#
294	432.869	11	18	23	24	57	59	119	#
295	389.681	6	21	24	38	57	59	119	#
296	386.626	3	4	17	29	37	55	119	#
297	288.943	2	15	37	52	55	61	119	#
298	628.124	3	13	15	21	25	26	27	29	33	36	38	45	48	50	60	120	#
299	877.101	4	7	8	10	12	16	19	21	29	31	36	39	51	53	62	120	#
300	857.877	3	5	7	19	20	28	29	32	42	43	48	49	51	58	60	120	#
301	836.723	9	10	15	21	25	26	30	32	33	39	41	45	49	50	57	120	#
302	799.362	3	7	10	16	17	19	30	32	36	37	42	52	53	54	62	120	#
303	757.532	5	10	11	13	14	25	35	43	44	45	47	53	55	58	60	120	#
304	300.319	3	6	7	13	15	28	47	60	121	#
305	427.127	1	15	18	27	40	41	54	58	121	#
306	414.182	1	2	3	8	28	52	55	63	121	#
307	350.113	7	8	11	13	28	32	37	56	121	#
308	343.452	2	7	21	26	27	38	47	50	121	#
309	315.155	0	3	6	24	44	45	47	52	121	#
310	187.14	25	57	122	#
311	232.877	25	27	122	#
312	129.053	9	57	122	#
313	277.155	15	18	23	60	123	#
314	342.877	14	15	44	55	123	#
315	260.371	9	13	23	57	123	#
316	226.149	43	47	53	60	123	#
317	226.11	12	13	18	53	123	#
318	56.108	25	#
319	534.562	8	17	22	27	35	59	63	124	#
320	474.191	8	16	21	27	28	35	59	124	#
321	439.4	13	20	28	35	37	45	56	124	#
322	418.351	1	4	13	17	35	41	53	124	#
323	388.5	9	13	14	20	22	24	45	124	#
324	352.442	5	13	51	53	59	60	63	124	#
325	213.79	6	10	12	36	60	125	#
326	315.523	7	10	12	13	56	125	#
327	180.344	30	36	38	48	53	125	#
328	149.151	6	34	40	41	45	125	#
329	125.079	0	10	32	33	42	125	#
330	23.4345	11	60	#
331	339.867	9	27	33	40	50	54	126	#
332	419.366	2	43	44	54	57	60	126	#
333	418.526	8	12	22	40	46	47	126	#
334	371.553	9	11	14	48	54	58	126	#
335	322.729	8	10	15	18	27	61	126	#
336	316.502	7	32	33	46	51	52	126	#
337	1367.89	0	2	3	10	11	12	13	14	18	19	20	30	31	32	33	34	37	38	39	45	46	49	50	51	57	58	62	127	#
338	1887.34	0	1	3	4	5	6	9	10	12	14	16	17	19	22	23	27	31	32	33	37	40	42	44	52	55	56	60	127	#
339	1758.37	0	4	7	11	12	16	18	19	21	23	24	25	26	29	31	32	35	37	38	42	44	46	49	51	55	56	59	127	#
340	1740.27	0	1	2	3	4	7	8	11	14	22	26	27	32	33	39	40	43	45	47	49	50	51	55	56	57	59	63	127	#
341	1723.93	0	2	7	10	12	21	22	23	24	28	31	34	36	37	38	39	43	44	46	47	49	51	54	56	57	58	62	127	#
342	1722.73	4	13	19	22	24	27	32	34	35	37	38	39	40	43	45	46	47	48	49	50	51	54	57	58	59	61	62	127	#
343	83.8544	0	8	63	#
344	77.7923	20	#
345	232.737	4	27	42	62	129	#
346	326.356	8	26	27	59	129	#
347	289.809	4	38	42	59	129	#
348	188.399	9	44	55	62	129	#
349	360.629	8	11	31	47	51	55	59	62	63	130	#
350	491.243	1	5	10	17	29	32	36	49	62	130	#
351	486.582	5	15	16	19	36	42	55	58	60	130	#
352	473.733	7	15	23	27	47	52	58	60	63	130	#
353	446.499	0	2	8	12	22	33	48	56	63	130	#
354	418.014	3	7	17	21	23	31	39	58	62	130	#
355	848.333	0	7	19	23	25	26	27	33	35	39	47	50	60	62	131	#
356	1032.79	0	8	23	35	37	44	48	49	51	54	56	60	61	63	131	#
357	1028.11	6	10	17	19	24	26	27	40	44	47	54	59	60	63	131	#
358	974.749	1	20	21	27	28	33	35	43	47	48	51	55	60	62	131	#
359	932.938	1	10	23	25	26	27	28	33	46	52	54	55	60	62	131	#
360	875.459	3	10	11	23	27	28	38	43	44	45	49	50	55	59	131	#
361	2348.98	0	1	2	3	4	5	6	7	8	9	11	12	13	14	15	16	19	20	21	22	23	24	25	26	27	29	30	31	32	33	34	35	36	37	38	39	40	41	44	45	46	47	49	50	51	52	53	54	55	56	57	58	59	60	61	63	132	#
362	2779.12	1	3	4	5	7	8	9	10	11	13	14	15	16	17	18	19	20	21	22	23	24	25	26	27	28	29	30	31	32	33	34	35	36	37	38	39	40	41	42	43	44	45	47	49	50	51	52	53	54	55	56	57	58	59	61	62	132	#
363	2728.38	1	2	3	4	5	6	7	8	9	10	11	13	14	15	16	17	18	20	21	22	23	25	26	27	28	29	30	32	33	34	35	36	37	38	39	40	41	42	43	44	45	46	47	49	51	52	53	54	55	56	57	58	59	60	62	63	132	#
364	2723.95	1	2	3	4	5	6	7	9	10	11	13	14	15	16	17	18	19	20	21	22	23	24	25	26	27	28	29	31	32	33	34	35	36	37	38	39	40	41	42	43	44	46	47	49	50	51	52	53	54	55	56	57	58	60	61	63	132	#
365	2713.84	0	1	3	4	5	6	7	9	10	11	12	13	14	15	16	17	18	19	20	22	23	24	25	26	27	28	29	30	31	32	33	34	35	37	38	39	40	41	42	43	44	45	47	50	51	52	53	54	55	56	57	58	59	60	61	63	132	#
366	2697.99	0	1	2	3	4	5	6	7	8	9	10	11	12	13	14	15	17	18	20	22	23	24	25	27	28	29	30	31	32	33	35	37	38	39	40	41	42	43	44	45	48	49	50	51	52	53	54	55	56	57	58	59	60	61	62	63	132	#
367	350.149	23	36	43	44	55	58	133	#
368	511.366	24	25	35	43	45	57	133	#
369	377.506	31	39	41	49	55	57	133	#
370	366.105	2	23	26	42	44	50	133	#
371	362.303	4	5	17	26	36	37	133	#
372	341.07	0	9	24	58	59	62	133	#
373	304.966	3	18	25	27	38	41	44	50	134	#
374	378.908	2	9	13	24	25	27	54	58	134	#
375	377.663	12	15	19	29	39	41	45	52	134	#
376	334.092	1	6	15	17	22	25	42	55	134	#
377	327.869	5	10	16	32	41	46	50	58	134	#
378	289.206	23	25	29	38	41	44	46	50	134	#
379	709.69	9	25	27	42	48	50	51	54	135	#
380	735.667	1	25	42	50	54	59	60	62	135	#
381	703.977	1	9	16	20	22	24	27	60	135	#
382	530.121	9	20	25	28	33	46	49	62	135	#
383	451.919	3	13	17	30	41	42	53	54	135	#
384	448.209	0	9	19	30	39	41	51	58	135	#
385	1446.59	1	9	12	16	17	20	22	25	28	29	38	43	44	45	46	51	52	62	136	#
386	1373.41	11	15	17	18	19	23	25	26	36	42	43	44	46	48	52	55	56	57	136	#
387	1303.66	0	1	15	16	19	22	28	29	32	38	39	41	42	51	52	56	59	62	136	#
388	1258.8	2	4	5	9	11	16	17	19	27	29	38	40	42	45	46	47	48	59	136	#
389	1257.9	6	9	30	32	34	35	37	38	40	42	43	48	49	50	51	52	54	60	136	#
390	1229.17	0	3	4	9	14	15	17	26	28	33	40	46	47	50	52	57	60	63	136	#
391	847.686	3	5	11	13	14	17	19	23	24	27	29	34	35	38	48	52	56	58	61	137	#
392	1261.27	3	6	7	14	18	21	22	23	38	41	42	43	47	49	55	56	59	60	63	137	#
393	1209.33	1	3	5	13	17	19	23	27	29	31	33	39	42	44	49	50	54	57	59	137	#
394	1207.3	0	2	4	5	8	10	11	22	23	25	26	27	29	33	37	46	49	55	60	137	#
395	1154.86	1	5	6	8	9	17	21	29	31	34	42	45	47	50	53	54	56	59	63	137	#
396	1134.33	0	7	13	14	15	18	19	21	25	27	31	38	41	42	45	49	50	54	55	137	#
397	299.135	5	11	29	37	53	54	57	58	138	#
398	423.369	4	5	20	29	31	40	47	52	138	#
399	376.796	0	5	11	16	21	23	32	57	138	#
400	359.329	3	13	24	31	39	42	53	62	138	#
401	353.969	4	11	37	39	51	53	62	63	138	#
402	286.883	6	12	20	36	44	46	58	59	138	#
403	483.319	1	8	10	16	38	57	59	139	#
404	661.012	1	4	12	14	23	40	43	139	#
405	532.122	4	5	14	16	31	37	38	139	#
406	484.116	10	13	14	17	22	43	45	139	#
407	419.369	9	10	29	42	44	52	57	139	#
408	384.477	1	7	8	18	23	24	53	139	#
409	1138.84	0	3	7	9	11	14	15	24	26	27	31	35	39	43	49	52	55	59	140	#
410	1367.18	1	2	4	5	17	19	21	23	25	28	29	35	36	43	45	55	57	59	140	#
411	1250.67	0	1	5	7	14	17	23	28	29	30	37	40	48	54	59	60	62	63	140	#
412	1233.96	0	7	14	23	26	27	28	35	38	39	43	44	45	49	53	56	57	58	140	#
413	1214.28	2	7	11	17	21	23	24	25	26	29	41	49	50	51	54	55	57	60	140	#
414	1206.98	0	7	9	15	19	25	26	29	32	39	40	43	48	50	54	55	57	59	140	#
415	682.028	19	20	25	32	38	44	54	59	61	141	#
416	728.23	9	10	19	22	25	26	54	61	62	141	#
417	638.974	11	25	26	28	30	43	57	59	60	141	#
418	608.154	2	3	12	28	31	38	52	54	57	141	#
419	573.645	6	12	15	22	27	30	32	33	54	141	#
420	528.481	6	7	17	21	27	44	50	56	61	141	#
421	41.703	7	34	142	#
422	20.3515	7	58	142	#
423	324.796	3	13	17	40	52	58	61	143	#
424	419.062	8	18	21	38	50	58	59	143	#
425	400.033	2	3	21	27	38	43	48	143	#
426	374.063	3	13	20	28	42	50	57	143	#
427	199.076	5	13	21	29	43	45	52	143	#
428	114.542	6	7	9	34	36	40	48	143	#
429	60.3879	28	#
430	2638.46	0	1	2	4	5	6	7	9	10	11	14	15	16	17	18	20	21	24	27	30	31	32	33	35	36	39	40	41	42	43	44	45	46	47	50	51	52	53	54	56	58	59	60	61	62	63	144	#
431	2932.17	0	4	5	6	7	9	10	13	14	15	17	19	20	22	24	25	26	27	28	29	30	31	32	33	34	35	40	43	44	45	46	47	48	49	50	51	52	53	54	55	56	57	59	60	62	63	144	#
432	2900.39	0	1	2	3	4	6	7	10	11	12	14	15	16	17	18	22	23	25	26	27	28	31	33	35	36	37	38	41	42	43	45	46	47	48	49	50	52	53	54	55	56	57	59	61	62	63	144	#
433	2899.58	0	1	3	5	7	9	10	12	13	14	15	16	18	19	21	24	25	26	27	28	30	31	33	34	35	41	42	44	45	46	47	48	49	50	52	53	54	55	56	57	58	59	60	61	62	63	144	#
434	2878.34	0	1	3	4	5	6	7	8	9	10	12	13	14	16	18	19	21	22	23	24	25	26	27	28	30	32	34	35	37	40	42	43	44	47	48	51	52	53	54	55	56	57	59	60	61	62	144	#
435	2873.38	0	1	3	6	7	8	9	10	11	12	16	17	18	19	21	22	23	24	26	27	28	31	33	34	35	36	37	38	40	41	42	43	44	45	46	49	51	53	55	56	58	59	60	61	62	63	144	#
436	1177.28	1	2	3	8	9	15	18	22	31	32	40	42	43	45	50	53	58	59	145	#
437	1212.01	7	8	9	10	12	16	19	20	22	23	33	36	37	42	47	50	55	57	145	#
438	1203.46	1	8	9	10	12	16	18	20	22	28	29	31	41	48	52	53	56	60	145	#
439	1139.18	1	4	8	15	20	22	24	26	30	31	34	37	40	43	45	50	58	59	145	#
440	1131.08	2	4	7	11	15	17	22	26	28	30	36	39	52	54	57	58	60	63	145	#
441	1130.65	4	10	11	14	15	18	20	23	25	32	35	40	47	50	52	55	57	61	145	#
442	2078.38	0	2	4	5	6	8	12	13	14	17	18	20	22	23	24	25	31	34	35	36	38	39	42	45	46	47	48	49	52	53	54	56	57	61	62	63	146	#
443	2394.65	1	3	8	12	13	14	15	16	17	18	19	20	21	22	23	24	25	27	28	30	33	36	37	40	44	45	46	47	48	51	52	53	55	56	57	59	146	#
444	2385.64	0	1	2	4	6	10	11	12	13	15	19	21	22	23	24	25	27	28	29	33	35	36	37	38	39	40	42	50	51	52	55	57	59	60	62	63	146	#
445	2385.31	0	4	5	7	8	9	11	14	15	17	18	19	20	21	22	23	24	25	27	28	29	31	33	34	36	41	42	47	48	50	51	52	55	56	60	63	146	#
446	2367.88	1	4	6	7	10	11	12	13	16	17	18	21	23	24	25	26	33	34	35	36	37	38	40	43	44	45	46	47	50	52	54	55	56	59	61	63	146	#
447	2318.37	0	1	3	4	7	8	10	11	12	13	14	16	17	19	20	22	23	25	29	31	35	36	41	42	44	45	46	47	48	50	52	57	59	61	62	63	146	#
448	286.357	14	16	39	45	54	61	147	#
449	363.129	5	9	18	35	54	62	147	#
450	359.664	14	25	27	37	56	58	147	#
451	325.246	22	34	41	44	45	62	147	#
452	2875.77	0	1	2	3	4	5	6	7	8	9	10	11	12	13	14	15	16	17	18	19	20	21	22	23	24	25	26	27	28	29	30	31	32	33	34	36	37	38	39	40	42	43	44	45	46	47	48	49	50	51	52	53	54	55	56	57	59	60	61	62	63	148	#
453	2924.8	0	1	3	4	5	6	7	8	10	11	12	13	14	15	16	17	18	19	20	21	22	23	24	25	26	27	28	29	30	31	32	33	34	35	36	37	38	39	40	42	43	44	45	46	47	48	49	50	51	52	53	54	55	56	57	58	59	60	61	62	63	148	#
454	2924.29	0	1	4	5	6	7	8	9	10	11	12	13	14	15	16	17	18	19	20	21	22	23	24	25	26	27	28	29	30	31	32	33	34	35	36	37	38	39	40	42	43	44	45	46	47	48	49	50	51	52	53	54	55	56	57	58	59	60	61	62	63	148	#
455	2914.39	0	1	3	4	5	6	7	8	9	10	11	12	13	14	15	16	17	18	19	20	22	23	24	25	26	27	28	29	30	31	32	33	34	35	36	37	38	39	40	41	42	43	44	45	47	48	49	50	51	52	53	54	55	56	57	58	59	60	61	62	63	148	#
456	2908.34	0	1	3	4	5	6	7	9	10	11	12	13	14	15	16	17	18	19	20	21	22	23	24	25	26	27	28	29	30	31	32	33	34	35	36	37	38	39	40	41	42	43	44	45	47	48	49	50	51	52	53	54	55	56	57	58	59	60	61	62	63	148	#
457	2887.07	0	1	3	4	5	6	7	8	9	10	11	12	14	15	16	17	18	19	20	21	22	23	24	25	26	27	28	30	31	32	33	34	35	36	37	38	39	40	41	42	43	44	45	46	47	48	49	50	51	52	53	54	55	56	57	58	59	60	61	62	63	148	#
458	510.952	3	13	16	32	35	44	49	59	63	149	#
459	623.83	9	16	19	23	28	42	49	50	52	149	#
460	614.762	10	15	17	29	38	39	44	49	55	149	#
461	590.355	13	15	17	18	23	25	41	44	58	149	#
462	573.701	12	14	18	24	32	36	45	56	59	149	#
463	550.962	15	18	26	35	39	49	58	59	62	149	#
464	269.721	9	24	28	31	55	62	150	#
465	345.377	8	9	14	15	30	55	150	#
466	234.277	3	4	31	38	49	60	150	#
467	195.063	2	9	28	33	42	62	150	#
468	1105.72	1	4	7	8	11	17	18	25	29	30	33	37	42	47	53	56	151	#
469	1139.39	1	8	13	17	18	20	21	29	31	34	35	37	38	49	54	59	151	#
470	1089.55	1	4	8	11	14	17	20	25	26	28	33	38	43	44	47	51	151	#
471	1059.94	15	17	18	21	26	32	34	37	39	44	48	49	53	56	59	62	151	#
472	1020.29	1	3	7	8	14	15	17	21	24	34	42	45	48	49	55	60	151	#
473	985.867	2	3	4	16	21	23	24	25	33	35	44	45	49	51	53	63	151	#
474	101.581	0	32	53	152	#
475	62.5958	3	12	53	152	#
476	345.048	0	22	24	25	42	153	#
477	366.064	1	10	19	42	62	153	#
478	357.253	9	22	30	47	50	153	#
479	334.05	15	25	35	47	61	153	#
480	194.548	0	24	26	49	52	153	#
481	386.881	9	15	21	26	31	34	54	55	154	#
482	484.507	6	14	17	26	39	51	53	56	154	#
483	417.387	2	5	23	31	39	42	55	58	154	#
484	379.338	1	19	21	22	25	30	43	61	154	#
485	306.289	9	24	34	39	44	45	49	57	154	#
486	287.706	11	25	31	34	36	44	50	52	154	#
487	1225.5	0	1	4	7	12	13	16	23	32	34	36	39	40	41	42	44	46	51	59	155	#
488	1639.29	1	4	7	12	14	15	16	17	24	26	32	38	42	47	51	54	59	60	62	155	#
489	1572.18	6	8	9	10	12	17	18	19	25	29	38	40	41	45	51	53	56	57	63	155	#
490	1506.49	1	4	7	10	15	16	19	21	26	27	36	40	41	43	47	51	54	61	62	155	#
491	1426.53	2	6	7	8	11	12	15	23	24	29	32	40	41	43	44	46	48	56	57	155	#
492	1424.37	1	4	7	14	17	18	19	21	24	29	33	40	44	47	48	49	53	61	62	155	#
493	596.242	0	5	13	14	19	27	38	42	44	58	59	156	#
494	788.689	3	4	14	18	19	21	25	28	41	46	49	156	#
495	704.474	9	10	14	15	17	39	41	46	51	55	62	156	#
496	679.661	3	17	18	26	27	31	38	42	43	49	58	156	#
497	668.857	5	14	22	28	35	36	41	43	53	58	59	156	#
498	616.766	3	6	25	28	30	33	42	44	46	47	52	156	#
499	296.261	3	24	28	31	37	157	#
500	330.548	1	12	14	28	30	157	#
501	311.116	24	29	30	46	51	157	#
502	296.261	2	4	31	54	60	157	#
503	222.817	3	13	17	34	39	157	#
504	201.525	9	18	37	44	47	157	#
505	173.973	9	36	38	48	158	#
506	228.053	11	26	38	40	158	#
507	199.849	21	22	36	54	158	#
508	157.705	24	29	32	48	158	#
509	78.0323	9	20	33	45	158	#
510	858.22	0	11	17	20	23	26	42	44	47	48	49	51	53	159	#
511	954.92	10	11	13	22	26	27	35	37	38	43	50	53	55	159	#
512	889.717	0	4	6	10	27	28	33	36	38	42	49	51	60	159	#
513	878.288	6	23	24	31	37	39	41	43	48	49	51	54	58	159	#
514	871.854	1	6	10	23	26	35	41	44	45	47	56	57	60	159	#
515	857.551	1	5	6	11	13	19	30	35	40	43	44	53	59	159	#
516	270.206	1	9	57	58	61	160	#
517	360.259	12	38	55	59	61	160	#
518	311.564	1	24	31	37	56	160	#
519	258.861	9	10	17	30	34	160	#
520	225.056	9	11	47	57	61	160	#
521	687.859	7	8	17	28	30	40	42	43	45	46	60	161	#
522	774.85	1	18	19	26	29	30	35	41	47	52	60	161	#
523	699.272	1	16	21	22	26	28	36	37	42	43	45	161	#
524	608.116	0	2	9	15	25	28	32	35	43	59	60	161	#
525	588.971	0	7	8	14	17	22	38	44	45	57	62	161	#
526	568.495	6	10	17	26	32	34	37	41	56	60	61	161	#
527	1265.09	1	2	6	9	10	12	13	14	15	17	20	22	25	33	36	40	41	52	53	62	162	#
528	1277.69	1	6	11	12	13	14	17	18	21	22	23	25	39	42	46	47	49	53	59	60	162	#
529	1182.31	4	9	14	15	19	20	21	22	23	25	28	35	36	39	40	42	43	53	60	62	162	#
530	1166.9	3	9	12	14	15	16	20	21	30	36	38	39	43	44	46	53	54	56	57	61	162	#
531	1166.26	3	4	8	11	12	13	14	22	26	28	30	37	38	43	46	49	52	54	57	59	162	#
532	1158.76	2	6	9	10	16	17	19	21	23	24	25	33	38	41	45	46	47	51	53	55	162	#
533	277.909	23	35	39	50	163	#
534	355.183	16	23	35	38	163	#
535	234.787	4	10	13	35	163	#
536	183.422	9	21	29	39	163	#
537	292.622	3	10	18	20	59	164	#
538	269.803	10	13	14	15	26	164	#
539	230.616	3	8	12	34	48	164	#
540	227.476	6	18	26	32	55	164	#
541	127.418	21	32	40	58	59	164	#
542	512.492	1	7	15	23	35	39	46	57	58	178	#
543	55.4038	33	61	165	#
544	31.293	21	33	165	#
545	1680.95	1	3	6	7	8	10	12	14	15	16	18	21	23	24	26	27	32	34	35	36	37	38	41	47	49	51	53	55	58	59	62	63	166	#
546	2218.03	1	2	4	8	11	12	14	17	19	20	22	23	24	28	33	35	37	38	40	43	44	45	46	49	51	54	57	58	59	60	61	62	166	#
547	2177.72	0	3	5	7	8	9	10	14	15	22	23	24	25	26	27	28	29	30	31	36	38	41	42	43	47	49	50	54	55	57	62	63	166	#
548	2140.03	0	1	7	10	14	17	18	20	23	24	25	26	28	32	38	40	41	42	43	46	47	49	50	51	52	53	55	57	58	59	60	63	166	#
549	2043.85	0	1	2	3	4	8	9	13	17	19	20	21	23	24	25	26	27	28	29	30	31	33	39	40	43	53	55	56	57	58	60	62	166	#
550	1987.53	0	4	7	8	13	14	17	20	23	24	28	31	32	33	36	38	40	41	43	44	45	46	47	49	50	54	55	56	58	59	62	63	166	#
551	34.256	47	#
552	291.535	6	18	37	40	46	62	167	#
553	342.437	0	2	13	22	40	55	167	#
554	300.382	21	31	46	52	54	55	167	#
555	248.21	2	6	13	18	20	55	167	#
556	140.293	3	6	17	30	31	52	167	#
557	1889.11	0	1	2	3	4	5	6	7	10	11	12	19	20	23	27	30	35	37	39	40	41	42	43	44	45	47	48	49	52	53	55	56	57	58	59	60	62	63	168	#
558	2309.84	0	1	3	4	6	7	8	9	11	12	14	17	18	19	22	23	24	29	31	32	33	35	38	39	41	42	43	44	47	48	49	50	54	55	56	57	59	62	168	#
559	2271.14	3	4	8	10	11	12	13	14	16	17	18	19	20	21	22	23	24	25	27	28	29	32	33	37	40	41	42	43	46	47	48	51	52	53	57	59	62	63	168	#
560	2149.04	0	2	4	6	7	8	9	11	14	16	17	19	21	22	23	24	25	26	27	28	30	33	35	38	40	42	43	44	45	47	49	53	54	55	57	58	60	63	168	#
561	2125.66	0	2	3	4	7	10	11	12	13	14	16	18	19	22	23	26	28	29	30	32	34	37	39	40	41	43	44	45	47	48	49	52	55	56	57	59	60	63	168	#
562	2116.24	0	4	6	7	8	9	10	11	12	15	16	17	19	21	23	25	26	27	32	33	35	37	38	41	42	44	47	48	51	52	53	54	55	57	59	60	61	62	168	#
563	681.611	10	19	31	33	40	47	56	57	62	169	#
564	750.09	14	15	19	20	21	31	51	54	63	169	#
565	629.024	1	15	18	24	25	33	39	47	50	169	#
566	619.072	5	8	10	12	16	17	24	44	54	169	#
567	540.572	4	18	26	31	37	38	53	57	59	169	#
568	508.185	6	12	17	19	42	47	52	54	61	169	#
569	275.284	13	35	36	38	40	50	170	#
570	353.285	9	22	44	50	53	54	170	#
571	265.867	5	7	19	30	36	42	170	#
572	229.315	24	27	31	40	50	61	170	#
573	145.85	9	11	13	21	38	49	170	#
574	1115.66	0	1	9	10	16	20	22	24	25	28	30	41	45	46	49	55	59	60	61	63	171	#
575	1406.46	0	1	4	6	10	17	18	24	35	36	38	40	43	49	50	51	52	53	59	61	171	#
576	1327.81	0	2	6	10	12	23	29	35	36	39	40	41	42	44	51	53	54	60	61	63	171	#
577	1290.17	1	3	10	12	13	14	15	22	23	24	32	37	38	43	44	50	55	58	60	63	171	#
578	1268.79	0	4	7	17	21	25	26	32	36	41	44	49	50	51	52	53	54	55	58	60	171	#
579	1256.57	1	2	3	4	12	13	14	17	19	21	23	29	31	32	37	42	45	51	54	63	171	#
580	1356.89	4	5	13	18	19	21	22	23	25	26	27	32	35	36	42	46	48	50	53	59	62	63	172	#
581	1471.81	1	5	6	18	19	21	22	23	28	33	35	37	42	43	46	50	53	54	56	58	59	62	172	#
582	1463.27	1	2	5	7	8	12	13	16	17	22	23	24	32	35	41	43	46	52	53	56	58	59	172	#
583	1430.79	1	2	3	4	6	9	10	16	17	18	23	30	32	37	41	42	43	44	46	47	52	58	172	#
584	1407.17	1	3	5	9	12	13	15	16	18	19	20	24	25	26	28	30	35	37	43	51	54	62	172	#
585	1367.5	1	4	6	7	13	14	17	19	24	25	35	45	47	48	49	50	52	57	58	59	60	63	172	#
586	338.535	8	13	19	21	47	53	56	58	173	#
587	488.684	7	9	12	18	32	47	54	62	173	#
588	477.598	9	10	11	22	25	47	49	53	173	#
589	309.632	2	3	13	19	34	45	58	60	173	#
590	209.355	5	6	8	21	25	44	59	62	173	#
591	488.232	10	16	17	19	27	38	45	55	62	174	#
592	600.979	11	16	17	19	23	29	46	48	56	174	#
593	574.088	1	8	17	32	33	40	42	55	63	174	#
594	533.322	4	5	14	15	27	29	38	45	46	174	#
595	516.592	1	2	14	19	26	31	53	60	62	174	#
596	449.801	9	22	25	26	36	38	44	48	53	174	#
597	497.373	9	14	29	35	38	55	57	58	59	175	#
598	537.514	3	4	11	25	32	34	36	51	59	175	#
599	524.697	4	8	9	15	25	31	34	49	55	175	#
600	496.683	0	5	9	11	32	40	42	49	52	175	#
601	491.977	4	7	32	36	38	39	46	49	54	175	#
602	483.57	14	24	34	35	39	46	47	55	63	175	#
603	176.114	2	27	30	31	38	39	47	58	176	#
604	156.072	27	45	47	52	53	58	59	61	176	#
605	150.478	52	56	177	#
606	213.744	48	56	177	#
607	626.432	1	5	8	19	37	41	46	49	55	178	#
608	681.61	0	12	14	19	37	40	50	54	56	178	#
609	667.788	15	18	31	35	36	41	46	51	55	178	#
610	614.607	0	1	8	18	19	23	31	37	39	178	#
611	612.896	3	25	29	34	42	43	48	49	50	178	#
612	749.568	6	8	10	19	20	26	29	30	33	35	40	179	#
613	829.846	15	20	22	24	28	38	40	43	46	47	59	179	#
614	781.703	2	5	13	23	24	26	50	54	56	58	59	179	#
615	768.097	2	5	6	20	21	23	28	30	43	47	50	179	#
616	760.949	7	14	19	21	28	30	36	53	54	57	62	179	#
617	736.767	7	10	19	20	25	33	42	46	50	56	57	179	#
618	913.416	2	7	9	10	17	24	28	34	35	36	37	41	45	46	48	53	54	55	61	62	63	180	#
619	1362.47	1	3	10	16	17	18	22	23	25	29	30	36	39	40	41	44	50	54	55	57	59	180	#
620	1333.91	0	3	4	15	17	21	23	28	34	39	42	43	44	45	49	51	53	54	57	59	60	180	#
621	1295.73	1	9	16	19	23	25	27	28	30	32	33	34	40	43	46	47	48	51	52	53	58	180	#
622	1292.35	1	3	4	7	8	9	15	16	24	25	30	33	35	39	48	49	57	60	61	62	63	180	#
623	1289.35	0	2	4	8	15	17	25	27	28	29	33	34	36	37	44	45	46	57	60	61	62	180	#
624	15.5205	52	#
625	600.806	7	9	23	25	27	34	35	47	52	55	58	62	181	#
626	869.097	2	8	9	12	14	27	37	42	56	58	59	62	181	#
627	830.93	4	11	22	31	32	33	35	39	40	41	59	62	181	#
628	830.754	4	10	13	14	21	22	33	35	37	40	41	53	181	#
629	805.791	14	17	22	23	24	25	28	34	41	43	54	63	181	#
630	786.234	8	9	11	14	15	17	35	39	42	48	55	57	181	#
631	245.083	38	40	57	182	#
632	240.083	18	40	57	182	#
633	207.616	27	29	40	182	#
634	139.473	37	38	62	182	#
635	864.775	2	3	9	10	11	12	15	16	30	36	48	51	52	53	59	60	183	#
636	1112.72	1	2	10	12	14	15	16	22	29	35	37	40	49	50	53	54	183	#
637	1087.97	8	9	14	15	17	18	24	38	40	45	47	48	54	55	59	61	183	#
638	1080.34	3	7	8	10	11	12	17	18	19	26	28	30	35	43	49	59	183	#
639	1018.93	2	8	12	15	16	19	32	35	36	42	46	51	53	54	58	63	183	#
640	1009.5	9	11	13	15	17	29	37	38	42	49	50	52	55	61	62	63	183	#
641	852.719	0	1	6	10	12	14	17	21	27	32	33	37	41	42	46	47	48	53	60	63	184	#
642	1207.87	0	5	10	11	12	14	19	20	22	25	28	39	41	45	46	49	53	54	56	57	184	#
643	1199.33	3	9	12	14	18	23	25	26	29	32	35	39	40	45	46	48	52	53	58	63	184	#
644	1185.12	0	3	7	9	10	12	14	18	19	26	27	29	30	35	42	45	49	56	59	62	184	#
645	1094.45	8	9	11	14	15	16	18	20	24	25	28	32	37	44	47	48	50	59	60	63	184	#
646	1086.55	1	2	6	8	11	13	16	19	20	23	30	35	37	39	45	46	47	56	58	60	184	#
647	647.792	0	1	7	14	18	23	30	36	50	51	54	185	#
648	724.616	10	11	23	38	42	46	49	50	54	56	61	185	#
649	687.916	2	23	27	29	33	47	48	51	56	60	61	185	#
650	647.739	1	2	3	4	7	21	31	50	54	61	62	185	#
651	639.205	3	4	14	19	27	34	39	40	49	52	54	185	#
652	601.045	4	13	14	21	30	36	38	42	43	53	59	185	#
653	573.104	7	11	15	16	26	27	30	35	59	61	62	186	#
654	662.488	10	15	26	27	30	40	48	49	54	59	61	186	#
655	635.392	11	16	19	25	29	30	36	41	45	48	57	186	#
656	626.287	5	15	26	28	33	39	42	50	53	55	57	186	#
657	609.699	5	7	8	14	21	28	42	45	51	59	63	186	#
658	557.842	13	15	18	23	25	29	35	38	51	61	63	186	#
659	696.699	1	2	13	17	22	24	41	47	50	62	63	187	#
660	890.349	16	17	18	23	29	36	41	46	54	62	63	187	#
661	779.474	7	20	24	25	29	36	43	51	61	62	63	187	#
662	741.732	2	6	14	17	20	29	36	40	46	47	53	187	#
663	715.463	4	22	25	29	36	38	45	47	49	53	57	187	#
664	702.243	10	24	25	38	41	48	53	58	59	60	63	187	#
665	956.219	1	2	7	11	21	23	24	29	30	35	37	41	44	45	49	55	188	#
666	1081.41	2	5	12	17	21	22	26	27	30	41	42	43	55	57	59	62	188	#
667	987.094	2	5	10	18	25	26	30	31	34	35	43	52	54	55	60	61	188	#
668	986.925	2	5	8	9	19	21	25	28	35	37	43	45	54	55	60	61	188	#
669	911.781	15	20	22	23	25	26	27	29	33	34	35	36	39	44	46	52	188	#
670	897.281	2	5	6	11	13	17	25	27	29	31	35	44	46	47	49	58	188	#
671	1838.71	1	2	3	4	5	6	7	9	10	16	18	19	20	21	25	26	29	33	35	37	38	42	43	44	46	47	50	51	54	58	60	61	189	#
672	2175.54	0	1	2	5	7	8	9	10	12	13	14	16	17	18	21	22	24	28	30	35	36	37	38	40	42	43	54	56	57	59	62	63	189	#
673	2122	4	5	7	10	11	12	14	18	20	22	24	29	30	33	35	36	37	39	40	42	43	44	46	47	48	51	53	56	57	59	61	63	189	#
674	2053.37	1	4	5	6	7	12	16	17	18	19	20	21	22	27	28	29	31	32	35	36	38	39	42	45	47	50	51	54	56	57	60	62	189	#
675	2043.63	1	3	4	5	7	10	12	14	15	16	17	18	22	25	27	31	32	35	38	40	41	42	43	46	47	52	53	55	57	59	60	61	189	#
676	2039.04	1	2	4	5	6	7	10	12	14	16	19	20	21	22	23	24	28	30	31	32	35	38	39	41	42	46	49	50	53	54	55	57	189	#
677	141.063	6	7	8	31	34	55	63	#
678	832.522	3	4	5	11	14	15	16	21	34	36	43	50	54	55	190	#
679	1013.37	4	5	7	10	16	18	20	26	32	34	48	55	59	61	190	#
680	998.004	0	4	6	16	20	22	24	25	41	47	48	53	55	60	190	#
681	996.237	0	1	3	14	15	19	23	28	34	39	41	42	48	62	190	#
682	888.174	3	12	16	17	22	32	34	39	41	44	46	47	54	61	190	#
683	877.736	0	7	8	11	15	18	23	24	34	49	52	55	57	59	190	#
684	883.228	0	1	4	6	10	11	12	15	20	24	25	43	49	51	62	191	#
685	960.382	0	3	4	6	7	18	25	26	28	29	34	37	51	53	55	191	#
686	950.92	4	7	8	16	19	21	25	28	42	43	51	54	59	60	61	191	#
687	949.334	1	7	11	12	17	19	21	22	28	29	34	44	48	53	56	191	#
688	947.069	1	3	8	15	16	18	22	23	30	48	50	53	55	59	62	191	#
689	919.26	1	4	7	10	14	17	19	20	30	32	33	51	53	55	58	191	#
690	129.396	17	53	192	#
691	146.535	17	62	192	#
692	75.1198	1	#
693	905.787	4	24	25	28	29	37	39	42	49	50	53	55	61	193	#
694	1015.98	14	19	26	29	30	37	38	43	45	46	51	54	57	193	#
695	1014.53	10	18	22	23	26	29	37	39	43	48	52	53	55	193	#
696	1001.19	2	10	14	21	22	24	25	26	30	43	47	50	54	193	#
697	916.879	0	10	18	21	23	31	38	39	40	43	52	53	61	193	#
698	896.566	2	8	10	25	27	29	38	47	49	52	56	57	59	193	#
699	162.033	39	49	194	#
700	141.296	39	42	194	#
701	775.149	8	10	15	17	26	31	45	47	48	53	61	195	#
702	819.333	5	12	14	17	26	27	43	45	50	56	63	195	#
703	774.424	5	9	11	14	15	18	28	41	46	49	51	195	#
704	745.937	15	25	30	38	41	46	48	56	58	60	61	195	#
705	738.421	3	6	10	11	13	14	16	17	30	31	39	195	#
706	733.25	0	2	10	16	17	20	22	30	41	44	51	195	#
707	2654.13	0	1	2	3	4	5	6	7	9	10	11	12	13	14	16	17	18	20	21	22	25	26	27	28	29	30	31	32	33	34	38	39	40	42	43	44	45	46	47	48	49	50	52	53	54	55	57	58	59	60	61	62	63	196	#
708	3108.41	0	1	2	3	4	5	6	7	8	9	10	12	13	14	15	16	17	18	19	20	21	22	23	24	25	26	27	28	29	31	34	35	37	38	39	40	41	42	43	44	45	47	49	51	52	53	55	56	57	59	60	62	63	196	#
709	3106.84	0	1	2	3	5	6	7	10	11	12	13	14	15	16	17	18	20	22	23	24	25	27	28	29	31	32	33	34	36	38	39	40	41	42	43	44	45	46	48	49	50	51	52	53	54	55	56	57	59	60	61	62	63	196	#
710	3044.51	0	1	2	3	4	5	6	7	8	10	12	13	15	16	17	18	19	20	21	22	23	24	25	26	27	28	29	31	32	33	34	35	36	37	38	39	40	42	43	44	45	47	49	50	51	53	54	56	57	59	60	62	63	196	#
711	3034.16	0	1	4	6	7	8	10	12	13	14	15	16	17	18	19	20	21	22	23	24	25	26	27	28	29	30	31	32	33	34	35	36	37	38	39	40	41	42	43	44	47	48	49	51	53	54	55	57	58	59	60	61	63	196	#
712	3032.45	0	2	3	4	6	7	9	10	11	13	14	15	16	17	18	19	20	23	24	25	26	27	28	29	32	33	34	35	37	38	39	40	42	43	44	45	46	47	48	49	50	51	52	54	55	56	57	58	59	60	61	62	63	196	#
713	108.567	19	56	197	#
714	159.153	48	56	197	#
715	95.231	19	61	197	#
716	302.466	13	21	28	30	31	44	49	198	#
717	431.526	28	29	32	33	37	44	48	198	#
718	418.609	5	7	12	16	21	34	48	198	#
719	417.146	2	4	14	27	29	31	45	198	#
720	370.776	14	17	30	39	49	57	58	198	#
721	297.36	13	19	39	44	45	46	53	198	#
722	258.575	8	10	11	32	33	44	48	60	199	#
723	373.27	2	4	13	30	44	53	58	60	199	#
724	352.229	8	13	14	15	28	34	41	53	199	#
725	322.016	2	7	11	13	15	21	26	27	199	#
726	319.742	5	15	20	25	33	37	43	52	199	#
727	666.657	8	11	14	17	19	26	32	37	38	62	200	#
728	745.275	1	2	13	14	15	23	37	40	47	55	200	#
729	714.435	14	19	25	31	43	51	53	59	62	63	200	#
730	673.886	3	7	17	18	19	27	37	45	57	58	200	#
731	647.065	1	15	18	23	33	34	40	43	52	62	200	#
732	590.524	0	1	10	14	27	30	31	38	43	53	200	#
733	472.427	1	5	17	34	35	45	54	201	#
734	518.293	1	17	22	50	51	53	54	201	#
735	410.899	1	3	13	17	22	50	58	201	#
736	376.673	14	19	32	35	39	52	54	201	#
737	375.688	22	23	36	45	46	54	58	201	#
738	373.771	4	7	17	30	36	52	54	201	#
739	872.376	10	14	18	25	26	28	29	31	36	39	50	53	54	56	61	202	#
740	994.183	0	3	8	12	15	17	18	20	28	35	40	47	51	56	63	202	#
741	880.051	1	2	3	4	6	12	26	28	36	37	38	48	50	53	57	202	#
742	875.564	2	6	12	13	14	17	22	23	28	35	36	45	47	50	58	202	#
743	843.471	0	10	12	16	18	27	28	32	38	43	48	50	51	56	61	202	#
744	838.265	3	14	15	19	20	23	25	28	30	32	33	35	46	51	56	202	#
745	66.041	18	36	203	#
746	84.9839	16	36	203	#
747	222.137	13	28	32	34	204	#
748	261.695	28	29	34	41	204	#
749	253.735	6	16	32	42	204	#
750	218.895	12	32	34	56	204	#
751	87.2453	8	13	37	63	204	#
752	238.862	6	19	22	44	56	205	#
753	342.739	6	17	18	26	27	205	#
754	275.489	7	39	44	45	50	205	#
755	251.062	16	20	28	34	56	205	#
756	223.628	19	21	29	45	58	205	#
757	171.351	21	22	30	39	50	205	#
758	179.295	9	18	32	206	#
759	223.725	8	9	15	206	#
760	171.819	8	15	18	206	#
761	106.548	32	39	43	206	#
762	101.202	4	#
763	330.771	2	16	21	26	30	43	207	#
764	489.846	16	24	29	30	49	59	207	#
765	474.075	15	19	21	29	43	60	207	#
766	362.422	6	7	11	37	38	43	207	#
767	302.268	2	15	16	21	23	45	207	#
768	267.531	2	8	23	26	30	38	207	#
769	889.57	1	2	4	16	17	24	26	27	32	34	37	40	41	52	54	63	208	#
770	1223.37	4	7	12	15	20	23	24	28	33	35	36	51	53	59	60	62	208	#
771	1207.11	1	4	12	15	17	18	20	23	24	34	36	40	43	58	60	61	208	#
772	1127.38	4	8	10	15	23	26	28	31	35	38	40	47	51	52	53	62	208	#
773	1082.08	2	10	23	26	27	29	34	35	37	39	40	41	47	49	57	60	208	#
774	1070.03	3	8	10	14	16	17	26	28	30	35	37	43	47	55	56	60	208	#
775	944.309	0	8	9	11	14	26	28	33	36	38	39	44	46	48	51	52	54	57	63	209	#
776	1259.98	7	10	17	19	23	28	29	30	31	34	35	38	40	42	48	51	54	59	60	209	#
777	1120.93	6	8	11	12	14	15	16	21	23	25	26	31	49	50	51	54	59	61	63	209	#
778	1106.55	8	11	14	17	18	26	35	37	39	43	44	49	50	53	55	56	57	59	61	209	#
779	1094.29	3	8	12	13	19	20	22	26	30	31	33	35	43	46	48	53	55	56	57	209	#
780	1093.48	1	2	8	13	15	18	19	25	27	28	29	31	40	42	43	45	58	61	63	209	#
781	216.707	8	38	44	54	63	210	#
782	305.506	21	25	28	30	63	210	#
783	280.847	11	14	21	25	38	210	#
784	192.422	34	43	47	52	54	210	#
785	137.742	1	8	26	55	62	210	#
786	128.69	41	45	211	#
787	192.683	17	41	211	#
788	62.9717	10	45	211	#
789	237.852	6	27	35	41	45	212	#
790	351.735	19	20	24	35	48	212	#
791	273.41	16	18	27	31	42	212	#
792	234.497	9	22	25	32	45	212	#
793	212.717	6	15	45	47	52	212	#
794	201.615	9	11	14	20	41	212	#
795	132.697	24	27	36	213	#
796	183.304	9	24	40	213	#
797	142.824	18	27	36	213	#
798	132.439	2	27	31	213	#
799	784.658	1	10	13	16	19	34	35	37	39	43	46	52	53	59	61	214	#
800	1093.67	1	4	9	10	15	16	17	24	25	27	38	39	41	46	55	214	#
801	1041.26	4	10	14	21	25	26	27	34	37	42	43	48	49	50	53	214	#
802	989.76	3	10	14	16	19	25	35	43	46	49	52	54	55	57	63	214	#
803	980.851	10	12	25	26	31	34	40	45	46	48	53	54	56	59	61	214	#
804	952.866	3	15	17	20	22	23	26	34	35	39	41	48	55	58	60	214	#
805	573.663	7	28	38	42	44	45	46	49	58	215	#
806	634.086	7	12	15	17	24	39	42	49	53	215	#
807	606.177	11	12	23	24	28	36	51	52	60	215	#
808	588.235	0	15	23	37	44	45	48	49	63	215	#
809	538.695	6	7	9	10	25	38	44	47	62	215	#
810	457.024	2	7	11	12	15	36	38	45	57	215	#
811	666.535	1	2	5	23	28	29	37	41	52	56	60	63	216	#
812	739.774	1	7	18	23	24	30	31	33	53	54	55	59	216	#
813	738.476	1	2	4	6	22	29	30	41	48	57	60	63	216	#
814	707.277	5	20	22	23	29	33	34	35	37	38	47	55	216	#
815	698.898	1	4	7	19	21	22	38	46	49	52	61	63	216	#
816	698.104	0	13	16	24	28	43	48	50	56	57	59	62	216	#
817	1502.85	0	1	6	8	9	10	13	14	16	18	19	20	27	28	33	37	42	43	44	50	53	54	56	57	63	217	#
818	1929.19	0	3	4	10	17	18	19	22	23	25	27	30	33	38	43	48	50	51	53	54	56	57	59	62	63	217	#
819	1814.02	1	2	4	6	12	14	15	18	19	25	27	29	31	36	38	41	42	48	49	52	54	55	56	59	61	217	#
820	1744.88	2	5	8	9	10	13	15	16	19	22	24	27	28	29	30	35	38	43	44	45	48	49	55	56	59	217	#
821	1683.42	2	3	8	9	10	14	17	21	22	24	25	33	34	36	38	40	43	45	48	53	55	57	59	61	63	217	#
822	1633.77	0	3	5	9	17	21	23	24	25	27	29	30	34	37	38	40	41	42	44	47	51	52	54	55	59	217	#
823	392.865	16	19	26	31	33	37	40	218	#
824	533.566	7	11	12	28	40	41	44	218	#
825	462.933	3	18	23	26	32	37	57	218	#
826	417.222	16	17	49	50	51	58	59	218	#
827	340.808	5	13	20	23	33	40	52	218	#
828	287.178	5	6	10	31	33	42	50	218	#
829	696.671	3	4	6	8	11	23	25	28	30	31	38	40	52	219	#
830	816.966	3	4	9	17	19	21	22	28	45	47	49	57	59	219	#
831	783.239	6	8	17	22	33	35	39	43	49	51	56	57	59	219	#
832	716.346	4	8	19	23	25	39	48	50	51	57	58	61	63	219	#
833	706.651	2	3	6	15	17	18	30	40	44	47	50	51	52	219	#
834	681.515	4	7	11	16	17	23	43	51	52	53	58	61	63	219	#
835	415.12	4	13	14	20	48	59	220	#
836	407.136	16	19	30	48	49	51	220	#
837	403.343	19	29	48	55	56	59	220	#
838	380.613	4	7	12	25	34	63	220	#
839	348.609	14	20	32	35	58	63	220	#
840	344.118	13	20	30	51	57	58	220	#
841	590.225	14	27	33	40	56	58	60	61	221	#
842	722.349	1	10	25	27	33	46	57	61	221	#
843	646.345	18	19	25	26	27	30	36	60	221	#
844	533.98	3	6	14	17	26	31	33	56	221	#
845	502.729	1	6	16	25	38	40	55	62	221	#
846	496.209	3	4	13	14	25	36	48	63	221	#
847	304.764	2	10	15	20	46	55	60	222	#
848	436.399	10	29	35	42	46	58	61	222	#
849	396.14	15	17	21	39	44	48	49	222	#
850	391.143	2	5	11	12	25	28	32	222	#
851	306.828	9	10	20	30	31	39	55	222	#
852	297.303	9	20	29	32	44	48	50	222	#
853	129.888	3	22	223	#
854	154.787	3	48	223	#
855	284.967	19	36	37	50	57	58	224	#
856	385.085	9	12	18	28	56	57	224	#
857	330.704	8	19	23	29	58	59	224	#
858	294.106	8	25	32	49	50	58	224	#
859	231.036	11	17	37	52	58	62	224	#
860	180.244	31	34	36	45	60	62	224	#
861	1162.67	0	2	4	8	11	13	17	20	22	24	26	28	30	32	33	41	44	46	48	52	55	60	61	62	225	#
862	1659.74	2	5	8	16	17	18	22	23	29	33	35	37	39	43	45	48	49	50	54	55	58	59	60	61	225	#
863	1647.75	0	1	4	9	10	17	20	22	26	27	32	38	39	42	45	49	51	54	55	57	58	61	62	63	225	#
864	1630.19	0	1	3	4	11	13	17	18	20	26	32	33	34	35	36	38	39	43	45	46	48	53	54	55	225	#
865	1590.36	0	1	2	3	9	11	16	17	18	19	22	25	26	28	33	34	35	38	41	44	46	55	57	62	225	#
866	1560.9	0	1	2	6	7	17	18	19	21	24	27	28	29	35	38	40	41	42	47	49	51	53	60	63	225	#
867	376.982	0	3	10	18	27	29	31	53	60	62	63	226	#
868	536.799	6	9	10	15	18	23	25	26	32	52	60	226	#
869	523.951	4	6	21	27	28	37	40	43	56	61	63	226	#
870	512.764	0	6	16	17	18	25	30	36	41	46	50	226	#
871	495.478	7	10	12	14	17	24	26	30	40	60	61	226	#
872	468.337	0	6	18	22	27	31	33	45	52	54	56	226	#
873	2123.47	1	3	4	5	6	7	8	12	15	18	21	22	23	24	25	28	31	32	33	34	36	38	39	40	41	43	44	45	46	48	49	50	51	52	53	54	56	58	60	62	63	227	#
874	2658.28	3	4	7	8	9	10	12	14	15	18	19	22	23	24	25	26	27	29	30	31	32	33	34	35	36	40	41	42	43	44	46	47	48	50	53	54	55	57	59	62	63	227	#
875	2536.76	0	1	4	6	7	8	10	11	13	14	15	16	17	19	20	21	23	24	27	29	30	31	33	34	37	40	41	42	43	44	46	47	48	49	50	51	53	54	55	57	59	227	#
876	2489.1	1	3	4	7	8	9	10	11	12	14	15	17	20	21	22	23	24	25	26	28	30	31	32	33	34	37	38	39	40	43	44	46	48	53	54	55	56	57	59	61	62	227	#
877	2480.68	0	1	4	6	8	10	11	12	13	15	16	17	18	23	24	25	27	28	32	33	35	37	38	40	41	43	44	45	46	47	48	50	52	54	56	57	58	59	60	62	63	227	#
878	2429.05	0	2	3	4	7	8	10	12	13	14	16	17	18	19	20	21	24	25	26	27	28	31	32	33	35	37	39	40	41	43	44	45	46	48	50	52	54	55	56	60	63	227	#
879	1978.21	0	1	3	4	9	12	14	17	19	22	23	24	25	26	27	28	29	30	31	32	33	36	37	39	43	46	54	55	56	58	60	61	62	228	#
880	2377.43	2	4	5	6	10	11	12	13	14	15	16	17	19	25	26	28	32	37	40	41	42	43	44	48	49	53	54	56	57	59	60	62	63	228	#
881	2146.35	1	4	8	10	11	12	14	16	17	19	20	21	22	28	30	33	34	35	36	38	40	41	42	44	45	49	50	53	55	57	61	62	63	228	#
882	2120.6	4	6	8	10	11	16	19	20	22	23	25	26	27	28	29	31	32	34	35	36	40	41	44	48	49	50	51	54	55	57	58	59	63	228	#
883	2064.26	1	4	5	7	8	13	14	17	18	19	22	23	24	25	26	27	29	30	37	40	41	43	45	47	48	49	51	52	54	56	58	60	62	228	#
884	2063.73	0	2	3	5	9	10	11	14	16	20	24	27	28	29	31	32	34	35	39	40	41	42	43	45	47	48	49	50	54	55	57	59	61	228	#
885	158.468	37	55	229	#
886	165.013	27	55	229	#
887	142.408	37	62	229	#
888	434.583	8	10	13	19	22	24	26	44	52	58	230	#
889	624.951	1	9	22	24	43	44	47	54	56	58	230	#
890	607.352	15	17	24	25	31	34	51	52	53	55	230	#
891	607.07	2	12	13	16	24	28	38	45	59	63	230	#
892	587.72	7	12	13	16	23	25	35	44	45	49	230	#
893	345.445	21	26	31	34	35	36	44	48	52	62	230	#
894	952.721	3	9	14	18	19	22	27	29	30	38	39	40	42	43	47	49	50	52	56	58	60	61	63	231	#
895	1391.23	0	1	4	9	10	12	15	16	20	24	26	27	28	29	40	41	45	46	47	51	55	61	62	231	#
896	1381.97	4	5	9	12	16	18	24	26	28	30	31	33	34	41	42	44	48	49	53	54	55	57	60	231	#
897	1371.12	0	2	3	8	13	17	18	19	22	23	28	33	34	35	37	38	42	43	44	49	51	55	56	231	#
898	1370.94	4	8	9	10	12	16	18	19	20	21	24	28	31	33	34	43	44	47	48	49	51	59	63	231	#
899	1272.96	0	4	9	10	14	16	18	19	23	26	27	30	34	35	36	40	41	42	44	50	56	59	63	231	#
900	892.23	2	6	13	14	20	21	25	26	29	36	37	43	44	47	51	232	#
901	1135.61	10	11	20	23	24	25	26	29	35	39	48	49	51	56	63	232	#
902	1065.79	2	4	11	17	26	30	31	36	37	48	49	51	57	62	63	232	#
903	984.813	14	17	18	20	25	28	29	37	39	41	47	49	56	58	59	232	#
904	968.938	1	3	12	13	15	16	18	23	24	34	40	48	52	55	57	232	#
905	949.066	18	26	34	36	39	44	46	47	49	51	55	57	59	61	62	232	#
906	847.621	1	2	9	15	16	17	23	24	32	33	38	44	60	233	#
907	964.295	10	12	14	19	34	38	40	41	51	55	56	57	59	233	#
908	852.04	1	6	9	11	19	23	25	29	33	35	37	43	53	233	#
909	835.811	0	9	11	12	23	24	34	38	43	44	45	54	55	233	#
910	761.968	5	11	13	26	27	40	41	43	49	54	55	59	60	233	#
911	730.978	1	7	8	16	17	29	34	47	50	51	53	54	57	233	#
912	413.873	24	27	37	47	50	62	234	#
913	503.502	27	35	47	52	54	60	234	#
914	431.018	2	36	37	53	54	57	234	#
915	255.163	0	18	20	54	62	63	234	#
916	247.224	7	18	33	42	50	57	234	#
917	1624.65	1	3	4	9	10	13	14	16	18	19	27	29	31	32	35	38	42	45	49	53	55	59	61	235	#
918	1407.35	1	2	3	4	5	7	8	10	13	19	22	23	24	31	33	34	40	42	43	44	45	46	49	235	#
919	1392.52	1	2	4	7	8	9	13	16	17	21	23	26	30	36	48	49	50	52	55	56	61	62	63	235	#
920	1366.25	0	4	13	14	15	17	18	19	22	24	27	29	30	32	37	42	44	45	52	55	57	61	62	235	#
921	1349.81	5	9	10	11	12	18	19	26	27	28	29	31	32	37	42	49	51	52	55	57	59	61	62	235	#
922	1344.89	1	5	7	8	13	16	21	24	27	29	30	32	34	35	41	42	43	45	49	53	55	59	61	235	#
923	319.301	8	9	47	49	236	#
924	312.053	9	19	48	57	236	#
925	225.867	6	48	49	57	236	#
926	220.202	8	34	41	49	236	#
927	183.724	0	8	28	47	236	#
928	96.8204	8	15	237	#
929	107.141	8	53	237	#
930	83.5236	15	36	237	#
931	554.622	8	10	11	23	26	37	38	54	238	#
932	567.927	7	10	21	24	36	51	54	58	238	#
933	523.693	3	11	14	17	31	33	35	37	238	#
934	498.175	8	14	27	37	40	46	55	57	238	#
935	484.968	6	10	15	25	26	27	33	39	238	#
936	436.218	6	10	17	21	27	28	45	61	238	#
937	712.492	8	11	16	21	26	27	28	29	34	36	42	47	51	54	63	239	#
938	1063.45	2	7	11	14	17	18	23	25	28	29	42	43	46	47	54	239	#
939	964.452	7	16	18	25	26	27	28	29	36	38	50	54	58	59	62	239	#
940	961.598	4	8	14	25	26	27	29	31	40	41	42	46	50	54	61	239	#
941	930.182	8	9	17	23	28	29	33	40	43	46	50	52	54	56	59	239	#
942	877.623	1	3	4	8	15	19	20	28	33	38	44	45	53	54	61	239	#
943	1784.13	1	3	5	6	7	9	11	13	14	15	16	22	24	27	29	33	35	37	38	41	42	44	47	48	49	50	53	58	59	60	62	240	#
944	2167.64	0	1	3	4	13	14	15	18	19	20	22	24	25	27	28	34	37	41	42	43	45	46	47	48	49	50	54	55	57	59	61	240	#
945	2048.63	0	1	3	4	6	9	11	14	22	23	24	25	28	29	34	35	36	38	39	43	44	45	46	47	48	54	56	57	59	60	62	240	#
946	1928.42	4	5	6	9	10	12	14	16	17	18	19	22	23	24	25	28	30	31	36	38	39	40	42	43	47	50	54	57	59	60	61	240	#
947	1900.95	1	4	9	10	11	16	17	18	20	24	27	28	29	30	32	34	35	36	38	39	42	43	44	45	50	52	54	55	56	61	62	240	#
948	1893.74	1	4	6	8	10	11	13	15	16	18	19	25	28	29	30	35	38	39	41	42	43	44	45	46	47	48	49	51	52	58	61	240	#
949	1281.2	0	2	3	5	6	9	11	12	16	19	21	23	25	26	27	33	35	46	47	51	56	57	58	62	241	#
950	1531.36	0	1	3	6	7	10	13	14	16	18	19	22	24	25	32	34	35	40	41	43	51	54	56	60	241	#
951	1512.93	1	4	5	8	11	16	17	20	22	23	27	28	30	33	41	47	48	49	51	53	54	55	62	63	241	#
952	1486.25	1	4	15	16	19	22	23	24	25	26	27	28	29	36	39	40	42	44	55	56	58	61	62	63	241	#
953	1432.28	0	2	5	6	7	8	10	17	18	21	22	27	28	29	32	36	42	44	48	49	51	54	56	62	241	#
954	1416.56	0	2	4	7	8	10	17	19	29	30	31	33	41	43	46	47	50	51	55	56	57	58	60	63	241	#
955	1445.99	2	3	4	6	7	8	10	13	14	15	17	21	23	27	29	31	36	38	43	44	45	48	51	55	58	59	60	62	242	#
956	1742.09	0	1	3	4	8	11	14	15	17	18	20	22	23	24	25	26	30	31	39	41	43	46	48	51	56	59	61	62	242	#
957	1726.17	0	3	4	6	15	17	18	20	21	23	25	26	28	29	31	33	35	40	43	46	47	48	49	51	54	56	61	62	242	#
958	1702.11	0	1	2	4	8	10	11	14	16	20	23	25	26	27	31	36	42	43	45	47	48	49	51	53	58	59	62	63	242	#
959	1688.87	1	7	10	14	16	20	23	24	26	30	32	33	35	40	42	43	44	45	46	48	50	51	54	55	57	58	60	63	242	#
960	1572.51	1	2	3	4	5	6	10	11	13	14	17	19	20	22	25	28	29	30	31	36	40	41	43	44	46	48	51	55	242	#
961	783.978	0	1	8	10	11	20	28	35	38	43	57	59	243	#
962	819.248	5	7	18	19	24	32	36	47	49	50	59	62	243	#
963	807.802	1	5	16	18	20	24	25	38	42	53	57	59	243	#
964	801.291	1	24	25	33	35	38	40	41	43	53	56	59	243	#
965	793.438	0	1	10	15	18	20	29	30	32	35	38	43	243	#
966	714.763	13	19	24	27	28	35	42	47	49	52	58	59	243	#
967	111.359	5	31	40	244	#
968	146.657	5	54	55	244	#
969	609.554	0	1	12	14	20	53	54	56	245	#
970	650.452	0	12	18	20	28	37	41	57	245	#
971	558.213	2	10	12	23	30	45	46	59	245	#
972	530.799	3	26	30	39	47	48	54	62	245	#
973	508.643	0	1	6	15	16	28	38	41	245	#
974	476.533	6	8	19	24	27	35	39	56	245	#
975	1025.72	0	4	5	9	11	15	26	39	40	41	43	54	57	60	62	246	#
976	1203.27	0	1	3	4	5	16	17	24	25	27	34	35	39	47	54	246	#
977	1173.86	3	6	7	9	16	22	35	41	42	43	45	47	48	52	54	246	#
978	1089.54	0	9	14	15	16	19	27	35	36	38	39	41	44	47	55	246	#
979	1053.33	3	5	7	10	13	14	19	20	25	42	44	53	56	57	59	246	#
980	995.282	1	3	11	14	18	34	40	41	42	43	44	49	52	61	63	246	#
981	127.374	28	32	247	#
982	126.132	19	32	247	#
983	107.739	11	28	247	#
984	258.816	8	19	24	248	#
985	179.165	19	34	40	248	#
986	152.358	8	24	34	248	#
987	924.826	1	4	9	26	28	30	32	35	37	41	48	49	62	249	#
988	889.553	0	10	22	25	26	29	30	32	44	48	49	56	63	249	#
989	813.115	4	8	14	18	23	26	27	31	35	44	55	56	57	249	#
990	798.449	3	7	18	24	25	29	30	35	36	39	54	57	62	249	#
991	774.854	9	10	20	30	32	33	34	35	37	41	42	48	54	249	#
992	766.503	3	4	9	12	14	23	25	38	39	40	50	52	53	249	#
993	857.978	2	6	9	10	14	30	33	34	36	37	45	46	48	51	55	56	57	58	250	#
994	1194.96	2	5	13	17	19	20	24	27	28	30	33	34	35	39	41	48	54	59	250	#
995	1131.68	5	10	11	13	16	20	23	25	28	34	37	39	42	44	48	49	55	60	250	#
996	1120.61	1	3	10	13	14	19	24	25	29	36	38	43	44	47	49	50	54	55	250	#
997	1092.86	3	6	9	13	24	25	28	34	37	38	43	46	47	49	53	54	56	63	250	#
998	1048.77	0	2	6	7	9	12	16	22	24	30	38	39	41	43	48	57	58	63	250	#
999	53.2242	41	#
