%% File generated by CATS v.2.1Wed Jun 22 10:37:20 2022

%% The CATS webpage is http://robotics.stanford.edu/CATS

%% PARAMETER SETTINGS:
% Goods: 64; Bids: 1000; Distribution: arbitrary; Runs: 1; Seed: 1656572333
% Arbitrary Distribution Parameters:
% Max Substitutable Bids = 5
% Removing HV Neighbor   = 0.1
% Adding DIAG Neighbor   = 0.2
% Additional Location    = 0.9
% Additivity             = 0.2
% Budget Factor          = 1.5
% Resale Factor          = 0.5
% Uniform Private Value:
%   Deviation            = 0.5
%   Max Good Value       = 100



goods 64
bids 1005
dummy 183

0	254.361	22	37	63	64	#
1	263.612	1	37	58	64	#
2	242.049	3	22	49	64	#
3	192.489	26	44	63	64	#
4	125.437	4	9	39	65	#
5	183.072	14	34	39	65	#
6	107.328	9	32	61	65	#
7	150.682	4	26	43	66	#
8	161.57	4	38	56	66	#
9	137.43	0	31	43	66	#
10	60.6934	4	#
11	307.445	11	16	18	56	67	#
12	423.218	17	18	56	63	67	#
13	353.583	1	16	31	44	67	#
14	291.548	11	51	61	63	67	#
15	601.857	0	10	13	15	21	26	28	32	37	55	58	61	68	#
16	900.673	0	1	7	9	24	28	29	35	50	52	56	61	68	#
17	823.584	5	10	18	21	24	29	31	32	37	45	56	58	68	#
18	771.014	2	5	11	12	25	28	30	39	48	50	53	57	68	#
19	768.401	7	8	14	15	21	29	30	35	41	43	53	55	68	#
20	757.447	4	5	16	18	21	31	35	36	37	39	43	62	68	#
21	637.016	19	20	21	23	27	29	35	42	46	69	#
22	743.301	1	17	23	29	31	36	37	55	56	69	#
23	719.451	2	3	23	35	38	39	45	52	58	69	#
24	712.705	2	3	11	21	25	27	37	53	58	69	#
25	712.623	11	12	15	17	24	27	56	57	58	69	#
26	705.094	22	24	25	30	31	45	46	57	60	69	#
27	169.226	1	16	52	54	70	#
28	197.443	23	42	44	52	70	#
29	185.003	1	18	33	63	70	#
30	179.768	5	12	27	54	70	#
31	587.792	2	3	14	23	39	44	46	47	52	54	57	71	#
32	799.181	3	9	11	12	24	29	30	38	39	46	56	71	#
33	778.96	3	12	14	21	25	27	35	38	39	46	51	71	#
34	769.28	7	9	10	12	15	21	24	27	28	52	54	71	#
35	734.511	3	7	15	16	27	29	45	46	49	52	53	71	#
36	726.171	11	24	25	44	46	51	52	53	58	59	63	71	#
37	123.552	26	31	58	72	#
38	116.506	9	19	26	72	#
39	310.655	3	12	18	53	59	73	#
40	371.278	2	6	22	32	53	73	#
41	341.511	6	10	50	51	59	73	#
42	312.478	17	18	21	34	58	73	#
43	288.495	0	3	4	22	37	73	#
44	275.726	7	12	13	30	38	73	#
45	421.028	19	24	28	30	40	43	47	52	74	#
46	554.88	2	12	19	24	27	42	52	59	74	#
47	551.042	6	28	30	36	42	43	46	49	74	#
48	482.187	8	30	33	45	47	48	50	63	74	#
49	480.646	5	11	28	30	39	45	58	61	74	#
50	430.824	0	11	12	24	44	49	52	55	74	#
51	62.6446	32	54	#
52	78.2465	30	#
53	66.7266	19	#
54	967.621	1	7	11	13	18	21	22	23	25	26	30	32	35	42	54	57	75	#
55	1267.79	0	1	11	13	14	17	18	21	26	34	47	49	51	54	56	59	75	#
56	1160.63	6	11	12	14	21	23	35	36	39	42	47	49	52	58	59	63	75	#
57	1139.06	6	10	11	13	17	18	26	31	35	39	46	51	54	55	57	59	75	#
58	1138.93	0	4	11	16	22	23	27	28	32	35	36	43	46	49	51	59	75	#
59	1107.12	0	2	6	14	18	20	23	27	35	36	40	43	47	49	55	63	75	#
60	1065.85	4	5	8	18	20	26	29	31	36	46	51	56	57	59	61	76	#
61	1243.72	2	3	4	11	24	25	26	29	36	37	45	47	51	59	60	76	#
62	1209.35	0	4	5	13	20	31	36	37	41	47	50	51	54	56	59	76	#
63	1163.96	0	4	8	12	14	28	29	31	45	47	50	51	56	57	58	76	#
64	1070.64	3	4	13	16	20	34	36	38	39	41	45	47	50	56	60	76	#
65	1028.72	2	4	10	17	20	25	26	38	50	51	53	56	58	60	61	76	#
66	1494.3	2	3	4	9	12	18	20	22	25	28	30	32	35	36	38	39	40	42	44	46	47	48	50	51	54	59	77	#
67	1836.66	1	2	3	4	5	9	15	17	20	22	24	25	30	34	35	38	39	41	44	46	48	50	53	56	59	62	77	#
68	1739.33	0	2	3	6	7	12	14	15	21	22	23	28	30	31	34	37	38	39	40	42	46	51	53	54	56	62	77	#
69	1683.38	4	6	10	12	13	15	16	17	22	23	25	30	31	36	38	42	44	46	53	55	56	58	59	60	61	62	77	#
70	1676.14	0	3	7	12	13	15	16	17	18	20	22	23	25	31	32	35	38	40	42	44	51	52	54	55	56	62	77	#
71	1674.05	0	1	5	6	7	11	13	15	18	21	30	31	33	34	35	37	38	42	44	46	48	53	56	59	61	62	77	#
72	194.037	1	36	40	49	78	#
73	259.774	36	47	50	52	78	#
74	229.098	0	1	40	52	78	#
75	201.573	25	32	39	49	78	#
76	1158.08	7	10	14	15	16	18	22	29	34	40	43	46	49	52	53	55	58	60	62	79	#
77	1477.33	1	2	8	18	21	29	30	33	35	36	38	43	44	45	46	47	48	54	59	79	#
78	1323.45	6	7	8	10	19	20	36	38	44	46	47	48	49	51	54	58	59	60	62	79	#
79	1303.87	6	8	10	11	15	16	17	18	21	28	32	33	36	38	49	53	58	62	63	79	#
80	1294.95	0	2	14	15	18	22	29	30	35	38	40	46	47	52	55	56	58	59	62	79	#
81	1290.81	2	5	6	8	10	12	15	18	19	23	33	35	48	49	51	52	54	58	59	79	#
82	505.451	19	21	23	25	34	37	54	80	#
83	533.455	1	8	11	21	54	56	60	80	#
84	455.489	6	10	15	25	29	37	38	80	#
85	435.481	6	22	32	36	37	54	60	80	#
86	400.181	0	6	11	15	34	39	54	80	#
87	318.228	0	12	14	16	19	21	37	80	#
88	593.643	3	10	12	20	22	26	30	31	41	55	81	#
89	809.389	0	3	17	23	29	35	37	41	42	58	81	#
90	743.643	4	7	12	17	20	24	50	54	62	63	81	#
91	734.434	11	17	22	23	26	27	35	37	56	62	81	#
92	659.777	4	15	17	18	19	24	27	35	44	55	81	#
93	654.726	1	3	7	10	17	18	30	40	47	53	81	#
94	388.582	3	4	23	43	82	#
95	363.093	10	23	34	43	82	#
96	227.094	4	35	39	43	82	#
97	220.135	3	10	18	62	82	#
98	196.946	40	43	58	61	82	#
99	463.895	14	15	49	52	53	55	59	83	#
100	626.23	2	6	14	21	35	52	59	83	#
101	589.546	2	28	41	49	52	55	59	83	#
102	504.641	10	15	23	27	41	52	58	83	#
103	484.877	15	40	45	49	52	54	61	83	#
104	405.906	3	6	14	30	36	57	60	83	#
105	1682.26	0	1	2	3	5	6	8	11	16	18	19	20	27	28	30	32	33	34	35	36	39	40	45	46	49	51	53	57	58	60	61	63	84	#
106	2102.27	1	2	3	6	10	16	17	20	21	22	24	28	29	32	33	34	35	36	37	38	40	41	43	44	48	51	52	55	56	57	62	63	84	#
107	2034.1	0	2	6	11	12	16	17	18	21	30	31	32	33	34	35	38	39	40	41	44	45	49	50	51	52	55	56	57	58	60	61	62	84	#
108	2034.06	0	1	2	6	10	12	16	17	18	19	20	22	28	29	30	31	34	35	36	40	43	44	48	50	52	53	55	56	57	58	60	62	84	#
109	2004.95	0	3	4	6	7	9	10	16	17	18	21	28	29	30	34	35	38	39	41	42	43	44	45	51	52	53	55	56	58	60	61	63	84	#
110	1991.85	0	5	6	9	10	11	12	16	17	18	20	22	26	27	28	30	33	35	39	41	43	45	50	51	52	53	55	56	57	58	59	61	84	#
111	705.701	1	8	17	21	30	48	53	54	61	85	#
112	748.489	10	21	34	37	44	45	54	58	59	85	#
113	702.932	1	10	16	21	25	35	54	56	60	85	#
114	687.606	13	17	20	29	32	43	55	58	61	85	#
115	642.135	6	8	30	35	36	43	54	58	60	85	#
116	611.077	1	17	33	35	42	48	50	53	54	85	#
117	82.3835	27	#
118	1060.56	5	6	8	10	14	18	19	21	22	29	31	45	47	51	53	56	60	62	86	#
119	1409.21	4	13	16	18	20	23	28	29	31	36	38	41	45	46	56	58	62	63	86	#
120	1352.25	3	13	18	19	25	28	29	30	31	41	45	46	51	53	54	60	62	63	86	#
121	1227.18	0	2	5	6	7	15	16	18	19	21	23	26	28	29	52	60	61	63	86	#
122	1213.53	6	10	14	17	18	19	23	25	29	31	36	38	40	42	51	54	55	63	86	#
123	1213.42	0	2	6	7	12	14	18	19	22	29	30	40	45	46	50	54	59	63	86	#
124	1022.07	3	4	13	16	18	22	25	26	28	33	34	35	36	40	41	44	46	50	53	55	60	87	#
125	1523.62	3	6	8	9	15	17	23	24	25	32	34	39	40	45	46	48	51	52	59	62	63	87	#
126	1446.73	4	6	7	15	16	21	22	23	24	25	26	29	32	35	37	39	41	45	46	51	62	87	#
127	1439.56	1	3	15	16	17	18	20	21	24	28	31	32	34	38	41	42	45	52	53	56	63	87	#
128	1410.36	0	6	9	12	16	17	18	23	24	28	29	38	41	46	48	50	51	52	56	60	62	87	#
129	1370.33	0	3	9	14	17	18	23	24	28	29	34	35	43	45	48	50	51	52	53	60	62	87	#
130	557.919	13	16	22	23	27	46	51	57	88	#
131	685.272	17	20	29	40	51	54	55	60	88	#
132	566.7	6	16	19	23	27	51	57	59	88	#
133	542.852	6	10	14	27	29	51	54	60	88	#
134	512.492	15	22	24	26	34	41	51	58	88	#
135	478.012	3	13	15	22	39	51	57	61	88	#
136	933.26	3	14	16	20	24	25	27	33	36	38	40	42	46	48	49	50	51	60	89	#
137	1377.01	2	3	6	7	11	12	16	18	25	31	33	37	41	51	52	54	59	63	89	#
138	1331.7	1	3	10	11	13	17	18	20	24	31	36	39	41	46	54	59	60	63	89	#
139	1269.49	1	3	12	13	17	18	24	25	30	33	41	48	51	52	54	55	61	63	89	#
140	1268.51	1	2	3	12	13	14	23	25	30	33	36	39	41	48	53	60	61	63	89	#
141	1221.41	2	6	8	10	12	13	20	25	33	39	41	50	56	57	59	60	61	63	89	#
142	469.529	13	19	20	22	27	47	63	90	#
143	620.014	2	13	30	43	45	47	63	90	#
144	478.009	2	3	19	22	41	43	57	90	#
145	460.782	33	36	37	38	49	50	63	90	#
146	426.246	2	24	27	28	51	56	61	90	#
147	418.413	11	13	20	24	33	37	62	90	#
148	959.918	9	11	15	18	21	28	37	46	47	50	55	57	59	91	#
149	1050.3	9	15	20	21	23	25	26	45	47	54	55	57	59	91	#
150	1020.89	2	13	18	20	21	23	41	43	47	50	52	59	62	91	#
151	963.635	1	2	5	13	15	18	21	23	26	29	34	46	63	91	#
152	895.983	9	12	14	25	29	39	46	47	50	52	53	59	63	91	#
153	875.6	6	9	11	19	20	21	23	26	29	32	34	38	57	91	#
154	95.2579	8	11	32	39	#
155	778.326	6	10	13	19	23	24	32	41	45	58	92	#
156	751.208	17	20	24	25	27	28	32	38	39	54	92	#
157	730.567	7	10	22	28	32	41	43	50	53	58	92	#
158	694.039	8	22	23	25	30	39	43	45	58	62	92	#
159	645.762	3	7	10	20	23	32	33	37	53	54	92	#
160	626.581	5	6	23	34	38	42	53	57	59	61	92	#
161	475.732	8	10	12	44	49	54	56	93	#
162	624.844	2	7	12	27	38	44	56	93	#
163	557.265	2	7	14	22	47	49	50	93	#
164	514.287	5	10	15	44	45	49	56	93	#
165	498.085	10	13	44	47	53	56	62	93	#
166	456.285	7	15	16	44	51	53	56	93	#
167	412.237	1	7	16	34	40	44	49	52	57	94	#
168	545.721	6	15	16	18	25	34	37	40	44	94	#
169	510.557	26	31	37	40	42	43	44	51	56	94	#
170	480.871	5	10	16	18	29	31	58	60	62	94	#
171	462.135	10	37	39	44	47	50	52	55	60	94	#
172	448.967	0	4	10	28	34	40	49	50	62	94	#
173	1038.4	2	11	12	13	14	26	28	34	35	39	40	42	46	48	54	57	61	62	95	#
174	1187.62	0	1	2	6	12	13	23	26	29	30	32	35	39	43	47	48	51	54	95	#
175	1148.4	1	2	3	6	17	18	22	29	32	34	38	40	41	42	47	48	56	58	95	#
176	1147.8	0	2	11	12	14	24	27	33	34	35	38	43	47	48	54	56	61	63	95	#
177	1116.61	1	11	14	16	18	24	27	28	34	38	43	46	51	55	56	58	61	62	95	#
178	1088.35	2	6	10	11	13	20	25	28	32	33	35	39	43	48	53	54	57	63	95	#
179	920.822	1	6	9	10	13	18	21	25	33	38	41	50	51	53	57	96	#
180	1209.79	7	9	10	17	21	25	28	29	30	34	39	41	45	50	53	96	#
181	1140.46	1	2	7	9	11	12	15	17	28	31	34	39	49	51	53	96	#
182	1133.31	9	16	21	25	28	29	30	34	35	41	44	47	50	53	61	96	#
183	1088.31	1	4	5	6	21	24	28	29	30	34	41	42	51	59	60	96	#
184	1020.1	3	7	15	16	20	24	28	29	33	34	41	42	46	53	58	96	#
185	289.401	9	19	20	57	59	97	#
186	378.893	1	5	9	41	59	97	#
187	355.558	7	11	20	44	51	97	#
188	341.085	19	41	45	57	62	97	#
189	265.971	19	24	38	44	60	97	#
190	768.638	3	5	6	11	12	25	27	45	56	61	98	#
191	838.36	4	7	11	17	26	33	38	56	62	63	98	#
192	794.922	4	22	25	29	36	38	45	49	52	63	98	#
193	783.091	4	6	23	30	34	38	43	49	56	62	98	#
194	770.94	5	20	29	30	33	34	43	49	61	63	98	#
195	715.055	1	2	5	7	22	25	26	43	48	63	98	#
196	1268.12	5	7	8	11	13	15	16	17	19	25	31	32	34	36	39	40	42	45	46	50	52	54	55	59	62	99	#
197	1653	1	2	3	6	8	16	17	23	25	29	30	31	34	37	40	41	43	46	50	51	52	53	54	59	60	99	#
198	1518.62	1	3	4	5	6	11	13	14	16	20	23	25	29	30	31	32	35	37	46	50	54	56	61	62	63	99	#
199	1485.23	1	2	3	5	6	7	11	17	22	25	31	32	33	36	37	38	42	43	44	46	50	51	53	54	55	99	#
200	1423.3	1	2	6	7	15	25	30	31	32	33	34	35	38	42	43	44	45	46	47	50	54	58	60	61	62	99	#
201	1397.58	3	7	14	16	17	18	22	23	25	28	31	32	33	34	35	37	42	43	46	51	53	56	59	60	62	99	#
202	1639.92	0	2	7	10	12	13	15	19	20	21	23	26	27	31	41	42	43	44	45	55	57	58	59	60	63	100	#
203	1688.81	4	9	12	15	16	17	18	20	21	22	23	24	27	31	33	36	41	42	47	53	54	55	56	58	60	100	#
204	1638.73	1	3	5	11	12	14	21	23	24	25	27	28	30	33	40	43	44	46	50	53	56	58	60	61	62	100	#
205	1625.89	2	5	8	12	15	18	19	20	23	31	33	36	37	40	41	43	48	50	52	53	54	55	57	59	61	100	#
206	1611.08	1	2	3	12	14	17	19	20	21	24	29	30	32	33	38	41	42	43	48	49	52	54	55	57	62	100	#
207	1605.17	0	8	15	16	20	21	23	25	27	28	31	39	40	41	42	43	47	48	49	50	54	55	58	60	61	100	#
208	170.017	34	42	53	55	101	#
209	192.991	0	6	40	42	101	#
210	153.945	15	40	53	55	101	#
211	106.646	18	37	47	53	101	#
212	1569.18	1	3	5	9	17	28	31	32	33	34	36	37	39	40	41	43	45	47	50	55	57	63	102	#
213	1679.09	2	3	6	9	11	13	17	19	21	24	34	35	37	38	40	41	42	43	45	46	50	62	102	#
214	1643.61	3	7	9	11	17	19	23	24	30	31	34	35	37	47	48	49	50	51	52	55	58	63	102	#
215	1588.09	5	6	17	19	21	24	28	30	32	34	35	39	40	43	45	47	50	51	52	53	54	62	102	#
216	1582.38	1	6	9	15	17	19	20	23	26	29	30	31	32	35	38	41	43	45	47	55	57	62	102	#
217	1563.57	3	7	10	17	19	20	23	24	31	35	36	40	41	47	49	50	51	52	56	58	59	62	102	#
218	373.657	7	16	19	21	25	103	#
219	404.523	7	13	21	39	58	103	#
220	401.32	11	19	21	41	52	103	#
221	328.649	9	19	43	46	63	103	#
222	301.373	10	15	25	33	39	103	#
223	231.617	1	16	18	27	50	103	#
224	1543.37	1	3	8	10	11	15	16	19	20	25	28	32	35	36	38	41	46	50	55	57	59	63	104	#
225	1651.03	3	10	11	15	18	19	20	21	25	26	28	29	32	34	35	41	44	45	50	54	58	63	104	#
226	1645.33	0	1	6	7	10	16	17	19	20	26	27	29	31	32	34	35	39	41	45	50	55	59	104	#
227	1593.8	0	1	5	8	15	19	20	21	23	25	27	28	29	31	32	35	36	37	45	47	50	51	104	#
228	1492.98	0	4	8	9	10	19	20	21	23	28	29	31	34	37	38	39	44	50	52	55	59	63	104	#
229	1492.54	6	8	10	11	20	22	24	25	26	29	32	33	35	37	38	40	41	44	50	55	59	61	104	#
230	244.95	0	23	55	62	105	#
231	321.137	12	34	43	62	105	#
232	317.867	2	43	55	63	105	#
233	202.658	10	13	23	49	105	#
234	129.051	0	8	14	15	105	#
235	1760.45	1	3	6	7	13	14	16	17	18	21	24	25	26	27	41	44	45	46	54	55	60	61	63	106	#
236	2010.21	2	3	4	6	9	11	12	17	21	23	24	25	27	28	31	32	38	41	46	50	55	58	63	106	#
237	1979.74	1	2	7	17	23	24	27	28	29	30	31	32	38	47	48	49	50	51	55	57	58	59	63	106	#
238	1899.54	2	3	6	7	8	14	17	18	21	24	30	31	32	41	46	48	50	54	55	56	57	58	62	106	#
239	1846.5	0	7	11	16	18	21	23	24	25	27	28	31	34	36	41	44	45	47	50	55	56	58	60	106	#
240	1843.66	1	2	3	5	6	7	9	11	19	21	25	27	32	34	38	41	44	54	55	59	60	62	63	106	#
241	116.641	3	42	48	107	#
242	145.359	1	42	52	107	#
243	222.511	11	32	40	58	108	#
244	219.262	42	44	56	58	108	#
245	217.841	11	46	49	60	108	#
246	210.875	32	40	41	60	108	#
247	183.969	10	16	32	43	108	#
248	39.8802	46	#
249	83.4816	48	#
250	1456.13	2	3	6	10	12	15	16	17	18	19	26	27	29	30	32	36	37	38	42	45	46	48	52	53	57	59	109	#
251	2118.55	1	2	3	5	6	7	11	12	15	17	26	27	29	30	35	36	38	39	42	43	44	53	54	59	62	63	109	#
252	1952.62	3	5	7	11	12	15	17	19	26	27	31	32	35	37	42	43	44	48	50	51	52	54	56	59	62	63	109	#
253	1926.05	1	3	6	12	20	21	23	27	29	31	32	35	36	37	38	39	42	44	48	50	51	54	57	59	62	63	109	#
254	1925.39	1	5	6	15	17	18	23	26	27	31	35	36	38	39	42	43	44	50	51	53	54	58	59	61	62	63	109	#
255	1923.12	2	3	5	6	7	11	12	14	26	27	30	31	36	37	38	39	42	43	44	50	52	54	56	59	62	63	109	#
256	483.359	1	13	38	39	44	45	63	110	#
257	585.918	1	6	13	28	37	50	54	110	#
258	537.01	15	38	43	45	50	62	63	110	#
259	477.038	1	12	13	20	37	38	54	110	#
260	469.518	0	12	45	47	49	52	54	110	#
261	442.684	3	13	18	22	33	44	62	110	#
262	804.718	6	13	21	23	25	26	30	36	49	55	57	63	111	#
263	931.597	6	13	21	22	30	31	33	47	49	55	56	59	111	#
264	928.553	15	20	21	22	26	32	33	38	46	55	56	63	111	#
265	909.942	3	5	7	17	21	22	23	26	27	28	34	47	111	#
266	898.038	3	11	15	21	31	32	33	34	35	42	54	55	111	#
267	892.362	1	2	7	10	11	21	27	30	32	35	47	63	111	#
268	468.158	4	5	25	26	37	50	55	60	112	#
269	643.526	3	4	5	8	29	48	56	63	112	#
270	610.041	3	4	23	29	36	38	55	60	112	#
271	600.76	2	17	25	36	37	38	41	55	112	#
272	559.699	3	4	19	21	33	53	61	63	112	#
273	558.097	2	19	26	27	31	42	43	60	112	#
274	48.2713	41	#
275	294.686	4	14	30	34	113	#
276	285.227	6	13	27	30	113	#
277	272.18	4	28	30	34	113	#
278	264.749	7	14	17	60	113	#
279	199.723	4	13	14	22	113	#
280	94.0063	9	19	42	114	#
281	95.6704	19	62	63	114	#
282	1097.78	2	6	8	9	11	14	17	21	32	37	40	52	55	57	59	61	115	#
283	1228.79	2	3	4	6	17	21	24	34	37	38	49	54	55	56	61	63	115	#
284	1143.7	2	6	8	17	22	25	28	36	37	40	44	46	47	59	61	63	115	#
285	1090.15	2	8	13	14	17	24	28	38	46	49	52	54	55	57	59	62	115	#
286	1022.25	7	13	15	24	25	37	48	49	51	52	54	55	57	61	62	63	115	#
287	999.238	8	11	14	15	17	18	24	31	37	40	43	47	49	56	57	61	115	#
288	1299.54	0	4	5	10	11	12	13	14	18	20	21	23	24	27	29	35	43	46	47	52	57	61	63	116	#
289	1757.18	1	4	7	9	13	14	15	20	21	23	24	25	30	31	37	41	43	47	52	54	56	59	62	116	#
290	1754.48	0	1	2	3	5	15	16	23	24	25	27	29	30	31	34	35	37	43	45	47	54	59	62	116	#
291	1719.67	5	7	9	11	13	15	18	20	21	24	29	30	38	40	41	44	45	47	48	56	59	61	62	116	#
292	1702.97	0	2	3	5	7	13	16	18	21	23	24	27	29	30	36	37	40	45	54	57	59	61	62	116	#
293	1629.92	1	2	4	5	7	9	13	15	20	21	23	24	28	34	38	40	47	51	54	57	59	61	63	116	#
294	562.045	12	13	14	29	30	35	41	46	54	117	#
295	686.485	2	3	6	15	22	25	30	52	53	117	#
296	678.513	1	3	12	15	25	40	43	54	61	117	#
297	611.838	11	14	15	25	27	30	47	60	63	117	#
298	595.173	3	9	12	13	24	28	47	53	58	117	#
299	566.336	3	7	14	15	18	27	28	35	43	117	#
300	1415.66	1	2	4	5	7	8	10	11	12	17	24	26	29	30	37	41	43	47	49	52	56	57	58	118	#
301	1566.69	7	8	13	14	15	17	20	21	26	27	28	30	31	35	37	46	47	48	52	55	56	57	58	118	#
302	1469.6	0	1	2	3	6	7	13	19	23	30	34	35	36	37	38	43	46	49	50	53	55	56	59	118	#
303	1466.49	0	1	2	3	4	5	6	8	17	18	19	21	26	37	43	48	50	52	54	55	56	57	63	118	#
304	1459.54	4	6	7	8	10	11	13	14	15	17	20	27	28	30	36	37	42	44	47	50	53	54	55	118	#
305	1453.34	4	5	8	9	10	14	15	16	21	23	24	27	30	31	34	38	46	50	52	53	55	56	59	118	#
306	434.226	4	18	19	21	34	41	119	#
307	533.634	15	24	25	41	50	59	119	#
308	459.297	1	18	21	34	40	41	119	#
309	435.847	9	14	17	21	38	45	119	#
310	413.813	4	26	29	32	41	56	119	#
311	378.89	5	12	19	21	24	44	119	#
312	231.389	14	25	30	47	48	120	#
313	314.801	6	8	14	27	48	120	#
314	258.806	22	23	32	38	47	120	#
315	251.239	0	6	30	40	60	120	#
316	222.887	14	16	32	55	61	120	#
317	358.796	36	42	46	55	56	121	#
318	448.196	1	28	29	36	54	121	#
319	390.561	20	36	40	55	56	121	#
320	383.91	17	36	37	42	50	121	#
321	366.353	7	8	14	29	46	121	#
322	309.265	18	30	43	55	59	121	#
323	321.227	4	9	21	26	31	40	122	#
324	450.097	2	9	11	26	33	45	122	#
325	446.422	17	21	23	26	29	58	122	#
326	377.907	2	13	14	37	40	63	122	#
327	356.354	15	17	22	26	37	62	122	#
328	354.775	2	31	33	48	52	60	122	#
329	588.33	1	2	6	26	28	37	53	61	123	#
330	740.324	6	9	12	21	28	32	35	41	123	#
331	639.904	1	2	9	12	21	28	36	37	123	#
332	638.972	4	14	19	21	34	35	47	53	123	#
333	548.3	2	3	5	28	30	32	56	63	123	#
334	539.398	2	4	6	12	18	26	48	50	123	#
335	925.12	0	2	5	9	13	14	16	17	27	40	43	45	46	47	49	54	61	124	#
336	1271.4	1	2	4	7	15	17	20	26	27	32	36	37	42	44	51	54	63	124	#
337	1259.2	3	7	11	12	17	19	26	27	34	36	40	42	43	48	59	62	63	124	#
338	1258.25	3	5	7	9	20	26	34	37	42	43	44	45	46	50	51	59	60	124	#
339	1241.93	0	4	6	9	17	20	22	25	27	37	38	39	44	45	54	57	63	124	#
340	1221.64	0	1	6	12	13	16	19	20	38	44	45	46	49	54	59	61	62	124	#
341	92.1092	12	#
342	1487.67	6	8	9	12	14	16	19	20	21	24	26	30	31	32	35	36	39	40	41	45	47	48	52	55	60	62	125	#
343	2028.36	2	5	6	7	8	14	17	20	21	26	28	30	31	32	41	45	49	50	51	52	53	54	58	59	62	63	125	#
344	1997.33	5	7	10	11	12	14	17	19	20	21	22	24	27	28	29	33	34	37	41	45	49	51	54	58	59	62	125	#
345	1930.02	2	3	6	7	10	14	15	19	20	21	22	24	25	26	27	30	31	32	37	41	45	47	50	53	58	62	125	#
346	1835.82	2	6	7	8	10	11	12	14	21	22	24	26	27	31	33	37	39	47	50	51	52	54	57	58	59	63	125	#
347	1794.32	6	7	8	9	17	18	20	21	23	24	26	27	33	34	36	37	39	41	42	44	45	47	49	51	52	60	125	#
348	514.245	3	6	11	50	51	58	126	#
349	540.813	7	19	29	37	47	58	126	#
350	528.518	6	28	42	56	58	60	126	#
351	466.463	17	37	43	50	51	57	126	#
352	395.423	1	11	20	38	46	57	126	#
353	384.173	6	25	43	50	53	55	126	#
354	519.079	3	20	32	34	40	43	46	127	#
355	622.307	21	25	28	34	53	56	58	127	#
356	517.394	1	8	13	20	37	40	46	127	#
357	517.065	22	34	40	46	56	58	60	127	#
358	500.579	8	14	20	21	27	48	55	127	#
359	493.316	7	34	40	43	50	55	57	127	#
360	1215.13	0	10	16	17	20	21	22	23	31	34	41	48	49	54	55	58	60	61	63	128	#
361	1302.46	4	9	10	11	12	13	15	21	24	29	30	31	47	51	58	59	60	61	63	128	#
362	1300.74	1	13	15	20	21	27	29	30	37	41	42	47	48	53	54	55	58	60	63	128	#
363	1271.4	12	13	14	15	16	21	28	29	30	31	33	34	44	47	50	51	52	54	58	128	#
364	1225.41	5	8	9	10	12	16	18	20	21	23	29	34	46	49	52	53	55	56	58	128	#
365	1206.07	8	9	10	11	13	15	17	20	21	27	30	37	39	41	42	55	60	61	63	128	#
366	238.517	13	24	38	62	129	#
367	291.902	34	36	40	62	129	#
368	268.078	13	36	49	53	129	#
369	220.268	28	34	38	57	129	#
370	132.231	24	42	47	52	129	#
371	2059.89	0	5	6	9	10	11	12	13	14	15	18	19	21	22	23	24	28	29	32	33	35	36	37	38	39	41	45	46	47	49	52	54	56	58	62	130	#
372	2352.73	0	1	2	3	4	6	7	11	13	16	17	18	19	21	23	27	28	29	30	31	32	33	35	37	39	42	43	46	48	49	50	54	56	58	62	130	#
373	2291.68	0	1	2	3	4	6	7	9	11	12	13	14	17	18	19	21	22	27	28	30	31	32	35	38	39	40	43	46	50	51	53	54	58	62	63	130	#
374	2269.74	0	1	2	4	6	7	10	11	12	13	16	18	21	22	23	27	28	32	33	35	37	38	40	41	46	49	50	52	53	55	56	58	59	61	63	130	#
375	2261.66	0	1	3	4	5	6	7	11	12	13	14	15	16	17	18	19	21	22	23	27	28	29	30	32	39	43	46	49	50	52	55	56	57	59	63	130	#
376	2256.95	0	1	2	3	4	5	6	9	11	12	14	15	17	18	21	29	31	32	33	38	39	40	41	46	47	49	50	51	53	54	55	56	59	62	63	130	#
377	157.803	3	27	131	#
378	196.007	23	27	131	#
379	170.366	3	20	131	#
380	1635.17	0	4	7	8	9	11	12	14	19	20	21	23	24	32	36	37	41	42	43	48	50	52	55	57	59	62	132	#
381	1924.44	1	4	5	6	7	8	12	14	15	21	23	24	27	29	30	37	38	42	43	45	51	53	58	59	61	62	132	#
382	1878.53	1	4	6	7	8	9	11	12	20	23	24	25	27	28	29	30	32	33	41	42	45	48	51	57	60	62	132	#
383	1863.6	1	6	7	8	9	11	12	14	19	23	24	29	30	32	33	35	36	37	38	42	47	57	59	61	62	63	132	#
384	1834.07	1	2	3	4	8	11	12	13	17	19	23	24	29	30	32	33	37	45	47	51	52	56	57	58	59	61	132	#
385	1806.66	1	4	5	6	7	8	9	11	13	19	20	21	25	29	30	32	36	37	41	42	43	48	57	58	59	60	132	#
386	978.471	2	6	20	23	27	30	36	41	43	44	133	#
387	809.654	1	6	10	21	34	41	43	44	48	54	133	#
388	787.608	1	2	25	30	34	35	36	38	46	54	133	#
389	771.096	1	6	9	35	37	41	45	47	54	63	133	#
390	762.45	10	14	15	20	41	44	45	48	49	56	133	#
391	711.429	1	2	9	19	20	22	27	30	51	63	133	#
392	1432.93	5	8	14	15	21	23	28	32	33	34	35	41	43	45	46	48	56	57	58	61	134	#
393	1590.27	0	1	3	7	9	12	17	18	21	27	32	43	45	50	51	56	58	60	61	63	134	#
394	1571.22	0	5	7	9	10	11	17	19	21	23	33	36	41	43	45	50	56	58	60	61	134	#
395	1569.09	0	1	5	6	7	9	24	25	27	34	36	38	41	44	45	50	56	58	61	62	134	#
396	1497.11	0	1	7	9	11	15	17	21	24	32	34	40	43	46	49	50	52	55	58	61	134	#
397	1477.41	10	12	13	14	17	20	21	24	32	34	35	36	41	44	45	50	53	57	58	60	134	#
398	1005.72	0	5	8	20	24	31	33	37	38	39	52	53	54	55	56	58	59	135	#
399	1466.8	1	4	6	14	15	18	20	25	27	29	31	36	38	51	56	58	62	135	#
400	1401.89	10	11	15	18	19	20	25	27	28	33	45	51	56	58	59	61	63	135	#
401	1313.79	5	6	10	17	18	20	23	25	28	30	31	34	38	47	55	56	58	135	#
402	1293.12	4	6	14	20	23	26	28	31	36	38	44	51	52	57	58	59	63	135	#
403	1291.41	5	8	11	14	17	23	24	25	27	28	39	47	49	52	56	59	63	135	#
404	379.882	6	13	36	45	136	#
405	413.682	6	25	27	45	136	#
406	261.79	33	35	38	45	136	#
407	246.728	1	13	40	46	136	#
408	234.737	8	36	50	59	136	#
409	603.1	2	7	10	11	15	25	49	51	54	58	137	#
410	732.989	7	9	15	21	30	34	50	57	58	63	137	#
411	720.285	11	14	25	35	36	45	46	54	61	63	137	#
412	650.332	7	9	15	31	32	35	38	47	49	63	137	#
413	638.646	2	20	25	26	30	33	45	48	51	53	137	#
414	604.899	10	25	32	35	36	42	47	50	54	60	137	#
415	232.016	1	7	138	#
416	175.319	1	63	138	#
417	169.412	7	48	138	#
418	126.55	45	#
419	420.407	8	21	33	36	50	54	58	62	139	#
420	623.695	10	11	27	31	36	50	56	59	139	#
421	598.215	2	6	11	18	19	21	22	35	139	#
422	551.255	5	12	18	20	33	34	35	58	139	#
423	514.651	6	8	11	18	27	36	54	55	139	#
424	508.134	4	15	23	38	47	59	61	62	139	#
425	825.477	0	2	5	10	24	27	31	38	39	40	45	47	48	56	60	140	#
426	1136.55	2	8	13	21	24	25	30	37	42	45	47	48	59	60	63	140	#
427	1122.17	0	3	10	12	15	24	26	27	29	31	45	47	48	56	63	140	#
428	1093.47	1	2	5	9	18	21	24	38	41	43	56	57	59	62	63	140	#
429	1092.88	2	3	5	13	22	24	29	32	33	47	48	49	54	59	63	140	#
430	1070.92	3	6	13	18	22	23	28	32	37	41	42	47	55	56	61	140	#
431	2200.55	0	2	3	4	5	8	11	13	14	17	18	20	23	26	28	29	30	34	35	36	39	40	41	44	48	50	53	55	56	57	58	59	62	141	#
432	2366.98	2	3	5	8	9	11	13	16	17	18	21	23	26	28	29	30	31	34	36	39	41	42	46	53	54	55	56	57	58	59	61	62	63	141	#
433	2310.19	2	4	5	6	7	8	9	10	14	15	16	17	23	26	29	31	34	36	39	41	42	46	48	51	53	54	55	56	58	59	61	62	63	141	#
434	2278.69	0	2	3	4	5	8	9	11	13	14	15	17	18	23	24	25	29	30	34	36	39	40	41	46	48	53	54	55	57	59	61	62	63	141	#
435	2251.58	0	2	3	4	5	8	9	10	13	15	16	17	18	21	23	29	30	31	34	36	39	40	41	44	46	53	54	55	56	57	59	61	62	141	#
436	2243.51	0	2	3	4	5	9	13	15	17	18	21	23	24	27	28	30	31	34	36	37	39	40	41	43	46	50	51	53	55	57	58	59	62	141	#
437	531.905	37	39	45	51	52	56	63	142	#
438	516.174	16	23	27	38	45	52	59	142	#
439	485.578	9	15	37	44	45	49	55	142	#
440	475.599	2	24	31	43	54	56	63	142	#
441	449.614	13	44	48	49	51	62	63	142	#
442	419.16	1	12	19	37	42	45	49	142	#
443	915.407	2	3	8	10	20	22	25	32	36	40	41	48	56	143	#
444	1179.06	2	3	4	11	21	27	34	36	41	45	46	51	57	143	#
445	1146.83	0	2	3	8	11	23	31	34	38	52	55	56	62	143	#
446	1086.58	2	10	11	18	23	25	27	31	43	45	46	51	52	143	#
447	1017.37	5	11	13	17	20	27	31	32	43	46	57	59	62	143	#
448	1010.43	0	2	3	8	10	16	27	30	36	45	53	55	62	143	#
449	293.106	19	20	24	40	52	144	#
450	391.947	6	13	19	29	49	144	#
451	388.922	12	24	51	55	56	144	#
452	381.506	7	10	20	33	56	144	#
453	290.768	9	19	24	35	52	144	#
454	264.28	10	40	51	58	60	144	#
455	55.1221	26	#
456	269.033	27	48	52	62	145	#
457	393.753	17	49	62	63	145	#
458	305.088	21	40	48	55	145	#
459	130.595	13	49	51	52	145	#
460	59.913	1	#
461	1085.34	0	3	6	7	9	11	12	13	19	21	23	29	37	38	39	40	47	50	52	146	#
462	1285.25	1	3	5	6	9	11	12	17	28	33	44	45	47	48	55	58	61	62	63	146	#
463	1280.1	6	9	10	13	19	21	29	36	37	41	43	44	46	47	50	52	58	61	63	146	#
464	1255.6	0	1	6	11	13	18	19	29	34	35	39	45	47	48	52	54	57	58	61	146	#
465	1224.73	1	6	12	13	18	22	29	34	37	39	40	41	47	48	50	55	58	60	63	146	#
466	1220.24	7	11	22	28	29	34	36	39	43	44	45	46	47	53	55	58	60	62	63	146	#
467	1261.48	6	14	17	21	22	24	31	36	37	42	45	46	49	55	58	60	61	62	147	#
468	1492.78	2	3	7	17	18	20	28	29	34	35	41	42	45	47	48	58	60	62	147	#
469	1469.14	1	10	15	17	18	19	20	22	23	27	28	29	36	41	52	58	60	62	147	#
470	1461.48	1	2	6	9	18	19	21	23	25	27	28	29	36	46	48	52	55	60	147	#
471	1447.71	2	6	17	20	22	23	24	27	28	31	36	44	51	53	55	56	60	62	147	#
472	1432.72	10	14	15	17	20	21	22	29	31	45	49	50	54	55	58	59	60	62	147	#
473	569.055	0	1	8	15	24	27	38	46	59	63	148	#
474	804.901	12	13	19	23	34	36	37	49	50	63	148	#
475	793.443	6	13	23	38	39	45	47	48	55	62	148	#
476	785.031	12	13	15	17	26	27	42	45	55	56	148	#
477	712.705	1	4	6	37	42	48	56	58	61	63	148	#
478	668.495	6	8	17	41	49	51	52	55	60	61	148	#
479	1113.01	0	8	10	12	16	21	23	27	31	48	50	52	56	58	60	62	149	#
480	1232.55	3	5	7	12	14	16	21	23	26	29	36	45	47	48	51	58	149	#
481	1137.31	0	3	6	16	20	21	27	28	31	34	37	52	54	58	60	62	149	#
482	1135.31	0	1	3	7	10	14	16	21	27	28	29	33	34	36	38	50	149	#
483	1117.27	1	5	6	7	11	14	20	21	29	36	38	42	51	53	56	60	149	#
484	1093.25	3	8	15	21	23	28	29	33	34	38	39	45	48	51	60	61	149	#
485	290.944	2	21	24	28	30	150	#
486	411.916	2	3	7	27	44	150	#
487	370.071	10	15	21	44	46	150	#
488	364.01	2	6	22	28	62	150	#
489	299.357	8	10	30	47	63	150	#
490	214.407	1	4	24	39	61	150	#
491	1239.07	2	4	5	6	7	8	9	17	18	23	28	29	38	46	54	56	61	62	151	#
492	1216.22	2	3	7	8	9	15	18	19	24	30	34	41	43	44	51	56	60	61	151	#
493	1206.15	1	5	6	8	9	17	18	24	28	30	34	35	41	44	55	58	60	62	151	#
494	1184.1	6	7	8	9	15	25	28	29	30	35	37	39	43	45	46	56	60	61	151	#
495	1174.87	2	3	6	7	8	15	19	23	24	28	35	39	43	47	48	60	62	63	151	#
496	1163.08	2	6	9	10	13	18	28	30	37	41	43	44	46	50	54	55	62	63	151	#
497	395.243	7	9	21	36	40	152	#
498	411.596	2	7	14	28	34	152	#
499	357.075	15	20	36	38	47	152	#
500	302.392	9	42	48	57	58	152	#
501	289.397	8	16	21	41	42	152	#
502	532.525	13	20	27	30	43	51	59	153	#
503	635.252	20	21	28	29	37	48	63	153	#
504	555.077	13	20	30	32	37	55	59	153	#
505	471.844	4	15	17	31	36	51	54	153	#
506	446.081	4	13	43	50	53	58	59	153	#
507	431.865	2	3	8	36	51	59	61	153	#
508	1409.03	2	4	15	27	33	36	37	39	41	43	45	47	48	50	51	58	59	154	#
509	1293.89	2	4	9	20	21	23	27	37	41	43	44	46	53	55	56	58	59	154	#
510	1277.63	2	8	11	15	31	35	40	41	45	48	49	51	55	57	58	59	61	154	#
511	1219.18	1	4	10	13	16	21	30	31	36	37	41	49	50	52	55	58	62	154	#
512	1215.84	2	4	8	10	11	13	15	26	30	33	42	45	49	53	55	58	62	154	#
513	1190.62	2	3	4	18	21	25	27	33	36	39	40	41	42	49	53	57	58	154	#
514	1737.54	1	2	3	4	6	8	17	19	20	23	24	26	28	31	32	37	40	42	45	46	48	51	53	57	59	61	155	#
515	1890.27	1	3	4	5	6	7	8	9	16	23	27	28	29	30	31	39	40	41	43	45	46	49	50	51	55	59	155	#
516	1852.12	2	4	7	8	14	17	21	23	26	27	30	31	33	41	43	44	46	49	50	51	52	53	54	55	59	61	155	#
517	1806.4	0	1	2	4	5	6	7	8	9	17	19	20	22	23	32	34	37	41	43	46	48	49	50	53	54	59	155	#
518	1788.21	0	2	4	6	7	8	9	19	20	22	23	24	26	30	32	36	37	39	41	45	46	49	51	54	59	61	155	#
519	1778.99	3	4	5	6	7	10	17	19	20	22	23	27	31	32	33	41	42	43	44	45	46	48	51	52	57	59	155	#
520	132.06	14	57	62	156	#
521	92.7355	4	9	57	156	#
522	66.7445	47	#
523	1295.81	0	2	4	8	10	14	15	17	18	21	22	23	24	29	30	34	40	57	58	59	60	61	157	#
524	1680.94	0	1	4	10	13	14	17	22	25	28	29	35	36	43	46	47	49	51	54	58	59	62	157	#
525	1649.26	0	2	6	9	13	14	20	22	24	28	29	30	35	38	39	40	41	43	57	58	59	62	157	#
526	1638.18	6	9	11	14	15	20	25	28	30	31	34	35	38	40	43	48	49	51	53	56	59	62	157	#
527	1588.37	1	6	13	14	15	16	17	18	21	22	24	29	30	35	41	42	47	54	55	56	57	59	157	#
528	1570.35	1	2	4	5	11	14	15	16	17	25	28	29	34	35	41	49	50	53	54	56	57	63	157	#
529	1058.5	2	4	6	17	29	30	43	44	47	48	56	57	59	60	61	158	#
530	1272.65	5	14	17	21	23	29	42	44	45	47	57	58	59	62	63	158	#
531	1240.84	0	2	3	6	17	21	22	30	31	50	51	53	57	58	63	158	#
532	1201.95	1	6	17	24	28	30	34	40	43	48	50	51	56	59	62	158	#
533	1192.24	1	3	8	21	28	29	34	37	41	49	51	57	59	60	63	158	#
534	1148.87	5	13	19	21	23	25	37	45	55	56	57	58	59	60	62	158	#
535	1268.66	3	4	6	15	18	21	31	35	36	42	47	48	53	54	58	59	63	159	#
536	1322.6	0	3	8	15	18	21	23	30	31	35	36	46	48	53	54	59	62	159	#
537	1274.23	7	14	17	18	21	34	35	42	44	49	51	53	54	58	59	62	63	159	#
538	1197.37	3	4	8	10	14	15	28	31	36	42	46	47	49	51	53	58	59	159	#
539	1179.67	8	10	12	15	17	18	21	23	27	31	36	37	39	44	49	54	58	159	#
540	1162.6	2	8	12	13	17	18	21	31	34	35	36	46	47	53	54	57	62	159	#
541	377.41	0	3	11	13	35	47	50	160	#
542	517.012	0	6	7	29	49	53	60	160	#
543	470.332	23	43	47	50	53	60	62	160	#
544	467.955	5	11	24	27	28	29	51	160	#
545	456.991	10	13	21	24	50	58	62	160	#
546	443.767	0	3	14	21	51	54	62	160	#
547	236.085	15	20	56	161	#
548	275.124	20	27	56	161	#
549	245.489	20	22	29	161	#
550	202.298	15	31	62	161	#
551	130.466	40	43	48	162	#
552	185.315	18	29	48	162	#
553	145.656	15	43	61	162	#
554	121.302	20	40	61	162	#
555	151.449	2	18	60	163	#
556	189.068	18	23	38	163	#
557	138.884	47	54	60	163	#
558	119.328	0	15	43	164	#
559	150.252	0	30	54	164	#
560	370.629	3	14	16	49	51	59	165	#
561	402.012	11	31	32	49	51	59	165	#
562	380.914	6	16	17	18	19	52	165	#
563	346.725	3	31	33	43	51	52	165	#
564	321.406	28	29	40	47	49	57	165	#
565	308.915	0	16	38	47	57	59	165	#
566	265.543	20	22	36	38	47	166	#
567	388.019	9	22	23	36	37	166	#
568	349.529	5	20	28	36	63	166	#
569	324.775	11	16	20	22	56	166	#
570	286.519	12	18	36	38	63	166	#
571	209.761	18	47	48	53	62	166	#
572	371.287	2	3	4	22	23	167	#
573	327.102	12	13	23	26	29	167	#
574	301.35	3	11	16	17	60	167	#
575	276.602	2	18	28	30	62	167	#
576	239.158	4	20	28	32	38	167	#
577	192.666	4	22	33	45	61	167	#
578	378.111	0	21	39	45	46	55	168	#
579	502.347	4	17	29	36	41	45	168	#
580	457.618	2	21	33	52	57	59	168	#
581	350.927	3	8	32	39	54	62	168	#
582	310.265	0	1	9	10	11	27	168	#
583	291.052	9	13	46	57	60	62	168	#
584	674.92	11	17	21	22	35	41	47	55	57	169	#
585	648.122	5	12	19	21	29	31	34	49	61	169	#
586	571.319	5	8	10	13	15	22	27	41	54	169	#
587	549.672	8	11	12	22	31	33	36	40	41	169	#
588	540.87	4	8	13	17	28	32	34	43	57	169	#
589	511.544	4	6	13	21	35	40	41	57	60	169	#
590	478.209	8	12	15	38	49	58	62	63	170	#
591	549.077	7	13	15	20	21	35	38	54	170	#
592	540.694	6	18	19	20	35	36	51	63	170	#
593	525.803	6	37	42	47	49	51	62	63	170	#
594	521.111	8	13	25	35	46	47	58	59	170	#
595	498.658	0	12	14	25	32	35	50	56	170	#
596	423.384	23	25	26	53	63	171	#
597	523.454	6	19	23	24	45	171	#
598	408.966	7	9	11	13	63	171	#
599	385.865	12	15	25	34	46	171	#
600	290.257	12	20	42	53	56	171	#
601	248.551	3	4	26	39	61	171	#
602	165.027	7	46	172	#
603	120.554	0	7	172	#
604	169.312	61	63	173	#
605	197.461	9	63	173	#
606	127.775	47	61	173	#
607	280.01	8	14	38	39	63	174	#
608	389.127	2	33	34	43	63	174	#
609	356.322	3	11	13	14	38	174	#
610	278.648	14	33	36	38	61	174	#
611	242.002	8	19	28	29	40	174	#
612	479.984	7	12	13	14	41	49	54	57	175	#
613	643.84	2	5	7	10	20	31	41	47	175	#
614	556.978	14	15	24	31	33	41	44	58	175	#
615	537.67	0	2	3	14	30	33	45	49	175	#
616	519.039	1	3	9	11	12	14	24	35	175	#
617	493.107	3	5	11	16	20	49	52	56	175	#
618	1730.09	4	8	11	12	19	21	23	27	28	29	31	33	34	36	38	43	45	47	48	51	53	54	55	59	63	176	#
619	1930.92	2	4	5	7	8	9	12	14	17	20	21	23	25	26	35	43	45	51	54	56	58	59	60	62	63	176	#
620	1857.96	6	8	10	12	14	16	20	21	22	25	27	29	33	35	36	37	39	40	41	43	45	58	59	60	63	176	#
621	1832.8	2	4	5	6	8	9	10	12	20	22	31	33	34	37	39	40	41	43	44	45	51	53	54	56	58	176	#
622	1825.03	3	4	6	8	10	12	15	20	21	22	23	25	29	31	36	37	39	43	46	47	48	51	54	58	63	176	#
623	1759.36	0	2	4	5	6	8	10	12	13	14	16	21	23	26	29	34	35	36	43	45	48	49	53	56	59	176	#
624	954.607	5	8	21	23	40	43	47	51	58	59	62	63	177	#
625	932.767	0	12	17	20	23	32	33	46	48	49	58	59	177	#
626	932.231	2	8	14	18	23	30	37	38	40	45	48	59	177	#
627	927.806	29	30	32	35	39	40	45	48	51	58	60	63	177	#
628	911.713	10	12	17	20	23	24	27	37	43	46	58	59	177	#
629	899.689	5	10	21	33	34	38	40	43	45	49	51	63	177	#
630	355.888	15	17	27	58	178	#
631	252.871	15	41	46	50	178	#
632	248.64	13	15	17	22	178	#
633	242.912	13	16	27	54	178	#
634	1960.4	0	2	3	6	7	8	9	10	12	13	15	16	20	21	22	24	25	26	27	28	29	30	34	36	37	38	42	43	44	51	54	55	60	62	179	#
635	2224.04	0	2	3	6	7	8	9	12	13	15	20	21	22	24	27	28	29	30	31	34	35	36	37	38	39	40	43	44	45	50	53	54	58	59	179	#
636	2192.01	0	2	3	6	7	8	9	10	11	15	18	20	21	22	24	25	28	29	30	31	34	36	37	40	41	43	44	45	50	51	53	54	60	62	179	#
637	2172.56	0	1	2	3	6	7	8	10	11	12	13	20	21	22	24	25	26	27	28	29	34	36	37	38	39	41	43	44	45	49	50	51	54	62	179	#
638	2168.86	0	2	3	6	7	8	10	12	15	16	20	21	22	24	25	28	29	30	31	32	34	36	37	39	41	44	45	46	48	54	58	59	61	62	179	#
639	2123.42	0	2	3	6	7	8	9	12	13	15	16	18	20	21	22	24	27	28	29	34	35	36	37	40	43	44	45	50	51	53	54	58	60	62	179	#
640	3351	1	2	3	5	6	7	8	9	10	11	12	13	14	16	17	18	19	20	21	23	24	26	27	28	29	30	31	32	36	37	38	39	43	45	46	47	49	51	52	53	54	55	56	57	58	59	60	61	62	63	180	#
641	3403.83	1	2	3	5	6	7	8	9	10	12	13	14	16	17	18	19	20	21	22	23	24	25	26	27	28	29	31	32	36	37	39	41	43	44	45	46	47	48	49	51	53	55	56	57	58	59	60	61	62	63	180	#
642	3399.82	1	2	3	5	6	7	8	9	10	12	13	16	17	18	19	20	21	22	23	24	26	27	28	29	30	31	32	35	36	37	39	41	43	45	46	47	48	49	51	53	54	55	56	57	58	59	60	61	62	63	180	#
643	3397.18	1	2	3	5	6	7	8	9	10	11	12	13	14	16	17	18	19	20	21	23	24	27	28	29	30	31	32	33	35	36	37	39	43	44	45	46	47	49	51	53	54	55	56	57	58	59	60	61	62	63	180	#
644	3391.44	1	2	3	5	6	7	8	9	10	11	12	13	14	16	17	18	19	20	21	23	24	25	27	28	29	30	31	32	35	36	37	38	39	43	44	45	46	47	48	49	51	53	55	56	57	58	59	61	62	63	180	#
645	3369.81	1	2	3	5	6	7	8	9	10	11	12	13	14	16	17	18	19	20	21	23	24	25	26	27	28	29	30	31	32	35	36	37	39	40	44	45	46	47	49	51	53	55	56	57	58	59	60	61	62	63	180	#
646	756.304	3	11	15	17	18	22	25	30	32	40	47	59	181	#
647	918.131	3	4	9	12	13	15	20	23	28	34	53	59	181	#
648	877.646	3	8	9	11	12	15	17	22	28	39	58	59	181	#
649	847.444	10	12	14	15	21	25	29	38	39	44	53	62	181	#
650	773.713	3	11	13	15	22	26	30	39	46	47	60	62	181	#
651	770.276	1	2	3	10	11	17	18	34	35	40	44	62	181	#
652	630.623	6	8	25	28	38	39	42	46	49	62	182	#
653	749.69	6	13	14	22	25	26	31	39	50	51	182	#
654	747.79	0	2	6	13	14	15	25	28	29	46	182	#
655	702.382	1	11	13	14	22	25	34	38	50	61	182	#
656	690.836	10	12	19	25	26	27	31	42	46	50	182	#
657	662.047	0	13	15	22	29	40	42	46	54	62	182	#
658	885.317	4	12	17	18	19	21	31	42	43	44	60	63	183	#
659	966.647	1	4	5	11	12	19	27	29	41	51	61	63	183	#
660	956.85	1	11	21	23	27	29	30	37	43	44	55	60	183	#
661	948.637	1	3	4	5	6	11	14	24	26	36	51	57	183	#
662	907.235	0	1	13	17	31	36	49	50	57	60	62	63	183	#
663	843.15	4	5	13	14	16	21	24	27	35	44	60	63	183	#
664	149.427	9	56	61	184	#
665	163.857	60	61	63	184	#
666	71.0946	9	16	35	184	#
667	104.811	21	#
668	146.699	6	#
669	2779.11	1	2	4	5	6	7	8	9	10	12	14	15	16	17	18	20	22	23	25	27	28	29	31	34	35	36	37	40	41	43	45	46	47	48	49	50	53	54	55	56	57	60	61	62	63	185	#
670	2774.49	1	2	4	6	8	10	12	14	15	16	17	20	21	22	23	24	26	27	28	29	30	31	33	34	36	40	41	43	44	45	46	47	48	49	50	51	52	53	54	55	56	57	60	62	63	185	#
671	2744.8	1	2	5	6	8	9	10	12	14	15	16	17	18	20	22	23	25	26	27	28	29	30	31	34	36	37	38	41	42	43	44	45	46	48	49	50	52	53	55	56	57	60	61	62	63	185	#
672	2733.86	1	2	5	6	7	8	9	10	11	12	14	15	16	17	18	20	21	22	23	26	27	28	29	30	31	34	35	36	40	41	43	44	45	46	47	48	49	50	52	53	55	57	61	62	63	185	#
673	2723.46	2	4	5	6	8	9	10	12	13	14	15	16	17	18	21	22	23	24	25	26	27	28	29	31	34	35	36	37	41	43	44	45	46	47	48	50	52	53	55	56	57	60	61	62	63	185	#
674	2715.91	0	2	4	6	7	8	9	10	11	12	14	16	17	18	20	21	22	23	25	26	27	28	30	31	32	33	34	36	37	41	43	44	45	46	47	48	50	52	53	54	55	56	57	60	63	185	#
675	328.403	2	7	14	25	32	42	52	186	#
676	424.633	9	18	23	25	29	30	39	186	#
677	405.458	5	15	19	23	24	52	55	186	#
678	369.475	0	14	21	30	32	33	55	186	#
679	364.281	0	2	3	21	24	27	30	186	#
680	348.19	5	7	8	16	24	28	51	186	#
681	311.469	5	12	27	32	39	55	187	#
682	422.963	0	6	23	35	52	55	187	#
683	339.148	5	14	47	51	54	55	187	#
684	332.946	17	29	32	52	57	62	187	#
685	408.316	10	17	19	20	28	35	53	188	#
686	502.499	1	4	17	21	34	36	42	188	#
687	475.066	4	17	19	22	32	35	62	188	#
688	442.483	2	9	20	24	50	55	61	188	#
689	396.7	12	32	39	49	53	58	62	188	#
690	396.44	10	21	30	31	32	47	53	188	#
691	407.876	5	29	32	45	58	189	#
692	416.211	6	33	42	45	56	189	#
693	356.387	10	16	29	36	42	189	#
694	325.658	5	6	40	41	42	189	#
695	286.301	11	37	49	58	59	189	#
696	483.327	1	2	4	6	33	48	53	190	#
697	686.633	3	6	7	8	17	25	62	190	#
698	656.93	12	14	17	29	33	61	62	190	#
699	566.632	1	8	33	35	50	53	61	190	#
700	526.155	2	13	21	23	28	29	58	190	#
701	485.905	6	32	33	35	48	50	61	190	#
702	2614.74	0	2	4	5	6	7	9	10	11	14	16	19	21	23	26	27	28	29	31	33	34	39	40	41	42	43	45	46	50	51	54	55	56	57	58	59	62	191	#
703	2612.95	2	3	5	6	7	9	10	12	14	15	16	17	19	21	23	24	27	28	31	32	33	34	35	39	41	43	44	45	46	49	50	51	56	57	58	59	60	191	#
704	2567.59	2	3	4	5	7	9	10	12	15	16	17	18	19	22	23	25	26	27	29	34	35	38	39	41	42	43	44	45	46	51	54	56	58	59	60	62	63	191	#
705	2482.92	0	2	3	4	5	6	7	10	14	16	19	21	23	24	28	29	31	32	33	34	35	38	39	40	41	42	43	45	46	47	50	51	54	55	58	59	62	191	#
706	2475.31	0	1	2	3	4	5	7	9	10	11	12	14	15	16	17	19	23	26	27	32	33	34	35	38	39	42	43	45	46	49	51	54	56	58	59	61	62	191	#
707	2455.62	2	3	5	7	9	10	11	14	15	16	17	18	19	20	21	23	25	26	27	28	31	34	35	39	40	42	45	46	47	50	51	53	55	56	57	59	61	191	#
708	263.528	7	14	49	52	192	#
709	366.342	4	7	56	62	192	#
710	284.096	14	18	21	26	192	#
711	202.813	13	14	15	49	192	#
712	179.398	22	35	36	52	192	#
713	224.737	4	22	31	38	49	193	#
714	330.121	12	15	29	31	33	193	#
715	323.79	8	33	37	46	49	193	#
716	247.572	4	9	36	38	55	193	#
717	2705.36	0	1	3	6	7	8	13	14	17	18	20	21	22	23	24	25	26	27	29	30	31	32	33	34	35	36	37	38	39	40	41	42	43	44	45	46	47	48	49	50	51	52	53	55	56	57	58	60	61	194	#
718	2911.97	0	1	3	4	6	7	8	9	11	13	14	16	17	20	21	23	25	26	27	29	30	31	32	33	34	35	36	37	38	39	40	41	42	43	44	45	46	47	48	49	50	51	53	55	56	58	60	61	62	194	#
719	2889.52	0	1	3	4	6	7	8	9	12	13	14	17	21	23	25	26	27	28	29	30	31	32	33	34	35	36	37	38	39	40	41	42	43	44	45	46	47	48	49	50	51	55	56	57	58	59	60	61	62	194	#
720	2857.52	1	2	3	4	6	7	8	9	10	13	17	20	21	22	23	24	25	27	28	29	30	31	32	34	35	36	37	38	39	40	41	42	43	44	45	48	49	50	51	52	53	54	55	56	58	59	60	61	62	194	#
721	2836.96	1	2	3	6	8	9	11	13	14	15	17	18	19	20	21	23	25	27	29	30	31	32	33	34	35	36	37	38	39	40	41	42	43	44	45	46	47	48	49	50	51	52	55	56	57	58	60	61	62	194	#
722	2815.46	0	1	3	4	6	8	9	12	13	14	16	17	20	21	22	23	25	26	27	29	30	31	32	33	35	36	37	38	39	40	41	42	43	44	45	46	48	49	50	51	52	53	55	56	57	58	60	61	62	194	#
723	189.157	12	24	195	#
724	174.975	12	44	195	#
725	152.257	24	52	195	#
726	1158.35	0	8	19	22	24	29	31	33	36	39	41	44	47	51	54	60	62	63	196	#
727	1385.41	0	2	9	17	19	23	24	25	29	32	41	47	49	50	57	60	62	63	196	#
728	1374.87	0	6	15	16	19	20	21	25	33	34	35	41	44	45	52	54	57	62	196	#
729	1360.83	0	2	4	9	15	19	21	22	30	31	34	35	46	47	50	51	54	63	196	#
730	1359.77	4	7	12	14	17	20	21	22	24	29	32	33	36	41	43	44	50	51	196	#
731	1301.65	0	3	15	16	22	24	31	33	34	42	43	44	45	50	54	56	62	63	196	#
732	561.044	25	27	34	35	37	40	48	53	197	#
733	593.621	22	27	34	36	38	52	55	58	197	#
734	584.082	5	18	25	31	43	52	56	58	197	#
735	562.84	2	3	19	24	27	32	35	50	197	#
736	527.15	5	8	18	22	33	34	38	55	197	#
737	465.32	11	25	36	38	40	47	53	60	197	#
738	568.847	5	12	14	19	27	40	45	47	54	61	198	#
739	808.151	0	5	7	8	12	18	21	34	41	45	198	#
740	759.346	2	22	23	29	34	41	47	49	61	62	198	#
741	712.41	2	12	27	38	41	52	55	60	61	62	198	#
742	698.259	2	5	8	12	18	34	37	45	50	63	198	#
743	643.323	0	12	16	22	24	27	29	42	47	58	198	#
744	333.346	18	27	58	59	60	199	#
745	472.882	18	28	29	46	59	199	#
746	347.814	1	21	57	58	60	199	#
747	304.125	23	33	35	58	60	199	#
748	281.621	5	12	21	27	61	199	#
749	256.432	4	8	33	42	59	199	#
750	1044.2	7	10	13	20	22	24	25	36	39	41	42	43	44	51	53	56	200	#
751	1164.87	5	7	9	10	20	26	29	31	36	38	41	43	46	56	57	60	200	#
752	1124.26	8	9	10	11	14	15	25	36	40	41	42	43	46	48	51	57	200	#
753	1095.82	0	2	4	8	11	23	25	27	28	34	36	40	41	43	49	53	200	#
754	1077.42	4	7	8	9	10	14	20	24	29	31	34	37	42	46	47	57	200	#
755	1039.48	5	7	9	13	16	22	23	27	31	32	34	36	40	41	47	50	200	#
756	139.655	12	27	201	#
757	121.565	12	30	201	#
758	3.27492	42	#
759	219.328	6	25	44	202	#
760	267.524	1	6	34	202	#
761	265.298	28	44	63	202	#
762	230.262	25	31	32	202	#
763	179.893	35	50	60	61	203	#
764	238.202	9	21	55	60	203	#
765	232.623	0	14	22	35	203	#
766	180.437	19	22	61	62	203	#
767	68.6081	37	#
768	21.1504	24	#
769	489.61	4	8	16	17	18	49	55	204	#
770	584.716	8	17	31	49	51	62	63	204	#
771	563.798	24	28	29	30	46	55	57	204	#
772	544.12	7	8	9	12	29	45	47	204	#
773	485.923	13	17	22	25	50	53	62	204	#
774	449.211	6	17	18	26	42	53	61	204	#
775	220.88	5	15	34	205	#
776	215.155	5	34	53	205	#
777	208.333	2	5	62	205	#
778	194.638	15	46	57	205	#
779	566.555	0	3	15	23	29	32	33	40	42	45	60	206	#
780	836.107	12	14	24	25	31	39	40	48	52	53	58	206	#
781	811.812	7	19	20	23	31	40	45	48	49	52	53	206	#
782	801.86	3	18	21	25	27	39	43	45	58	60	62	206	#
783	731.082	11	25	26	32	33	34	38	43	48	59	63	206	#
784	703.762	3	5	7	12	16	17	20	23	27	54	57	206	#
785	431.133	5	25	33	34	39	40	49	63	207	#
786	560.28	6	12	13	20	32	40	47	56	207	#
787	538.129	6	11	14	20	21	34	36	40	207	#
788	512.624	15	16	20	26	41	44	49	61	207	#
789	446.447	8	14	21	22	25	33	42	45	207	#
790	404.079	5	20	32	33	36	38	39	61	207	#
791	501.96	3	13	14	25	26	34	36	50	63	208	#
792	742.927	7	20	26	36	42	51	56	62	63	208	#
793	712.4	1	4	6	21	30	36	38	45	62	208	#
794	693.846	3	16	17	21	22	25	36	45	49	208	#
795	606.857	7	13	21	24	26	50	52	55	56	208	#
796	600.183	3	7	14	26	41	44	45	49	60	208	#
797	173.952	4	58	209	#
798	197.672	11	58	209	#
799	100.905	4	35	209	#
800	98.6043	35	40	210	#
801	96.5758	40	61	210	#
802	1612.1	0	3	4	6	8	9	11	14	15	17	18	22	26	27	28	29	33	35	44	46	47	52	53	55	56	60	61	63	211	#
803	1974.18	0	1	3	6	11	12	14	15	16	17	21	23	26	27	29	34	39	40	41	42	43	44	45	48	50	53	54	55	211	#
804	1937.93	0	2	3	5	6	12	14	15	18	20	21	22	34	36	39	40	44	45	46	47	48	49	50	53	54	56	60	63	211	#
805	1871.32	0	1	5	6	11	12	14	15	17	19	20	21	28	29	32	34	35	36	39	40	43	46	56	59	60	61	62	63	211	#
806	1861.04	0	1	3	5	7	11	14	17	20	21	22	26	27	29	31	36	37	43	46	47	48	50	53	54	55	56	60	61	211	#
807	1859.68	0	1	3	5	6	7	8	10	11	14	15	16	17	21	23	26	28	39	44	45	46	47	50	55	56	57	60	61	211	#
808	575.072	11	22	23	34	40	43	56	62	212	#
809	669.095	11	17	22	34	38	56	59	62	212	#
810	591.163	23	24	31	34	43	49	57	62	212	#
811	518.999	0	20	32	34	40	43	44	62	212	#
812	501.155	6	32	40	42	45	56	57	62	212	#
813	491.344	3	4	14	22	28	32	44	56	212	#
814	185.816	16	56	213	#
815	199.333	4	56	213	#
816	1050.43	8	14	17	22	24	25	26	31	37	39	40	48	50	55	57	58	59	61	214	#
817	1270.48	2	6	11	13	14	24	30	31	37	39	40	41	46	47	48	54	57	62	214	#
818	1222.17	1	2	3	4	8	11	14	26	27	29	31	38	39	47	50	54	56	57	214	#
819	1212.47	3	6	8	9	17	21	26	27	29	33	36	37	38	41	45	47	57	58	214	#
820	1182.31	1	3	6	8	11	16	17	24	25	27	31	34	37	38	41	54	55	57	214	#
821	1133.64	5	6	9	14	17	18	21	35	37	39	41	42	46	55	57	61	62	63	214	#
822	1207.36	3	4	5	7	8	16	18	25	26	31	34	36	37	39	42	54	55	57	59	215	#
823	1388.17	5	15	16	18	21	26	27	29	31	34	37	39	43	45	46	51	54	59	62	215	#
824	1368.78	4	5	6	12	15	16	23	24	26	27	34	36	39	45	51	55	58	59	62	215	#
825	1347.83	6	7	16	19	23	27	31	34	35	37	41	43	48	49	52	56	57	58	59	215	#
826	1342.83	5	7	15	18	19	21	28	29	30	34	39	45	46	48	51	56	58	59	63	215	#
827	1339.62	5	6	7	8	12	16	17	22	25	30	31	34	35	39	45	56	57	60	62	215	#
828	1261.12	0	1	4	6	8	11	17	22	23	28	31	47	50	51	53	55	56	62	63	216	#
829	1366.78	6	7	8	10	11	16	24	29	31	32	34	39	43	50	52	55	56	59	63	216	#
830	1324.22	4	6	17	23	28	29	30	34	36	37	38	39	43	44	49	51	55	62	63	216	#
831	1292.23	0	2	5	6	7	8	11	15	22	24	28	29	40	43	51	53	56	61	63	216	#
832	1291.41	4	8	10	11	15	16	17	26	27	28	29	30	32	43	49	51	53	56	63	216	#
833	1287.05	0	1	5	6	16	17	18	23	27	28	29	30	39	43	49	51	59	60	63	216	#
834	233.589	11	19	31	217	#
835	272.718	15	31	63	217	#
836	203.312	11	13	46	217	#
837	197.703	10	17	19	217	#
838	636.887	2	9	11	24	31	38	46	61	62	218	#
839	670.896	2	6	11	19	24	25	34	44	48	218	#
840	629.686	6	11	17	32	37	38	42	49	54	218	#
841	583.257	0	6	15	29	40	45	46	60	61	218	#
842	572.031	9	10	12	18	31	47	48	51	63	218	#
843	562.637	0	13	17	18	19	24	26	45	58	218	#
844	46.1357	28	#
845	1612.7	1	4	5	7	9	10	17	18	21	22	25	27	29	32	38	45	50	53	55	56	58	59	60	61	219	#
846	1730.94	3	6	7	8	9	10	11	14	17	18	21	22	24	27	28	29	32	36	40	41	56	58	59	62	219	#
847	1688.24	0	2	5	7	8	11	13	17	18	21	23	27	29	31	32	33	36	39	40	46	47	53	56	61	219	#
848	1645.27	5	7	8	10	15	17	18	21	22	27	28	29	31	32	36	38	40	49	52	53	54	55	56	58	219	#
849	1614.13	4	7	8	9	10	17	18	19	20	21	23	25	27	29	31	36	38	41	50	51	53	54	55	61	219	#
850	1611.92	0	5	7	8	9	10	11	17	18	19	20	21	23	24	27	32	36	38	40	45	51	58	61	63	219	#
851	842.13	2	3	13	15	27	33	35	50	52	53	220	#
852	822.384	0	7	12	15	17	23	27	42	50	56	220	#
853	796.11	2	10	24	25	27	29	33	42	46	60	220	#
854	778.218	3	5	7	9	10	12	13	25	51	60	220	#
855	740.913	10	13	18	24	27	28	30	36	47	50	220	#
856	732.932	3	10	18	26	29	33	35	36	45	56	220	#
857	83.4018	11	#
858	718.294	1	2	6	10	12	24	41	42	44	63	221	#
859	773.927	1	3	6	8	15	16	39	42	54	55	221	#
860	739.875	2	3	8	23	29	39	42	44	57	63	221	#
861	679.599	3	5	8	17	24	26	28	37	55	56	221	#
862	654.953	3	15	18	30	37	46	50	53	61	63	221	#
863	646.682	2	9	15	16	23	36	38	41	53	62	221	#
864	288.897	5	27	46	47	48	58	222	#
865	422.926	5	23	24	28	51	56	222	#
866	420.738	7	15	25	32	33	46	222	#
867	396.774	20	24	28	31	32	48	222	#
868	287.381	10	15	24	47	48	62	222	#
869	242.604	19	31	34	43	57	58	222	#
870	1185.64	0	2	3	8	18	23	24	30	37	39	40	41	46	47	54	59	62	223	#
871	1436.44	1	3	8	11	17	18	23	24	30	46	49	52	54	55	56	58	62	223	#
872	1346.24	1	3	4	6	8	10	12	21	26	33	34	46	56	58	59	61	62	223	#
873	1322.75	3	11	15	16	17	18	21	30	42	48	53	54	56	58	59	61	63	223	#
874	1292.01	0	10	11	16	17	24	27	38	39	45	46	54	56	58	60	62	63	223	#
875	1264.34	7	8	11	16	17	18	25	27	30	34	38	44	45	53	56	58	59	223	#
876	70.5764	33	#
877	101.158	15	#
878	1209.49	0	10	17	20	22	27	30	33	34	35	40	49	50	54	55	56	60	61	63	224	#
879	1422.58	2	3	5	6	10	17	20	25	34	39	42	44	50	52	55	56	60	61	63	224	#
880	1350.98	9	10	12	21	23	25	27	31	34	42	43	47	48	50	54	55	56	58	63	224	#
881	1273.82	4	6	12	13	16	30	31	34	43	46	47	49	50	54	55	58	59	62	63	224	#
882	1249.51	3	7	9	10	13	14	17	24	25	31	34	37	40	48	55	57	60	62	63	224	#
883	1245.08	0	3	6	9	11	12	13	17	22	23	25	31	35	39	50	53	54	59	61	224	#
884	407.114	7	24	44	45	60	225	#
885	497.444	1	29	45	50	51	225	#
886	458.667	7	9	12	24	25	225	#
887	400.015	17	23	24	48	60	225	#
888	342.699	40	44	45	46	59	225	#
889	193.658	16	24	25	27	57	225	#
890	134.31	24	49	226	#
891	109.179	41	49	226	#
892	84.2768	24	42	226	#
893	743.398	4	6	8	13	16	18	21	23	55	57	58	227	#
894	932.85	7	21	23	29	33	37	40	42	43	44	46	227	#
895	839.173	1	6	9	13	26	29	33	39	40	43	57	227	#
896	772.098	4	9	23	24	25	34	42	46	56	57	60	227	#
897	758.076	4	14	18	23	29	32	35	40	44	47	58	227	#
898	732.449	0	6	14	23	24	25	35	36	42	52	57	227	#
899	1101.3	3	4	8	14	16	17	18	20	22	38	39	42	43	44	47	53	56	57	59	228	#
900	1518.26	0	6	12	13	17	20	22	23	26	30	31	35	37	39	43	44	56	59	62	228	#
901	1363.08	0	4	5	6	7	8	13	20	21	23	25	31	32	42	43	56	59	60	62	228	#
902	1333.93	3	8	9	13	17	20	22	23	25	32	35	37	40	43	44	51	53	56	62	228	#
903	1294.61	0	4	7	12	13	20	21	22	23	27	28	30	35	39	44	50	55	56	62	228	#
904	1290.63	0	3	8	9	13	16	17	22	28	31	35	37	38	42	44	51	53	59	62	228	#
905	654.532	8	15	23	34	43	46	48	51	53	62	229	#
906	914.363	7	20	23	25	32	46	53	56	58	59	229	#
907	775.504	7	10	18	46	49	51	54	55	56	59	229	#
908	720.541	2	8	16	25	27	32	36	46	47	51	229	#
909	714.003	6	8	14	20	31	48	51	55	61	62	229	#
910	636.186	5	6	8	24	34	41	52	53	55	56	229	#
911	1077.87	10	16	17	19	20	21	24	30	34	36	38	48	52	53	59	60	230	#
912	1288.73	0	2	3	12	19	20	21	24	30	35	44	45	47	48	53	63	230	#
913	1265.36	3	8	9	17	19	20	21	23	24	30	37	45	46	48	57	62	230	#
914	1230.75	3	5	6	11	19	20	21	27	35	36	38	51	54	57	61	62	230	#
915	1162.74	0	3	5	6	11	13	19	23	27	30	42	46	51	59	61	62	230	#
916	1140.79	0	4	12	19	20	21	23	31	36	42	48	50	59	60	61	62	230	#
917	927.669	2	4	20	21	28	39	40	41	44	45	56	231	#
918	912.846	6	9	13	19	20	21	44	45	56	59	62	231	#
919	894.464	6	7	19	20	21	27	39	50	51	59	61	231	#
920	819.431	2	4	21	22	32	39	40	41	50	53	56	231	#
921	811.514	1	2	21	36	38	40	44	45	54	58	59	231	#
922	808.92	2	5	6	8	19	28	36	43	44	50	53	231	#
923	571.206	8	19	23	26	30	48	54	62	63	232	#
924	705.768	1	2	15	21	36	45	50	54	61	232	#
925	694.333	2	7	8	30	31	48	53	54	58	232	#
926	640.926	2	7	16	31	37	45	50	60	62	232	#
927	619.836	0	7	8	20	24	30	36	40	48	232	#
928	603.324	0	7	8	15	27	44	48	61	63	232	#
929	192.143	34	46	233	#
930	147.03	22	46	233	#
931	143.501	25	34	233	#
932	895.504	0	3	6	7	15	22	26	42	46	48	49	53	54	63	234	#
933	1060.85	0	1	6	7	20	27	31	34	36	38	46	48	52	63	234	#
934	981.061	3	7	10	11	15	17	22	27	29	31	35	38	46	53	234	#
935	952.539	5	6	8	9	10	12	27	43	46	50	54	56	61	63	234	#
936	932.992	10	13	17	21	22	29	33	36	40	41	43	46	50	60	234	#
937	909.608	0	6	10	15	20	22	25	32	44	46	50	51	54	61	234	#
938	1723.16	0	5	6	7	9	10	12	14	15	18	20	27	35	36	45	48	50	51	52	53	54	55	56	57	59	61	235	#
939	1947.66	2	3	4	9	10	12	15	18	20	21	23	27	28	29	32	41	43	45	47	48	50	51	53	54	56	58	235	#
940	1856.82	0	2	6	7	8	10	12	14	16	17	18	21	23	26	27	32	35	41	45	46	48	50	54	55	57	59	235	#
941	1850.41	0	2	4	6	9	10	15	18	19	20	23	27	28	29	33	34	35	41	44	45	48	53	54	56	57	62	235	#
942	1835.99	0	2	6	8	9	12	13	17	18	20	23	24	27	30	32	35	36	48	49	52	53	54	55	56	57	58	235	#
943	1835.79	0	2	4	6	7	8	10	14	15	17	18	20	27	28	29	33	35	36	41	46	47	49	52	54	55	58	235	#
944	763.261	2	3	9	21	24	42	46	51	53	236	#
945	701.927	2	9	24	26	28	44	53	57	62	236	#
946	582.097	0	3	9	14	15	21	32	48	57	236	#
947	574.444	3	10	21	24	31	32	36	44	52	236	#
948	570.818	8	11	21	25	32	34	53	57	58	236	#
949	561.816	1	3	6	9	21	22	42	48	60	236	#
950	287.42	15	19	34	43	60	237	#
951	422.607	3	28	29	34	37	237	#
952	309.507	3	5	7	43	61	237	#
953	264.639	19	27	33	43	55	237	#
954	233.73	14	15	33	50	60	237	#
955	204.857	13	40	51	60	63	237	#
956	377.705	25	26	35	37	40	51	60	238	#
957	490.861	2	7	22	25	26	35	58	238	#
958	398.776	13	22	32	39	40	54	60	238	#
959	394.686	13	20	26	35	37	39	44	238	#
960	394.488	12	31	37	40	42	49	51	238	#
961	356.512	7	12	13	26	33	36	60	238	#
962	755.553	6	12	13	16	19	27	33	38	39	42	48	54	58	60	61	239	#
963	1090.79	5	14	19	21	34	37	38	41	43	45	47	48	49	54	55	239	#
964	1084.71	12	13	14	20	29	39	45	46	47	48	49	55	60	61	62	239	#
965	1057.68	6	11	12	13	17	30	33	36	37	39	45	54	55	56	62	239	#
966	1045.02	5	17	24	28	29	30	42	43	44	45	46	47	58	62	63	239	#
967	1026.16	2	8	9	12	17	19	27	37	40	43	45	48	53	55	60	239	#
968	695.144	1	12	15	16	24	35	41	52	59	60	240	#
969	740.487	1	28	33	45	46	47	48	50	55	62	240	#
970	689.339	0	1	3	17	27	34	50	58	60	61	240	#
971	632.974	5	6	15	16	30	33	37	39	44	47	240	#
972	619.277	12	14	19	21	24	35	38	41	56	63	240	#
973	608.036	0	6	8	13	15	16	32	48	51	53	240	#
974	442.75	2	17	32	34	39	40	55	241	#
975	533.671	0	2	11	20	34	36	47	241	#
976	445.314	19	32	34	39	50	55	57	241	#
977	418.365	11	20	27	33	40	45	53	241	#
978	414.95	8	14	17	34	36	38	39	241	#
979	401.728	32	33	36	39	49	59	60	241	#
980	26.5218	55	#
981	76.8188	5	32	242	#
982	112.105	5	33	242	#
983	98.6661	32	52	242	#
984	373.547	4	14	36	37	48	50	54	243	#
985	529.691	1	2	15	30	33	50	54	243	#
986	392.768	10	26	36	44	45	50	51	243	#
987	380.9	4	42	46	48	51	61	62	243	#
988	300.238	11	14	22	27	28	35	37	243	#
989	276.194	24	26	36	43	49	52	63	243	#
990	887.645	2	3	12	15	23	27	29	34	42	45	49	62	244	#
991	1003.32	3	6	8	11	12	26	29	34	35	40	45	58	244	#
992	963.484	3	5	6	14	21	23	25	40	43	45	55	62	244	#
993	872.913	2	4	6	22	29	33	34	40	45	52	56	58	244	#
994	861.902	6	11	13	15	22	30	44	45	54	55	60	63	244	#
995	845.219	2	4	6	7	12	15	22	28	29	34	52	60	244	#
996	160.488	2	43	245	#
997	170.079	2	8	245	#
998	120.191	21	43	245	#
999	1456.7	2	3	5	6	7	14	16	17	18	19	21	24	27	28	32	39	43	44	47	48	52	57	246	#
1000	1830.22	1	2	4	5	8	10	12	15	17	21	23	27	28	29	31	33	34	37	52	56	57	63	246	#
1001	1750.03	1	4	6	13	14	17	19	20	21	23	28	32	35	37	41	43	53	55	56	59	62	63	246	#
1002	1695.37	1	2	3	4	5	11	13	15	19	21	23	28	33	37	39	43	48	57	59	61	62	63	246	#
1003	1640.28	1	3	5	6	10	11	12	15	16	21	23	32	33	35	36	43	46	48	51	59	61	62	246	#
1004	1634.4	1	3	7	9	14	15	16	17	21	24	26	27	35	36	43	46	47	48	53	56	59	62	246	#
