%% File generated by CATS v.2.1Wed Jun 22 10:37:21 2022

%% The CATS webpage is http://robotics.stanford.edu/CATS

%% PARAMETER SETTINGS:
% Goods: 64; Bids: 1000; Distribution: arbitrary; Runs: 1; Seed: 1656572342
% Arbitrary Distribution Parameters:
% Max Substitutable Bids = 5
% Removing HV Neighbor   = 0.1
% Adding DIAG Neighbor   = 0.2
% Additional Location    = 0.9
% Additivity             = 0.2
% Budget Factor          = 1.5
% Resale Factor          = 0.5
% Normal Private Value:
%   Mean                 = 0
%   Standard Deviation   = 30



goods 64
bids 1001
dummy 189

0	550.074	8	18	37	39	41	57	64	#
1	566.409	1	7	37	52	60	62	64	#
2	491.51	1	17	18	25	39	48	64	#
3	411.71	13	14	15	37	39	55	64	#
4	409.415	1	8	18	23	38	43	64	#
5	396.527	2	15	30	45	57	63	64	#
6	337.884	4	13	33	55	57	65	#
7	467.075	8	13	40	57	60	65	#
8	454.607	6	7	27	52	55	65	#
9	360.975	3	13	15	37	52	65	#
10	244.906	0	13	30	33	55	65	#
11	243.871	3	4	24	26	35	65	#
12	439.566	15	17	23	41	43	51	53	56	66	#
13	499.729	4	15	17	40	46	47	51	54	66	#
14	495.048	0	3	15	31	45	61	62	63	66	#
15	478.43	23	24	26	28	37	42	49	56	66	#
16	434.528	1	4	5	9	24	25	41	46	66	#
17	423.648	0	6	13	17	20	33	62	63	66	#
18	168.771	24	61	67	#
19	153.333	41	61	67	#
20	64.9969	4	24	67	#
21	935.476	1	10	12	16	19	23	26	27	28	29	31	40	49	56	60	61	68	#
22	1265.81	1	3	7	12	21	30	33	38	44	46	47	49	52	56	57	58	68	#
23	1237.64	1	7	9	12	14	20	22	28	31	33	37	47	49	54	57	61	68	#
24	1149.64	3	6	12	16	18	19	21	22	24	32	38	40	50	51	52	55	68	#
25	1136.12	18	20	21	22	23	24	26	28	31	37	40	47	50	55	57	62	68	#
26	1132.74	3	7	10	15	18	21	24	25	31	40	42	47	48	52	58	60	68	#
27	40.3222	19	#
28	293.42	42	50	63	69	#
29	336.167	2	50	63	69	#
30	271.59	5	23	63	69	#
31	207.694	4	12	42	69	#
32	438.061	14	22	32	37	40	46	48	49	60	70	#
33	621.747	0	3	9	21	25	30	39	40	41	70	#
34	606.75	6	8	10	15	19	25	28	37	50	70	#
35	585.927	0	13	17	22	27	37	43	53	57	70	#
36	581.735	7	8	12	14	23	32	39	41	57	70	#
37	520.356	8	28	29	32	36	39	46	48	56	70	#
38	686.955	5	11	14	17	18	29	36	42	50	53	54	59	71	#
39	976.077	5	7	8	11	22	33	41	42	44	54	57	58	71	#
40	919.684	1	6	8	11	18	22	31	35	42	46	49	54	71	#
41	894.404	1	3	4	27	29	30	33	42	44	49	50	51	71	#
42	875.767	3	10	11	13	19	21	23	28	49	54	61	62	71	#
43	872.727	3	13	18	19	27	28	32	49	52	53	59	62	71	#
44	111.272	38	55	72	#
45	162.96	12	55	72	#
46	154.515	37	38	72	#
47	1422.97	10	11	12	14	15	16	17	18	20	22	23	25	31	35	37	38	39	44	47	54	55	73	#
48	1486.44	0	6	7	14	16	22	23	24	27	29	32	35	38	39	41	43	47	50	53	54	61	73	#
49	1458.57	0	2	7	8	11	16	18	20	25	28	30	33	34	35	43	49	50	55	57	59	60	73	#
50	1440.75	4	6	10	12	15	16	18	20	22	25	27	35	37	38	39	40	43	46	48	51	55	73	#
51	1440.11	0	1	10	14	16	21	22	23	26	27	30	31	32	35	43	44	45	47	54	57	61	73	#
52	1420.28	1	3	13	16	17	20	21	23	28	33	34	35	39	43	45	46	47	49	50	54	55	73	#
53	278.576	2	6	19	22	46	53	74	#
54	353.083	4	27	28	40	51	53	74	#
55	351.58	6	30	40	43	47	50	74	#
56	334.335	4	6	19	22	36	55	74	#
57	240.163	2	8	9	21	30	31	74	#
58	1798.79	0	2	4	5	8	10	13	14	16	19	20	21	23	27	30	32	34	35	38	39	41	44	46	48	49	53	55	56	58	59	60	61	75	#
59	2164.55	0	1	3	5	9	10	13	14	16	20	21	23	27	30	40	43	44	46	47	48	49	50	51	52	53	54	55	56	57	59	61	63	75	#
60	2155.04	0	5	6	8	10	13	14	20	21	27	28	30	31	32	34	36	40	41	44	45	47	48	49	50	52	53	54	57	58	61	62	63	75	#
61	2070.94	0	2	3	6	10	16	18	20	21	23	24	26	27	28	30	37	39	40	42	43	44	46	47	49	50	51	54	55	56	58	59	61	75	#
62	2055.91	1	2	3	8	10	11	13	14	19	21	22	23	28	29	30	31	32	35	37	39	41	43	44	45	47	49	52	53	54	55	57	59	75	#
63	2028.9	0	4	6	8	9	10	13	14	17	21	22	28	30	33	35	37	39	41	42	43	44	45	46	48	49	50	51	52	53	59	60	61	75	#
64	415.789	0	7	18	22	38	40	76	#
65	541.685	7	13	19	39	52	57	76	#
66	466.902	3	13	18	38	46	63	76	#
67	435.539	16	21	35	40	46	58	76	#
68	329.679	0	23	29	30	31	38	76	#
69	318.706	7	15	22	25	43	56	76	#
70	959.404	2	3	8	11	15	20	23	25	35	44	48	51	55	56	62	63	77	#
71	1324.19	3	6	15	20	22	27	35	37	39	42	47	50	53	55	57	63	77	#
72	1283.23	3	9	12	15	16	17	20	21	41	45	52	53	55	56	57	60	77	#
73	1122.04	5	11	13	20	21	28	31	33	44	48	50	53	54	56	59	61	77	#
74	1109.21	4	6	12	15	19	27	31	34	35	37	38	53	54	55	57	63	77	#
75	1072.94	5	9	12	21	28	29	30	34	35	38	41	43	49	57	60	63	77	#
76	1884.1	1	7	11	13	17	19	22	23	27	28	29	30	35	36	41	43	44	46	48	52	54	55	56	57	58	63	78	#
77	1893.94	1	3	6	8	11	12	13	14	15	16	17	20	22	23	26	28	35	44	46	47	49	51	54	57	58	62	78	#
78	1817.06	7	9	11	12	13	15	16	20	27	28	29	34	35	43	44	46	50	52	53	55	56	57	58	59	62	63	78	#
79	1771.99	1	7	8	9	13	14	15	16	23	26	30	32	35	36	38	41	45	47	51	52	56	58	59	60	62	63	78	#
80	1701.85	2	8	9	10	14	15	16	19	22	23	25	26	28	32	34	35	38	39	40	41	42	44	45	51	57	59	78	#
81	1699.2	0	6	7	9	12	13	14	16	17	19	22	23	27	28	29	31	39	40	44	46	51	52	53	56	62	63	78	#
82	197.059	0	1	14	26	33	36	58	79	#
83	293.446	0	1	7	13	33	47	60	79	#
84	973.573	6	10	14	21	23	29	30	32	46	47	53	61	80	#
85	1030.74	8	10	16	17	27	30	34	46	50	53	55	61	80	#
86	1003.16	14	15	20	24	25	30	33	34	38	50	55	61	80	#
87	1000.4	7	8	10	15	21	23	24	48	53	59	60	61	80	#
88	943.484	3	8	10	13	16	20	29	31	46	49	58	62	80	#
89	941.76	10	14	17	20	27	29	32	41	43	49	50	61	80	#
90	2255.85	0	2	4	6	7	8	10	11	13	15	16	17	18	19	20	24	25	26	27	28	30	31	33	36	38	40	41	42	44	46	48	51	52	55	60	61	62	81	#
91	2882.43	0	3	7	8	12	13	15	16	17	20	21	22	23	26	27	30	33	35	38	39	40	41	42	43	44	45	47	48	49	51	52	54	57	58	60	61	62	81	#
92	2762.05	1	2	3	5	8	11	12	15	16	17	18	20	21	23	25	26	27	28	30	32	33	37	38	39	40	41	42	43	45	46	48	49	51	52	54	56	57	81	#
93	2672.59	0	3	4	5	6	12	13	14	16	17	20	21	24	26	27	28	29	30	35	37	38	39	41	43	44	45	47	48	49	51	54	55	57	58	60	61	62	81	#
94	2608.91	3	4	5	7	8	11	15	17	20	21	22	25	26	27	30	32	34	35	36	37	38	39	41	42	43	44	46	47	49	50	52	55	57	58	60	61	63	81	#
95	2546	1	3	4	7	8	9	10	11	14	15	16	17	19	20	26	28	29	31	32	35	37	40	41	42	44	45	47	49	50	51	54	55	57	58	61	62	63	81	#
96	171.25	36	42	45	60	82	#
97	124.562	5	14	15	36	82	#
98	963.666	6	7	10	16	19	20	25	32	33	40	49	57	83	#
99	1069.72	0	3	5	7	12	13	16	18	20	22	51	60	83	#
100	987.81	6	12	20	25	32	37	40	41	45	55	60	61	83	#
101	913.312	0	2	7	10	24	26	30	40	42	53	59	63	83	#
102	885.526	2	17	18	21	25	35	39	42	48	51	57	58	83	#
103	868.892	0	6	7	11	14	33	35	46	47	50	52	56	83	#
104	1758.72	2	8	9	14	15	16	20	21	25	26	31	32	34	37	39	41	45	47	52	55	57	60	61	84	#
105	1872.82	5	7	10	13	15	16	20	28	31	35	37	41	42	43	48	52	54	55	58	59	60	61	62	84	#
106	1797.34	0	1	5	6	8	9	15	16	17	18	19	25	27	31	32	39	40	41	47	52	53	61	62	84	#
107	1787.93	1	2	4	5	8	10	11	13	15	18	22	25	27	29	32	35	36	38	41	47	54	59	62	84	#
108	1783.87	3	5	6	10	13	15	18	19	21	25	26	28	29	40	41	44	47	48	54	56	57	61	63	84	#
109	1781.28	2	6	17	18	20	21	22	27	29	34	35	41	42	43	44	46	47	53	55	57	59	62	63	84	#
110	741.955	1	2	4	5	11	19	21	31	42	45	53	85	#
111	924.713	1	22	25	27	29	30	42	51	53	56	62	85	#
112	867.046	5	9	19	20	21	23	57	58	59	62	63	85	#
113	832.931	0	8	11	18	22	26	49	50	52	56	62	85	#
114	820.455	5	12	14	27	29	42	46	48	49	51	53	85	#
115	808.967	18	22	26	29	31	42	45	48	56	57	63	85	#
116	378.123	4	10	23	31	40	44	86	#
117	420.064	21	23	32	44	49	51	86	#
118	409.597	0	10	11	25	49	56	86	#
119	372.95	0	4	31	40	48	55	86	#
120	355.368	11	14	23	31	55	63	86	#
121	331.109	18	21	26	39	44	60	86	#
122	130.089	49	#
123	1252.01	1	2	13	14	17	19	24	26	28	29	30	31	49	53	54	55	56	60	61	63	87	#
124	1714.91	1	3	6	7	13	16	19	20	21	23	28	30	32	37	48	49	53	55	62	63	87	#
125	1532.68	19	23	28	30	31	33	35	37	38	42	43	46	49	52	53	55	56	61	62	63	87	#
126	1493.61	4	9	10	14	15	16	19	20	23	28	29	30	31	32	42	51	52	55	61	62	87	#
127	1476.67	0	4	6	8	12	13	20	25	27	28	36	37	42	44	49	52	57	61	62	63	87	#
128	1471.8	3	17	18	21	24	28	33	34	35	37	41	45	50	51	52	53	54	61	62	63	87	#
129	437.659	8	15	18	25	55	58	88	#
130	601.627	8	29	34	37	44	61	88	#
131	537.731	1	16	21	25	37	50	88	#
132	500.482	14	19	31	37	39	55	88	#
133	468.47	14	25	42	47	58	62	88	#
134	462.482	0	11	18	43	48	61	88	#
135	113.099	7	#
136	67.4171	15	#
137	1030.18	4	7	9	11	13	15	16	17	24	25	33	34	37	45	50	51	57	58	89	#
138	1422.93	1	4	5	8	13	20	23	24	36	38	41	42	44	48	53	54	61	63	89	#
139	1263.06	6	7	13	14	15	18	20	23	27	28	29	41	46	49	54	58	59	61	89	#
140	1255.67	2	5	6	13	15	16	17	21	22	23	25	33	37	39	40	54	60	63	89	#
141	1230.14	2	3	7	11	12	13	16	20	22	24	34	35	42	44	47	55	57	61	89	#
142	1179.66	0	3	7	11	13	14	15	19	21	24	25	28	30	33	51	53	61	62	89	#
143	138.789	7	42	56	90	#
144	170.011	7	22	38	90	#
145	489.06	2	9	18	22	23	28	39	59	91	#
146	591.362	0	2	16	18	30	43	56	63	91	#
147	534.657	0	4	15	28	30	37	43	63	91	#
148	522.989	13	22	28	35	42	49	52	56	91	#
149	478.478	2	5	23	25	28	29	33	60	91	#
150	462.692	2	5	24	26	37	43	51	59	91	#
151	2095.64	0	1	2	3	4	7	15	16	18	20	23	27	29	30	33	36	37	40	45	46	48	49	53	56	58	59	60	61	92	#
152	1968.49	1	7	8	10	11	13	16	20	23	24	25	27	29	30	33	36	39	40	44	45	46	48	51	54	56	57	58	60	92	#
153	1956.17	2	3	4	6	7	8	13	14	17	20	21	22	23	27	29	30	35	38	43	44	49	51	54	57	58	59	60	61	92	#
154	1944.71	1	3	4	6	8	10	13	14	16	17	20	28	29	30	32	33	36	37	38	42	46	49	51	52	54	55	59	61	92	#
155	1895.24	1	2	3	4	6	7	8	10	15	16	20	21	24	27	31	33	38	39	41	44	45	47	49	51	53	55	57	62	92	#
156	1894.38	0	5	8	10	15	16	18	21	26	27	29	30	31	32	33	39	44	45	46	48	49	50	53	56	57	58	59	62	92	#
157	52.5829	44	#
158	1209.76	2	8	9	10	12	14	16	17	18	21	22	30	32	35	36	39	43	46	49	50	51	93	#
159	1667.39	5	6	9	10	11	13	18	24	26	27	29	30	37	40	47	48	54	57	60	62	63	93	#
160	1634.39	5	6	9	10	11	12	18	19	22	26	27	29	30	35	42	48	51	52	57	59	63	93	#
161	1547.25	2	6	7	8	9	10	12	13	18	21	26	27	28	32	40	41	43	46	56	58	61	93	#
162	1537.51	0	6	8	9	11	15	19	20	35	37	39	40	41	43	46	47	50	51	56	57	61	93	#
163	1517.49	5	11	15	16	17	27	28	29	38	39	43	46	47	48	55	56	57	59	61	62	63	93	#
164	1554.64	9	10	12	22	24	25	32	33	34	36	37	38	42	43	48	50	52	54	55	57	58	62	63	94	#
165	1887.64	1	4	7	8	11	17	20	21	25	27	30	31	33	34	37	41	42	44	45	52	53	55	60	94	#
166	1744.6	0	1	6	9	13	18	21	22	23	24	29	33	34	41	42	44	45	49	50	51	52	58	61	94	#
167	1706.22	1	5	6	9	12	16	18	20	21	22	25	29	33	37	38	41	44	46	49	51	53	54	58	94	#
168	1701.21	3	11	13	14	17	18	22	23	28	30	33	35	36	37	41	42	43	45	47	52	53	55	61	94	#
169	1698.27	0	3	4	6	9	14	20	21	22	26	27	28	30	31	33	34	35	49	52	53	57	60	61	94	#
170	3711.25	0	1	2	3	4	5	6	7	8	9	10	11	12	13	14	15	16	17	18	19	20	21	22	23	24	25	26	27	28	29	30	31	32	33	34	35	36	37	38	39	40	41	42	43	44	45	46	47	48	49	50	51	52	53	54	55	56	57	58	59	60	61	62	63	#
171	123.456	21	#
172	186.461	2	32	46	58	95	#
173	210.823	2	8	41	46	95	#
174	180.514	2	23	26	46	95	#
175	177.839	39	41	96	#
176	130.593	41	47	96	#
177	106.016	39	56	96	#
178	564.518	3	20	21	43	45	46	50	57	97	#
179	636.339	2	5	17	20	21	37	39	51	97	#
180	579.994	3	21	26	43	48	52	53	57	97	#
181	569.357	7	11	16	24	43	51	52	57	97	#
182	544.967	0	11	18	21	23	45	51	62	97	#
183	446.031	6	7	15	20	50	53	60	62	97	#
184	271.776	1	24	31	42	59	98	#
185	312.789	1	8	44	50	57	98	#
186	298.659	8	11	48	55	59	98	#
187	248.204	22	32	42	51	56	98	#
188	70.1178	23	31	32	34	62	98	#
189	2619.58	2	3	7	8	9	10	12	15	19	20	21	23	24	26	27	28	30	32	33	35	36	37	39	40	41	42	43	44	49	50	51	52	53	54	55	58	60	99	#
190	2657.68	4	6	7	8	9	10	11	13	15	19	20	21	24	27	28	29	30	31	32	33	34	35	36	37	40	41	42	43	44	46	49	52	53	54	55	57	58	99	#
191	2615.63	4	6	7	8	10	11	12	13	14	15	16	19	20	21	23	24	25	26	27	30	32	34	36	37	38	39	42	44	47	48	49	53	54	55	58	61	62	99	#
192	2612.34	2	5	7	8	10	12	14	15	16	17	18	21	22	23	24	25	26	27	28	30	32	36	37	40	41	43	47	48	49	52	53	54	55	56	58	60	62	99	#
193	2595.4	1	2	4	7	8	9	10	11	12	14	18	22	23	24	25	26	27	28	29	30	32	36	40	41	42	43	48	49	51	53	54	55	57	58	61	62	63	99	#
194	2573.36	1	2	5	6	7	8	11	12	14	15	16	18	21	22	23	25	26	27	29	30	32	33	36	39	41	42	43	46	47	48	49	52	53	54	55	58	63	99	#
195	1012.05	0	3	9	11	19	23	33	34	36	37	38	41	45	48	49	59	100	#
196	1258.83	1	2	3	5	11	19	20	22	23	30	38	45	47	49	57	61	100	#
197	1245	3	8	10	11	15	20	24	29	30	34	37	38	45	50	59	61	100	#
198	1092.8	0	4	8	20	21	28	30	31	38	41	42	45	46	50	56	59	100	#
199	1040.21	0	4	9	11	13	16	19	37	40	43	45	50	53	55	60	62	100	#
200	1019.68	17	20	25	30	33	34	36	41	42	44	46	48	50	59	61	63	100	#
201	311.813	21	22	33	40	57	101	#
202	412.138	21	23	29	30	46	101	#
203	325.005	2	18	20	22	57	101	#
204	321.939	24	29	35	40	53	101	#
205	246.637	23	24	31	33	63	101	#
206	243.648	1	17	19	56	57	101	#
207	115.105	31	42	102	#
208	69.3976	31	63	102	#
209	402.805	3	19	23	44	47	48	55	62	103	#
210	516.224	0	3	6	20	26	27	29	44	103	#
211	513.176	13	16	32	36	41	47	55	63	103	#
212	510.743	7	19	20	23	30	48	50	56	103	#
213	460.479	0	10	15	21	39	55	60	63	103	#
214	444.046	0	19	25	28	41	47	48	56	103	#
215	787.096	7	15	16	18	20	23	27	28	47	56	104	#
216	766.217	2	11	14	27	29	30	37	42	56	61	104	#
217	710.129	0	5	7	12	15	20	30	34	40	62	104	#
218	709.816	2	20	27	28	29	33	40	46	52	56	104	#
219	669.38	0	13	14	16	23	25	27	28	54	61	104	#
220	659.985	1	2	9	14	19	20	42	52	54	61	104	#
221	668.363	8	11	16	25	26	29	32	36	40	59	63	105	#
222	817.636	5	11	18	19	20	25	32	41	45	55	59	105	#
223	765.278	9	11	13	18	40	46	48	54	56	57	62	105	#
224	758.887	0	18	27	28	31	35	41	56	58	59	62	105	#
225	738.14	5	8	9	14	19	23	26	28	37	41	62	105	#
226	713.951	8	11	15	16	23	26	31	38	39	49	54	105	#
227	445.153	3	5	15	25	32	62	106	#
228	613.067	9	15	18	30	53	59	106	#
229	573.715	5	7	21	37	54	62	106	#
230	565.659	8	25	27	43	46	52	106	#
231	506.563	10	15	25	28	32	39	106	#
232	438.357	0	3	6	27	35	46	106	#
233	144.791	5	17	107	#
234	193.867	5	37	107	#
235	97.5265	17	33	107	#
236	101.086	61	#
237	334.758	18	30	40	59	108	#
238	358.755	18	44	52	54	108	#
239	355.049	10	44	49	59	108	#
240	346.66	10	30	42	59	108	#
241	235.588	1	31	40	56	108	#
242	1576.36	3	5	6	8	9	11	15	18	23	25	33	35	38	39	40	41	42	43	46	47	54	55	56	61	63	109	#
243	1817.88	1	2	12	13	15	16	20	22	27	28	30	36	37	39	40	41	44	45	46	49	52	55	61	62	63	109	#
244	1684.75	0	5	10	11	14	15	16	17	18	19	22	23	25	27	28	30	34	37	38	43	48	53	54	61	62	109	#
245	1678.35	1	2	5	6	7	8	9	11	13	17	18	19	20	23	25	30	33	37	40	41	43	46	50	55	56	109	#
246	1643.91	4	6	8	9	12	13	14	15	17	19	23	27	28	30	35	37	38	39	40	42	46	48	57	62	63	109	#
247	1632.4	1	3	5	6	8	11	13	14	18	20	22	28	30	36	38	39	42	43	45	46	48	50	51	61	63	109	#
248	1145.5	3	5	8	9	16	19	21	22	34	37	53	55	57	58	61	110	#
249	1203.63	7	11	16	18	27	30	32	35	36	40	43	49	52	59	63	110	#
250	1145.72	0	5	11	14	16	17	25	27	31	35	41	46	53	56	57	110	#
251	1113.98	3	5	9	10	15	19	27	31	37	40	43	46	57	58	63	110	#
252	1079.7	5	9	10	14	16	17	19	20	21	37	47	54	55	57	59	110	#
253	1078.83	11	12	19	20	22	25	34	37	41	43	45	48	52	55	63	110	#
254	1167.78	0	7	8	11	17	18	25	26	27	28	41	43	47	48	51	62	111	#
255	1266.71	3	7	8	11	12	15	18	34	35	42	44	48	52	54	58	62	111	#
256	1253.02	0	4	8	14	15	17	18	20	23	25	27	39	45	51	56	61	111	#
257	1150.26	1	7	11	13	15	18	21	25	27	31	36	43	45	47	50	59	111	#
258	1140.82	0	4	7	12	15	18	22	25	28	34	38	40	43	45	48	58	111	#
259	1131.87	6	14	18	20	22	25	30	34	35	39	42	47	51	57	58	63	111	#
260	510.271	15	23	31	32	41	50	57	112	#
261	638.422	5	7	16	19	27	50	57	112	#
262	625.639	17	28	30	41	54	57	61	112	#
263	603.412	0	15	21	25	30	31	45	112	#
264	584.45	12	13	15	16	17	20	31	112	#
265	514.847	18	35	44	50	51	55	57	112	#
266	1297.31	1	2	5	9	12	16	20	22	25	26	38	41	42	44	46	47	49	50	55	56	58	60	63	113	#
267	1599.93	2	3	6	9	12	14	17	18	22	25	27	29	34	35	41	42	43	45	50	55	59	61	63	113	#
268	1575.3	3	5	7	8	12	16	17	21	22	23	25	27	29	30	32	33	39	48	49	51	55	57	58	113	#
269	1559.23	0	3	5	17	20	22	23	24	25	27	31	32	34	35	36	39	40	42	48	49	55	57	63	113	#
270	1550.36	5	8	11	14	16	17	20	24	25	27	29	30	33	34	37	39	40	41	42	43	45	46	63	113	#
271	1525.23	3	4	5	7	9	12	14	15	16	17	18	20	23	29	30	37	40	42	47	48	54	59	62	113	#
272	150.666	8	63	114	#
273	161.712	2	8	114	#
274	105.154	50	63	114	#
275	1075.21	4	10	15	26	31	35	38	42	45	47	48	49	51	54	56	63	115	#
276	1407.71	3	4	7	11	17	22	24	27	29	30	31	42	45	49	50	54	115	#
277	1330.5	3	8	11	12	15	17	18	24	25	32	35	42	47	49	62	63	115	#
278	1311.9	3	11	17	18	30	33	35	37	42	45	52	55	56	57	58	62	115	#
279	1300.05	0	7	13	15	20	21	30	35	38	41	45	48	52	58	59	63	115	#
280	1259.19	0	2	8	10	11	18	29	34	42	50	53	56	58	59	62	63	115	#
281	518.22	7	8	9	31	47	49	116	#
282	518.095	31	35	44	45	47	49	116	#
283	396.714	7	9	16	24	27	59	116	#
284	396.648	7	11	27	38	56	58	116	#
285	380.663	0	2	33	40	47	49	116	#
286	352.298	8	16	41	56	58	60	116	#
287	695.849	3	6	8	13	20	55	56	59	60	62	117	#
288	759.28	3	8	9	13	19	20	37	41	46	55	117	#
289	726.659	9	13	15	16	30	34	39	42	49	57	117	#
290	682.389	3	13	22	23	26	37	39	44	59	61	117	#
291	672.908	0	5	12	13	28	29	49	55	56	59	117	#
292	644.077	0	7	15	23	34	37	43	55	57	62	117	#
293	252.366	4	17	28	34	55	118	#
294	372.54	17	21	34	54	55	118	#
295	360.985	2	5	41	46	55	118	#
296	352.408	7	27	28	50	60	118	#
297	226.718	17	24	29	40	42	118	#
298	225.106	4	20	35	36	47	118	#
299	691.797	2	20	21	22	27	36	46	56	59	119	#
300	836.598	2	7	27	35	39	42	43	49	53	119	#
301	813.191	1	4	20	32	41	50	58	59	63	119	#
302	698.534	0	1	21	24	30	31	32	39	57	119	#
303	682.982	3	8	11	19	20	21	22	38	44	119	#
304	645.867	3	16	22	25	35	37	39	41	61	119	#
305	288.453	5	8	22	45	53	120	#
306	392.056	7	8	20	35	53	120	#
307	376.799	10	11	17	25	45	120	#
308	342.219	5	20	25	55	57	120	#
309	336.237	22	23	29	45	53	120	#
310	286.747	14	34	46	50	52	56	121	#
311	425.338	7	18	24	27	52	56	121	#
312	387.919	20	31	34	43	49	57	121	#
313	366.061	14	21	43	50	57	62	121	#
314	353.678	1	14	16	31	49	52	121	#
315	309.808	1	14	15	30	46	59	121	#
316	191.166	3	15	32	51	122	#
317	260.302	28	31	47	51	122	#
318	218.812	26	28	32	40	122	#
319	218.186	10	15	24	59	122	#
320	178.855	3	20	59	62	122	#
321	2868.03	2	3	8	9	10	12	15	16	18	19	20	21	22	23	25	26	30	31	32	35	36	37	38	39	40	42	44	46	47	49	50	51	52	53	54	55	56	59	61	62	63	123	#
322	2959.37	1	2	3	4	7	10	11	12	15	18	19	21	22	23	24	25	26	28	30	31	35	37	38	39	40	42	43	44	45	46	47	49	50	51	52	54	55	56	59	62	63	123	#
323	2905.22	1	2	3	4	10	13	15	16	17	18	21	23	24	25	26	27	28	30	31	33	34	36	38	39	42	44	45	46	48	49	51	52	53	54	55	56	57	59	61	62	63	123	#
324	2890.07	0	3	4	7	8	10	11	17	18	19	20	22	23	24	25	26	27	29	30	31	32	34	35	37	38	39	40	42	43	44	47	49	51	52	54	55	56	57	59	61	62	123	#
325	2873.04	3	4	5	6	7	8	9	10	11	12	13	15	17	18	19	21	23	26	27	28	32	33	34	37	40	43	44	48	49	50	51	52	53	54	55	56	57	59	61	62	63	123	#
326	2853.36	1	2	3	4	6	7	8	9	10	11	13	15	16	17	21	22	23	24	26	28	31	35	37	38	39	41	43	44	46	50	51	52	53	54	55	56	57	59	61	62	63	123	#
327	784.159	0	6	8	10	12	13	14	19	21	22	31	33	34	40	59	124	#
328	1055.39	3	5	7	12	18	22	37	41	44	51	53	54	56	59	61	124	#
329	998.023	1	3	4	6	13	17	18	24	32	35	39	41	50	61	63	124	#
330	981.057	1	3	4	7	18	21	23	26	34	41	43	49	50	52	58	124	#
331	944.927	16	17	22	24	26	27	30	33	41	42	46	49	52	59	61	124	#
332	936.635	3	5	10	14	20	27	28	36	37	42	43	45	50	52	56	124	#
333	1590.91	0	3	4	11	13	17	18	24	30	31	32	34	35	37	38	41	43	45	48	50	51	52	53	54	56	57	63	125	#
334	2019.73	8	9	11	17	18	19	23	25	30	32	34	36	37	38	40	42	43	45	47	51	52	54	56	57	58	61	63	125	#
335	2002.25	1	9	10	11	12	17	20	21	23	25	26	27	28	30	33	35	36	40	47	50	52	53	54	57	58	59	60	125	#
336	1980.61	3	4	6	7	11	16	19	22	23	26	28	33	35	36	37	44	45	47	48	51	52	53	55	57	58	59	61	125	#
337	1961.89	1	11	12	15	16	18	19	20	24	25	26	28	30	36	37	40	42	44	45	46	50	51	52	53	56	61	63	125	#
338	1952.93	5	7	9	12	13	15	22	24	26	28	29	30	32	35	38	40	43	45	47	51	52	53	54	56	59	61	62	125	#
339	521.652	0	2	7	12	27	31	32	40	54	126	#
340	690.564	4	5	10	15	18	26	29	54	57	126	#
341	649.806	0	11	20	24	26	29	40	41	42	126	#
342	609.046	11	12	17	20	21	27	29	46	48	126	#
343	554.228	0	13	21	26	31	40	48	54	57	126	#
344	549.345	2	3	21	27	30	31	47	53	56	126	#
345	195.088	13	15	55	127	#
346	170.819	17	38	55	127	#
347	137.494	15	48	58	127	#
348	134.963	0	13	55	127	#
349	290.283	2	21	32	128	#
350	183.535	6	21	39	128	#
351	154.294	2	16	63	128	#
352	155.9	4	21	129	#
353	187.547	15	21	129	#
354	95.6448	4	11	129	#
355	622.815	0	4	6	8	10	16	33	38	63	130	#
356	837.812	10	16	20	29	35	39	46	47	53	130	#
357	660.082	6	14	16	17	35	43	48	53	61	130	#
358	514.583	4	7	13	16	26	31	38	59	63	130	#
359	511.724	0	3	4	5	26	35	44	56	63	130	#
360	493.009	16	31	32	35	38	39	47	55	56	130	#
361	552.821	5	10	11	14	26	29	37	40	131	#
362	571.311	3	13	17	40	42	43	47	50	131	#
363	546.882	7	14	29	30	31	48	50	55	131	#
364	542.887	3	6	16	20	33	37	43	57	131	#
365	522.943	5	8	10	11	12	23	51	52	131	#
366	468.312	0	7	8	10	24	37	46	58	131	#
367	688.429	1	2	6	7	49	51	53	56	57	59	132	#
368	943	1	13	18	28	30	37	48	49	57	61	132	#
369	857.923	3	7	24	27	30	32	46	48	51	59	132	#
370	674.242	3	9	12	14	18	22	24	30	46	56	132	#
371	630.695	1	2	6	9	12	20	39	47	53	62	132	#
372	628.584	1	9	15	19	29	33	39	40	45	53	132	#
373	929.217	5	12	20	21	28	31	45	49	54	56	60	133	#
374	825.372	4	14	15	21	28	31	32	45	47	59	60	133	#
375	788.534	6	7	8	11	20	21	22	23	32	46	56	133	#
376	760.626	1	4	6	7	22	28	38	39	48	57	60	133	#
377	720.275	1	2	8	12	15	28	44	51	56	59	60	133	#
378	707.891	10	11	17	30	40	47	49	52	54	56	57	133	#
379	198.055	2	25	134	#
380	219.776	25	44	134	#
381	174.126	2	42	134	#
382	2277.64	1	2	3	5	6	9	12	13	16	17	18	22	28	30	31	33	34	35	37	39	41	43	45	46	47	48	49	50	51	55	57	59	62	63	135	#
383	2365.1	2	5	6	8	9	11	12	13	15	16	17	20	22	23	24	28	31	35	37	39	41	42	43	45	49	51	53	55	56	57	58	59	62	63	135	#
384	2282.7	0	2	5	6	7	8	9	15	16	21	23	24	27	28	30	31	33	34	35	37	39	45	46	47	48	50	51	52	53	54	57	59	61	63	135	#
385	2262.98	1	2	3	8	9	10	13	14	16	17	18	20	21	23	24	27	28	30	35	37	38	39	40	41	43	45	46	47	49	55	60	61	62	63	135	#
386	2239.67	0	1	2	8	9	13	16	17	19	21	22	23	24	28	29	30	32	34	35	37	38	39	40	41	44	45	49	51	54	55	57	61	62	63	135	#
387	2237.95	1	2	3	7	8	9	13	14	15	16	17	18	21	22	23	28	31	35	36	37	40	41	45	46	48	50	51	52	54	56	57	59	61	62	135	#
388	379.871	0	3	10	28	43	46	54	60	136	#
389	569.213	6	7	8	39	42	46	57	59	136	#
390	564.798	5	7	10	19	32	53	55	59	136	#
391	539.186	1	3	7	9	24	41	43	45	136	#
392	459.396	3	8	12	17	19	29	45	46	136	#
393	423.982	3	6	15	21	30	39	48	60	136	#
394	1385.5	2	4	5	7	11	20	21	23	28	33	36	38	41	43	45	46	48	49	53	62	63	137	#
395	1648.4	5	7	11	13	15	16	19	20	21	23	24	25	27	28	37	40	41	44	47	62	63	137	#
396	1512.14	1	7	12	14	16	17	18	20	27	33	35	38	39	40	43	44	45	46	55	59	61	137	#
397	1421.04	6	7	8	11	16	18	19	23	25	28	34	35	41	43	44	46	48	57	58	59	60	137	#
398	1378.63	0	1	4	5	9	11	15	16	18	20	23	25	28	32	39	43	44	50	61	62	63	137	#
399	1376.79	1	2	3	5	8	9	11	18	19	21	23	29	30	40	45	48	52	53	54	58	63	137	#
400	211.158	5	14	44	50	138	#
401	314.072	6	8	14	21	138	#
402	289.401	18	37	41	44	138	#
403	239.019	22	43	50	53	138	#
404	1835.75	1	2	3	10	14	15	16	17	21	22	28	29	32	35	38	39	40	44	45	46	48	50	52	53	55	59	62	139	#
405	2027.06	1	2	6	7	8	11	12	13	14	15	17	18	25	29	30	32	34	35	36	40	45	50	54	55	57	59	61	139	#
406	1993.54	1	8	9	10	13	14	17	20	30	32	33	35	40	41	42	45	46	47	50	51	52	55	57	58	59	61	63	139	#
407	1933.46	1	3	9	12	17	18	20	22	26	27	29	30	32	33	34	39	42	44	45	49	50	52	53	55	58	59	61	139	#
408	1930.72	0	1	2	5	8	13	16	20	22	27	28	29	33	35	36	39	40	41	46	47	49	52	55	59	60	61	62	139	#
409	1902.16	2	4	5	9	15	17	20	23	24	27	28	29	30	31	35	40	45	46	47	48	50	53	54	57	58	59	61	139	#
410	698.534	0	11	19	23	25	35	36	39	40	44	45	46	53	60	140	#
411	1036.95	3	9	11	20	30	37	40	46	53	56	57	58	59	61	140	#
412	1018.56	3	6	12	16	21	23	28	31	32	35	37	38	42	53	140	#
413	947.939	12	16	23	25	32	35	44	46	49	50	51	52	57	63	140	#
414	913.609	8	18	25	26	27	28	30	40	41	43	44	47	56	59	140	#
415	876.952	1	8	9	19	23	27	35	44	45	48	52	56	60	61	140	#
416	131.508	36	38	47	141	#
417	192.105	23	38	41	141	#
418	109.803	36	38	53	141	#
419	426.299	8	17	37	42	50	142	#
420	412.319	37	42	47	54	58	142	#
421	405.078	7	16	17	18	54	142	#
422	393.614	1	42	50	54	62	142	#
423	322.172	8	44	50	56	60	142	#
424	219.128	2	9	17	37	52	142	#
425	112.628	26	38	60	#
426	41.528	4	#
427	622.317	4	9	14	21	22	25	29	33	35	59	144	#
428	805.868	11	15	21	30	32	33	40	42	44	49	144	#
429	735.946	10	11	21	23	29	33	35	39	40	44	144	#
430	725.072	4	6	17	26	36	42	43	53	60	61	144	#
431	658.557	3	8	17	21	24	34	35	48	49	59	144	#
432	635.736	0	9	15	19	26	29	43	45	58	63	144	#
433	124.514	20	#
434	255.938	0	44	49	51	58	145	#
435	368.651	7	10	33	44	63	145	#
436	337.439	8	22	34	41	51	145	#
437	290.194	26	32	49	60	61	145	#
438	250.542	18	19	26	35	58	145	#
439	165.523	0	3	17	33	34	145	#
440	267.397	4	5	31	51	53	146	#
441	351.044	19	21	34	52	53	146	#
442	287.944	1	11	32	33	51	146	#
443	282.236	5	10	12	21	48	146	#
444	227.617	23	31	46	52	53	146	#
445	800.359	0	1	11	17	19	23	26	29	32	38	47	49	57	147	#
446	998.519	2	3	12	15	17	18	29	40	46	47	50	55	63	147	#
447	961.476	1	2	7	17	20	22	25	33	41	42	45	50	57	147	#
448	879.51	13	17	23	27	30	31	38	42	47	48	53	54	57	147	#
449	878.333	0	1	2	3	7	11	15	18	29	40	42	54	63	147	#
450	855.638	11	12	18	19	29	31	37	39	47	48	49	53	59	147	#
451	74.8081	40	56	#
452	1299.09	0	4	7	11	13	14	21	24	37	41	42	43	47	49	50	55	57	58	60	148	#
453	1412.76	2	10	13	16	20	22	27	28	34	37	39	41	42	43	45	46	50	55	63	148	#
454	1341.12	2	4	7	12	14	24	27	33	36	37	39	41	42	49	50	51	53	55	63	148	#
455	1322.37	1	2	4	6	7	11	21	28	36	40	41	42	43	45	46	49	59	61	62	148	#
456	1302.09	1	8	12	13	19	20	21	23	24	25	26	27	33	37	39	42	49	50	63	148	#
457	1281.82	7	13	15	21	24	30	37	40	43	44	45	47	51	55	56	58	59	61	62	148	#
458	171.666	30	55	149	#
459	190.24	28	55	149	#
460	52.2385	30	38	149	#
461	212.68	3	20	41	47	150	#
462	295.094	20	24	29	44	150	#
463	271.25	21	22	33	41	150	#
464	253.509	24	26	47	61	150	#
465	705.871	4	5	14	22	30	33	39	46	47	50	51	57	61	151	#
466	1006.88	3	7	8	18	20	30	35	39	43	50	55	58	61	151	#
467	909.296	3	5	7	20	21	22	40	47	51	53	57	58	61	151	#
468	903.739	6	12	15	18	22	30	35	36	51	54	58	60	61	151	#
469	892.161	4	11	13	15	19	23	26	35	40	47	51	59	63	151	#
470	836.249	9	12	13	18	20	21	22	30	34	40	42	47	61	151	#
471	193.474	4	23	33	36	48	152	#
472	268.438	4	26	48	50	51	152	#
473	209.874	11	15	32	36	43	152	#
474	612.341	5	16	20	22	39	42	47	54	55	153	#
475	711.312	12	20	21	23	26	28	39	49	63	153	#
476	675.653	3	15	20	37	40	44	45	51	59	153	#
477	662.618	5	12	25	36	37	49	51	59	62	153	#
478	637.395	4	14	18	21	37	47	51	56	59	153	#
479	621.677	8	23	35	44	46	49	54	55	60	153	#
480	604.783	12	14	27	29	30	40	45	54	56	154	#
481	712.155	19	25	28	40	51	52	59	61	63	154	#
482	643.707	3	4	34	37	38	41	56	61	63	154	#
483	586.377	0	5	14	17	21	29	30	51	52	154	#
484	564.807	0	15	17	27	30	40	45	47	55	154	#
485	531.994	6	17	23	29	36	47	48	60	63	154	#
486	576.624	10	11	15	21	26	38	40	155	#
487	456.305	4	14	15	21	24	38	42	155	#
488	440.825	4	9	15	16	24	46	50	155	#
489	432.259	6	10	28	30	34	40	56	155	#
490	421.152	0	6	11	13	15	46	57	155	#
491	403.852	0	8	18	38	40	47	63	155	#
492	1475.6	0	3	4	9	10	11	16	21	22	23	25	30	32	35	37	38	39	40	42	50	54	55	57	58	62	63	156	#
493	1830.09	3	4	9	14	15	16	17	20	21	22	23	27	28	29	30	32	33	40	41	50	52	57	58	59	60	63	156	#
494	1818.58	7	8	15	17	18	19	21	22	23	28	29	32	35	37	39	41	43	45	47	50	56	57	59	60	61	62	156	#
495	1742.67	0	3	4	8	9	12	13	16	18	21	23	25	27	28	30	31	32	33	37	39	40	45	52	56	62	63	156	#
496	1737.59	0	7	9	13	14	15	17	22	23	28	29	30	33	35	39	40	47	49	51	52	53	55	57	59	60	61	156	#
497	1733.05	6	8	10	11	12	15	16	17	20	21	22	23	24	28	29	32	34	36	37	39	44	47	52	53	56	57	156	#
498	79.6987	55	#
499	348.389	16	40	57	59	61	157	#
500	369.592	12	16	31	49	58	157	#
501	320.231	4	15	16	21	40	157	#
502	316.399	27	36	42	44	61	157	#
503	299.623	28	47	53	59	62	157	#
504	250.652	1	44	57	59	62	157	#
505	447.345	5	15	24	26	30	37	41	43	158	#
506	663.715	5	8	15	16	33	34	37	53	158	#
507	657.578	13	21	22	26	30	41	47	63	158	#
508	644.404	5	8	9	15	16	25	37	53	158	#
509	609.975	13	17	19	24	26	33	47	59	158	#
510	585.299	16	29	32	35	41	45	50	53	158	#
511	278.77	15	48	51	56	159	#
512	323.482	29	42	48	58	159	#
513	273.328	15	22	44	51	159	#
514	239.495	2	8	46	56	159	#
515	211.14	3	34	51	58	159	#
516	226.556	3	12	24	160	#
517	284.508	12	20	58	160	#
518	168.047	3	14	34	160	#
519	27.2166	9	24	58	160	#
520	1719.17	2	5	6	7	8	10	16	17	18	26	28	29	30	32	34	35	36	37	38	39	41	43	44	51	52	53	57	62	161	#
521	2095.82	7	8	9	11	12	14	18	19	20	24	26	27	29	30	31	37	41	42	43	44	47	48	50	51	53	57	60	63	161	#
522	2037.17	3	4	7	8	11	13	15	17	20	21	26	27	28	30	32	37	39	40	41	45	48	51	53	54	55	57	58	60	161	#
523	2032.44	0	1	3	11	12	13	15	16	20	21	22	25	27	30	34	36	37	38	39	40	41	43	44	50	51	52	57	61	161	#
524	2032.11	0	1	7	8	12	21	22	24	27	28	29	30	31	32	33	37	39	40	41	42	50	51	52	55	56	60	61	62	161	#
525	2004.87	0	3	7	8	9	11	12	13	14	15	17	19	24	30	31	32	33	35	37	41	43	47	48	51	52	53	57	58	161	#
526	930.241	2	8	14	18	19	20	23	32	34	36	39	41	43	51	52	54	56	57	60	162	#
527	1374.87	3	8	10	11	17	18	20	22	23	28	29	36	37	39	49	50	51	56	57	162	#
528	1329.56	4	5	8	10	11	15	18	19	25	28	32	37	40	42	44	53	57	59	60	162	#
529	1315.43	0	1	5	6	8	13	15	16	17	28	30	35	37	39	43	48	51	56	63	162	#
530	1252.44	1	2	3	7	8	11	12	13	14	16	24	27	31	32	33	56	57	61	63	162	#
531	1251.8	1	4	6	11	22	23	27	35	36	38	39	44	46	50	51	54	55	56	57	162	#
532	115.531	14	29	163	#
533	119.336	11	14	163	#
534	1646.88	2	3	4	8	9	12	16	18	20	21	24	25	27	33	34	37	38	44	46	49	52	54	61	63	164	#
535	1858.24	0	1	5	9	10	11	12	13	18	20	22	25	29	35	37	39	40	45	47	50	54	55	57	61	164	#
536	1777.65	3	9	14	15	16	21	22	23	24	25	27	34	35	39	42	44	45	46	49	51	54	56	61	62	164	#
537	1777.4	2	3	6	7	8	12	15	16	17	18	19	20	21	25	34	35	39	46	47	54	56	58	61	62	164	#
538	1775.63	1	5	7	9	10	11	12	16	22	23	25	26	29	34	36	39	42	52	54	55	57	58	61	63	164	#
539	1772.3	0	7	16	18	19	20	21	26	33	36	39	44	45	47	50	51	52	54	55	57	58	61	62	63	164	#
540	85.2508	29	#
541	585.722	3	4	6	15	31	32	34	36	43	62	63	165	#
542	801.775	3	4	15	29	31	35	38	39	40	62	63	165	#
543	797.844	10	20	24	38	40	43	46	52	54	55	62	165	#
544	771.329	1	3	7	8	9	15	17	37	39	43	63	165	#
545	652.037	10	16	30	31	34	40	44	47	51	55	62	165	#
546	643.224	3	4	9	15	23	25	35	46	47	50	53	165	#
547	427.499	4	20	29	42	49	166	#
548	450.454	17	42	52	55	63	166	#
549	441.96	5	12	20	49	54	166	#
550	437.868	11	30	49	53	59	166	#
551	273.284	29	35	41	56	60	166	#
552	218.376	1	4	8	26	34	166	#
553	1225.77	1	4	5	10	11	15	20	22	26	33	36	37	41	42	47	48	53	57	59	60	167	#
554	1580.01	1	7	12	14	20	24	25	27	30	31	34	42	45	47	49	50	51	54	55	58	167	#
555	1565.77	3	6	7	11	12	16	17	18	20	21	36	43	46	49	51	54	56	57	58	63	167	#
556	1527.45	3	4	6	7	14	20	21	24	28	30	32	33	34	40	43	44	52	57	58	63	167	#
557	1521.15	1	3	9	11	15	18	19	21	22	23	25	30	35	39	45	53	57	58	59	62	167	#
558	1489.42	7	9	10	12	15	18	19	21	27	30	33	38	45	47	48	50	56	57	59	61	167	#
559	1438.27	0	3	8	9	10	11	14	16	17	18	19	23	26	32	36	37	38	39	41	42	43	45	46	51	54	55	56	58	62	63	168	#
560	2146.62	1	2	7	10	14	15	16	17	18	20	22	25	26	27	28	34	35	37	40	41	45	47	48	49	54	55	57	58	61	62	168	#
561	2059.98	0	1	2	3	4	7	8	11	12	16	17	20	22	24	25	26	27	28	30	36	37	39	42	43	46	54	57	61	62	63	168	#
562	2041.98	1	9	11	12	13	15	16	17	20	24	26	27	30	33	35	37	40	42	43	44	49	50	52	55	56	57	58	59	62	63	168	#
563	1961.98	1	2	4	5	6	9	10	14	15	16	18	19	20	24	26	27	28	32	43	45	48	50	52	53	54	55	57	58	62	63	168	#
564	1955.37	1	2	3	5	8	14	15	18	21	22	25	26	27	30	32	35	40	41	43	45	46	48	49	50	52	53	56	58	61	63	168	#
565	326.76	4	13	22	26	31	54	169	#
566	441.337	4	7	8	23	37	59	169	#
567	420.442	7	11	22	30	34	41	169	#
568	371.447	4	5	18	19	22	26	169	#
569	357.467	31	35	41	43	47	48	169	#
570	354.799	16	26	30	34	54	60	169	#
571	134.228	25	34	56	170	#
572	130.922	2	17	25	170	#
573	129.112	34	52	171	#
574	120.573	52	63	171	#
575	64.8162	2	34	171	#
576	731.822	4	6	12	14	15	18	19	22	26	38	42	49	57	172	#
577	1080.08	6	10	13	15	18	21	28	37	44	45	50	59	63	172	#
578	797.555	4	6	7	15	17	18	26	27	33	41	52	54	62	172	#
579	781.782	4	11	14	15	21	22	27	29	33	34	40	45	63	172	#
580	725.756	6	7	8	15	17	19	20	32	38	39	43	59	60	172	#
581	705.232	3	7	8	18	24	25	27	32	33	35	36	42	57	172	#
582	294.591	22	34	35	55	173	#
583	322.444	16	55	57	58	173	#
584	281.965	3	22	33	35	173	#
585	265.711	1	14	34	59	173	#
586	178.482	8	24	35	39	173	#
587	626.162	5	7	35	47	49	51	54	174	#
588	682.686	5	6	12	16	20	47	54	174	#
589	577.474	2	7	14	15	16	45	49	174	#
590	563.38	4	11	47	48	49	52	53	174	#
591	527.157	1	13	16	23	28	35	36	174	#
592	512.701	2	9	17	19	37	49	58	174	#
593	687.776	0	7	8	14	15	19	20	38	51	55	175	#
594	942.47	6	7	20	22	23	27	28	30	47	49	175	#
595	745.696	6	7	8	16	28	35	48	50	51	54	175	#
596	679.058	12	14	15	20	23	24	30	43	46	51	175	#
597	673.354	7	15	22	23	38	41	43	46	52	57	175	#
598	642.528	0	16	31	45	46	47	54	58	59	61	175	#
599	581.121	22	23	26	27	31	33	44	59	62	63	176	#
600	757.065	1	12	16	21	26	33	39	40	42	57	176	#
601	748.719	3	22	23	27	28	30	46	51	53	63	176	#
602	729.984	7	10	21	24	26	28	37	48	61	62	176	#
603	670.84	1	4	22	26	42	44	52	59	61	63	176	#
604	639.992	7	10	22	35	37	38	44	52	57	58	176	#
605	224.417	1	9	46	53	62	177	#
606	213.056	20	47	53	56	60	177	#
607	710.652	2	8	14	15	18	21	32	35	36	54	58	63	178	#
608	823.96	6	18	19	20	25	26	30	37	39	40	58	61	178	#
609	819.776	4	10	20	21	26	28	31	40	46	52	53	57	178	#
610	814.343	2	3	15	16	28	29	35	46	50	51	58	62	178	#
611	812.326	4	10	13	35	36	41	43	44	49	51	54	61	178	#
612	811.546	4	16	18	22	29	39	44	49	54	57	60	61	178	#
613	171.11	29	37	179	#
614	103.569	37	38	179	#
615	589.603	1	9	18	19	26	39	47	59	60	62	180	#
616	786.972	1	10	15	18	25	30	31	35	52	54	180	#
617	700.438	6	7	15	20	33	35	41	43	47	60	180	#
618	700.011	2	4	14	34	35	39	45	49	52	53	180	#
619	676.573	1	3	19	23	34	36	40	45	47	52	180	#
620	660.428	3	11	18	23	34	41	47	50	55	56	180	#
621	213.576	28	37	60	181	#
622	197.432	22	28	55	181	#
623	157.537	2	37	59	181	#
624	188.818	10	35	36	182	#
625	215.456	22	33	35	182	#
626	169.343	10	16	32	182	#
627	135.155	18	36	39	182	#
628	1141.79	2	3	7	11	12	19	24	26	29	39	44	47	49	50	55	57	59	183	#
629	1326.01	0	5	7	13	14	16	18	19	20	25	29	33	41	44	47	49	54	183	#
630	1283.89	1	3	6	9	11	18	19	20	21	22	24	25	27	35	43	49	55	183	#
631	1246.07	0	3	4	5	6	7	8	9	11	13	20	25	26	29	47	54	62	183	#
632	1234.33	3	5	7	13	16	18	20	26	31	34	35	36	49	50	55	61	62	183	#
633	1137.85	0	2	15	19	22	25	27	29	33	43	46	48	49	54	57	59	61	183	#
634	752.547	7	8	13	32	36	39	41	48	49	53	60	184	#
635	825.828	2	6	8	11	13	20	23	29	37	48	57	184	#
636	809.12	2	3	4	7	8	16	21	28	32	53	56	184	#
637	782.743	5	7	13	16	17	22	39	40	49	57	63	184	#
638	758.217	3	16	20	31	37	38	41	45	48	53	62	184	#
639	727.598	1	10	26	28	39	40	45	49	50	53	62	184	#
640	614.832	6	12	18	33	35	47	49	50	57	185	#
641	743.76	6	13	15	18	30	45	57	58	60	185	#
642	694.479	3	23	28	34	45	49	56	59	62	185	#
643	555.939	1	12	13	23	31	32	38	56	57	185	#
644	513.187	9	16	18	24	31	37	39	44	57	185	#
645	482.441	7	15	17	19	25	31	32	35	60	185	#
646	688.306	2	5	15	17	21	24	38	40	47	48	62	186	#
647	987.767	1	9	12	13	35	40	47	52	54	55	58	186	#
648	985.728	10	15	18	22	27	29	30	33	40	55	59	186	#
649	955.422	30	32	35	37	38	40	44	46	54	55	59	186	#
650	933.78	8	30	33	35	37	38	52	55	59	60	62	186	#
651	891.62	2	21	26	37	38	42	44	45	47	55	63	186	#
652	488.111	7	13	25	28	35	187	#
653	446.015	7	17	29	35	53	187	#
654	378.593	7	10	49	54	60	187	#
655	376.584	13	28	29	31	56	187	#
656	348.57	8	28	46	56	60	187	#
657	304.133	2	17	25	55	62	187	#
658	2447.14	2	3	5	6	7	8	9	10	11	12	13	14	15	16	17	18	19	21	22	23	24	25	26	28	30	32	33	34	35	36	37	38	40	42	43	44	47	48	49	50	51	53	57	58	60	188	#
659	2721.14	3	4	5	8	9	10	11	12	13	14	15	16	17	18	19	20	22	23	24	25	26	27	28	30	31	33	35	37	38	39	40	42	44	45	46	47	49	51	52	53	56	57	58	59	62	188	#
660	2711.79	0	1	3	4	6	7	8	9	10	11	12	13	15	16	17	18	19	20	22	27	28	30	31	32	33	34	35	36	37	38	39	42	46	47	49	50	51	52	53	55	56	57	58	61	62	188	#
661	2655.93	1	2	5	7	8	9	10	11	13	14	15	16	18	19	24	25	26	27	28	29	31	34	35	37	38	39	40	41	42	43	44	45	46	47	48	49	50	51	52	53	55	56	58	61	63	188	#
662	2651.51	0	1	2	3	4	6	7	8	9	10	11	13	14	15	16	17	18	19	24	25	27	28	29	34	35	37	39	40	41	42	43	45	46	48	49	50	51	52	53	55	56	57	58	61	63	188	#
663	2610.72	0	1	2	3	5	6	9	10	11	12	13	14	15	16	17	18	20	24	25	26	28	30	31	33	35	37	38	39	41	42	43	44	45	46	47	48	49	50	51	52	53	56	59	62	63	188	#
664	529.903	6	8	15	32	33	48	50	56	189	#
665	621.169	8	11	12	15	34	37	41	62	189	#
666	596.304	1	6	29	38	40	53	55	59	189	#
667	544.277	1	6	22	30	32	33	34	44	189	#
668	523.128	3	25	35	50	51	52	53	57	189	#
669	484.6	15	36	38	42	43	51	52	61	189	#
670	74.2052	1	26	44	190	#
671	108.634	5	18	26	190	#
672	274.378	2	6	10	20	21	191	#
673	368.609	2	5	28	49	57	191	#
674	348.69	15	20	29	35	55	191	#
675	345.12	5	10	24	25	60	191	#
676	290.434	6	9	15	35	53	191	#
677	216.822	21	34	36	47	58	191	#
678	1073.23	10	14	20	24	25	27	28	30	31	35	37	38	41	47	54	192	#
679	1149.63	3	5	7	10	11	20	22	25	31	39	40	47	48	54	58	192	#
680	1134.4	3	7	19	27	28	29	33	36	37	45	46	51	52	53	54	192	#
681	1110.14	2	3	5	11	19	20	28	29	30	48	50	56	59	62	63	192	#
682	1105.07	4	7	21	25	26	28	31	33	39	40	41	52	53	54	58	192	#
683	1093.87	0	3	5	11	12	14	26	29	31	33	40	42	47	51	59	192	#
684	654.365	4	11	40	54	56	61	63	193	#
685	627.675	3	5	7	17	56	61	63	193	#
686	563.896	1	5	6	21	45	54	61	193	#
687	545.352	7	11	13	19	24	31	58	193	#
688	529.841	0	9	18	26	38	55	63	193	#
689	466.719	1	4	13	16	24	29	50	193	#
690	1720.87	0	3	4	5	7	8	10	11	12	15	19	20	27	28	32	33	34	44	46	50	54	55	56	58	61	62	194	#
691	1785.43	0	1	2	4	8	12	13	20	21	28	29	30	33	39	44	47	50	52	53	54	55	57	59	60	61	63	194	#
692	1757.24	0	1	2	4	5	6	8	11	12	13	15	16	20	22	29	30	32	33	35	39	40	42	44	53	54	63	194	#
693	1741.54	0	1	3	5	6	7	8	10	14	18	20	21	22	23	25	27	28	37	38	41	42	44	52	54	57	60	194	#
694	1678.97	1	3	5	7	8	9	10	11	13	15	17	19	21	22	27	29	30	33	39	40	47	48	49	52	55	56	194	#
695	1668.77	0	2	5	8	9	10	11	14	18	21	24	27	28	29	32	35	37	41	42	45	47	51	53	54	55	61	194	#
696	1233.08	5	9	11	13	14	28	31	38	44	49	50	51	53	54	56	57	59	195	#
697	1284.63	1	5	15	16	18	20	22	23	26	35	38	39	42	50	51	57	63	195	#
698	1267.46	4	8	9	15	19	20	23	30	39	42	44	50	55	57	59	60	63	195	#
699	1193.05	2	4	15	16	19	22	23	27	30	32	40	48	51	53	54	57	58	195	#
700	1165.58	3	5	12	19	20	23	28	36	37	38	40	45	51	52	53	54	60	195	#
701	1148.2	8	9	10	15	16	19	25	30	33	35	37	39	43	45	52	53	60	195	#
702	628.981	0	2	9	17	18	24	29	31	34	39	40	46	47	50	51	60	196	#
703	937.222	9	16	18	22	26	27	32	34	41	45	46	52	54	55	57	60	196	#
704	930.696	1	2	4	5	7	9	10	19	20	21	23	24	43	53	54	62	196	#
705	873.886	2	3	4	6	9	21	22	25	27	29	32	34	39	41	49	53	196	#
706	844.832	1	8	9	17	19	21	23	28	33	34	37	42	45	48	51	55	196	#
707	837.59	0	2	4	7	10	18	23	26	31	35	46	49	55	56	57	63	196	#
708	146.013	4	8	197	#
709	152.316	1	8	197	#
710	56.9706	4	56	197	#
711	143.824	33	49	198	#
712	123.616	31	49	198	#
713	93.1242	33	45	198	#
714	228.704	26	33	59	199	#
715	334.883	17	33	42	199	#
716	185.307	0	8	26	199	#
717	172.377	39	59	62	199	#
718	1229.31	2	5	11	13	15	17	26	30	34	35	36	38	41	42	45	49	52	53	59	61	200	#
719	1526.37	5	6	11	12	15	17	25	31	33	35	37	39	40	41	42	45	48	59	62	63	200	#
720	1350.74	0	1	5	10	12	13	15	16	19	22	24	27	28	33	37	40	50	53	59	60	200	#
721	1275.7	2	4	5	6	7	10	12	14	18	21	24	34	36	37	40	46	52	59	60	62	200	#
722	1247.96	1	5	6	9	11	12	16	18	19	22	23	26	29	35	39	41	48	49	51	56	200	#
723	1225.59	0	4	6	12	15	17	21	22	27	35	38	44	46	49	51	52	56	59	61	63	200	#
724	830.586	15	16	18	19	20	29	31	35	40	47	50	53	61	63	201	#
725	1032.49	0	3	7	10	23	27	30	37	40	48	53	55	59	63	201	#
726	1011.85	7	10	19	25	28	29	30	40	42	52	56	58	59	62	201	#
727	1008.57	0	1	7	10	11	13	18	20	28	31	40	42	46	47	201	#
728	996.125	3	5	7	8	12	20	29	30	31	37	43	49	57	60	201	#
729	942.767	3	5	6	13	15	16	17	20	22	31	37	45	48	54	201	#
730	301.496	0	4	46	51	54	202	#
731	389.333	16	31	32	39	54	202	#
732	374.554	0	4	6	54	55	202	#
733	285.286	39	46	57	58	61	202	#
734	265.804	0	13	17	32	43	202	#
735	222.018	12	36	51	52	57	202	#
736	452.929	5	7	26	45	57	60	203	#
737	473.505	0	13	26	52	53	57	203	#
738	456.278	10	12	45	51	52	59	203	#
739	349.373	5	27	28	33	36	58	203	#
740	340.191	15	22	26	59	60	61	203	#
741	330.99	1	31	35	42	48	60	203	#
742	733.339	9	12	13	16	17	23	25	27	34	38	57	58	63	204	#
743	1099.3	6	9	12	13	16	17	30	35	41	43	52	56	59	204	#
744	978.197	2	13	16	28	31	38	41	52	53	55	56	57	58	204	#
745	892.908	1	7	12	14	28	34	35	36	39	43	52	56	59	204	#
746	845.367	2	10	14	22	23	25	28	35	37	43	49	50	63	204	#
747	822.396	5	9	16	17	22	28	46	50	53	57	60	62	63	204	#
748	349.101	12	17	39	52	62	205	#
749	456.183	1	3	12	17	20	205	#
750	358.092	4	17	42	61	62	205	#
751	286.167	14	25	36	39	47	205	#
752	279.57	3	17	28	33	34	205	#
753	204.984	32	33	43	52	60	205	#
754	296.633	3	13	57	58	206	#
755	272.804	30	34	51	58	206	#
756	267.033	3	32	56	61	206	#
757	264.02	7	50	53	57	206	#
758	179.966	13	31	32	39	206	#
759	923.969	12	17	21	28	30	32	35	39	44	59	60	61	207	#
760	858.247	10	15	17	21	24	26	37	38	39	40	59	61	207	#
761	850.131	2	6	19	20	21	27	34	39	40	58	62	63	207	#
762	820.191	9	17	26	30	35	37	40	43	48	55	58	62	207	#
763	814.147	4	8	27	28	35	37	41	48	53	57	59	60	207	#
764	783.196	4	10	19	21	26	28	30	32	33	43	45	47	207	#
765	322.732	0	19	35	41	43	208	#
766	378.459	7	8	16	26	35	208	#
767	282.449	0	10	15	35	48	208	#
768	251.01	16	38	39	41	58	208	#
769	233.194	1	8	19	34	56	208	#
770	159.524	1	28	36	43	58	208	#
771	130.43	22	41	50	56	209	#
772	69.8893	0	14	49	56	209	#
773	976.293	2	4	7	20	28	29	30	32	34	38	43	46	51	52	56	58	62	210	#
774	1309.22	1	2	3	6	19	20	22	24	29	35	40	42	47	49	52	57	59	210	#
775	1241.05	2	3	6	7	8	16	21	28	30	33	45	46	52	55	57	60	63	210	#
776	1227.4	1	6	7	12	21	24	27	38	41	42	48	49	51	55	57	58	62	210	#
777	1213.13	0	7	13	18	20	29	30	43	45	47	48	51	52	56	58	62	63	210	#
778	1161.9	1	2	4	6	7	11	20	22	23	25	27	29	36	42	47	50	58	210	#
779	377.071	11	18	23	31	50	211	#
780	424.671	11	23	28	41	50	211	#
781	395.992	7	12	23	29	44	211	#
782	322.09	3	18	25	37	58	211	#
783	306.005	3	11	14	18	62	211	#
784	302.553	8	31	32	40	53	211	#
785	2435.74	0	1	2	5	8	9	10	11	13	15	16	17	18	20	21	24	25	26	27	28	29	30	32	33	36	37	39	41	43	44	45	48	49	50	51	53	54	56	58	60	61	212	#
786	2568.49	5	6	7	8	11	13	14	15	16	18	20	21	22	23	24	25	26	27	28	30	31	32	33	34	35	39	40	43	44	46	48	49	50	51	52	55	56	57	58	61	63	212	#
787	2563.71	1	3	4	5	6	7	8	10	11	13	15	17	19	20	21	23	25	26	30	34	35	37	38	39	40	41	43	44	45	49	50	51	52	53	54	55	57	59	60	61	63	212	#
788	2532.28	0	1	2	3	4	6	8	11	12	13	14	15	16	20	21	22	25	26	27	28	34	35	36	38	39	40	41	42	43	44	45	49	50	51	52	54	55	56	58	59	61	212	#
789	2516.07	0	1	2	5	7	8	10	11	12	13	14	16	17	19	20	21	22	24	25	26	29	32	33	34	35	36	39	40	43	44	45	50	51	54	55	56	57	58	59	61	63	212	#
790	2482.53	0	1	2	4	5	7	8	10	12	15	16	19	20	21	22	23	24	25	26	29	30	32	33	35	38	39	40	41	43	44	45	47	49	51	53	54	55	58	59	61	63	212	#
791	1149.21	1	6	8	10	15	34	37	40	44	48	49	51	54	55	56	58	60	61	213	#
792	1338.12	1	2	4	7	8	9	10	15	16	22	28	31	39	49	51	53	54	57	213	#
793	1315.22	8	9	10	11	12	13	16	18	23	31	37	39	40	45	51	53	54	57	213	#
794	1311.69	0	6	8	11	12	15	20	32	35	40	44	45	47	49	53	55	60	63	213	#
795	1294.19	0	4	8	11	12	15	16	20	24	25	32	33	44	55	56	57	58	61	213	#
796	1281.4	0	2	4	6	8	10	15	20	21	25	34	39	43	44	53	58	62	63	213	#
797	2096.37	0	3	4	5	7	9	14	16	17	21	23	24	25	26	27	28	29	31	32	33	35	38	39	40	41	43	47	49	50	52	55	56	57	58	59	60	61	63	214	#
798	2695.76	1	4	6	7	8	10	11	13	14	17	19	20	21	22	23	25	26	27	28	29	30	31	35	40	42	43	46	47	48	49	52	53	55	56	57	58	61	62	214	#
799	2661.16	0	3	4	6	7	8	10	11	12	13	14	16	17	19	22	23	25	27	28	29	30	31	33	36	37	40	42	43	45	47	49	52	53	55	56	57	60	61	214	#
800	2599.9	0	3	4	5	6	7	8	9	12	14	16	19	20	22	23	27	28	29	30	31	35	36	37	38	41	43	44	47	48	49	52	53	55	56	57	61	62	63	214	#
801	2591.3	2	4	5	6	7	8	10	12	13	14	16	21	23	25	27	28	29	31	35	38	40	43	45	46	47	48	49	50	51	52	53	54	55	56	57	58	59	63	214	#
802	2560.37	3	4	5	6	8	10	14	16	18	19	20	21	22	23	24	26	27	28	29	30	35	37	39	40	41	43	46	49	50	52	53	54	56	59	60	61	62	63	214	#
803	326.471	51	54	59	215	#
804	265.757	12	55	59	215	#
805	243.649	10	20	54	215	#
806	212.544	44	45	51	215	#
807	771.619	9	13	16	17	22	30	31	52	63	216	#
808	882.044	7	16	20	28	30	45	52	54	63	216	#
809	875.554	15	16	20	21	22	36	47	54	61	216	#
810	833.431	16	17	19	21	30	34	37	49	62	216	#
811	819.233	4	9	17	21	40	49	52	53	54	216	#
812	728.326	7	16	19	29	34	35	39	56	63	216	#
813	406.081	6	14	34	38	50	61	217	#
814	470.861	14	33	41	45	49	56	217	#
815	400.984	0	5	6	11	14	22	217	#
816	316.667	1	2	45	48	52	61	217	#
817	290.797	17	30	44	50	56	60	217	#
818	287.378	24	33	34	48	52	57	217	#
819	320.773	9	19	25	57	218	#
820	351.003	25	35	43	49	218	#
821	324.956	3	8	9	61	218	#
822	260.355	5	18	19	25	218	#
823	257.077	6	21	32	57	218	#
824	524.462	0	15	30	35	40	54	219	#
825	522.925	15	20	21	30	52	59	219	#
826	509.169	13	15	16	34	37	40	219	#
827	452.063	15	28	30	35	38	45	219	#
828	433.374	2	15	17	27	43	62	219	#
829	429.702	12	25	35	46	54	62	219	#
830	658.226	8	13	20	26	30	42	51	59	62	220	#
831	650.441	6	13	27	32	38	51	52	54	63	220	#
832	633.684	1	9	15	25	53	54	56	59	62	220	#
833	607.311	1	17	19	21	30	35	41	48	49	220	#
834	603.267	29	36	38	39	42	45	48	52	63	220	#
835	555.076	10	17	21	24	26	27	43	45	48	220	#
836	810.41	0	2	7	10	11	14	16	17	24	25	39	55	56	58	221	#
837	1014.67	5	6	7	16	30	32	34	36	37	42	55	56	58	60	221	#
838	985.127	0	7	8	10	11	16	17	19	20	23	31	35	52	55	221	#
839	949.73	1	2	7	19	20	25	35	38	40	47	55	56	57	62	221	#
840	928.316	2	7	11	13	17	18	19	26	36	37	39	45	51	63	221	#
841	921.44	3	7	11	13	23	25	30	32	42	45	48	49	53	55	221	#
842	78.9551	24	25	26	43	62	222	#
843	112.964	8	26	35	43	56	222	#
844	43.7507	14	#
845	81.5048	4	39	56	223	#
846	88.4469	1	4	21	223	#
847	1220.4	5	6	7	8	11	14	16	24	30	32	39	41	43	44	45	49	50	55	59	60	224	#
848	1465.1	3	5	7	8	12	13	15	17	23	25	36	37	38	42	44	49	53	54	57	58	224	#
849	1393.67	4	5	11	12	16	17	20	23	24	27	35	39	40	43	47	49	51	53	56	57	224	#
850	1305.58	1	7	8	16	17	24	25	30	33	34	39	42	43	46	48	49	53	56	59	60	224	#
851	1296.5	4	5	11	16	18	19	20	22	23	27	28	37	41	43	44	47	48	51	59	62	224	#
852	1287.73	2	6	7	8	12	13	14	16	23	28	32	39	40	41	43	48	49	56	58	63	224	#
853	1047.89	0	1	3	4	5	6	13	18	26	30	43	54	55	57	61	225	#
854	1072.56	0	12	21	29	30	32	37	39	45	51	53	55	56	57	62	225	#
855	1052.54	0	4	5	6	8	12	13	26	31	36	39	44	47	50	57	225	#
856	1026.18	1	5	7	9	11	16	20	22	30	34	39	53	54	58	59	225	#
857	991.94	2	5	9	11	12	15	22	23	28	30	33	46	54	55	61	225	#
858	978.939	0	6	8	9	16	18	19	31	33	39	42	44	51	55	56	225	#
859	608.209	0	2	3	4	8	16	26	33	37	226	#
860	822.237	4	7	8	16	29	33	40	42	52	226	#
861	733.48	0	9	13	24	29	33	47	62	63	226	#
862	730.771	2	19	20	23	27	29	37	45	52	226	#
863	633.633	8	13	16	22	23	26	40	45	60	226	#
864	606.992	5	8	12	15	24	26	49	52	56	226	#
865	948.969	2	5	6	7	16	17	35	36	46	47	48	49	63	227	#
866	1146.09	5	10	16	17	20	26	30	37	41	47	49	55	63	227	#
867	1076.43	5	7	12	16	19	20	22	33	36	40	49	56	61	227	#
868	1033.28	6	7	10	17	23	28	36	39	42	52	55	61	63	227	#
869	1021.42	2	7	9	10	21	32	40	42	47	49	54	55	61	227	#
870	1015.97	3	15	16	23	25	29	42	43	47	49	55	57	63	227	#
871	801.664	2	6	7	14	15	16	17	18	21	33	34	36	39	42	58	62	228	#
872	1104.4	2	4	6	8	10	22	25	31	32	38	39	41	50	52	53	59	228	#
873	1102.99	2	6	7	14	17	21	26	27	30	35	36	39	47	48	52	60	228	#
874	1044.36	1	3	13	20	21	22	31	32	33	34	41	43	47	54	59	61	228	#
875	1037.79	13	17	23	29	30	35	37	39	42	45	52	54	55	56	58	61	228	#
876	1000.84	2	14	20	22	24	27	28	31	32	34	39	41	43	50	56	61	228	#
877	137.017	16	32	229	#
878	140.185	16	57	229	#
879	302.286	36	50	57	59	230	#
880	341.83	38	46	50	57	230	#
881	276.307	6	20	26	50	230	#
882	198.948	14	27	36	44	230	#
883	185.19	14	39	59	60	230	#
884	483.768	0	12	23	29	34	49	51	59	231	#
885	701.323	5	7	10	18	21	36	37	51	231	#
886	679.711	5	8	15	37	48	49	59	60	231	#
887	567.305	11	22	23	35	36	37	53	60	231	#
888	566.949	18	37	39	41	43	47	49	57	231	#
889	529.76	2	12	18	21	35	39	43	56	231	#
890	657.217	1	15	22	30	33	34	41	46	47	48	49	51	53	232	#
891	983.197	0	1	6	11	15	17	20	47	55	57	59	62	63	232	#
892	948.244	7	8	12	24	33	35	36	37	40	53	57	58	61	232	#
893	810.227	0	2	11	15	28	31	36	44	46	47	53	56	57	232	#
894	732.049	7	8	12	14	19	23	37	39	43	48	51	59	62	232	#
895	728.772	6	8	16	19	22	24	26	37	38	43	51	53	62	232	#
896	197.256	19	26	45	49	233	#
897	221.523	23	29	33	49	233	#
898	1317.9	0	3	7	9	12	16	18	21	23	28	30	32	34	35	36	40	43	48	54	55	57	58	60	63	234	#
899	1689.64	1	4	5	6	7	8	9	14	18	20	21	26	29	37	39	40	41	42	45	47	55	56	57	58	234	#
900	1658.67	2	5	7	9	10	11	15	17	18	23	25	29	31	40	41	45	49	50	53	54	57	59	62	63	234	#
901	1646.42	0	1	2	5	7	8	9	10	11	16	19	25	26	33	40	42	43	44	46	50	52	57	58	63	234	#
902	1620.16	1	8	13	15	17	18	19	23	25	27	33	34	35	37	39	40	46	47	49	55	57	58	61	62	234	#
903	1608.47	1	5	7	8	9	11	15	19	20	23	24	26	30	31	36	37	40	41	42	44	49	53	54	57	234	#
904	535.871	5	28	30	33	34	41	45	57	235	#
905	593.711	5	7	16	27	33	47	50	57	235	#
906	531.199	8	13	21	25	26	33	37	55	235	#
907	497.417	6	10	16	32	41	44	49	50	235	#
908	489.715	2	22	28	29	33	40	41	57	235	#
909	485.335	3	16	25	32	34	37	43	45	235	#
910	329.913	16	30	35	50	236	#
911	421.599	16	23	25	42	236	#
912	249.627	5	8	35	43	236	#
913	200.701	5	50	59	60	236	#
914	181.243	30	31	44	59	236	#
915	1684.11	3	5	6	7	9	12	16	20	24	26	27	30	33	42	43	44	45	46	49	52	53	55	57	59	237	#
916	1665.77	2	5	6	11	12	13	20	22	29	30	32	33	35	37	38	42	43	44	45	49	51	52	61	62	237	#
917	1651.44	1	2	5	12	13	15	16	17	20	22	23	24	25	29	30	39	41	44	45	46	50	52	53	61	237	#
918	1648.98	2	6	7	10	13	16	18	20	22	23	24	25	26	29	33	35	38	40	41	45	46	50	52	61	237	#
919	1634.8	0	1	3	6	7	11	12	18	20	21	24	28	29	39	40	41	42	47	49	50	53	56	57	60	237	#
920	1605.11	1	3	8	11	12	13	16	19	20	21	29	30	31	32	33	35	43	45	49	52	53	54	56	60	237	#
921	437.367	0	3	43	44	46	50	60	61	63	238	#
922	645.563	2	20	26	30	32	35	43	49	55	238	#
923	630.479	3	9	22	28	44	47	49	51	60	238	#
924	597.296	4	9	12	18	26	54	58	60	61	238	#
925	580.802	0	2	3	9	11	19	20	51	54	238	#
926	563.294	0	1	13	14	30	47	49	55	56	238	#
927	143.586	2	25	33	239	#
928	160.04	29	33	39	239	#
929	139.094	25	39	44	239	#
930	1121.44	1	7	8	10	26	28	29	30	41	47	48	50	58	59	60	62	63	240	#
931	1248.48	5	10	21	23	29	30	32	39	41	42	48	50	52	54	56	58	60	240	#
932	1197.87	1	3	5	7	14	17	20	21	22	30	36	37	38	42	47	55	58	240	#
933	1196.98	2	5	6	14	19	21	22	26	32	37	42	44	47	49	52	53	54	240	#
934	1184.02	0	5	9	12	13	18	20	24	25	27	32	40	41	52	55	58	61	240	#
935	1178.54	0	2	3	5	13	14	17	20	28	29	30	31	37	41	49	53	59	240	#
936	302.475	18	29	42	46	241	#
937	311.462	3	29	40	54	241	#
938	229.187	18	39	53	59	241	#
939	186.188	4	19	38	42	241	#
940	171.491	24	29	43	46	241	#
941	442.06	4	8	15	21	37	51	242	#
942	413.573	8	9	11	12	35	41	242	#
943	380.896	1	4	6	8	35	58	242	#
944	375.315	20	37	44	47	50	54	242	#
945	309.435	3	4	21	24	34	48	242	#
946	296.586	4	8	15	26	38	44	242	#
947	192.026	24	35	57	60	243	#
948	278.439	14	22	35	63	243	#
949	155.016	0	16	44	60	243	#
950	85.9589	24	25	43	47	243	#
951	188.016	23	48	57	244	#
952	205.8	48	52	54	244	#
953	181.902	11	23	54	244	#
954	1082.23	5	7	9	12	13	15	18	22	34	36	38	44	48	50	57	59	245	#
955	1336.07	1	6	9	11	12	13	28	35	37	41	49	52	55	56	59	60	245	#
956	1323.14	2	4	7	9	15	19	24	27	28	29	30	44	52	58	59	61	245	#
957	1268	1	12	13	18	19	20	22	25	28	33	35	40	45	50	58	59	245	#
958	1253.84	15	17	20	24	28	34	40	47	49	50	51	53	54	57	59	62	245	#
959	1150.02	1	2	5	15	19	28	31	33	35	38	42	48	51	52	53	54	245	#
960	365.88	22	28	33	42	57	246	#
961	440.002	18	21	23	44	57	246	#
962	397.115	2	22	29	30	37	246	#
963	336.388	11	18	42	44	54	246	#
964	287.559	15	22	33	39	45	246	#
965	260.504	22	28	47	48	50	246	#
966	65.4686	41	#
967	590.8	0	8	9	12	18	23	29	31	32	47	53	55	61	247	#
968	885.278	4	6	14	17	20	26	35	41	42	48	52	57	61	247	#
969	830.126	5	11	13	25	28	30	37	39	48	50	51	53	56	247	#
970	793.109	4	10	17	21	23	25	32	33	41	45	47	57	63	247	#
971	736.972	1	3	4	8	9	10	15	17	23	32	51	52	58	247	#
972	696.317	7	10	22	23	25	29	47	52	56	58	60	61	62	247	#
973	1388.25	0	3	7	11	13	14	15	16	17	23	26	28	30	31	32	38	45	46	49	51	57	61	248	#
974	1616.32	5	6	9	13	14	20	24	27	29	30	34	39	41	43	45	50	52	53	57	61	62	63	248	#
975	1506.41	0	2	12	13	15	16	23	28	29	31	32	38	39	41	46	49	52	53	55	56	57	58	248	#
976	1452.46	1	2	12	16	19	20	21	23	34	36	37	40	41	43	45	46	49	54	55	57	58	62	248	#
977	1396.05	0	1	4	5	8	13	23	24	26	27	28	39	41	44	45	48	50	51	53	58	62	63	248	#
978	1389.2	1	2	9	13	19	26	29	34	35	37	38	40	42	46	48	49	52	53	57	58	61	62	248	#
979	782.685	3	15	21	31	33	36	41	42	46	49	52	53	54	61	249	#
980	958.747	2	3	7	11	27	30	35	36	39	47	49	50	51	53	249	#
981	949.097	1	3	8	9	12	16	29	38	44	46	55	58	59	62	249	#
982	926.658	3	5	9	19	24	27	37	42	45	46	52	55	62	63	249	#
983	907.946	1	8	12	15	18	24	26	38	41	42	46	50	55	60	249	#
984	897.485	3	13	15	18	19	23	24	25	39	40	43	45	54	60	249	#
985	797.266	7	8	9	21	26	42	48	49	52	58	61	63	250	#
986	979.344	3	12	14	15	18	21	27	31	35	42	47	52	250	#
987	954.536	0	1	5	16	17	18	20	36	39	42	47	61	250	#
988	862.009	8	10	18	24	26	30	32	36	44	45	48	57	250	#
989	794.506	4	6	7	10	14	17	26	36	47	54	57	59	250	#
990	764.965	6	8	13	18	25	34	35	39	43	44	48	49	250	#
991	69.1561	51	#
992	195.486	23	45	251	#
993	208.302	25	45	251	#
994	167.668	23	39	251	#
995	291.338	4	15	19	46	53	252	#
996	352.287	6	11	15	21	24	252	#
997	329.892	5	46	47	52	62	252	#
998	246.275	14	36	46	53	59	252	#
999	219.064	4	29	32	57	60	252	#
1000	139.02	4	6	19	26	38	252	#
