%% File generated by CATS v.2.1Wed Jun 22 10:37:23 2022

%% The CATS webpage is http://robotics.stanford.edu/CATS

%% PARAMETER SETTINGS:
% Goods: 64; Bids: 1000; Distribution: arbitrary; Runs: 1; Seed: 1656572370
% Arbitrary Distribution Parameters:
% Max Substitutable Bids = 5
% Removing HV Neighbor   = 0.1
% Adding DIAG Neighbor   = 0.2
% Additional Location    = 0.9
% Additivity             = 0.2
% Budget Factor          = 1.5
% Resale Factor          = 0.5
% Normal Private Value:
%   Mean                 = 0
%   Standard Deviation   = 30



goods 64
bids 1005
dummy 192

0	480.194	5	9	10	32	37	61	64	#
1	559.102	9	37	38	49	59	62	64	#
2	429.461	2	9	17	46	51	53	64	#
3	417.653	5	10	11	14	32	54	64	#
4	369.271	19	21	27	49	57	61	64	#
5	368.523	10	12	21	27	36	45	64	#
6	423.089	7	18	28	46	56	65	#
7	421.039	11	20	46	48	56	65	#
8	399.33	5	7	8	40	53	65	#
9	363.101	35	42	56	60	63	65	#
10	344.701	18	31	46	50	53	65	#
11	299.814	7	28	36	39	54	65	#
12	1491.52	1	3	8	9	13	14	16	17	18	19	21	23	28	29	30	37	45	46	49	55	57	62	66	#
13	1504.5	0	1	2	5	7	12	18	19	20	23	26	27	28	29	44	45	47	48	49	54	56	57	66	#
14	1450.58	0	1	2	4	5	6	9	16	18	19	23	25	29	37	42	46	50	52	53	54	55	60	66	#
15	1449.27	2	3	4	5	11	17	18	23	26	29	32	39	42	43	51	53	56	57	58	59	60	62	66	#
16	1447.08	0	3	4	6	12	13	15	16	18	21	23	26	28	36	37	39	43	46	54	57	58	60	66	#
17	1414.57	2	3	6	8	9	19	21	23	28	29	31	32	40	45	49	53	54	56	59	60	62	63	66	#
18	400.726	11	15	35	47	67	#
19	380.699	11	31	35	44	67	#
20	321.318	9	35	49	61	67	#
21	276.08	7	15	23	50	67	#
22	267.564	7	15	22	47	67	#
23	1.34865	4	19	#
24	296.778	35	46	62	63	68	#
25	358.834	46	54	61	62	68	#
26	317.596	22	31	57	62	68	#
27	263.476	0	35	44	48	68	#
28	317.936	11	21	39	48	54	69	#
29	368.587	1	28	30	37	54	69	#
30	359.214	20	29	34	35	48	69	#
31	245.904	2	17	28	39	46	69	#
32	202.132	0	1	6	9	21	69	#
33	158.764	11	12	27	41	63	69	#
34	227.562	6	27	34	37	70	#
35	297.744	2	26	34	46	70	#
36	265.812	37	43	49	51	70	#
37	192.968	6	17	28	50	70	#
38	114.932	1	8	27	36	70	#
39	162.975	0	36	71	#
40	159.241	36	38	71	#
41	91.3984	0	27	71	#
42	314.049	18	36	41	50	56	72	#
43	412.139	14	31	36	56	61	72	#
44	303.707	0	6	18	21	38	72	#
45	280.046	4	5	8	18	56	72	#
46	276.838	10	21	32	42	50	72	#
47	248.171	17	32	34	36	41	72	#
48	1008.43	1	7	8	11	14	15	22	25	27	41	47	50	53	55	57	61	73	#
49	1086.87	1	2	3	4	7	11	19	20	23	31	46	53	57	60	61	62	73	#
50	954.886	8	14	18	20	21	24	26	28	30	36	46	53	55	56	57	61	73	#
51	917.458	9	25	27	28	29	37	38	43	44	45	46	47	53	55	56	61	73	#
52	903.123	5	10	13	14	16	22	29	32	33	36	40	43	54	55	61	62	73	#
53	893.375	2	8	10	14	20	22	24	26	29	30	31	43	46	53	56	58	73	#
54	2180.61	0	1	4	9	10	11	12	13	15	16	17	20	21	22	23	24	25	26	28	29	31	34	38	39	40	43	44	45	47	49	52	54	55	56	57	58	60	61	62	63	74	#
55	2452.81	2	3	5	6	8	10	11	13	15	16	17	18	19	20	21	23	24	25	26	28	29	31	32	37	38	40	41	45	46	48	50	51	52	55	56	57	59	60	62	63	74	#
56	2421.47	0	1	2	3	8	10	11	12	13	14	15	16	18	19	20	21	23	26	27	29	31	35	37	40	41	42	43	44	45	46	50	52	54	55	56	57	58	61	62	63	74	#
57	2393.4	1	2	3	4	6	9	12	13	14	15	16	19	20	21	22	24	25	26	28	29	31	35	36	37	38	39	40	42	43	44	45	46	49	50	53	55	57	58	61	62	74	#
58	2382.48	2	3	6	10	11	13	15	16	17	18	19	21	24	26	28	29	31	32	36	37	38	40	41	42	43	44	48	49	50	51	52	53	55	56	57	58	59	60	61	62	74	#
59	2356.42	1	2	3	6	8	9	10	11	12	13	14	15	16	17	19	20	21	23	25	26	31	32	34	36	37	38	39	40	43	44	45	50	51	52	56	57	59	60	61	62	74	#
60	259.096	11	31	41	63	75	#
61	294.905	29	31	43	59	75	#
62	261.611	6	11	43	50	75	#
63	244.711	21	25	37	41	75	#
64	177.933	28	29	32	63	75	#
65	222.897	29	30	76	#
66	176.294	30	53	76	#
67	114.382	29	52	76	#
68	122.789	18	43	49	55	#
69	270.953	18	28	32	37	50	58	77	#
70	395.665	4	24	32	37	41	43	77	#
71	337.413	2	16	21	27	53	58	77	#
72	313.475	7	18	19	21	33	59	77	#
73	201.002	8	25	28	29	55	59	77	#
74	66.5007	54	#
75	1299.96	2	4	5	6	14	16	17	18	22	24	27	32	34	42	46	51	52	58	59	60	61	78	#
76	1628.37	0	2	6	7	17	20	32	33	35	42	43	44	46	48	49	51	56	57	58	60	61	78	#
77	1501.52	2	6	11	13	17	22	32	35	38	40	42	45	46	47	48	50	51	53	58	59	60	78	#
78	1457.72	0	2	5	13	14	17	20	21	22	28	32	45	46	48	53	54	55	56	57	60	63	78	#
79	1454.54	4	5	7	14	15	20	22	23	31	32	35	36	38	40	42	45	46	50	51	54	63	78	#
80	1438.82	2	16	17	20	22	26	27	31	32	33	35	36	40	43	46	48	49	52	56	58	60	78	#
81	392.842	14	16	26	34	44	53	57	60	79	#
82	561.805	0	14	18	23	28	35	44	61	79	#
83	532.468	5	6	7	13	19	31	50	57	79	#
84	478.327	2	8	15	24	27	34	39	61	79	#
85	438.318	6	11	18	26	32	33	50	53	79	#
86	265.954	5	7	10	11	16	31	33	42	79	#
87	158.383	8	33	80	#
88	80.7485	5	33	80	#
89	76.4151	4	8	80	#
90	1119.02	1	4	6	7	9	12	14	15	16	17	18	20	28	30	33	36	38	43	47	48	50	51	54	56	57	60	63	81	#
91	1585.58	4	5	8	11	12	13	14	16	17	19	25	26	27	28	29	30	32	37	44	46	47	49	51	55	57	62	63	81	#
92	1553.75	0	1	4	5	6	7	10	11	12	13	14	16	22	23	25	32	33	36	37	41	43	44	50	54	56	62	63	81	#
93	1536.64	1	3	5	6	9	11	12	14	15	17	18	27	32	35	36	37	40	41	43	44	48	51	52	54	55	57	61	81	#
94	1515.9	0	1	3	5	7	10	13	14	15	22	23	25	28	29	30	34	35	37	49	50	53	55	56	57	59	60	61	81	#
95	1510.09	0	1	4	9	11	12	18	20	25	26	29	32	41	43	45	47	48	49	51	52	54	55	57	59	61	62	63	81	#
96	143.526	32	58	82	#
97	99.9052	20	32	82	#
98	209.088	11	23	42	83	#
99	232.512	10	23	52	83	#
100	223.081	9	32	42	83	#
101	172.835	11	18	40	83	#
102	925.907	0	2	11	29	31	32	35	36	48	51	52	84	#
103	1037.77	8	11	14	20	23	32	36	40	51	52	56	84	#
104	840.523	1	23	24	29	32	37	39	40	46	52	54	84	#
105	762.786	3	4	5	16	20	31	32	33	35	37	44	84	#
106	739.472	0	5	11	28	32	35	36	39	49	55	62	84	#
107	732.963	3	10	18	23	25	26	30	31	35	48	49	84	#
108	277.533	31	32	44	46	58	85	#
109	305.829	31	45	51	56	58	85	#
110	283.676	12	25	44	54	57	85	#
111	271.5	22	26	33	46	48	85	#
112	267.906	15	27	31	41	48	85	#
113	214.771	2	6	32	41	60	85	#
114	423.749	0	25	26	47	48	86	#
115	465.944	13	20	30	36	48	86	#
116	447.443	31	40	45	47	48	86	#
117	298.994	2	17	23	26	52	86	#
118	284.574	2	8	25	42	49	86	#
119	246.43	0	5	17	57	61	86	#
120	182.992	18	30	31	52	60	63	#
121	1390.46	1	2	5	6	8	9	17	18	20	22	28	33	36	37	39	42	48	49	50	51	52	53	55	56	58	59	60	61	62	87	#
122	1765.14	0	2	3	8	10	13	16	22	23	24	26	27	28	32	34	35	36	39	40	42	48	52	53	55	56	57	59	61	62	87	#
123	1743.86	1	3	5	6	7	13	15	18	21	22	23	31	32	35	36	38	39	40	42	43	45	46	48	51	54	56	57	61	63	87	#
124	1683.09	0	1	2	3	4	6	8	11	16	19	20	21	22	23	26	27	32	34	39	40	42	47	49	51	53	56	58	61	62	87	#
125	1667.73	0	2	6	7	9	10	17	20	21	23	25	26	31	32	34	36	38	40	42	47	48	51	52	54	56	57	59	60	62	87	#
126	1615.92	0	1	2	3	5	6	7	8	9	15	19	20	21	22	24	26	31	32	34	35	38	41	46	49	51	56	59	60	63	87	#
127	161.031	13	35	88	#
128	140.101	13	59	88	#
129	85.0121	35	#
130	56.7162	39	#
131	628.605	0	2	4	13	17	24	31	48	55	59	89	#
132	714.522	13	24	30	34	35	37	49	50	57	63	89	#
133	686.125	0	2	8	13	32	35	47	52	56	62	89	#
134	675.522	6	13	21	25	31	35	41	52	54	61	89	#
135	571.293	1	2	8	9	23	30	45	47	58	59	89	#
136	552.189	2	7	11	17	31	42	44	47	54	63	89	#
137	1964.75	1	3	4	5	6	7	9	11	15	18	22	23	24	28	30	31	35	36	37	39	42	44	45	46	48	51	54	58	59	60	63	90	#
138	2194.54	1	2	6	7	10	11	15	22	24	25	26	27	30	31	32	34	37	39	40	41	42	44	45	47	48	51	53	56	59	60	62	90	#
139	2191.62	1	3	7	11	13	14	16	18	19	20	21	23	24	25	26	29	30	34	35	36	37	41	42	44	48	49	50	56	59	62	63	90	#
140	2171.72	0	2	4	7	8	12	13	15	16	20	22	23	25	26	28	29	30	31	34	37	38	39	40	44	45	47	48	51	54	57	59	90	#
141	2163.02	0	4	6	15	16	17	19	21	22	25	26	27	29	31	32	35	36	37	39	40	44	45	47	48	49	50	53	56	57	60	62	90	#
142	2162.51	1	3	5	6	7	13	15	16	17	18	20	21	22	23	25	26	28	31	32	35	37	39	40	43	44	48	50	51	56	62	63	90	#
143	180.459	5	10	18	38	54	63	91	#
144	226.453	1	4	5	16	19	53	91	#
145	129.964	10	16	28	38	55	92	#
146	181.828	19	28	31	35	55	92	#
147	168.787	16	18	25	34	40	92	#
148	2943.86	0	1	3	4	5	6	7	8	9	10	12	13	14	15	16	17	18	20	21	23	24	25	27	28	29	31	33	34	35	36	41	42	44	45	46	47	48	49	50	51	53	54	56	57	58	59	60	61	62	93	#
149	3072.51	0	1	2	3	4	5	6	7	10	11	13	14	15	17	18	19	20	21	22	23	24	25	26	27	28	29	30	33	35	36	37	38	40	41	42	43	45	46	49	50	53	54	55	56	57	60	61	62	63	93	#
150	3040.85	1	2	3	4	6	7	8	10	11	12	13	14	15	16	17	19	20	22	23	24	25	26	28	29	30	31	32	33	34	35	38	41	42	44	45	46	48	49	50	51	53	54	55	56	57	59	61	62	63	93	#
151	3038.67	0	1	2	3	4	5	6	7	9	10	13	14	15	16	17	20	21	22	23	24	25	26	27	28	29	30	31	32	33	34	35	37	38	39	41	44	45	46	48	49	50	51	52	53	54	55	56	57	62	93	#
152	3027.34	0	1	2	3	4	5	6	8	9	10	11	12	13	14	15	16	17	18	20	22	23	24	25	26	27	28	30	31	32	33	34	35	37	38	39	42	45	46	47	49	51	54	55	57	59	60	61	62	63	93	#
153	3013.11	0	1	2	3	4	5	6	7	8	9	11	13	14	16	17	18	19	20	21	22	23	24	27	28	29	30	34	35	36	38	39	40	42	45	46	47	48	49	50	51	53	54	56	57	58	59	60	61	63	93	#
154	352.076	10	35	36	45	94	#
155	366.686	0	3	7	35	94	#
156	267.278	1	29	45	50	94	#
157	260.016	8	10	11	27	94	#
158	215.437	24	33	36	44	94	#
159	1151.21	10	11	12	15	16	20	24	26	27	28	32	34	37	45	49	50	52	55	59	60	61	95	#
160	1201.92	0	6	7	9	10	20	21	25	26	31	34	42	45	47	49	51	52	56	58	59	61	95	#
161	1189.04	4	6	11	12	14	18	24	29	32	35	37	39	41	43	44	45	46	48	51	56	61	95	#
162	1080.93	14	15	17	20	21	25	26	28	32	33	40	42	43	44	45	48	49	52	57	59	61	95	#
163	1074.31	5	7	14	15	16	18	19	20	21	23	24	26	30	31	34	36	37	50	55	56	62	95	#
164	1053.28	6	12	13	16	23	26	27	28	33	35	37	40	44	47	50	51	52	55	56	59	60	95	#
165	465.978	13	20	21	36	38	49	55	57	96	#
166	600.197	8	12	16	23	29	41	44	57	96	#
167	533.413	8	21	32	35	39	43	54	61	96	#
168	513.588	17	23	41	44	50	55	56	63	96	#
169	480.591	2	10	13	31	37	42	47	49	96	#
170	474.696	2	24	34	38	39	47	49	61	96	#
171	293.961	2	7	16	24	38	97	#
172	388.672	21	31	38	52	56	97	#
173	197.647	6	16	28	47	53	97	#
174	192.09	7	34	35	41	52	97	#
175	189.882	14	20	24	30	52	97	#
176	774.599	0	2	15	16	19	25	27	31	33	37	45	46	57	98	#
177	1027.77	2	11	13	20	25	29	41	45	46	51	56	59	60	98	#
178	866.295	4	28	32	33	36	40	41	45	48	51	57	59	62	98	#
179	862.587	0	5	17	27	29	31	32	46	48	55	57	58	59	98	#
180	807.073	0	1	5	9	19	23	24	31	33	37	57	61	62	98	#
181	801.59	2	3	6	12	17	21	23	33	37	46	54	55	63	98	#
182	1359.34	0	3	6	7	16	18	19	20	21	23	25	26	27	30	31	36	37	41	44	46	53	58	60	62	99	#
183	1566.64	0	2	3	4	6	7	9	10	23	26	29	31	32	33	37	38	40	42	44	49	53	57	61	62	99	#
184	1403.88	0	3	5	6	7	8	14	16	19	22	23	25	26	28	31	35	36	39	40	44	52	54	57	61	99	#
185	1387.35	1	2	8	9	11	13	17	19	23	24	28	29	30	31	33	40	42	49	51	52	55	61	62	63	99	#
186	1384.76	2	3	5	6	10	11	13	14	19	24	25	26	27	31	35	37	38	39	40	44	47	49	53	61	99	#
187	1383.77	0	1	3	5	10	15	18	21	22	23	29	30	33	38	39	40	41	45	46	56	57	58	61	63	99	#
188	163.207	15	16	29	100	#
189	244.427	15	30	45	100	#
190	122.61	8	16	31	100	#
191	1343.53	0	1	2	6	10	18	19	22	24	30	31	32	37	41	42	44	46	47	50	51	53	58	62	63	101	#
192	1560.9	4	14	15	19	20	22	24	26	30	35	36	37	41	46	47	48	51	52	53	55	56	57	58	61	101	#
193	1545.56	0	1	2	3	4	5	6	13	20	22	31	33	34	35	38	42	51	53	55	56	57	58	59	62	101	#
194	1530.6	1	2	4	8	9	14	16	21	30	32	35	37	38	41	43	45	46	48	50	53	55	56	59	62	101	#
195	1510.04	0	1	2	3	4	7	12	14	15	16	19	22	24	26	33	35	45	47	48	53	56	58	59	63	101	#
196	1500.43	0	1	2	3	4	9	13	16	19	26	28	30	32	37	40	41	43	49	52	53	57	59	60	63	101	#
197	96.9508	47	#
198	137.554	34	51	102	#
199	176.067	6	51	102	#
200	122.05	34	56	102	#
201	925.748	0	4	5	6	9	14	15	18	26	28	29	30	33	34	46	52	54	55	59	103	#
202	1345.99	1	6	8	11	15	20	23	24	28	29	30	31	41	47	48	49	51	54	55	103	#
203	1344.19	0	1	3	5	19	22	26	29	34	41	44	47	54	56	57	59	60	61	62	103	#
204	1339.52	0	3	6	8	9	28	29	30	35	40	43	44	47	48	51	53	54	55	62	103	#
205	1329.18	0	3	7	20	27	29	30	32	35	37	38	41	44	46	48	50	53	58	62	103	#
206	1276.77	0	1	8	10	17	19	23	26	28	30	44	45	47	48	50	51	54	59	60	103	#
207	477.938	7	9	13	15	19	36	39	40	51	53	104	#
208	703.322	19	26	28	30	31	32	34	49	51	53	104	#
209	698.556	3	4	14	18	19	29	32	40	42	51	104	#
210	545.395	0	22	27	36	39	41	46	50	51	53	104	#
211	537.753	5	15	30	32	33	36	41	44	47	62	104	#
212	515.579	10	17	31	46	49	51	53	55	58	61	104	#
213	663.961	3	15	17	25	26	27	30	32	33	42	43	46	49	53	62	105	#
214	991.078	6	7	12	13	14	17	20	22	35	39	49	52	54	57	61	105	#
215	971.565	0	8	10	17	22	23	24	25	26	27	29	32	51	52	56	105	#
216	906.985	7	9	13	20	26	33	37	38	41	43	44	46	58	59	62	105	#
217	888.86	2	3	5	16	23	24	30	34	36	41	45	49	53	54	56	105	#
218	881.1	5	8	9	12	21	23	24	35	37	44	45	46	49	55	60	105	#
219	264.931	20	27	29	37	49	106	#
220	337.057	29	30	32	46	55	106	#
221	303.366	23	32	49	59	63	106	#
222	270.185	5	22	37	54	58	106	#
223	217.531	16	20	48	52	62	106	#
224	162.165	0	27	30	38	44	106	#
225	343.948	6	19	20	42	52	56	107	#
226	446.659	19	24	38	44	49	61	107	#
227	339.384	7	17	22	30	48	56	107	#
228	331.979	5	42	53	54	57	61	107	#
229	324.108	7	14	20	21	32	42	107	#
230	292.676	18	21	29	40	52	57	107	#
231	2133.24	0	1	2	3	6	8	9	14	15	16	18	19	21	23	24	26	27	28	30	32	33	35	37	39	40	41	42	43	44	45	47	48	49	52	54	56	59	60	61	63	108	#
232	2657.07	2	3	4	7	9	10	11	13	16	18	19	20	21	23	25	28	29	30	32	35	36	37	38	40	41	42	43	44	45	46	48	49	50	51	53	55	56	58	61	62	108	#
233	2568.29	1	2	3	4	9	10	11	12	13	15	16	18	19	21	22	23	24	27	28	29	30	31	32	33	35	40	41	42	46	47	48	50	51	52	54	55	57	59	61	62	108	#
234	2544.13	0	1	2	3	4	7	9	11	13	16	18	20	21	22	27	29	30	32	33	34	35	37	41	44	45	46	47	48	49	50	51	53	54	55	57	58	59	60	61	63	108	#
235	2492.14	0	1	2	3	5	7	8	9	11	15	16	18	19	20	21	23	24	28	29	30	31	39	40	42	44	45	46	48	50	51	52	53	54	55	57	58	59	61	62	63	108	#
236	2480.17	0	1	2	3	4	5	9	12	13	15	21	22	23	25	27	28	29	30	32	33	34	35	36	37	38	39	42	43	44	45	46	48	50	53	54	55	57	60	61	63	108	#
237	459.395	0	4	21	32	36	41	43	49	56	109	#
238	567.559	0	5	21	22	26	32	39	44	61	109	#
239	516.296	11	12	13	25	34	36	45	58	63	109	#
240	513.197	4	15	21	26	34	48	53	55	56	109	#
241	508.815	30	32	39	40	48	49	55	58	61	109	#
242	439.71	3	10	17	19	23	43	46	53	55	109	#
243	303.145	15	23	29	59	110	#
244	403.316	11	29	35	59	110	#
245	362.271	1	15	35	47	110	#
246	180.748	18	29	43	62	110	#
247	153.118	10	17	20	23	110	#
248	469.586	4	7	8	22	26	27	46	50	63	111	#
249	678.592	1	3	17	26	30	32	33	45	48	111	#
250	634.409	2	3	7	14	39	43	46	57	60	111	#
251	520.92	13	18	24	30	33	36	47	52	63	111	#
252	507.475	8	18	22	26	32	40	49	52	53	111	#
253	504.117	7	22	29	36	39	44	52	54	59	111	#
254	3131.42	0	1	2	3	4	5	6	7	8	9	10	11	12	13	14	15	16	17	18	19	20	21	22	23	24	25	26	27	28	29	30	31	32	33	34	35	36	37	38	39	40	41	42	43	44	45	46	47	48	49	50	51	52	53	54	55	56	57	58	59	60	61	62	63	#
255	692.574	8	10	13	14	20	24	31	34	37	41	42	52	53	55	58	61	62	63	112	#
256	1034.75	0	1	2	4	17	20	24	31	32	33	36	37	43	44	45	49	54	55	112	#
257	1031.91	5	6	7	14	15	17	18	19	20	21	22	35	36	37	38	47	52	57	112	#
258	1023.69	0	5	6	8	9	17	18	20	25	26	28	31	44	46	50	52	54	57	112	#
259	990.498	2	6	16	17	19	21	22	26	31	38	42	44	46	48	53	57	59	61	112	#
260	965.263	1	3	5	6	7	10	21	27	31	32	35	37	38	42	54	60	61	63	112	#
261	1000.64	0	8	17	18	21	24	32	35	40	44	54	55	56	59	61	62	113	#
262	1112.85	0	2	7	9	17	24	26	30	33	34	39	47	53	56	59	60	113	#
263	1014.19	0	5	9	18	26	29	40	44	45	46	47	49	59	60	61	63	113	#
264	994.231	0	15	17	22	32	35	40	42	44	45	49	53	55	56	61	63	113	#
265	974.119	6	9	10	13	14	29	31	32	39	44	45	47	54	59	62	63	113	#
266	963.547	0	2	3	9	14	15	16	22	38	47	49	53	57	59	60	61	113	#
267	918.959	5	6	7	11	21	25	26	36	45	48	50	58	60	61	114	#
268	1007.76	0	4	5	7	18	25	28	29	36	39	45	48	50	61	114	#
269	954.434	0	3	9	11	14	15	30	31	32	42	43	45	50	62	114	#
270	884.669	7	12	17	23	25	28	30	40	43	44	46	47	56	61	114	#
271	874.51	4	15	17	19	21	27	29	30	35	40	43	45	61	63	114	#
272	852.53	0	6	8	12	13	21	26	30	31	35	41	42	44	54	114	#
273	927.554	2	7	8	14	17	18	23	30	32	34	44	46	48	49	53	58	115	#
274	1067.54	1	2	18	30	32	33	35	36	37	40	47	48	49	50	58	61	115	#
275	1057.45	2	10	13	14	18	19	23	26	28	29	40	47	48	49	54	55	115	#
276	899.497	1	2	4	14	16	18	23	24	26	33	48	49	51	53	58	63	115	#
277	871.323	1	3	4	6	10	16	19	22	27	29	35	36	37	39	41	46	115	#
278	865.608	7	10	15	16	17	24	26	31	32	33	39	45	47	48	55	56	115	#
279	1271.78	0	1	2	4	6	8	11	13	20	27	30	32	36	37	45	47	50	56	58	60	63	116	#
280	1356.46	1	2	4	5	11	13	16	19	23	27	28	31	40	41	42	44	50	51	56	59	62	116	#
281	1337.97	1	4	7	16	17	18	21	23	24	25	28	30	31	35	37	38	39	50	51	52	63	116	#
282	1327.47	7	18	19	20	21	24	26	27	28	30	34	35	38	40	42	46	51	54	56	62	63	116	#
283	1303.71	0	1	2	4	13	18	19	24	28	31	32	36	37	38	40	47	49	57	58	59	61	116	#
284	1287.35	0	2	3	11	13	16	20	21	24	29	31	34	35	37	42	46	51	52	57	58	59	116	#
285	522.291	1	7	16	20	21	32	36	41	42	46	52	60	117	#
286	772.372	5	11	12	20	31	32	36	47	54	55	56	59	117	#
287	772.33	5	9	13	16	19	29	45	46	47	56	59	62	117	#
288	753.38	2	5	10	18	27	37	42	43	51	57	60	61	117	#
289	741.495	8	19	30	32	35	41	43	47	48	52	60	61	117	#
290	652.692	5	9	18	21	27	28	32	35	40	42	46	47	117	#
291	573.889	1	2	9	11	21	22	26	29	32	42	53	55	118	#
292	859.524	2	4	11	14	29	30	37	39	46	49	50	51	118	#
293	817.85	1	3	11	13	14	37	40	44	45	47	50	60	118	#
294	769.932	13	14	22	24	28	29	31	43	46	51	52	54	118	#
295	734.128	11	12	23	24	26	30	38	40	46	55	61	63	118	#
296	683.194	12	16	21	26	27	30	34	45	50	51	52	62	118	#
297	1330.93	4	5	7	9	10	11	17	19	23	24	28	29	37	38	42	44	49	51	52	53	54	56	119	#
298	1551.27	2	7	9	10	11	14	15	16	19	23	29	30	37	40	43	45	46	47	49	54	57	62	119	#
299	1540.15	0	1	2	4	7	8	9	11	15	27	28	34	39	41	45	49	51	52	53	56	57	58	119	#
300	1520.48	0	4	5	7	11	15	16	19	21	22	23	27	38	42	44	49	50	51	52	54	56	59	119	#
301	1502.6	0	2	7	8	9	15	19	21	23	26	29	42	43	46	47	48	50	52	53	54	57	62	119	#
302	1480.85	0	1	2	3	4	11	12	17	28	29	30	32	33	35	38	44	51	52	56	57	61	63	119	#
303	818.65	2	10	17	18	24	29	37	47	48	52	54	59	120	#
304	844.443	2	3	7	11	20	36	38	40	48	51	56	60	120	#
305	752.502	0	10	13	24	39	48	52	55	57	59	60	62	120	#
306	742.582	1	8	9	21	29	31	37	42	50	52	53	57	120	#
307	734.788	5	7	11	14	23	29	30	38	52	56	58	60	120	#
308	682.849	5	25	29	33	35	38	40	41	48	52	53	54	120	#
309	2233.1	0	1	2	3	5	8	9	10	13	14	15	17	18	19	20	21	24	28	29	30	31	32	33	34	36	37	40	43	45	47	48	49	52	54	55	57	59	60	61	121	#
310	2282.17	0	2	3	5	7	8	9	14	15	16	18	19	22	24	26	27	30	31	34	35	37	38	39	40	41	42	44	45	47	48	49	50	51	52	55	57	60	61	62	121	#
311	2254.28	0	1	2	3	5	6	7	8	12	13	16	17	18	21	24	25	27	29	31	32	33	35	36	37	38	39	40	44	45	47	49	50	51	53	56	57	59	60	61	121	#
312	2245.15	0	3	5	7	8	9	11	13	16	17	18	21	22	23	24	26	27	28	29	33	34	35	37	40	43	44	47	48	49	50	52	53	54	55	57	58	59	60	62	121	#
313	2243.01	1	2	3	5	8	9	13	14	16	17	18	21	22	25	26	27	28	29	30	31	33	35	36	39	40	42	45	47	48	49	50	52	53	54	55	56	57	60	61	121	#
314	2241.55	0	2	3	5	7	8	9	11	13	16	17	18	20	23	24	25	26	31	32	33	38	40	42	43	44	45	46	47	48	49	50	52	53	54	56	57	58	59	61	121	#
315	926.945	5	9	10	11	15	17	19	22	26	27	28	31	34	36	37	39	43	44	48	51	54	57	58	122	#
316	1251.51	5	6	10	11	21	22	29	30	31	35	36	41	42	43	44	47	48	49	50	54	56	61	62	122	#
317	1243.53	2	5	7	8	12	21	22	23	25	27	30	32	34	35	36	37	40	41	42	47	48	50	57	122	#
318	1236.51	2	3	8	9	10	11	13	18	19	23	28	29	41	43	44	46	47	48	53	55	56	57	63	122	#
319	1219.43	2	5	8	9	10	11	21	22	23	26	28	31	33	36	39	40	41	42	44	47	48	55	56	122	#
320	1218.29	2	6	9	11	14	19	20	22	23	25	31	32	33	35	42	43	44	50	52	54	58	61	62	122	#
321	633.95	1	21	24	29	41	44	51	52	54	123	#
322	709.349	5	22	37	46	51	52	54	58	59	123	#
323	655.286	2	16	19	25	29	33	40	41	51	123	#
324	628.94	0	24	33	35	40	44	47	61	62	123	#
325	620.432	1	17	23	28	41	42	43	48	56	123	#
326	582	8	9	13	16	24	33	47	48	57	123	#
327	380.13	9	29	30	32	35	55	124	#
328	425.167	1	35	49	52	58	60	124	#
329	315.579	8	28	30	40	57	59	124	#
330	302.318	12	49	55	59	61	62	124	#
331	223.809	4	32	34	38	40	49	124	#
332	201.824	9	25	43	44	48	59	124	#
333	2299.9	0	1	5	6	8	9	10	11	16	18	19	21	24	25	26	28	29	30	31	33	34	35	37	39	40	45	46	49	52	54	56	57	59	61	62	125	#
334	2515.41	3	5	6	8	11	12	14	15	17	19	22	23	24	25	26	27	29	30	33	34	36	37	39	40	44	45	46	49	50	52	53	56	59	61	63	125	#
335	2364.29	0	1	3	5	6	8	13	17	18	23	27	28	30	32	33	34	37	38	39	40	42	43	45	46	48	49	50	52	55	56	57	60	61	62	63	125	#
336	2345.1	4	6	8	10	11	14	15	17	19	21	22	27	28	29	30	32	34	35	36	37	38	39	40	42	43	45	46	48	49	50	52	53	59	60	61	125	#
337	2293.86	2	3	4	8	9	11	12	14	15	16	19	20	22	23	24	25	26	27	28	29	32	34	37	40	41	42	45	46	47	49	50	56	57	60	61	125	#
338	2289.03	1	2	6	9	10	11	13	15	17	18	19	22	23	24	27	28	29	30	31	32	34	36	37	38	40	42	43	49	50	51	53	56	59	60	61	125	#
339	93.2502	30	42	126	#
340	81.2167	14	42	126	#
341	385.253	8	13	16	42	45	127	#
342	392.386	16	25	31	32	40	127	#
343	342.393	33	39	45	47	50	127	#
344	327.819	11	21	31	37	42	127	#
345	294.342	8	13	34	59	60	127	#
346	249.857	8	14	16	21	61	127	#
347	50.7801	41	#
348	498.625	0	16	17	18	20	36	40	48	54	128	#
349	578.289	0	4	21	30	43	47	48	54	58	128	#
350	554.412	9	10	11	16	44	50	51	54	61	128	#
351	541.441	4	9	10	18	20	21	23	34	54	128	#
352	465.407	10	16	20	26	30	38	40	48	56	128	#
353	452.092	1	7	14	16	17	18	27	44	46	128	#
354	194.937	3	57	129	#
355	175.863	57	59	129	#
356	83.1562	3	4	129	#
357	106.684	37	#
358	536.467	10	22	25	42	50	54	57	60	61	130	#
359	633.056	1	4	15	20	25	28	51	56	63	130	#
360	624.781	6	8	19	20	21	41	51	57	61	130	#
361	598.615	1	2	10	16	17	21	25	29	35	130	#
362	521.231	0	1	6	10	15	25	40	61	62	130	#
363	470.067	2	16	18	22	29	32	35	36	53	130	#
364	1124.46	3	6	7	14	15	16	19	21	22	24	25	31	33	35	39	41	53	54	57	131	#
365	1418.65	10	11	13	18	19	22	23	30	31	32	40	46	47	48	49	51	53	57	62	131	#
366	1393.14	2	4	5	11	12	14	17	18	21	22	23	31	32	35	47	48	53	54	59	131	#
367	1334.45	2	6	7	9	12	14	15	21	22	26	28	37	39	45	46	47	51	59	63	131	#
368	1292.26	3	7	19	22	23	25	31	34	35	38	42	45	47	53	56	57	58	60	61	131	#
369	1236.07	0	1	2	9	12	14	15	19	20	23	28	30	31	39	47	49	50	52	54	131	#
370	645.122	3	4	11	13	16	19	31	39	40	44	48	53	63	132	#
371	942.886	0	3	6	10	20	31	36	47	48	53	61	62	63	132	#
372	939.186	2	6	10	13	16	24	26	28	29	31	34	54	62	132	#
373	890.95	0	7	13	20	27	34	40	43	44	48	57	59	63	132	#
374	884.938	10	23	24	28	29	32	35	38	52	55	60	61	63	132	#
375	873.639	1	4	11	12	13	26	27	31	35	41	43	61	62	132	#
376	1371.57	1	3	5	6	7	11	13	14	18	24	28	29	37	38	40	45	47	51	56	57	59	63	133	#
377	1673.24	0	3	10	11	13	20	23	24	27	30	32	35	41	42	45	48	50	54	56	57	59	62	133	#
378	1481.92	1	9	11	13	18	19	20	21	23	31	35	36	39	41	45	46	49	51	56	57	59	62	133	#
379	1454.89	3	5	10	11	19	23	24	26	30	34	35	37	39	40	44	48	54	55	56	57	58	59	133	#
380	1426.85	3	4	7	11	13	22	25	29	30	35	38	41	42	44	49	51	54	56	57	59	62	63	133	#
381	1386.42	2	3	4	6	8	9	13	14	15	19	20	25	29	31	35	37	50	54	55	57	59	60	133	#
382	517.863	1	10	24	25	26	35	47	58	134	#
383	628.849	1	5	11	13	24	27	47	57	134	#
384	626.049	7	9	10	13	26	29	32	53	134	#
385	569.926	3	4	25	26	29	32	38	47	134	#
386	526.436	3	16	25	27	30	57	58	61	134	#
387	498.769	1	7	8	10	17	24	41	45	134	#
388	568.975	5	7	11	16	17	20	23	29	33	50	63	135	#
389	769.095	20	21	27	31	36	37	48	49	50	54	61	135	#
390	659.871	11	12	14	20	23	36	48	50	55	57	59	135	#
391	651.5	3	8	15	17	18	22	23	29	30	33	56	135	#
392	620.274	11	12	18	22	26	29	36	37	40	55	62	135	#
393	587.095	2	5	14	17	18	30	38	42	46	48	62	135	#
394	664.932	8	14	21	22	23	30	31	34	40	49	59	60	62	63	136	#
395	974.646	0	1	3	5	11	14	23	35	39	40	48	54	59	62	136	#
396	948.173	2	18	20	22	24	30	35	43	45	51	55	58	62	63	136	#
397	896.3	0	4	7	17	18	19	22	37	39	44	45	56	57	60	136	#
398	891.083	2	8	10	14	26	37	38	45	46	49	53	55	59	60	136	#
399	845.998	0	4	7	13	28	30	31	32	40	49	53	54	56	61	136	#
400	234.959	48	51	58	137	#
401	259.647	27	49	51	137	#
402	228.068	26	29	48	137	#
403	125.324	0	16	58	137	#
404	202.207	16	31	38	138	#
405	215.714	9	31	56	138	#
406	209.081	13	16	51	138	#
407	164.18	25	31	38	138	#
408	195.592	10	19	27	34	44	63	139	#
409	288.128	15	22	27	51	52	54	139	#
410	280.749	7	13	18	52	60	63	139	#
411	269.11	6	17	19	46	48	55	139	#
412	132.257	10	27	31	41	52	55	139	#
413	986.712	0	2	4	16	20	25	31	32	34	43	44	51	52	54	57	60	140	#
414	1064.07	0	2	3	7	10	11	19	20	22	31	38	48	54	55	57	63	140	#
415	1020.19	4	5	6	13	28	29	32	33	36	41	43	45	54	57	59	63	140	#
416	978.303	2	3	8	13	15	27	28	29	32	34	39	40	43	49	57	63	140	#
417	918.709	0	6	8	12	14	17	21	24	30	31	33	35	38	44	54	63	140	#
418	909.852	0	3	4	16	20	23	27	28	30	32	38	42	50	59	60	62	140	#
419	562.613	15	16	21	27	33	39	40	41	46	54	55	61	141	#
420	747.228	0	4	13	19	26	27	34	44	55	56	60	62	141	#
421	739.521	10	21	23	40	42	45	46	49	51	53	58	60	141	#
422	732.463	2	4	9	16	17	20	43	46	51	52	58	60	141	#
423	726.692	7	10	11	15	19	27	29	38	46	47	53	56	141	#
424	719.901	8	10	18	22	27	31	45	46	48	57	58	61	141	#
425	820.208	6	7	11	15	24	26	33	37	41	45	47	48	60	142	#
426	911.705	0	5	19	30	32	37	41	48	49	54	57	60	61	142	#
427	876.228	1	10	11	25	26	27	32	37	42	43	47	57	63	142	#
428	842.448	7	13	15	20	23	24	25	26	37	38	47	58	62	142	#
429	818.165	4	7	9	11	21	24	30	32	37	40	41	46	53	142	#
430	811.593	4	5	7	17	23	33	42	45	47	49	53	56	57	142	#
431	959.078	0	11	12	16	18	19	24	29	32	34	39	43	44	48	54	57	58	61	143	#
432	1179.09	3	5	8	10	12	13	16	17	26	29	32	33	37	45	50	55	57	61	143	#
433	1124.72	3	6	7	9	11	18	29	31	32	36	43	44	46	49	54	58	60	62	143	#
434	1112.35	7	11	16	18	22	29	33	34	48	52	53	54	56	58	59	60	61	62	143	#
435	1092.81	7	11	12	13	14	16	22	26	27	33	44	48	50	54	56	60	61	62	143	#
436	1086.23	1	3	6	7	11	13	14	18	20	32	39	41	42	46	47	48	54	62	143	#
437	448.82	0	7	14	37	52	144	#
438	528.974	7	22	45	46	49	144	#
439	477.159	14	22	40	52	56	144	#
440	415.334	6	37	45	51	57	144	#
441	393.932	14	29	42	49	55	144	#
442	303.367	0	2	49	53	58	144	#
443	357.563	8	22	28	31	35	54	56	145	#
444	524.749	1	4	30	49	52	56	57	145	#
445	373.092	15	16	28	52	53	58	61	145	#
446	323.969	4	21	22	28	29	34	46	145	#
447	316.552	18	26	46	51	54	55	60	145	#
448	244.36	1	8	10	14	21	31	46	145	#
449	1341.16	1	3	8	12	15	16	19	23	32	35	36	44	46	50	51	52	53	55	57	146	#
450	1326.33	0	3	7	17	18	24	25	31	34	35	37	38	42	45	46	47	54	57	63	146	#
451	1298.63	1	3	4	12	24	26	27	31	33	36	43	44	45	46	49	51	52	57	60	146	#
452	1266.92	3	6	7	9	10	11	13	14	16	17	24	25	35	41	45	49	57	61	63	146	#
453	1244.22	0	2	4	6	7	10	12	14	23	24	28	37	42	51	53	55	56	61	62	146	#
454	1226.22	3	4	8	10	15	20	21	23	35	41	42	44	45	48	54	55	57	59	60	146	#
455	187.74	1	6	21	53	54	147	#
456	255.741	5	17	21	22	36	147	#
457	199.269	10	16	25	44	53	147	#
458	112.489	1	12	20	28	53	147	#
459	95.6365	46	#
460	474.875	7	12	13	24	31	34	37	44	59	148	#
461	600.357	12	13	14	20	24	34	37	38	47	148	#
462	562.848	2	4	8	10	16	24	33	34	56	148	#
463	561.206	13	17	23	24	31	40	44	55	61	148	#
464	521.403	2	10	19	37	41	46	49	51	59	148	#
465	508.054	5	13	24	25	27	31	33	39	40	148	#
466	197.718	7	13	38	149	#
467	64.8908	13	18	41	149	#
468	1229.82	0	4	5	9	10	11	12	14	15	17	20	29	30	33	34	35	36	37	39	40	44	46	47	48	50	53	55	150	#
469	1589.83	0	1	4	6	8	9	11	12	13	14	24	26	30	34	37	42	45	49	50	51	54	56	57	58	60	61	63	150	#
470	1573.22	4	7	9	13	14	16	17	18	19	24	25	26	28	29	30	35	36	39	40	42	43	44	49	51	52	54	60	150	#
471	1551	0	2	6	7	9	11	13	16	19	21	24	31	42	43	47	49	50	51	53	54	56	57	59	60	61	62	63	150	#
472	1547.79	1	6	9	11	13	14	21	23	24	25	29	30	32	34	37	38	39	43	44	45	47	49	50	51	56	59	60	150	#
473	1545.27	0	2	6	7	8	11	12	14	16	26	27	30	31	34	37	39	40	41	43	44	48	51	52	54	55	61	62	150	#
474	97.95	6	38	44	151	#
475	138.694	6	34	51	151	#
476	587.885	1	6	19	43	45	59	61	152	#
477	490.699	0	19	33	45	52	56	60	152	#
478	433.632	1	4	13	17	25	52	60	152	#
479	430.27	1	13	21	26	29	38	43	152	#
480	425.892	1	12	25	39	41	59	60	152	#
481	361.019	1	5	22	25	33	54	61	152	#
482	1694.8	0	2	4	6	9	10	13	14	17	18	22	26	27	29	32	35	36	40	42	43	45	46	47	48	53	153	#
483	1732.74	0	2	3	6	8	18	22	29	30	34	35	36	37	40	42	43	45	46	47	50	51	52	58	59	61	153	#
484	1670.78	0	2	3	5	6	7	9	10	13	14	16	17	21	26	30	31	33	37	46	47	52	54	57	61	62	153	#
485	1654.7	0	2	3	5	6	9	10	13	14	17	19	23	25	28	30	35	37	40	43	49	51	56	57	59	60	153	#
486	1587.99	0	3	9	10	11	14	17	18	19	20	27	28	30	32	33	36	40	46	47	48	49	52	55	56	61	153	#
487	1568.27	0	2	3	4	7	12	13	20	26	28	29	31	36	37	40	42	43	46	48	49	50	51	54	60	62	153	#
488	380.182	16	22	38	53	55	61	62	154	#
489	374.38	9	25	30	31	40	50	62	154	#
490	371.244	3	6	21	38	52	53	60	154	#
491	356.243	16	21	22	27	49	60	61	154	#
492	353.252	17	22	26	38	41	47	53	154	#
493	281.54	5	16	22	35	43	53	60	154	#
494	440.501	12	20	26	32	47	56	155	#
495	427.339	2	9	11	29	32	41	155	#
496	398.236	3	20	25	48	50	61	155	#
497	374.053	2	6	20	41	51	56	155	#
498	359.978	1	4	5	12	22	26	155	#
499	267.905	7	18	19	47	51	53	155	#
500	845.879	0	15	19	26	27	34	39	42	46	54	55	60	62	156	#
501	1050.52	15	20	23	24	27	31	32	33	34	42	49	50	56	156	#
502	962.721	1	2	9	10	13	19	20	30	34	37	55	56	61	156	#
503	820.12	6	11	12	15	19	27	31	33	37	48	50	55	56	156	#
504	784.001	0	15	20	22	32	35	40	43	45	46	54	55	62	156	#
505	771.046	1	10	11	14	17	18	23	27	38	43	46	49	56	156	#
506	650.216	5	11	22	26	32	34	43	44	47	54	56	59	157	#
507	834.641	0	9	21	23	24	25	30	32	37	43	47	50	157	#
508	791.3	11	15	21	23	28	29	42	50	51	54	56	63	157	#
509	775.076	2	10	22	31	34	35	37	44	46	53	57	60	157	#
510	717.041	0	2	4	5	6	10	24	44	51	55	56	59	157	#
511	714.326	4	5	31	32	35	38	48	51	54	55	62	63	157	#
512	340.796	13	26	36	44	55	60	158	#
513	315.454	8	13	32	34	41	42	158	#
514	309.637	15	21	26	43	50	62	158	#
515	303.025	6	14	15	35	41	60	158	#
516	226.276	2	10	19	36	47	55	158	#
517	210.897	6	28	30	46	55	60	158	#
518	1158.83	7	8	11	17	18	23	27	31	33	35	41	43	45	50	51	52	57	62	159	#
519	1450.9	2	3	7	8	17	26	27	29	32	36	38	39	45	46	51	54	55	57	159	#
520	1240.85	0	2	7	11	14	18	27	28	32	35	36	40	48	49	55	56	57	63	159	#
521	1236.43	1	7	12	15	16	23	27	31	35	36	40	45	48	50	52	54	61	62	159	#
522	1210.18	3	6	7	11	18	19	21	22	26	30	32	33	36	45	48	49	51	60	159	#
523	1189.07	1	5	8	13	18	19	33	36	41	43	45	47	50	54	56	57	60	61	159	#
524	459.301	5	24	29	31	41	59	160	#
525	423.501	2	9	24	26	37	49	160	#
526	384.002	30	41	46	56	61	63	160	#
527	369.747	1	20	25	29	34	35	160	#
528	350.952	10	14	22	31	36	51	160	#
529	318.006	5	8	33	51	59	62	160	#
530	224.311	30	56	161	#
531	187.906	15	56	161	#
532	107.512	30	44	161	#
533	111.039	5	33	43	58	59	63	#
534	937.757	5	13	15	17	21	22	23	27	28	29	31	33	35	36	39	40	51	55	57	162	#
535	1337.81	0	2	3	5	7	17	20	26	27	29	34	35	36	39	42	43	46	47	60	162	#
536	1254.23	5	8	13	15	17	21	29	32	35	37	39	42	43	45	46	49	57	61	63	162	#
537	1215.1	0	3	7	13	14	15	20	22	25	27	31	34	37	38	43	47	51	55	57	162	#
538	1192.29	1	3	5	6	14	15	16	24	31	35	37	47	49	51	53	54	56	58	60	162	#
539	1151.39	2	3	4	5	6	7	11	16	17	25	32	36	37	41	47	48	54	57	63	162	#
540	478.79	6	13	20	26	31	37	41	51	163	#
541	648.603	6	7	10	14	31	39	47	57	163	#
542	617.712	2	9	21	26	40	41	52	57	163	#
543	599.259	10	17	19	20	21	48	56	57	163	#
544	513.96	15	17	31	37	38	51	54	61	163	#
545	493.135	9	11	14	22	26	28	31	50	163	#
546	111.98	50	59	164	#
547	110.145	5	50	164	#
548	400.32	1	4	16	19	23	26	29	51	165	#
549	568.347	3	5	12	29	38	39	59	60	165	#
550	548.191	4	26	29	30	32	45	46	61	165	#
551	535.689	9	23	27	31	32	57	59	61	165	#
552	504.899	13	15	16	30	32	37	40	60	165	#
553	470.482	0	20	25	28	29	34	51	54	165	#
554	630.391	2	5	8	33	36	46	47	48	50	54	62	63	166	#
555	809.741	7	22	27	30	33	40	44	53	54	57	61	63	166	#
556	789.807	2	27	32	36	41	45	49	50	55	58	61	62	166	#
557	715.971	13	16	30	32	35	39	52	53	54	55	57	58	166	#
558	694.919	1	5	8	21	22	27	30	36	37	43	48	61	166	#
559	670.562	2	6	11	16	26	28	31	43	44	46	51	55	166	#
560	160.963	23	26	167	#
561	96.9709	17	26	167	#
562	508.58	8	12	20	21	34	39	50	51	56	57	168	#
563	726.216	2	3	6	20	27	38	45	50	51	59	168	#
564	707.39	0	3	6	11	17	30	38	56	58	62	168	#
565	695.529	5	8	11	29	37	40	44	50	52	57	168	#
566	669.205	11	15	17	21	23	26	28	44	58	61	168	#
567	654.733	2	7	19	23	28	34	37	38	40	51	168	#
568	195.498	13	35	62	169	#
569	234.563	44	57	62	169	#
570	158.962	8	31	35	169	#
571	419.724	19	24	25	26	32	47	170	#
572	525.006	17	24	36	49	55	59	170	#
573	470.204	2	26	32	44	53	62	170	#
574	458.736	4	11	26	37	54	58	170	#
575	350.277	8	10	39	47	53	62	170	#
576	218.634	17	19	25	26	31	36	170	#
577	603.932	6	8	18	19	20	25	30	34	39	40	44	54	171	#
578	896.376	9	13	16	19	28	29	36	53	54	56	59	61	171	#
579	839.074	8	10	11	16	17	19	25	37	40	43	54	56	171	#
580	826.256	18	30	33	40	41	45	46	47	48	51	52	56	171	#
581	767.112	4	10	12	17	19	20	24	28	39	47	57	60	171	#
582	751.769	2	7	11	19	20	21	24	28	31	33	37	42	171	#
583	2093.72	2	7	8	9	10	12	14	16	17	18	19	20	21	24	28	29	30	32	33	34	37	39	40	41	43	46	47	48	50	51	52	53	54	57	58	59	61	62	63	172	#
584	2531.11	0	2	3	5	7	9	10	11	12	13	14	17	18	19	24	25	26	29	30	31	32	33	34	35	37	40	41	42	44	45	46	47	48	53	55	56	57	58	61	172	#
585	2515.13	2	4	5	7	10	13	14	15	17	20	21	23	30	31	32	33	34	36	37	40	41	45	46	47	48	49	50	51	52	53	54	55	56	57	58	59	61	62	63	172	#
586	2479.64	0	2	4	5	7	8	9	11	12	13	16	17	19	21	22	24	27	28	29	30	31	32	33	35	37	41	44	45	47	49	52	53	54	55	56	57	58	59	61	172	#
587	2474.2	2	7	8	10	14	16	17	18	19	20	21	23	25	27	28	29	30	31	32	35	36	37	40	41	43	45	46	47	49	51	52	53	54	56	57	59	61	62	63	172	#
588	2427.16	2	4	5	7	8	10	11	12	14	15	17	18	20	22	23	26	28	29	30	31	32	33	35	37	41	43	44	47	48	49	50	52	53	54	55	57	59	60	61	172	#
589	622.442	5	6	10	15	16	19	37	41	44	48	59	173	#
590	791.492	5	13	16	17	21	24	45	47	49	57	61	173	#
591	768.982	1	4	13	15	17	35	41	51	61	62	63	173	#
592	720.156	8	10	14	15	24	37	44	45	58	59	63	173	#
593	704.772	2	10	14	24	36	40	41	48	50	51	55	173	#
594	685.847	5	6	10	13	15	33	34	36	39	51	63	173	#
595	87.4183	0	24	53	174	#
596	104.839	24	44	53	174	#
597	55.6105	10	24	58	174	#
598	68.2209	0	#
599	182.35	11	29	49	175	#
600	130.748	25	29	59	175	#
601	159.617	41	51	53	176	#
602	170.054	19	30	53	176	#
603	135.904	25	32	51	176	#
604	104.428	5	25	41	176	#
605	56.5244	51	#
606	943.745	1	2	8	13	17	18	23	25	27	44	45	46	51	52	53	177	#
607	1180.84	2	3	13	15	19	21	22	26	37	40	46	48	57	59	61	177	#
608	1025.88	5	13	19	21	24	25	32	36	40	45	48	49	53	54	59	177	#
609	934.317	0	8	15	18	31	36	39	40	45	46	53	54	55	57	63	177	#
610	899.946	0	13	17	18	20	28	31	38	43	46	48	55	57	58	62	177	#
611	866.529	0	2	3	4	5	11	20	22	24	25	31	44	50	51	58	177	#
612	475.732	0	13	19	21	24	33	46	178	#
613	505.843	27	35	37	38	45	46	58	178	#
614	468.637	13	17	29	32	33	45	46	178	#
615	412.85	0	13	14	15	16	52	56	178	#
616	398.911	0	8	11	19	38	56	58	178	#
617	384.672	10	14	19	27	43	53	56	178	#
618	85.8567	32	#
619	532.473	1	5	14	22	31	34	38	46	50	62	179	#
620	688.064	22	23	35	37	41	44	54	56	57	58	179	#
621	686.697	5	16	30	34	36	41	44	56	57	61	179	#
622	676.263	1	24	27	31	36	41	45	49	54	62	179	#
623	630.09	1	14	21	31	32	35	37	43	50	58	179	#
624	627.9	5	14	26	27	30	36	38	49	57	58	179	#
625	842.704	8	14	15	16	30	32	41	46	47	48	54	57	180	#
626	909.821	2	7	8	10	11	31	41	43	46	48	57	58	180	#
627	803.538	3	5	10	14	20	21	22	27	32	42	51	61	180	#
628	746.837	13	14	16	21	33	41	42	49	53	57	61	62	180	#
629	716.08	9	11	15	29	30	32	37	40	43	46	49	54	180	#
630	666.861	8	12	13	15	16	36	45	48	51	53	56	61	180	#
631	177.46	5	29	33	39	181	#
632	233.273	27	32	33	39	181	#
633	232.118	29	42	47	52	181	#
634	159.23	5	19	22	41	181	#
635	95.5456	23	40	182	#
636	115.931	24	40	182	#
637	713.287	11	15	16	20	31	33	36	38	40	48	49	50	58	59	62	183	#
638	1040.45	1	3	7	9	10	13	23	24	28	30	31	34	37	47	59	183	#
639	1035.74	11	14	18	19	21	22	23	24	25	37	40	45	58	60	62	183	#
640	994.559	2	11	12	22	24	36	45	46	47	55	57	58	60	61	63	183	#
641	905.468	3	14	20	22	24	26	31	41	42	47	48	52	53	57	58	183	#
642	873.007	1	4	6	9	12	23	24	26	30	34	40	41	45	47	62	183	#
643	344.375	9	16	26	29	39	45	184	#
644	350.753	0	8	20	28	45	56	184	#
645	333.365	32	36	39	46	47	58	184	#
646	320.635	4	10	16	26	47	57	184	#
647	302.672	18	20	29	35	49	51	184	#
648	275.067	1	6	9	34	37	54	184	#
649	280.764	9	23	36	50	58	63	185	#
650	345.853	2	9	25	26	31	44	185	#
651	344.971	5	7	9	23	44	63	185	#
652	335.886	3	4	13	58	60	62	185	#
653	265.632	16	21	30	40	52	63	185	#
654	260.729	8	16	36	41	44	57	185	#
655	327.679	7	45	47	48	186	#
656	305.19	15	45	46	57	186	#
657	300.221	3	41	47	54	186	#
658	220.044	7	31	40	53	186	#
659	207.442	35	48	61	63	186	#
660	343.116	1	21	36	40	55	187	#
661	284.199	17	21	28	29	35	187	#
662	235.902	0	1	20	27	53	187	#
663	234.219	6	34	36	51	63	187	#
664	202.74	7	10	12	52	55	187	#
665	160.51	14	16	19	40	44	187	#
666	391.376	16	17	24	27	32	33	38	46	56	58	60	188	#
667	553.59	4	10	17	27	29	31	34	50	56	62	63	188	#
668	544.411	1	9	10	12	14	16	40	41	42	44	50	188	#
669	195.355	6	12	17	21	25	33	34	38	44	58	59	188	#
670	427.288	20	26	30	36	49	60	189	#
671	372.359	5	33	34	54	56	60	189	#
672	363.15	5	9	16	20	36	52	189	#
673	334.131	16	19	25	26	33	38	189	#
674	326.447	6	13	45	49	50	63	189	#
675	277.068	9	17	20	24	38	47	189	#
676	1181.92	0	11	13	19	24	27	31	32	37	38	44	45	54	58	62	63	190	#
677	1191.21	5	9	11	15	24	27	36	37	44	45	47	48	50	56	61	62	190	#
678	1182.9	3	4	5	7	10	14	27	35	38	45	46	47	56	60	61	62	190	#
679	1174.63	6	13	14	15	24	29	30	31	33	38	44	47	51	54	57	59	190	#
680	1076.71	7	11	12	15	24	27	31	34	45	46	47	48	50	51	58	63	190	#
681	968.65	2	5	10	15	19	24	26	27	29	30	32	39	45	46	49	59	190	#
682	842.773	8	14	17	22	26	35	40	54	56	57	59	60	62	63	191	#
683	1029.47	1	3	10	14	16	17	23	28	33	38	39	40	45	62	191	#
684	964.418	1	5	16	19	22	23	29	33	35	36	39	50	54	55	191	#
685	901.755	7	12	15	16	23	35	39	43	47	50	56	57	58	62	191	#
686	877.631	3	8	10	13	25	30	32	35	40	42	48	49	55	57	191	#
687	862.547	0	4	7	8	10	14	27	33	35	41	48	53	57	61	191	#
688	130.436	11	49	192	#
689	95.8504	49	63	192	#
690	79.9937	11	43	192	#
691	277.75	16	25	31	37	61	193	#
692	378.644	37	38	58	60	61	193	#
693	333.925	37	44	51	54	61	193	#
694	224.598	16	23	31	38	55	193	#
695	134.258	16	20	21	25	54	193	#
696	738.627	0	1	4	12	18	22	23	28	33	39	45	47	54	61	63	194	#
697	1092.58	3	12	15	17	23	24	26	29	34	37	48	51	54	57	62	194	#
698	991.166	0	2	10	12	14	16	20	24	26	30	33	50	51	57	63	194	#
699	990.343	0	4	12	15	16	23	26	29	33	42	46	47	50	57	63	194	#
700	971.329	10	12	13	26	29	33	35	36	40	44	52	54	55	57	61	194	#
701	952.744	1	2	3	8	15	18	26	27	29	33	35	40	45	52	61	194	#
702	499.989	13	20	28	35	42	49	54	56	195	#
703	633.411	13	17	28	36	37	38	57	61	195	#
704	595.256	6	11	13	22	35	36	45	58	195	#
705	594.662	11	24	25	28	38	51	56	62	195	#
706	593.716	2	3	7	15	24	43	49	63	195	#
707	517.09	3	5	20	31	36	37	49	63	195	#
708	1736.04	1	2	4	6	7	9	10	11	14	15	18	19	21	23	25	26	28	29	30	32	33	37	39	40	42	43	44	49	52	55	58	59	60	62	63	196	#
709	2348.6	0	1	2	3	4	5	7	11	12	13	16	18	20	21	23	25	27	30	31	32	37	39	40	46	47	48	50	52	53	54	57	59	61	62	63	196	#
710	2284.23	1	2	4	8	11	12	13	14	17	18	22	23	26	27	29	34	37	39	40	42	43	45	46	47	51	52	53	54	56	57	58	59	60	61	63	196	#
711	2265.31	0	2	5	7	9	11	13	14	15	16	20	23	24	25	26	27	30	31	32	33	34	39	40	42	44	45	47	48	49	50	51	56	57	58	63	196	#
712	2255.75	1	3	5	7	8	11	15	18	22	23	24	25	27	28	30	33	36	37	39	40	41	43	44	46	47	50	52	54	55	56	57	60	61	62	63	196	#
713	2236.13	1	4	5	6	7	9	10	11	13	17	18	19	20	23	26	27	29	30	32	37	40	41	44	45	47	49	52	53	55	56	57	58	60	61	62	196	#
714	936.466	0	1	4	5	6	7	13	15	21	34	37	39	40	47	48	49	197	#
715	1084.68	3	5	12	14	15	20	21	23	25	29	34	36	47	49	50	57	197	#
716	1076.11	0	2	9	20	29	30	31	34	37	44	46	48	51	54	56	59	197	#
717	1072.62	2	7	13	14	18	20	21	23	29	31	33	37	38	41	43	56	197	#
718	1069.24	0	1	5	13	15	32	36	37	38	45	50	51	54	55	56	61	197	#
719	1035.52	2	5	8	11	17	23	29	37	38	45	48	50	55	58	60	63	197	#
720	1974.68	2	4	6	9	11	12	14	20	23	24	25	31	32	33	35	36	37	39	40	41	42	43	44	45	52	57	58	59	60	61	198	#
721	2072.22	2	7	9	11	13	14	15	16	20	21	22	23	24	25	26	27	29	31	33	37	39	40	42	48	49	51	52	56	57	61	198	#
722	2016.23	0	1	2	5	7	12	13	15	19	25	27	28	29	32	35	36	39	40	41	42	47	49	51	52	56	57	58	59	60	61	198	#
723	2013.29	1	2	6	7	9	10	11	18	20	21	22	24	25	26	27	29	30	32	36	39	40	42	43	45	48	53	55	56	57	61	198	#
724	2001.24	0	1	3	4	7	12	13	14	15	17	20	21	23	25	28	29	32	34	36	37	40	41	43	45	47	48	52	53	56	61	198	#
725	1994.69	0	2	5	6	7	9	15	19	23	24	25	26	27	28	29	31	32	34	37	39	40	43	47	48	49	50	51	57	58	62	198	#
726	1439.46	2	3	10	11	14	18	19	23	27	36	37	44	46	50	54	55	57	59	60	61	62	199	#
727	1649.2	0	2	14	16	21	26	27	30	31	35	36	38	43	44	46	48	49	51	57	60	61	199	#
728	1484.22	2	3	9	18	19	20	23	25	26	29	31	32	33	36	37	39	44	48	50	57	59	199	#
729	1482.87	14	16	20	22	23	26	28	29	30	32	38	42	46	49	51	52	53	54	59	61	62	199	#
730	1419.73	1	2	3	7	10	11	18	20	21	30	36	39	41	43	46	50	52	53	57	61	62	199	#
731	1405.36	2	3	4	9	10	14	17	18	20	21	29	31	36	38	43	46	49	51	57	60	63	199	#
732	576.841	5	32	33	37	57	58	63	200	#
733	529.782	16	24	30	43	50	52	57	200	#
734	519.689	2	18	30	32	40	48	61	200	#
735	485.549	8	15	23	37	38	41	59	200	#
736	419.669	0	18	20	32	33	41	58	200	#
737	332.788	5	7	22	35	42	54	58	200	#
738	39.8704	28	33	201	#
739	30.9799	28	54	201	#
740	109.257	7	41	202	#
741	116.369	7	8	202	#
742	85.8499	41	50	202	#
743	1068.42	8	9	12	14	16	23	26	29	31	32	35	37	39	40	42	48	51	52	54	60	203	#
744	1238.2	1	15	16	18	22	26	29	30	37	39	43	45	46	47	48	49	52	54	59	61	203	#
745	1193.98	1	2	3	11	13	18	27	29	33	34	37	42	45	48	52	53	54	55	56	62	203	#
746	1181.66	2	11	14	17	18	21	22	23	24	27	31	33	40	46	49	52	55	56	57	63	203	#
747	1176.43	0	1	3	6	11	12	19	28	29	31	34	37	39	43	44	49	52	55	56	60	203	#
748	1151.11	0	2	3	8	14	15	16	22	23	25	26	28	31	32	39	47	49	56	59	60	203	#
749	297.848	1	8	9	11	16	25	32	62	204	#
750	383.605	0	16	32	34	37	40	42	58	204	#
751	359.389	2	4	5	11	20	23	25	41	204	#
752	355.266	2	6	7	9	11	20	25	27	204	#
753	700.725	5	6	7	11	13	14	16	40	41	52	53	57	60	205	#
754	952.83	3	7	17	36	37	48	52	53	54	57	59	60	62	205	#
755	882.785	6	17	18	23	24	26	35	37	45	47	55	57	59	205	#
756	793.842	13	18	23	30	41	47	50	51	52	55	57	60	61	205	#
757	761.545	22	27	32	40	41	46	50	52	55	57	61	62	63	205	#
758	694.535	2	5	7	13	19	22	28	40	48	51	52	56	63	205	#
759	909.196	0	1	6	7	9	25	26	27	30	31	32	34	39	47	49	206	#
760	1073.7	0	2	5	7	14	29	30	31	33	42	56	57	59	60	63	206	#
761	1030.77	0	5	9	20	22	25	32	40	45	46	47	50	53	56	57	206	#
762	997.234	2	3	5	9	22	25	27	31	33	38	40	41	47	50	57	206	#
763	914.56	1	2	5	6	8	13	14	19	22	26	40	46	49	53	61	206	#
764	904.863	4	6	10	11	13	17	25	26	32	40	41	46	47	50	51	206	#
765	851.556	9	11	22	30	37	39	40	42	44	45	62	207	#
766	773.057	0	3	10	16	37	41	44	47	56	57	62	207	#
767	767.008	6	16	20	30	35	39	40	51	55	61	62	207	#
768	747.468	3	4	7	12	29	31	32	37	44	45	58	207	#
769	661.578	2	3	5	22	28	30	44	49	51	58	59	207	#
770	619.218	4	7	11	22	27	28	31	44	45	47	54	207	#
771	112.074	41	48	208	#
772	50.6377	36	41	208	#
773	285.427	28	29	31	209	#
774	297.328	13	27	28	209	#
775	194.814	29	41	59	209	#
776	102.037	6	31	34	209	#
777	140.907	1	10	47	210	#
778	156.9	10	30	49	210	#
779	133.59	1	20	47	210	#
780	2025.46	0	1	2	3	4	8	12	13	15	16	17	19	22	23	24	25	34	37	40	45	46	48	51	52	54	55	60	61	62	63	211	#
781	2158.71	1	3	7	8	9	13	16	22	25	28	29	30	31	33	35	36	37	39	40	42	43	47	48	49	50	54	56	59	62	63	211	#
782	2125.48	1	3	4	5	7	11	17	18	22	23	24	26	27	28	29	31	34	35	36	39	41	43	45	48	54	57	59	61	62	63	211	#
783	2122.84	0	1	2	5	7	13	14	16	17	18	22	24	25	26	29	32	33	34	36	39	40	42	47	48	50	54	56	59	60	61	211	#
784	2091.21	1	3	4	8	15	18	19	20	23	24	26	27	29	31	32	33	34	37	39	42	47	48	51	54	55	56	57	59	61	62	211	#
785	2085.62	1	3	5	8	9	11	13	16	17	21	22	23	24	26	32	33	34	36	37	38	40	43	45	50	51	54	55	56	60	61	211	#
786	143.68	36	44	212	#
787	205.902	29	36	212	#
788	67.9861	6	44	212	#
789	210.838	5	7	37	#
790	125.84	12	27	28	34	213	#
791	119.444	12	39	50	58	213	#
792	74.7979	0	4	28	43	213	#
793	387.706	1	4	13	16	27	39	49	214	#
794	538.544	1	7	29	35	47	49	56	214	#
795	507.681	2	3	13	19	37	39	59	214	#
796	482.675	8	13	17	26	32	36	45	214	#
797	443.379	3	21	27	39	46	57	58	214	#
798	387.706	16	18	26	47	49	50	52	214	#
799	845.98	3	5	7	28	32	35	39	40	41	44	45	48	56	58	59	61	215	#
800	1150.19	2	3	13	17	27	28	30	35	37	40	45	46	49	51	54	63	215	#
801	1050.4	2	4	10	11	27	31	32	35	41	43	45	46	48	49	59	60	215	#
802	1049.2	7	8	13	20	23	28	30	32	34	35	44	45	46	56	57	59	215	#
803	992.225	3	5	6	7	14	21	22	31	35	37	39	40	44	45	59	62	215	#
804	949.203	0	2	16	17	25	27	28	29	30	31	34	35	36	37	44	63	215	#
805	807.222	1	5	11	17	20	21	24	28	39	48	53	57	59	60	216	#
806	959.999	0	14	17	18	19	24	26	27	31	36	48	49	53	62	216	#
807	917.774	11	14	16	26	28	29	30	32	40	48	53	56	58	60	216	#
808	842.107	1	12	15	18	23	27	31	35	36	37	51	54	56	59	216	#
809	825.144	1	4	17	22	25	26	28	29	31	32	44	46	55	59	216	#
810	821.208	2	18	20	22	23	24	26	34	36	43	47	53	60	62	216	#
811	442.921	7	16	17	21	32	46	47	59	217	#
812	622.446	1	10	23	25	34	41	47	57	217	#
813	601.548	23	26	30	32	37	49	51	54	217	#
814	566.221	2	3	17	21	34	40	49	50	217	#
815	472.905	2	16	17	21	23	26	29	59	217	#
816	408.339	1	6	14	17	21	30	34	60	217	#
817	1016.02	0	11	18	23	31	32	36	45	47	51	55	56	57	62	218	#
818	871.11	1	2	16	18	27	33	36	40	45	47	49	56	57	62	218	#
819	865.376	0	1	13	20	22	33	34	41	46	52	53	56	60	62	218	#
820	768.758	7	11	19	26	29	38	40	41	47	51	53	56	59	60	218	#
821	768.397	0	3	4	6	13	21	22	31	34	36	46	49	54	59	218	#
822	755.188	1	2	3	4	12	20	25	26	27	34	39	51	55	59	218	#
823	159.403	1	42	56	219	#
824	210.427	1	45	47	219	#
825	124.846	4	12	56	219	#
826	92.0312	13	22	42	219	#
827	272.638	6	12	22	30	34	39	63	220	#
828	408.924	1	16	18	22	26	34	50	220	#
829	370.736	16	33	34	39	47	48	55	220	#
830	262.857	17	30	33	42	47	49	53	220	#
831	182.635	8	9	33	38	41	52	63	220	#
832	78.2613	14	30	221	#
833	19.3831	22	30	221	#
834	817.422	6	10	18	23	26	30	39	40	44	46	47	50	53	54	62	222	#
835	1037.03	10	16	20	21	22	26	29	34	38	40	43	46	60	61	62	222	#
836	986.687	7	8	10	20	21	26	30	32	42	46	47	50	51	60	63	222	#
837	953.246	7	8	17	21	31	35	39	40	41	45	52	53	55	56	60	222	#
838	930.995	10	12	13	16	21	22	23	28	30	40	47	52	56	58	61	222	#
839	925.939	1	5	8	9	10	13	14	16	26	29	30	42	49	51	62	222	#
840	226.157	9	15	21	23	28	35	223	#
841	318.766	1	4	23	31	33	54	223	#
842	312.294	10	16	28	30	39	63	223	#
843	310.609	9	15	19	38	56	59	223	#
844	227.969	5	10	15	18	44	55	223	#
845	182.267	1	17	21	23	28	53	223	#
846	407.602	1	15	16	39	47	52	55	62	224	#
847	604.765	2	6	7	8	37	44	52	56	224	#
848	534.815	1	6	10	11	19	29	39	56	224	#
849	459.317	1	17	29	32	34	38	50	62	224	#
850	450.522	2	9	22	27	53	57	61	62	224	#
851	414.141	1	16	17	34	47	51	57	62	224	#
852	709.558	1	5	15	17	21	24	27	31	43	48	55	56	57	225	#
853	882.762	1	6	25	27	28	31	45	50	51	52	53	59	62	225	#
854	879.41	0	9	15	20	22	24	27	30	31	34	46	50	52	225	#
855	839.996	6	11	14	21	26	30	37	42	47	50	52	58	61	225	#
856	768.68	3	5	9	11	25	30	32	42	46	47	48	57	61	225	#
857	766.89	5	6	7	12	14	17	18	22	25	35	40	56	58	225	#
858	567.875	13	17	20	35	40	226	#
859	480.363	13	22	35	53	61	226	#
860	426.871	5	17	29	61	62	226	#
861	388.481	17	28	33	39	40	226	#
862	362.33	19	20	24	29	43	226	#
863	354.665	1	35	49	55	56	226	#
864	1520.14	3	4	10	13	15	17	19	22	24	26	27	29	34	38	39	41	42	44	45	47	48	51	57	58	60	61	62	227	#
865	1828.19	1	4	8	14	18	19	21	23	24	25	26	28	29	30	32	37	38	41	42	47	50	52	54	56	57	62	63	227	#
866	1760.64	2	3	4	8	9	10	19	22	23	24	25	32	37	38	40	41	44	45	49	50	51	53	54	55	57	61	63	227	#
867	1713.99	3	4	6	13	18	21	22	23	25	26	27	28	29	32	35	41	42	43	45	46	50	51	52	57	61	62	63	227	#
868	1712.4	3	6	7	10	11	14	18	19	20	21	22	25	26	28	29	35	38	39	42	43	47	50	51	57	59	62	63	227	#
869	1709.55	5	8	15	16	17	18	20	21	22	25	29	33	34	35	37	38	39	41	44	46	47	48	57	59	61	62	63	227	#
870	329.516	1	7	22	26	27	60	228	#
871	478.678	6	26	31	35	44	52	228	#
872	428.807	1	10	28	35	51	52	228	#
873	357.82	4	20	21	28	56	60	228	#
874	320.705	5	6	7	22	37	39	228	#
875	261.599	4	9	19	27	31	59	228	#
876	171.096	1	21	49	229	#
877	139.283	6	21	37	229	#
878	98.5077	14	49	230	#
879	108.467	49	59	230	#
880	184.014	27	35	231	#
881	192.907	35	61	231	#
882	89.3629	59	#
883	585.495	3	16	22	31	36	40	41	44	47	56	61	232	#
884	704.63	3	13	14	22	31	40	47	51	53	57	61	232	#
885	668.492	7	11	27	29	33	38	40	45	46	47	51	232	#
886	658.453	4	6	7	15	24	30	31	38	42	48	57	232	#
887	623.892	5	14	15	17	22	31	38	40	42	50	61	232	#
888	616.208	0	3	16	28	36	41	48	56	61	62	63	232	#
889	220.229	16	22	40	48	233	#
890	292.594	3	22	42	61	233	#
891	213.712	41	46	48	58	233	#
892	151.207	6	34	40	57	233	#
893	327.256	5	30	44	47	234	#
894	326.112	5	14	33	37	234	#
895	275.767	11	17	35	47	234	#
896	245.836	9	15	30	51	234	#
897	85.7069	16	44	49	53	234	#
898	2495.44	0	1	3	4	5	6	7	8	9	10	12	13	14	15	16	17	18	20	21	22	24	25	26	27	28	29	30	31	34	36	37	38	39	40	41	42	43	44	46	47	50	51	52	53	54	55	56	57	58	59	60	61	62	235	#
899	2800.42	0	1	2	3	4	5	6	7	11	12	13	14	15	18	19	20	21	22	24	25	26	27	28	29	30	31	32	34	35	36	37	39	40	41	43	44	45	46	47	48	49	50	51	52	53	54	55	56	57	58	61	62	63	235	#
900	2785.69	0	1	2	3	4	5	7	8	9	11	12	14	15	17	18	19	21	22	23	24	25	26	27	28	29	31	32	33	34	35	36	37	39	40	42	44	45	46	47	48	49	50	51	53	54	55	56	57	58	59	60	62	63	235	#
901	2778.69	0	1	2	3	4	5	6	7	9	10	11	14	15	16	17	18	19	20	21	22	23	24	25	26	27	28	29	30	31	32	34	35	37	40	42	43	45	46	47	48	49	51	52	53	54	55	56	57	58	60	61	62	63	235	#
902	2770.2	0	1	2	3	4	5	6	7	9	10	11	12	13	14	16	17	18	20	22	23	24	25	26	27	28	29	30	31	32	33	34	37	38	39	40	43	44	45	46	47	48	49	52	53	54	55	56	57	58	59	61	62	63	235	#
903	2764.93	0	1	2	3	4	5	6	7	8	9	11	12	13	15	17	18	20	21	22	23	24	25	26	27	29	30	31	35	36	37	38	39	40	41	42	44	45	46	47	48	49	50	51	53	54	55	56	57	58	60	61	62	63	235	#
904	121.546	19	47	236	#
905	180.088	39	47	236	#
906	91.3302	19	56	236	#
907	72.013	17	28	237	#
908	44.8523	17	48	237	#
909	29.2488	28	59	237	#
910	751.025	7	12	16	18	19	20	25	28	30	32	53	56	59	238	#
911	927.023	2	14	21	24	32	33	37	42	45	48	49	50	55	238	#
912	875.905	0	3	14	17	18	19	23	37	39	44	56	60	62	238	#
913	852.018	5	9	11	12	25	32	37	47	51	53	56	60	63	238	#
914	819.813	7	11	17	19	21	22	31	32	35	44	50	60	62	238	#
915	803.23	2	12	14	17	21	24	25	35	37	38	53	59	60	238	#
916	513.039	5	14	16	23	24	28	33	36	47	56	239	#
917	751.666	6	11	12	13	32	43	44	47	59	62	239	#
918	726.114	0	8	11	23	31	32	35	37	59	63	239	#
919	697.661	1	10	11	25	31	32	35	43	56	58	239	#
920	664.492	2	6	7	9	24	30	35	37	44	47	239	#
921	663.5	2	3	13	30	31	33	35	36	51	54	239	#
922	69.2172	8	34	#
923	476.979	0	1	18	23	33	36	58	62	240	#
924	544.191	1	11	18	19	21	53	57	62	240	#
925	520.773	1	6	8	9	13	21	23	24	240	#
926	516.997	16	32	35	36	38	55	56	62	240	#
927	503.592	2	8	17	18	22	27	35	57	240	#
928	478.098	0	8	16	23	27	56	59	62	240	#
929	891.827	1	2	5	7	11	15	16	19	23	27	33	34	41	43	47	53	55	58	241	#
930	1233.57	2	3	7	11	19	20	21	23	28	35	36	37	41	46	55	57	61	62	241	#
931	1082.42	2	3	7	8	9	11	18	19	23	27	36	37	38	46	47	55	61	63	241	#
932	1022.8	3	9	13	15	20	21	23	24	36	39	40	41	42	43	55	56	57	60	241	#
933	1002.86	2	3	5	6	10	11	14	28	29	32	33	35	37	39	42	53	54	61	241	#
934	983.179	3	4	5	15	17	22	23	24	26	30	31	32	34	53	54	55	57	61	241	#
935	1193.89	5	6	7	8	9	21	26	30	31	32	34	38	45	46	48	50	58	61	242	#
936	1165.21	1	2	5	6	8	10	11	18	20	29	31	40	41	45	46	48	56	57	242	#
937	1129.8	0	2	5	7	12	16	20	25	34	35	36	37	44	47	51	53	61	63	242	#
938	1124.73	4	5	6	7	13	16	20	26	27	28	29	30	37	42	49	51	60	61	242	#
939	1116.03	1	7	8	10	12	15	16	20	23	24	29	31	34	36	45	46	59	63	242	#
940	1087.61	1	4	5	9	16	17	20	24	26	30	40	45	47	48	50	56	57	61	242	#
941	479.873	1	11	13	27	38	44	53	243	#
942	543.646	5	7	23	37	39	44	54	243	#
943	487.66	1	33	38	39	47	54	57	243	#
944	410.041	13	18	19	34	36	38	61	243	#
945	400.757	13	17	25	28	39	57	63	243	#
946	396.923	12	18	24	40	43	53	61	243	#
947	508.145	16	23	29	30	49	51	53	54	244	#
948	488.003	3	4	13	19	20	28	51	59	244	#
949	485.688	2	10	33	45	49	53	54	58	244	#
950	453.182	9	17	18	25	29	45	56	59	244	#
951	382.385	5	7	17	23	44	46	50	63	244	#
952	379.438	4	11	22	25	40	54	55	56	244	#
953	135.415	18	46	245	#
954	148.255	17	46	245	#
955	135.489	18	30	245	#
956	151.966	7	25	54	246	#
957	73.9497	25	39	43	246	#
958	67.0983	19	44	54	246	#
959	361.647	32	39	41	44	52	61	247	#
960	408.99	20	44	48	54	57	59	247	#
961	258.862	16	30	34	39	52	54	247	#
962	238.978	4	7	21	39	41	43	247	#
963	226.025	8	12	14	17	19	39	247	#
964	212.475	9	41	46	49	50	61	247	#
965	736.642	0	6	9	11	12	13	22	36	39	46	48	53	56	60	61	248	#
966	997.899	0	3	4	6	9	17	22	26	34	36	45	46	57	59	62	248	#
967	927.646	0	6	10	11	19	20	24	28	36	47	49	55	57	59	61	248	#
968	903.208	5	8	9	10	11	25	34	37	40	43	45	51	59	60	61	248	#
969	886.478	0	2	3	7	8	9	11	12	13	19	25	26	28	44	59	248	#
970	846.455	3	7	9	11	12	14	30	35	36	37	38	39	46	50	57	248	#
971	508.171	10	14	16	25	26	35	40	42	50	55	249	#
972	711.276	5	9	10	14	29	47	48	50	57	62	249	#
973	673.554	1	6	7	8	10	12	27	38	52	60	249	#
974	638.619	7	21	27	31	32	35	41	43	48	53	249	#
975	633.913	15	16	18	27	29	37	44	45	46	54	249	#
976	616.007	2	3	6	8	11	21	25	47	50	53	249	#
977	1085.51	0	3	16	22	26	29	33	36	40	41	42	45	46	55	59	62	250	#
978	1145.95	0	1	3	6	9	13	24	26	30	32	35	38	44	45	49	60	250	#
979	1089.77	1	4	6	8	12	13	14	16	29	34	35	38	46	49	56	57	250	#
980	1072.33	1	5	8	13	16	20	24	26	27	35	37	43	52	55	62	63	250	#
981	1049.61	0	2	3	8	11	13	22	23	30	35	39	46	49	50	56	57	250	#
982	1037.82	2	8	13	16	19	23	29	31	40	42	46	49	53	57	61	62	250	#
983	171.543	27	30	35	39	251	#
984	110.807	20	34	39	40	251	#
985	87.1469	6	18	40	252	#
986	114.918	7	18	43	252	#
987	93.7219	6	9	25	252	#
988	641.012	14	28	29	34	35	44	54	61	253	#
989	637.756	6	7	25	37	40	47	55	61	253	#
990	628.522	7	9	17	20	43	54	55	57	253	#
991	623.906	5	21	27	29	35	42	56	61	253	#
992	535.988	9	23	24	27	29	31	50	55	253	#
993	486.977	5	7	28	30	37	39	45	56	253	#
994	515.043	0	2	4	12	13	16	17	21	22	25	27	33	34	52	54	59	60	62	254	#
995	744.482	4	6	8	12	14	24	25	30	33	36	42	47	50	51	55	56	60	62	254	#
996	730.434	0	4	7	11	14	15	20	22	29	31	33	38	39	43	44	46	50	55	254	#
997	703.472	4	6	13	15	18	22	25	26	28	31	32	43	45	53	55	59	60	61	254	#
998	665.963	5	6	8	9	16	20	23	27	30	33	36	37	39	41	54	58	59	60	254	#
999	977.403	1	5	8	20	23	24	27	30	42	43	45	48	49	54	56	62	255	#
1000	1103.79	1	2	13	25	28	30	31	35	39	40	44	48	54	58	60	62	255	#
1001	1005.42	8	20	22	24	35	37	38	41	44	48	49	53	54	55	56	61	255	#
1002	981.766	3	7	9	17	21	24	25	27	28	31	35	49	51	52	53	54	255	#
1003	961.654	4	8	27	30	31	34	38	40	44	47	48	49	50	54	56	58	255	#
1004	949.622	0	4	5	11	16	22	25	28	29	30	32	40	45	53	54	62	255	#
