%% File generated by CATS v.2.1Wed Jun 22 10:37:23 2022

%% The CATS webpage is http://robotics.stanford.edu/CATS

%% PARAMETER SETTINGS:
% Goods: 64; Bids: 1000; Distribution: arbitrary; Runs: 1; Seed: 1656572372
% Arbitrary Distribution Parameters:
% Max Substitutable Bids = 5
% Removing HV Neighbor   = 0.1
% Adding DIAG Neighbor   = 0.2
% Additional Location    = 0.9
% Additivity             = 0.2
% Budget Factor          = 1.5
% Resale Factor          = 0.5
% Uniform Private Value:
%   Deviation            = 0.5
%   Max Good Value       = 100



goods 64
bids 1002
dummy 181

0	1613.42	4	11	13	16	18	19	22	23	24	25	26	31	34	35	37	41	42	43	51	54	63	64	#
1	1722.35	0	1	3	9	13	14	15	16	19	23	25	28	29	42	43	44	52	55	57	60	63	64	#
2	1624.4	9	16	20	21	23	24	25	28	29	32	34	42	43	44	50	52	55	56	57	60	63	64	#
3	1622.51	1	7	13	14	16	18	19	20	21	22	23	27	28	31	34	37	42	43	49	52	57	64	#
4	1567.87	1	6	9	10	11	18	19	23	24	26	28	32	34	35	44	45	51	54	56	59	63	64	#
5	1507.55	6	9	14	15	16	19	21	22	25	26	29	32	34	37	42	50	51	52	53	60	63	64	#
6	92.5706	24	#
7	526.824	9	15	21	26	28	29	43	48	57	65	#
8	724.248	7	12	19	21	23	29	39	48	55	65	#
9	714.937	6	8	9	11	23	26	30	44	54	65	#
10	680.421	6	11	13	18	26	30	42	45	61	65	#
11	661.112	7	14	15	19	21	23	33	34	56	65	#
12	641.759	15	19	30	32	37	38	45	48	60	65	#
13	220.491	1	41	53	57	66	#
14	247.309	4	18	52	53	66	#
15	226.781	30	46	47	57	66	#
16	805.587	1	17	23	27	31	38	39	41	42	45	49	50	61	67	#
17	1094.31	5	8	9	14	15	16	20	23	27	36	39	60	61	67	#
18	1088.25	2	3	6	17	24	27	32	37	44	50	53	55	60	67	#
19	1045.61	2	3	6	10	14	23	29	36	37	38	42	45	55	67	#
20	1017.41	1	6	15	21	23	35	39	45	47	48	53	55	59	67	#
21	1015.58	2	15	20	22	27	34	37	39	41	43	45	47	60	67	#
22	666.842	2	7	8	13	33	59	62	63	68	#
23	722.586	4	7	9	10	14	17	53	60	68	#
24	708.757	2	9	10	13	19	28	31	59	68	#
25	646.546	2	4	13	26	48	53	59	63	68	#
26	626.291	14	19	24	37	39	47	58	62	68	#
27	619.998	9	13	19	25	33	39	43	47	68	#
28	246.901	1	3	23	52	69	#
29	335.864	32	50	52	60	69	#
30	260.248	23	30	38	61	69	#
31	217.84	3	5	12	29	69	#
32	555.884	4	10	18	22	25	27	31	49	50	52	70	#
33	814.855	11	13	25	26	40	49	52	55	58	61	70	#
34	780.95	4	9	12	28	29	44	49	52	56	59	70	#
35	776.57	4	8	11	14	18	23	26	45	49	53	70	#
36	776.301	15	22	23	28	38	40	41	50	53	55	70	#
37	669.923	13	21	23	28	31	35	41	43	48	50	70	#
38	94.512	3	#
39	203.947	10	59	71	#
40	207.266	59	60	71	#
41	116.616	10	33	71	#
42	2225.86	1	5	7	9	12	14	16	19	20	21	22	27	28	31	32	33	34	36	37	38	42	43	44	48	50	51	55	57	58	59	63	72	#
43	2466.13	1	2	3	4	5	7	9	10	11	12	14	16	21	25	30	32	34	35	36	37	38	40	41	44	45	47	50	53	55	57	58	72	#
44	2408.6	1	3	5	7	8	10	11	12	13	14	17	19	21	22	25	27	32	34	36	37	39	41	44	45	49	51	53	57	58	59	63	72	#
45	2393.19	1	3	4	7	8	9	11	14	16	19	20	22	25	27	28	29	30	32	33	34	35	37	40	41	42	45	46	50	55	58	63	72	#
46	2391.39	1	3	4	5	7	8	9	10	12	13	14	15	17	20	22	25	27	32	34	35	36	37	38	40	42	44	45	51	53	54	55	72	#
47	2339.24	0	1	3	4	5	7	8	9	12	13	16	17	19	22	27	31	32	34	35	36	37	42	44	45	48	49	51	53	54	56	58	72	#
48	744.929	3	4	8	17	21	26	27	43	51	54	55	57	73	#
49	976.297	9	10	21	28	33	34	49	53	55	57	58	59	73	#
50	969.571	0	7	11	21	32	34	47	54	55	57	58	63	73	#
51	890.195	7	26	34	38	41	43	46	49	55	59	60	63	73	#
52	864.635	1	4	6	9	21	37	47	48	49	56	57	58	73	#
53	812.639	8	18	21	29	31	34	40	49	51	55	57	63	73	#
54	174.08	8	46	74	#
55	191.141	8	41	74	#
56	1508.11	1	6	9	10	13	15	18	23	24	27	29	30	34	37	43	47	48	50	51	53	57	59	62	75	#
57	1687.37	4	9	13	14	18	19	22	23	24	27	34	36	37	39	43	45	47	49	51	55	57	61	63	75	#
58	1614.51	1	6	9	12	13	18	19	21	22	27	28	29	34	40	43	44	45	51	52	53	57	61	63	75	#
59	1567.39	4	13	14	16	18	21	22	24	25	27	28	29	30	36	40	44	48	49	50	52	60	61	63	75	#
60	1540.69	6	7	10	11	13	15	16	21	23	24	29	34	39	40	41	42	47	50	51	55	57	60	61	75	#
61	1505.64	1	2	6	9	11	13	16	18	22	25	26	27	29	31	34	45	48	53	54	55	57	61	63	75	#
62	430.025	4	10	29	40	41	57	76	#
63	529.095	4	31	34	39	60	61	76	#
64	479.423	10	19	31	34	40	49	76	#
65	457.526	4	7	34	48	54	57	76	#
66	455.362	17	31	34	41	43	51	76	#
67	421.724	7	10	18	29	41	51	76	#
68	1481.23	1	3	4	5	7	8	12	14	17	20	22	26	29	37	41	43	44	46	53	56	59	63	77	#
69	1727.61	3	4	7	8	9	10	13	14	20	22	24	25	26	28	31	35	44	45	47	55	56	63	77	#
70	1694.01	1	7	8	9	14	17	24	26	28	31	33	37	42	43	44	45	47	52	53	55	56	59	77	#
71	1609.18	1	3	4	7	8	9	11	14	18	20	24	26	33	37	38	43	46	52	54	56	57	59	77	#
72	1601.22	1	3	7	8	10	14	17	20	22	24	31	33	35	43	44	45	47	48	55	56	59	61	77	#
73	1595.29	1	3	4	8	11	13	19	20	22	25	26	31	37	43	44	45	46	47	52	54	56	57	77	#
74	674.895	4	7	14	15	20	21	28	34	49	59	62	78	#
75	872.524	1	7	19	21	27	28	32	34	40	54	61	78	#
76	843.015	2	6	7	14	20	21	23	32	56	60	61	78	#
77	775.712	4	8	12	15	21	31	32	34	40	60	61	78	#
78	762.6	4	7	9	10	17	24	26	33	34	42	43	78	#
79	756.598	4	7	13	23	30	34	36	38	54	55	56	78	#
80	293.681	7	19	29	49	53	79	#
81	409.347	0	11	19	35	42	79	#
82	405.067	2	5	7	17	50	79	#
83	387.481	4	14	26	29	55	79	#
84	376.494	13	34	35	37	49	79	#
85	342.922	2	48	53	57	61	79	#
86	823.245	4	7	8	12	23	24	28	39	53	80	#
87	872.911	12	22	23	25	26	34	37	58	61	80	#
88	745.108	5	8	10	12	17	24	30	51	59	80	#
89	736.485	12	16	17	18	24	29	39	58	63	80	#
90	712.753	8	12	22	24	30	32	56	57	62	80	#
91	682.953	6	7	8	10	23	27	41	44	47	80	#
92	158.611	10	35	81	#
93	215.696	10	28	81	#
94	96.7368	16	35	81	#
95	231.611	11	24	38	61	82	#
96	323.772	7	24	27	42	82	#
97	295.969	4	18	34	38	82	#
98	120.492	11	17	38	47	82	#
99	1577.88	1	2	3	5	7	8	15	16	18	22	23	24	26	27	31	32	33	37	47	50	52	54	56	83	#
100	1789.02	2	3	4	6	7	8	12	17	22	23	25	26	34	37	40	45	47	48	53	55	57	59	63	83	#
101	1787.63	3	4	7	8	9	10	11	13	15	16	17	22	28	29	37	38	40	51	53	57	58	61	63	83	#
102	1777.19	0	3	4	9	10	11	15	17	18	23	24	25	28	29	30	32	34	37	38	40	47	52	58	83	#
103	1772.94	1	2	3	5	7	13	17	18	19	20	22	23	25	26	29	35	37	38	52	53	56	57	58	83	#
104	1713.11	0	2	3	8	9	10	11	13	16	17	19	20	22	25	28	37	55	56	59	60	61	62	63	83	#
105	2428.61	0	2	3	4	6	7	8	10	12	13	15	16	19	20	21	22	23	25	28	29	32	33	36	38	41	42	45	46	47	50	52	53	54	55	56	57	58	60	61	62	63	84	#
106	2843.17	2	4	5	6	7	9	10	12	13	14	15	18	21	22	23	24	25	26	30	31	32	34	36	37	38	40	41	42	43	44	45	46	47	48	53	54	57	58	60	61	62	84	#
107	2840.62	1	2	3	4	5	6	7	8	10	12	13	14	15	18	20	22	23	24	25	26	28	31	32	36	38	40	41	42	45	46	48	51	52	53	54	57	58	60	61	62	63	84	#
108	2826.11	2	3	4	5	6	7	8	10	12	13	14	15	18	21	22	23	25	26	28	30	32	35	36	37	38	40	42	44	45	48	49	51	52	53	54	55	57	60	61	62	63	84	#
109	2821.86	2	4	5	6	7	8	10	12	13	14	15	17	19	20	21	22	25	26	28	30	31	32	33	35	36	37	38	40	42	45	47	48	52	54	57	58	59	60	61	62	63	84	#
110	2818.69	1	2	3	4	5	6	7	8	9	10	12	13	15	18	22	23	25	26	28	29	30	31	35	36	37	38	40	41	42	44	46	47	48	52	54	55	57	58	60	62	63	84	#
111	331.837	1	33	36	42	56	85	#
112	419.567	5	36	51	57	60	85	#
113	382.486	26	33	39	46	54	85	#
114	340.042	12	37	42	54	56	85	#
115	338.865	4	12	14	44	56	85	#
116	305.731	1	5	16	39	50	85	#
117	392.04	2	13	14	31	51	63	86	#
118	552.358	10	13	22	29	52	63	86	#
119	536.215	8	13	44	60	61	63	86	#
120	468.922	2	12	14	18	27	63	86	#
121	425.973	6	13	14	31	36	57	86	#
122	424.86	13	18	20	22	27	51	86	#
123	129.127	12	44	87	#
124	130.467	12	56	87	#
125	85.8407	17	44	87	#
126	1302.72	3	6	11	13	16	22	23	28	29	33	36	37	39	44	45	52	54	88	#
127	1446.53	0	3	6	7	11	22	23	30	33	37	42	45	53	54	55	58	59	88	#
128	1315.66	0	1	3	5	8	10	19	20	22	28	34	35	42	44	45	48	53	88	#
129	1310.84	0	2	5	6	11	18	20	29	32	34	37	38	42	44	51	58	61	88	#
130	1305.81	2	8	13	20	23	26	33	34	39	40	41	42	44	45	50	55	60	88	#
131	1302.9	1	6	8	11	16	20	23	26	28	34	35	37	38	52	54	58	61	88	#
132	633.976	0	13	17	23	29	49	54	56	60	89	#
133	668.245	0	3	7	18	38	48	50	52	60	89	#
134	655.441	6	7	12	22	25	32	48	52	54	89	#
135	624.086	11	13	16	17	19	25	26	55	60	89	#
136	619.419	0	6	11	13	21	50	54	57	60	89	#
137	580.894	4	5	6	13	31	33	38	49	60	89	#
138	1012.98	0	4	5	8	24	25	37	45	50	52	57	59	60	61	90	#
139	1137.67	0	5	8	12	13	17	26	35	36	48	52	58	61	63	90	#
140	1128.9	3	8	14	18	19	26	34	39	44	52	56	57	61	63	90	#
141	1095.29	0	8	13	16	17	21	26	30	36	46	55	57	61	62	90	#
142	1089.5	1	6	12	13	16	25	28	34	41	42	45	50	58	59	90	#
143	1039.93	10	19	25	26	27	30	32	36	50	52	53	57	60	63	90	#
144	340.578	17	29	40	51	53	91	#
145	440.777	13	29	37	45	63	91	#
146	409.446	3	17	29	43	53	91	#
147	197.85	11	15	20	24	51	91	#
148	490.074	2	8	16	21	31	36	62	92	#
149	588.066	11	31	34	36	55	58	60	92	#
150	581.022	16	24	26	39	40	42	49	92	#
151	545.292	2	4	8	17	36	41	49	92	#
152	538.995	2	12	14	31	37	45	61	92	#
153	535.831	5	10	21	26	32	45	60	92	#
154	434.318	30	32	54	58	61	93	#
155	515.308	9	26	32	40	58	93	#
156	447.315	30	34	49	55	58	93	#
157	423.065	1	5	28	35	61	93	#
158	338.401	23	38	52	54	60	93	#
159	87.5411	33	39	94	#
160	68.5173	21	39	94	#
161	1874.01	1	3	4	5	8	12	19	23	26	27	28	29	30	31	32	33	37	47	49	52	53	55	63	95	#
162	2074.98	0	4	11	12	16	17	18	23	24	28	32	34	36	39	40	42	45	46	47	50	55	58	63	95	#
163	1905.21	3	4	13	15	17	18	22	23	26	31	32	33	34	36	40	43	49	53	54	55	57	62	63	95	#
164	1783.13	2	4	5	11	12	13	15	16	17	24	25	26	28	30	31	32	33	34	46	55	56	62	63	95	#
165	1738.59	1	4	5	8	11	13	15	16	19	20	22	23	25	26	28	38	46	49	55	57	58	62	63	95	#
166	1737.89	1	2	5	11	13	15	18	25	26	27	32	33	34	35	36	46	47	48	49	55	57	58	63	95	#
167	228.079	3	37	63	96	#
168	189.388	3	35	58	96	#
169	170.299	12	15	37	96	#
170	139.257	25	63	97	#
171	194.794	46	63	97	#
172	100.806	16	25	97	#
173	348.778	9	14	17	29	43	49	98	#
174	428.87	2	9	18	30	31	37	98	#
175	409.543	14	16	19	39	43	49	98	#
176	404.196	8	17	21	26	43	53	98	#
177	390.718	10	29	31	43	45	53	98	#
178	326.534	10	17	24	27	31	39	98	#
179	1112.48	0	3	5	14	24	29	32	38	39	40	42	49	51	52	53	56	99	#
180	1373.69	0	3	5	7	11	13	18	22	23	25	27	30	40	52	58	59	99	#
181	1278.79	0	2	3	5	16	18	19	24	26	29	36	38	40	41	47	50	99	#
182	1269.48	0	2	11	16	18	22	29	38	40	48	49	52	53	58	59	61	99	#
183	1251.07	0	2	13	19	20	23	26	27	28	30	36	41	42	51	52	56	99	#
184	1221.4	2	9	11	16	23	24	27	29	38	40	42	47	48	52	53	57	99	#
185	331.79	3	8	26	100	#
186	299.505	3	26	30	100	#
187	240.437	3	23	53	100	#
188	185.784	8	33	52	100	#
189	414.859	28	38	40	48	57	101	#
190	495.022	28	34	48	53	57	101	#
191	442.112	9	28	49	57	61	101	#
192	423.872	10	28	46	52	57	101	#
193	334.791	12	15	17	40	50	101	#
194	183.483	11	13	21	38	52	101	#
195	1376.04	0	1	3	4	15	19	20	21	22	24	30	33	35	42	47	51	53	54	55	56	60	102	#
196	1543.62	0	1	2	4	5	7	11	12	13	19	20	23	32	38	47	49	53	55	57	59	60	102	#
197	1509	0	1	5	7	13	15	16	19	25	30	35	36	38	39	42	51	53	55	57	59	61	102	#
198	1478.31	0	2	4	5	7	13	16	22	25	27	33	35	39	40	42	43	54	55	56	57	63	102	#
199	1472.18	2	5	7	9	13	18	21	22	23	27	30	33	38	41	42	45	49	55	57	58	60	102	#
200	1468.93	3	7	9	12	18	19	20	21	22	25	27	32	37	38	43	49	55	56	57	60	63	102	#
201	749.945	0	3	13	16	23	26	46	52	103	#
202	726.943	4	9	16	22	37	40	46	57	103	#
203	681.754	0	2	4	22	23	40	51	52	103	#
204	665.92	0	3	4	13	25	49	51	58	103	#
205	607.064	2	3	4	10	22	26	35	55	103	#
206	600.492	3	13	16	24	41	47	56	63	103	#
207	268.352	14	62	63	104	#
208	346.508	7	12	14	104	#
209	309.922	33	37	63	104	#
210	252.592	39	62	63	104	#
211	1485.09	3	4	7	9	18	19	21	25	28	29	30	31	40	44	45	47	50	53	56	59	62	105	#
212	1757.9	0	5	9	16	18	19	23	24	28	30	32	40	42	44	45	46	50	56	57	59	61	105	#
213	1695.3	5	7	9	10	14	16	19	20	22	23	25	28	30	35	42	48	50	51	54	56	58	105	#
214	1585.49	2	6	8	16	22	23	25	28	29	30	35	39	44	47	50	51	53	55	56	58	60	105	#
215	1576.15	2	7	8	9	11	13	16	19	20	26	29	34	35	38	42	44	46	47	56	59	63	105	#
216	1558.61	0	1	2	4	5	7	8	14	19	22	23	25	26	28	30	33	34	42	44	54	56	105	#
217	1215.2	1	4	5	11	18	24	27	28	29	38	43	51	52	53	56	59	60	61	106	#
218	1559.44	4	8	19	21	22	23	29	32	34	35	40	43	47	50	52	55	59	61	106	#
219	1463.5	1	4	5	6	7	13	15	19	21	23	24	32	40	43	44	49	54	55	106	#
220	1433.92	5	7	8	13	17	19	22	29	35	36	40	41	43	52	54	55	61	63	106	#
221	1414.6	0	4	7	15	18	19	23	24	35	43	45	47	48	49	52	54	57	58	106	#
222	1389.1	1	5	13	19	20	23	24	29	38	43	47	48	52	54	55	57	58	63	106	#
223	138.528	15	20	31	38	#
224	283.761	1	13	17	22	29	107	#
225	359.143	0	1	25	48	63	107	#
226	236.01	1	5	22	45	49	107	#
227	215.705	4	13	15	31	53	107	#
228	106.603	2	29	31	62	63	107	#
229	1331.12	4	5	10	14	19	21	24	26	28	30	39	44	50	56	59	60	61	62	108	#
230	1400.6	1	3	4	7	10	16	26	28	31	35	39	40	43	46	47	48	54	63	108	#
231	1276.01	4	7	10	13	16	19	20	28	31	35	38	40	43	44	47	52	56	60	108	#
232	1263.93	4	5	12	14	15	16	18	20	25	26	35	36	39	44	46	48	54	61	108	#
233	1255.92	4	5	7	10	14	16	18	19	20	23	24	25	28	34	37	42	52	57	108	#
234	1248.5	5	7	10	14	16	20	21	28	29	30	31	36	38	39	46	47	48	59	108	#
235	528.301	4	5	6	16	21	24	31	33	35	36	45	109	#
236	789.473	6	7	11	26	31	36	38	44	58	60	63	109	#
237	777.173	0	5	12	16	17	23	31	46	51	55	60	109	#
238	727.564	1	5	10	12	16	26	29	33	43	55	56	109	#
239	709.774	0	8	24	27	28	38	43	44	46	59	63	109	#
240	637.514	1	2	4	20	26	27	31	35	39	62	63	109	#
241	1428.12	0	3	7	15	19	23	26	27	30	32	35	37	41	48	51	54	56	58	61	110	#
242	1587.09	1	3	5	7	11	13	14	18	23	24	25	26	27	34	41	51	52	55	58	110	#
243	1583.85	0	7	14	17	19	23	25	28	32	34	39	43	44	51	52	54	56	60	61	110	#
244	1513.08	1	3	7	13	14	17	21	24	26	27	33	36	41	43	47	51	53	56	61	110	#
245	1482.75	0	5	7	13	14	17	19	27	35	41	42	45	46	47	55	56	57	60	61	110	#
246	1437.84	0	1	7	10	12	22	23	26	32	33	35	38	41	43	46	53	54	55	56	110	#
247	1700.25	6	7	9	14	16	19	22	23	25	30	32	36	38	40	41	43	44	46	53	54	61	111	#
248	1639.62	7	8	12	13	14	16	22	24	25	26	29	32	38	39	46	49	53	54	55	57	61	111	#
249	1560.29	6	7	8	10	15	16	21	22	25	26	27	32	36	39	41	47	53	55	60	62	63	111	#
250	1559.78	3	5	7	8	15	16	25	26	29	30	32	36	37	39	44	46	47	48	50	55	56	111	#
251	1514.4	7	11	14	15	16	20	22	23	24	25	30	32	39	45	46	47	48	51	53	54	56	111	#
252	1497.39	3	5	7	9	12	14	16	17	22	23	29	36	38	41	46	47	49	53	56	61	62	111	#
253	61.9935	54	#
254	177.74	53	55	112	#
255	254.463	26	55	112	#
256	114.127	19	53	112	#
257	150.023	0	19	113	#
258	163.859	0	56	113	#
259	56.0697	19	44	113	#
260	463.276	6	9	16	41	61	114	#
261	495.09	9	13	29	55	61	114	#
262	475.475	4	6	14	16	36	114	#
263	409.628	1	6	16	48	51	114	#
264	395.228	9	17	23	51	55	114	#
265	104.448	1	#
266	953.743	1	4	6	8	10	17	19	24	36	38	46	50	60	115	#
267	1073.23	8	11	21	22	26	27	30	39	44	55	58	59	61	115	#
268	1070.52	6	10	15	19	26	34	35	38	39	46	50	59	60	115	#
269	996.293	1	9	12	19	27	34	38	39	40	44	46	47	51	115	#
270	993.593	1	3	9	12	19	25	26	31	36	48	52	58	59	115	#
271	992.189	8	15	19	30	34	38	44	45	48	50	56	59	60	115	#
272	464.986	9	16	20	24	27	35	38	116	#
273	571.919	7	11	12	29	35	52	63	116	#
274	556.992	7	10	19	20	29	30	59	116	#
275	525.409	8	12	32	38	45	56	57	116	#
276	504.771	7	16	28	30	48	51	57	116	#
277	458.09	0	9	11	18	24	27	43	116	#
278	319.575	11	18	21	39	45	58	63	117	#
279	449.88	31	37	39	40	53	58	59	117	#
280	428.04	0	14	27	31	37	45	63	117	#
281	653.33	11	12	19	22	33	39	46	47	54	55	118	#
282	866.239	3	8	11	12	22	26	37	39	52	56	118	#
283	771.473	6	7	14	19	22	27	41	44	60	63	118	#
284	729.812	7	9	19	27	28	47	53	54	55	58	118	#
285	696.617	0	24	39	42	44	49	52	59	60	63	118	#
286	688.329	0	3	11	18	19	26	46	47	50	52	118	#
287	1348.52	12	20	21	23	34	35	39	41	44	45	46	50	51	52	54	55	59	61	119	#
288	1451.53	0	2	4	8	12	13	17	22	23	25	28	32	36	43	48	55	60	62	119	#
289	1406.61	1	2	4	21	23	28	32	33	34	41	44	45	51	52	53	55	59	60	119	#
290	1399.93	0	2	5	7	9	12	22	28	35	39	44	46	47	49	50	52	55	59	119	#
291	1376.91	0	2	4	7	17	21	23	28	30	32	38	42	44	50	51	54	59	62	119	#
292	1374.87	4	16	20	21	22	27	28	30	32	34	42	44	45	50	51	53	55	60	119	#
293	1525.26	0	4	5	8	10	12	13	14	23	27	29	31	32	33	41	46	51	53	55	57	58	59	63	120	#
294	1787.04	0	5	8	10	12	13	14	19	22	23	27	29	30	31	33	41	42	44	55	56	58	61	63	120	#
295	1737.28	0	5	6	8	14	16	17	18	19	23	26	36	39	40	41	42	43	45	53	56	58	61	63	120	#
296	1722.28	5	7	12	13	17	18	21	23	28	30	31	32	33	35	39	40	41	44	47	53	56	61	63	120	#
297	1714.47	5	7	8	12	13	14	21	23	27	31	32	33	35	39	42	43	45	46	54	55	57	61	63	120	#
298	1634.85	0	4	5	6	10	13	14	23	24	32	33	35	36	39	42	45	47	48	51	56	57	61	63	120	#
299	689.201	0	16	20	23	35	39	43	46	62	121	#
300	863.202	8	13	23	24	26	28	39	40	59	121	#
301	764.042	14	16	18	26	31	43	47	58	62	121	#
302	669.199	6	16	26	31	39	44	46	51	59	121	#
303	648.339	0	8	10	15	35	39	40	49	60	121	#
304	641.176	9	20	28	30	31	33	43	48	59	121	#
305	641.662	1	4	15	40	47	55	60	122	#
306	740.771	1	16	32	37	50	59	60	122	#
307	702.985	4	8	16	19	39	43	47	122	#
308	661.97	11	15	19	43	47	55	60	122	#
309	592.936	1	4	32	36	39	55	62	122	#
310	550.019	4	15	22	26	35	44	55	122	#
311	657.36	3	7	18	26	27	34	58	61	123	#
312	760.312	1	10	13	21	22	26	28	55	123	#
313	640.448	7	28	29	31	37	40	42	46	123	#
314	624.259	0	2	4	28	33	34	52	63	123	#
315	607.642	1	4	10	23	27	31	43	46	123	#
316	588.459	3	4	19	20	24	27	28	47	123	#
317	1328.26	0	1	3	4	7	8	14	16	17	24	34	36	41	42	44	45	48	50	53	56	124	#
318	1580.97	0	3	8	10	14	16	18	19	22	23	31	38	39	40	42	45	56	59	60	61	124	#
319	1539.4	0	3	7	8	14	23	30	31	32	36	37	40	45	48	53	55	56	57	61	62	124	#
320	1480.39	0	6	8	12	14	16	22	23	28	30	33	34	37	38	47	48	50	56	59	61	124	#
321	1455.64	0	4	5	7	14	18	19	20	23	24	26	28	38	39	40	42	44	45	52	61	124	#
322	1436.68	0	6	7	8	13	14	18	27	28	33	37	38	40	41	42	45	50	52	56	62	124	#
323	876.704	2	6	7	12	13	20	21	27	29	36	37	38	45	46	55	125	#
324	1106.48	4	7	10	12	19	22	23	37	41	42	44	46	47	51	52	125	#
325	1095.9	3	6	19	22	27	33	34	37	43	44	45	46	52	53	61	125	#
326	1062.96	1	2	3	9	18	29	30	37	39	42	44	45	52	53	57	125	#
327	1026.44	4	9	19	20	22	24	27	30	32	33	34	42	51	55	63	125	#
328	995.209	1	2	16	19	21	25	26	28	30	31	37	49	52	53	57	125	#
329	559.181	8	13	22	34	45	46	59	126	#
330	695.055	13	28	29	37	43	51	63	126	#
331	673.175	8	25	26	28	43	44	63	126	#
332	569.709	4	12	22	42	52	53	61	126	#
333	533.386	8	10	22	26	45	46	55	126	#
334	470.722	9	15	34	42	44	48	62	126	#
335	1023.61	2	3	7	10	14	21	22	32	39	47	53	55	56	57	127	#
336	1313.9	0	10	14	26	27	28	30	34	36	38	43	52	55	60	127	#
337	1252.99	1	10	19	21	22	24	34	35	36	38	45	52	55	60	127	#
338	1237.75	3	7	23	28	34	35	38	43	49	53	57	59	60	61	127	#
339	1210.55	2	3	14	17	18	22	24	26	36	37	51	55	60	62	127	#
340	1150.09	7	8	17	21	22	24	25	27	34	36	42	55	57	59	127	#
341	733.735	4	10	20	25	27	30	40	41	42	57	60	128	#
342	1098.7	9	12	16	18	34	41	51	52	55	57	60	128	#
343	908.818	9	12	16	20	28	34	42	46	48	51	55	128	#
344	842.629	0	10	14	16	17	20	27	32	38	45	55	128	#
345	814.094	4	9	10	18	19	28	31	42	45	57	58	128	#
346	704.56	0	4	15	31	32	35	42	53	59	60	63	128	#
347	427.355	10	30	32	61	129	#
348	335.006	2	10	52	60	129	#
349	301.678	1	32	34	57	129	#
350	236.095	38	45	51	61	129	#
351	218.452	13	15	30	41	129	#
352	2264.31	0	1	2	6	9	10	12	13	14	15	16	18	20	21	23	25	26	28	31	33	35	37	40	41	42	44	45	46	49	51	53	54	55	62	63	130	#
353	2438.62	0	1	2	3	6	9	10	12	13	14	15	18	20	21	23	24	25	26	28	30	31	33	34	37	40	41	42	44	45	47	48	49	50	54	58	130	#
354	2435.13	0	1	3	4	6	7	9	10	11	12	13	17	18	19	20	21	23	24	25	28	31	34	35	37	40	41	44	45	47	48	51	53	54	55	58	130	#
355	2344.36	0	1	3	6	9	10	13	15	16	18	19	20	21	23	25	26	28	30	31	34	35	37	38	40	41	45	46	47	48	51	53	54	58	62	63	130	#
356	2309.16	0	1	2	3	5	6	7	9	10	12	13	15	17	18	19	20	22	23	25	31	32	33	35	37	41	44	45	48	49	50	51	53	54	58	63	130	#
357	2308.89	0	1	2	3	5	6	9	10	11	12	13	14	16	18	23	24	25	26	30	33	35	37	38	39	40	44	45	47	48	49	51	53	55	58	62	130	#
358	1503.18	1	2	5	6	7	10	20	21	22	29	30	32	34	35	36	37	44	49	50	52	56	59	63	131	#
359	1682.55	2	5	7	8	9	10	15	18	26	34	35	36	37	40	43	46	48	50	51	52	59	62	63	131	#
360	1680.26	0	1	5	8	14	15	19	23	28	31	37	39	41	44	46	47	51	52	53	59	60	61	63	131	#
361	1677.59	1	6	8	14	15	17	21	25	26	29	30	34	36	37	39	48	50	52	57	59	60	61	63	131	#
362	1670.7	1	6	7	9	10	14	15	17	19	21	23	26	30	34	36	37	38	45	48	54	60	61	63	131	#
363	1647.63	0	2	7	10	12	15	18	19	20	28	34	36	38	39	40	46	48	51	52	56	59	61	63	131	#
364	421.088	0	2	25	35	44	46	56	60	132	#
365	616.202	0	19	23	25	47	49	51	61	132	#
366	592.015	0	5	17	19	26	52	60	63	132	#
367	582.766	1	2	18	26	30	44	49	50	132	#
368	563.935	0	21	30	37	44	45	56	59	132	#
369	557.04	0	12	23	27	33	36	46	56	132	#
370	1203.94	0	3	7	11	18	22	23	26	33	36	37	41	44	46	49	50	52	56	133	#
371	1599.52	3	5	7	8	9	11	14	16	20	23	24	26	33	37	43	52	56	61	133	#
372	1584.88	3	9	11	14	17	26	27	33	37	38	43	46	52	54	58	59	61	63	133	#
373	1478.05	0	3	8	9	14	17	19	20	26	30	36	39	40	42	51	55	62	63	133	#
374	1475.98	3	7	14	17	21	26	38	40	43	45	48	50	51	54	59	61	62	63	133	#
375	1421.93	6	9	11	14	17	20	23	26	28	32	41	46	48	51	54	55	61	63	133	#
376	1024.71	1	3	8	12	21	23	26	32	37	44	134	#
377	867.535	1	9	13	22	32	34	37	48	49	52	134	#
378	852.392	9	14	22	23	25	26	34	42	44	57	134	#
379	798.711	4	14	17	28	32	37	42	43	46	52	134	#
380	795.462	2	6	8	17	26	28	35	42	44	55	134	#
381	776.708	2	16	27	37	42	44	45	52	59	60	134	#
382	96.0549	13	#
383	1114.23	0	4	7	12	21	24	29	30	32	34	44	45	51	52	53	54	135	#
384	1389.06	1	3	10	16	22	24	26	28	29	30	33	37	44	50	52	56	135	#
385	1371.05	1	6	8	9	10	22	24	26	29	31	34	37	41	50	54	63	135	#
386	1334.81	1	4	5	6	10	22	23	25	26	30	32	33	37	44	52	63	135	#
387	1333.06	0	4	10	16	17	22	24	29	30	31	37	40	52	54	57	59	135	#
388	1330.01	4	6	8	10	16	19	26	29	32	38	40	43	44	49	52	58	135	#
389	1354.88	1	5	6	7	16	18	22	23	31	32	33	39	44	47	49	50	53	58	60	61	136	#
390	1629.38	4	8	9	10	13	16	19	20	25	32	34	37	39	44	50	54	59	60	61	62	136	#
391	1527.04	8	10	11	13	15	19	20	22	32	35	39	43	44	45	47	50	51	55	58	62	136	#
392	1519.88	5	9	10	13	15	17	20	22	30	32	33	37	38	39	44	47	50	56	58	59	136	#
393	1501.92	1	4	5	7	8	13	19	20	32	33	36	39	41	52	53	59	60	61	62	63	136	#
394	1488.42	1	4	5	6	10	13	14	19	20	26	28	30	35	42	46	47	50	54	58	59	136	#
395	503.807	10	18	34	39	42	47	49	51	56	137	#
396	712.171	1	7	10	17	23	34	42	49	59	137	#
397	705.007	26	27	29	34	38	45	51	56	63	137	#
398	678.543	3	22	27	28	31	34	35	47	53	137	#
399	667.518	0	7	17	40	44	49	50	52	53	137	#
400	651.19	3	10	18	23	29	31	38	56	63	137	#
401	123.132	32	#
402	589.937	4	5	24	25	32	40	49	50	55	138	#
403	831.215	1	4	16	24	30	32	34	55	58	138	#
404	710.59	1	7	8	32	39	46	47	53	59	138	#
405	649.896	1	6	11	24	26	28	29	40	60	138	#
406	621.993	1	4	5	14	16	17	22	28	49	138	#
407	556.015	0	1	19	25	29	31	40	46	55	138	#
408	396.803	17	18	26	31	37	53	58	139	#
409	592.418	4	17	19	26	29	41	61	139	#
410	566.135	2	3	9	17	34	51	61	139	#
411	508.726	26	28	37	38	54	57	58	139	#
412	505.128	1	4	6	12	46	53	55	139	#
413	455.859	2	3	7	27	29	31	58	139	#
414	1009.89	1	6	10	11	13	17	18	30	33	34	48	50	58	140	#
415	1061.72	6	11	12	13	18	27	50	54	55	57	58	60	63	140	#
416	1050.04	4	7	14	16	18	27	31	33	42	45	48	52	63	140	#
417	1049.67	2	4	5	19	21	30	32	34	36	41	52	55	61	140	#
418	1048.66	10	11	14	17	21	24	27	30	33	45	48	55	58	140	#
419	1004.23	2	5	9	10	16	20	30	31	33	39	45	58	59	140	#
420	987.544	2	10	12	13	18	20	22	24	27	28	42	58	63	141	#
421	1257.25	1	4	6	7	9	18	24	26	37	39	46	47	52	141	#
422	1153.62	2	7	8	9	10	17	26	28	44	51	52	53	58	141	#
423	1139.71	2	4	8	9	10	11	16	18	19	28	37	47	57	141	#
424	1007.7	1	2	10	12	20	28	30	32	33	39	44	52	59	141	#
425	1003.44	4	6	10	11	12	18	19	26	42	53	56	57	58	141	#
426	1354.4	1	3	4	5	6	15	17	26	35	37	39	40	43	44	45	46	49	54	56	57	59	142	#
427	1689.28	2	3	4	5	10	12	13	14	15	16	20	26	27	31	37	39	45	46	50	54	63	142	#
428	1642.69	0	4	5	10	12	14	18	20	24	26	27	29	33	39	42	43	45	46	50	55	59	142	#
429	1601.59	1	2	5	10	13	14	18	20	25	26	32	36	39	43	47	49	50	51	56	57	61	142	#
430	1599.32	0	1	3	5	7	10	13	14	15	16	17	24	31	41	43	46	50	56	57	61	63	142	#
431	1595.47	4	5	12	13	15	17	20	26	29	34	36	42	43	49	50	51	55	56	57	59	60	142	#
432	468.071	19	20	22	36	40	49	59	143	#
433	550.585	3	9	40	51	52	55	57	143	#
434	495.561	12	26	36	51	59	62	63	143	#
435	470.17	10	15	19	23	24	40	56	143	#
436	448.828	0	20	26	29	40	44	59	143	#
437	403.654	16	21	29	33	39	59	63	143	#
438	1520.7	0	2	3	5	12	14	16	17	18	20	21	25	26	28	31	32	35	49	50	51	53	56	63	144	#
439	1743.13	0	1	2	11	12	14	16	17	18	24	26	31	32	33	34	39	41	46	47	53	56	58	61	144	#
440	1668.29	1	8	11	12	13	14	16	17	20	25	28	31	34	35	39	45	46	47	49	50	51	56	63	144	#
441	1663.62	0	1	3	11	13	14	15	18	20	25	26	30	32	35	36	43	45	46	55	58	61	62	63	144	#
442	1637.98	0	1	2	13	14	20	23	24	26	30	31	34	35	43	47	49	51	52	53	54	56	58	59	144	#
443	1621.3	1	4	7	12	13	16	19	23	26	29	31	32	33	34	37	46	50	53	56	57	58	60	63	144	#
444	803.554	17	29	31	33	34	39	43	45	46	49	51	52	57	62	145	#
445	1130.9	9	10	11	12	17	24	31	34	36	45	51	53	57	61	145	#
446	1100.7	6	9	10	13	20	24	34	40	41	43	46	47	55	63	145	#
447	1098.65	7	9	15	17	19	20	24	29	34	37	43	45	52	62	145	#
448	983.973	0	4	6	9	11	12	24	25	44	45	51	52	55	62	145	#
449	968.203	9	10	19	21	25	35	39	43	49	52	53	55	59	60	145	#
450	83.8444	58	#
451	231.948	2	31	46	55	56	146	#
452	335.599	10	24	27	31	33	146	#
453	307.363	3	23	51	56	63	146	#
454	472.805	4	9	15	27	44	47	48	58	147	#
455	708.719	6	13	14	23	31	36	47	51	147	#
456	674.901	0	4	7	13	15	27	58	59	147	#
457	654.055	3	13	36	47	48	49	51	55	147	#
458	612.929	8	12	15	24	42	43	47	49	147	#
459	567.553	0	18	27	44	51	58	59	63	147	#
460	182.71	34	51	148	#
461	238.081	34	60	148	#
462	178.221	19	51	148	#
463	347.127	36	40	44	54	59	149	#
464	509.279	7	8	14	36	37	149	#
465	366.254	14	15	31	45	59	149	#
466	363.32	25	30	34	44	45	149	#
467	361.1	3	23	33	40	62	149	#
468	298.745	27	37	41	45	54	149	#
469	703.157	3	5	18	21	24	31	32	46	50	53	61	150	#
470	942.252	0	5	6	7	8	14	21	34	35	43	53	150	#
471	935.081	2	7	8	20	32	35	39	41	43	45	62	150	#
472	909.619	3	8	35	43	46	47	53	58	59	60	62	150	#
473	905.23	0	3	8	10	14	19	24	32	42	45	52	150	#
474	876.408	5	6	7	22	24	27	32	39	45	46	59	150	#
475	599.301	2	5	7	42	45	51	52	58	62	151	#
476	775.84	1	7	13	19	33	47	56	59	62	151	#
477	697.154	0	1	4	5	18	26	38	42	45	151	#
478	660.022	3	7	24	31	37	41	48	51	59	151	#
479	648.735	1	2	3	9	19	33	38	57	59	151	#
480	647.361	5	19	29	44	45	49	53	58	62	151	#
481	1024.05	1	5	12	16	24	28	32	46	51	58	60	63	152	#
482	1146.98	0	6	8	12	26	30	34	35	40	53	59	63	152	#
483	1056.61	2	4	11	26	41	44	47	51	53	60	61	63	152	#
484	1042.51	0	6	7	8	14	22	28	32	43	53	55	59	152	#
485	1037.23	2	6	8	9	22	25	28	32	40	53	61	62	152	#
486	1029.9	5	8	19	26	30	34	43	45	51	58	62	63	152	#
487	421.134	6	14	19	33	45	153	#
488	336.899	5	6	14	45	51	153	#
489	324.069	2	18	31	45	54	153	#
490	278.397	0	11	27	33	35	153	#
491	278.323	6	8	29	43	53	153	#
492	274.492	3	19	27	31	32	153	#
493	437.497	4	5	10	20	26	44	154	#
494	475.978	4	14	16	20	42	58	154	#
495	443.059	2	8	26	45	54	59	154	#
496	407.876	4	5	16	27	40	52	154	#
497	396.812	4	5	16	20	21	44	154	#
498	354.197	10	29	42	47	48	53	154	#
499	231.787	4	19	59	155	#
500	273.931	52	55	59	155	#
501	259.25	4	26	51	155	#
502	230.508	19	31	61	155	#
503	6.0684	25	#
504	802.815	11	12	13	27	32	38	45	46	47	52	56	57	63	156	#
505	1128.97	3	7	8	12	16	19	24	34	39	41	46	47	55	156	#
506	1127.03	0	6	8	10	13	21	23	34	37	46	57	58	63	156	#
507	1115.41	5	8	12	21	22	24	26	34	40	42	45	47	55	156	#
508	1078.99	0	3	7	12	19	20	22	23	26	29	42	56	58	156	#
509	1044.59	0	6	12	19	22	26	29	34	39	42	52	53	56	156	#
510	1055.63	0	4	6	10	12	13	15	21	27	29	30	38	42	47	50	54	57	157	#
511	1402.06	3	6	7	8	13	16	18	24	26	28	30	34	39	41	46	47	50	157	#
512	1398.95	4	5	7	12	18	22	23	26	27	39	40	43	46	47	50	51	60	157	#
513	1377.48	4	7	8	12	13	16	17	23	28	42	43	44	46	50	51	53	54	157	#
514	1351.2	2	3	6	7	10	13	16	18	29	34	35	43	44	48	50	53	55	157	#
515	1339.13	0	4	8	12	13	26	39	41	42	43	45	48	53	55	56	59	63	157	#
516	3300.88	0	2	3	4	6	7	8	9	11	12	13	14	16	17	18	19	20	22	23	24	26	28	31	33	34	35	36	37	38	39	40	41	42	44	45	47	49	51	52	53	55	56	57	58	60	61	62	158	#
517	3388.8	0	3	4	6	7	8	9	11	12	13	14	16	17	18	20	22	23	24	26	27	30	31	33	34	35	37	38	39	40	41	42	43	44	45	47	49	51	52	53	55	56	57	58	60	61	62	63	158	#
518	3364.14	0	6	7	8	9	11	12	13	14	15	16	17	18	20	22	23	24	25	26	27	30	32	33	34	36	37	39	40	41	42	43	44	45	47	49	50	52	53	54	55	56	57	58	60	61	62	63	158	#
519	3322.49	1	2	6	7	8	9	11	12	14	15	16	17	18	20	22	23	26	28	29	31	32	33	34	35	36	37	39	40	41	42	43	44	45	47	49	51	52	53	55	56	57	58	59	60	61	62	63	158	#
520	3298.7	0	2	3	4	6	7	8	9	11	12	13	14	16	17	18	20	22	23	24	26	27	28	30	31	32	33	34	35	37	39	40	41	42	44	45	47	49	51	52	53	54	55	56	57	61	62	63	158	#
521	3292.45	0	1	6	7	8	9	11	12	13	14	15	16	17	18	20	23	24	25	26	27	29	30	32	33	34	35	36	39	40	41	42	43	44	45	47	49	51	52	53	55	56	57	58	60	61	62	63	158	#
522	177.612	43	44	159	#
523	163.308	43	48	159	#
524	134.225	44	63	159	#
525	120.549	11	33	160	#
526	176.342	14	33	160	#
527	143.271	2	11	160	#
528	1579.7	3	4	5	7	8	9	12	20	24	36	38	39	42	43	45	49	50	51	52	56	57	60	63	161	#
529	1859.08	0	1	2	3	6	7	9	12	13	16	19	22	32	33	38	39	43	50	52	58	60	61	62	161	#
530	1791.03	0	3	7	8	9	10	13	18	19	23	25	26	27	32	33	43	45	48	50	51	57	62	63	161	#
531	1767.38	0	1	2	3	4	8	11	13	16	22	24	27	32	35	38	39	46	47	49	58	61	62	63	161	#
532	1700.76	0	2	3	4	5	6	9	10	12	13	15	18	24	32	35	46	47	50	51	58	60	61	63	161	#
533	1674.12	0	2	3	8	9	10	11	12	16	17	26	27	32	36	39	41	43	46	50	53	55	56	60	161	#
534	617.439	0	5	7	10	27	36	42	57	162	#
535	703.316	1	5	10	13	18	36	40	55	162	#
536	661.959	0	7	8	23	27	36	37	42	162	#
537	578.296	24	27	36	41	42	45	51	58	162	#
538	568.739	5	7	13	26	39	42	54	57	162	#
539	540.318	24	26	28	33	42	44	50	57	162	#
540	331.238	24	27	46	50	52	56	163	#
541	496.057	18	24	27	37	40	47	163	#
542	461.495	6	12	18	35	46	50	163	#
543	419.876	5	8	27	39	40	42	163	#
544	404.314	19	21	22	31	39	52	163	#
545	377.903	12	21	30	41	46	61	163	#
546	865.724	0	5	9	18	32	38	40	41	44	49	53	54	57	62	164	#
547	1154.38	7	9	24	33	34	35	37	38	40	42	45	57	58	63	164	#
548	1100.74	0	8	18	32	33	34	35	38	41	42	45	46	60	63	164	#
549	1025.69	1	9	12	21	22	28	31	32	35	36	39	41	52	63	164	#
550	1010.25	4	5	6	9	22	28	33	34	39	42	46	53	54	58	164	#
551	1000.64	0	9	15	18	20	27	29	34	36	39	46	48	58	63	164	#
552	949.998	2	9	13	22	26	27	33	34	52	56	63	165	#
553	915.982	3	14	18	27	30	33	43	47	52	55	63	165	#
554	868.182	6	9	11	13	21	23	26	27	34	44	62	165	#
555	850.554	2	4	5	12	13	17	25	33	45	52	60	165	#
556	844.883	0	4	9	13	15	37	44	50	53	54	55	165	#
557	801.688	0	1	2	18	26	29	47	52	56	57	58	165	#
558	618.555	2	7	12	30	35	41	43	44	49	166	#
559	719.141	2	13	16	20	30	35	36	57	61	166	#
560	712.248	4	12	16	19	36	43	48	49	58	166	#
561	673.144	10	13	16	24	28	39	41	43	47	166	#
562	672.188	7	9	29	30	35	36	41	43	62	166	#
563	633.573	4	6	9	32	34	39	42	43	49	166	#
564	700.016	2	7	9	16	28	50	58	167	#
565	604.295	0	9	10	14	16	35	52	167	#
566	587.706	7	9	10	28	29	57	62	167	#
567	583.542	7	8	16	31	32	50	52	167	#
568	579.18	7	9	22	31	36	54	58	167	#
569	543.371	4	9	23	36	37	56	63	167	#
570	368.326	8	16	21	30	53	62	168	#
571	494.317	13	21	31	44	60	62	168	#
572	427.238	5	12	24	30	50	62	168	#
573	380.16	16	21	42	52	53	55	168	#
574	365.614	0	8	10	18	29	62	168	#
575	344.327	15	17	19	44	51	53	168	#
576	2518.72	0	2	5	6	7	8	9	10	13	14	15	17	19	20	21	23	24	26	28	29	31	32	33	34	36	37	39	40	41	42	43	44	45	47	48	49	52	53	55	56	57	61	63	169	#
577	2739.27	0	2	4	5	6	7	8	9	10	12	13	14	15	16	17	18	20	23	24	26	28	29	30	31	32	33	35	36	37	38	41	42	43	45	47	48	52	53	55	57	59	61	63	169	#
578	2730.45	0	4	5	6	7	8	9	10	11	12	13	14	15	16	17	18	19	20	23	26	28	29	30	31	32	33	34	35	37	39	40	41	42	43	45	47	48	52	53	55	57	62	63	169	#
579	2682.85	0	4	5	6	7	8	9	10	11	12	13	14	15	16	17	18	19	20	21	23	24	26	28	29	31	32	34	35	36	37	40	41	43	44	45	47	48	49	52	54	55	57	63	169	#
580	2678.13	0	4	6	7	8	9	10	13	14	16	17	18	19	20	23	24	26	28	29	31	32	33	34	35	36	37	38	39	40	41	42	43	45	47	48	51	52	53	55	56	57	61	63	169	#
581	2652.55	0	4	5	6	7	8	9	10	11	12	13	14	16	17	18	19	20	21	23	24	26	28	29	30	31	32	33	34	35	37	41	43	45	46	47	48	49	52	53	54	55	57	63	169	#
582	252.127	18	33	34	170	#
583	209.337	20	23	34	170	#
584	191.456	33	34	44	170	#
585	182.931	18	39	46	170	#
586	123.157	47	57	171	#
587	138.295	39	47	171	#
588	26.1355	51	57	171	#
589	1258.47	0	1	6	7	14	18	22	26	31	40	43	44	45	55	172	#
590	1262.54	0	5	11	26	28	31	39	42	43	47	51	55	58	61	172	#
591	1245.03	0	1	5	17	19	23	26	28	29	39	40	41	43	55	172	#
592	1220.78	11	14	19	22	24	26	28	37	39	42	45	50	51	58	172	#
593	1161.81	1	6	14	19	21	28	30	31	36	39	40	42	47	48	172	#
594	1140.35	0	18	19	22	28	35	41	47	48	51	52	54	58	61	172	#
595	311.329	7	14	39	173	#
596	270.071	7	23	44	173	#
597	231.57	34	39	52	173	#
598	224.215	14	30	57	173	#
599	1199.63	0	1	5	8	10	13	32	34	35	38	44	48	49	51	55	58	174	#
600	1271.98	3	7	8	14	22	23	28	30	34	37	38	39	44	46	50	56	174	#
601	1233.88	1	5	6	11	12	13	18	23	27	28	35	37	43	45	55	56	174	#
602	1215.59	3	5	10	13	14	15	23	29	30	35	37	44	45	46	55	63	174	#
603	1166.99	3	8	12	13	18	20	23	27	32	33	37	38	41	53	56	60	174	#
604	1144.61	0	5	6	13	21	23	28	32	33	41	42	48	51	55	56	61	174	#
605	1119.82	1	9	16	19	29	31	32	34	35	36	40	45	63	175	#
606	1049.6	0	2	9	18	22	30	32	39	40	44	49	59	62	175	#
607	1019.7	2	9	11	30	35	36	39	45	46	51	54	57	63	175	#
608	1002.32	8	13	19	20	30	31	45	48	51	54	55	57	62	175	#
609	981.738	8	13	18	19	30	33	36	38	44	45	49	57	59	175	#
610	967.294	0	1	11	30	31	32	35	42	44	45	48	51	63	175	#
611	493.72	0	23	24	26	34	42	44	176	#
612	583.852	2	17	19	26	37	49	60	176	#
613	542.552	0	9	17	23	26	48	56	176	#
614	528.973	10	26	28	34	49	52	58	176	#
615	521.309	1	9	33	39	43	44	52	176	#
616	418.031	2	20	42	47	55	62	63	176	#
617	530.493	0	6	8	21	27	31	45	59	177	#
618	787.268	0	3	8	16	26	28	40	46	177	#
619	713.876	10	17	20	28	40	42	44	45	177	#
620	703.034	6	7	10	22	27	29	32	40	177	#
621	581.092	0	8	11	20	26	31	38	54	177	#
622	567.868	3	4	14	23	24	29	31	59	177	#
623	90.7315	52	#
624	856.299	4	10	18	26	27	31	39	47	48	51	58	62	63	178	#
625	1219.2	1	2	8	12	14	16	19	21	43	45	52	56	63	178	#
626	1047.35	0	4	8	18	21	23	36	37	42	43	47	54	60	178	#
627	1046.43	2	9	12	23	33	39	43	46	53	54	58	59	60	178	#
628	1027.75	8	9	17	18	19	25	26	28	33	43	56	62	63	178	#
629	978.108	3	14	16	18	24	27	36	38	39	43	47	56	61	178	#
630	58.3925	9	#
631	695.649	3	6	7	14	16	33	45	61	179	#
632	760.141	12	14	16	18	46	58	59	61	179	#
633	650.456	26	33	34	40	41	43	51	55	179	#
634	616.621	12	16	36	39	41	50	54	62	179	#
635	583.634	13	14	15	29	36	37	45	51	179	#
636	573.605	3	19	22	23	26	45	54	56	179	#
637	71.1632	48	#
638	901.706	2	7	8	14	26	36	40	45	53	58	180	#
639	795.79	1	5	10	12	14	21	23	31	58	61	180	#
640	754.732	9	18	20	21	32	33	50	53	55	59	180	#
641	721.389	0	4	11	14	18	26	28	36	47	53	180	#
642	712.884	1	5	21	23	28	31	45	50	51	58	180	#
643	699.106	1	2	10	20	30	37	38	41	60	61	180	#
644	967.251	1	9	18	23	37	39	42	44	55	63	181	#
645	1108.75	1	3	10	19	23	26	34	37	49	55	181	#
646	1105.6	8	9	10	13	14	18	26	37	56	58	181	#
647	874.114	1	13	15	17	23	34	37	41	51	63	181	#
648	866.028	2	3	8	18	26	29	36	42	57	60	181	#
649	857.106	1	14	18	20	23	27	31	38	55	63	181	#
650	301.47	10	16	40	47	182	#
651	343.448	10	16	27	57	182	#
652	287.771	13	40	51	57	182	#
653	274.552	16	17	62	63	182	#
654	243.594	13	34	47	54	182	#
655	500.024	3	16	24	29	31	40	44	183	#
656	697.754	13	16	19	23	31	32	61	183	#
657	617.678	12	16	21	38	39	60	61	183	#
658	579.933	4	14	34	38	39	44	60	183	#
659	497.888	0	3	14	32	46	51	57	183	#
660	440.799	3	10	29	31	37	47	62	183	#
661	550.092	1	12	19	23	38	58	184	#
662	554.193	1	22	23	31	36	51	184	#
663	492.441	12	32	37	42	51	58	184	#
664	411.851	9	19	25	36	39	42	184	#
665	411.041	13	19	33	38	42	49	184	#
666	375.246	23	25	31	36	41	54	184	#
667	2738.16	1	3	4	5	7	8	9	10	12	13	14	15	16	17	19	20	24	26	28	29	30	31	33	35	37	38	39	40	41	42	43	44	48	50	51	53	54	57	59	60	185	#
668	2801.7	0	1	4	5	7	8	10	12	13	14	16	17	18	20	24	25	28	29	30	33	34	37	39	40	42	43	45	48	50	51	52	53	54	55	56	57	59	60	62	63	185	#
669	2798.3	0	1	3	4	5	7	8	10	11	12	13	14	15	16	17	22	24	26	28	32	33	37	39	40	42	43	44	48	49	50	51	52	54	56	57	59	60	61	62	63	185	#
670	2794.98	1	3	5	7	8	9	10	12	13	14	16	17	19	20	24	26	28	29	30	31	33	34	35	37	39	40	41	42	44	45	46	48	50	51	52	54	56	57	59	60	185	#
671	2777.72	1	4	5	6	7	8	9	10	13	14	15	16	17	18	19	20	24	26	28	29	30	33	34	37	39	40	43	45	46	48	49	50	51	54	55	56	57	61	62	63	185	#
672	2775.57	0	1	2	3	4	5	7	8	9	10	12	13	14	16	17	18	19	20	24	26	30	31	33	39	40	41	42	43	44	45	48	49	50	51	57	58	59	60	62	63	185	#
673	204.987	4	14	42	186	#
674	215.281	3	4	25	186	#
675	193.648	19	25	42	186	#
676	126.131	14	#
677	565.871	0	4	14	20	25	35	36	42	187	#
678	795.998	3	4	7	13	16	20	26	36	187	#
679	742.199	2	7	20	25	34	36	42	58	187	#
680	694.523	0	9	20	25	32	34	52	60	187	#
681	678.578	2	7	12	14	20	21	48	57	187	#
682	675.002	0	22	23	34	36	52	54	55	187	#
683	291.589	13	29	55	188	#
684	334	13	32	34	188	#
685	208.352	7	29	40	188	#
686	189.529	14	41	55	188	#
687	1174.84	1	7	10	12	15	16	23	25	29	31	33	34	40	41	42	44	45	46	48	50	54	62	189	#
688	1658.46	0	3	12	13	14	17	24	26	32	33	34	38	42	43	46	50	51	53	56	60	62	63	189	#
689	1652.25	1	3	6	10	12	13	16	19	22	23	25	26	33	34	46	47	53	55	56	58	59	60	189	#
690	1638.86	3	6	9	11	12	14	16	21	25	27	34	35	38	43	45	47	50	51	55	56	59	63	189	#
691	1543.96	0	1	3	8	11	12	16	19	20	21	22	23	24	27	30	34	38	41	48	53	55	59	189	#
692	1494.97	1	11	12	16	18	21	29	30	34	35	43	44	46	48	50	51	53	54	58	59	62	63	189	#
693	418.926	1	9	30	33	39	190	#
694	534.429	14	26	33	34	59	190	#
695	465.756	30	34	39	59	63	190	#
696	450.44	0	9	17	32	40	190	#
697	341.278	20	36	39	45	54	190	#
698	249.272	1	17	33	35	56	190	#
699	1120.32	0	5	10	13	17	18	22	26	27	31	42	44	49	50	56	57	61	191	#
700	1425.12	2	7	8	16	18	21	22	26	34	35	37	45	48	50	53	60	61	191	#
701	1423.76	0	4	7	9	10	13	18	27	30	32	35	36	39	42	45	50	61	191	#
702	1382.23	7	8	9	12	18	33	34	35	41	42	43	45	50	56	57	58	59	191	#
703	1371.41	0	1	10	12	15	17	39	41	42	48	50	52	54	57	58	60	61	191	#
704	1318.93	1	5	10	13	14	17	18	26	27	33	35	38	39	45	50	55	59	191	#
705	745.495	9	19	20	26	27	28	33	36	49	52	192	#
706	880.006	5	8	12	13	19	33	36	39	46	55	192	#
707	844.153	12	18	23	26	28	33	39	46	59	61	192	#
708	776.247	9	16	17	22	26	41	46	50	58	59	192	#
709	771.04	9	13	17	19	24	25	26	33	35	38	192	#
710	652.34	1	8	12	18	21	27	28	33	39	46	192	#
711	454.123	2	3	9	16	25	46	193	#
712	427.13	3	5	18	27	36	45	193	#
713	421.911	2	9	38	48	55	58	193	#
714	386.661	13	16	27	28	40	44	193	#
715	377.156	3	18	25	27	51	58	193	#
716	318.096	1	2	15	21	52	53	193	#
717	254.021	2	34	36	42	194	#
718	212.92	9	36	42	56	194	#
719	203.26	15	36	44	48	194	#
720	181.173	34	47	48	49	194	#
721	650.524	3	11	20	32	33	34	47	48	49	55	57	195	#
722	912.395	15	26	28	40	44	47	51	53	54	58	59	195	#
723	862.399	3	6	10	23	30	33	34	38	51	53	58	195	#
724	853.427	3	14	20	31	36	37	40	41	46	49	59	195	#
725	846.625	16	20	28	31	34	43	48	53	57	58	59	195	#
726	812.398	11	23	30	33	36	37	38	41	44	56	60	195	#
727	503.617	8	12	32	42	46	50	196	#
728	561.104	14	20	30	32	52	62	196	#
729	502.139	15	17	23	30	50	61	196	#
730	469.269	11	12	27	30	42	62	196	#
731	412.077	20	32	43	46	51	54	196	#
732	394.657	14	27	32	42	49	54	196	#
733	413.234	18	32	39	55	61	197	#
734	370.233	5	18	28	45	63	197	#
735	366.185	9	32	35	39	44	197	#
736	363.266	19	27	38	39	55	197	#
737	307.317	10	29	32	49	61	197	#
738	268.424	6	10	39	47	57	197	#
739	780.573	5	7	11	18	19	24	38	46	55	58	63	198	#
740	1039.23	2	4	7	8	10	27	34	45	55	57	61	198	#
741	918.929	7	8	10	11	27	29	39	40	42	50	61	198	#
742	913.577	2	3	7	9	19	26	33	42	47	55	59	198	#
743	854.287	7	15	19	27	37	42	50	51	58	60	63	198	#
744	838.384	2	4	14	16	33	34	44	46	50	56	63	198	#
745	978.384	5	10	18	26	31	36	38	41	43	54	55	61	63	199	#
746	1145.31	0	3	5	8	26	29	33	35	36	41	43	55	61	199	#
747	1080.86	0	9	10	12	25	27	30	31	32	34	45	55	57	199	#
748	1035.85	5	6	15	18	23	30	31	36	37	45	54	55	58	199	#
749	1026.98	1	3	5	10	15	24	29	41	45	46	54	55	61	199	#
750	1021.3	5	6	31	33	34	35	36	37	45	55	57	59	62	199	#
751	776.888	9	11	15	18	19	20	23	27	31	45	46	53	54	57	58	200	#
752	1060.82	1	2	9	19	21	23	29	35	38	41	42	48	56	60	61	200	#
753	1049.26	7	8	12	14	18	20	22	29	31	33	34	35	38	45	53	200	#
754	1048.58	5	10	12	18	20	21	23	27	33	37	43	53	54	55	63	200	#
755	1039.05	0	1	5	9	10	13	29	36	38	42	45	52	55	56	60	200	#
756	977.886	2	3	12	20	22	29	33	35	38	41	44	46	55	59	60	200	#
757	1011.62	0	7	8	9	18	33	34	45	48	49	51	55	201	#
758	1058.75	0	5	8	9	14	19	26	28	40	44	46	48	201	#
759	993.743	0	8	9	13	20	27	30	34	49	51	52	55	201	#
760	944.406	3	9	19	22	26	27	37	40	45	46	51	52	201	#
761	937.862	5	7	13	14	20	21	22	37	40	44	45	50	201	#
762	923.629	0	3	8	14	19	22	27	30	33	41	54	55	201	#
763	1041.24	5	6	13	23	24	26	27	31	34	40	44	55	57	59	202	#
764	1298.22	1	9	13	22	23	28	34	36	38	40	41	54	55	59	202	#
765	1250.72	0	3	5	12	13	23	26	36	40	54	55	56	60	63	202	#
766	1159.09	4	9	13	22	26	27	28	30	44	45	50	55	57	63	202	#
767	1155.63	0	12	13	16	23	24	29	30	36	41	51	54	55	63	202	#
768	1105.99	2	5	8	17	21	22	23	28	36	40	41	55	57	60	202	#
769	215.174	4	39	44	203	#
770	256.091	1	39	59	203	#
771	230.366	14	27	44	203	#
772	216.834	0	4	56	203	#
773	1523.24	0	2	9	12	15	16	22	23	25	27	30	31	33	36	39	42	45	49	51	52	54	56	204	#
774	1772.49	9	10	12	13	14	15	16	17	18	23	30	32	33	34	36	42	49	53	54	57	58	62	204	#
775	1696.98	4	9	12	15	16	23	30	31	32	33	34	45	48	49	51	53	54	55	56	58	59	61	204	#
776	1684.52	0	8	14	16	17	22	23	32	35	36	41	42	43	44	49	52	56	57	58	59	62	63	204	#
777	1683.92	2	7	9	12	14	15	17	21	23	25	30	32	35	37	40	43	48	52	57	58	59	63	204	#
778	1603.8	7	8	13	15	16	19	22	23	25	27	31	32	33	34	36	43	53	54	56	57	62	63	204	#
779	2308.31	0	2	4	5	7	8	9	11	12	13	15	20	21	22	24	26	29	31	34	35	36	38	39	40	42	43	46	48	49	52	53	54	56	57	59	61	205	#
780	2523.09	0	2	3	4	5	7	9	11	13	14	16	19	22	23	26	28	30	31	33	35	36	38	39	42	43	44	45	48	49	52	53	54	56	57	59	61	205	#
781	2518.15	0	2	4	5	6	7	8	9	11	14	15	16	19	20	22	23	24	26	28	30	31	32	33	36	38	39	43	48	50	51	52	54	56	57	59	61	205	#
782	2500.25	0	5	7	8	9	11	12	13	15	20	21	22	24	26	28	30	31	33	34	35	36	38	39	42	43	45	48	49	50	51	52	53	54	57	59	61	205	#
783	2489.42	0	1	2	3	7	8	9	11	13	15	20	22	23	24	26	28	30	33	35	37	38	39	42	43	46	48	49	51	52	53	54	56	57	59	61	62	205	#
784	2488.79	0	2	5	7	8	9	11	15	16	17	19	22	23	24	26	28	30	31	33	34	35	36	39	40	42	46	48	49	51	52	53	54	55	57	59	61	205	#
785	785.833	2	7	12	19	22	29	39	51	54	58	206	#
786	939.698	14	22	27	28	33	37	41	47	55	63	206	#
787	855.571	7	11	12	18	22	33	36	51	53	63	206	#
788	810.835	3	7	10	12	26	27	29	49	51	53	206	#
789	809.277	8	11	17	20	22	36	37	53	54	55	206	#
790	805.568	2	11	12	19	23	29	37	42	54	59	206	#
791	6.64047	46	#
792	79.6709	61	#
793	173.964	19	36	207	#
794	230.926	19	23	207	#
795	156.265	22	36	207	#
796	766.639	2	14	31	40	43	47	53	59	60	208	#
797	859.089	7	15	26	30	34	41	51	56	60	208	#
798	801.525	7	14	15	16	17	41	47	55	57	208	#
799	777.67	7	9	16	17	31	33	34	36	39	208	#
800	777.452	8	14	16	31	36	40	45	48	50	208	#
801	709.391	5	8	14	35	40	41	43	54	57	208	#
802	476.874	14	22	26	43	46	54	59	209	#
803	641.191	28	30	31	34	43	52	58	209	#
804	558.609	2	14	15	22	31	34	58	209	#
805	534.52	5	12	22	48	52	60	63	209	#
806	404.614	4	6	31	32	34	47	54	209	#
807	401.772	6	24	25	26	34	43	53	209	#
808	624.627	7	13	20	30	53	59	210	#
809	497.562	10	13	31	41	59	63	210	#
810	497.394	2	10	25	55	57	59	210	#
811	481.516	16	24	30	35	52	55	210	#
812	453.131	2	7	18	23	31	42	210	#
813	385.567	1	20	34	41	42	50	210	#
814	1229.65	3	4	5	8	21	22	25	28	30	39	47	51	53	55	56	59	211	#
815	1468.68	2	3	7	8	9	10	12	13	27	28	32	34	38	46	53	61	211	#
816	1364.99	2	5	12	19	20	22	28	33	36	41	43	44	53	55	60	61	211	#
817	1363.54	4	5	8	10	15	19	20	22	27	28	30	34	38	46	59	60	211	#
818	1338.59	8	12	19	20	23	25	27	28	30	34	46	47	54	56	58	61	211	#
819	1323.16	7	12	23	25	27	32	33	38	39	44	45	46	53	55	58	59	211	#
820	791.52	10	13	19	24	26	34	58	61	212	#
821	754.141	3	4	13	43	51	58	61	63	212	#
822	720.804	13	14	17	40	44	49	53	59	212	#
823	652.622	4	18	26	57	58	60	61	62	212	#
824	612.042	9	19	24	27	36	37	42	58	212	#
825	584.445	9	10	13	25	29	43	50	59	212	#
826	37.7707	6	#
827	128.311	5	7	213	#
828	185.143	7	32	213	#
829	2458.44	2	3	4	5	6	11	12	15	16	19	20	21	22	24	26	27	29	30	32	33	37	39	40	41	42	45	49	51	52	53	54	56	57	60	61	63	214	#
830	2908.88	2	3	4	5	6	7	9	11	12	13	16	18	19	20	26	27	28	30	33	34	37	39	40	41	42	43	51	54	55	56	57	58	59	60	61	63	214	#
831	2734.95	3	4	6	8	9	11	12	14	15	16	19	21	22	24	27	30	32	33	37	39	40	41	42	43	47	48	51	52	55	56	57	58	60	61	62	63	214	#
832	2702.36	2	3	7	9	12	13	14	15	16	20	21	22	26	27	28	30	33	34	35	36	37	40	41	42	45	47	49	53	55	56	57	58	60	61	62	63	214	#
833	2700.61	0	3	5	6	8	11	12	13	16	19	20	21	22	23	24	26	27	30	33	34	36	37	42	43	44	45	49	52	53	55	56	57	58	60	61	63	214	#
834	2684.25	2	3	5	6	7	8	9	11	12	13	19	20	22	26	28	30	33	36	38	39	41	42	43	45	47	49	51	52	54	55	56	57	58	60	61	63	214	#
835	738.826	0	2	6	9	15	17	20	26	28	29	33	35	43	54	62	215	#
836	1108.18	1	4	8	20	24	26	28	29	31	35	42	47	53	55	60	215	#
837	1103.23	15	20	23	24	27	28	39	41	43	51	53	55	58	60	61	215	#
838	1095.68	7	8	9	16	26	29	30	39	43	50	52	53	54	56	57	215	#
839	1068.35	6	7	13	14	21	23	25	29	32	36	40	43	48	60	61	215	#
840	1040.77	4	11	15	23	26	30	31	33	36	47	48	53	55	56	63	215	#
841	574.802	1	3	5	6	31	41	45	48	59	62	216	#
842	769.891	5	11	19	26	28	36	48	53	59	61	216	#
843	764.835	12	17	19	27	31	36	37	40	41	55	216	#
844	751.305	1	5	12	26	36	41	49	51	59	63	216	#
845	701.269	5	11	18	28	31	36	43	44	52	58	216	#
846	682.417	5	9	16	20	22	27	36	37	56	62	216	#
847	571.723	0	1	2	3	5	51	54	58	217	#
848	805.379	1	7	13	14	45	50	58	62	217	#
849	707.634	3	26	32	36	37	51	54	60	217	#
850	673.133	8	17	26	37	38	51	58	61	217	#
851	662.037	4	5	9	14	17	20	26	39	217	#
852	628.572	1	2	9	24	37	53	54	58	217	#
853	1022.57	0	3	4	5	10	11	12	21	23	25	30	40	41	42	44	48	53	56	57	218	#
854	1493.92	5	6	7	8	10	11	13	16	17	24	25	31	34	40	43	53	57	59	63	218	#
855	1488.09	5	7	8	9	10	13	22	23	25	34	38	39	45	48	53	56	58	59	63	218	#
856	1473.48	1	4	6	12	13	16	18	23	30	34	37	38	39	46	48	53	58	61	63	218	#
857	1441.82	4	6	7	8	13	15	16	22	23	29	30	31	33	34	37	41	44	59	63	218	#
858	1379.88	4	6	7	8	9	10	11	12	13	21	25	31	33	48	52	53	54	59	63	218	#
859	1396.42	0	3	8	9	14	15	16	19	21	23	30	39	43	44	45	51	57	59	219	#
860	1632.89	0	6	9	14	16	24	25	26	29	30	32	36	37	39	40	41	59	60	219	#
861	1559.6	3	8	9	14	16	22	23	27	32	39	40	44	46	51	54	57	60	62	219	#
862	1526.52	1	3	4	10	12	14	20	22	23	25	26	27	51	53	54	57	60	61	219	#
863	1525.38	0	2	3	4	9	20	22	23	26	37	39	40	42	44	48	55	61	62	219	#
864	1488.31	3	9	14	16	17	22	25	27	29	32	37	40	43	48	50	56	60	61	219	#
865	918.596	16	24	26	33	36	39	40	43	46	47	49	57	58	61	220	#
866	1183.04	0	1	5	10	11	18	24	26	30	40	44	45	50	58	220	#
867	1133.85	13	19	26	30	37	40	41	43	44	50	51	52	54	60	220	#
868	1069.39	12	13	26	29	35	41	44	46	47	48	54	58	60	61	220	#
869	1031.57	5	13	15	18	23	24	26	29	40	44	49	54	58	61	220	#
870	1023.5	0	5	12	23	26	35	38	41	44	54	57	58	59	60	220	#
871	2075.2	0	2	4	6	7	9	10	11	16	17	19	20	21	23	26	27	31	32	35	37	43	45	46	47	49	50	51	53	56	57	58	59	61	62	63	221	#
872	2468.3	3	6	7	8	9	10	11	12	13	15	16	17	19	23	24	26	32	33	35	37	41	45	47	49	50	52	53	55	56	57	58	59	61	62	63	221	#
873	2440.77	0	4	6	7	9	10	12	13	16	18	21	22	23	24	25	26	28	32	37	43	44	45	47	48	49	50	51	52	53	55	56	58	59	61	62	221	#
874	2435.9	0	2	7	8	9	11	12	18	19	20	22	23	24	25	26	30	32	35	36	37	43	45	47	48	50	51	52	53	55	56	57	58	59	61	62	221	#
875	2429.77	0	2	6	7	8	9	10	12	17	19	20	22	23	26	27	28	29	30	32	33	34	37	42	43	45	48	49	50	52	53	55	57	58	61	62	221	#
876	2418.42	0	2	3	6	7	8	9	10	11	12	16	17	18	19	22	23	24	25	26	27	31	32	33	35	37	47	48	50	52	55	57	59	61	62	63	221	#
877	3330.78	0	2	3	4	5	6	7	8	9	10	11	12	13	15	16	17	18	19	21	22	23	26	29	30	31	33	34	36	37	38	39	40	41	46	47	48	51	52	53	55	56	57	59	63	222	#
878	3572.18	0	3	4	7	9	10	11	12	13	15	16	18	19	22	23	24	29	30	31	32	34	36	37	38	39	40	41	42	43	45	46	47	48	49	50	51	52	55	56	57	58	59	61	63	222	#
879	3557.01	0	1	2	3	4	6	7	8	9	10	11	12	13	15	16	17	18	19	21	22	23	26	27	29	30	31	32	33	34	36	37	38	39	41	45	46	47	48	52	55	57	59	61	63	222	#
880	3430.73	0	1	2	3	4	5	7	8	9	10	11	12	13	15	16	17	18	19	23	27	29	30	31	32	33	34	36	37	38	40	41	42	44	45	46	47	48	50	51	54	55	58	61	63	222	#
881	3414.47	0	1	2	3	4	5	6	7	8	9	10	11	12	13	16	17	21	22	23	24	26	29	30	31	32	36	37	38	39	41	42	43	46	47	48	50	51	52	55	56	57	58	61	63	222	#
882	3413.86	0	1	2	3	4	6	7	8	10	11	12	13	14	15	17	18	19	22	23	24	29	30	31	32	33	34	36	37	38	39	40	41	42	44	45	47	48	49	53	55	58	59	61	63	222	#
883	582.528	6	18	26	29	37	42	46	48	52	223	#
884	853.48	4	15	29	37	40	52	55	60	61	223	#
885	801.216	22	23	26	30	36	37	44	53	60	223	#
886	697.259	5	22	23	27	37	42	51	53	58	223	#
887	681.009	2	7	23	26	34	42	48	50	54	223	#
888	656.49	2	21	28	30	46	52	56	60	61	223	#
889	583.863	4	11	14	20	24	30	53	58	224	#
890	745.379	8	14	18	23	37	38	48	63	224	#
891	744.737	8	11	26	35	52	53	59	63	224	#
892	624.217	14	18	20	23	33	48	53	55	224	#
893	552.262	18	19	24	26	33	38	45	46	224	#
894	531.327	2	15	16	18	19	20	58	63	224	#
895	303.188	12	36	52	60	225	#
896	295.046	12	34	55	57	225	#
897	280.119	6	16	50	60	225	#
898	261.057	5	36	42	53	225	#
899	250.83	26	27	49	52	225	#
900	443.734	5	11	12	26	29	31	48	50	226	#
901	621.92	23	25	26	28	30	49	50	63	226	#
902	616.342	1	8	23	28	29	31	34	63	226	#
903	581.982	1	16	22	26	30	31	34	58	226	#
904	569.205	5	12	18	22	33	40	46	61	226	#
905	550.498	0	10	11	23	31	40	52	61	226	#
906	2073.19	1	2	3	6	7	8	11	12	15	17	18	22	24	26	28	32	39	40	44	46	49	50	51	52	53	55	57	58	62	63	227	#
907	2439.41	1	3	4	8	9	12	19	21	22	24	26	31	32	35	36	37	43	44	45	47	48	50	51	53	55	56	57	58	60	61	227	#
908	2399.39	1	3	4	5	7	8	9	10	11	15	16	17	19	22	24	35	36	40	43	44	46	47	48	50	51	52	53	55	57	58	227	#
909	2313.96	1	3	4	5	7	9	11	12	15	16	17	18	19	22	24	26	28	32	35	39	40	43	48	49	52	53	54	55	57	60	227	#
910	2286.28	0	1	4	5	8	9	12	13	17	22	26	28	31	35	36	37	40	43	44	45	46	47	48	50	52	53	55	56	62	63	227	#
911	2282.89	0	1	3	4	7	8	9	11	14	16	19	20	22	24	26	28	31	32	35	43	45	46	47	48	51	53	55	57	58	62	227	#
912	1388.06	3	9	11	14	22	23	27	28	30	38	39	42	48	55	57	60	61	228	#
913	1610.47	1	3	7	17	22	23	24	26	27	28	30	34	38	55	58	60	61	228	#
914	1516.44	0	1	4	5	14	19	23	26	29	30	35	42	47	55	57	58	61	228	#
915	1436.24	3	4	7	22	23	29	30	35	37	39	42	44	48	49	55	59	61	228	#
916	1334.58	2	3	7	9	14	19	20	26	29	30	34	39	48	50	51	55	57	228	#
917	1296.54	4	5	17	22	23	24	32	40	42	48	50	54	57	59	60	61	63	228	#
918	234.789	8	58	229	#
919	264.235	8	37	229	#
920	181.183	27	58	229	#
921	779.231	3	14	15	25	26	35	39	41	48	53	59	230	#
922	917.394	0	3	8	11	17	23	24	26	33	53	60	230	#
923	868.526	15	17	26	40	41	44	47	48	53	59	63	230	#
924	830.011	0	1	10	12	17	25	30	32	45	52	63	230	#
925	790.239	9	18	27	30	35	37	39	40	45	51	60	230	#
926	779.799	8	12	15	16	26	33	35	39	41	44	51	230	#
927	38.5653	19	#
928	851.44	17	27	32	36	37	43	44	45	50	57	59	231	#
929	906.239	10	26	27	29	42	47	52	55	57	59	61	231	#
930	812.714	6	10	13	17	37	38	39	47	50	60	61	231	#
931	794.81	7	16	18	21	32	37	43	52	56	59	61	231	#
932	791.924	10	13	14	18	27	29	31	39	48	56	61	231	#
933	754.698	10	22	32	36	46	48	51	55	57	58	61	231	#
934	202.607	0	5	30	232	#
935	156.902	5	24	54	232	#
936	137.633	0	10	17	232	#
937	127.63	30	33	56	232	#
938	271.634	24	25	38	46	53	56	233	#
939	387.763	0	2	16	25	37	45	233	#
940	351.352	16	24	38	40	47	57	233	#
941	312.32	4	7	14	25	29	46	233	#
942	205.269	7	31	41	234	#
943	187.124	0	40	41	234	#
944	180.047	25	31	40	234	#
945	148.066	7	29	62	234	#
946	1117.1	2	4	5	6	10	13	14	30	36	43	44	52	62	63	235	#
947	1287.1	0	2	3	11	26	27	30	34	35	39	40	42	43	61	235	#
948	1246.87	11	14	16	19	22	26	37	38	39	40	43	50	60	63	235	#
949	1180.34	0	2	5	15	19	26	30	34	40	45	59	60	62	63	235	#
950	1154.2	2	4	10	11	12	18	26	28	30	35	43	53	56	61	235	#
951	1072.25	3	10	15	16	17	25	26	27	40	42	43	46	50	63	235	#
952	577.301	7	9	12	25	29	53	55	236	#
953	619.887	13	16	39	43	55	56	63	236	#
954	601.742	0	3	16	40	48	53	55	236	#
955	562.114	3	5	7	17	36	55	62	236	#
956	503.385	25	27	29	30	41	50	55	236	#
957	467.18	3	12	24	29	38	41	48	236	#
958	256.222	43	59	237	#
959	224.95	43	61	237	#
960	893.294	6	10	11	17	22	23	25	26	35	38	49	51	52	54	57	62	238	#
961	1322.19	1	2	6	8	9	12	14	15	16	22	23	35	38	52	54	59	238	#
962	1271.62	1	4	6	7	9	12	20	22	24	26	28	34	45	46	48	51	238	#
963	1243.55	1	2	9	10	12	16	17	18	20	23	25	28	33	38	40	56	238	#
964	1153.16	1	2	6	11	21	26	28	35	44	45	47	51	54	57	58	60	238	#
965	1143.21	1	4	8	13	14	23	26	27	38	39	40	44	46	47	56	62	238	#
966	760.174	3	5	6	8	13	15	17	19	29	31	55	63	239	#
967	971.058	3	5	7	10	13	17	23	25	31	32	40	47	239	#
968	923.616	6	10	14	19	24	26	29	31	37	43	60	63	239	#
969	922.13	5	6	9	13	19	28	34	43	45	46	60	61	239	#
970	864.814	1	17	26	35	37	42	43	53	58	59	61	63	239	#
971	850.488	1	3	4	5	9	13	17	24	33	55	58	59	239	#
972	2058.3	0	1	7	8	9	11	17	24	25	26	31	32	33	35	36	37	39	40	41	44	46	50	51	55	56	57	60	62	63	240	#
973	2280.14	0	2	3	7	8	9	11	12	15	17	19	21	26	27	29	32	34	37	40	41	43	44	48	52	55	57	59	60	63	240	#
974	2243.35	3	7	8	10	15	16	19	22	23	24	26	27	29	30	31	34	35	36	37	41	42	43	44	46	51	52	55	56	63	240	#
975	2230.73	1	7	8	10	11	12	16	17	19	26	29	30	31	32	33	35	36	37	39	42	43	46	48	50	52	55	56	57	63	240	#
976	2229.51	0	3	7	8	9	11	15	16	17	19	21	26	27	29	30	32	33	34	35	36	37	40	41	48	49	53	54	55	57	240	#
977	2217.86	8	9	10	11	12	14	16	17	19	21	23	24	26	29	30	33	36	37	41	42	43	50	52	53	54	55	57	59	61	240	#
978	1877.33	0	1	5	6	10	16	18	19	20	23	28	30	34	40	41	43	45	46	47	48	49	51	52	53	55	56	58	60	62	241	#
979	2058.62	1	7	10	16	20	22	23	24	27	30	31	32	33	34	39	41	43	44	45	47	49	50	53	55	56	58	59	60	61	241	#
980	1980.48	1	5	6	9	13	16	17	20	25	27	28	31	34	36	37	39	43	44	45	46	49	51	52	53	55	56	59	60	61	241	#
981	1976.85	0	1	5	7	9	20	23	28	33	34	36	39	40	41	44	45	46	48	49	50	51	52	53	54	55	56	59	61	62	241	#
982	1961.53	1	7	9	10	15	17	20	22	24	28	31	33	34	39	41	43	45	47	48	50	53	54	55	56	57	59	60	61	62	241	#
983	1959.26	1	5	6	10	12	16	18	20	23	24	27	31	34	39	43	45	46	47	49	50	52	53	55	56	58	59	60	62	63	241	#
984	862.709	6	8	9	27	33	37	39	41	47	50	52	53	242	#
985	918.834	12	13	15	16	18	24	34	37	50	54	59	61	242	#
986	899.001	1	6	8	19	20	23	25	30	45	51	53	61	242	#
987	868.347	0	1	2	9	14	18	30	32	39	47	49	58	242	#
988	860.34	6	9	12	19	20	25	28	32	37	51	53	54	242	#
989	820.964	1	5	12	19	22	23	31	33	38	46	52	59	242	#
990	918.773	16	17	23	30	34	37	39	44	46	50	53	58	243	#
991	1169.31	0	8	17	23	26	35	37	39	40	52	59	61	243	#
992	963.774	13	19	24	29	30	34	35	36	37	44	49	52	243	#
993	958.773	1	8	16	24	35	36	38	40	45	49	58	61	243	#
994	950.575	0	5	23	30	34	35	37	40	45	51	53	54	243	#
995	934.946	0	13	14	19	20	23	26	36	44	45	54	61	243	#
996	911.953	4	13	15	22	29	30	34	38	45	47	48	51	53	54	244	#
997	1245.11	4	8	9	13	15	21	24	26	30	34	43	54	58	60	244	#
998	1196.32	0	2	9	15	16	30	34	36	47	53	54	57	58	59	244	#
999	1151.92	1	9	17	23	24	29	32	33	34	43	51	53	58	59	244	#
1000	1124.26	1	8	9	10	15	23	24	25	30	48	53	54	58	60	244	#
1001	1119.4	1	8	13	24	26	31	37	38	46	47	53	56	60	61	244	#
