%% File generated by CATS v.2.1Wed Jun 22 10:37:25 2022

%% The CATS webpage is http://robotics.stanford.edu/CATS

%% PARAMETER SETTINGS:
% Goods: 64; Bids: 1000; Distribution: arbitrary; Runs: 1; Seed: 1656572394
% Arbitrary Distribution Parameters:
% Max Substitutable Bids = 5
% Removing HV Neighbor   = 0.1
% Adding DIAG Neighbor   = 0.2
% Additional Location    = 0.9
% Additivity             = 0.2
% Budget Factor          = 1.5
% Resale Factor          = 0.5
% Normal Private Value:
%   Mean                 = 0
%   Standard Deviation   = 30



goods 64
bids 1002
dummy 189

0	172.125	10	14	31	35	49	#
1	292.411	5	12	32	42	64	#
2	309.108	28	42	44	50	64	#
3	240.171	12	16	43	61	64	#
4	136.993	3	16	32	44	64	#
5	811.451	3	5	8	18	41	42	45	46	48	49	54	65	#
6	943.732	12	18	24	28	34	41	48	50	51	52	54	65	#
7	885.818	2	5	16	18	20	24	33	42	47	56	58	65	#
8	810.395	4	18	24	27	34	41	45	46	54	55	62	65	#
9	789.845	5	10	18	19	24	29	39	40	45	46	55	65	#
10	764.486	4	6	7	14	16	24	28	37	39	42	56	65	#
11	281.387	11	34	47	66	#
12	264.176	17	34	47	66	#
13	249.947	1	34	60	66	#
14	188.382	5	11	46	66	#
15	920.304	0	2	4	7	11	15	17	19	20	23	24	25	30	39	44	46	48	52	63	67	#
16	1349.84	0	4	5	8	9	14	15	16	18	26	28	29	32	38	39	47	58	59	62	67	#
17	1268.09	3	9	11	15	18	23	24	27	29	32	34	38	39	41	46	47	51	58	62	67	#
18	1199.42	3	4	5	7	8	9	11	16	19	27	28	34	38	41	42	46	48	55	59	67	#
19	1191.02	2	5	6	9	11	19	23	24	26	29	33	35	38	39	43	47	50	51	59	67	#
20	1181.8	5	6	8	9	17	25	26	27	29	33	34	37	43	50	51	53	54	58	62	67	#
21	1320.84	2	3	5	6	7	12	21	23	25	28	29	32	37	41	43	47	48	51	55	56	59	60	61	63	68	#
22	1714.61	0	1	4	5	7	12	15	22	24	25	28	34	35	39	40	41	44	48	50	52	55	56	59	63	68	#
23	1706.24	0	2	14	16	17	19	20	21	24	27	30	34	39	41	42	43	44	45	48	50	57	59	60	63	68	#
24	1700.29	0	1	2	3	7	9	16	17	21	22	24	26	30	33	34	36	37	39	42	44	50	56	59	60	68	#
25	1698.33	0	2	3	4	5	15	19	21	22	25	27	31	35	36	39	40	41	44	47	48	57	58	59	61	68	#
26	1663.6	2	7	15	16	18	19	22	23	27	28	29	30	33	34	35	40	41	44	47	49	50	52	53	57	68	#
27	140.273	9	30	69	#
28	185.837	30	41	69	#
29	83.6591	9	22	69	#
30	875.363	1	3	8	12	15	25	33	39	43	47	51	56	58	70	#
31	1070.21	1	7	9	14	21	23	25	34	36	38	42	43	56	70	#
32	1020.37	0	4	14	15	16	21	22	23	37	43	47	48	51	70	#
33	999.703	0	4	8	10	12	18	21	40	46	48	52	62	63	70	#
34	947.563	1	6	7	9	12	14	25	26	39	43	52	53	56	70	#
35	915.1	2	9	10	27	33	38	40	42	46	47	48	53	62	70	#
36	974.981	0	10	12	15	19	21	29	30	34	35	47	49	55	57	63	71	#
37	1040.74	0	3	11	13	14	15	21	22	24	29	36	40	46	47	52	71	#
38	994.247	6	11	15	16	19	23	24	25	27	30	34	35	39	59	63	71	#
39	975.349	0	3	7	12	17	19	21	22	24	31	37	39	42	47	61	71	#
40	974.702	4	5	12	15	21	28	34	35	36	51	55	56	57	58	59	71	#
41	967.523	5	14	19	22	24	30	36	37	43	46	49	55	59	61	63	71	#
42	1141.89	0	5	9	10	16	17	21	33	36	39	46	50	58	59	61	63	72	#
43	1112.3	6	9	10	14	16	33	34	38	39	42	45	47	49	56	59	60	72	#
44	1072.4	2	8	10	11	16	33	34	35	40	44	46	51	53	59	61	63	72	#
45	1058.78	0	2	5	8	12	18	23	25	28	33	37	38	44	46	51	59	72	#
46	1058.76	5	6	8	12	17	18	21	36	39	40	46	53	56	60	61	63	72	#
47	1016.85	1	3	10	13	14	20	21	25	34	37	39	43	45	53	54	63	72	#
48	1314.84	1	2	6	11	16	17	21	25	32	35	36	37	39	48	49	52	54	57	58	61	62	63	73	#
49	1604.62	6	7	11	12	16	17	19	20	21	24	29	31	32	33	34	37	40	57	58	61	62	63	73	#
50	1525.17	1	2	3	7	8	12	17	19	21	24	26	30	33	34	37	39	42	46	49	51	61	63	73	#
51	1504.47	6	11	15	16	17	21	26	28	33	36	39	40	45	48	51	52	55	58	60	61	62	63	73	#
52	1478.77	1	4	6	9	11	12	13	20	22	28	33	36	37	39	40	46	48	52	53	60	61	62	73	#
53	1448.13	0	6	9	14	17	20	24	28	32	34	36	39	41	42	46	47	53	57	58	59	62	63	73	#
54	292.918	7	13	14	30	50	54	74	#
55	317.531	13	14	24	27	50	54	74	#
56	308.464	9	14	19	39	44	59	74	#
57	337.882	13	18	30	36	38	47	75	#
58	465.165	3	5	18	30	43	44	75	#
59	399.024	7	13	50	54	55	63	75	#
60	352.385	33	45	47	51	56	58	75	#
61	326.137	27	29	30	33	36	48	75	#
62	259.081	13	19	24	38	40	55	75	#
63	132.256	1	13	76	#
64	149.791	1	44	76	#
65	133.633	0	13	76	#
66	78.1231	41	46	77	#
67	92.9073	41	61	77	#
68	415.2	5	14	43	50	59	78	#
69	390.157	4	24	41	43	51	78	#
70	355.954	2	5	15	29	41	78	#
71	346.971	0	28	35	49	50	78	#
72	286.274	8	25	53	59	62	78	#
73	246.888	0	14	15	36	60	78	#
74	1320.39	4	8	12	13	14	17	23	24	31	38	42	45	46	48	52	53	54	56	58	59	63	79	#
75	1428.61	0	1	3	4	5	13	18	19	25	26	32	34	36	39	42	46	52	54	55	58	63	79	#
76	1412.86	0	1	4	15	16	23	24	26	27	30	31	34	41	42	43	47	48	55	58	61	62	79	#
77	1397.08	4	11	21	23	24	25	27	30	32	41	42	43	44	48	51	52	55	58	59	61	63	79	#
78	1384.64	1	2	6	7	9	11	12	13	17	24	33	35	39	42	45	47	51	52	58	59	61	79	#
79	1318.32	0	1	4	7	10	13	15	19	22	25	26	31	32	33	37	38	42	49	50	55	56	79	#
80	1744.07	1	2	4	5	9	10	12	18	19	20	21	24	25	27	28	29	30	32	40	41	49	51	52	53	56	57	60	61	62	80	#
81	2288.19	0	1	2	3	5	7	8	10	11	12	15	18	21	22	28	30	35	36	40	46	47	48	51	55	56	57	59	61	63	80	#
82	2054.14	0	1	7	9	10	12	15	16	17	18	21	22	24	25	30	32	33	34	35	39	46	49	52	55	57	58	59	61	63	80	#
83	2035.28	0	1	3	4	5	6	8	9	10	14	15	17	20	21	25	27	30	32	33	34	36	40	43	44	47	51	52	61	63	80	#
84	2012.15	0	3	5	10	11	12	14	19	22	27	28	30	34	36	38	39	41	42	43	44	47	49	51	52	55	58	61	62	63	80	#
85	2001.16	0	2	3	5	10	14	15	19	21	24	25	27	34	35	36	37	39	40	42	44	45	46	49	52	55	57	61	62	63	80	#
86	1677.54	0	2	5	6	7	8	9	14	19	20	24	26	28	35	38	39	42	43	45	50	53	55	57	58	59	81	#
87	2000.86	1	2	4	6	7	8	12	13	14	16	18	24	33	38	39	40	42	46	47	49	52	53	57	61	63	81	#
88	1930.84	0	1	2	4	8	12	17	22	23	24	28	33	35	38	40	42	45	48	50	52	53	56	57	61	62	81	#
89	1912.59	0	5	10	11	15	18	21	28	33	34	35	36	40	43	46	47	48	50	51	53	55	56	57	59	62	81	#
90	1802.58	1	9	11	13	15	16	20	22	26	28	29	33	38	39	42	45	46	47	48	52	56	57	58	59	61	81	#
91	1785.59	0	1	2	13	18	22	23	24	27	28	31	32	33	38	40	41	45	46	47	48	54	55	57	59	61	81	#
92	244.581	6	25	34	57	82	#
93	298.311	2	12	34	58	82	#
94	234.204	5	14	48	57	82	#
95	180.262	13	16	25	36	82	#
96	39.3729	5	6	22	36	82	#
97	747.474	5	10	11	18	21	22	23	25	31	46	50	58	83	#
98	1074.4	2	8	16	21	28	30	33	46	47	51	55	59	83	#
99	906.543	5	7	12	17	19	21	22	28	32	43	47	50	83	#
100	858.299	2	5	14	19	26	28	35	42	43	47	55	59	83	#
101	814.005	5	12	15	17	30	43	46	49	50	56	58	61	83	#
102	775.952	0	12	18	25	35	37	40	47	48	50	61	62	83	#
103	2342.11	0	1	2	8	10	11	12	13	14	16	17	18	19	22	24	25	26	27	30	31	32	33	35	36	37	38	40	42	44	45	48	50	51	54	57	58	59	60	62	63	84	#
104	2787.49	0	1	2	3	5	7	8	12	13	16	18	19	21	22	23	25	26	28	29	30	31	32	33	34	35	36	40	42	43	44	46	48	50	52	55	59	60	61	62	63	84	#
105	2758.5	0	1	3	5	7	8	10	11	12	15	16	18	19	20	21	25	28	29	30	31	32	33	34	36	37	38	40	41	42	43	44	45	46	49	55	57	58	61	62	63	84	#
106	2740.15	1	4	5	7	8	9	10	13	15	17	18	20	21	24	26	28	29	30	31	32	33	34	36	37	38	42	43	46	50	51	52	55	56	57	58	59	60	61	62	63	84	#
107	2644.71	0	1	3	4	5	6	7	9	10	11	12	13	16	18	21	22	24	25	26	28	29	30	31	32	34	35	36	38	39	40	43	44	46	48	51	55	56	58	59	63	84	#
108	2604.37	0	2	3	7	9	10	11	12	13	15	16	17	18	19	20	23	27	28	29	30	32	33	34	35	37	38	39	40	42	44	45	46	47	52	55	56	58	61	62	63	84	#
109	309.643	31	47	57	63	85	#
110	373.836	7	30	47	48	85	#
111	319.329	4	31	57	61	85	#
112	287.16	4	32	57	59	85	#
113	213.993	17	36	60	63	85	#
114	559.443	1	2	3	8	9	16	22	24	40	42	46	53	86	#
115	792.609	1	3	13	20	41	43	47	49	51	52	55	58	86	#
116	718.97	16	17	22	27	29	43	44	45	48	51	52	59	86	#
117	641.563	1	16	20	22	23	24	29	39	42	44	51	63	86	#
118	624.763	8	20	29	31	40	41	42	46	51	54	55	60	86	#
119	611.917	4	8	11	13	16	19	23	24	29	33	40	42	86	#
120	218.914	5	23	41	60	87	#
121	301.666	24	41	42	59	87	#
122	234.491	22	29	46	60	87	#
123	211.455	2	4	23	29	87	#
124	893.976	4	6	12	14	28	32	34	38	45	48	49	56	88	#
125	1057.26	2	4	5	6	12	13	21	50	51	56	57	61	88	#
126	1054.84	9	12	13	23	34	36	46	47	50	56	57	61	88	#
127	960.215	2	6	13	14	22	23	47	51	56	57	59	61	88	#
128	935.264	13	16	19	20	21	23	34	35	56	58	59	61	88	#
129	929.842	1	18	21	22	28	31	33	38	42	45	61	63	88	#
130	2450.22	1	2	7	10	12	15	19	20	21	23	24	25	26	34	37	38	39	40	43	45	48	49	50	51	53	54	55	58	59	61	62	63	89	#
131	2647.2	1	4	7	9	10	12	16	23	24	25	29	30	34	35	37	38	41	43	46	47	48	49	51	52	53	54	55	56	57	61	62	63	89	#
132	2595.05	0	1	4	7	10	12	15	16	19	21	24	30	32	34	35	36	37	38	39	40	42	43	46	47	49	51	55	56	57	58	59	61	89	#
133	2571.12	0	1	2	3	4	6	8	9	16	17	19	21	23	24	29	30	33	35	38	40	41	47	49	50	51	52	54	57	58	59	60	63	89	#
134	2492.27	5	7	8	9	14	17	19	20	21	23	24	25	28	30	33	34	38	40	41	42	43	44	45	46	48	50	51	55	58	59	60	63	89	#
135	2484.37	0	1	3	7	12	15	16	17	18	19	20	23	24	25	26	28	29	30	34	35	37	38	41	43	44	48	49	51	55	56	58	63	89	#
136	173.844	2	35	37	50	90	#
137	212.4	2	30	40	57	90	#
138	196.511	37	47	48	54	90	#
139	163.79	3	35	43	53	90	#
140	758.596	6	7	9	11	16	17	27	31	48	49	54	55	91	#
141	954.597	6	8	9	12	17	40	47	49	50	51	56	59	91	#
142	892.464	0	2	3	8	23	28	39	49	55	56	58	59	91	#
143	867.153	18	26	27	30	41	48	54	55	57	61	62	63	91	#
144	856.023	2	5	8	16	17	18	33	34	44	47	48	49	91	#
145	811.41	6	11	12	14	16	23	32	35	40	41	51	57	91	#
146	544.972	3	15	24	30	37	60	61	92	#
147	567.948	15	25	26	34	35	45	46	92	#
148	561.482	0	23	26	30	37	38	55	92	#
149	520.159	11	13	29	56	58	59	60	92	#
150	517.948	7	16	21	24	28	36	58	92	#
151	497.08	0	3	13	38	46	50	51	92	#
152	473.702	8	20	33	37	39	49	58	93	#
153	534.124	4	8	20	38	39	60	62	93	#
154	503.82	8	14	25	26	37	38	39	93	#
155	500.272	5	8	11	22	24	49	53	93	#
156	493.085	8	18	20	47	56	58	62	93	#
157	468.792	6	11	25	33	38	39	45	93	#
158	322.251	14	33	36	52	55	94	#
159	379.725	1	10	24	28	36	94	#
160	286.084	14	32	36	53	59	94	#
161	259.608	5	31	49	55	63	94	#
162	247.036	9	14	29	43	52	94	#
163	133.118	4	16	33	54	62	94	#
164	75.6296	24	#
165	23.0389	10	17	95	#
166	16.1426	10	35	95	#
167	263.936	2	3	28	41	96	#
168	326.503	3	6	12	28	96	#
169	281.17	2	12	43	45	96	#
170	252.033	3	4	6	38	96	#
171	246.536	16	24	30	41	96	#
172	1071.65	3	7	11	12	16	24	27	31	32	34	42	55	56	57	61	97	#
173	1105.24	2	7	12	14	15	17	18	24	38	42	50	52	54	56	61	97	#
174	1092.08	4	7	11	20	22	24	27	30	43	47	48	51	53	60	63	97	#
175	977.778	3	7	12	13	14	18	19	24	27	31	49	52	55	57	63	97	#
176	971.759	2	7	12	13	14	16	20	21	23	31	48	51	52	53	59	97	#
177	953.048	4	5	6	8	18	21	22	27	31	32	34	36	42	52	58	97	#
178	1952.59	0	4	11	13	14	15	18	21	22	23	25	28	30	33	36	39	40	41	42	45	48	49	50	51	55	56	57	98	#
179	1976.17	0	5	7	8	10	11	15	16	18	20	21	22	26	29	36	38	46	47	48	49	52	54	55	57	58	61	62	98	#
180	1932.64	1	2	3	4	5	10	11	13	14	15	22	25	26	28	30	31	33	37	39	40	48	52	55	57	59	61	63	98	#
181	1909.98	0	1	5	7	8	9	13	14	16	22	24	26	31	33	36	38	44	46	48	49	50	51	52	54	56	58	59	98	#
182	1908.99	1	2	4	5	6	8	14	16	18	20	21	22	28	32	33	40	43	45	47	48	51	52	53	56	57	60	63	98	#
183	1897.89	1	4	5	8	10	12	13	15	16	18	24	31	33	37	39	41	44	45	47	50	51	53	55	56	57	58	59	98	#
184	1179.58	1	2	8	15	22	26	27	37	47	48	50	53	55	58	63	99	#
185	1259.05	1	4	7	15	22	24	26	27	36	41	51	55	56	57	62	99	#
186	1132.83	1	5	9	12	15	22	24	27	28	29	33	36	50	51	57	99	#
187	1128.11	1	4	5	8	18	22	23	25	26	29	30	36	50	51	55	99	#
188	1036.8	0	1	4	7	11	15	25	27	30	33	48	51	54	57	59	99	#
189	1002.67	7	14	15	19	25	27	33	34	42	47	49	52	53	55	62	99	#
190	904.574	5	9	11	13	14	16	17	29	34	39	47	51	53	54	57	59	100	#
191	1165.6	1	10	11	15	21	25	30	31	35	36	39	42	47	51	55	59	100	#
192	1146.41	0	11	12	14	28	29	31	36	37	40	41	51	52	57	61	63	100	#
193	1086.85	0	5	9	10	14	16	18	21	30	42	43	46	51	53	56	59	100	#
194	1072.94	9	14	17	20	24	26	28	38	40	41	46	47	48	52	54	59	100	#
195	1047.1	5	8	12	13	14	19	29	31	39	41	47	52	53	56	58	59	100	#
196	106.842	36	52	#
197	208.622	24	42	61	62	101	#
198	274.979	0	55	57	62	101	#
199	202.828	24	31	42	62	101	#
200	169.108	17	19	21	42	101	#
201	158.961	2	29	46	102	#
202	185.029	19	26	46	102	#
203	116.872	15	29	37	102	#
204	102.691	2	44	56	102	#
205	264.211	14	39	42	57	103	#
206	312.304	5	12	21	57	103	#
207	226.747	12	14	31	46	103	#
208	212.621	6	39	46	60	103	#
209	209.965	5	42	54	60	103	#
210	804.361	0	5	8	12	14	16	20	39	41	45	48	49	50	104	#
211	1041.9	11	16	21	25	26	34	40	43	44	45	48	50	55	104	#
212	968.224	0	1	3	19	26	28	40	45	48	49	51	52	55	104	#
213	859.344	4	7	8	12	22	30	41	49	50	51	52	55	57	104	#
214	847.224	0	1	3	7	17	23	43	44	46	50	51	52	61	104	#
215	743.12	6	14	15	24	29	32	35	36	43	47	50	57	58	104	#
216	379.514	1	33	44	54	61	105	#
217	425.806	1	3	5	24	61	105	#
218	373.397	1	32	34	38	57	105	#
219	291.613	20	21	42	43	54	105	#
220	271.852	4	21	29	31	44	105	#
221	162.996	8	20	23	33	53	105	#
222	31.2298	36	#
223	873.012	2	5	9	10	11	20	23	34	38	40	51	60	63	106	#
224	950.586	2	3	10	11	15	23	33	37	38	42	47	56	60	106	#
225	936.472	2	6	9	17	24	27	30	37	47	48	49	55	57	106	#
226	923.024	13	20	23	38	44	47	49	50	51	52	53	55	57	106	#
227	879.327	0	5	6	10	11	19	25	39	40	43	49	52	54	106	#
228	875.679	0	1	7	8	9	10	11	14	16	20	30	31	37	106	#
229	880.565	0	1	3	4	5	8	10	23	43	46	48	49	52	54	62	107	#
230	1217.06	0	2	6	7	12	15	18	24	25	37	55	56	58	59	61	107	#
231	1139.84	0	1	3	8	9	12	13	21	24	30	38	39	42	60	63	107	#
232	1075.26	2	5	11	26	28	31	32	34	38	43	50	54	55	56	58	107	#
233	1049.74	0	10	24	25	35	38	39	41	42	43	53	54	55	58	59	107	#
234	1028.11	0	3	4	8	15	18	19	24	31	33	34	38	49	56	59	107	#
235	121.346	22	48	108	#
236	101.772	48	#
237	85.5422	16	22	108	#
238	657.125	0	13	18	28	31	32	34	49	52	60	63	109	#
239	800.027	17	23	24	28	32	33	36	41	47	51	58	109	#
240	768.513	4	8	13	16	28	32	36	41	47	55	61	109	#
241	736.268	4	13	16	28	31	35	46	47	51	53	56	109	#
242	733.475	3	8	9	20	21	24	28	31	34	46	63	109	#
243	707.822	5	13	16	22	31	33	36	56	58	60	63	109	#
244	519.601	2	21	27	30	35	51	55	110	#
245	582.921	5	19	20	21	48	50	55	110	#
246	580.452	1	2	18	26	34	35	55	110	#
247	509.012	1	2	6	7	16	17	51	110	#
248	501.625	12	14	21	33	40	47	55	110	#
249	465.283	6	24	27	29	32	48	62	110	#
250	607.566	2	12	17	19	23	29	34	43	48	63	111	#
251	766.976	2	5	11	14	16	31	34	42	45	61	111	#
252	762.631	0	2	11	14	15	20	25	29	42	61	111	#
253	725.842	0	1	4	5	22	24	34	37	57	61	111	#
254	689.725	17	43	46	47	48	55	56	57	61	62	111	#
255	675.727	4	13	29	37	43	45	48	52	59	60	111	#
256	171.921	25	40	47	112	#
257	162.677	18	35	40	112	#
258	150.798	47	50	55	112	#
259	115.125	29	45	113	#
260	129.687	8	29	113	#
261	1196.84	2	9	13	18	22	24	25	26	27	31	33	44	46	48	53	54	62	63	114	#
262	1308.94	2	5	8	9	14	15	19	21	23	28	29	35	39	46	48	53	56	62	114	#
263	1159.94	0	2	4	14	15	22	27	33	37	39	42	49	51	53	54	58	60	63	114	#
264	1094.11	2	5	11	13	20	22	25	29	33	35	37	46	51	52	53	54	56	58	114	#
265	1092.34	1	3	9	15	20	24	27	30	31	36	39	40	43	47	48	49	53	55	114	#
266	1087.64	5	10	13	15	18	19	20	21	22	28	29	31	35	46	51	54	59	62	114	#
267	221.99	6	42	56	61	115	#
268	293.752	11	14	37	61	115	#
269	272.793	2	6	34	58	115	#
270	241.921	27	39	45	56	115	#
271	193.931	19	38	42	50	115	#
272	966.437	6	7	11	13	23	26	47	48	50	54	55	58	116	#
273	1033.4	10	17	23	26	42	43	45	49	50	51	59	61	116	#
274	924.084	10	13	18	23	24	26	34	39	46	50	52	60	116	#
275	916.51	7	11	16	18	21	26	30	34	45	47	56	60	116	#
276	893.164	2	3	4	11	16	38	40	43	45	58	59	61	116	#
277	891.236	0	5	6	7	10	25	27	28	29	32	47	50	116	#
278	1074.09	0	4	7	11	15	19	22	25	26	33	39	42	51	54	56	117	#
279	1082.28	1	2	4	12	19	24	26	27	28	32	36	46	48	53	63	117	#
280	1064.5	0	12	14	15	17	18	19	21	24	33	35	39	52	57	61	117	#
281	1051.02	3	15	22	24	26	32	34	36	37	41	44	49	55	59	61	117	#
282	1050.55	4	11	15	19	20	23	26	31	39	42	43	44	47	48	51	117	#
283	1015.94	0	6	7	12	13	15	16	19	23	26	33	36	45	49	54	117	#
284	209.216	12	23	31	45	118	#
285	299.419	4	11	14	45	118	#
286	244.171	3	12	26	49	118	#
287	232.576	28	31	35	54	118	#
288	181.476	23	27	43	49	118	#
289	1059.25	3	6	7	10	16	19	22	24	26	29	31	32	39	41	45	46	51	54	55	119	#
290	1248.8	4	5	14	18	21	22	24	25	26	28	31	32	37	40	42	52	53	54	60	119	#
291	1245.96	9	11	15	26	27	28	30	31	33	34	36	37	46	51	53	55	61	62	63	119	#
292	1243.61	1	3	10	11	16	25	28	31	32	36	41	44	48	50	51	52	55	56	63	119	#
293	1235.6	1	2	3	6	9	11	15	25	26	28	30	32	35	38	40	41	48	52	54	119	#
294	1171.14	1	5	6	7	10	13	17	18	19	21	22	33	37	40	42	45	54	55	58	119	#
295	426.306	0	8	11	34	35	54	120	#
296	548.329	0	8	34	41	42	48	120	#
297	514.048	1	2	9	11	55	59	120	#
298	397.134	1	3	4	34	44	63	120	#
299	396.768	13	17	18	38	54	55	120	#
300	215.776	10	28	31	35	38	56	120	#
301	724.682	1	8	13	16	17	20	32	58	61	62	63	121	#
302	842.519	1	15	16	18	24	30	32	39	44	61	63	121	#
303	814.556	8	15	17	18	20	23	26	50	51	53	56	121	#
304	738.327	8	9	15	16	17	19	23	26	27	41	58	121	#
305	688.613	3	11	12	16	21	25	28	32	35	36	55	121	#
306	683.458	1	9	13	15	26	31	32	36	37	38	58	121	#
307	266.746	1	19	35	43	61	122	#
308	340.732	1	27	34	35	46	122	#
309	303.05	12	25	30	43	59	122	#
310	288.796	18	19	25	42	61	122	#
311	212.639	10	11	19	32	41	122	#
312	181.881	1	3	29	32	37	122	#
313	643.597	7	17	24	34	46	47	49	50	123	#
314	693.966	7	10	11	24	30	33	40	42	123	#
315	693.282	3	26	33	43	45	49	52	55	123	#
316	576.984	2	10	22	28	33	46	51	59	123	#
317	533.433	4	7	33	34	36	44	47	48	123	#
318	500.93	2	3	8	16	17	24	30	40	123	#
319	503.972	6	20	26	43	45	46	57	124	#
320	648.19	3	6	26	28	48	51	61	124	#
321	432.093	4	23	26	27	37	40	55	124	#
322	376.69	7	13	27	30	31	57	60	124	#
323	373.722	3	7	16	20	23	25	60	124	#
324	301.335	6	11	12	29	36	46	54	124	#
325	293.074	5	10	18	19	57	60	125	#
326	428.56	1	19	25	47	50	60	125	#
327	376.756	3	9	18	29	42	58	125	#
328	264.349	10	19	25	27	43	47	125	#
329	228.389	5	9	10	29	49	63	125	#
330	359.199	6	7	46	48	126	#
331	326.88	6	7	22	50	126	#
332	318.681	12	19	46	48	126	#
333	284.17	19	20	48	55	126	#
334	222.094	6	16	20	59	126	#
335	284.358	8	15	51	127	#
336	252.456	0	8	47	127	#
337	203.832	33	51	58	127	#
338	194.802	10	15	36	127	#
339	204.266	2	4	16	25	45	128	#
340	303.187	2	9	39	44	51	128	#
341	235.714	4	9	27	56	57	128	#
342	194.173	0	4	25	47	58	128	#
343	1394.95	3	4	5	13	14	26	33	42	44	45	47	48	49	52	53	54	55	56	57	61	62	63	129	#
344	1592.15	5	7	12	18	21	22	25	26	27	33	34	39	40	45	48	52	55	56	57	59	61	63	129	#
345	1548.64	0	2	3	4	16	20	22	30	32	37	39	41	43	45	46	48	51	53	59	61	62	63	129	#
346	1526.64	3	5	6	8	9	17	22	26	29	34	41	42	43	46	47	48	51	52	56	58	61	63	129	#
347	1497.98	0	2	8	9	14	19	21	28	32	34	40	43	45	46	50	55	56	57	59	60	61	62	129	#
348	1494.18	2	3	7	8	13	14	23	26	33	38	42	46	47	48	49	51	53	55	56	61	62	63	129	#
349	293.233	15	37	63	130	#
350	277.861	15	36	55	130	#
351	200.857	7	37	53	130	#
352	107.132	23	49	63	130	#
353	184.371	4	15	131	#
354	173.176	4	53	131	#
355	92.033	15	35	131	#
356	347.776	15	21	28	50	51	60	132	#
357	402.807	14	16	33	38	51	61	132	#
358	352.801	11	19	20	28	45	50	132	#
359	262.877	5	21	22	32	44	57	132	#
360	246.01	11	15	20	30	36	42	132	#
361	215.547	19	20	26	31	36	50	132	#
362	239.918	7	8	14	133	#
363	284.155	8	58	61	133	#
364	239.736	7	33	49	133	#
365	158.639	8	14	60	133	#
366	414.572	0	5	9	18	56	134	#
367	491.385	15	18	21	38	40	134	#
368	447.877	4	5	11	15	18	134	#
369	319.17	8	9	20	38	56	134	#
370	315.664	0	2	8	9	48	134	#
371	177.319	2	20	22	31	56	134	#
372	316.791	1	10	37	47	135	#
373	385.412	13	46	47	55	135	#
374	338.092	9	10	26	40	135	#
375	294.067	1	34	43	44	135	#
376	191.617	23	37	38	58	135	#
377	201.069	9	50	60	62	136	#
378	295.435	6	31	39	50	136	#
379	230.388	13	25	37	60	136	#
380	189.395	9	19	47	63	136	#
381	146.582	7	49	56	62	136	#
382	286.43	2	8	14	29	52	137	#
383	325.955	15	25	29	40	59	137	#
384	313.907	3	12	18	35	52	137	#
385	258.493	14	20	31	38	63	137	#
386	203.77	8	25	27	31	63	137	#
387	182.046	2	6	17	29	32	137	#
388	80.4962	30	#
389	1094.18	2	4	8	12	16	20	22	23	27	31	32	34	44	45	47	50	51	58	63	138	#
390	1361.77	4	10	13	15	18	21	23	26	28	32	33	36	41	46	47	50	51	55	59	138	#
391	1332.97	3	4	5	7	9	13	18	34	35	36	39	40	45	46	47	48	51	52	59	138	#
392	1323.98	7	13	26	28	31	33	34	35	41	42	43	44	46	48	52	55	56	61	63	138	#
393	1259	2	4	6	7	8	11	15	22	25	34	41	45	46	47	48	49	59	61	63	138	#
394	1222.16	2	5	12	14	18	19	21	22	25	26	27	29	31	42	46	47	48	55	58	138	#
395	1044.19	3	18	19	20	30	34	46	47	48	52	53	62	139	#
396	1053.77	6	10	15	16	18	34	45	46	49	51	53	55	139	#
397	996.209	5	6	15	17	18	28	34	37	38	47	56	60	139	#
398	921.172	7	9	27	28	43	48	50	51	55	56	58	62	139	#
399	887.849	7	9	17	19	24	32	40	43	44	48	51	53	139	#
400	885.17	7	20	25	30	39	41	42	43	46	52	55	59	139	#
401	250.837	0	6	34	37	43	47	54	140	#
402	369.528	17	34	45	48	57	58	63	140	#
403	331.138	6	13	20	30	41	49	55	140	#
404	888.892	1	5	15	18	34	38	42	49	53	54	56	58	60	61	141	#
405	909.264	12	14	16	20	28	30	34	35	38	46	55	58	62	63	141	#
406	862.927	1	4	15	18	22	30	31	34	37	38	45	47	61	62	141	#
407	848.846	2	9	10	18	21	25	26	33	51	52	54	55	56	61	141	#
408	829.308	0	4	5	15	16	21	22	37	40	41	42	43	55	59	141	#
409	754.951	7	12	13	20	22	25	33	36	44	45	52	55	59	60	141	#
410	2581.73	1	2	3	4	5	6	8	9	10	12	13	14	15	16	17	21	23	24	25	28	29	30	31	33	34	35	36	37	38	40	41	42	43	44	45	46	50	51	53	54	56	58	59	62	63	142	#
411	2876.19	0	2	3	4	5	8	9	10	11	12	13	14	15	16	17	18	19	22	23	24	28	29	30	31	32	34	35	37	38	40	42	43	44	45	47	50	52	53	55	57	58	59	61	62	63	142	#
412	2862.36	1	2	3	4	5	6	8	11	14	15	16	17	18	19	21	22	24	25	26	27	28	29	30	32	33	34	35	36	37	39	41	42	43	44	46	47	50	51	52	53	55	57	58	61	62	142	#
413	2822.88	0	2	3	4	5	7	8	9	10	12	13	15	16	17	18	20	22	23	24	26	28	29	30	32	33	34	35	36	37	38	39	41	42	44	45	47	48	50	51	53	55	57	58	59	62	142	#
414	2822.8	1	2	3	4	5	10	11	12	13	14	15	16	18	19	20	23	25	26	27	28	30	32	33	34	36	37	38	39	40	41	42	43	44	45	47	48	49	50	52	55	58	59	61	62	63	142	#
415	2820.56	0	1	2	3	4	5	7	8	10	11	13	14	15	16	17	18	20	21	24	25	26	28	29	33	34	35	36	37	38	39	40	41	42	43	45	47	51	52	53	55	58	59	61	62	63	142	#
416	1163.14	1	14	15	19	21	23	38	39	43	51	53	55	59	143	#
417	1123.63	10	11	15	22	26	33	36	43	50	53	54	55	58	143	#
418	1056.68	5	7	14	16	17	18	23	25	39	47	48	55	57	143	#
419	1019.56	1	4	5	13	14	16	21	23	35	43	53	55	58	143	#
420	1016.47	0	3	5	7	8	15	18	23	29	43	45	46	51	143	#
421	998.68	4	10	11	15	16	18	30	32	39	49	51	52	61	143	#
422	778.03	3	5	8	10	13	24	26	27	29	30	31	39	46	48	49	144	#
423	1053.57	2	4	8	11	20	25	29	31	34	37	41	43	46	48	50	144	#
424	1008.69	0	1	2	3	4	12	21	24	27	40	43	52	53	57	62	144	#
425	1002.81	2	5	7	10	12	13	15	39	49	50	52	54	55	60	62	144	#
426	983.969	3	5	7	8	11	12	17	18	26	39	41	43	49	56	59	144	#
427	923.134	2	8	15	16	20	27	31	33	36	44	46	47	55	57	60	144	#
428	192.801	9	12	21	32	41	145	#
429	241.942	9	28	39	44	53	145	#
430	478.261	4	23	34	44	45	63	146	#
431	480.173	4	35	40	47	48	57	146	#
432	458.842	12	20	42	44	50	63	146	#
433	408.013	11	13	15	28	34	39	146	#
434	387.088	1	13	23	45	46	63	146	#
435	385.18	18	27	32	42	45	48	146	#
436	404.724	7	12	13	36	42	48	54	60	147	#
437	567.552	1	7	11	14	20	22	62	63	147	#
438	498.024	7	18	19	22	41	48	50	54	147	#
439	473.099	0	3	5	33	36	42	46	52	147	#
440	463.541	0	4	5	11	13	40	60	61	147	#
441	443.632	12	17	23	39	43	48	56	61	147	#
442	869.062	3	5	6	8	10	11	13	23	24	31	45	47	49	50	53	57	59	148	#
443	1257.4	7	8	9	11	13	16	18	23	28	33	35	42	49	50	52	57	59	148	#
444	1203.29	1	5	7	8	14	20	22	24	27	34	42	43	44	53	54	55	61	148	#
445	1149.26	2	5	12	15	17	18	21	23	35	44	49	51	52	53	57	60	62	148	#
446	1128.66	0	5	11	13	23	25	26	29	33	34	41	43	45	47	48	57	59	148	#
447	1120.71	6	8	12	13	15	32	33	35	36	38	43	44	49	51	52	61	62	148	#
448	339.185	0	11	48	49	56	60	149	#
449	457.065	0	13	29	50	56	61	149	#
450	422.127	4	11	13	22	46	55	149	#
451	410.243	0	14	25	46	57	62	149	#
452	389.607	9	12	34	43	60	62	149	#
453	348.604	6	14	17	36	48	60	149	#
454	689.172	1	13	22	23	26	32	34	44	49	50	62	150	#
455	853.882	15	22	26	27	29	31	36	42	50	51	55	150	#
456	837.675	1	2	12	13	18	39	40	42	43	48	49	150	#
457	830.09	4	8	13	15	24	27	33	43	49	55	60	150	#
458	822.178	3	13	17	26	36	38	42	44	55	58	63	150	#
459	775.582	2	15	17	19	32	34	37	42	56	60	63	150	#
460	154.639	56	61	151	#
461	168.862	39	61	151	#
462	144.568	1	56	151	#
463	62.3514	39	#
464	57.4425	42	#
465	135.174	38	42	44	152	#
466	167.338	41	42	52	152	#
467	34.0923	56	#
468	254.818	24	39	47	153	#
469	202.612	2	24	61	153	#
470	167.31	1	39	49	153	#
471	147.174	31	43	47	153	#
472	473.295	1	3	18	25	27	31	41	46	49	50	54	154	#
473	677.234	1	7	15	16	23	24	25	46	47	49	56	154	#
474	611.517	6	8	18	26	27	46	47	48	53	60	62	154	#
475	594.553	5	23	29	35	42	43	47	48	52	54	61	154	#
476	583.438	8	14	16	22	25	38	40	50	53	57	62	154	#
477	576.646	1	2	6	11	27	28	30	38	39	56	57	154	#
478	83.5527	12	17	31	49	155	#
479	104.375	9	20	31	53	155	#
480	67.1763	31	39	49	56	155	#
481	61.6667	15	17	31	49	155	#
482	419.011	5	8	9	16	42	51	59	156	#
483	444.311	5	12	19	35	48	54	58	156	#
484	360.371	8	16	42	44	46	49	54	156	#
485	334.994	2	9	16	27	44	55	56	156	#
486	327.476	8	16	31	40	49	54	62	156	#
487	299.217	2	10	24	35	54	59	61	156	#
488	1320.59	0	3	4	8	15	18	20	22	23	24	26	28	30	32	37	41	43	45	46	51	52	54	60	62	63	157	#
489	1619.89	0	1	3	5	11	14	19	20	27	28	29	30	32	33	34	36	40	44	46	47	50	53	54	58	59	157	#
490	1589.76	1	3	5	6	12	13	15	18	24	28	29	30	31	36	38	40	42	44	46	47	50	54	59	61	62	157	#
491	1555.18	0	2	3	5	6	7	11	14	16	18	24	28	29	30	33	39	40	41	42	45	46	48	51	53	56	157	#
492	1547.5	0	3	4	14	18	19	20	22	24	29	30	31	33	34	37	39	40	42	46	47	49	51	54	58	60	157	#
493	1531.06	1	2	3	7	8	10	16	17	18	24	28	29	30	31	32	34	40	41	44	50	52	54	58	59	61	157	#
494	382.416	3	8	10	25	29	38	48	158	#
495	527.137	1	3	7	26	38	50	54	158	#
496	522.282	35	40	48	51	52	53	61	158	#
497	475.018	3	19	26	29	46	55	63	158	#
498	469.598	10	11	18	36	46	48	57	158	#
499	361.137	3	4	8	14	18	31	54	158	#
500	325.539	43	52	55	159	#
501	333.033	14	47	55	159	#
502	294.279	4	43	51	159	#
503	199.886	33	36	52	159	#
504	951.331	3	4	12	14	16	17	26	29	36	39	42	48	49	58	61	62	160	#
505	1272.75	0	1	5	7	8	12	13	15	21	26	38	45	48	56	57	61	160	#
506	1157.39	4	16	20	24	25	28	30	42	46	48	52	54	59	60	62	63	160	#
507	1130.61	0	3	5	10	12	15	21	22	24	25	29	37	39	40	41	48	160	#
508	1101.37	4	7	8	14	17	22	29	30	38	39	42	48	49	57	58	63	160	#
509	1071.99	5	11	12	15	17	19	22	23	24	38	39	50	51	52	55	63	160	#
510	382.302	5	6	15	18	24	55	161	#
511	454.868	4	12	15	25	35	47	161	#
512	409.048	2	5	7	10	19	45	161	#
513	382.288	26	32	46	51	55	56	161	#
514	361.486	5	24	39	47	56	60	161	#
515	309.359	5	6	15	18	56	57	161	#
516	218.6	8	18	29	162	#
517	199.575	5	8	59	162	#
518	185.89	18	36	51	162	#
519	159.552	17	29	39	162	#
520	1345.42	1	11	12	13	18	24	27	29	31	33	42	43	45	49	50	51	52	54	63	163	#
521	1396.58	0	2	5	7	8	9	12	14	21	23	25	31	42	46	48	49	51	55	59	163	#
522	1325.35	6	7	10	12	18	19	23	26	28	32	34	37	41	42	45	48	50	51	52	163	#
523	1321.01	0	1	4	12	13	17	21	23	24	28	30	33	36	41	42	46	50	56	58	163	#
524	1296.91	1	5	10	18	19	21	22	24	25	30	31	37	42	46	50	55	56	60	63	163	#
525	1285.56	0	4	5	13	21	22	24	26	27	33	37	38	40	50	52	56	57	60	63	163	#
526	1233.61	1	6	11	12	16	21	27	29	30	34	39	41	43	46	47	51	52	53	60	62	164	#
527	1353.06	0	1	4	6	8	10	19	21	24	26	30	36	40	43	45	47	52	55	58	63	164	#
528	1347.39	0	3	8	12	13	18	19	21	22	24	25	29	30	47	48	51	54	55	58	62	164	#
529	1318.15	1	2	4	6	9	11	14	16	18	19	23	28	38	40	41	47	51	55	58	61	164	#
530	1317.57	1	4	9	10	14	15	16	18	29	33	39	41	43	46	48	51	52	55	61	62	164	#
531	1316.44	2	3	5	8	11	12	15	16	18	23	29	35	38	47	50	52	58	59	61	63	164	#
532	163.17	12	31	36	37	49	165	#
533	168.57	6	9	14	20	31	165	#
534	397.089	16	26	42	46	53	166	#
535	424.324	9	16	26	42	61	166	#
536	358.113	13	14	22	26	44	166	#
537	310.037	12	19	27	46	62	166	#
538	283.022	9	50	53	56	61	166	#
539	1488.34	0	2	8	9	10	11	13	16	21	23	29	30	32	33	40	45	52	54	56	57	58	60	167	#
540	1833.91	5	6	12	14	15	17	18	20	29	30	33	34	35	37	44	45	48	51	59	60	61	63	167	#
541	1746.7	2	5	9	14	15	16	20	22	24	26	27	33	34	41	43	44	48	49	56	59	60	63	167	#
542	1739.08	5	8	12	14	15	16	19	20	22	27	33	34	35	37	40	43	46	51	53	58	61	63	167	#
543	1706.13	0	2	12	14	15	18	19	21	23	27	30	33	34	44	45	50	53	56	58	60	62	63	167	#
544	1700.04	0	2	6	8	13	14	16	17	18	20	22	24	25	33	34	40	44	47	49	55	58	59	167	#
545	349.901	17	21	22	23	47	60	168	#
546	418.731	26	28	37	48	51	60	168	#
547	382.063	2	18	21	24	27	57	168	#
548	377.225	4	16	17	29	47	55	168	#
549	363.377	17	22	48	51	53	62	168	#
550	294.354	5	10	15	16	22	57	168	#
551	588.798	2	3	12	31	33	35	45	46	53	54	169	#
552	749.581	8	15	16	17	21	30	33	42	51	53	169	#
553	662.644	11	12	19	30	34	35	40	44	55	56	169	#
554	586.637	3	17	19	20	28	33	42	44	45	46	169	#
555	560.253	3	16	23	30	34	36	38	42	46	63	169	#
556	554.666	13	17	23	36	51	53	55	61	62	63	169	#
557	416.395	4	11	35	37	38	41	58	170	#
558	496.46	4	9	23	33	50	55	58	170	#
559	458.898	0	8	30	33	38	48	60	170	#
560	414.092	6	20	29	38	51	53	58	170	#
561	411.666	0	8	12	27	35	43	45	170	#
562	400.26	5	11	13	25	50	59	63	170	#
563	1177.03	2	3	7	8	13	18	23	24	29	31	32	35	36	39	43	49	51	55	58	59	62	63	171	#
564	1544.36	0	5	8	11	16	17	18	23	24	25	31	32	34	39	40	42	45	51	52	54	58	59	171	#
565	1493.61	4	7	11	16	19	22	23	24	25	28	31	32	36	37	39	45	46	51	52	56	61	63	171	#
566	1455.46	6	7	9	10	14	20	22	23	25	28	29	32	34	43	46	47	49	50	51	52	55	59	171	#
567	1439.79	5	6	8	15	17	18	25	26	29	34	35	37	38	41	42	50	55	56	57	58	62	63	171	#
568	1400.43	0	1	2	8	10	11	13	14	15	16	18	23	24	25	31	33	49	50	51	57	61	63	171	#
569	575.623	8	19	25	32	47	50	52	59	63	172	#
570	710.921	0	7	28	37	38	39	43	54	59	172	#
571	621.475	2	8	10	13	15	41	46	51	57	172	#
572	611.303	0	2	12	19	22	27	28	44	59	172	#
573	549.082	5	19	36	40	41	45	52	55	63	172	#
574	526.658	0	14	25	27	28	37	51	52	55	172	#
575	1361.9	0	8	11	14	15	21	27	29	35	40	42	45	47	49	54	55	58	59	60	173	#
576	1487.88	0	1	7	9	14	15	23	26	28	31	33	37	38	39	47	54	60	61	62	173	#
577	1483.23	0	2	3	12	14	15	20	35	38	41	43	44	47	48	51	52	55	58	62	173	#
578	1481	0	1	8	10	15	20	25	29	30	32	33	34	37	41	47	48	50	54	55	173	#
579	1415.17	1	4	9	12	14	15	19	22	29	35	36	37	40	41	47	48	54	60	63	173	#
580	1412.06	8	13	15	24	27	29	32	33	37	38	40	47	49	50	54	57	58	61	63	173	#
581	158.505	26	#
582	620.443	1	13	19	22	25	31	39	54	56	59	174	#
583	812.68	0	11	22	28	30	39	43	48	51	54	174	#
584	731.268	0	11	13	20	39	44	53	54	58	59	174	#
585	699.707	1	5	16	19	25	29	37	40	44	49	174	#
586	688.029	0	5	9	11	20	22	25	29	39	54	174	#
587	656.457	2	3	17	19	21	22	25	32	40	54	174	#
588	139.859	8	61	175	#
589	122.83	40	61	175	#
590	105.219	8	40	175	#
591	824.336	6	14	18	29	32	39	41	44	48	51	53	55	176	#
592	957.113	2	5	15	18	21	30	35	40	42	45	59	60	176	#
593	935.845	2	3	4	11	14	25	39	50	53	55	59	60	176	#
594	922.007	4	16	22	23	24	25	32	39	41	48	57	63	176	#
595	804.174	15	18	22	29	37	43	44	50	53	57	58	60	176	#
596	801.896	4	7	9	12	25	31	40	48	49	57	60	63	176	#
597	1623.7	8	9	10	15	17	18	20	21	22	26	31	34	36	41	42	43	46	49	50	53	54	55	56	58	59	61	62	63	177	#
598	2016.61	0	1	4	7	8	9	11	12	13	14	15	18	19	23	24	28	30	31	32	38	42	46	50	53	58	59	62	63	177	#
599	1923.99	0	1	4	7	8	9	11	15	18	22	23	27	28	33	34	38	39	42	47	49	50	51	53	54	56	58	60	61	177	#
600	1831.99	1	6	7	8	9	12	17	18	21	22	24	26	27	28	32	37	39	40	41	42	43	46	52	53	55	58	59	63	177	#
601	1830.72	0	1	3	8	10	12	14	15	16	21	22	23	24	26	27	30	31	36	44	48	49	50	51	52	53	54	59	61	177	#
602	1814.64	0	4	6	8	9	11	13	14	16	18	21	23	25	26	27	31	33	34	35	37	38	46	48	50	51	53	56	58	177	#
603	128.044	6	27	178	#
604	103.609	6	61	178	#
605	449.303	5	9	11	20	39	48	179	#
606	417.54	27	29	33	40	47	48	179	#
607	409.397	3	5	6	11	40	53	179	#
608	333.717	2	15	24	39	42	63	179	#
609	312.564	7	20	39	50	57	59	179	#
610	189.345	5	7	19	31	35	54	179	#
611	192.343	28	37	45	180	#
612	176.983	5	35	37	180	#
613	147.032	11	28	41	180	#
614	1128.26	1	2	3	15	16	21	24	26	31	36	37	42	43	44	49	58	62	181	#
615	1241.22	0	5	7	10	11	22	26	28	33	37	38	42	47	48	49	59	61	181	#
616	1230.81	1	4	8	14	16	18	26	27	33	38	39	47	48	51	54	61	62	181	#
617	1228.64	1	3	5	9	15	21	24	25	26	39	40	45	49	51	53	55	58	181	#
618	1163.47	1	8	10	14	16	22	24	29	39	40	42	48	51	52	53	55	62	181	#
619	1156.2	1	3	8	10	12	24	26	35	37	43	47	48	49	52	57	60	62	181	#
620	1335.12	0	2	3	4	7	9	11	12	16	17	23	26	32	34	36	37	38	39	41	42	46	59	60	61	62	63	182	#
621	1811.86	1	4	5	7	18	24	25	28	30	33	34	36	37	38	41	42	43	45	48	50	51	53	54	56	59	62	182	#
622	1718.31	0	1	3	4	5	6	7	9	12	15	16	18	24	25	27	32	33	34	40	41	47	51	53	55	57	59	182	#
623	1689.13	0	1	8	11	15	17	19	23	24	25	28	31	33	34	36	37	42	45	47	48	51	54	55	56	59	61	182	#
624	1673.99	0	1	3	5	6	7	11	13	15	18	22	23	25	26	28	30	31	36	37	38	40	44	47	50	54	59	182	#
625	1659.56	1	3	5	6	7	8	10	12	14	18	19	24	26	28	30	36	37	38	40	41	46	47	49	55	58	59	182	#
626	663.324	1	7	27	30	35	42	50	57	62	183	#
627	644.365	26	35	37	39	42	47	49	57	59	183	#
628	605.717	32	33	34	37	42	47	51	60	63	183	#
629	573.054	5	6	12	18	22	29	33	35	49	183	#
630	560.254	3	6	34	37	43	49	50	61	62	183	#
631	544.345	1	6	10	12	30	49	50	54	61	183	#
632	967.078	0	5	6	7	8	9	19	23	29	30	39	48	49	53	55	56	59	184	#
633	1194.45	1	3	11	19	20	23	27	28	30	33	34	46	49	55	61	62	63	184	#
634	1154.72	1	5	6	8	9	11	21	23	25	32	36	37	45	50	55	57	62	184	#
635	1150.86	3	7	9	12	17	26	34	37	38	42	44	45	47	57	59	62	63	184	#
636	1144.77	4	23	25	26	27	30	31	37	40	43	46	47	50	53	58	61	62	184	#
637	1107.27	0	4	5	7	8	11	25	27	28	32	33	44	48	49	50	51	56	184	#
638	2366.41	0	1	4	5	6	8	9	10	13	15	16	17	19	20	21	22	23	28	31	34	36	38	39	41	42	43	44	45	46	47	48	49	53	54	55	57	58	59	61	62	63	185	#
639	2743.05	1	2	4	5	6	9	10	11	17	18	19	24	25	26	27	28	30	33	34	35	36	37	39	40	42	43	44	45	46	47	48	49	50	51	52	53	55	56	61	62	63	185	#
640	2719.93	1	3	4	6	7	9	10	12	15	18	20	21	23	24	25	27	28	29	32	34	35	36	37	39	40	42	43	45	46	47	48	49	50	53	54	55	58	59	61	62	63	185	#
641	2718.88	0	2	4	5	7	8	12	15	16	17	18	19	20	22	24	25	26	28	29	30	31	32	34	35	36	37	39	40	42	44	46	47	49	50	52	57	58	59	61	62	63	185	#
642	2672.3	0	4	5	6	7	9	10	12	15	17	18	19	21	23	24	25	26	28	30	31	32	33	34	37	38	39	40	43	45	46	47	48	49	50	51	53	54	55	57	58	60	185	#
643	2660.99	0	2	4	6	7	8	10	14	15	16	17	18	20	21	22	26	27	28	29	30	32	35	36	37	38	40	41	44	47	48	49	50	51	52	53	54	55	56	58	62	63	185	#
644	2270.55	0	1	2	4	5	6	7	10	13	15	17	18	20	22	25	27	28	29	31	34	35	37	39	40	43	44	45	47	48	49	53	54	56	57	58	59	60	61	186	#
645	2574.6	2	5	6	7	8	12	13	15	18	21	22	23	24	25	26	27	28	29	31	33	37	38	39	42	45	47	48	49	52	53	54	55	57	58	59	60	62	63	186	#
646	2538.12	0	5	6	7	8	9	12	13	14	15	17	18	21	23	24	26	28	29	31	32	36	39	43	46	47	48	49	50	51	52	53	54	56	57	58	59	61	63	186	#
647	2459.04	1	3	5	6	7	8	9	11	12	13	15	17	18	22	23	25	26	29	30	31	37	38	39	42	44	46	47	48	50	51	52	53	56	57	58	60	61	63	186	#
648	2423.26	1	3	4	7	11	12	14	15	17	18	19	20	22	24	25	26	28	29	31	32	34	37	38	39	41	43	44	45	46	47	50	52	53	54	57	59	60	61	186	#
649	2420.7	0	1	3	4	5	7	8	11	12	13	14	15	17	18	20	24	25	27	28	30	31	32	34	36	38	40	43	49	50	52	53	54	57	59	60	61	62	63	186	#
650	530.763	0	7	11	25	33	40	48	49	187	#
651	626.034	0	9	16	33	39	42	45	50	187	#
652	512.977	3	4	9	11	26	28	53	57	187	#
653	489.096	7	18	22	24	27	33	36	37	187	#
654	478.602	2	13	21	22	44	48	49	52	187	#
655	460.435	4	18	28	31	40	50	51	60	187	#
656	105.784	47	#
657	304.101	9	26	30	55	60	188	#
658	390.828	23	26	46	55	56	188	#
659	378.587	15	26	53	56	62	188	#
660	339.247	0	9	27	55	62	188	#
661	313.923	1	2	3	21	60	188	#
662	154.374	9	10	30	36	45	188	#
663	293.585	10	14	36	40	55	61	189	#
664	439.369	12	26	34	36	37	48	189	#
665	394.715	4	11	37	51	58	61	189	#
666	335.59	28	40	45	57	59	60	189	#
667	224.521	14	15	23	29	33	43	189	#
668	324.383	11	19	21	43	51	190	#
669	459.171	5	21	45	56	57	190	#
670	374.851	29	34	47	51	56	190	#
671	343.022	11	28	51	52	55	190	#
672	314.864	3	7	22	43	61	190	#
673	262.492	17	19	27	38	63	190	#
674	282.004	2	18	33	45	191	#
675	320.766	13	22	33	48	191	#
676	291.704	1	4	18	29	191	#
677	270.306	1	2	24	37	191	#
678	245.174	4	31	45	55	191	#
679	1065.66	0	4	7	13	16	22	33	41	45	48	56	57	59	192	#
680	1043.02	0	4	16	19	23	26	30	37	42	54	56	59	61	192	#
681	960.931	2	11	13	16	24	31	32	35	42	48	51	57	59	192	#
682	905.731	11	13	19	27	31	36	37	46	52	53	56	57	59	192	#
683	901.088	3	11	25	26	30	33	38	40	42	45	47	48	57	192	#
684	887.94	0	11	12	14	20	25	26	32	36	40	46	53	63	192	#
685	650.86	3	16	24	25	30	50	58	59	193	#
686	698.598	1	4	8	14	24	44	47	58	193	#
687	658.445	0	1	7	12	16	26	57	58	193	#
688	637.263	4	7	32	42	44	52	57	59	193	#
689	549.754	3	11	26	34	47	50	57	61	193	#
690	534.405	15	22	25	30	51	53	54	57	193	#
691	889.769	5	10	12	21	28	29	36	37	41	47	58	61	194	#
692	906.8	2	6	11	12	21	24	38	39	41	43	46	58	194	#
693	866.12	7	15	19	24	26	31	35	42	47	55	58	61	194	#
694	839.405	3	12	13	15	17	21	26	32	34	36	41	51	194	#
695	835.701	8	9	14	25	26	29	32	36	45	48	61	62	194	#
696	798.467	5	7	22	32	34	39	40	41	47	53	61	63	194	#
697	580.351	7	8	13	19	38	42	43	58	59	195	#
698	618.769	17	26	31	36	41	42	43	52	59	195	#
699	577.605	0	5	8	26	37	38	43	53	56	195	#
700	543.648	1	7	17	21	23	32	33	49	51	195	#
701	518.06	2	6	11	13	19	27	41	57	59	195	#
702	492.511	10	17	22	24	29	35	43	54	56	195	#
703	599.369	1	22	25	43	44	47	50	52	57	196	#
704	753.955	1	2	7	13	18	21	24	30	63	196	#
705	721.228	5	18	20	23	24	25	40	44	63	196	#
706	639.743	4	9	14	20	22	25	32	50	57	196	#
707	588.349	4	9	15	23	25	51	56	57	63	196	#
708	573.326	0	20	25	43	45	52	57	62	63	196	#
709	210.608	23	27	30	33	197	#
710	282.795	7	33	57	61	197	#
711	228.971	27	32	58	63	197	#
712	189.97	2	23	27	31	197	#
713	157.444	17	29	30	35	197	#
714	173.001	16	22	23	30	34	57	198	#
715	204.384	10	31	34	53	56	59	198	#
716	251.365	5	14	50	199	#
717	241.42	14	47	57	199	#
718	140.613	5	32	37	199	#
719	135.708	50	53	54	199	#
720	738.01	0	7	12	21	29	30	36	40	44	52	54	62	200	#
721	950.87	1	7	19	40	41	43	47	48	49	52	54	59	200	#
722	932.98	4	7	9	23	27	30	38	48	49	54	57	59	200	#
723	893.843	3	17	21	24	41	44	47	49	51	53	54	58	200	#
724	861.162	9	11	20	22	24	30	38	39	47	50	52	62	200	#
725	820.815	1	3	19	20	23	38	40	42	45	52	56	57	200	#
726	676.406	4	7	9	13	19	21	27	35	47	50	56	59	61	62	201	#
727	1013.86	1	2	4	12	18	21	24	31	33	35	36	55	58	60	201	#
728	977.45	4	9	16	23	28	38	43	44	47	48	51	52	54	63	201	#
729	960.265	5	6	7	21	26	27	35	40	42	47	50	55	56	59	201	#
730	939.973	0	1	2	4	9	21	33	35	45	46	51	54	55	60	201	#
731	874.278	5	10	15	17	18	25	35	37	39	48	50	55	61	63	201	#
732	133.958	3	20	32	35	202	#
733	188.379	2	14	35	51	202	#
734	180.558	25	32	48	59	202	#
735	126.388	2	10	14	20	202	#
736	441.618	30	39	40	53	59	62	203	#
737	487.991	1	5	16	42	51	59	203	#
738	442.671	6	21	22	30	46	59	203	#
739	412.483	0	12	17	19	33	53	203	#
740	365.536	7	14	20	42	44	62	203	#
741	348.287	0	38	39	40	43	61	203	#
742	322.704	9	20	26	29	43	46	204	#
743	432.891	5	18	33	37	46	51	204	#
744	410.722	2	29	31	43	44	50	204	#
745	374.179	6	8	16	20	23	32	204	#
746	301.756	2	5	9	10	19	21	204	#
747	285.858	17	29	31	52	57	62	204	#
748	745.352	5	10	13	15	22	25	36	41	48	49	51	52	57	61	205	#
749	875.967	1	22	23	24	38	39	40	42	44	46	49	50	52	55	205	#
750	868.046	6	10	19	21	26	32	33	34	51	52	53	55	60	62	205	#
751	788.711	4	6	8	16	21	26	39	47	50	51	52	56	57	60	205	#
752	747.574	0	1	3	9	11	25	29	36	40	44	52	55	58	61	205	#
753	734.198	2	5	6	14	18	20	21	29	34	37	40	52	55	60	205	#
754	1508.97	4	12	15	18	19	21	22	23	25	29	30	31	36	40	44	46	47	48	50	51	54	58	62	206	#
755	1649.08	1	2	4	5	7	8	12	15	19	23	24	28	31	39	41	42	44	45	46	51	55	59	63	206	#
756	1587.27	2	4	5	8	10	15	16	18	22	23	26	28	30	32	33	35	37	39	41	47	49	58	63	206	#
757	1580.72	1	2	4	6	8	12	15	16	23	24	28	29	30	34	35	41	43	44	49	51	55	56	57	206	#
758	1572.76	1	4	5	9	10	12	14	15	16	22	23	25	26	29	30	34	37	44	47	49	51	60	63	206	#
759	1543.21	2	4	5	7	8	12	15	18	19	21	30	35	37	39	43	45	48	50	54	55	58	59	60	206	#
760	762.939	1	2	7	17	29	38	40	44	47	63	207	#
761	863.196	2	7	12	18	22	40	46	50	52	55	207	#
762	800.536	0	14	15	29	30	34	36	47	58	61	207	#
763	718.06	8	14	18	26	33	38	40	41	56	61	207	#
764	705.755	14	17	20	30	35	40	42	47	59	63	207	#
765	703.17	2	16	22	27	28	33	38	41	52	62	207	#
766	569.07	5	7	16	21	25	39	49	56	61	208	#
767	589.082	1	15	24	28	31	40	49	55	56	208	#
768	582.237	0	15	16	19	20	42	49	57	61	208	#
769	547.996	1	3	9	29	30	39	55	61	63	208	#
770	544.147	5	11	20	23	36	40	44	52	63	208	#
771	523.491	2	4	12	13	16	21	37	56	61	208	#
772	207.666	3	24	51	209	#
773	294.738	3	24	52	209	#
774	161.874	3	45	51	209	#
775	149.542	3	39	63	209	#
776	1001.55	0	1	5	8	10	11	17	24	34	36	38	40	41	43	45	49	55	56	57	63	210	#
777	1340.81	0	4	9	15	16	19	20	22	23	24	25	28	32	36	42	52	58	59	61	63	210	#
778	1278.76	5	7	9	10	11	15	17	22	24	27	31	43	47	50	51	52	55	56	62	63	210	#
779	1261.26	1	3	4	5	7	9	13	28	31	33	34	43	45	47	50	55	56	57	60	61	210	#
780	1256.9	0	1	3	6	8	11	18	25	31	34	40	41	42	45	48	51	57	58	59	63	210	#
781	1198.27	4	8	11	12	15	24	25	32	34	37	38	39	52	54	55	57	58	59	60	63	210	#
782	417.052	5	16	20	38	39	211	#
783	500.543	4	32	38	50	62	211	#
784	402.198	5	15	25	30	38	211	#
785	348.419	0	9	16	39	58	211	#
786	307.907	8	14	20	21	61	211	#
787	307.59	4	16	41	58	59	211	#
788	1755.55	2	3	4	8	9	12	13	14	18	20	23	25	26	27	29	31	34	36	37	38	40	42	43	44	46	47	51	53	57	61	62	212	#
789	2294.11	7	11	12	13	15	21	22	25	26	30	31	33	34	35	37	39	42	43	46	47	48	50	51	55	56	57	59	60	61	62	63	212	#
790	2281.17	0	5	6	8	10	12	13	18	21	22	25	26	27	29	30	31	32	36	42	46	47	48	49	50	51	52	53	55	56	58	61	212	#
791	2222.03	0	6	7	8	9	12	15	17	18	20	21	22	23	26	28	32	33	34	37	38	42	43	44	48	50	52	53	55	60	61	63	212	#
792	2168.16	0	3	4	6	7	8	10	12	17	20	21	22	24	25	29	30	33	36	37	41	42	44	47	51	52	53	55	56	58	59	62	212	#
793	2081.44	0	1	3	5	6	7	9	11	12	15	18	20	21	22	25	26	27	30	31	34	35	36	37	39	42	43	53	55	60	61	63	212	#
794	215.41	24	61	62	213	#
795	300.878	21	30	61	213	#
796	226.425	24	54	58	213	#
797	156.111	26	32	62	213	#
798	338.328	21	55	57	63	214	#
799	414.268	18	40	50	55	214	#
800	270.351	21	53	54	59	214	#
801	196.556	10	11	20	63	214	#
802	189.14	16	20	44	57	214	#
803	42.6571	33	#
804	134.748	19	37	54	59	215	#
805	130.855	5	19	28	54	215	#
806	57.3514	10	37	61	#
807	87.7112	17	51	216	#
808	104.427	16	51	216	#
809	101.566	17	61	216	#
810	555.301	0	3	8	11	27	31	46	49	57	63	217	#
811	759.06	0	5	19	34	39	40	45	46	50	55	217	#
812	739.707	0	1	6	8	14	29	38	42	46	58	217	#
813	695.635	0	5	8	16	28	29	40	42	49	61	217	#
814	691.655	0	11	18	25	27	38	56	59	61	63	217	#
815	670.589	15	17	18	20	25	27	29	48	50	57	217	#
816	151.166	38	54	61	218	#
817	178.512	8	45	54	218	#
818	158.811	24	61	62	218	#
819	19.103	19	35	38	218	#
820	316.826	10	15	21	28	37	219	#
821	387.719	10	24	39	40	44	219	#
822	359.804	0	8	15	18	61	219	#
823	286.906	8	13	28	29	58	219	#
824	228.781	20	21	22	31	52	219	#
825	195.383	0	6	36	37	39	219	#
826	572.863	21	28	37	40	54	60	62	63	220	#
827	663.278	5	11	18	28	51	55	56	62	220	#
828	570.877	14	15	18	37	40	42	50	56	220	#
829	566.151	3	7	12	24	36	44	58	63	220	#
830	504.576	5	15	21	26	37	40	41	63	220	#
831	491.034	12	14	23	37	38	39	55	56	220	#
832	1693.79	7	8	11	16	18	19	20	21	23	24	25	26	27	31	37	41	42	43	46	48	50	52	55	58	59	61	221	#
833	2057.85	0	4	11	13	17	18	19	24	25	26	27	28	30	31	34	37	38	39	45	46	47	48	52	54	55	63	221	#
834	2004.23	0	1	7	11	13	14	21	24	25	26	27	28	29	30	37	38	40	41	43	47	48	54	55	56	57	58	221	#
835	1924.83	1	3	4	7	8	13	15	16	21	24	25	26	37	42	43	47	48	50	51	52	53	55	56	60	61	63	221	#
836	1906.17	2	4	13	15	16	22	24	25	26	28	33	34	35	38	39	41	43	45	48	50	51	53	54	55	60	62	221	#
837	1855.17	2	4	6	7	13	16	18	20	23	24	25	26	28	36	40	46	47	48	50	51	54	56	57	58	60	63	221	#
838	856.869	2	7	16	24	26	28	34	37	49	50	57	59	222	#
839	984.395	3	4	7	14	20	23	26	28	40	53	59	61	222	#
840	911.487	1	12	18	20	25	28	30	47	56	57	59	60	222	#
841	892.439	8	12	20	21	26	35	36	42	47	50	56	57	222	#
842	870.922	1	4	5	7	11	12	24	25	28	34	37	49	222	#
843	782.747	0	1	3	7	24	30	37	43	45	49	60	63	222	#
844	445.837	0	13	23	27	30	44	48	60	223	#
845	649.727	18	23	24	26	31	45	49	57	223	#
846	635.515	0	11	12	18	22	23	28	30	223	#
847	624.006	7	19	23	39	45	48	54	58	223	#
848	599.949	3	13	14	26	38	55	58	63	223	#
849	539.353	3	7	19	38	44	49	50	60	223	#
850	261.235	28	32	44	47	56	224	#
851	383.472	4	10	30	41	47	224	#
852	355.677	5	21	28	42	57	224	#
853	285.15	7	18	35	56	60	224	#
854	233.162	17	22	44	52	57	224	#
855	168.406	14	25	32	56	61	224	#
856	610.658	4	5	9	12	16	32	43	51	61	225	#
857	769.432	0	2	4	5	18	23	32	34	42	225	#
858	734.413	0	4	10	16	25	32	49	62	63	225	#
859	731.859	18	22	28	32	34	49	52	55	60	225	#
860	709.565	4	9	11	15	27	41	48	53	61	225	#
861	689.034	2	10	18	21	34	36	40	61	62	225	#
862	187.734	25	26	226	#
863	210.723	25	48	226	#
864	150.552	26	54	226	#
865	1601.39	2	5	6	9	15	18	19	23	27	28	29	30	31	33	34	36	38	39	46	50	52	57	62	227	#
866	1745.3	4	5	11	12	13	15	17	18	24	29	33	34	37	39	43	46	47	48	49	53	60	62	63	227	#
867	1698.48	1	5	9	12	14	15	18	19	20	24	25	29	34	45	47	50	51	55	56	57	58	60	62	227	#
868	1669.78	2	4	5	10	12	13	18	23	24	26	28	30	35	36	38	39	42	49	50	51	55	59	60	227	#
869	1651.32	1	4	5	15	17	19	25	26	32	33	34	38	39	41	45	46	50	52	53	59	60	62	63	227	#
870	1622.36	0	1	3	4	5	6	9	10	11	12	13	17	18	23	34	35	37	38	40	51	58	60	63	227	#
871	1247.45	1	6	7	14	17	19	21	23	26	29	32	43	44	47	50	55	56	60	228	#
872	1508.62	1	2	3	5	14	16	18	22	29	32	33	34	37	40	42	45	47	55	228	#
873	1465.97	3	4	7	8	12	16	18	19	25	33	44	45	47	52	53	55	57	61	228	#
874	1419.92	12	17	18	21	24	25	26	30	32	34	35	37	42	43	45	49	61	62	228	#
875	1358.68	5	6	15	19	20	25	29	33	35	40	42	43	45	48	55	56	61	63	228	#
876	1355.67	1	4	10	11	17	18	25	29	35	40	42	47	50	53	55	56	59	61	228	#
877	1968.24	2	3	4	6	7	10	13	14	16	18	19	20	21	22	23	25	26	28	30	32	33	34	35	36	38	39	42	44	45	47	51	52	61	229	#
878	2500.03	0	6	8	12	13	14	15	16	17	18	21	22	24	26	28	29	31	34	35	38	39	41	42	44	48	49	52	53	55	57	59	61	62	229	#
879	2334.69	0	3	4	6	7	8	9	10	12	13	15	16	17	18	21	23	24	26	28	29	32	34	36	38	41	44	47	52	54	55	57	59	62	229	#
880	2323.4	4	5	6	8	13	15	17	18	24	26	31	32	33	34	37	38	40	41	42	43	44	45	48	49	52	53	54	55	59	60	61	62	63	229	#
881	2209.92	0	1	2	6	7	10	13	17	22	23	26	27	28	32	33	34	35	37	38	39	42	45	47	48	49	50	52	53	55	57	59	62	63	229	#
882	2163.1	0	2	6	7	8	9	12	13	15	16	18	22	26	27	28	31	32	35	36	38	39	40	42	43	45	47	48	49	52	54	55	59	62	229	#
883	94.8184	33	49	230	#
884	131.419	33	57	230	#
885	226.182	4	26	43	231	#
886	223.759	22	34	43	231	#
887	161.627	4	6	22	231	#
888	108.929	3	26	28	231	#
889	531.327	0	4	6	12	20	21	26	37	43	44	49	54	232	#
890	750.732	6	8	19	22	24	29	48	49	50	59	61	63	232	#
891	743.684	1	4	13	21	22	23	26	31	45	47	49	61	232	#
892	733.081	5	6	13	17	19	31	33	45	46	50	57	62	232	#
893	728.26	6	7	19	20	22	38	41	48	52	58	59	62	232	#
894	681.078	0	1	4	10	16	24	26	38	46	51	54	61	232	#
895	63.8297	25	#
896	158.708	1	13	23	233	#
897	206.45	1	2	53	233	#
898	187.259	21	23	32	233	#
899	80.5234	13	56	62	233	#
900	596.293	10	13	19	24	30	45	52	58	61	234	#
901	774.524	5	12	18	30	33	37	38	49	63	234	#
902	712.991	7	22	24	30	34	45	49	60	61	234	#
903	696.465	2	7	13	24	37	44	50	52	55	234	#
904	589.767	2	26	31	32	35	45	49	52	53	234	#
905	459.772	3	16	19	24	28	30	39	44	61	234	#
906	188.745	3	11	19	45	54	235	#
907	269.065	14	30	40	45	62	235	#
908	238.87	3	12	19	37	60	235	#
909	503.484	3	8	25	28	34	39	41	49	55	57	236	#
910	645.183	27	28	29	30	31	41	43	50	53	57	236	#
911	640.856	3	5	8	12	20	41	47	55	61	62	236	#
912	596.212	9	17	29	32	45	47	48	50	57	59	236	#
913	594.268	4	8	9	13	19	23	37	41	48	61	236	#
914	579.865	11	13	19	25	26	29	36	52	55	56	236	#
915	240.621	11	61	237	#
916	116.394	11	36	237	#
917	1374.23	2	5	8	9	14	16	19	20	30	32	37	38	41	42	46	50	51	55	56	57	58	62	63	238	#
918	1745.75	0	1	4	5	10	12	15	17	21	22	23	24	25	26	38	39	42	45	46	47	50	54	61	238	#
919	1618.31	0	1	2	3	8	10	12	13	15	17	24	26	30	36	37	39	46	47	54	55	56	59	61	238	#
920	1607.72	9	12	15	18	22	32	33	38	40	41	42	43	46	48	49	50	51	52	53	54	57	59	61	238	#
921	1590.53	0	1	2	5	11	12	16	21	22	23	27	28	30	34	36	39	40	42	43	53	54	57	59	238	#
922	1571.94	0	4	5	7	12	13	21	25	28	29	31	32	46	48	50	51	53	55	57	59	60	62	63	238	#
923	331.002	10	22	39	44	48	52	239	#
924	454.169	2	3	15	24	39	55	239	#
925	424.342	6	10	26	46	47	58	239	#
926	420.623	4	6	34	36	41	44	239	#
927	375.983	33	48	49	51	52	54	239	#
928	341.184	2	3	22	43	53	60	239	#
929	1823.8	1	3	7	9	14	15	16	17	21	26	28	29	31	32	33	35	37	39	40	41	47	48	50	52	53	54	55	60	62	240	#
930	1974.53	2	4	5	8	9	11	14	15	20	21	22	23	25	26	29	32	34	35	37	38	45	46	48	49	51	52	56	60	63	240	#
931	1964.91	5	6	11	14	15	17	18	19	25	26	27	29	30	32	33	35	36	41	42	44	46	47	48	50	52	53	55	57	61	240	#
932	1946.86	1	2	5	7	9	11	13	15	18	20	22	23	25	26	29	30	31	32	34	35	43	46	47	48	51	52	54	55	63	240	#
933	1944.79	1	2	3	4	8	9	12	17	19	20	22	24	25	26	33	35	39	40	42	43	45	46	48	50	52	53	57	59	63	240	#
934	1927.89	0	2	4	7	10	11	13	14	15	18	19	22	25	28	30	32	41	44	45	46	48	50	51	52	55	57	60	61	62	240	#
935	1972.81	0	2	4	6	7	10	13	17	19	21	22	23	24	26	27	29	31	32	33	35	39	40	42	46	47	48	50	51	55	56	57	59	60	61	62	241	#
936	2268.58	0	1	5	6	7	8	9	11	15	16	18	20	22	23	24	25	26	29	30	34	36	38	39	43	45	47	48	53	56	57	58	59	60	61	62	241	#
937	2245.77	2	4	5	6	7	8	9	10	11	12	13	18	20	21	22	24	26	27	28	31	32	33	35	40	41	44	45	53	55	57	58	59	60	61	62	241	#
938	2213.88	0	1	4	5	7	8	9	10	11	12	16	17	18	22	24	25	30	31	33	39	40	41	42	44	47	48	49	51	52	53	54	55	59	60	63	241	#
939	2202.28	0	1	2	3	7	8	10	14	15	18	22	23	24	25	26	27	29	30	32	35	39	41	43	45	47	48	50	51	52	53	54	55	57	60	62	241	#
940	2181.25	0	1	2	3	4	6	8	12	14	15	16	21	23	24	25	26	28	31	34	37	39	41	43	44	45	46	47	48	49	50	53	54	55	59	61	241	#
941	1060.22	5	12	14	15	19	20	29	40	42	43	44	49	50	59	60	62	63	242	#
942	1261.24	0	1	2	4	5	9	13	16	28	29	34	40	46	49	54	55	57	242	#
943	1256.53	1	11	12	24	28	30	31	32	38	40	43	44	46	48	49	51	55	242	#
944	1183.37	1	4	11	23	24	25	27	28	29	38	41	43	47	48	49	54	62	242	#
945	1138.53	0	9	17	19	25	27	28	32	40	41	44	45	47	48	57	59	63	242	#
946	1137.35	5	7	10	11	12	14	17	19	22	25	31	32	41	48	50	54	63	242	#
947	330.553	30	33	36	55	243	#
948	420.912	15	29	50	55	243	#
949	335.621	1	19	30	51	243	#
950	304.839	28	33	37	47	243	#
951	226.873	13	32	36	55	243	#
952	479.297	20	21	26	30	39	43	61	244	#
953	608.293	15	20	21	28	39	46	57	244	#
954	536.625	12	19	32	39	46	53	59	244	#
955	484.228	4	7	30	34	38	43	50	244	#
956	453.661	10	12	14	21	45	50	62	244	#
957	444.966	17	21	26	27	33	52	58	244	#
958	57.8092	53	#
959	216.478	7	13	32	36	52	245	#
960	303.846	7	26	37	50	52	245	#
961	278.786	7	11	33	53	61	245	#
962	239.72	14	34	36	53	60	245	#
963	231.519	13	19	41	44	57	245	#
964	231.087	9	29	32	41	48	245	#
965	174.729	0	27	246	#
966	166.757	0	38	246	#
967	143.341	27	63	246	#
968	752.185	1	4	5	10	13	25	27	31	43	44	48	50	54	55	56	58	247	#
969	1097.5	5	12	20	22	25	32	33	36	37	40	42	43	47	51	52	54	247	#
970	1050.29	0	12	13	15	19	29	30	32	33	36	40	41	46	50	51	59	247	#
971	1015.08	1	3	8	12	15	16	18	19	24	26	27	29	32	33	49	54	247	#
972	1006.93	6	7	11	13	17	19	20	24	31	38	45	46	48	49	61	63	247	#
973	975.212	7	9	11	12	13	16	19	28	31	42	48	52	54	56	59	62	247	#
974	108.72	8	10	27	32	36	41	#
975	211.868	2	5	16	44	248	#
976	237.267	2	7	15	16	248	#
977	214.261	5	10	13	63	248	#
978	197.707	13	14	20	44	248	#
979	135.897	3	11	16	35	248	#
980	457.934	14	18	21	23	37	41	62	249	#
981	596.085	14	23	26	28	40	60	62	249	#
982	561.84	5	21	25	34	43	51	63	249	#
983	536.6	1	11	24	28	37	39	40	249	#
984	536.172	5	11	23	28	55	59	63	249	#
985	498.479	1	28	32	34	35	44	62	249	#
986	218.382	4	6	16	33	36	38	250	#
987	292.879	10	13	18	36	38	47	250	#
988	184.619	3	6	29	47	49	52	250	#
989	733.666	2	6	7	9	14	17	28	35	37	38	54	56	61	63	251	#
990	1041.37	9	11	12	18	29	30	31	33	35	41	46	47	55	61	251	#
991	928.558	3	7	15	20	22	24	25	28	30	31	39	41	44	47	251	#
992	920.545	2	4	8	13	14	20	22	23	29	34	40	41	48	52	251	#
993	911.904	4	12	17	18	29	31	33	37	38	40	51	54	58	59	251	#
994	911.747	2	6	12	20	24	27	34	35	38	42	44	55	59	63	251	#
995	47.9193	57	#
996	816.063	0	1	9	10	20	22	40	41	46	53	252	#
997	877.671	10	20	22	30	34	41	43	45	57	63	252	#
998	830.459	1	9	12	14	15	25	31	37	46	53	252	#
999	798.414	1	5	11	15	18	19	27	34	50	55	252	#
1000	770.656	10	11	15	19	20	22	31	39	41	58	252	#
1001	735.261	5	12	22	23	24	29	32	45	51	58	252	#
