%% File generated by CATS v.2.1Wed Jun 22 10:37:25 2022

%% The CATS webpage is http://robotics.stanford.edu/CATS

%% PARAMETER SETTINGS:
% Goods: 64; Bids: 1000; Distribution: arbitrary; Runs: 1; Seed: 1656572400
% Arbitrary Distribution Parameters:
% Max Substitutable Bids = 5
% Removing HV Neighbor   = 0.1
% Adding DIAG Neighbor   = 0.2
% Additional Location    = 0.9
% Additivity             = 0.2
% Budget Factor          = 1.5
% Resale Factor          = 0.5
% Uniform Private Value:
%   Deviation            = 0.5
%   Max Good Value       = 100



goods 64
bids 1001
dummy 185

0	919.213	1	13	14	19	21	29	41	42	47	49	54	55	63	64	#
1	1120.57	0	6	14	15	17	20	22	42	49	50	52	56	58	64	#
2	1095.59	1	14	15	19	20	26	40	42	52	55	56	57	58	64	#
3	1020.19	0	1	2	7	10	13	16	19	25	38	49	54	55	64	#
4	1012.07	0	11	17	34	37	43	49	50	52	54	56	59	63	64	#
5	989.077	4	9	14	17	19	20	34	40	56	58	59	62	63	64	#
6	207.531	6	9	22	52	63	65	#
7	290.093	5	9	17	28	37	65	#
8	260.635	22	38	41	50	59	65	#
9	151.182	36	54	58	60	63	65	#
10	295.667	41	43	55	61	66	#
11	384.559	9	20	50	61	66	#
12	316.577	38	40	43	50	66	#
13	255.246	25	48	55	59	66	#
14	242.113	3	27	41	48	66	#
15	201.51	3	4	12	20	39	42	53	#
16	90.1777	48	#
17	821.373	5	6	10	19	33	42	46	50	51	67	#
18	808.782	6	7	10	13	16	34	46	51	63	67	#
19	765.691	1	4	9	10	19	20	54	57	62	67	#
20	758.592	19	21	24	26	27	33	40	46	62	67	#
21	747.286	6	9	19	20	26	36	44	59	63	67	#
22	730.552	1	4	14	24	27	36	42	50	56	67	#
23	85.7324	22	#
24	227.389	6	30	68	#
25	184.27	6	38	68	#
26	135.452	28	30	68	#
27	676.789	3	5	10	12	19	24	33	37	38	40	60	63	69	#
28	888.665	19	23	31	34	35	38	41	42	45	47	50	54	69	#
29	878.885	8	20	21	30	35	37	39	41	43	50	53	61	69	#
30	855.355	3	5	8	9	10	12	17	43	46	47	50	60	69	#
31	846.834	5	6	12	17	18	24	30	35	37	43	44	59	69	#
32	830.312	7	8	10	29	30	34	38	44	45	49	50	62	69	#
33	656.31	5	6	8	10	14	19	28	52	62	70	#
34	846.393	0	5	8	11	24	45	49	61	63	70	#
35	747.821	6	8	26	32	39	43	48	61	63	70	#
36	740.574	2	4	8	10	11	24	43	59	63	70	#
37	713.194	4	6	9	22	29	47	49	60	62	70	#
38	707.819	2	6	9	16	28	45	52	59	62	70	#
39	175.108	42	44	71	#
40	210.193	42	50	71	#
41	165.249	44	50	71	#
42	320.021	3	24	27	34	37	55	72	#
43	400.653	3	8	20	38	41	42	72	#
44	364.623	24	27	28	31	39	56	72	#
45	347.259	5	21	27	31	40	53	72	#
46	263.983	7	26	33	37	38	60	72	#
47	10.275	12	#
48	1124.77	0	15	19	25	28	29	33	36	39	42	44	48	50	51	55	57	58	59	73	#
49	1365.85	5	8	10	12	16	17	19	21	25	28	32	33	34	40	49	50	55	63	73	#
50	1329.52	5	8	10	11	12	15	16	19	23	28	29	32	42	49	50	59	61	63	73	#
51	1243.04	5	7	16	17	20	21	22	23	29	32	33	34	39	46	49	50	53	61	73	#
52	1225.21	0	2	12	14	16	21	23	34	36	41	46	48	49	50	55	57	59	63	73	#
53	1190.75	0	5	6	16	21	22	28	33	36	39	40	43	49	50	52	53	60	63	73	#
54	1434.26	0	4	5	7	8	9	10	12	14	15	17	22	25	28	31	32	39	46	47	50	52	56	62	74	#
55	1769.66	0	7	9	13	22	24	28	29	31	33	37	39	40	42	46	47	48	51	52	56	58	61	62	74	#
56	1768.56	0	3	5	7	8	9	13	15	16	21	22	27	28	32	35	37	39	46	52	55	56	59	61	74	#
57	1670.05	0	2	4	7	13	14	16	22	23	29	30	32	37	40	41	46	48	55	56	58	59	62	63	74	#
58	1642.9	0	1	2	5	7	12	13	23	24	27	30	32	35	37	40	42	48	51	53	56	57	62	63	74	#
59	1609.01	0	2	3	6	7	10	16	20	22	23	24	30	32	33	39	40	42	46	48	49	51	53	55	74	#
60	195.859	8	11	17	21	26	37	51	53	#
61	1192.44	0	4	6	7	9	11	13	14	19	22	38	40	41	58	62	75	#
62	1348	0	4	5	8	14	16	22	27	30	41	42	45	46	49	56	75	#
63	1310.92	6	7	9	22	25	31	34	36	39	42	45	49	56	57	61	75	#
64	1236.03	0	1	4	7	11	13	14	31	39	40	48	57	58	61	62	75	#
65	1196.41	0	6	7	8	15	25	28	34	35	36	39	48	58	60	62	75	#
66	1156.67	1	2	6	7	13	19	25	33	34	38	39	42	45	48	57	75	#
67	1087.62	7	9	10	13	16	26	27	28	36	40	44	52	58	60	76	#
68	1187.07	2	5	7	22	24	25	26	28	31	33	42	43	46	52	76	#
69	1165.37	0	10	16	18	25	26	27	31	35	40	43	45	51	52	76	#
70	1142.9	4	6	7	9	25	32	33	34	37	40	42	45	46	63	76	#
71	1116.5	4	6	7	10	13	17	24	28	34	39	42	51	54	55	76	#
72	1086.01	2	4	11	13	16	19	24	28	34	39	45	46	49	62	76	#
73	299.516	8	12	14	22	23	38	39	77	#
74	436.593	11	34	36	38	46	56	60	77	#
75	417.3	12	21	26	39	41	55	61	77	#
76	400.303	0	2	8	11	14	45	55	77	#
77	379.731	30	32	37	38	39	42	61	77	#
78	352.676	7	14	18	29	31	37	45	77	#
79	655.947	7	12	14	16	22	25	28	32	43	78	#
80	797.151	16	22	23	24	27	43	48	56	62	78	#
81	760.158	4	5	14	17	25	27	43	48	49	78	#
82	705.116	7	13	16	17	22	36	40	48	51	78	#
83	700.428	4	8	9	12	22	39	43	58	63	78	#
84	662.803	17	22	25	28	34	35	46	48	50	78	#
85	405.436	2	9	11	36	37	47	50	59	79	#
86	561.557	0	1	11	17	33	48	60	63	79	#
87	504.019	5	8	11	23	29	37	49	59	79	#
88	498.084	21	37	41	43	47	50	53	63	79	#
89	488.598	2	3	17	23	30	41	43	48	79	#
90	460.515	2	9	13	17	28	31	33	49	79	#
91	1713.04	1	2	4	5	7	10	12	17	18	20	21	22	23	29	31	33	35	37	38	39	40	46	47	50	52	54	55	56	58	59	60	80	#
92	2243.18	0	4	6	7	8	9	10	11	14	16	18	21	22	25	30	33	35	39	40	42	46	47	48	50	51	52	54	56	61	62	63	80	#
93	2176.59	1	4	5	6	8	9	10	12	14	17	20	21	22	25	26	28	33	36	38	42	43	44	47	48	50	51	53	54	56	57	61	80	#
94	2081.38	1	4	6	7	9	10	12	14	17	18	20	21	25	26	28	30	33	35	36	38	39	40	41	47	50	52	54	56	58	61	62	80	#
95	2077.76	1	3	4	7	8	9	10	11	12	14	17	18	19	20	22	25	26	29	30	33	35	38	43	45	48	51	54	56	57	58	61	80	#
96	2066.68	0	1	2	6	9	10	11	12	17	18	20	21	22	25	30	33	38	39	40	43	47	48	49	53	54	56	57	59	61	62	63	80	#
97	127.456	23	29	37	81	#
98	169.534	15	37	61	81	#
99	799.103	1	9	11	19	20	25	27	33	37	59	82	#
100	1006.09	9	16	20	25	29	30	41	46	49	56	82	#
101	913.924	1	6	8	9	20	41	42	49	51	56	82	#
102	748.019	6	12	20	26	33	41	42	50	56	59	82	#
103	712.824	11	17	20	28	32	37	39	41	46	49	82	#
104	691.599	4	6	11	16	19	39	45	50	58	62	82	#
105	52.5416	38	#
106	2600.71	1	2	3	5	6	7	8	9	12	13	14	16	17	18	25	26	30	31	34	35	39	40	41	42	44	45	48	50	51	52	53	56	59	61	62	63	83	#
107	2587.99	0	1	2	3	5	6	7	8	9	10	12	13	14	16	17	18	21	24	25	31	32	34	35	40	41	42	47	50	51	52	54	55	56	57	62	63	83	#
108	2586.77	1	2	3	5	6	8	10	12	13	14	18	20	21	23	24	26	27	32	34	35	40	41	42	45	48	50	51	52	53	55	56	57	59	61	62	63	83	#
109	2549.56	1	2	3	5	6	8	9	12	13	16	18	20	25	26	27	31	32	34	35	37	38	40	42	44	45	47	48	50	51	52	53	55	56	61	62	63	83	#
110	2549.36	0	1	2	3	5	6	9	10	12	13	14	17	20	21	25	26	27	31	34	35	38	40	41	42	45	48	50	51	52	53	54	55	56	57	61	62	83	#
111	2547.25	1	2	3	5	6	7	8	13	14	16	17	18	20	23	24	25	26	27	29	31	34	36	40	41	42	47	48	50	51	52	53	55	57	61	62	63	83	#
112	342.155	17	33	55	56	84	#
113	402.117	1	11	24	56	84	#
114	371.723	13	31	55	58	84	#
115	329.104	5	16	17	33	84	#
116	214.454	17	24	37	44	84	#
117	238.148	9	35	39	85	#
118	260.695	35	38	47	85	#
119	180.367	9	11	37	85	#
120	168.4	6	30	39	85	#
121	1228.84	9	13	14	16	18	19	25	26	27	30	33	36	39	40	46	48	50	52	58	59	86	#
122	1584.1	2	10	13	15	21	24	27	28	29	34	35	36	40	48	49	51	52	56	59	61	86	#
123	1580.43	2	11	15	16	18	20	21	24	26	27	29	30	35	42	43	45	48	49	61	63	86	#
124	1551.25	3	5	10	12	15	19	27	28	34	35	39	40	41	42	49	50	51	55	56	59	86	#
125	1505.81	6	9	10	21	27	33	34	36	39	41	42	43	46	47	49	51	54	55	56	58	86	#
126	1470.93	3	4	9	10	12	13	14	16	19	20	26	34	35	38	41	42	43	45	54	63	86	#
127	410.097	29	48	52	56	63	87	#
128	376.083	3	27	45	53	56	87	#
129	365.775	5	16	43	52	63	87	#
130	363.899	9	14	37	51	52	87	#
131	339.337	8	31	38	47	48	87	#
132	313.422	11	21	29	55	62	87	#
133	350.623	16	18	25	61	88	#
134	414.727	10	16	25	54	88	#
135	275.963	7	23	25	35	88	#
136	249.36	27	33	60	61	88	#
137	237.772	3	13	18	46	88	#
138	173.589	30	59	89	#
139	167.648	30	49	89	#
140	131.293	11	59	89	#
141	235.441	20	25	60	90	#
142	330.924	19	25	46	90	#
143	322.512	16	46	60	90	#
144	207.428	2	19	20	90	#
145	232.026	9	12	27	52	91	#
146	284.049	4	12	24	45	91	#
147	265.232	5	21	27	40	91	#
148	218.338	11	22	52	55	91	#
149	216.978	9	12	16	57	91	#
150	386.711	14	22	32	33	56	92	#
151	349.903	19	24	33	48	55	92	#
152	345.136	17	32	36	48	62	92	#
153	320.397	5	23	44	52	56	92	#
154	270.583	5	18	22	33	54	92	#
155	234.493	6	14	34	42	53	92	#
156	42.5654	17	#
157	62.2406	55	#
158	1115.75	0	5	6	11	18	25	26	28	31	33	40	41	43	49	53	58	60	63	93	#
159	1333.52	0	5	6	11	16	25	26	30	34	41	42	49	51	53	58	59	61	63	93	#
160	1288.89	0	5	6	8	13	18	21	30	32	33	42	45	47	49	54	60	61	63	93	#
161	1231.5	2	4	6	8	12	13	16	18	25	34	40	41	44	49	55	58	59	61	93	#
162	1218.05	0	10	11	12	13	24	25	28	30	40	41	49	50	54	55	58	61	63	93	#
163	1210.25	0	8	10	13	16	17	18	19	20	24	25	26	31	33	49	53	60	61	93	#
164	518.527	10	11	18	24	38	43	50	58	94	#
165	643.97	5	13	19	40	44	50	57	59	94	#
166	616.857	7	9	18	22	25	55	58	61	94	#
167	594.878	3	6	10	25	31	48	50	57	94	#
168	529.391	5	8	9	11	20	30	33	60	94	#
169	508.704	4	13	19	22	25	33	34	38	94	#
170	1021.7	0	13	29	32	33	35	48	49	50	56	58	95	#
171	1044.45	0	4	6	8	10	15	16	27	32	39	50	95	#
172	919.545	6	9	10	12	26	32	33	35	53	58	62	95	#
173	882.016	0	6	10	12	15	17	48	54	56	58	60	95	#
174	876.591	1	10	16	20	26	38	43	50	56	60	62	95	#
175	850.451	0	16	18	21	40	47	48	50	58	60	63	95	#
176	222.912	13	29	30	49	96	#
177	274.373	0	3	29	31	96	#
178	274.272	0	30	51	53	96	#
179	197.221	29	39	52	62	97	#
180	233.042	19	25	34	52	97	#
181	232.57	3	20	28	62	97	#
182	163.175	4	11	17	39	97	#
183	2051.71	1	8	9	10	12	15	16	20	21	23	25	26	27	28	30	33	34	35	39	40	43	44	45	46	49	50	51	52	53	60	61	62	63	98	#
184	2350.25	0	1	4	5	7	8	9	12	16	18	19	21	24	25	26	27	30	33	34	35	39	40	41	44	45	49	50	51	59	60	61	62	63	98	#
185	2258.49	0	2	4	5	6	7	8	9	13	15	16	19	21	23	24	26	27	29	31	33	34	35	39	43	44	46	48	50	58	59	60	62	63	98	#
186	2247.11	0	1	4	5	7	8	9	10	13	14	15	16	19	21	24	25	28	30	33	36	39	40	41	43	44	45	48	49	52	58	59	60	63	98	#
187	2232.56	0	1	4	6	8	9	10	12	13	15	16	19	21	25	27	29	30	31	33	40	43	44	45	46	49	53	55	58	59	60	61	62	63	98	#
188	2184.02	1	4	5	8	9	10	13	14	16	18	19	20	21	24	25	26	27	34	38	39	40	41	43	44	46	50	52	58	59	60	61	62	63	98	#
189	327.726	9	16	37	63	99	#
190	296.367	34	36	37	44	99	#
191	274.295	9	41	46	52	99	#
192	261.603	5	16	17	52	99	#
193	259.886	25	50	57	63	99	#
194	160.509	16	39	100	#
195	231.017	13	16	100	#
196	162.887	0	39	100	#
197	336.311	13	16	41	54	55	101	#
198	463.879	0	16	49	60	61	101	#
199	441.884	7	16	27	33	41	101	#
200	340.808	7	13	18	31	55	101	#
201	327.191	16	29	55	60	63	101	#
202	245.956	1	3	6	21	54	101	#
203	744.179	22	32	42	48	50	51	58	61	102	#
204	701.047	0	21	36	37	43	44	48	50	102	#
205	664.354	7	9	11	14	16	24	30	58	102	#
206	650.969	0	32	33	40	50	51	58	63	102	#
207	634.284	1	6	16	22	32	40	47	52	102	#
208	631.853	11	22	37	41	44	46	57	58	102	#
209	525.354	9	18	26	30	43	46	53	103	#
210	648.019	5	9	26	30	31	43	48	103	#
211	585.507	1	18	30	32	48	56	62	103	#
212	562.969	1	4	26	27	31	49	61	103	#
213	555.313	4	14	19	32	38	46	56	103	#
214	476.909	2	4	9	30	43	53	57	103	#
215	1905.06	0	2	3	4	5	7	12	13	15	19	22	24	25	26	31	32	34	35	40	41	44	47	49	50	52	53	54	55	56	57	60	62	104	#
216	2325.32	0	1	3	4	9	10	16	19	22	27	29	32	34	35	36	38	40	41	43	46	47	48	49	51	52	53	56	57	58	59	60	62	104	#
217	2321.66	0	1	3	7	9	12	15	16	17	19	24	29	32	36	38	40	41	44	45	46	47	48	49	51	52	54	55	56	57	58	59	60	104	#
218	2238.37	0	1	4	5	6	10	15	16	17	19	24	27	28	29	31	32	35	38	40	41	43	44	45	46	47	48	50	52	54	55	57	62	104	#
219	2217.01	1	3	4	5	7	10	15	16	24	25	27	30	31	32	33	36	38	40	42	43	45	46	47	48	49	50	52	56	57	58	59	60	104	#
220	2212.28	0	1	2	3	4	5	7	10	13	16	17	24	26	27	29	31	35	38	40	41	43	44	45	47	48	50	51	52	56	58	60	62	104	#
221	696.817	6	14	17	19	23	24	28	48	63	105	#
222	844.892	0	6	7	20	25	27	34	51	60	105	#
223	724.756	11	14	20	24	25	36	40	61	62	105	#
224	719.885	7	19	28	30	38	48	49	51	62	105	#
225	667.936	7	10	20	37	47	51	52	56	63	105	#
226	637.041	1	4	8	9	24	39	52	54	61	105	#
227	663.466	0	2	3	18	21	33	35	48	51	52	56	106	#
228	824.898	7	9	13	25	30	34	35	49	53	54	63	106	#
229	761.272	0	4	12	13	20	26	30	33	35	46	52	106	#
230	754.896	0	8	10	13	15	40	42	47	48	52	55	106	#
231	750.81	10	16	18	19	30	36	52	53	54	59	63	106	#
232	748.167	0	12	14	18	33	34	37	41	43	59	60	106	#
233	557.214	6	8	10	12	34	45	60	107	#
234	560.022	1	6	16	22	27	30	39	107	#
235	512.804	1	3	34	39	40	51	55	107	#
236	495.033	0	2	8	10	18	40	51	107	#
237	463.459	9	30	32	34	45	52	62	107	#
238	454.243	9	13	24	46	52	60	61	107	#
239	311.643	0	8	17	21	58	108	#
240	334.923	15	21	30	56	57	108	#
241	267.686	8	20	26	41	49	108	#
242	180.903	4	17	35	54	60	108	#
243	287.629	3	11	33	35	36	38	42	52	109	#
244	413.292	2	3	8	9	17	22	47	54	109	#
245	410.147	4	8	22	30	36	49	52	60	109	#
246	343.813	0	2	11	17	22	29	37	40	109	#
247	677.644	6	8	12	13	27	29	42	56	63	110	#
248	750.259	6	9	27	34	36	40	43	47	53	110	#
249	730.312	1	10	15	20	26	27	42	50	57	110	#
250	637.417	2	6	9	13	32	33	45	53	58	110	#
251	625	1	2	8	12	20	24	35	54	58	110	#
252	612.997	7	13	30	49	50	51	53	56	59	110	#
253	398.621	5	7	41	44	111	#
254	448.819	24	41	51	59	111	#
255	423.128	5	6	7	48	111	#
256	326.729	5	6	10	39	111	#
257	326.573	9	44	49	62	111	#
258	2228.75	3	7	8	9	11	12	13	16	19	20	22	25	27	28	31	32	33	35	36	37	38	39	41	42	43	46	49	50	52	53	54	59	60	61	63	112	#
259	2334.42	2	3	4	5	8	9	10	11	12	13	16	19	20	26	27	28	30	31	32	33	34	36	38	39	41	45	48	49	52	54	55	58	60	61	62	112	#
260	2330.65	2	3	4	5	7	8	9	10	11	12	13	16	17	19	20	21	25	28	31	33	34	36	37	39	40	41	44	50	51	54	55	58	59	61	62	112	#
261	2305.92	3	4	5	6	7	8	9	10	11	12	13	16	17	18	19	20	22	25	27	29	33	34	35	36	39	43	45	52	55	56	57	60	61	62	63	112	#
262	2299.71	0	2	3	4	5	6	7	8	9	11	12	14	15	16	17	19	20	23	24	25	27	31	32	33	36	41	42	45	48	54	55	56	59	61	62	112	#
263	2296.55	2	4	5	8	9	11	13	15	16	19	22	24	25	26	28	29	30	31	33	34	36	37	38	39	43	46	48	52	54	55	57	59	60	61	62	112	#
264	551.423	7	15	33	37	40	50	56	113	#
265	680.869	6	27	29	33	36	40	46	113	#
266	619.09	7	13	27	29	36	40	52	113	#
267	560.281	0	15	34	40	41	56	62	113	#
268	547.424	6	7	33	34	38	50	52	113	#
269	441.982	6	16	32	44	52	56	63	113	#
270	78.9316	18	60	114	#
271	99.5336	18	20	114	#
272	87.622	52	60	114	#
273	840.496	2	3	13	14	17	22	27	41	43	46	51	57	58	61	115	#
274	1146.94	0	5	6	7	12	13	16	29	30	32	56	60	61	62	115	#
275	1121.03	0	6	25	27	35	39	41	45	47	50	51	52	55	58	115	#
276	1116.39	6	9	22	24	32	35	38	41	43	45	51	54	56	58	115	#
277	1094.98	2	3	6	10	14	16	19	25	42	46	47	50	58	62	115	#
278	1086.55	3	7	16	20	29	38	40	47	52	56	58	59	60	61	115	#
279	194.686	24	54	61	116	#
280	221.108	21	24	33	116	#
281	166.316	3	46	61	116	#
282	2229.21	0	1	2	3	4	6	7	9	11	16	17	19	25	29	30	32	33	36	38	39	41	44	45	47	48	50	51	52	54	57	59	61	63	117	#
283	2490.62	1	2	4	6	7	9	14	16	19	23	25	26	30	33	35	37	38	39	40	41	42	44	45	48	49	51	52	54	55	57	59	61	62	117	#
284	2319.21	0	1	2	3	4	7	9	11	13	15	16	19	23	30	31	33	35	36	37	39	40	41	45	46	47	48	52	54	55	57	61	62	63	117	#
285	2296.24	1	2	4	6	9	13	16	18	19	21	22	23	26	31	33	35	37	39	40	42	45	47	48	49	52	53	54	57	58	59	61	62	63	117	#
286	2271.79	0	2	4	6	7	8	9	11	13	14	16	17	20	23	26	28	29	33	35	38	39	45	48	49	50	51	52	53	57	59	61	62	63	117	#
287	2265.44	0	1	2	6	7	11	13	14	16	18	19	22	23	25	29	31	36	37	38	39	42	46	47	48	49	51	52	53	57	59	61	62	63	117	#
288	201.049	9	18	26	34	118	#
289	210.656	3	9	37	57	118	#
290	197.975	4	17	26	35	118	#
291	109.086	12	48	54	119	#
292	157.472	12	31	42	119	#
293	147.583	5	33	54	119	#
294	1443.55	4	7	11	12	15	16	20	24	26	28	32	33	37	38	40	42	49	50	54	58	60	61	120	#
295	1688.51	8	13	14	15	16	20	24	26	30	31	32	33	36	40	41	43	48	50	54	58	60	61	120	#
296	1685.43	7	11	12	13	15	16	26	28	30	32	33	40	42	43	46	48	52	54	57	58	60	61	120	#
297	1642.46	5	8	13	14	20	22	24	32	37	39	40	41	43	44	48	49	52	57	58	59	61	62	120	#
298	1625.26	0	5	11	12	14	15	26	27	28	30	32	33	35	41	42	43	46	50	52	57	59	61	120	#
299	1610.21	1	15	17	20	24	25	26	30	32	33	34	38	40	41	46	48	49	51	54	57	60	61	120	#
300	1064.35	0	4	7	11	13	14	20	26	31	32	37	40	48	51	52	58	121	#
301	1166.99	1	4	7	8	14	19	22	25	30	32	37	41	43	52	55	63	121	#
302	1131.53	0	9	11	13	14	17	24	25	31	32	41	47	52	54	55	63	121	#
303	1130.19	7	12	13	18	20	30	37	40	41	44	48	53	55	57	58	63	121	#
304	1124.83	1	2	7	9	11	16	17	18	20	25	26	37	40	43	44	51	121	#
305	1117.12	0	1	5	20	24	25	30	35	38	40	51	54	55	56	58	63	121	#
306	189.677	32	34	42	122	#
307	185.919	34	53	57	122	#
308	178.022	20	22	42	122	#
309	143.836	31	32	42	122	#
310	960.278	1	12	25	27	32	34	35	59	61	62	123	#
311	904.982	7	25	34	47	48	49	51	58	59	62	123	#
312	852.265	1	12	23	34	35	38	45	51	55	63	123	#
313	808.464	16	17	24	32	38	45	48	50	60	62	123	#
314	802.625	3	4	12	35	39	49	51	58	59	61	123	#
315	801.665	1	3	5	20	24	26	31	33	35	63	123	#
316	400.297	8	15	30	31	39	62	124	#
317	419.575	1	8	15	39	42	54	124	#
318	377.364	8	10	23	39	46	49	124	#
319	364.341	2	30	34	38	45	61	124	#
320	352.586	4	12	15	19	38	44	124	#
321	342.24	0	10	31	42	52	53	124	#
322	1430.46	2	4	6	11	14	16	17	19	21	22	23	26	29	33	43	45	49	50	54	59	62	125	#
323	1707.39	5	7	11	16	17	21	23	25	27	29	30	33	34	40	41	43	45	47	49	50	62	125	#
324	1604.56	1	7	11	16	17	21	22	29	30	33	36	37	38	43	45	47	48	49	59	62	63	125	#
325	1548.02	6	7	9	11	15	16	17	20	22	23	27	33	43	45	46	47	48	50	51	54	58	125	#
326	1534.1	2	6	11	16	17	21	23	24	29	33	36	37	43	45	47	48	50	53	54	62	63	125	#
327	1441.55	4	6	13	16	17	21	25	26	28	30	33	37	38	43	45	46	49	54	58	59	62	125	#
328	1629.72	4	8	10	11	14	18	23	24	26	27	31	33	34	35	41	43	44	45	46	47	49	51	52	54	57	59	60	126	#
329	2059.98	3	4	5	6	9	10	13	20	21	24	27	29	31	33	34	39	41	43	44	45	47	49	54	55	57	58	61	126	#
330	1935.11	5	6	7	13	14	15	18	21	24	26	31	33	37	39	41	43	44	45	47	49	52	54	55	57	58	60	61	126	#
331	1892.84	5	8	9	10	11	13	16	20	26	29	31	33	34	35	39	41	42	43	44	45	49	52	54	55	56	57	63	126	#
332	1867.46	4	5	6	8	9	10	13	16	18	21	24	26	27	32	37	38	41	44	45	46	48	52	55	57	59	60	61	126	#
333	1859.44	1	6	7	9	10	13	17	18	20	22	24	26	27	31	32	34	35	36	39	45	46	47	49	50	59	60	61	126	#
334	65.5078	10	#
335	740.819	8	14	18	21	28	30	35	43	51	127	#
336	748.676	2	8	18	19	21	25	28	43	51	127	#
337	741.615	3	6	9	10	17	19	51	52	59	127	#
338	735.41	10	13	19	21	43	44	57	58	60	127	#
339	708.417	10	13	28	32	35	50	59	60	62	127	#
340	700.945	6	14	18	19	28	30	36	58	59	127	#
341	340.73	32	37	42	45	58	60	128	#
342	364.395	15	20	26	32	42	51	128	#
343	360.911	11	12	35	38	41	60	128	#
344	296.824	3	26	32	37	42	59	128	#
345	293.966	9	11	19	25	37	54	128	#
346	265.806	3	18	25	31	39	58	128	#
347	2043.1	2	3	4	5	7	8	9	10	14	15	16	17	18	19	21	22	23	28	29	31	32	34	38	39	40	41	43	44	52	57	58	63	129	#
348	2569.53	1	2	5	8	9	20	21	23	24	29	30	31	32	34	35	36	39	40	41	42	43	45	47	48	49	51	52	55	56	57	61	63	129	#
349	2560.85	1	5	6	8	9	10	15	16	18	19	21	22	23	30	32	34	36	37	38	40	41	42	43	47	49	51	53	54	55	57	61	63	129	#
350	2501.63	2	5	6	7	8	9	10	13	16	17	20	23	24	30	32	34	35	41	42	45	47	48	49	51	53	54	56	57	58	60	61	63	129	#
351	2447.09	2	3	4	5	6	9	10	14	15	16	18	23	28	29	34	35	36	38	39	40	41	42	43	48	49	51	52	53	56	57	61	63	129	#
352	2442.01	3	5	6	8	9	10	16	17	18	19	20	22	30	32	34	35	36	39	40	41	42	43	48	49	51	53	54	55	56	58	59	63	129	#
353	1215.98	1	6	7	19	21	22	23	24	27	28	35	39	44	48	53	60	130	#
354	1247.29	1	3	5	10	20	21	23	25	26	27	39	41	43	45	46	59	130	#
355	1175.98	6	7	9	16	20	21	22	25	28	32	34	43	45	48	50	57	130	#
356	1170.72	1	5	7	13	16	20	25	36	37	39	48	51	52	54	61	62	130	#
357	1145.7	4	5	7	16	21	23	27	35	40	48	49	52	54	56	58	59	130	#
358	1118.34	3	6	10	12	16	20	22	40	43	45	48	50	51	53	56	62	130	#
359	127.063	10	18	29	32	38	#
360	456.093	11	20	29	30	43	53	57	59	131	#
361	672.301	6	13	14	18	29	31	49	51	131	#
362	595.776	6	12	14	24	32	33	57	63	131	#
363	588.571	14	28	30	34	36	41	52	59	131	#
364	546.004	24	26	28	29	30	37	51	55	131	#
365	535.563	15	17	20	29	40	44	49	63	131	#
366	254.456	6	13	132	#
367	188.936	13	36	132	#
368	157.913	6	23	132	#
369	1975.35	2	3	4	5	6	8	10	12	13	14	15	19	22	23	25	26	27	28	29	30	33	34	35	36	39	42	52	61	62	133	#
370	2157.71	0	1	2	3	4	5	7	8	9	10	13	14	18	21	22	25	27	28	29	30	34	35	39	42	43	44	51	59	61	133	#
371	2143.51	0	3	4	5	7	8	9	17	18	19	20	25	26	27	28	29	30	31	34	35	36	40	41	44	49	50	57	59	61	133	#
372	2133.59	2	3	4	7	10	15	17	19	20	22	25	27	28	30	31	33	34	35	40	42	43	44	46	47	49	51	57	61	62	133	#
373	2114.72	1	4	5	6	9	10	14	18	19	20	21	22	23	26	27	28	29	30	34	36	42	43	44	47	48	50	57	61	62	133	#
374	2113.25	0	3	4	7	9	11	13	20	22	25	26	28	29	31	33	38	40	41	42	43	44	46	47	49	50	51	57	59	61	133	#
375	73.866	4	#
376	423.49	12	15	19	47	48	134	#
377	461.515	33	45	47	49	52	134	#
378	415.666	22	29	31	48	49	134	#
379	389.545	10	19	40	57	63	134	#
380	352.568	11	15	17	55	56	134	#
381	350.514	12	19	29	33	56	134	#
382	1254.09	0	1	7	9	12	14	18	19	21	24	28	32	34	35	36	37	53	57	135	#
383	1447.12	0	6	9	12	14	16	18	27	28	34	36	41	42	45	46	50	53	59	135	#
384	1358.58	0	2	4	8	9	10	17	19	24	34	35	39	41	45	50	53	55	62	135	#
385	1351.64	1	4	7	8	9	16	19	24	32	40	41	44	50	51	53	54	58	59	135	#
386	1345.69	1	4	5	9	12	14	15	24	27	29	30	32	36	37	41	45	49	59	135	#
387	1336.08	0	5	7	9	12	13	14	20	39	41	43	48	49	50	54	57	59	61	135	#
388	97.2254	21	60	136	#
389	127.071	21	37	136	#
390	105.909	45	60	136	#
391	92.0755	15	#
392	365.806	2	4	18	31	40	41	137	#
393	508.996	0	2	34	41	55	56	137	#
394	434.798	4	10	13	37	40	57	137	#
395	396.439	17	18	25	28	40	48	137	#
396	334.132	18	20	28	31	36	59	137	#
397	302.8	41	49	51	53	58	63	137	#
398	477.445	0	5	14	20	34	56	138	#
399	524.107	3	16	20	22	33	57	138	#
400	496.074	11	12	13	16	21	56	138	#
401	466.304	0	2	16	24	29	61	138	#
402	454.133	5	6	8	21	34	56	138	#
403	373.744	5	21	34	36	40	49	138	#
404	351.446	7	13	15	48	139	#
405	388.735	5	13	33	56	139	#
406	378.518	33	34	48	51	139	#
407	347.517	6	7	8	48	139	#
408	274.6	15	20	44	56	139	#
409	337.764	1	22	37	43	140	#
410	360.878	1	20	43	53	140	#
411	276.983	7	22	38	47	140	#
412	250.573	1	30	42	54	140	#
413	236.611	13	37	54	58	140	#
414	2225.05	0	2	4	5	9	12	13	14	17	19	23	25	26	27	33	35	38	39	41	42	46	49	51	53	55	56	58	59	60	61	62	63	141	#
415	2358.87	0	1	5	9	12	14	15	17	19	20	23	24	25	26	27	33	34	35	37	39	41	44	45	46	49	50	56	58	59	60	61	63	141	#
416	2346.37	0	3	5	7	9	11	13	17	19	20	22	24	25	26	27	31	33	35	38	40	42	45	46	47	48	49	50	53	55	56	58	61	141	#
417	2302.77	0	2	9	10	11	12	13	15	19	20	22	23	25	26	29	34	35	38	39	40	43	45	46	47	49	51	54	55	56	58	60	61	141	#
418	2299.08	0	1	2	3	4	9	12	13	14	19	22	23	25	26	29	33	35	38	39	41	44	46	48	49	50	51	55	56	58	59	61	62	141	#
419	2277.46	0	9	10	12	17	19	20	22	23	24	26	27	29	34	35	36	38	39	40	42	43	44	45	46	47	49	51	55	58	60	62	63	141	#
420	194.022	16	37	44	52	142	#
421	211.293	5	16	17	31	142	#
422	199.74	11	39	44	59	142	#
423	168.594	11	33	52	60	142	#
424	160.911	31	34	37	57	142	#
425	464.803	0	11	13	28	42	61	143	#
426	550.445	7	13	39	41	53	61	143	#
427	471.99	0	14	18	24	58	61	143	#
428	446.198	6	11	19	37	45	55	143	#
429	425.109	0	14	15	36	38	50	143	#
430	414.149	24	28	33	35	36	41	143	#
431	68.662	39	#
432	159.057	27	40	144	#
433	200.824	15	27	144	#
434	163.126	40	43	144	#
435	229.869	33	39	44	56	145	#
436	311.888	26	33	34	50	145	#
437	239.503	11	43	44	59	145	#
438	198.677	39	57	58	61	145	#
439	108.732	9	#
440	178.893	9	55	146	#
441	180.945	50	55	146	#
442	151.255	9	57	146	#
443	702.973	3	17	31	32	33	36	40	47	56	61	147	#
444	919.71	6	9	15	25	27	28	34	36	40	46	147	#
445	889.151	3	5	24	25	27	29	42	45	46	56	147	#
446	887.029	9	15	24	26	27	45	55	56	61	63	147	#
447	845.487	0	5	6	17	21	24	27	32	34	47	147	#
448	818.744	3	15	24	27	31	42	47	58	59	62	147	#
449	325.082	21	23	25	48	52	60	148	#
450	478.804	0	18	34	45	48	50	148	#
451	407.694	20	21	26	32	46	50	148	#
452	381.084	28	30	33	39	43	60	148	#
453	310.445	7	23	25	52	60	63	148	#
454	226.853	4	18	26	30	44	52	148	#
455	901.829	0	1	3	10	11	12	18	20	24	43	53	55	57	59	149	#
456	1169.71	1	5	12	13	23	27	36	38	43	46	48	50	55	57	149	#
457	1100.86	9	10	11	13	24	27	38	39	41	43	44	46	48	63	149	#
458	1079.62	1	10	12	19	26	34	38	39	45	47	48	52	55	59	149	#
459	1068.87	5	7	11	13	26	27	28	32	43	45	47	48	52	53	149	#
460	1061.92	1	2	10	13	15	22	24	32	33	38	48	50	51	56	149	#
461	30.151	35	#
462	1057.8	0	13	15	19	22	29	31	38	44	47	49	51	61	150	#
463	1024.54	0	2	24	27	30	33	41	48	51	55	56	59	60	150	#
464	997.805	8	24	32	33	34	35	41	42	49	51	54	55	63	150	#
465	996.795	7	12	13	16	28	31	34	43	47	51	57	62	63	150	#
466	976.059	0	9	11	17	20	22	24	25	32	49	57	61	62	150	#
467	966.794	8	11	19	22	25	30	44	47	50	52	55	57	61	150	#
468	1507.05	0	1	3	4	8	9	12	25	27	39	40	41	45	46	52	53	54	55	57	60	61	151	#
469	1663.68	1	4	5	6	8	9	16	20	27	33	35	36	39	46	52	54	55	56	57	58	61	151	#
470	1619.46	0	2	4	9	11	15	20	22	23	31	32	37	40	46	49	51	52	55	60	61	62	151	#
471	1600.63	0	1	4	8	11	14	15	20	27	28	31	34	36	40	44	46	53	54	58	61	62	151	#
472	1565.59	0	1	3	4	5	9	20	22	27	32	40	45	46	47	52	53	54	56	57	58	62	151	#
473	1559.9	0	1	3	4	9	20	24	25	27	29	31	36	39	41	46	47	48	52	54	55	60	151	#
474	966.136	0	9	11	25	27	40	47	57	58	59	61	63	152	#
475	999.406	0	11	14	20	25	41	45	47	51	53	57	59	152	#
476	963.65	11	20	23	25	31	37	39	40	41	46	47	59	152	#
477	940.024	0	6	7	14	25	28	33	41	46	50	53	61	152	#
478	914.666	5	7	14	16	29	40	42	44	47	50	53	63	152	#
479	891.254	0	3	7	14	22	25	46	47	51	53	59	61	152	#
480	2583.35	1	2	3	4	5	6	8	10	11	12	13	14	16	17	18	19	21	22	25	26	27	30	32	34	36	38	39	40	42	44	45	50	52	54	57	58	59	60	61	62	63	153	#
481	2934.88	1	2	3	4	5	6	7	8	9	11	12	13	16	18	19	21	22	25	26	27	29	30	35	36	39	40	41	42	43	44	45	48	49	50	52	55	57	58	61	62	63	153	#
482	2931.92	1	2	4	5	6	8	9	10	13	14	15	16	17	19	21	22	24	25	26	27	28	29	32	34	35	39	40	42	43	44	45	49	52	54	55	57	58	59	61	62	63	153	#
483	2914.12	1	2	3	4	5	6	8	9	12	13	15	16	17	18	19	22	24	25	26	27	29	34	36	39	40	41	42	43	45	47	48	49	52	54	55	57	58	59	61	62	63	153	#
484	2913.16	0	1	2	4	5	7	8	9	10	12	13	14	16	17	19	21	22	24	25	26	27	28	33	35	39	40	41	42	43	44	45	50	51	52	54	55	56	57	61	62	63	153	#
485	2878.68	1	2	3	4	5	6	8	9	10	11	12	13	16	17	19	21	22	24	25	27	33	34	37	38	39	40	41	42	44	45	48	50	52	54	55	57	59	60	61	62	63	153	#
486	276.538	8	21	38	51	63	154	#
487	362.568	23	49	56	60	63	154	#
488	310.092	24	36	51	52	63	154	#
489	307.739	8	11	22	46	51	154	#
490	268.591	15	21	29	37	51	154	#
491	264.584	12	33	38	55	63	154	#
492	185.189	50	56	58	155	#
493	251.139	5	13	56	155	#
494	218.181	8	36	58	155	#
495	210.452	37	43	50	155	#
496	501.962	8	11	21	24	26	32	48	50	156	#
497	655.677	0	1	8	14	16	21	27	41	156	#
498	607.048	4	9	10	21	22	24	48	62	156	#
499	595.403	0	2	5	26	41	42	59	63	156	#
500	531.896	2	21	24	39	48	50	51	58	156	#
501	530.175	5	8	11	14	18	32	35	42	156	#
502	588.517	13	15	21	24	25	29	38	50	54	62	157	#
503	765.209	0	18	23	24	36	39	41	44	46	61	157	#
504	730.724	6	7	19	21	26	29	37	48	59	61	157	#
505	707.254	6	8	13	23	25	32	41	57	59	62	157	#
506	609.084	0	14	15	25	37	39	46	54	55	57	157	#
507	605.14	0	2	8	13	18	33	39	54	55	56	157	#
508	342.152	2	8	13	30	57	158	#
509	424.333	13	14	19	34	41	158	#
510	406.638	2	8	14	34	35	158	#
511	385.663	14	30	33	46	60	158	#
512	262.959	2	3	6	42	51	158	#
513	215.051	2	7	20	44	57	158	#
514	712.025	9	11	24	36	39	43	51	55	57	59	63	159	#
515	783.723	8	10	36	39	40	46	51	56	57	59	61	159	#
516	768.874	12	16	18	19	33	40	43	45	50	53	56	159	#
517	738.714	2	15	27	31	33	40	43	45	51	53	55	159	#
518	720.246	8	11	17	20	24	35	37	44	45	48	52	159	#
519	701.139	2	13	18	19	24	35	36	38	48	53	57	159	#
520	532.984	0	3	9	23	28	44	47	52	55	60	160	#
521	685.088	1	12	14	33	37	44	45	48	59	61	160	#
522	649.407	12	22	23	27	35	37	39	44	47	56	160	#
523	589.063	5	11	14	27	28	29	34	42	56	57	160	#
524	581.91	9	14	15	19	26	34	39	53	55	61	160	#
525	576.643	0	11	14	15	20	26	29	31	47	63	160	#
526	1324.45	0	4	6	13	19	21	27	31	35	37	42	46	48	49	53	54	57	62	161	#
527	1454.1	4	6	7	16	19	21	31	32	34	35	38	39	47	49	54	58	59	62	161	#
528	1383.42	4	16	19	21	27	29	30	32	34	39	40	42	43	47	54	58	61	62	161	#
529	1349.7	2	4	11	13	16	19	25	26	29	31	32	42	43	49	57	58	59	62	161	#
530	1330.68	0	2	9	13	17	21	24	28	30	35	38	42	46	47	52	57	59	63	161	#
531	1304.22	6	9	12	13	16	22	23	24	25	27	28	29	34	35	36	39	46	52	161	#
532	634.032	0	4	6	10	14	16	46	162	#
533	571.562	7	8	14	33	46	48	59	162	#
534	548.142	4	9	10	16	22	50	60	162	#
535	533.379	0	5	12	16	42	47	52	162	#
536	505.569	6	10	33	36	46	50	60	162	#
537	487.562	13	14	32	42	46	56	63	162	#
538	3540.11	0	1	2	3	4	5	6	7	8	9	10	11	12	14	15	16	17	18	19	20	21	22	23	24	26	27	28	29	30	31	32	33	34	35	36	37	38	39	40	41	42	43	44	45	46	47	48	49	50	51	52	54	55	56	57	58	59	60	61	62	63	163	#
539	3633.03	0	1	2	3	4	5	6	7	8	9	10	11	13	14	15	16	17	18	19	20	21	22	24	25	26	27	28	29	30	31	32	33	34	35	36	37	38	39	40	41	42	43	44	45	46	47	48	49	50	51	52	54	55	56	57	58	59	60	61	62	63	163	#
540	3606.43	0	1	2	3	4	5	6	7	8	9	10	11	13	15	16	17	18	19	20	21	23	24	25	26	27	28	29	30	31	32	33	34	35	36	37	38	39	40	41	42	43	44	45	46	47	48	49	50	51	52	53	54	55	56	57	58	59	60	61	62	63	163	#
541	3605.35	0	1	2	3	4	5	6	7	8	9	10	11	13	15	16	17	18	19	20	21	22	24	25	26	27	28	29	30	31	32	33	34	35	36	37	38	39	40	41	42	43	44	45	46	47	48	49	50	51	52	53	54	55	56	57	58	59	60	61	62	63	163	#
542	3594.73	0	1	2	3	4	5	6	7	8	9	10	11	12	13	15	16	17	18	19	20	21	22	24	25	26	27	28	29	30	31	32	33	34	35	36	37	38	39	40	41	42	43	45	46	47	48	49	50	51	52	53	54	55	56	57	58	59	60	61	62	63	163	#
543	3593.63	0	1	2	3	4	5	6	7	8	9	10	11	12	13	14	15	16	17	18	19	20	21	23	24	26	27	28	29	30	31	32	33	34	35	36	37	38	39	40	41	42	43	44	45	46	47	48	49	50	51	52	54	55	56	57	58	59	60	61	62	63	163	#
544	1127.74	7	8	17	18	19	22	23	37	39	41	42	43	44	47	51	63	164	#
545	1288.39	0	1	5	7	17	18	19	22	24	28	29	33	42	45	53	59	164	#
546	1269.99	1	5	9	10	12	17	18	19	24	27	31	32	42	45	49	62	164	#
547	1238.87	5	7	9	22	28	33	38	43	45	47	48	51	53	58	60	61	164	#
548	1187.15	5	8	9	12	14	19	22	25	26	29	32	42	45	46	47	62	164	#
549	1186.59	4	9	10	12	18	19	22	29	33	42	45	46	49	53	58	63	164	#
550	211.33	26	45	47	165	#
551	239.774	23	24	26	165	#
552	223.698	4	10	45	165	#
553	177.301	39	47	61	165	#
554	834.378	10	13	15	16	30	34	36	40	56	63	166	#
555	863.725	1	2	7	20	26	27	30	41	48	55	166	#
556	821.525	1	7	10	11	12	38	41	48	49	56	166	#
557	820.441	4	13	16	21	27	36	40	42	47	48	166	#
558	782.685	2	7	20	24	36	40	48	55	56	63	166	#
559	753.002	2	7	16	34	36	39	43	49	51	57	166	#
560	566.099	2	19	20	22	23	24	33	34	167	#
561	760.103	9	16	21	25	33	34	49	56	167	#
562	657.877	1	16	19	36	52	54	61	63	167	#
563	640.213	16	24	27	30	33	38	59	60	167	#
564	610.345	1	4	20	31	38	52	56	59	167	#
565	568.339	9	10	23	37	51	58	61	63	167	#
566	208.256	46	55	60	168	#
567	267.339	9	20	46	168	#
568	207.97	13	17	60	168	#
569	178.348	20	26	55	168	#
570	117.84	41	#
571	88.7687	20	#
572	259.599	4	18	34	35	169	#
573	276.223	10	28	35	57	169	#
574	274.935	11	15	32	34	169	#
575	263.159	4	7	8	15	169	#
576	1862.98	2	4	7	9	10	12	13	15	18	19	20	21	22	23	24	25	27	28	29	36	37	39	41	43	44	54	55	58	63	170	#
577	2246.83	2	4	5	8	10	13	15	16	18	19	20	21	22	24	25	28	29	30	31	34	38	42	43	45	46	51	55	56	62	170	#
578	2162.07	0	2	5	7	9	10	13	16	18	19	25	27	28	32	34	37	38	39	40	44	45	46	47	49	55	56	59	60	62	170	#
579	2159.13	2	4	5	10	12	13	16	18	19	21	22	23	24	25	28	29	32	33	34	36	39	40	42	43	44	56	58	59	62	170	#
580	2128.25	2	7	10	12	15	16	18	19	20	21	22	23	24	27	28	32	34	36	37	38	39	41	45	46	55	56	59	60	62	170	#
581	2126.9	0	2	4	8	10	12	13	14	15	16	24	25	26	27	29	31	36	38	39	42	43	44	45	46	47	55	56	58	59	170	#
582	3021.73	0	1	2	3	4	6	7	8	9	10	11	12	13	14	16	17	18	19	20	21	22	23	24	26	27	28	29	30	31	32	33	34	37	38	39	40	41	42	43	44	45	46	47	48	49	50	51	52	54	55	57	58	59	61	62	171	#
583	3111.33	0	1	2	3	4	5	6	7	8	9	10	11	12	13	15	16	17	18	19	20	21	22	23	24	25	26	27	29	30	31	32	33	34	36	37	38	39	40	41	42	43	44	46	47	48	49	50	51	52	54	57	58	59	61	62	171	#
584	3085.37	0	1	2	3	4	5	6	7	9	10	11	12	13	14	15	16	18	19	20	21	22	23	24	25	26	28	29	30	31	32	33	34	36	37	38	39	40	41	42	43	44	46	47	48	49	50	51	52	54	56	57	58	59	61	62	171	#
585	3084.02	0	1	2	4	5	6	7	9	10	11	12	13	14	15	16	17	18	19	20	21	22	23	24	26	27	29	30	31	32	33	34	37	38	39	40	41	42	43	44	46	47	48	49	50	51	52	53	54	56	57	58	59	61	62	63	171	#
586	3083.79	0	1	2	3	4	5	6	7	8	9	10	11	12	13	14	15	16	17	18	19	20	21	23	24	25	26	27	29	30	31	32	33	34	36	37	38	39	40	41	42	43	44	45	46	47	48	49	50	52	54	57	58	59	61	62	171	#
587	3075.73	0	1	2	3	4	5	6	7	8	9	10	11	12	13	16	17	18	19	20	21	22	23	24	26	27	28	29	30	31	32	33	34	36	37	39	40	41	42	43	44	45	46	48	49	50	52	54	55	56	57	58	59	61	62	63	171	#
588	36.8236	62	#
589	1290.83	2	3	4	6	7	10	11	20	23	32	35	41	45	46	49	50	56	59	61	172	#
590	1406.14	5	6	10	11	20	21	22	24	25	28	32	34	38	40	41	48	50	57	61	172	#
591	1374.32	6	18	20	23	24	31	32	34	35	37	38	41	43	48	55	58	59	62	63	172	#
592	1345.83	0	3	5	6	7	10	12	13	14	15	30	31	33	45	48	55	61	62	63	172	#
593	1324	1	4	6	7	9	11	12	13	14	15	18	25	31	43	48	50	58	59	63	172	#
594	1285.45	3	5	6	7	8	10	15	19	22	32	34	35	38	40	47	54	56	59	62	172	#
595	1166.11	4	5	11	18	19	20	24	25	30	31	40	42	44	47	48	52	61	173	#
596	1651.65	0	5	13	14	24	25	31	32	34	35	40	46	49	50	51	56	63	173	#
597	1583.37	5	13	15	22	24	26	29	30	34	35	39	42	48	50	56	61	62	173	#
598	1554.46	0	5	7	18	22	24	30	33	35	39	43	50	51	53	56	61	62	173	#
599	1452.09	0	5	7	13	14	20	22	24	35	40	46	47	50	53	54	62	63	173	#
600	1425.68	5	12	13	20	24	27	28	29	31	32	42	45	46	47	48	49	62	173	#
601	375.537	19	28	32	48	52	174	#
602	424.322	5	10	13	24	52	174	#
603	399.843	19	30	32	49	63	174	#
604	371.907	19	21	44	48	56	174	#
605	319.701	17	24	48	59	62	174	#
606	197.081	20	28	48	52	60	174	#
607	116.183	12	23	175	#
608	167.82	23	55	175	#
609	93.0931	12	39	175	#
610	33.8717	28	#
611	350.719	20	26	30	34	53	57	61	176	#
612	438.551	12	15	16	26	37	50	51	176	#
613	367.129	1	4	20	29	30	41	53	176	#
614	453.388	5	12	25	34	49	177	#
615	464.361	6	39	48	49	54	177	#
616	402.378	0	16	25	26	39	177	#
617	393.68	1	5	14	38	49	177	#
618	317.617	22	27	28	34	48	177	#
619	306.552	12	34	39	57	59	177	#
620	640.126	0	27	31	34	35	40	52	55	178	#
621	702.098	10	24	35	46	50	54	56	60	178	#
622	694.04	9	21	30	34	40	46	56	58	178	#
623	612.467	14	23	27	31	35	45	49	57	178	#
624	581.521	0	8	17	37	49	55	58	61	178	#
625	479.41	2	31	35	47	48	52	56	58	178	#
626	781.634	1	13	16	25	36	40	44	52	57	59	179	#
627	823.687	6	16	30	38	43	51	54	58	59	61	179	#
628	728.232	8	13	14	25	36	38	46	49	60	61	179	#
629	705.871	8	12	13	23	34	36	41	47	55	62	179	#
630	693.333	14	15	32	39	40	41	43	51	57	61	179	#
631	692.371	1	3	8	15	30	32	35	36	39	49	179	#
632	178.264	2	48	180	#
633	233.675	46	48	180	#
634	95.0704	2	45	180	#
635	404.049	7	8	24	35	48	181	#
636	453.04	3	7	27	33	47	181	#
637	375.493	12	13	21	27	35	181	#
638	371.134	0	42	47	48	53	181	#
639	358.589	22	24	27	58	63	181	#
640	457.371	14	24	42	58	59	182	#
641	433.949	0	7	24	50	59	182	#
642	403.25	16	27	39	57	58	182	#
643	385.089	12	13	14	27	55	182	#
644	353.746	3	6	39	42	59	182	#
645	327.356	14	20	24	28	44	182	#
646	1398.14	0	4	5	13	14	15	17	26	27	28	29	32	36	39	41	42	46	61	62	63	183	#
647	1678.88	0	4	5	11	13	16	21	22	24	25	26	27	31	33	35	41	42	46	52	59	183	#
648	1624.69	0	1	5	24	25	28	29	30	31	33	41	42	43	44	46	48	50	52	59	60	183	#
649	1593.64	10	11	12	13	15	16	26	27	29	32	35	38	41	43	45	50	53	58	60	61	183	#
650	1565.41	4	5	14	16	21	24	27	29	30	31	32	35	42	43	46	53	55	57	58	60	183	#
651	1539.48	5	7	12	13	17	24	26	28	29	30	35	36	42	49	50	51	52	58	59	61	183	#
652	179.304	8	25	32	39	184	#
653	266.464	30	32	35	38	184	#
654	257.94	8	32	46	59	184	#
655	254.157	22	39	44	61	184	#
656	776.86	1	12	14	15	21	27	36	39	47	48	51	52	53	55	185	#
657	1094.98	0	6	13	16	17	24	30	34	35	36	41	48	57	62	185	#
658	1026.62	5	6	7	8	9	10	17	19	21	40	41	47	51	57	185	#
659	996.218	1	4	9	12	17	21	22	34	35	39	46	48	53	57	185	#
660	965.122	1	8	14	19	21	24	25	36	45	47	48	52	53	57	185	#
661	949.374	6	7	16	18	21	22	28	36	37	41	42	47	48	57	185	#
662	534.197	11	28	34	38	40	41	43	46	60	186	#
663	646.045	2	6	11	16	39	40	46	47	61	186	#
664	628.524	5	14	19	22	23	28	35	39	46	186	#
665	606.794	2	5	8	11	23	41	46	57	63	186	#
666	567.089	20	23	24	25	43	51	52	54	56	186	#
667	564.592	18	20	38	44	46	51	58	60	61	186	#
668	486.654	15	16	32	44	54	55	57	187	#
669	609.094	0	13	16	17	29	57	61	187	#
670	553.658	9	15	16	32	40	55	59	187	#
671	506.536	15	19	25	42	53	56	57	187	#
672	491.569	23	25	26	28	29	32	57	187	#
673	447.528	3	9	11	22	25	40	44	187	#
674	669.56	14	15	38	43	46	55	57	61	188	#
675	692.876	17	20	25	32	43	51	55	62	188	#
676	661.834	1	17	25	31	43	49	50	53	188	#
677	641.731	14	25	26	27	44	55	57	59	188	#
678	639.197	8	14	15	20	26	42	50	63	188	#
679	596.185	8	20	34	35	45	46	51	60	188	#
680	353.062	3	6	19	35	54	189	#
681	374.722	28	35	38	50	61	189	#
682	337.835	3	16	33	34	54	189	#
683	333.736	8	14	16	19	40	189	#
684	327.302	6	11	15	59	62	189	#
685	201.314	11	18	27	54	57	189	#
686	159.392	8	28	62	63	190	#
687	174.176	8	23	28	62	190	#
688	521.843	0	13	14	20	51	57	191	#
689	634.245	2	6	13	15	20	34	191	#
690	597.4	6	7	20	25	36	47	191	#
691	543.39	5	30	41	44	47	51	191	#
692	414.893	0	10	16	17	27	54	191	#
693	402.263	8	15	20	21	38	57	191	#
694	101.622	25	#
695	128.541	28	57	192	#
696	163.689	16	57	192	#
697	142.679	14	28	192	#
698	552.609	1	2	9	14	17	22	40	41	52	193	#
699	747.657	3	9	11	16	34	44	52	56	61	193	#
700	700.772	3	16	17	34	35	40	43	45	58	193	#
701	700.129	2	5	18	26	37	40	46	49	56	193	#
702	698.557	14	22	24	25	30	43	45	54	62	193	#
703	695.306	1	15	22	24	31	32	44	49	62	193	#
704	112.67	27	55	194	#
705	135.389	27	39	194	#
706	118.335	32	55	194	#
707	3247.54	0	1	2	3	5	6	7	8	9	10	11	12	13	14	15	16	17	18	20	21	22	23	24	25	26	27	28	30	31	32	33	35	39	40	41	42	43	44	45	46	47	48	50	54	56	57	58	59	62	195	#
708	3333.76	0	1	2	6	7	8	9	10	11	12	13	14	15	16	17	20	21	22	23	24	25	27	28	30	31	32	33	34	35	37	40	41	43	44	45	46	47	48	49	50	51	52	54	55	57	58	59	62	63	195	#
709	3283.55	0	1	2	3	5	6	7	8	9	10	11	12	13	14	15	16	17	18	20	21	22	23	24	25	26	27	28	30	31	32	33	34	35	39	40	41	44	45	46	47	48	49	50	54	56	57	58	59	62	195	#
710	3279.27	0	1	2	3	5	6	7	8	9	10	11	12	13	14	15	16	17	19	20	21	23	24	25	27	28	30	31	32	33	34	35	36	40	41	44	45	46	47	48	50	54	56	57	58	59	60	61	62	63	195	#
711	3224.99	0	1	2	5	6	7	8	9	10	11	12	13	14	16	19	20	21	22	23	24	25	26	27	28	30	31	32	33	35	36	37	39	40	41	43	44	45	46	47	48	52	54	55	56	57	58	59	62	63	195	#
712	3214.26	0	1	2	3	4	5	6	7	8	10	11	12	13	14	15	16	17	20	21	22	23	24	25	26	27	28	29	30	31	32	33	35	36	37	40	41	43	44	45	46	47	48	54	56	57	58	59	62	63	195	#
713	13.5944	52	#
714	915.348	0	10	11	14	25	30	32	34	44	48	53	61	196	#
715	989.992	8	9	10	19	25	26	28	32	36	39	47	55	196	#
716	939.183	1	12	14	20	22	24	25	28	36	41	45	58	196	#
717	934.778	6	9	19	26	27	28	36	44	49	53	54	58	196	#
718	909.565	1	2	9	19	21	28	35	36	38	44	46	48	196	#
719	894.991	1	14	25	28	30	38	41	44	45	48	51	54	196	#
720	1108.8	2	10	14	18	23	25	27	30	35	39	40	41	46	47	58	63	197	#
721	1243.57	1	3	7	14	18	24	25	28	40	41	47	48	54	56	58	59	197	#
722	1241.96	5	10	13	14	19	24	34	38	39	42	43	46	47	50	56	61	197	#
723	1239.22	13	14	22	28	29	33	34	38	39	41	45	46	47	49	56	63	197	#
724	1217.27	7	10	14	18	22	24	25	26	28	29	35	41	46	49	54	59	197	#
725	1208.41	6	10	12	20	22	23	24	26	29	31	36	40	41	42	47	49	197	#
726	2753.24	3	6	7	8	9	10	11	12	13	14	16	17	19	21	23	26	27	28	29	31	32	33	34	35	36	37	38	41	44	46	47	48	53	54	55	56	57	59	63	198	#
727	3004.34	0	4	5	7	8	9	10	11	13	15	16	17	23	24	27	28	29	31	32	35	36	37	41	42	43	44	45	46	47	48	49	52	53	54	55	56	57	59	63	198	#
728	2937.82	0	1	3	4	7	9	10	12	13	14	15	16	17	21	22	23	24	26	28	29	32	33	34	35	36	40	41	45	46	47	48	49	50	52	55	58	59	60	63	198	#
729	2933.81	0	1	3	5	9	10	11	12	13	14	16	17	20	21	23	24	26	29	30	31	34	35	36	37	41	44	45	46	47	48	50	52	54	55	56	57	59	60	63	198	#
730	2931.03	1	2	3	4	5	6	7	8	10	13	14	15	17	21	23	24	26	27	28	29	31	34	35	36	37	41	43	45	46	47	48	50	52	53	56	57	59	60	63	198	#
731	2919.24	3	5	7	8	10	11	12	13	14	16	17	19	21	22	23	24	27	28	29	31	32	34	35	36	37	41	43	44	45	48	49	50	55	56	58	59	60	62	63	198	#
732	1346.08	1	8	10	12	14	19	21	24	26	27	30	31	35	43	44	50	52	53	54	56	199	#
733	1427.06	4	10	11	12	13	14	17	19	24	25	26	31	34	35	40	42	45	46	56	61	199	#
734	1349.4	6	8	9	12	13	14	17	19	20	21	25	35	39	41	42	50	52	55	58	61	199	#
735	1341.57	2	3	7	10	14	19	20	21	31	37	38	41	44	45	50	53	55	56	58	59	199	#
736	1332.93	4	7	17	20	25	27	31	35	36	37	38	41	43	48	49	50	52	54	58	59	199	#
737	1328.27	5	8	10	13	14	17	18	25	26	27	28	34	35	40	43	50	52	55	59	63	199	#
738	249.473	4	38	45	57	58	200	#
739	353.368	2	27	31	48	57	200	#
740	336.489	5	30	38	43	58	200	#
741	227.624	8	28	32	45	62	200	#
742	74.0495	23	#
743	326.712	19	42	44	50	201	#
744	391.414	13	35	40	44	201	#
745	335.037	0	19	29	53	201	#
746	312.982	26	34	36	50	201	#
747	284.642	27	28	42	43	201	#
748	637.75	12	17	20	22	24	26	46	56	61	202	#
749	823.75	4	8	26	31	34	41	46	51	56	202	#
750	787.549	5	11	12	19	26	44	46	56	59	202	#
751	768.438	11	26	29	30	41	43	44	46	56	202	#
752	702.975	24	34	37	40	44	49	52	55	63	202	#
753	675.154	2	12	26	27	37	49	51	59	62	202	#
754	1733.88	2	3	4	6	11	12	15	19	20	21	24	25	27	29	30	39	43	45	48	49	51	52	54	55	57	58	60	61	203	#
755	2383.99	0	1	4	12	14	15	16	21	22	24	25	29	30	32	34	35	41	42	43	44	45	48	50	51	54	56	57	61	203	#
756	2362.92	0	1	4	6	7	11	14	15	16	21	22	24	25	26	27	30	41	43	44	45	49	50	51	54	55	58	59	61	203	#
757	2276.18	0	1	4	6	11	13	14	15	16	18	21	25	26	28	32	34	44	45	48	50	51	53	54	56	58	59	61	62	203	#
758	2223.27	0	1	4	12	14	16	20	21	22	24	25	27	30	31	32	33	35	37	39	42	44	45	48	49	54	55	59	61	203	#
759	2200.56	0	1	4	7	14	17	19	21	25	26	27	32	33	34	35	37	39	43	44	45	48	49	50	53	55	59	61	62	203	#
760	148.361	58	63	204	#
761	133.099	54	63	204	#
762	114.155	2	58	204	#
763	104.144	47	#
764	2027.01	1	3	7	11	13	14	15	17	20	25	27	30	31	33	34	38	42	45	47	49	51	52	55	56	57	58	61	205	#
765	2122.99	0	1	4	5	7	9	15	17	20	22	24	25	27	28	29	31	32	34	35	43	48	50	51	52	57	58	61	205	#
766	2004.88	0	2	3	5	7	10	14	15	20	25	27	29	30	31	32	34	35	36	39	40	41	45	49	51	52	57	58	205	#
767	1998.26	0	7	9	11	12	15	17	20	22	24	26	27	30	32	34	38	41	43	47	49	51	52	54	56	59	60	63	205	#
768	1966.26	0	5	7	8	9	15	16	18	24	25	27	31	32	34	37	38	39	40	43	45	47	51	56	57	58	60	61	205	#
769	1932.91	0	5	7	9	10	11	12	14	17	19	21	24	25	32	36	38	39	45	47	49	50	52	55	56	58	61	63	205	#
770	1783.17	4	7	8	9	13	15	16	18	19	23	24	30	31	34	35	36	37	42	46	47	48	51	53	57	58	60	206	#
771	2028.31	2	3	7	9	14	19	21	22	23	24	28	29	31	33	35	40	42	43	46	48	49	51	55	56	58	59	206	#
772	1956.24	2	4	5	9	10	12	13	14	19	24	28	31	33	34	37	42	44	45	46	48	49	51	56	58	60	61	206	#
773	1942.45	3	4	7	8	9	10	14	18	19	21	22	28	33	34	35	37	43	45	47	48	49	51	53	55	56	60	206	#
774	1921.6	2	4	6	7	8	9	10	12	13	14	18	19	23	28	33	34	37	43	45	47	48	53	55	56	58	60	206	#
775	1912.68	1	4	8	10	14	18	19	23	24	33	34	35	37	40	43	44	47	48	49	50	51	55	56	58	59	63	206	#
776	472.916	7	23	35	37	45	47	207	#
777	499.541	13	24	47	48	57	58	207	#
778	429.859	19	35	38	41	47	55	207	#
779	333.921	20	29	45	49	60	63	207	#
780	320.533	3	7	40	55	56	57	207	#
781	312.312	27	37	47	48	52	60	207	#
782	1952.75	0	3	5	6	8	10	12	14	15	16	19	23	25	26	31	35	37	43	44	45	47	51	52	54	58	59	60	62	63	208	#
783	2141.28	0	5	8	10	16	18	22	25	26	30	32	33	34	37	38	40	41	42	43	45	46	47	50	53	54	57	58	62	63	208	#
784	2139.78	4	5	10	12	14	15	16	18	25	26	28	30	34	36	38	40	43	45	47	50	51	53	54	56	57	58	59	61	62	208	#
785	2116.6	0	7	10	11	15	16	18	19	21	23	26	31	33	34	35	38	39	40	41	43	44	45	46	47	48	50	51	58	63	208	#
786	2103.93	1	3	4	7	9	12	14	16	18	19	21	22	23	25	33	34	37	38	40	42	45	46	47	50	56	58	59	61	63	208	#
787	2077.4	0	1	4	5	7	8	10	14	16	18	19	22	23	24	25	26	28	34	35	36	37	38	42	45	46	47	52	62	63	208	#
788	450.213	2	29	37	40	46	58	59	209	#
789	497.417	4	21	26	29	32	58	63	209	#
790	490.291	2	14	29	35	41	49	60	209	#
791	489.387	7	35	37	42	47	50	60	209	#
792	488.991	2	17	23	30	31	59	63	209	#
793	466.81	2	24	35	40	41	53	59	209	#
794	732.264	2	4	10	12	13	17	21	27	42	44	59	210	#
795	960.592	1	7	21	25	27	33	38	41	48	49	62	210	#
796	892.749	2	4	6	11	16	26	33	38	41	42	46	210	#
797	879.351	3	7	9	14	16	26	42	44	58	59	63	210	#
798	878.831	0	2	6	21	23	31	35	39	42	55	62	210	#
799	867.03	0	4	5	16	17	27	41	46	52	56	58	210	#
800	1112.07	2	4	9	16	17	21	22	25	28	30	31	32	41	45	47	50	53	211	#
801	1361.1	1	4	5	8	13	16	20	21	27	31	32	36	41	45	52	55	58	211	#
802	1339.51	8	9	13	16	24	25	33	37	42	45	47	48	49	50	52	58	59	211	#
803	1312.82	1	6	13	15	16	21	26	31	32	33	34	36	43	45	47	52	58	211	#
804	1269.67	5	6	12	15	16	17	19	22	24	28	29	32	36	41	42	43	58	211	#
805	1235.28	1	5	9	19	20	21	28	32	33	34	37	42	43	45	48	53	59	211	#
806	490.739	7	25	41	49	59	212	#
807	370.452	14	43	53	55	59	212	#
808	359.295	12	25	28	35	59	212	#
809	337.338	24	37	39	41	57	212	#
810	333.115	7	21	22	24	53	212	#
811	45.3763	37	#
812	148.492	10	22	213	#
813	174.557	10	29	213	#
814	69.2039	8	22	213	#
815	608.226	12	17	19	26	34	37	39	45	48	49	52	214	#
816	854.551	10	18	19	29	41	42	46	47	49	57	61	214	#
817	826.714	0	4	8	13	14	22	24	26	45	48	51	214	#
818	814.697	9	11	12	17	18	24	26	34	42	45	48	214	#
819	764.512	0	7	9	10	19	27	31	41	44	58	63	214	#
820	720.914	1	2	12	13	14	24	32	37	41	48	63	214	#
821	1004.73	2	5	6	9	18	21	25	31	36	38	39	40	47	49	62	215	#
822	1193.43	6	8	9	12	17	24	25	26	30	45	49	51	56	61	62	215	#
823	1181.06	2	6	7	9	11	15	21	22	25	40	41	49	50	61	62	215	#
824	1141.23	2	4	5	6	8	10	14	17	18	21	24	39	45	50	61	215	#
825	1132.92	2	5	6	9	11	17	22	23	25	33	37	39	43	51	61	215	#
826	1128.15	5	7	10	16	17	18	20	23	30	33	36	45	47	51	60	215	#
827	803.232	6	7	20	21	22	25	26	29	30	33	41	60	216	#
828	976.681	0	5	6	8	15	20	25	41	44	46	51	52	216	#
829	966.136	1	5	12	13	15	18	19	21	25	26	28	52	216	#
830	938.176	6	10	18	20	25	26	28	33	35	45	49	60	216	#
831	911.574	13	19	20	21	30	33	41	45	49	50	56	60	216	#
832	835.462	6	13	18	19	25	27	37	44	45	53	60	63	216	#
833	1285.32	1	2	6	7	8	12	22	25	27	29	32	37	40	42	43	44	45	50	62	217	#
834	1505.66	0	7	8	9	10	27	28	32	34	37	39	41	42	47	48	49	50	59	62	217	#
835	1406.32	7	8	9	11	15	19	20	27	31	34	38	41	45	48	51	52	56	59	62	217	#
836	1401.38	1	5	8	9	12	17	22	23	27	36	43	47	48	50	51	52	55	58	62	217	#
837	1341.66	1	3	6	7	10	20	22	24	25	27	30	31	32	33	38	40	47	57	62	217	#
838	1326.13	8	15	16	19	23	34	37	41	42	43	47	49	50	51	52	57	60	61	62	217	#
839	2266.54	0	1	2	8	11	12	13	14	16	18	19	20	23	26	27	28	29	31	33	34	37	38	39	41	47	49	51	55	56	57	59	60	61	62	63	218	#
840	2520.67	1	4	6	9	10	12	13	14	16	18	19	20	22	23	24	25	26	27	28	32	33	34	35	39	41	46	47	49	53	54	55	56	57	60	63	218	#
841	2496.93	0	1	2	6	9	13	14	16	19	23	25	26	27	29	30	31	32	34	35	36	39	40	41	45	47	49	51	53	55	56	57	58	60	61	63	218	#
842	2473.06	0	1	3	4	6	9	12	13	16	17	19	20	23	24	26	27	29	30	31	32	33	34	37	39	41	44	45	47	48	49	52	55	56	62	63	218	#
843	2453.93	1	2	4	7	9	10	12	16	17	18	19	20	23	26	27	28	29	31	33	34	37	39	40	43	45	46	47	49	51	54	55	56	57	60	63	218	#
844	2425.15	0	1	2	3	4	6	7	9	13	16	17	20	23	25	28	29	30	31	33	34	35	39	40	43	44	49	51	55	56	57	58	59	60	62	63	218	#
845	1077.66	6	8	12	16	24	27	31	35	47	48	49	51	62	219	#
846	1120.11	16	24	34	37	42	44	45	46	48	49	52	53	61	219	#
847	1081.74	8	10	14	16	24	27	44	45	48	51	52	56	57	219	#
848	1026.87	2	7	16	20	25	27	36	46	48	49	52	53	57	219	#
849	1006.13	3	4	12	14	20	21	35	42	45	50	51	56	61	219	#
850	953.601	19	20	24	25	32	33	35	36	45	49	52	53	60	219	#
851	2637.61	0	1	3	4	6	8	9	10	13	14	15	16	17	18	19	20	21	23	26	27	29	31	33	36	37	38	41	43	44	46	47	48	49	51	52	56	58	60	61	62	220	#
852	2887.57	1	3	8	9	10	12	13	15	16	19	20	21	22	26	27	31	33	34	35	36	37	38	39	41	43	44	45	46	47	49	50	51	52	53	54	56	58	60	61	63	220	#
853	2831.21	0	1	3	5	6	8	9	11	12	13	15	16	18	20	21	22	23	26	27	31	33	34	36	39	41	42	43	44	45	46	49	51	53	54	56	58	60	61	62	63	220	#
854	2826.35	2	3	6	8	9	10	11	12	13	15	16	19	20	22	23	24	25	26	27	31	32	33	34	36	37	38	39	41	43	44	45	47	48	49	50	52	54	56	61	63	220	#
855	2807.33	0	1	2	3	6	9	10	11	12	13	15	16	18	19	20	21	24	25	26	27	31	32	35	36	37	39	41	43	45	46	48	49	50	51	52	53	56	60	62	63	220	#
856	2802.62	1	3	6	7	8	9	10	11	12	13	15	19	20	21	22	25	26	27	29	31	32	33	34	36	39	40	41	43	44	45	46	47	49	52	54	56	57	58	60	61	220	#
857	1687.2	1	3	5	7	8	9	11	12	13	17	18	20	22	24	26	28	29	32	39	45	47	48	50	53	54	59	60	62	221	#
858	2341.23	1	4	5	6	8	9	10	11	16	22	24	26	28	30	32	34	38	40	41	43	45	46	49	50	53	59	60	61	221	#
859	2316.61	0	1	3	4	5	6	8	9	13	17	20	26	28	35	38	40	41	44	45	46	49	50	54	56	58	59	60	61	221	#
860	2213.26	0	1	4	5	7	8	9	10	11	12	22	24	26	28	34	39	40	41	43	44	46	50	53	56	59	60	61	63	221	#
861	2104.9	0	1	2	3	5	8	10	13	16	24	26	27	30	31	32	34	35	39	40	42	43	44	49	50	53	56	57	61	221	#
862	2069.34	1	3	4	5	8	10	11	12	13	16	17	20	24	26	31	34	38	41	43	45	49	51	53	56	58	59	60	61	221	#
863	699.02	12	20	26	35	39	42	43	61	222	#
864	725.408	12	16	37	43	51	58	61	62	222	#
865	671.13	22	26	35	42	58	60	61	62	222	#
866	669.514	0	17	20	35	40	42	51	63	222	#
867	609.848	5	26	27	36	40	43	53	61	222	#
868	600.001	12	17	21	35	42	43	53	58	222	#
869	1867.69	1	4	5	8	16	19	20	21	25	26	29	31	32	43	49	50	51	52	55	56	57	60	63	223	#
870	1748.69	0	1	18	19	20	23	24	31	32	34	37	39	41	45	47	48	50	51	52	55	57	62	63	223	#
871	1735.04	1	4	13	16	17	18	21	24	29	31	32	35	38	43	47	48	50	51	52	56	58	60	63	223	#
872	1733.14	4	6	8	14	16	19	21	22	23	24	25	29	31	34	42	45	47	50	55	56	57	62	63	223	#
873	1672.18	1	6	8	9	16	18	19	24	26	29	31	32	37	42	44	47	49	51	52	54	57	60	63	223	#
874	1659.93	0	3	9	14	16	17	19	24	25	28	29	30	32	34	39	41	42	43	45	46	51	55	63	223	#
875	1860.97	6	9	11	12	15	18	19	21	24	26	27	28	30	31	33	34	35	36	38	42	43	48	53	54	56	58	59	60	224	#
876	2115.64	1	4	5	6	7	9	11	12	15	19	21	24	30	32	33	34	36	37	39	40	41	43	45	48	49	51	54	58	224	#
877	2098.64	4	5	9	11	12	15	19	21	24	26	27	30	31	33	34	35	36	39	41	45	48	51	52	54	56	58	59	60	224	#
878	2059.28	4	5	6	12	15	19	21	22	24	25	26	27	30	32	33	36	37	38	39	41	43	45	48	51	52	54	56	59	224	#
879	2013.43	5	7	9	11	12	15	19	21	22	25	26	27	28	30	31	32	34	35	39	40	43	48	51	52	54	56	59	60	224	#
880	1994.1	1	4	5	6	7	11	15	17	19	22	23	25	26	27	30	31	32	34	38	39	40	41	43	45	54	56	62	63	224	#
881	334.366	28	29	33	40	225	#
882	457.36	0	15	19	40	225	#
883	351.801	9	15	22	33	225	#
884	220.585	14	17	28	59	225	#
885	1452.36	0	1	2	6	7	11	13	23	24	25	27	30	31	32	36	37	48	52	54	62	226	#
886	1580.3	0	1	2	7	10	13	19	23	24	29	30	31	37	43	45	49	54	59	61	62	226	#
887	1526.99	1	4	10	11	13	19	22	24	25	26	30	35	38	41	43	48	55	57	59	62	226	#
888	1462.34	0	3	7	10	12	17	19	23	27	29	32	34	36	38	42	43	45	48	59	61	226	#
889	1448.56	3	10	11	13	23	24	25	26	27	29	30	34	35	38	45	50	55	57	60	62	226	#
890	1420.18	0	1	7	17	18	19	21	22	27	35	37	39	43	45	48	50	55	59	61	62	226	#
891	847.963	5	15	19	20	21	34	36	39	40	44	50	51	54	56	59	60	227	#
892	1267.4	0	5	8	20	27	40	42	43	44	45	46	51	56	58	61	63	227	#
893	1203.33	6	7	8	12	16	25	26	31	36	45	48	49	50	56	60	63	227	#
894	1127.65	1	5	10	17	19	21	25	27	30	31	35	49	51	56	58	63	227	#
895	1106.77	3	5	8	10	12	13	17	19	20	35	40	45	48	51	54	61	227	#
896	1066.89	3	4	16	17	19	20	35	38	40	44	45	50	51	57	61	63	227	#
897	219.194	16	29	33	228	#
898	241.303	17	33	56	228	#
899	210.317	14	16	44	228	#
900	157.924	29	51	52	228	#
901	2036.09	0	2	9	10	11	13	14	16	20	21	23	24	25	28	30	34	35	37	38	39	43	44	45	47	49	54	55	57	58	60	62	229	#
902	2471.67	0	3	5	9	10	12	13	15	16	25	31	32	33	35	37	39	40	41	42	43	45	47	48	49	54	56	57	58	60	62	63	229	#
903	2344.13	0	1	5	10	14	15	16	19	20	22	23	25	27	28	31	32	33	34	35	37	38	40	41	42	43	45	48	54	58	61	63	229	#
904	2339.29	1	3	5	8	9	11	12	14	15	21	22	23	24	32	33	34	35	37	38	41	42	43	45	47	48	49	56	58	60	62	63	229	#
905	2329.87	0	1	2	5	7	9	11	12	15	21	23	24	25	28	31	32	34	37	39	40	41	42	43	44	48	49	54	58	60	62	63	229	#
906	2326.1	0	1	3	4	5	9	10	11	12	13	15	23	24	25	27	31	32	33	37	39	41	42	43	49	54	57	58	60	61	62	63	229	#
907	1733.66	1	3	6	10	13	14	18	20	23	25	27	28	29	33	34	35	37	47	48	50	51	52	53	55	60	62	230	#
908	2013.64	0	4	6	7	9	11	13	16	17	23	24	25	27	28	29	35	37	46	47	48	50	51	52	53	56	60	230	#
909	1962.92	2	4	6	9	10	13	14	15	16	22	25	26	27	28	29	33	35	37	47	50	52	57	60	61	62	63	230	#
910	1961.77	1	2	6	7	9	11	13	14	15	16	20	21	25	27	28	29	31	33	35	37	39	47	50	51	57	60	230	#
911	1828.79	1	4	5	6	9	11	13	14	16	17	21	22	26	29	30	33	37	42	46	47	48	52	55	60	61	62	230	#
912	1822.68	1	2	9	10	11	13	15	18	21	22	23	25	26	27	34	35	37	44	47	50	51	56	57	60	61	63	230	#
913	144.968	3	56	231	#
914	172.391	0	3	231	#
915	378.961	8	26	39	46	47	52	232	#
916	515.817	6	24	30	39	44	57	232	#
917	463.223	5	15	22	43	52	54	232	#
918	462.254	8	14	26	34	38	45	232	#
919	390.745	8	11	14	26	41	43	232	#
920	347.145	2	10	26	46	52	57	232	#
921	71.2993	3	11	233	#
922	60.7106	3	31	233	#
923	496.188	4	12	17	22	35	42	56	234	#
924	709.384	10	14	24	27	42	56	57	234	#
925	530.445	17	31	33	34	35	56	62	234	#
926	494.196	7	12	20	42	46	60	61	234	#
927	486.226	1	17	35	37	41	44	58	234	#
928	475.778	14	22	23	33	39	44	61	234	#
929	3141.35	0	1	2	5	6	7	8	10	11	12	13	14	15	16	17	18	21	22	23	24	27	28	29	31	32	33	34	35	36	37	38	39	40	41	43	45	46	48	49	50	52	53	54	55	57	58	59	60	61	62	63	235	#
930	3264.24	0	1	2	5	6	7	8	9	10	11	13	14	15	16	17	18	19	21	23	24	26	27	28	29	31	32	33	34	35	37	38	39	40	41	43	44	45	46	48	49	50	51	52	53	55	56	57	58	60	61	62	235	#
931	3228.5	0	1	2	5	6	7	8	10	11	12	13	14	16	17	18	19	21	23	24	25	27	28	29	31	32	34	35	36	37	38	39	41	43	44	45	46	48	49	50	51	52	53	54	55	56	57	58	60	61	62	63	235	#
932	3228.32	0	1	2	5	6	7	8	10	11	12	13	14	15	16	17	18	21	24	25	27	28	29	31	32	34	35	37	38	39	40	41	42	43	44	45	46	47	48	50	51	52	53	54	55	57	58	59	60	61	62	63	235	#
933	3224	0	1	2	5	6	8	10	11	13	14	15	16	17	18	19	21	22	23	24	25	27	29	31	32	34	35	36	37	38	39	40	41	42	43	44	45	46	48	49	51	52	53	55	56	57	58	59	60	61	62	63	235	#
934	3216.38	0	1	2	5	6	7	8	10	11	12	13	14	15	16	17	18	19	21	24	25	27	28	29	31	34	35	37	38	39	40	41	42	43	44	45	46	48	49	50	51	52	53	54	55	57	58	59	60	61	62	63	235	#
935	861.968	11	12	13	15	17	18	26	27	32	42	45	46	55	236	#
936	934.652	0	7	10	13	15	18	38	41	42	45	46	47	48	236	#
937	914.066	5	11	18	24	25	27	38	43	44	46	53	59	63	236	#
938	863.925	1	11	12	13	17	21	24	32	41	42	45	58	63	236	#
939	834.473	4	6	12	15	19	24	27	32	36	44	53	55	63	236	#
940	823.258	2	5	8	10	11	12	13	18	24	46	53	59	63	236	#
941	1043.88	8	12	24	30	31	32	33	39	45	46	52	54	58	61	237	#
942	1182.82	0	6	11	12	13	15	19	21	24	30	41	46	59	61	237	#
943	1130.62	5	10	14	19	20	24	31	42	44	45	47	51	56	59	237	#
944	1117.14	3	5	6	10	21	29	33	41	44	48	56	58	59	61	237	#
945	1105.9	8	11	12	19	21	24	27	34	39	50	52	56	59	61	237	#
946	1062.94	0	5	10	14	20	23	31	32	35	42	46	56	59	63	237	#
947	105.853	3	6	238	#
948	150.618	6	56	238	#
949	129.794	3	41	238	#
950	268.034	9	31	34	239	#
951	235.507	3	8	34	239	#
952	173.516	9	11	16	239	#
953	482.191	2	6	8	23	27	29	51	240	#
954	641.133	6	15	27	31	32	46	51	240	#
955	639.212	15	16	19	27	36	52	55	240	#
956	617.134	2	6	19	23	29	34	36	240	#
957	599.756	6	10	19	23	37	51	52	240	#
958	511.568	13	19	23	26	39	47	51	240	#
959	203.183	13	47	241	#
960	160.22	42	47	241	#
961	132.984	13	54	241	#
962	71.6944	33	#
963	155.688	15	27	242	#
964	194.432	7	27	242	#
965	172.654	15	36	242	#
966	2042.32	3	6	8	13	16	19	25	27	31	32	34	38	39	40	42	45	47	48	49	50	55	56	57	58	61	63	243	#
967	2173.36	1	4	5	6	12	13	16	17	18	19	25	26	27	32	34	39	40	43	45	48	49	50	51	58	61	62	243	#
968	2172.37	1	4	5	6	9	16	18	19	21	26	27	30	32	36	40	43	47	48	49	50	51	56	58	61	62	63	243	#
969	2035.96	0	2	5	6	7	8	9	15	16	17	19	21	23	24	26	30	32	43	45	48	49	51	53	56	58	63	243	#
970	2025.99	0	5	6	8	9	12	15	17	19	20	21	25	31	32	34	35	42	48	49	50	53	56	57	58	61	63	243	#
971	1957.38	0	1	3	5	8	9	12	13	15	16	17	19	20	25	31	34	40	42	47	49	52	53	55	58	61	62	243	#
972	225.676	23	40	44	244	#
973	236.569	23	24	56	244	#
974	230.049	32	33	40	244	#
975	227.228	22	42	44	244	#
976	394.475	8	9	28	31	40	57	62	245	#
977	552.457	13	19	23	50	54	59	62	245	#
978	485.369	1	13	17	31	57	59	62	245	#
979	453.68	3	4	8	11	26	41	59	245	#
980	428.394	1	11	12	28	34	48	57	245	#
981	395.44	3	4	11	15	17	27	57	245	#
982	518.934	13	16	29	37	44	52	58	246	#
983	631.074	9	11	16	24	26	27	45	246	#
984	581.359	2	9	16	19	29	45	52	246	#
985	567.04	1	2	13	14	44	61	63	246	#
986	471.646	3	18	27	41	51	55	58	246	#
987	449.899	12	37	40	42	43	57	62	246	#
988	1128.68	5	7	10	15	22	32	36	38	40	43	49	50	51	57	62	247	#
989	1236.4	5	6	20	22	24	27	28	32	33	35	36	39	41	45	55	247	#
990	1170.52	6	10	11	13	14	20	32	38	39	50	52	57	61	62	63	247	#
991	1126.07	0	5	7	10	20	21	24	31	32	36	38	44	47	57	62	247	#
992	1116.58	0	5	6	7	9	18	19	20	24	27	37	42	48	49	51	247	#
993	1099.06	1	6	11	19	20	24	26	32	43	47	53	54	56	62	63	247	#
994	76.4003	51	#
995	361.591	0	21	26	37	48	248	#
996	462.226	0	10	13	26	51	248	#
997	455.544	16	25	27	37	48	248	#
998	419.048	27	35	48	53	61	248	#
999	357.34	7	21	33	43	54	248	#
1000	324.13	0	11	26	37	38	248	#
