%% File generated by CATS v.2.1Wed Jun 22 10:37:26 2022

%% The CATS webpage is http://robotics.stanford.edu/CATS

%% PARAMETER SETTINGS:
% Goods: 64; Bids: 1000; Distribution: arbitrary; Runs: 1; Seed: 1656572402
% Arbitrary Distribution Parameters:
% Max Substitutable Bids = 5
% Removing HV Neighbor   = 0.1
% Adding DIAG Neighbor   = 0.2
% Additional Location    = 0.9
% Additivity             = 0.2
% Budget Factor          = 1.5
% Resale Factor          = 0.5
% Normal Private Value:
%   Mean                 = 0
%   Standard Deviation   = 30



goods 64
bids 1001
dummy 185

0	130.198	43	49	63	64	#
1	184.821	26	49	52	64	#
2	159.406	4	55	63	64	#
3	402.023	10	18	44	49	52	54	55	65	#
4	592.533	3	15	24	27	42	48	49	65	#
5	590.236	15	29	35	42	44	52	60	65	#
6	587.157	1	9	14	18	24	54	59	65	#
7	428.15	18	24	40	43	44	51	55	65	#
8	407.459	3	6	13	16	35	44	49	65	#
9	3257.74	0	1	2	3	4	5	6	7	8	9	10	11	12	13	14	15	16	17	19	20	21	22	23	24	25	26	27	28	29	30	31	32	33	34	35	36	37	38	39	40	41	42	43	44	45	46	47	48	49	50	51	52	53	54	55	56	57	58	60	61	62	63	66	#
10	3301.16	0	1	2	3	4	5	6	7	8	9	10	11	12	13	14	15	16	17	18	19	20	21	22	23	24	25	26	27	28	29	30	31	32	33	34	36	37	38	39	40	41	42	43	44	45	46	47	48	49	50	51	52	53	54	55	56	57	58	60	61	62	63	66	#
11	3292.23	0	1	2	3	4	5	6	7	8	9	10	11	12	13	14	15	16	18	19	20	21	22	23	24	25	26	27	28	29	30	31	32	33	34	35	36	37	38	39	40	41	42	43	44	45	46	47	48	49	50	51	52	53	54	55	56	57	58	60	61	62	63	66	#
12	3285.97	0	1	2	3	4	5	6	7	8	9	10	11	12	13	14	15	16	17	18	20	21	22	23	24	25	26	27	28	29	30	31	32	33	34	35	36	37	38	39	40	41	42	43	44	45	46	47	48	49	50	51	52	53	54	55	56	57	58	60	61	62	63	66	#
13	3281.52	0	1	2	3	4	5	6	7	8	9	10	11	12	13	14	15	16	17	18	19	20	21	22	23	24	26	27	28	29	30	31	32	33	34	35	36	37	38	39	40	41	42	43	44	45	46	47	48	49	50	51	52	53	54	55	56	57	58	60	61	62	63	66	#
14	3269.93	0	1	2	3	4	5	6	7	8	9	11	12	13	14	15	16	17	18	19	20	21	22	23	24	25	26	27	28	29	30	31	32	33	34	35	36	37	38	39	40	41	42	43	44	45	46	47	48	49	50	51	52	53	54	55	56	57	58	60	61	62	63	66	#
15	462.262	6	24	29	52	62	67	#
16	429.923	6	16	27	45	62	67	#
17	413.393	6	11	31	58	60	67	#
18	343.375	0	17	22	29	63	67	#
19	300.422	24	52	53	58	59	67	#
20	2654.31	0	1	5	7	8	10	12	13	15	16	19	22	23	25	26	28	29	31	33	35	36	37	38	39	41	42	43	44	45	46	47	48	49	51	52	53	54	56	57	58	61	62	63	68	#
21	2969.22	0	1	3	5	6	8	10	11	12	13	16	17	18	19	20	21	22	23	25	26	28	29	30	33	34	36	38	40	41	42	44	49	50	51	53	54	55	56	57	60	61	62	63	68	#
22	2937.34	0	1	4	6	7	8	9	10	12	14	15	17	18	19	20	21	22	23	24	26	29	31	33	34	35	36	37	38	39	40	41	42	47	48	49	50	51	52	56	57	59	61	63	68	#
23	2931.25	0	1	2	3	4	5	8	11	12	14	15	17	19	20	21	22	23	26	28	29	31	32	33	34	35	36	38	41	42	43	45	47	48	49	50	51	52	53	55	57	60	62	63	68	#
24	2922.18	0	1	4	5	6	8	9	10	12	13	14	15	16	18	19	20	22	23	25	29	30	31	32	33	34	35	36	38	41	42	44	45	46	47	48	51	52	54	55	56	57	60	63	68	#
25	2919.69	0	2	3	4	5	6	8	9	11	12	13	15	16	17	18	19	22	25	27	28	29	31	32	33	34	36	37	38	39	40	41	47	48	50	51	53	54	56	57	59	60	62	63	68	#
26	742.006	4	5	6	7	11	13	14	20	21	34	55	69	#
27	700.84	4	9	11	23	30	32	39	52	55	58	61	69	#
28	685.109	3	4	11	14	26	32	46	51	53	57	60	69	#
29	655.788	4	7	16	17	23	26	27	31	34	44	46	69	#
30	646.169	2	4	7	8	11	25	34	39	49	50	56	69	#
31	619.052	1	5	8	15	22	37	38	39	41	46	48	69	#
32	735.693	11	13	15	18	19	33	40	45	49	53	54	57	59	60	62	70	#
33	1032.97	1	3	6	8	25	27	29	35	39	45	49	51	55	56	61	70	#
34	974.055	2	4	9	14	17	19	20	24	26	29	30	44	51	55	57	70	#
35	951.898	0	8	9	13	19	20	22	25	33	36	37	50	55	60	61	70	#
36	897.945	4	13	14	21	25	26	29	34	35	41	42	45	47	53	57	70	#
37	888.404	0	1	4	18	24	25	35	37	39	46	49	52	56	59	62	70	#
38	57.4333	12	55	71	#
39	50.238	43	55	71	#
40	1133.56	0	4	5	9	12	13	14	32	36	38	44	50	51	54	60	72	#
41	1224.37	6	9	14	20	22	24	25	27	28	29	32	42	45	55	61	72	#
42	1198.69	9	14	18	20	22	24	29	31	35	40	45	46	51	57	60	72	#
43	1185.33	2	5	6	9	10	13	16	24	25	38	39	41	42	44	50	72	#
44	1156.94	11	13	16	23	25	30	32	35	40	45	47	50	55	57	59	72	#
45	1085.93	2	3	5	6	8	9	12	19	26	27	29	32	37	56	62	72	#
46	161.968	31	37	46	59	73	#
47	218.512	37	38	52	62	73	#
48	187.847	1	12	28	31	73	#
49	134.771	20	30	53	59	73	#
50	108.045	33	39	74	#
51	112.872	33	35	74	#
52	37.7222	19	39	74	#
53	774.699	0	2	3	7	10	16	23	27	28	42	43	50	58	75	#
54	959.235	0	9	10	13	16	17	31	32	33	36	41	50	51	75	#
55	916.412	0	1	4	9	12	15	21	24	29	41	44	58	61	75	#
56	907.077	2	11	13	15	17	22	24	29	33	50	53	60	61	75	#
57	861.838	2	7	16	19	20	21	23	40	42	47	48	50	60	75	#
58	813.466	0	2	8	15	16	17	20	29	45	51	57	58	63	75	#
59	1722.05	0	4	6	8	10	19	22	23	26	29	33	35	38	39	40	41	45	49	52	56	57	58	59	61	76	#
60	1848.43	0	3	4	5	9	12	19	22	24	25	27	29	35	36	41	45	49	50	55	56	57	61	62	63	76	#
61	1768.73	0	9	10	12	13	16	18	20	22	28	29	30	33	34	38	40	41	42	43	45	47	57	59	63	76	#
62	1702.84	1	2	6	10	11	15	20	24	25	26	29	32	33	35	38	43	47	49	50	54	56	57	58	63	76	#
63	1669.44	0	3	4	5	13	18	20	22	24	25	26	27	28	29	33	37	42	47	50	51	55	57	60	63	76	#
64	1668.04	0	1	4	5	8	12	16	20	22	25	29	30	33	34	36	40	41	45	51	54	57	58	60	63	76	#
65	1180.84	1	2	8	12	21	22	26	30	35	39	44	45	47	50	52	54	56	57	77	#
66	1345.11	4	7	8	14	20	21	22	34	36	38	44	45	47	50	57	59	60	62	77	#
67	1309.55	3	14	20	21	22	30	35	36	41	42	44	45	51	53	56	57	58	60	77	#
68	1217.52	0	8	10	17	20	22	28	31	32	38	39	40	42	50	52	55	57	62	77	#
69	1197.47	9	11	12	14	20	23	24	31	32	36	37	38	44	47	50	51	54	56	77	#
70	1191.66	1	3	6	15	16	17	20	24	25	31	32	34	36	39	49	54	56	57	77	#
71	1274.18	6	8	10	14	17	18	22	23	25	26	28	29	38	39	42	47	50	59	78	#
72	1520.11	0	4	6	8	17	22	23	25	31	32	33	35	38	42	50	55	57	60	78	#
73	1502.89	0	6	8	18	19	21	23	25	26	31	32	38	42	52	54	55	58	63	78	#
74	1470.93	5	6	11	12	16	17	22	31	33	36	38	39	42	43	46	52	61	62	78	#
75	1424.04	2	4	5	9	10	16	23	26	27	31	37	42	43	53	55	56	57	61	78	#
76	1413.5	3	4	10	14	16	25	31	33	36	38	39	42	44	46	51	52	56	57	78	#
77	1015.83	6	13	17	18	19	22	23	26	27	28	29	31	39	43	49	52	56	59	79	#
78	1436.18	11	13	15	18	23	26	31	32	34	35	37	40	41	42	43	50	55	62	79	#
79	1354.06	2	4	6	10	11	15	17	19	26	27	34	35	41	51	55	60	62	63	79	#
80	1311.02	1	3	4	5	6	13	18	22	26	27	36	40	41	45	46	52	55	59	79	#
81	1245.66	2	4	8	11	25	26	36	37	38	41	46	49	51	55	56	57	60	61	79	#
82	1209.05	1	4	6	7	13	14	15	25	31	36	38	39	41	47	48	49	50	63	79	#
83	1394.43	0	1	2	3	5	7	14	25	27	28	29	35	36	39	40	46	50	54	56	80	#
84	1377.23	0	4	5	6	14	17	25	32	33	34	38	40	41	44	45	46	47	56	60	80	#
85	1372.6	1	6	7	9	14	24	25	27	28	30	38	41	44	45	46	53	56	57	62	80	#
86	1235.81	0	5	10	13	17	20	23	25	26	27	28	35	38	41	44	45	55	56	62	80	#
87	1234.77	2	3	9	14	16	17	20	24	25	35	38	41	45	49	50	51	56	57	59	80	#
88	1211.36	4	6	8	13	14	20	25	38	43	45	46	49	50	51	54	55	56	61	62	80	#
89	13.7073	49	#
90	597.788	3	4	9	11	51	56	60	81	#
91	557.581	3	17	34	48	49	55	60	81	#
92	505.497	16	20	29	33	53	56	60	81	#
93	502.825	4	20	24	35	36	54	56	81	#
94	453.777	1	3	18	25	27	51	60	81	#
95	402.322	3	9	13	21	46	47	60	81	#
96	316.157	12	15	31	32	44	52	82	#
97	465.132	0	16	32	54	58	61	82	#
98	444.034	15	17	26	30	37	56	82	#
99	441.258	2	12	21	38	40	42	82	#
100	403.585	19	44	48	52	54	57	82	#
101	388.291	20	27	31	46	52	54	82	#
102	139.752	24	29	57	83	#
103	175.694	32	40	57	83	#
104	201.174	38	63	84	#
105	239.024	11	38	84	#
106	122.422	9	63	84	#
107	688.254	1	8	10	16	17	19	24	27	28	43	45	50	56	62	85	#
108	1029.42	1	10	14	16	18	22	27	31	32	44	55	56	57	61	85	#
109	998.448	1	3	5	18	22	27	33	41	42	45	50	55	58	62	85	#
110	972.445	4	10	12	17	19	22	27	29	33	42	45	46	54	59	85	#
111	957.554	2	9	16	19	23	26	29	42	45	47	48	56	58	59	85	#
112	909.438	2	4	10	28	30	41	43	45	46	49	51	56	60	63	85	#
113	278.132	15	31	34	56	63	86	#
114	322.465	8	22	34	51	56	86	#
115	253.499	7	15	33	41	56	86	#
116	1117.55	0	8	11	12	13	14	17	18	19	21	23	24	25	29	31	32	37	38	41	42	44	53	61	62	87	#
117	1651.46	1	3	4	5	6	13	16	20	24	25	26	31	34	35	37	39	40	41	45	53	56	57	59	61	87	#
118	1637.28	0	1	2	3	4	7	11	15	21	22	28	31	32	33	36	40	41	44	46	47	58	59	60	62	87	#
119	1620.89	3	6	7	14	16	25	28	29	31	32	33	34	35	37	39	40	42	45	46	47	48	50	53	61	87	#
120	1581.38	3	7	13	14	18	19	22	24	26	31	32	33	34	39	40	42	44	45	46	48	53	54	57	58	87	#
121	1542.08	4	5	6	9	15	20	21	22	26	27	31	32	33	34	36	37	38	41	47	55	57	59	62	63	87	#
122	364.336	14	28	32	36	37	45	56	88	#
123	476.443	6	22	24	28	32	41	47	88	#
124	472.107	16	19	25	30	41	56	59	88	#
125	446.12	2	15	26	32	35	49	58	88	#
126	424.516	0	9	13	36	38	41	44	88	#
127	407.686	7	16	22	24	45	46	58	88	#
128	899.772	1	3	11	12	21	26	34	39	46	51	56	60	62	89	#
129	1079.97	1	3	10	21	22	26	30	36	43	44	52	56	61	89	#
130	1023.54	0	1	21	22	26	29	31	33	41	44	45	50	53	89	#
131	909.215	0	3	4	8	9	17	18	21	27	35	42	53	56	89	#
132	866.187	2	24	25	30	34	35	39	40	48	52	58	60	61	89	#
133	851.76	5	7	9	10	16	22	26	39	42	45	54	55	56	89	#
134	523.328	4	9	11	16	25	32	45	62	90	#
135	669.211	11	15	18	30	41	55	60	63	90	#
136	640.705	4	8	32	45	50	57	61	62	90	#
137	591.555	4	9	10	14	30	45	46	59	90	#
138	575.479	8	11	14	15	22	27	32	40	90	#
139	548.079	10	14	15	17	25	47	54	60	90	#
140	516.492	9	10	19	23	29	38	39	44	45	52	58	91	#
141	772.873	2	5	7	15	29	31	33	34	41	44	59	91	#
142	699.832	7	21	23	31	36	40	41	44	51	57	61	91	#
143	675.42	6	13	29	35	41	46	48	52	58	60	63	91	#
144	643.167	5	7	8	25	31	37	38	46	49	51	61	91	#
145	634.597	6	7	12	13	30	31	43	49	50	58	61	91	#
146	480.905	5	9	16	19	20	38	43	52	58	92	#
147	627.251	1	11	20	23	30	32	33	41	52	92	#
148	593.041	8	20	23	25	30	31	52	57	63	92	#
149	515.402	13	16	21	22	26	29	35	40	55	92	#
150	496.164	4	5	7	10	12	15	35	38	49	92	#
151	452.884	8	15	32	33	38	48	52	54	58	92	#
152	1658.51	0	3	5	9	13	14	15	16	17	20	28	29	31	33	35	38	40	42	44	48	49	53	56	58	59	61	93	#
153	1879.55	6	9	10	13	14	15	19	20	23	26	30	32	33	34	37	38	39	40	44	46	49	51	53	56	61	62	93	#
154	1877.96	1	3	8	12	14	15	18	19	20	26	28	29	31	33	37	38	40	41	44	46	49	53	56	57	59	62	93	#
155	1801.66	0	3	5	12	13	14	20	21	22	23	24	26	27	30	33	38	40	41	43	47	53	54	55	56	61	63	93	#
156	1786.08	0	1	2	3	7	9	14	16	17	23	24	26	28	29	30	32	33	34	35	38	39	47	49	55	56	61	93	#
157	1770.5	1	2	3	4	7	10	14	16	20	22	23	24	27	28	29	31	32	33	34	38	41	44	48	51	56	61	93	#
158	251.941	18	21	45	49	56	94	#
159	323.609	11	21	26	29	44	94	#
160	304.937	0	11	18	58	60	94	#
161	225.756	13	24	27	49	56	94	#
162	219.106	2	23	35	45	57	94	#
163	149.26	7	17	25	39	49	94	#
164	89.6759	8	30	95	#
165	103.495	8	9	95	#
166	125.837	19	21	32	52	53	57	#
167	272.166	5	12	13	34	63	96	#
168	345.732	5	12	21	22	27	96	#
169	234.7	1	16	24	35	63	96	#
170	202.903	9	12	21	29	46	96	#
171	88.5044	13	14	19	45	58	96	#
172	104.711	7	61	97	#
173	132.835	51	61	97	#
174	120.252	11	#
175	278.491	15	19	20	23	27	37	46	50	98	#
176	415.95	9	23	27	32	36	44	45	53	98	#
177	368.017	12	19	20	21	24	26	39	59	98	#
178	349.79	4	19	20	30	46	48	55	63	98	#
179	415.792	11	13	30	41	42	44	62	99	#
180	491.262	0	16	18	27	36	42	55	99	#
181	423.349	1	13	23	26	28	37	38	99	#
182	415.676	6	20	24	36	55	62	63	99	#
183	362.224	8	14	21	23	30	47	59	99	#
184	252.179	2	3	21	29	37	40	44	99	#
185	1344.97	4	6	9	10	14	22	29	30	37	38	41	42	48	53	57	60	61	100	#
186	1360.39	4	9	14	16	20	21	22	23	31	40	43	46	51	53	60	61	62	100	#
187	1177.7	4	6	10	11	12	23	25	30	33	37	40	51	53	56	57	60	61	100	#
188	1157.95	3	9	11	13	20	22	23	24	28	34	38	47	53	56	60	61	62	100	#
189	1138.39	1	4	9	15	17	20	21	23	27	31	39	45	48	51	57	59	62	100	#
190	1092.2	7	8	9	12	20	22	24	31	33	37	38	45	50	51	53	57	61	100	#
191	1132.53	10	14	17	19	20	24	25	29	33	37	38	39	40	43	45	49	51	53	55	62	101	#
192	1620.61	0	2	6	24	29	31	32	37	38	39	42	44	45	46	54	55	56	57	58	61	101	#
193	1564.05	0	3	6	9	12	14	18	21	29	30	31	36	38	41	42	43	45	49	57	63	101	#
194	1548.81	0	3	12	14	15	18	20	31	36	39	42	44	45	46	47	49	51	55	57	62	101	#
195	1526.63	0	14	15	18	20	22	24	29	32	33	35	38	42	45	48	52	56	57	58	62	101	#
196	1512.56	1	2	3	5	7	9	11	14	24	29	30	33	34	36	39	52	55	57	58	59	101	#
197	958.814	3	6	12	13	19	20	24	25	33	36	39	41	42	43	50	56	58	102	#
198	1371.53	1	7	9	14	22	25	30	31	36	43	46	51	54	56	57	61	62	102	#
199	1339.92	0	13	20	23	25	31	32	34	36	42	46	52	58	60	61	62	63	102	#
200	1291.43	2	3	6	12	18	22	27	31	33	34	36	44	50	58	61	62	63	102	#
201	1254.3	1	13	14	27	29	30	31	34	38	39	40	46	52	54	56	57	58	102	#
202	1196.38	1	6	9	11	19	22	25	27	31	32	34	36	42	46	47	50	53	102	#
203	463.236	4	14	32	35	36	39	45	47	60	103	#
204	679.742	2	9	17	40	41	53	56	59	60	103	#
205	621.727	0	3	11	16	31	32	47	53	57	103	#
206	606.681	2	15	26	29	37	39	41	58	62	103	#
207	505.002	6	8	14	20	38	39	41	53	62	103	#
208	473.289	2	4	5	13	29	35	43	58	59	103	#
209	1572.56	2	4	6	8	9	11	13	14	15	17	18	23	26	30	32	34	35	36	42	45	46	48	49	52	54	56	58	61	104	#
210	1978.24	0	1	4	6	7	9	11	14	15	16	17	22	24	26	29	32	34	38	40	43	46	50	51	56	58	60	61	63	104	#
211	1969.01	1	4	7	9	18	19	21	22	23	24	25	26	27	29	31	32	36	37	40	44	51	52	53	54	56	59	60	61	104	#
212	1933.14	0	1	2	3	9	14	16	17	21	23	25	26	27	28	29	32	36	37	38	41	44	52	55	57	58	59	60	62	104	#
213	1931.25	0	1	4	14	16	17	18	22	25	28	29	30	38	40	42	43	44	46	48	51	53	54	55	56	58	59	60	63	104	#
214	1880.07	0	1	2	3	4	11	12	15	17	18	20	21	22	27	36	37	40	47	49	50	51	53	55	56	60	61	62	63	104	#
215	494.066	3	4	7	12	13	40	41	42	53	56	105	#
216	737.84	17	21	22	25	32	34	40	41	42	62	105	#
217	730.279	5	6	9	15	25	40	41	49	52	57	105	#
218	700.253	4	5	6	12	13	14	40	42	48	57	105	#
219	618.622	2	3	9	10	13	21	34	49	52	56	105	#
220	576.987	2	7	30	34	39	41	42	47	48	56	105	#
221	147.058	20	61	106	#
222	208.844	27	61	106	#
223	169.191	20	50	106	#
224	147.521	5	10	48	107	#
225	215.175	33	45	48	107	#
226	165.647	5	22	62	107	#
227	124.002	10	30	58	107	#
228	536.35	5	8	15	17	25	35	40	44	56	108	#
229	623.082	0	7	14	21	25	28	35	40	50	108	#
230	572.785	6	14	24	25	29	30	43	53	61	108	#
231	510.014	0	2	6	8	20	29	32	49	61	108	#
232	477.743	2	16	17	22	36	47	51	57	63	108	#
233	476.664	2	12	16	17	32	34	40	44	48	108	#
234	620.174	17	23	24	32	34	38	39	48	60	109	#
235	821.859	6	23	29	38	41	48	55	58	59	109	#
236	704.432	1	8	14	20	29	30	38	60	62	109	#
237	673.6	0	1	11	27	29	37	48	58	62	109	#
238	648.378	1	8	20	29	34	37	38	50	51	109	#
239	534.601	8	10	16	17	24	34	46	55	59	109	#
240	364.929	24	25	53	58	61	110	#
241	440.212	24	25	33	57	61	110	#
242	424.581	5	24	31	58	61	110	#
243	363.468	13	31	35	41	53	110	#
244	316.727	13	24	33	42	46	110	#
245	304.021	10	24	30	58	61	110	#
246	58.8138	27	#
247	1588.96	0	1	3	5	6	9	12	14	15	16	18	20	21	23	24	28	30	31	33	35	38	45	47	48	51	52	53	58	62	111	#
248	2072.84	1	2	3	5	6	8	9	10	11	12	14	17	18	29	30	32	34	35	36	38	40	41	45	51	52	55	60	61	62	111	#
249	1974.08	0	1	7	8	9	10	15	16	17	18	20	21	22	26	34	36	38	39	41	42	43	44	48	49	50	52	55	61	62	111	#
250	1904.5	1	3	6	7	8	9	11	14	17	20	23	26	30	34	37	39	42	43	44	46	50	53	54	55	58	59	60	61	63	111	#
251	1880.5	1	3	6	7	8	10	13	15	17	20	23	24	26	27	30	34	35	38	39	44	45	47	48	52	53	55	57	59	61	111	#
252	1858.35	1	2	5	6	9	10	13	16	18	22	26	27	28	29	30	33	39	43	44	46	47	50	54	55	56	57	59	61	62	111	#
253	72.5481	7	17	46	#
254	104.317	32	#
255	328.364	1	5	9	21	53	112	#
256	398.519	20	21	25	26	59	112	#
257	320.399	1	16	24	33	57	112	#
258	244.428	14	17	33	45	53	112	#
259	238.715	5	19	25	35	53	112	#
260	193.526	7	9	22	28	38	112	#
261	62.6845	5	#
262	943.522	0	2	12	24	37	40	44	47	48	49	51	58	59	62	113	#
263	1286.92	0	1	10	26	38	41	45	51	52	53	54	59	61	62	113	#
264	1232.59	0	5	11	14	15	18	26	27	38	40	44	46	47	59	113	#
265	1160.96	3	4	5	9	11	14	18	32	41	44	51	56	57	62	113	#
266	1066.62	6	8	18	22	26	30	31	34	37	41	43	59	61	63	113	#
267	1051.81	0	3	5	10	19	22	23	24	26	37	41	46	47	51	113	#
268	1810.62	1	4	5	8	9	10	12	13	14	15	16	20	24	25	26	30	32	34	37	41	42	43	45	48	50	51	52	53	54	55	56	58	63	114	#
269	2340.74	0	2	3	4	6	8	11	13	14	19	20	22	26	29	32	34	36	37	40	41	42	43	44	45	47	48	50	51	54	55	57	60	61	114	#
270	2220.28	0	1	4	8	9	11	12	13	14	16	18	20	22	25	26	28	29	30	31	33	35	36	37	41	42	49	50	51	55	57	59	61	63	114	#
271	2181.5	1	2	3	4	7	10	14	16	17	18	19	22	25	26	27	29	31	34	35	36	37	38	40	41	43	45	48	49	50	51	54	56	61	114	#
272	2177.99	0	1	2	3	4	6	9	11	12	13	14	17	19	22	24	27	29	35	38	40	42	43	44	45	48	51	55	56	57	58	61	62	63	114	#
273	2165.71	2	3	4	6	7	9	13	14	16	22	25	26	29	30	31	32	33	35	36	37	38	42	43	44	45	47	48	50	54	60	61	62	63	114	#
274	433.643	3	14	15	32	35	59	63	115	#
275	544.218	3	9	23	36	40	49	56	115	#
276	514.953	2	12	14	21	31	38	59	115	#
277	502.184	6	7	8	30	35	44	62	115	#
278	388.414	13	25	32	47	52	53	58	115	#
279	370.75	6	19	21	26	27	57	63	115	#
280	34.0679	34	#
281	527.84	5	8	18	22	50	52	53	57	116	#
282	662.934	0	20	22	23	24	40	49	50	116	#
283	611.867	6	13	26	28	45	50	57	62	116	#
284	587.429	5	10	13	17	37	45	50	62	116	#
285	579.46	10	21	26	37	39	40	49	53	116	#
286	560.153	13	31	34	40	48	57	61	63	116	#
287	719.188	1	4	7	8	9	26	27	34	41	46	49	63	117	#
288	898.734	1	6	11	15	25	27	30	32	36	57	61	63	117	#
289	886.044	0	2	8	18	23	27	29	35	38	42	47	49	117	#
290	797.862	1	11	12	13	18	22	32	34	36	41	42	50	117	#
291	784.485	2	15	21	23	34	35	42	47	52	55	56	59	117	#
292	779.473	0	1	3	4	7	11	22	23	24	32	38	61	117	#
293	140.984	9	27	28	52	118	#
294	179.581	2	9	36	55	118	#
295	139.017	3	28	33	44	118	#
296	110.681	13	52	59	63	118	#
297	297.448	11	38	39	46	119	#
298	280.54	2	10	46	54	119	#
299	240.969	16	17	27	38	119	#
300	227.313	9	17	39	52	119	#
301	199.02	11	30	46	58	119	#
302	32.14	10	35	#
303	135.827	11	41	120	#
304	120.944	30	40	120	#
305	595.121	0	3	8	9	16	17	24	26	37	47	54	121	#
306	797.623	0	15	27	33	36	40	42	53	54	59	61	121	#
307	743.398	0	1	6	9	12	17	22	31	44	59	61	121	#
308	709.117	0	1	5	10	13	16	27	36	43	45	50	121	#
309	660.024	4	10	15	21	31	48	53	54	57	59	62	121	#
310	618.418	3	17	27	29	30	32	44	52	55	56	63	121	#
311	564.488	4	8	9	17	19	20	29	43	57	122	#
312	705.554	3	7	9	11	15	19	29	31	32	122	#
313	658.894	6	7	9	15	18	19	20	49	56	122	#
314	629.331	2	6	7	9	13	36	39	57	60	122	#
315	600.292	4	9	15	17	19	38	42	52	53	122	#
316	589.378	2	28	29	34	36	37	50	56	60	122	#
317	286.833	6	41	53	54	58	123	#
318	353.013	1	3	47	52	53	123	#
319	340.462	18	22	26	41	62	123	#
320	324.261	28	32	42	52	58	123	#
321	322.691	6	10	17	29	56	123	#
322	251.331	4	34	44	54	59	123	#
323	576.369	3	10	16	20	23	32	45	59	61	62	124	#
324	690.056	2	9	35	47	49	51	56	59	60	62	124	#
325	689.706	6	16	20	24	36	37	38	40	44	46	124	#
326	680.143	1	2	5	16	19	26	34	36	44	61	124	#
327	670.928	2	10	20	24	25	44	45	47	55	59	124	#
328	587.037	2	8	16	23	35	36	39	45	58	59	124	#
329	350.182	7	13	23	25	28	34	36	37	43	45	57	#
330	538.689	14	15	21	25	37	40	41	50	52	199	#
331	132.596	11	51	#
332	87.0572	51	#
333	708.47	3	6	12	14	25	31	36	39	58	59	63	126	#
334	835.169	1	9	25	36	41	46	50	52	57	62	63	126	#
335	811.601	1	15	16	22	24	27	36	55	58	62	63	126	#
336	737.813	0	1	3	16	23	30	36	37	42	51	52	126	#
337	733.675	10	18	21	28	36	39	42	47	50	55	56	126	#
338	696.279	0	3	22	23	25	39	40	49	52	60	63	126	#
339	80.6118	28	58	127	#
340	107.299	28	29	127	#
341	92.458	25	58	127	#
342	471.417	2	6	7	33	36	46	53	57	59	128	#
343	695.832	6	9	15	22	24	27	30	36	62	128	#
344	670.608	20	25	27	30	32	33	44	49	61	128	#
345	583.786	0	7	13	18	22	43	44	50	62	128	#
346	541.804	6	18	19	24	41	43	56	57	62	128	#
347	514.778	7	9	21	32	43	44	48	52	57	128	#
348	97.1233	9	35	129	#
349	123.322	9	52	129	#
350	80.6161	18	#
351	356.98	2	11	25	28	30	54	130	#
352	516.588	4	11	14	18	21	54	130	#
353	465.64	3	19	39	50	52	54	130	#
354	445.26	14	16	19	30	36	54	130	#
355	414.955	11	28	29	50	52	63	130	#
356	335.025	2	8	21	27	43	50	130	#
357	1156.59	1	3	4	7	13	22	25	31	34	37	38	42	48	51	52	59	131	#
358	1159.96	0	2	4	6	8	9	11	13	18	23	31	32	42	45	48	55	131	#
359	1142.89	0	2	7	16	18	20	22	24	33	38	42	45	48	52	59	61	131	#
360	1098.38	1	2	4	6	8	10	11	14	22	26	27	28	36	38	52	61	131	#
361	995.59	6	11	24	27	28	29	31	32	34	41	47	48	55	56	57	59	131	#
362	943.101	1	3	14	22	30	32	33	35	37	38	42	45	51	52	57	59	131	#
363	155.048	6	12	17	25	132	#
364	208.116	11	24	25	28	132	#
365	166.59	2	12	51	52	132	#
366	112.776	2	16	17	55	132	#
367	37.7914	10	52	#
368	438.732	14	25	30	33	39	40	52	133	#
369	631.963	6	15	23	24	40	49	61	133	#
370	600.856	8	24	39	42	49	54	61	133	#
371	540.646	5	9	24	25	27	42	61	133	#
372	485.517	2	6	11	14	18	19	55	133	#
373	459.167	15	30	36	44	59	60	61	133	#
374	241.145	0	20	48	63	134	#
375	324.995	1	20	57	62	134	#
376	313.093	11	48	60	62	134	#
377	298.915	0	11	18	26	134	#
378	237.76	11	12	31	63	134	#
379	1230.16	3	11	15	21	30	31	36	41	43	44	45	47	51	53	59	61	63	135	#
380	1315.29	0	5	8	16	17	18	22	29	31	36	38	41	43	44	50	54	61	135	#
381	1272.7	0	4	5	21	22	24	29	38	39	41	42	43	48	53	55	58	63	135	#
382	1236	0	1	4	6	7	8	16	20	36	43	44	47	53	55	56	60	61	135	#
383	1224.15	3	6	11	14	17	25	26	32	35	36	40	50	53	56	58	59	61	135	#
384	1197.48	2	4	6	10	16	17	18	21	24	31	36	43	44	55	59	60	62	135	#
385	593.671	3	6	7	9	17	20	55	57	60	61	136	#
386	759.535	0	3	5	14	30	33	40	41	44	55	136	#
387	716.949	9	13	16	18	26	32	35	36	47	56	136	#
388	704.92	15	17	22	39	42	49	56	59	61	62	136	#
389	656.967	3	6	12	16	23	25	32	53	56	63	136	#
390	582.335	9	20	23	29	37	48	49	59	61	62	136	#
391	644.402	6	11	20	21	22	25	36	42	48	59	137	#
392	827.097	1	11	12	25	44	49	50	51	59	61	137	#
393	815.597	7	16	25	30	31	34	55	59	61	62	137	#
394	599.794	3	7	8	20	22	30	34	40	52	55	137	#
395	568.106	1	10	15	32	35	37	48	49	50	62	137	#
396	519.646	11	13	22	25	36	43	45	52	60	61	137	#
397	1089.97	2	9	13	22	24	27	28	39	40	43	44	46	47	50	52	54	56	59	61	63	138	#
398	1453.07	3	8	9	16	21	22	23	24	26	27	29	31	36	37	39	48	58	59	61	62	138	#
399	1245.31	3	7	12	19	24	25	28	29	31	33	36	39	40	44	45	48	56	60	61	63	138	#
400	1185.22	3	10	18	20	22	25	27	28	32	34	36	37	38	46	51	54	55	56	57	62	138	#
401	1180.45	1	3	4	5	12	17	20	21	22	24	28	32	36	40	41	46	50	51	54	63	138	#
402	1170	1	2	8	10	20	21	25	27	29	34	41	42	45	46	47	48	50	51	55	56	138	#
403	302.049	12	15	23	44	139	#
404	302.499	6	7	44	60	139	#
405	292.59	2	7	23	61	139	#
406	275.032	12	20	25	30	139	#
407	211.789	14	15	19	32	139	#
408	2212.69	1	2	3	7	10	13	14	16	17	19	20	21	22	23	24	25	26	30	31	32	33	38	40	41	43	45	48	49	51	52	53	54	56	57	58	59	62	63	140	#
409	2472.88	0	1	2	3	4	6	8	9	12	13	18	19	21	22	24	25	26	27	30	31	32	33	36	40	43	45	47	48	49	51	54	56	57	58	59	60	61	62	140	#
410	2441.69	0	1	2	4	12	15	16	19	20	21	22	23	25	26	29	30	31	32	35	36	37	38	39	40	41	43	44	45	48	49	50	52	53	56	57	59	60	61	140	#
411	2436.13	1	3	4	6	7	9	11	12	14	15	17	21	22	23	25	26	29	31	33	34	36	39	40	41	43	44	47	48	49	50	52	54	56	57	59	61	62	63	140	#
412	2428.72	0	1	2	3	4	5	6	7	9	12	18	20	21	22	23	25	27	28	30	31	33	34	35	37	38	40	41	43	44	45	46	47	48	52	55	56	57	59	140	#
413	2365.23	1	3	4	5	6	7	9	12	14	17	19	20	23	25	26	27	29	30	31	32	33	34	37	38	40	41	43	44	45	46	48	49	52	54	57	59	62	63	140	#
414	84.552	47	#
415	264.598	26	55	57	141	#
416	170.128	10	13	26	141	#
417	148.827	45	57	63	141	#
418	2268.13	0	1	3	5	7	8	9	12	15	16	17	20	21	22	23	29	30	32	33	34	36	38	39	40	41	43	44	45	46	47	49	50	51	53	55	56	60	61	62	63	142	#
419	2615.53	1	2	3	4	5	6	7	11	12	13	16	18	20	21	22	23	26	27	28	29	30	31	32	34	36	38	39	40	41	42	46	47	48	50	53	58	59	61	62	63	142	#
420	2541.59	1	2	3	5	7	9	10	16	17	18	20	21	22	23	25	26	27	28	29	30	31	32	34	37	38	39	40	41	43	46	48	49	50	54	55	56	59	60	61	63	142	#
421	2483.49	1	4	5	6	9	10	11	13	17	18	19	20	21	23	24	25	26	27	29	30	31	34	36	40	41	44	46	47	48	49	50	52	53	54	55	56	57	60	61	63	142	#
422	2468.26	1	2	4	5	6	7	8	12	13	15	16	17	20	21	23	25	26	29	30	31	32	34	35	39	40	41	42	43	44	46	49	50	52	53	54	56	59	60	62	63	142	#
423	2462.91	1	3	4	6	10	12	13	16	17	19	20	21	23	24	25	26	28	29	30	31	32	34	38	39	40	41	44	45	46	48	50	51	52	53	54	55	56	57	60	61	142	#
424	544.267	15	26	32	37	41	42	43	47	53	57	143	#
425	704.777	4	6	22	26	29	39	55	57	62	63	143	#
426	635.794	2	3	6	21	26	35	42	46	47	56	143	#
427	608.252	2	13	29	38	45	47	48	53	55	60	143	#
428	590.59	2	4	12	14	38	41	44	45	48	63	143	#
429	575.258	5	14	16	17	18	21	29	39	40	53	143	#
430	638.045	0	3	9	16	21	30	45	47	51	58	60	144	#
431	872.034	1	2	3	4	22	34	35	40	41	50	59	144	#
432	770.649	7	8	9	11	16	24	34	42	60	61	62	144	#
433	756.019	9	15	18	20	25	27	29	58	59	62	63	144	#
434	722.229	11	12	14	21	23	26	27	29	43	45	58	144	#
435	710.872	0	7	9	17	20	27	42	43	47	49	51	144	#
436	1045.2	16	20	21	25	27	32	35	36	38	39	47	52	54	57	58	145	#
437	1054.49	9	14	16	20	22	30	31	32	34	35	36	38	39	57	63	145	#
438	1043.3	1	8	14	22	23	25	26	27	34	37	42	52	55	56	59	145	#
439	994.681	1	5	9	16	25	27	35	38	39	40	42	49	53	56	61	145	#
440	982.206	1	6	7	12	16	22	25	32	35	38	43	45	47	58	61	145	#
441	968.42	6	20	30	34	36	39	40	41	42	44	46	50	55	56	63	145	#
442	2375.21	1	2	3	5	6	7	8	9	10	13	14	15	16	17	18	19	20	21	22	24	28	30	32	34	35	36	37	39	40	41	42	43	45	46	50	51	53	54	57	60	63	146	#
443	2754.64	2	3	4	5	6	7	11	14	15	17	18	19	20	22	23	24	25	26	28	30	31	32	33	34	35	36	37	39	40	41	42	45	47	48	49	50	53	54	55	56	59	146	#
444	2721.51	2	4	8	9	10	11	14	15	17	18	20	22	24	25	28	30	31	33	35	36	38	39	40	41	43	45	46	48	49	50	51	52	53	54	55	56	57	60	61	62	63	146	#
445	2701.9	1	2	3	4	5	6	7	8	11	14	15	16	17	18	19	20	22	23	24	25	26	29	32	33	36	40	41	42	43	45	48	49	50	52	53	54	56	57	59	60	63	146	#
446	2688.63	1	2	5	9	10	11	13	15	17	18	19	20	22	25	26	27	28	30	32	33	34	36	38	39	40	42	43	46	47	49	51	52	53	54	55	56	57	59	60	61	62	146	#
447	2648.26	2	3	4	5	6	7	10	11	12	13	14	15	16	17	20	23	24	27	28	30	32	33	34	35	36	39	40	41	42	45	46	48	51	52	53	54	55	59	60	61	62	146	#
448	787.217	2	4	17	20	27	34	38	41	45	56	147	#
449	798.214	5	7	11	12	16	24	26	38	45	56	147	#
450	747.932	2	4	5	34	40	42	46	49	53	54	147	#
451	669.216	0	11	16	21	25	27	30	31	35	45	147	#
452	603.842	9	13	19	26	31	33	39	45	46	56	147	#
453	601.37	7	8	11	13	14	26	32	41	59	62	147	#
454	1538.24	0	4	10	11	14	16	18	20	21	22	25	26	28	31	32	39	41	43	47	53	55	57	61	148	#
455	1675.45	0	1	4	6	9	10	11	16	17	21	22	28	30	34	37	41	42	47	50	53	55	59	60	148	#
456	1645.26	0	1	4	5	6	8	11	12	15	16	18	23	25	27	30	34	36	39	42	47	57	60	61	148	#
457	1634.1	0	1	4	6	8	13	18	24	27	29	31	39	42	43	44	50	51	53	54	56	57	60	63	148	#
458	1629.71	0	2	4	6	7	10	14	19	20	21	31	34	38	41	42	47	51	52	54	55	59	61	63	148	#
459	1602.6	2	11	13	18	20	21	22	23	24	27	31	32	34	38	40	41	42	47	51	54	56	57	63	148	#
460	375.713	13	29	36	48	49	62	149	#
461	543.442	10	33	36	55	57	62	149	#
462	479.881	2	29	32	47	51	60	149	#
463	454.522	12	29	38	42	48	57	149	#
464	403.9	5	29	35	36	51	61	149	#
465	371.149	13	18	39	47	49	60	149	#
466	136.771	5	58	150	#
467	190.005	5	54	150	#
468	165.668	41	58	150	#
469	199.562	13	40	151	#
470	162.678	11	40	151	#
471	27.4067	12	#
472	834.742	2	5	7	8	11	15	18	20	28	29	31	37	40	52	55	58	62	152	#
473	1018.53	1	2	4	6	9	10	15	16	18	23	28	36	37	42	43	55	58	152	#
474	993.002	3	5	9	17	21	27	29	32	34	38	39	40	47	48	49	52	55	152	#
475	980.659	2	4	5	7	10	17	25	30	39	42	43	44	45	46	53	55	63	152	#
476	957.434	1	2	7	10	17	21	23	31	33	36	40	42	46	53	55	58	62	152	#
477	939.092	6	7	13	15	16	22	23	33	37	38	42	43	49	52	57	59	63	152	#
478	393.234	1	3	14	16	59	153	#
479	349.297	3	16	25	56	59	153	#
480	338.953	1	19	26	43	59	153	#
481	332.051	1	9	41	42	49	153	#
482	330.067	14	15	17	20	29	153	#
483	232.871	11	13	16	33	39	153	#
484	12.9079	7	13	43	63	#
485	337.795	16	20	21	41	47	56	154	#
486	497.715	3	13	27	44	56	59	154	#
487	368.467	1	3	16	22	23	45	154	#
488	353.705	0	10	14	20	61	62	154	#
489	272.586	4	17	25	35	41	47	154	#
490	185.098	16	20	21	33	41	51	154	#
491	1441	0	1	2	5	7	9	10	12	14	15	16	19	20	21	23	30	34	37	38	39	42	44	46	51	54	59	60	155	#
492	1808.82	0	2	3	5	9	13	15	19	20	21	22	23	24	27	30	31	35	36	37	41	46	50	56	57	59	60	61	155	#
493	1756.29	2	4	9	10	20	21	23	24	27	28	30	32	33	34	38	40	41	44	45	46	47	50	51	54	56	59	61	155	#
494	1657.04	2	3	5	7	9	10	12	14	15	20	23	27	29	33	37	38	40	41	49	50	52	54	58	59	60	61	62	155	#
495	1646.46	1	6	7	11	13	16	17	20	22	23	24	30	33	36	38	39	40	42	47	49	50	52	53	56	57	59	62	155	#
496	1602.19	2	3	4	9	10	12	14	16	20	22	23	24	26	28	30	34	37	38	39	45	50	51	52	56	59	61	62	155	#
497	267.717	12	54	60	156	#
498	310.718	20	38	54	156	#
499	236.83	12	15	41	156	#
500	173.599	7	20	60	156	#
501	1200.62	4	5	10	12	14	20	22	25	26	32	37	41	45	52	56	61	157	#
502	1419.84	5	6	15	23	25	26	30	34	36	38	42	45	50	54	57	61	157	#
503	1331.31	0	1	2	5	6	8	9	29	36	40	45	47	48	50	52	58	157	#
504	1242.27	3	4	10	23	24	25	26	29	36	37	42	43	47	48	56	61	157	#
505	1225.62	4	6	10	13	22	23	25	27	29	37	41	43	49	50	61	63	157	#
506	1154.26	5	11	14	18	26	30	35	36	40	42	45	48	52	53	55	62	157	#
507	502.136	4	6	7	20	49	51	54	55	158	#
508	553.069	6	16	28	31	36	57	60	61	158	#
509	536.684	2	6	7	15	43	47	51	56	158	#
510	515.604	5	16	20	22	36	38	39	43	158	#
511	503.482	25	34	36	44	51	52	54	59	158	#
512	482.375	2	5	7	16	17	39	44	57	158	#
513	818.108	2	26	27	29	36	38	39	44	47	61	159	#
514	954.247	5	13	20	23	24	27	40	47	60	61	159	#
515	722.416	1	13	27	35	38	44	48	49	54	60	159	#
516	701.275	1	4	6	33	39	40	41	45	47	53	159	#
517	698.103	15	17	19	23	26	36	38	41	44	50	159	#
518	680.378	1	13	23	24	29	32	35	47	55	61	159	#
519	1263.8	1	4	6	13	14	16	28	30	32	33	34	36	38	46	53	57	60	61	160	#
520	1390.31	0	1	2	5	10	13	24	25	26	36	42	43	45	47	51	54	57	60	160	#
521	1356.28	2	4	6	7	9	11	13	14	25	29	42	43	47	48	50	52	55	60	160	#
522	1317.8	1	2	6	9	13	21	25	34	38	39	45	46	50	53	56	59	60	63	160	#
523	1239.44	2	5	13	14	22	29	33	35	37	38	46	47	48	50	57	58	60	61	160	#
524	1236.22	4	6	9	13	20	26	33	35	36	37	40	47	48	53	54	55	56	60	160	#
525	136.044	30	45	63	161	#
526	193.425	27	30	59	161	#
527	141.03	10	31	63	161	#
528	487.096	15	20	22	32	33	41	56	162	#
529	551.884	0	4	22	26	40	49	52	162	#
530	441.754	12	15	26	27	46	51	62	162	#
531	418.601	17	20	23	27	33	47	49	162	#
532	401.561	2	4	13	22	23	41	49	162	#
533	353.629	7	8	32	33	50	52	60	162	#
534	1363.22	5	11	13	19	20	22	23	24	34	35	36	37	38	48	50	51	52	53	54	56	59	62	163	#
535	1462.23	0	2	4	5	8	10	11	19	20	21	24	25	28	30	35	36	42	43	44	49	50	53	163	#
536	1444.08	0	4	5	6	8	11	22	23	27	28	29	30	31	36	42	45	48	49	50	52	53	55	163	#
537	1412.26	1	4	5	11	12	19	20	21	22	23	25	26	27	35	36	37	39	42	45	53	61	62	163	#
538	1356.65	3	8	11	13	14	20	21	25	28	36	38	42	45	47	50	53	55	57	60	61	62	63	163	#
539	1302.92	1	6	10	11	14	19	21	28	29	31	34	43	44	50	52	53	55	56	57	59	60	63	163	#
540	282.752	8	19	37	45	60	164	#
541	410.466	8	29	38	59	60	164	#
542	315.158	1	19	27	30	63	164	#
543	215.256	10	37	40	43	58	164	#
544	202.672	7	8	35	47	60	164	#
545	154.149	17	39	45	46	51	164	#
546	1345.96	2	3	4	5	7	11	12	20	25	29	32	33	34	35	36	40	41	47	51	55	57	58	62	165	#
547	1596.62	2	5	6	8	9	10	11	16	20	26	27	30	33	37	39	42	47	48	50	53	55	56	61	165	#
548	1516.39	4	6	7	8	9	10	11	13	14	17	22	25	29	33	34	35	38	40	49	50	55	57	60	165	#
549	1445.43	2	7	12	18	22	24	26	31	33	34	35	36	37	42	46	47	50	53	55	57	60	62	63	165	#
550	1430.66	2	3	8	9	15	16	17	21	29	31	35	36	38	41	47	48	50	52	57	59	60	61	63	165	#
551	1411.27	4	6	8	10	14	16	17	19	20	21	22	24	26	27	29	34	40	41	44	49	52	57	63	165	#
552	1619.96	1	6	7	9	12	16	17	20	21	25	26	29	32	35	38	40	41	42	52	53	56	57	59	166	#
553	1992.78	2	12	14	17	19	20	22	26	27	33	35	36	38	39	40	43	48	55	56	57	61	62	63	166	#
554	1900.42	0	1	2	3	11	20	21	22	26	27	29	31	37	39	40	44	45	47	48	53	56	59	62	166	#
555	1884.5	0	2	10	17	18	20	22	24	27	30	33	36	38	39	40	42	48	52	55	56	59	60	62	166	#
556	1847.7	2	6	9	12	21	23	24	25	27	33	36	38	41	42	43	44	48	53	55	56	57	59	61	166	#
557	1786.92	6	7	11	12	14	20	25	27	28	29	30	38	40	41	42	43	48	50	53	56	57	58	59	166	#
558	1672.45	1	2	3	5	6	7	8	12	13	15	19	20	23	27	28	30	34	37	39	40	42	47	48	49	50	52	54	58	60	167	#
559	2367.23	0	1	2	3	6	11	12	13	14	20	26	29	30	33	34	38	39	41	43	44	50	53	54	56	57	58	59	60	61	167	#
560	2307.71	0	4	9	12	13	14	21	27	29	30	31	33	34	38	39	40	41	42	43	45	48	49	54	55	56	57	58	59	62	167	#
561	2189.96	0	4	5	6	7	11	16	17	21	23	25	26	28	29	34	37	38	41	42	43	45	49	54	56	59	60	61	62	63	167	#
562	2100.06	1	5	6	7	8	9	10	11	14	15	18	20	21	22	31	32	33	34	38	39	40	45	49	51	53	57	59	61	62	167	#
563	2020.49	0	1	4	6	10	11	17	20	25	27	30	32	34	36	37	39	41	43	47	48	50	51	52	53	54	57	59	62	63	167	#
564	699.804	3	6	12	16	23	26	27	29	34	45	51	53	62	168	#
565	1047.69	1	12	19	26	29	30	34	42	50	51	54	56	59	168	#
566	934.187	2	9	12	13	14	17	31	34	36	42	45	50	56	168	#
567	875.722	2	6	9	12	16	17	25	28	31	34	42	50	55	168	#
568	871.71	1	5	12	18	25	27	32	37	40	41	52	59	62	168	#
569	810.858	0	1	3	6	15	31	33	46	48	49	50	60	63	168	#
570	1171.12	3	8	11	16	18	19	29	33	34	37	39	44	45	49	50	51	53	54	56	62	169	#
571	1635.77	1	6	7	8	11	25	30	33	34	36	37	38	39	44	50	51	54	59	61	62	169	#
572	1533.98	0	1	8	9	21	24	25	27	30	33	38	39	40	42	48	49	53	61	62	63	169	#
573	1528.81	3	4	5	7	9	14	27	30	31	35	37	40	47	49	50	54	57	59	60	61	169	#
574	1506.02	1	6	13	15	22	24	27	30	34	36	37	38	39	41	42	45	48	53	59	62	169	#
575	1463.97	6	7	10	12	13	14	23	30	31	34	36	39	40	41	50	54	56	58	59	61	169	#
576	351.655	27	39	47	58	170	#
577	389.541	5	15	39	59	170	#
578	362.254	1	4	25	27	170	#
579	358.356	9	25	47	51	170	#
580	194.853	25	38	58	63	170	#
581	743.632	1	12	16	17	20	24	26	30	34	37	38	53	58	61	62	171	#
582	1057.04	3	16	19	23	30	31	32	37	38	39	41	46	54	58	59	171	#
583	1053.81	1	3	6	17	19	26	32	34	36	37	39	43	55	56	59	171	#
584	1035.48	1	3	19	26	33	34	38	42	45	48	52	54	56	58	61	171	#
585	1004.03	0	1	3	4	19	22	23	24	30	36	44	49	53	54	59	171	#
586	996.997	3	6	8	9	12	14	16	31	32	34	36	42	55	56	62	171	#
587	690.444	0	1	15	18	20	22	31	33	41	46	47	55	172	#
588	862.599	1	4	31	34	41	43	44	49	50	56	58	62	172	#
589	813.383	0	2	3	11	18	22	23	31	39	41	47	56	172	#
590	765.055	6	8	9	14	18	20	23	29	38	39	41	52	172	#
591	747.962	4	6	16	20	27	30	34	36	38	47	48	54	172	#
592	742.094	6	14	15	16	20	30	32	38	41	45	50	51	172	#
593	1402.11	3	4	5	10	11	15	18	22	25	26	32	33	34	36	37	50	55	57	173	#
594	1500.46	14	15	19	22	24	26	29	31	32	36	38	41	42	50	52	55	57	59	173	#
595	1470.3	1	9	11	12	14	19	22	25	27	31	37	38	42	48	50	56	57	59	173	#
596	1450.53	0	2	5	8	11	14	15	18	23	33	34	39	41	42	46	50	57	61	173	#
597	1359.19	6	7	10	11	15	19	22	26	30	34	36	41	43	46	52	56	59	63	173	#
598	1348.78	0	4	6	7	11	16	22	26	29	35	37	38	40	42	47	49	52	56	173	#
599	381.671	0	7	8	24	35	42	59	174	#
600	553.526	1	3	37	40	41	42	63	174	#
601	477.082	2	14	16	18	24	34	42	174	#
602	470.784	0	23	24	30	45	46	59	174	#
603	377.609	0	3	18	22	29	32	51	174	#
604	288.543	2	8	9	15	23	35	50	174	#
605	220.064	28	31	35	58	175	#
606	306.152	24	33	35	56	175	#
607	303.226	9	31	55	56	175	#
608	225.661	11	27	38	58	175	#
609	127.157	7	28	32	35	175	#
610	437.588	12	19	24	33	39	46	51	58	60	63	176	#
611	608.76	8	10	19	22	26	27	39	51	56	58	176	#
612	580.468	1	18	37	40	42	46	54	58	60	63	176	#
613	537.085	0	12	15	18	26	45	46	53	55	57	176	#
614	387.608	13	18	20	27	32	43	49	50	51	52	176	#
615	846.24	4	6	10	13	26	30	32	37	38	39	41	43	45	58	177	#
616	952.49	0	5	6	11	26	28	40	47	52	55	56	57	60	62	177	#
617	940.264	3	10	11	14	21	26	27	29	32	46	47	51	52	59	177	#
618	903.637	11	20	23	26	29	31	35	38	39	41	42	43	47	51	177	#
619	852.535	9	16	18	29	30	33	36	38	39	47	50	58	59	62	177	#
620	826.703	8	10	12	15	26	28	31	32	42	47	49	50	52	59	177	#
621	601.939	7	16	23	26	27	32	34	37	39	55	58	61	178	#
622	887.204	18	19	21	23	25	27	29	40	44	58	61	62	178	#
623	877.922	2	3	11	14	15	21	25	27	35	44	47	55	178	#
624	839.503	9	14	16	21	25	31	34	36	44	46	50	63	178	#
625	838.805	0	4	6	7	9	19	40	43	52	53	56	61	178	#
626	793.138	9	11	12	15	19	29	30	39	45	51	53	61	178	#
627	985.371	4	6	14	20	22	23	33	35	37	42	43	44	45	56	61	179	#
628	1048.75	1	4	13	18	29	31	34	37	42	44	47	48	51	54	61	179	#
629	982.398	1	5	6	10	11	28	31	34	37	38	45	54	58	60	61	179	#
630	968.475	1	10	17	19	20	28	29	31	34	35	37	47	56	61	62	179	#
631	967.814	4	8	17	19	25	31	37	38	41	42	43	44	45	55	56	179	#
632	964.93	14	16	20	21	23	25	31	33	35	36	40	42	47	57	59	179	#
633	214.575	15	28	40	55	57	180	#
634	220.606	16	22	46	55	63	180	#
635	201.267	28	40	42	44	49	180	#
636	201.074	9	27	40	49	57	180	#
637	160.107	6	10	20	28	34	180	#
638	151.489	18	26	181	#
639	182.043	26	55	181	#
640	217.869	6	10	13	21	52	63	182	#
641	313.218	13	17	29	32	57	60	182	#
642	307.408	10	19	22	26	34	43	182	#
643	268.667	8	26	29	36	51	63	182	#
644	253.346	8	10	28	40	52	53	182	#
645	443.326	8	17	35	38	42	43	51	183	#
646	598.998	11	25	32	38	41	57	62	183	#
647	597.487	4	6	15	25	34	41	43	183	#
648	503.809	2	3	22	37	47	51	60	183	#
649	460.217	8	14	17	25	30	50	53	183	#
650	327.079	3	8	12	19	46	51	60	183	#
651	81.9604	7	10	40	184	#
652	109.391	7	9	33	184	#
653	722.828	5	7	16	38	48	52	53	55	56	58	62	185	#
654	835.77	1	9	14	15	22	31	36	39	49	53	62	185	#
655	762.595	6	7	11	24	27	32	38	39	40	41	59	185	#
656	718.426	4	17	18	23	31	40	48	49	52	55	56	185	#
657	699.868	13	16	24	26	31	35	37	43	50	55	59	185	#
658	695.874	0	2	4	16	21	32	43	47	48	55	60	185	#
659	1336.94	2	3	4	7	10	13	14	15	16	17	21	23	25	27	32	33	34	35	36	40	41	42	43	45	46	51	53	55	57	62	63	186	#
660	2004.01	0	1	2	3	4	7	9	11	16	18	20	22	24	25	26	27	30	33	35	36	37	38	40	41	43	44	45	53	54	57	59	186	#
661	1953.39	0	1	2	4	11	12	14	15	17	21	22	25	29	30	32	36	37	39	40	41	42	47	48	49	51	53	54	56	57	60	61	186	#
662	1949.18	0	1	5	6	8	10	11	12	15	18	21	25	28	29	30	33	36	42	43	45	47	48	50	51	52	53	56	57	58	60	61	186	#
663	1947.23	0	2	4	5	7	12	14	15	16	17	18	25	26	27	28	29	30	31	32	34	35	38	40	43	48	51	52	54	57	58	61	186	#
664	1940.09	0	4	5	6	7	8	9	11	13	19	20	23	26	27	28	31	34	35	38	39	44	47	49	50	54	57	58	60	61	62	63	186	#
665	902.7	1	6	7	9	11	25	28	35	50	58	62	187	#
666	1011.62	1	5	6	18	21	25	26	39	40	50	62	187	#
667	911.546	4	5	6	16	22	24	25	38	39	43	50	187	#
668	827.492	3	8	9	12	19	30	43	49	50	60	62	187	#
669	790.648	6	7	14	19	20	26	31	32	33	47	61	187	#
670	776.984	1	6	11	13	18	19	21	29	50	53	62	187	#
671	2044.14	1	2	5	6	7	8	9	12	13	14	17	18	19	20	21	23	24	26	28	30	33	34	36	40	41	43	45	46	47	52	54	55	58	62	188	#
672	2295.49	0	1	2	4	5	6	8	11	12	13	14	16	17	19	23	25	27	28	29	31	33	34	37	38	40	45	47	50	52	56	58	60	61	62	188	#
673	2290.01	0	3	5	6	8	9	10	11	13	14	16	17	20	22	23	25	27	28	29	30	31	32	35	36	37	41	43	45	46	49	55	56	57	61	188	#
674	2240.11	1	2	5	6	8	9	11	12	13	14	17	18	20	23	25	27	28	29	33	34	38	39	42	44	46	50	51	53	55	56	57	58	61	62	188	#
675	2234.76	0	1	4	6	11	12	13	16	17	18	19	20	25	26	27	28	29	32	35	36	39	40	41	42	43	44	45	46	51	52	54	56	57	61	188	#
676	2232.28	1	2	3	4	5	8	9	11	13	17	19	20	21	22	23	24	29	33	34	36	37	39	41	42	43	45	47	52	55	58	59	60	61	62	188	#
677	2857.78	0	2	4	5	8	9	10	11	12	14	15	17	18	20	21	22	23	25	31	33	34	35	37	39	40	41	42	43	44	46	49	50	51	52	53	54	55	56	60	61	62	63	189	#
678	3062.81	0	1	2	3	4	5	6	9	12	13	15	16	17	18	19	20	24	25	28	29	30	31	32	34	35	37	39	40	42	44	45	46	47	50	51	52	54	55	59	60	61	62	189	#
679	3007.91	2	4	5	11	12	13	14	16	17	18	19	21	23	24	25	26	27	29	30	31	35	36	38	39	40	41	42	43	44	45	46	49	50	53	54	55	56	57	58	60	61	62	189	#
680	2978.73	1	2	4	5	6	7	11	14	15	16	17	18	21	22	24	25	26	27	28	29	30	31	32	33	34	35	36	38	39	40	43	47	48	49	50	52	54	55	56	57	59	62	189	#
681	2971.51	0	4	5	6	8	9	11	12	13	14	15	18	19	22	25	27	28	29	31	34	35	36	39	40	42	43	44	46	47	48	50	51	52	54	55	56	57	58	60	61	62	63	189	#
682	2965.78	0	1	4	5	6	8	9	13	15	17	18	20	21	22	24	25	26	27	28	30	31	33	34	35	38	40	42	44	45	46	47	48	49	50	51	52	54	55	56	57	58	61	189	#
683	350.758	2	4	20	23	62	63	190	#
684	491.432	4	27	31	34	41	63	190	#
685	435.153	2	27	31	35	40	55	190	#
686	383.923	1	13	14	22	23	41	190	#
687	358.981	4	7	9	17	25	47	190	#
688	324.325	19	20	33	40	42	52	190	#
689	882.15	6	24	27	28	30	35	40	42	45	51	52	57	58	60	191	#
690	1233.41	3	4	5	18	40	41	42	49	50	52	57	60	62	63	191	#
691	1052.88	4	13	16	21	27	28	29	32	34	40	42	50	51	61	191	#
692	1004.39	5	7	25	27	30	31	45	49	54	58	59	61	62	63	191	#
693	995.404	4	5	6	16	18	23	30	35	40	42	43	54	59	62	191	#
694	940.683	3	4	13	24	25	29	30	33	35	44	45	47	51	61	191	#
695	1062.14	1	3	6	8	11	14	19	25	28	31	34	37	38	41	46	50	55	58	192	#
696	1250.04	2	6	8	15	18	20	25	27	30	31	32	34	35	40	50	51	56	57	192	#
697	1235.25	6	10	12	23	25	26	30	31	33	36	37	38	40	41	45	50	57	58	192	#
698	1222.97	1	5	9	11	19	22	23	27	28	31	32	41	42	48	53	59	60	61	192	#
699	1217.25	6	8	13	17	20	23	25	27	31	32	33	34	42	45	46	50	53	59	192	#
700	1209.34	0	1	2	4	8	11	17	23	26	27	32	33	36	39	45	50	52	56	192	#
701	3169.34	0	1	2	3	4	5	6	7	8	9	10	11	12	13	14	15	16	17	19	20	21	22	23	24	25	26	27	29	30	31	32	33	34	35	37	39	41	42	43	47	48	49	50	51	53	54	55	56	57	58	60	61	62	63	193	#
702	3364.72	0	1	2	3	5	6	7	8	9	11	13	14	15	17	18	19	20	21	22	23	24	25	26	29	30	31	33	34	35	36	38	39	41	42	43	44	45	46	47	48	49	50	51	53	54	55	56	57	58	59	60	61	62	63	193	#
703	3288.53	1	3	4	5	6	7	8	9	11	12	13	14	15	16	17	18	19	20	22	23	26	27	29	30	31	34	35	36	37	38	39	40	41	42	43	44	45	46	47	48	49	50	51	53	54	55	56	57	58	59	60	61	62	63	193	#
704	3275.81	0	1	2	3	4	5	6	8	9	10	12	13	14	15	16	17	18	19	20	21	22	23	24	25	26	27	28	29	30	31	32	33	34	37	38	41	42	43	45	48	49	50	51	53	54	55	56	57	58	59	60	61	62	63	193	#
705	3274.88	0	1	3	4	5	6	7	8	9	10	12	13	14	15	16	17	18	20	21	22	23	25	26	29	30	31	32	33	34	37	38	39	40	41	42	44	45	46	47	49	50	51	52	53	54	55	56	57	58	59	60	61	62	63	193	#
706	3270.89	0	1	2	3	4	5	6	7	8	9	10	11	12	13	15	17	18	19	20	21	22	23	25	26	27	29	30	31	32	33	34	37	38	39	41	42	43	45	46	47	48	49	50	51	53	54	55	56	58	59	60	61	62	63	193	#
707	188.595	20	22	194	#
708	123.157	22	24	194	#
709	455.839	5	19	22	37	42	52	54	59	195	#
710	548.744	0	6	22	24	41	49	51	54	195	#
711	533.772	6	13	29	45	47	59	61	62	195	#
712	518.142	22	30	35	38	41	52	53	57	195	#
713	445.091	5	8	20	26	30	34	45	59	195	#
714	405.647	5	7	15	35	42	43	47	52	195	#
715	237.302	32	40	41	196	#
716	280.464	2	40	56	196	#
717	201.706	1	32	45	196	#
718	108.901	13	41	43	196	#
719	961.118	3	8	14	20	22	25	27	30	32	37	40	41	44	49	52	55	57	62	197	#
720	1344.87	4	8	11	20	21	26	28	31	36	38	40	41	44	51	55	57	61	62	197	#
721	1300.68	1	6	8	10	18	28	31	34	38	41	44	49	53	55	56	57	59	61	197	#
722	1221.59	4	6	7	10	11	13	20	25	28	31	35	38	40	41	46	49	50	52	197	#
723	1188.55	0	8	9	11	13	15	20	22	27	31	37	38	42	44	45	55	59	63	197	#
724	1185.76	4	5	7	8	10	12	16	20	23	24	32	37	38	41	43	47	54	59	197	#
725	154.696	3	28	198	#
726	177.473	3	35	198	#
727	588.983	4	14	18	19	21	29	33	44	59	199	#
728	708.066	0	6	16	27	29	36	44	46	56	199	#
729	590.596	14	18	19	31	38	48	51	55	57	199	#
730	577.011	6	9	19	21	22	26	29	34	41	199	#
731	562.084	16	19	20	27	29	38	40	49	55	199	#
732	707.072	5	6	13	22	30	36	38	46	47	63	200	#
733	710.696	22	28	29	33	42	47	48	50	51	61	200	#
734	665.365	9	23	25	26	36	42	48	52	60	61	200	#
735	641.219	0	9	13	18	20	24	25	26	44	62	200	#
736	621.401	5	6	19	23	46	48	53	54	59	62	200	#
737	601.548	5	15	25	29	33	34	37	41	46	62	200	#
738	452.511	3	26	43	55	60	62	201	#
739	398.902	26	29	49	54	59	62	201	#
740	388.503	4	5	10	25	37	62	201	#
741	378.847	1	3	4	14	30	31	201	#
742	351.755	0	3	32	37	43	45	201	#
743	246.846	25	30	51	55	60	61	201	#
744	555.644	6	15	16	17	31	33	48	50	51	56	61	63	202	#
745	715.615	1	5	8	13	17	30	37	40	41	44	50	59	202	#
746	691.305	1	3	22	25	28	30	31	33	47	49	58	62	202	#
747	645.41	2	10	19	22	25	28	40	45	46	54	56	61	202	#
748	630.165	3	6	7	21	24	30	44	45	48	55	57	60	202	#
749	622.943	6	26	28	29	46	49	51	52	54	57	58	63	202	#
750	309.979	6	22	31	45	62	63	203	#
751	387.295	1	6	7	12	14	24	203	#
752	354.277	3	4	8	16	37	45	203	#
753	306.429	12	21	24	31	36	45	203	#
754	232.1	3	43	45	48	55	63	203	#
755	181.471	7	11	22	23	45	55	203	#
756	721.685	11	17	36	38	39	44	48	49	54	55	204	#
757	764.105	4	9	11	17	26	50	54	56	58	59	204	#
758	735.989	5	13	14	17	37	38	42	45	47	56	204	#
759	729.565	2	11	12	13	15	20	31	36	38	58	204	#
760	692.068	2	4	18	20	22	26	42	43	48	56	204	#
761	685.282	2	11	12	14	34	36	39	45	46	59	204	#
762	882.222	2	8	9	11	12	16	19	22	23	35	37	38	54	56	205	#
763	1070.31	26	28	32	35	36	38	39	41	43	44	47	56	59	62	205	#
764	1019.36	1	7	9	14	30	34	36	37	39	45	50	52	53	56	205	#
765	984.416	4	5	10	16	24	25	26	30	35	48	49	54	59	61	205	#
766	956.056	16	30	35	36	38	39	40	44	46	52	54	56	57	63	205	#
767	910.907	0	4	10	14	21	22	24	30	35	37	39	45	46	63	205	#
768	1259.42	4	10	18	21	22	26	28	29	34	37	40	42	44	47	48	53	54	57	60	206	#
769	1475.62	1	9	11	14	15	18	21	26	27	28	32	34	38	39	41	48	60	62	63	206	#
770	1471.35	1	6	9	19	22	25	28	29	31	32	35	36	38	40	41	44	54	60	62	206	#
771	1399.4	1	12	18	19	20	22	26	27	32	34	35	37	40	42	44	47	54	59	60	206	#
772	1365.88	0	1	18	19	21	26	27	28	33	35	37	42	49	54	57	58	59	61	62	206	#
773	1339.62	1	10	13	15	19	22	24	26	29	33	36	43	44	50	53	55	57	59	62	206	#
774	511.135	17	36	38	39	42	47	49	52	53	54	56	207	#
775	741.708	11	15	18	22	25	40	43	47	49	57	60	207	#
776	718.206	4	6	17	20	28	29	37	41	46	47	62	207	#
777	694.757	4	6	9	15	32	35	43	44	56	61	62	207	#
778	685.486	0	3	8	11	13	20	23	37	42	43	63	207	#
779	657.798	1	2	8	20	27	28	31	38	39	41	63	207	#
780	406.326	1	13	32	39	49	55	61	208	#
781	451.78	1	4	8	11	20	50	62	208	#
782	421.259	0	10	34	41	49	53	56	208	#
783	417.186	10	16	32	39	50	55	56	208	#
784	405.531	2	13	16	24	31	44	48	208	#
785	368.102	6	10	24	25	32	37	44	208	#
786	419.69	15	18	25	26	49	53	209	#
787	473.001	14	17	25	31	35	42	209	#
788	434.953	5	20	26	47	49	56	209	#
789	416.819	10	15	21	25	49	51	209	#
790	359.768	17	18	21	29	58	63	209	#
791	355.762	20	22	26	36	58	59	209	#
792	2416.02	2	4	5	6	7	8	9	10	11	14	15	18	22	23	26	27	28	29	30	31	32	33	37	38	39	40	43	46	48	53	54	55	56	57	59	60	62	210	#
793	2633.76	0	1	3	4	5	6	8	15	18	22	23	24	25	27	29	30	31	32	33	38	39	40	42	43	44	45	46	47	50	54	55	56	59	60	61	62	63	210	#
794	2389.93	0	1	3	6	7	9	11	14	18	20	21	22	23	24	27	28	29	30	31	32	36	38	39	40	41	43	46	47	48	50	51	56	57	58	59	60	61	210	#
795	2362.62	0	1	2	4	5	7	8	9	10	11	15	16	20	24	25	26	27	29	31	32	33	36	37	38	41	42	44	49	52	53	54	55	57	58	59	60	62	210	#
796	2362.12	0	1	2	3	5	8	9	10	14	15	16	17	18	21	22	23	24	25	27	28	29	31	32	33	36	38	39	41	42	46	50	52	53	55	59	60	63	210	#
797	2276.26	1	2	3	5	8	9	10	11	12	13	15	20	23	26	27	28	29	31	36	37	38	39	42	43	45	46	49	53	55	56	57	58	59	60	61	62	63	210	#
798	1484.88	0	2	3	7	8	11	12	15	19	28	31	32	34	36	42	44	50	51	52	55	57	60	61	63	211	#
799	1737.94	0	1	4	6	8	10	13	14	15	16	22	25	27	29	32	33	41	46	54	55	57	59	61	63	211	#
800	1728.07	0	1	4	6	7	9	10	15	19	20	22	25	26	29	33	34	41	55	56	57	58	59	61	62	211	#
801	1653.73	1	6	8	11	15	20	25	27	29	31	32	35	36	37	44	47	48	49	56	58	59	60	61	63	211	#
802	1650.86	1	4	7	8	9	10	11	12	15	16	22	29	31	33	34	36	39	42	45	52	53	54	56	61	211	#
803	1615.36	1	2	7	8	10	13	16	17	18	20	27	29	31	34	38	40	44	46	49	50	51	52	59	61	211	#
804	1046.55	4	8	17	26	30	31	32	35	36	45	48	51	61	62	212	#
805	1100.83	0	3	5	11	18	29	35	39	43	44	49	51	57	62	212	#
806	1097.31	4	6	9	11	14	17	18	19	26	32	35	40	45	55	212	#
807	1004.27	0	5	10	18	31	35	36	41	42	44	46	47	57	61	212	#
808	939.922	1	3	9	18	24	35	36	39	48	52	55	56	60	62	212	#
809	938.86	0	4	14	16	19	20	23	36	37	44	46	56	57	61	212	#
810	747.848	1	7	10	12	14	39	45	47	51	55	60	213	#
811	963.379	0	4	5	11	18	32	33	49	55	59	61	213	#
812	854.879	0	4	5	13	19	28	33	47	53	55	60	213	#
813	842.658	4	8	11	14	15	33	36	41	42	48	51	213	#
814	721.404	4	6	14	20	21	29	34	45	46	60	62	213	#
815	714.689	0	1	8	20	24	25	35	42	48	51	52	213	#
816	1053.21	1	6	8	11	14	15	20	21	38	41	47	51	60	61	214	#
817	1125.66	1	9	11	14	21	27	28	29	39	51	55	56	57	61	214	#
818	1070.37	0	4	6	9	11	15	30	39	40	44	45	46	56	63	214	#
819	1034.5	1	6	9	20	22	27	31	32	34	40	53	57	58	63	214	#
820	973.334	0	6	9	11	17	20	25	33	36	43	44	56	61	63	214	#
821	960.552	6	7	9	14	15	17	24	29	32	34	44	52	59	61	214	#
822	166.251	17	26	50	215	#
823	206.605	11	25	26	215	#
824	204.229	35	50	51	215	#
825	135.088	9	17	60	215	#
826	91.5245	41	#
827	309.376	1	8	33	39	60	216	#
828	417.29	1	6	47	59	61	216	#
829	345.705	8	27	35	38	61	216	#
830	275.244	2	21	45	55	60	216	#
831	256.886	13	33	35	52	61	216	#
832	196.697	13	18	39	45	53	216	#
833	257.42	37	46	52	58	217	#
834	312.907	38	46	54	62	217	#
835	198.366	14	37	45	52	217	#
836	139.763	7	22	34	58	217	#
837	138.171	12	52	53	57	217	#
838	141.601	12	21	28	34	58	218	#
839	210.699	19	28	32	49	58	218	#
840	198.146	12	19	28	31	48	218	#
841	712.776	4	14	34	38	45	61	62	219	#
842	544.633	12	17	38	40	44	45	62	219	#
843	489.417	4	9	10	16	33	34	59	219	#
844	483.551	2	14	27	30	34	36	41	219	#
845	464.835	7	14	24	34	38	45	48	219	#
846	407.112	16	20	27	33	38	57	63	219	#
847	452.501	5	6	9	43	50	58	220	#
848	475.647	14	22	28	29	50	51	220	#
849	462.46	0	9	30	36	46	50	220	#
850	437.826	3	32	42	43	56	57	220	#
851	402.279	5	7	12	27	47	48	220	#
852	336.783	6	11	21	51	57	63	220	#
853	266.444	9	53	57	221	#
854	212.178	0	15	53	221	#
855	193.46	2	9	51	221	#
856	191.205	25	53	57	221	#
857	518.939	0	3	11	38	39	49	222	#
858	555.95	11	25	30	42	45	49	222	#
859	493.493	0	9	27	39	49	56	222	#
860	461.081	11	13	36	39	49	56	222	#
861	370.179	3	13	32	35	39	50	222	#
862	361.786	11	20	22	27	39	59	222	#
863	640.701	0	2	9	14	33	36	39	50	223	#
864	622.706	7	10	22	24	33	36	40	61	223	#
865	618.015	1	16	24	32	39	49	54	58	223	#
866	569.42	2	13	21	30	38	41	45	53	223	#
867	531.678	1	20	22	23	24	26	50	56	223	#
868	498.663	0	7	11	17	32	35	45	50	223	#
869	215.259	26	27	224	#
870	130.099	26	58	224	#
871	111.447	27	49	224	#
872	549.273	11	20	21	24	26	55	59	61	225	#
873	696.443	7	9	24	34	40	41	48	62	225	#
874	578.899	6	21	24	36	41	46	58	59	225	#
875	556.805	13	14	19	20	27	38	49	50	225	#
876	499.293	4	6	12	21	28	38	49	61	225	#
877	492.009	7	10	11	34	50	54	62	63	225	#
878	1636.67	2	4	6	10	12	13	14	15	18	20	22	24	27	28	29	33	38	39	43	44	46	48	50	54	55	58	226	#
879	1881.56	0	1	2	3	5	7	11	12	18	19	22	23	27	29	33	37	38	40	42	48	50	55	56	59	61	63	226	#
880	1862.68	1	3	12	14	16	19	20	22	23	26	29	30	31	36	39	40	42	43	45	46	48	53	55	58	59	61	226	#
881	1861.33	0	3	5	9	12	14	22	24	26	28	31	32	35	36	37	38	39	40	41	42	43	46	51	55	56	63	226	#
882	1824.28	2	3	4	7	9	10	12	17	18	25	29	30	31	38	41	43	49	53	54	55	56	57	58	59	61	63	226	#
883	1804.75	1	2	3	6	7	10	12	14	15	16	21	22	23	24	25	37	39	40	41	43	48	49	56	58	59	62	226	#
884	377.855	4	9	22	28	37	227	#
885	481.745	9	24	26	33	34	227	#
886	423.873	4	26	37	55	61	227	#
887	387.092	4	10	22	52	55	227	#
888	329.24	26	28	31	37	59	227	#
889	257.347	4	8	9	20	56	227	#
890	94.9536	59	#
891	743.739	6	13	21	25	35	40	41	44	45	60	61	228	#
892	728.403	0	10	16	17	31	38	39	42	44	52	53	228	#
893	725.127	1	12	25	27	30	34	40	46	52	53	62	228	#
894	702.072	3	6	9	15	18	34	41	47	49	54	62	228	#
895	698.908	1	6	19	23	30	32	33	43	50	58	61	228	#
896	667.296	2	3	12	23	28	31	33	38	46	56	60	228	#
897	1497.28	0	1	4	6	7	8	12	13	16	22	30	38	41	43	44	47	50	51	63	229	#
898	1645.51	2	6	9	13	15	17	20	22	23	27	33	34	40	41	49	50	54	56	59	229	#
899	1606.82	0	1	2	3	5	9	17	20	22	31	32	40	43	46	47	50	51	54	55	229	#
900	1565.49	9	13	14	17	20	22	23	26	27	28	30	38	40	41	46	50	52	53	55	229	#
901	1553.44	2	6	9	13	14	16	17	19	22	23	27	28	30	38	41	42	43	49	56	229	#
902	1427.97	1	5	6	9	18	20	21	22	26	31	32	34	41	44	46	48	50	51	63	229	#
903	181.865	21	59	230	#
904	163.207	47	59	230	#
905	127.526	21	23	230	#
906	907.422	0	1	5	17	19	21	28	31	32	36	38	45	46	47	51	52	56	61	63	231	#
907	1256.94	0	4	6	9	12	14	15	18	21	29	31	37	40	48	50	54	57	61	62	231	#
908	1140.89	0	1	2	3	6	7	9	12	20	23	26	27	30	31	34	37	38	60	62	231	#
909	1135.89	1	2	4	9	10	27	29	30	44	47	48	50	51	52	54	56	57	59	61	231	#
910	1061.52	0	1	2	7	11	12	14	16	30	31	32	36	37	46	49	53	56	59	61	231	#
911	1048.86	0	2	4	8	14	18	19	21	24	30	32	35	39	42	44	46	61	62	63	231	#
912	168.804	0	20	232	#
913	143.802	0	45	232	#
914	627.14	2	4	8	14	17	18	20	24	32	39	46	53	58	233	#
915	927.46	9	15	24	30	34	36	39	41	42	44	49	56	58	233	#
916	914.142	6	8	11	15	18	22	25	31	33	34	50	56	63	233	#
917	897.89	8	9	11	17	19	23	27	29	30	40	42	44	56	233	#
918	862.207	13	18	20	24	27	29	34	38	45	48	49	55	59	233	#
919	818.458	1	3	7	13	14	15	20	24	29	39	41	48	54	233	#
920	744.307	1	3	5	14	22	24	33	38	43	46	47	54	55	234	#
921	842.908	1	21	23	25	27	38	44	45	49	51	57	61	62	234	#
922	754.796	12	14	18	31	32	35	38	40	45	46	48	62	63	234	#
923	750.007	0	3	4	8	10	13	21	30	35	40	44	57	62	234	#
924	744.172	18	19	21	24	27	29	40	42	43	45	57	59	63	234	#
925	729.196	1	12	15	16	20	25	26	27	32	40	53	55	61	234	#
926	175.665	11	49	235	#
927	163.128	17	49	235	#
928	146.848	11	16	235	#
929	725.257	2	3	6	11	12	17	18	22	29	38	48	49	54	63	236	#
930	1086.35	0	5	6	18	25	35	41	43	47	49	50	51	60	62	236	#
931	1053.91	9	10	17	22	27	29	31	32	34	37	41	42	58	60	236	#
932	947.606	0	3	8	11	18	20	21	24	29	37	48	49	50	57	236	#
933	933.366	8	11	18	20	21	23	27	30	37	38	41	51	53	60	236	#
934	899.119	3	9	15	17	19	23	25	27	38	41	45	48	55	59	236	#
935	928.868	2	5	7	9	14	16	18	19	31	32	33	38	57	237	#
936	1065.49	2	4	5	6	8	14	29	31	43	51	55	57	60	237	#
937	930.719	0	6	7	16	19	22	26	38	49	50	51	55	61	237	#
938	923.323	9	14	19	20	25	27	32	38	39	44	45	56	62	237	#
939	907.329	10	14	19	22	27	29	30	38	43	52	53	55	62	237	#
940	892.168	7	8	9	16	22	27	32	36	38	40	47	50	57	237	#
941	1606.48	1	4	5	10	11	12	13	14	16	18	21	22	24	26	28	29	32	35	36	37	42	43	44	45	46	47	48	53	55	57	58	238	#
942	2121.51	1	2	3	4	6	8	9	10	11	12	15	17	18	19	21	23	26	28	29	30	38	39	40	43	46	50	55	56	60	61	62	238	#
943	2000.32	0	1	5	6	8	9	10	11	14	17	18	20	23	24	25	27	29	33	36	37	39	40	42	43	47	48	50	57	59	60	62	238	#
944	1986.42	0	2	3	4	5	7	9	11	12	14	18	20	21	22	23	30	31	33	36	38	39	40	43	47	49	52	55	58	59	60	62	238	#
945	1932.21	1	4	6	8	11	12	13	18	20	21	22	23	26	27	29	31	34	35	36	37	39	45	47	50	52	55	56	57	59	60	63	238	#
946	1916.44	0	2	4	5	8	9	11	12	14	17	18	23	26	29	30	31	32	36	39	40	48	49	51	52	54	55	58	59	61	62	63	238	#
947	1243.61	2	5	8	17	19	31	32	37	38	40	41	46	50	51	53	54	58	59	60	239	#
948	1419.32	0	7	8	11	17	22	33	38	42	44	46	50	51	54	56	58	60	61	62	239	#
949	1395.1	6	8	11	13	17	27	37	40	41	42	43	44	45	48	50	52	54	57	63	239	#
950	1376.92	0	2	5	8	11	23	25	31	36	37	38	40	41	47	49	50	53	56	62	239	#
951	1363.99	6	8	11	15	16	17	21	24	26	29	36	38	45	46	47	53	55	57	60	239	#
952	1359.25	0	3	6	9	13	16	23	24	26	27	29	30	35	36	38	40	52	55	62	239	#
953	99.9361	19	48	240	#
954	81.3592	19	54	240	#
955	2034.76	3	4	5	9	12	13	17	18	19	20	24	26	28	29	33	34	36	37	38	39	40	41	42	43	47	48	50	51	52	57	59	60	61	241	#
956	2233.92	1	3	6	8	9	10	11	12	17	18	22	23	25	26	27	28	29	32	34	36	38	40	41	44	47	48	51	52	54	55	57	60	62	241	#
957	2168.06	0	2	3	4	8	9	10	11	12	13	14	16	18	20	21	23	25	26	27	29	31	34	36	38	39	40	41	43	47	51	52	54	57	241	#
958	2130.04	2	3	5	6	8	9	11	14	18	21	22	26	27	28	29	31	32	33	34	36	37	38	41	44	45	49	51	56	58	59	60	61	62	241	#
959	2054.93	0	2	3	6	8	11	12	13	14	16	17	19	20	22	23	25	27	29	30	31	33	34	36	38	41	43	47	50	54	56	58	59	62	241	#
960	2033.78	0	3	6	8	10	13	14	19	20	21	23	24	26	27	29	31	32	34	35	36	38	40	43	44	45	47	51	55	57	58	59	61	62	241	#
961	2560.73	0	1	2	3	4	8	9	10	12	14	16	21	23	25	26	29	32	34	35	36	37	39	40	43	44	45	48	49	50	51	52	53	54	55	58	59	60	61	63	242	#
962	2824.01	0	1	2	3	4	6	10	11	12	13	14	16	17	18	22	24	25	26	29	31	32	33	34	35	37	40	41	43	44	46	50	51	54	55	57	58	59	61	62	242	#
963	2810.88	1	2	3	5	6	7	9	10	12	13	14	17	21	23	24	25	26	29	30	31	32	33	35	36	41	42	43	44	47	48	51	54	55	56	57	59	60	61	62	242	#
964	2745.48	0	2	3	5	6	7	8	9	11	13	14	16	17	21	22	23	24	26	27	30	31	32	35	37	39	40	41	42	45	49	51	52	54	55	56	57	58	60	61	242	#
965	2730.64	0	1	3	4	5	6	7	9	13	14	15	16	17	18	21	23	24	25	26	27	29	30	31	33	34	37	40	41	45	48	49	51	52	53	54	55	56	59	61	242	#
966	2707.2	1	2	4	5	7	9	10	11	13	14	16	19	21	24	25	26	29	30	31	32	33	34	35	36	37	41	43	44	45	46	47	50	51	54	56	59	60	61	63	242	#
967	721.657	2	24	26	34	50	51	54	61	62	243	#
968	735.857	25	26	29	32	41	43	44	62	63	243	#
969	674.511	3	30	34	55	56	58	59	61	63	243	#
970	559.756	0	5	9	18	23	44	45	50	58	243	#
971	538.121	3	21	24	37	40	46	47	57	62	243	#
972	521.635	6	12	18	20	30	45	46	52	61	243	#
973	668.208	14	15	25	30	38	40	44	51	62	244	#
974	710.876	8	15	18	27	40	41	42	43	62	244	#
975	617.761	13	25	28	29	31	36	38	40	51	244	#
976	567.433	8	11	13	14	20	37	40	42	44	244	#
977	552.402	6	10	18	22	30	31	58	61	62	244	#
978	534.696	2	5	11	13	50	51	55	60	63	244	#
979	752.088	10	15	19	25	26	28	38	40	43	44	60	245	#
980	892.44	0	1	17	21	27	30	31	38	43	44	60	245	#
981	885.101	1	6	17	23	25	26	29	36	50	59	61	245	#
982	819.262	2	14	15	29	34	37	42	44	51	57	62	245	#
983	758.596	2	4	8	14	15	16	27	38	46	57	60	245	#
984	727.147	0	2	3	12	26	28	29	34	39	44	46	245	#
985	902.251	2	4	10	15	22	24	27	38	42	43	45	55	59	246	#
986	1085.69	6	7	15	25	26	34	35	36	42	50	55	56	63	246	#
987	1069.09	1	9	17	22	36	39	40	44	47	48	53	56	61	246	#
988	1055.53	2	3	4	6	26	28	37	45	50	55	56	61	63	246	#
989	1022.29	8	9	10	16	25	28	30	31	38	40	48	49	56	246	#
990	1022.02	6	10	11	18	19	21	25	30	36	40	44	55	61	246	#
991	769.696	23	25	27	36	42	43	44	54	55	58	59	62	247	#
992	1069.52	5	16	20	21	26	31	32	33	49	50	59	61	247	#
993	1034.34	1	4	5	20	37	42	50	54	57	58	60	62	247	#
994	1027.62	4	7	11	14	30	31	40	44	58	59	60	62	247	#
995	922.404	2	7	11	12	14	17	25	30	42	50	51	59	247	#
996	852.76	1	7	12	16	18	24	34	36	44	47	50	62	247	#
997	232.263	12	36	41	248	#
998	225.9	18	29	36	248	#
999	208.611	35	41	49	248	#
1000	190.691	12	31	62	248	#
