%% File generated by CATS v.2.1Wed Jun 22 10:37:27 2022

%% The CATS webpage is http://robotics.stanford.edu/CATS

%% PARAMETER SETTINGS:
% Goods: 64; Bids: 1000; Distribution: arbitrary; Runs: 1; Seed: 1656572414
% Arbitrary Distribution Parameters:
% Max Substitutable Bids = 5
% Removing HV Neighbor   = 0.1
% Adding DIAG Neighbor   = 0.2
% Additional Location    = 0.9
% Additivity             = 0.2
% Budget Factor          = 1.5
% Resale Factor          = 0.5
% Normal Private Value:
%   Mean                 = 0
%   Standard Deviation   = 30



goods 64
bids 1003
dummy 187

0	1107.03	2	8	9	13	21	23	27	30	34	35	45	52	58	60	64	#
1	1115.62	0	2	3	9	11	18	19	22	23	26	33	34	54	59	64	#
2	1102.14	2	3	14	18	21	22	32	33	36	37	38	46	49	56	64	#
3	1061.3	0	3	6	8	9	11	18	21	24	27	28	43	49	61	64	#
4	1042.75	2	8	9	12	13	19	20	27	28	40	45	52	53	59	64	#
5	1007.96	0	2	3	6	10	17	18	26	31	33	40	42	43	45	64	#
6	338.559	16	24	26	31	50	57	62	65	#
7	472.421	11	15	16	35	55	56	62	65	#
8	443.251	4	10	15	33	41	57	58	65	#
9	437.337	6	8	26	28	39	54	63	65	#
10	430.483	5	7	9	15	24	31	58	65	#
11	373.417	16	27	35	36	38	43	49	65	#
12	1078.23	4	5	8	15	20	22	25	29	30	33	43	46	49	50	53	56	57	58	59	66	#
13	1525.47	1	4	6	9	11	13	22	23	24	26	29	45	47	50	54	57	58	61	63	66	#
14	1446.07	5	6	8	9	11	12	13	15	18	26	29	32	35	48	53	54	57	58	63	66	#
15	1405.87	3	9	19	26	30	32	33	35	37	41	44	52	54	56	58	59	60	62	63	66	#
16	1394.59	0	4	9	13	14	15	18	27	37	41	44	45	52	57	58	60	61	62	63	66	#
17	1295.93	0	4	8	9	12	14	22	25	33	35	43	44	45	49	50	54	59	60	61	66	#
18	1193.95	1	2	4	7	16	19	21	23	24	29	32	34	36	38	50	53	57	59	61	67	#
19	1475.23	1	8	15	17	18	19	20	23	24	29	46	47	48	51	54	58	59	61	63	67	#
20	1309.28	1	2	18	19	24	27	28	31	32	33	36	37	46	49	50	52	54	57	59	67	#
21	1256.03	1	7	9	14	16	20	24	29	31	36	40	42	43	44	48	52	53	61	63	67	#
22	1204.86	5	7	9	10	15	16	17	18	19	22	29	33	44	45	46	49	52	56	59	67	#
23	1202.99	0	4	5	6	12	15	20	23	24	36	38	41	45	48	50	52	57	59	63	67	#
24	916.392	1	11	17	20	21	24	25	37	43	44	50	54	55	58	68	#
25	1065.58	4	9	11	12	16	21	23	27	29	34	37	55	61	63	68	#
26	1024.66	4	13	15	16	24	29	33	37	44	45	51	56	58	61	68	#
27	1011.53	12	14	15	20	22	34	38	43	45	48	49	50	51	58	68	#
28	994.695	1	5	11	17	18	24	29	38	43	48	49	50	58	60	68	#
29	925.79	3	7	13	14	17	20	21	27	29	31	33	48	49	63	68	#
30	165.594	55	#
31	224.317	14	23	43	57	69	#
32	267.212	14	21	43	58	69	#
33	260.748	1	41	53	57	69	#
34	233.399	11	25	28	43	69	#
35	115.6	23	25	36	62	69	#
36	1610.86	0	3	6	8	12	15	19	26	27	30	32	33	34	37	41	45	47	48	49	50	52	53	55	59	60	62	70	#
37	1834.71	1	2	3	5	11	14	16	18	19	22	23	24	27	29	31	33	42	43	45	47	48	49	53	59	60	63	70	#
38	1721.28	1	3	6	9	15	18	19	21	23	24	26	27	28	30	32	41	43	45	48	49	51	52	58	60	61	62	70	#
39	1674.18	5	8	9	12	15	18	20	21	22	23	25	27	29	32	37	41	44	47	49	50	52	53	56	59	62	63	70	#
40	1635.16	1	9	15	17	18	20	21	23	29	31	32	33	37	39	40	42	47	48	49	50	52	53	54	55	56	61	70	#
41	1593.6	1	2	6	8	9	10	16	17	18	22	23	29	31	33	36	41	42	44	49	53	54	55	59	60	61	63	70	#
42	107.674	31	34	39	#
43	500.323	3	15	20	21	35	44	63	72	#
44	578.036	10	12	15	24	45	48	63	72	#
45	443.452	2	9	15	20	21	40	56	72	#
46	411.231	3	18	22	26	31	35	43	72	#
47	401.854	1	15	17	33	36	52	61	72	#
48	382.448	0	3	21	29	35	44	49	72	#
49	833.728	3	6	7	8	11	12	13	17	30	34	40	52	58	61	62	73	#
50	1191.5	5	22	24	25	26	29	37	41	44	45	54	55	61	62	63	73	#
51	1106.84	5	8	12	13	17	19	24	26	28	42	44	46	51	55	62	73	#
52	1091.72	3	7	11	19	25	26	33	34	35	41	44	47	48	50	53	73	#
53	1077.94	5	6	9	10	12	32	34	35	36	41	42	49	51	53	55	73	#
54	1051.84	4	6	11	19	20	26	28	34	35	38	41	44	47	52	55	73	#
55	399.991	0	3	10	17	23	25	37	40	46	47	48	61	74	#
56	596.823	0	1	4	9	12	15	20	25	37	50	55	58	74	#
57	564.845	5	8	13	15	19	30	40	43	47	53	54	58	74	#
58	381.809	2	4	9	25	33	34	36	40	47	54	59	62	74	#
59	295.375	2	37	50	61	75	#
60	367.222	2	19	33	42	75	#
61	215.601	5	32	37	50	75	#
62	167.509	27	41	50	61	75	#
63	101.985	0	43	49	61	75	#
64	426.974	6	12	22	29	47	53	59	76	#
65	606.52	12	25	28	41	54	55	59	76	#
66	543.636	6	11	12	35	47	48	52	76	#
67	529.402	6	8	12	13	16	29	41	76	#
68	416.984	16	17	29	47	48	53	58	76	#
69	386.971	9	33	46	47	52	54	63	76	#
70	407.781	15	31	32	42	46	63	77	#
71	488.756	17	22	28	47	48	63	77	#
72	458.257	1	15	27	36	45	63	77	#
73	414.136	2	3	4	31	43	52	77	#
74	365.996	3	18	22	42	48	51	77	#
75	348.165	7	9	10	33	46	52	77	#
76	675.326	6	7	8	9	11	16	30	33	52	53	78	#
77	771.029	3	7	19	26	30	31	33	40	49	55	78	#
78	753.997	7	9	16	37	40	41	44	52	56	62	78	#
79	721.392	1	7	22	24	30	32	37	54	56	60	78	#
80	684.489	11	23	31	34	39	40	42	47	58	63	78	#
81	609.112	0	16	20	21	26	29	33	37	52	58	78	#
82	74.5576	61	#
83	546.487	12	18	31	32	42	52	79	#
84	507.215	1	6	11	29	32	49	79	#
85	479.861	1	24	29	31	42	51	79	#
86	440.703	8	30	32	34	52	55	79	#
87	416.389	12	13	15	18	19	63	79	#
88	403.102	9	35	37	42	49	58	79	#
89	1598.26	0	4	5	8	9	11	12	15	21	24	29	43	44	45	47	52	54	55	58	61	62	63	80	#
90	1473.22	2	5	8	11	19	21	22	28	29	31	39	43	44	45	50	53	54	55	57	58	59	61	80	#
91	1450.84	0	1	3	9	11	12	16	18	21	23	24	29	30	31	32	35	37	41	45	48	49	57	80	#
92	1443.05	7	11	12	14	16	20	21	22	27	32	33	36	39	40	41	43	45	48	52	60	61	63	80	#
93	1430.37	1	13	14	15	16	17	18	21	22	24	27	29	31	32	33	34	35	41	44	47	48	52	80	#
94	1427.71	0	6	7	8	9	11	13	16	19	21	24	29	39	42	47	48	53	55	59	60	62	63	80	#
95	180.54	25	28	36	56	81	#
96	230.244	8	18	48	56	81	#
97	214.192	32	33	36	47	81	#
98	87.4424	4	25	38	59	81	#
99	1015.34	9	11	13	16	19	21	23	25	27	35	36	39	40	41	44	46	50	62	82	#
100	1184.98	4	11	12	18	23	26	28	39	40	41	42	44	45	51	55	57	60	63	82	#
101	1163.42	4	8	10	14	20	21	23	27	30	31	32	41	46	51	52	53	55	59	82	#
102	1063.82	4	6	8	9	10	11	20	23	24	25	26	41	44	45	50	54	55	57	82	#
103	1054.38	2	7	14	23	25	27	28	30	32	38	40	44	48	50	55	56	57	60	82	#
104	1047.31	4	8	12	15	17	18	21	22	23	26	32	35	36	39	40	51	57	60	82	#
105	228.684	14	46	49	58	60	83	#
106	335.546	11	16	37	51	60	83	#
107	282.896	0	2	19	39	58	83	#
108	276.126	9	46	51	59	62	83	#
109	167.508	15	20	26	32	49	83	#
110	318.218	12	31	51	84	#
111	279.463	1	51	54	84	#
112	260.764	31	51	60	84	#
113	139.185	3	12	59	84	#
114	361.728	21	32	37	42	59	85	#
115	376.659	11	24	38	59	63	85	#
116	366.387	2	6	27	32	63	85	#
117	338.185	3	27	42	56	59	85	#
118	262.728	21	37	53	55	59	85	#
119	259.947	2	21	24	37	51	85	#
120	861.667	10	12	13	20	24	29	34	39	46	47	48	50	51	52	61	86	#
121	1142.62	12	14	17	18	19	22	25	29	31	35	37	41	48	50	59	86	#
122	1118.74	6	9	14	15	19	25	26	32	36	37	38	40	48	51	52	86	#
123	1059.95	0	9	10	12	13	34	37	41	50	51	52	54	55	56	62	86	#
124	1059.32	2	7	9	17	18	19	27	30	33	46	50	51	52	60	61	86	#
125	1048.02	2	7	12	19	21	24	29	38	45	51	52	57	61	62	63	86	#
126	464.985	2	15	23	44	52	59	87	#
127	592.106	7	15	23	26	41	59	87	#
128	433.171	2	3	11	21	22	42	87	#
129	416.229	16	24	26	44	50	59	87	#
130	379.296	11	13	25	36	52	57	87	#
131	318.719	6	9	22	23	25	59	87	#
132	423.604	6	8	13	17	24	36	37	41	47	88	#
133	588.272	9	11	22	33	37	41	55	56	62	88	#
134	544.996	8	14	15	17	18	33	40	42	44	88	#
135	534.138	0	8	14	16	18	25	28	36	48	88	#
136	530.632	6	11	16	25	36	41	45	47	61	88	#
137	462.455	0	11	17	21	37	41	44	50	60	88	#
138	392.011	11	19	25	43	44	53	54	57	89	#
139	509.766	15	27	32	33	46	52	53	54	89	#
140	501.678	1	20	23	24	32	46	57	63	89	#
141	481.711	12	25	26	35	46	50	51	54	89	#
142	447.32	12	16	17	21	35	54	56	59	89	#
143	425.177	0	14	17	19	23	38	48	50	89	#
144	226.922	1	32	90	#
145	238.2	32	48	90	#
146	220.654	1	19	90	#
147	633.699	1	12	14	22	27	37	38	41	46	54	91	#
148	945.752	0	1	12	15	22	28	33	40	41	48	91	#
149	852.398	1	3	8	18	24	37	41	45	55	59	91	#
150	851.761	1	2	4	7	9	15	20	33	54	60	91	#
151	848.298	0	9	15	19	21	24	27	28	33	56	91	#
152	734.978	2	9	17	24	28	42	44	46	55	60	91	#
153	235.733	17	18	23	39	92	#
154	342.462	1	28	39	54	92	#
155	250.833	12	18	37	53	92	#
156	250.231	17	31	45	47	92	#
157	244.748	23	27	30	32	92	#
158	266.795	1	11	27	31	41	93	#
159	317.923	3	8	11	43	60	93	#
160	314.984	26	31	34	52	63	93	#
161	299.937	1	4	37	47	60	93	#
162	213.162	29	39	41	50	57	93	#
163	106.703	14	27	35	56	57	93	#
164	283.867	16	23	32	33	35	47	52	94	#
165	421.122	10	12	13	28	49	52	56	94	#
166	409.869	6	28	33	42	50	56	63	94	#
167	397.995	9	21	23	46	47	61	63	94	#
168	389.564	6	7	14	16	23	30	55	94	#
169	344.198	1	10	14	27	32	48	55	94	#
170	1183.68	4	5	9	12	14	21	22	23	25	28	29	33	34	36	38	50	53	54	55	95	#
171	1439.84	10	12	14	16	18	19	21	22	23	26	29	33	39	48	49	52	56	57	58	95	#
172	1419.48	1	3	5	6	13	16	19	22	25	32	38	39	41	45	49	53	54	55	58	95	#
173	1390.02	0	7	9	13	14	16	21	25	26	28	31	34	35	37	41	45	48	53	55	95	#
174	1346.93	4	10	12	14	17	18	19	29	32	33	36	38	39	43	45	48	50	53	58	95	#
175	1322.72	0	2	5	9	18	19	22	25	30	33	34	39	40	45	47	48	54	55	60	95	#
176	67.5184	15	#
177	887.773	2	4	6	10	15	20	21	27	38	45	50	55	62	96	#
178	1069.43	1	4	6	15	16	19	21	22	27	36	48	49	63	96	#
179	969.405	1	2	7	9	14	19	27	28	32	43	52	56	57	96	#
180	887.169	8	16	28	33	36	48	49	50	52	54	55	57	61	96	#
181	752.757	1	4	6	8	9	14	21	23	27	34	39	42	60	96	#
182	725.729	10	15	21	22	38	44	45	46	47	49	56	57	60	96	#
183	404.191	2	22	41	49	61	62	63	97	#
184	519.288	7	11	13	14	32	49	56	97	#
185	492.248	20	41	49	52	55	56	60	97	#
186	458.944	2	12	18	31	39	40	50	97	#
187	452.223	7	9	13	38	40	55	63	97	#
188	420.729	5	10	22	25	31	32	55	97	#
189	200.35	13	18	33	38	98	#
190	254.81	13	18	25	47	98	#
191	140.305	13	16	30	38	98	#
192	259.101	15	31	38	40	44	99	#
193	337.767	28	35	38	46	50	99	#
194	330.851	1	15	46	51	61	99	#
195	318.428	31	36	46	50	60	99	#
196	309.975	15	41	44	45	55	99	#
197	444.786	20	23	39	45	48	55	58	100	#
198	598.354	3	14	18	28	48	50	51	100	#
199	583.821	9	18	28	49	51	58	63	100	#
200	542.159	9	30	34	38	45	55	59	100	#
201	420.365	10	23	27	36	45	60	63	100	#
202	416.641	5	12	15	39	45	47	50	100	#
203	287.985	28	31	56	58	101	#
204	248.509	3	28	39	58	101	#
205	188.931	4	15	31	38	101	#
206	146.865	4	17	28	39	101	#
207	112.274	13	24	102	#
208	119.574	13	14	102	#
209	70.1357	24	25	102	#
210	232.02	1	42	103	#
211	204.807	28	42	103	#
212	187.943	1	21	103	#
213	1813.92	2	3	4	7	9	12	18	19	22	26	29	33	35	37	41	42	43	45	47	48	51	54	58	59	60	104	#
214	1831.26	0	1	2	4	6	11	14	15	18	19	27	28	34	41	43	45	51	52	54	55	56	58	59	60	63	104	#
215	1821.62	0	1	3	8	9	11	12	15	16	18	19	22	24	30	33	34	39	45	52	55	56	57	58	60	63	104	#
216	1716.15	0	2	3	6	8	9	11	12	13	14	16	18	19	22	23	26	30	32	33	34	47	54	56	57	60	104	#
217	1699.64	0	1	5	9	10	12	15	19	22	26	28	29	30	31	34	39	40	43	45	47	49	51	53	55	56	104	#
218	1668.75	1	2	3	6	10	11	16	17	19	20	22	23	26	31	43	48	49	50	51	52	55	56	58	60	63	104	#
219	1036.78	12	21	23	24	25	30	34	35	36	38	40	44	48	57	58	60	61	105	#
220	1337.57	4	7	14	18	19	23	24	28	35	42	43	46	48	51	52	60	63	105	#
221	1317.5	8	11	12	15	20	21	24	30	35	46	48	54	55	56	57	59	60	105	#
222	1276.09	1	7	8	15	20	23	25	27	37	38	43	50	54	57	59	62	63	105	#
223	1184.89	1	5	8	16	21	25	26	33	36	42	43	44	50	52	53	60	62	105	#
224	1163.42	8	10	12	14	15	18	19	22	24	27	46	47	52	56	57	60	63	105	#
225	629.117	0	1	4	19	29	37	39	41	59	61	106	#
226	673.598	1	9	11	13	15	26	30	32	54	61	106	#
227	667.71	4	21	22	23	26	33	36	39	47	59	106	#
228	660.365	3	4	11	19	24	27	32	40	55	58	106	#
229	652.464	6	15	16	35	37	42	48	54	61	62	106	#
230	632.233	8	19	25	29	40	49	54	58	61	62	106	#
231	640.995	2	4	8	10	14	16	19	20	27	43	47	49	107	#
232	899.141	2	4	9	12	18	27	28	33	43	47	55	59	107	#
233	878.992	2	9	16	19	21	26	27	33	36	43	46	53	107	#
234	848.864	11	14	16	19	22	23	31	37	41	53	59	63	107	#
235	801.108	6	13	18	28	29	37	41	42	47	49	52	54	107	#
236	787.505	2	4	15	18	23	27	28	33	43	49	51	57	107	#
237	66.2744	53	#
238	1193.6	9	10	14	15	21	23	24	28	31	46	49	50	51	52	60	108	#
239	1098.76	5	6	7	10	18	22	28	29	35	42	50	52	57	58	61	108	#
240	1030.11	9	18	21	23	25	29	31	33	38	41	45	52	54	57	58	108	#
241	960.295	0	5	6	7	12	14	15	17	37	40	50	52	54	56	58	108	#
242	957.684	5	10	12	13	19	21	23	27	28	29	30	47	49	50	51	108	#
243	947.212	6	15	18	19	21	24	29	31	34	36	38	43	50	54	60	108	#
244	257.75	6	19	36	41	44	61	109	#
245	344.727	2	11	23	36	49	54	109	#
246	302.331	2	6	14	23	25	38	109	#
247	556.087	0	5	8	12	21	22	47	50	52	58	61	110	#
248	818.007	8	11	12	17	21	27	29	36	37	59	63	110	#
249	797.003	2	5	11	12	19	21	34	47	50	51	57	110	#
250	778.803	8	12	15	19	21	24	37	49	60	61	63	110	#
251	738.731	5	9	11	20	21	34	36	37	52	61	63	110	#
252	720.145	10	17	29	34	36	37	41	47	50	58	63	110	#
253	205.912	21	23	30	111	#
254	220.905	22	23	41	111	#
255	192.483	28	30	54	111	#
256	148.431	9	21	35	111	#
257	1404.64	11	12	15	16	17	20	25	30	32	34	37	39	42	43	46	51	52	53	54	55	57	58	59	61	112	#
258	1672.46	1	13	14	15	17	18	20	21	25	26	29	31	33	34	37	39	42	48	50	53	57	60	61	63	112	#
259	1647.18	4	7	8	10	11	12	14	15	16	17	18	23	24	25	28	29	32	36	42	50	55	57	58	62	112	#
260	1567.34	4	5	6	7	8	12	14	15	18	26	29	30	31	33	38	39	41	45	48	50	54	57	59	63	112	#
261	1554.34	2	6	14	15	16	17	18	20	21	29	32	33	34	42	45	50	51	52	53	54	56	57	58	59	112	#
262	1540.65	0	9	15	16	17	19	20	21	23	29	30	31	33	34	36	37	41	42	45	47	49	58	60	63	112	#
263	306.704	0	1	3	41	51	113	#
264	324.757	0	12	36	49	62	113	#
265	279.403	1	8	39	41	46	113	#
266	278.528	16	27	32	51	59	113	#
267	243.047	17	21	30	34	41	113	#
268	205.764	3	4	17	18	21	113	#
269	828.277	3	9	23	27	29	33	43	44	48	49	63	114	#
270	900.367	1	11	13	14	15	47	48	49	56	58	60	114	#
271	804.251	1	10	12	14	15	16	32	43	48	51	56	114	#
272	774.656	0	9	11	13	15	17	21	35	41	44	55	114	#
273	732.566	5	9	12	14	32	41	44	46	48	59	63	114	#
274	722.354	2	7	10	20	29	33	44	45	47	49	59	114	#
275	346.194	3	5	11	40	44	60	115	#
276	480.929	3	8	29	34	60	63	115	#
277	416.264	5	6	14	15	55	60	115	#
278	330.398	11	23	25	40	42	51	115	#
279	327.609	14	24	37	44	50	63	115	#
280	279.843	3	4	27	30	34	51	115	#
281	298.532	1	44	54	116	#
282	279.261	1	26	58	116	#
283	222.43	3	44	55	116	#
284	220.57	34	47	54	116	#
285	299.75	3	8	13	17	22	30	117	#
286	408.997	3	12	13	14	44	55	117	#
287	301.037	8	13	17	27	48	61	117	#
288	280.975	3	16	28	44	46	50	117	#
289	258.447	10	30	49	52	59	63	117	#
290	194.462	8	16	25	26	45	53	117	#
291	383.832	16	20	22	50	51	118	#
292	372.797	2	6	33	34	50	118	#
293	364.421	24	37	43	51	55	118	#
294	355.677	2	7	22	46	53	118	#
295	271.22	20	33	39	49	53	118	#
296	265.585	16	39	42	47	59	118	#
297	164.276	28	31	119	#
298	199.528	28	58	119	#
299	164.764	29	31	119	#
300	1765.07	0	1	3	4	5	8	12	14	15	16	19	20	21	27	29	33	34	37	40	41	42	48	52	57	58	59	61	120	#
301	1955.42	1	3	6	7	16	21	22	25	26	27	28	30	33	34	36	37	41	42	44	52	54	56	57	58	59	61	63	120	#
302	1898.02	0	5	7	11	12	16	18	20	22	23	25	26	28	29	30	36	37	41	45	46	47	48	53	55	57	59	61	120	#
303	1800.45	2	3	7	9	10	12	15	18	20	21	23	25	26	34	35	36	43	44	49	51	52	53	55	58	60	61	63	120	#
304	1777.4	0	1	2	3	9	11	14	15	16	21	23	30	31	33	36	37	39	40	46	48	51	53	54	56	58	60	63	120	#
305	1733.97	0	1	2	3	11	17	18	22	23	26	28	29	35	39	41	43	44	46	49	51	52	54	55	57	58	61	63	120	#
306	86.3972	21	#
307	446.315	0	13	18	48	50	60	121	#
308	423.248	15	36	45	48	57	60	121	#
309	411.373	18	22	23	52	59	61	121	#
310	371.364	0	35	41	42	55	60	121	#
311	288.054	5	8	25	29	42	50	121	#
312	252.281	13	15	35	40	61	62	121	#
313	1189.52	2	3	4	5	9	12	18	20	21	23	28	30	32	34	36	39	41	50	51	54	57	59	122	#
314	1438.94	2	3	13	15	16	19	20	25	26	28	29	35	43	45	47	51	52	55	58	59	60	62	122	#
315	1402.99	6	16	19	22	23	25	26	29	31	34	37	38	40	42	43	45	50	51	56	57	58	59	122	#
316	1381.16	4	7	9	15	18	19	21	25	27	28	29	30	32	34	35	36	37	41	43	52	55	60	122	#
317	1336.22	2	7	8	9	12	13	18	19	22	23	24	27	28	30	37	43	48	50	53	56	58	61	122	#
318	1309.12	0	1	2	3	6	14	18	21	23	27	31	34	35	37	39	44	51	56	57	58	59	63	122	#
319	2899.28	0	1	3	4	6	7	8	9	10	11	12	13	14	15	16	17	18	19	20	21	22	23	24	25	26	27	29	30	31	32	33	34	35	36	37	39	40	41	42	45	46	49	50	51	52	53	54	55	56	57	58	59	60	63	123	#
320	3075.35	1	3	4	5	6	7	8	9	10	11	12	13	14	15	16	18	19	20	21	22	23	24	25	26	27	28	29	30	31	33	34	36	37	38	40	41	43	44	45	46	48	49	50	51	52	54	55	56	57	58	59	60	61	62	123	#
321	3067.85	0	1	3	4	5	6	7	9	10	12	13	14	15	16	18	19	20	21	22	24	25	26	27	28	29	30	31	33	34	36	37	38	39	40	41	42	43	44	45	46	48	50	51	52	53	54	55	56	57	58	59	60	62	63	123	#
322	3066.54	0	1	3	4	5	6	7	8	9	10	12	13	14	15	16	18	19	20	21	23	24	25	26	27	28	29	30	31	32	33	34	36	37	38	41	42	43	44	45	46	47	48	49	50	51	52	53	54	57	58	59	60	62	63	123	#
323	3063.63	0	3	4	5	6	7	8	9	10	11	12	13	14	15	16	18	19	21	22	23	24	25	26	27	28	29	30	31	33	34	36	38	39	40	41	42	43	45	46	48	49	50	51	52	53	54	55	57	58	59	60	61	62	63	123	#
324	3052.84	0	1	3	4	5	6	7	9	10	11	12	14	15	16	18	19	20	22	23	24	25	26	27	28	29	30	31	33	34	35	36	37	38	40	41	43	44	45	46	47	48	49	50	51	52	53	54	55	57	58	59	61	62	63	123	#
325	1464.17	4	5	8	10	12	13	19	23	28	29	31	37	45	47	54	55	58	59	61	124	#
326	1414.91	1	8	12	13	17	19	20	22	24	26	29	43	45	47	48	49	51	52	58	124	#
327	1318.44	5	9	12	18	19	22	24	28	29	34	35	37	45	46	47	50	53	58	59	124	#
328	1239.13	4	10	12	13	14	20	22	23	29	34	35	36	43	45	48	51	58	59	61	124	#
329	1219.48	2	3	13	22	23	24	26	28	30	31	37	47	49	50	52	55	56	59	63	124	#
330	1184.95	1	3	5	6	7	10	11	14	19	23	25	26	30	36	46	48	55	58	63	124	#
331	201.945	25	35	37	47	55	61	125	#
332	242.365	7	13	21	47	49	53	125	#
333	1332.55	0	1	2	4	6	13	14	15	16	17	20	22	24	25	31	32	36	38	48	52	55	57	60	63	126	#
334	1573.75	0	2	7	11	13	14	15	16	17	18	20	21	23	24	28	29	38	39	41	42	44	46	48	60	126	#
335	1520.79	0	1	4	5	6	11	12	13	16	17	18	19	20	22	24	29	30	32	35	43	48	50	51	57	126	#
336	1513.46	0	3	5	9	11	12	13	17	18	22	24	28	29	30	31	33	34	42	44	45	50	55	59	61	126	#
337	1509.34	0	1	5	9	13	17	19	20	24	26	28	29	31	34	36	38	39	42	44	50	52	58	61	62	126	#
338	1499.56	2	6	10	11	17	20	22	23	26	28	29	31	33	36	38	39	41	42	44	45	50	57	59	63	126	#
339	283.995	11	30	45	61	127	#
340	301.748	12	45	55	56	127	#
341	273.222	30	36	37	45	127	#
342	197.906	11	38	44	53	127	#
343	160.014	11	13	40	61	127	#
344	333.174	7	15	46	52	128	#
345	370.216	7	29	52	59	128	#
346	367.827	9	15	58	59	128	#
347	285.435	7	12	39	58	128	#
348	213.012	11	41	46	62	128	#
349	518.493	2	17	22	32	33	53	129	#
350	503.694	5	9	16	32	43	52	129	#
351	448.589	22	40	42	53	57	60	129	#
352	441.172	0	9	26	33	42	61	129	#
353	433.224	1	2	20	22	23	58	129	#
354	427.4	1	8	12	17	24	32	129	#
355	831.925	5	10	11	17	20	21	27	31	35	42	43	51	53	58	130	#
356	1099.19	3	6	11	14	19	22	27	29	31	32	42	43	57	63	130	#
357	1054.25	9	11	12	14	20	23	28	41	43	47	48	52	53	60	130	#
358	992.904	3	6	14	17	19	24	27	29	36	40	42	48	53	58	130	#
359	991.36	5	9	11	13	14	18	24	29	42	43	47	51	56	59	130	#
360	910.414	2	6	8	9	15	35	41	42	46	50	51	52	57	58	130	#
361	1031.68	3	8	10	12	19	22	23	25	32	33	34	35	36	39	41	48	50	56	57	131	#
362	1327.03	1	5	12	13	17	19	20	25	29	32	33	37	38	42	43	49	52	54	59	131	#
363	1317.83	0	1	3	8	9	10	12	18	19	22	26	30	32	38	42	43	45	50	51	131	#
364	1294.07	1	5	6	7	8	9	14	21	24	32	34	36	37	38	43	45	50	54	60	131	#
365	1241.88	4	5	8	9	15	17	18	21	22	25	29	30	32	43	44	52	53	62	63	131	#
366	1225.52	3	5	6	8	12	13	17	19	22	23	26	32	34	37	48	50	57	62	63	131	#
367	565.303	7	14	17	23	33	51	52	58	59	132	#
368	656.881	9	16	28	34	42	44	58	59	61	132	#
369	592.953	1	8	15	16	17	40	46	51	62	132	#
370	527.977	15	20	27	33	41	43	44	51	53	132	#
371	482.619	11	17	21	28	29	31	32	39	51	132	#
372	395.171	0	5	18	23	27	30	43	48	63	132	#
373	177.774	37	47	62	133	#
374	206.22	11	21	47	133	#
375	183.994	14	58	62	133	#
376	35.588	3	#
377	364.988	6	9	27	39	42	43	56	59	134	#
378	512.374	17	20	27	35	49	51	52	59	134	#
379	487.942	17	27	32	43	53	54	55	60	134	#
380	443.68	0	1	11	17	22	39	44	51	134	#
381	365.519	6	8	20	27	33	42	50	63	134	#
382	350.156	6	27	30	38	47	50	55	56	134	#
383	574.054	18	22	41	50	55	61	62	63	135	#
384	636.637	14	15	26	37	47	50	55	58	135	#
385	625.554	11	16	17	31	49	55	60	63	135	#
386	563.728	1	3	5	18	46	51	52	62	135	#
387	554.41	0	9	11	13	20	22	41	43	135	#
388	546.919	13	24	25	27	31	34	55	63	135	#
389	967.312	3	7	11	12	14	16	25	28	31	34	39	40	41	48	51	52	60	136	#
390	1165.65	0	1	5	8	12	14	15	21	23	27	29	43	49	50	52	60	63	136	#
391	1101.95	0	3	5	7	9	12	14	16	26	28	32	33	40	45	50	54	58	136	#
392	1095.18	8	9	12	16	24	25	28	32	33	41	48	51	52	53	54	62	63	136	#
393	1007.8	0	1	3	7	9	12	16	21	28	34	39	41	42	50	52	60	62	136	#
394	978.563	3	4	7	9	12	15	18	27	28	33	36	42	48	51	52	59	63	136	#
395	145.924	21	29	137	#
396	148.256	12	21	137	#
397	134.062	29	53	137	#
398	519.1	2	29	31	41	49	53	138	#
399	429.893	3	5	12	22	26	41	138	#
400	411.968	8	26	31	32	44	53	138	#
401	400.247	17	29	41	47	48	52	138	#
402	392.439	0	19	25	31	49	60	138	#
403	365.263	2	16	20	40	48	49	138	#
404	257.672	18	28	45	139	#
405	253.609	18	19	34	139	#
406	236.813	19	28	38	139	#
407	222.507	16	28	45	139	#
408	289.358	34	36	38	42	52	140	#
409	412.94	16	20	37	52	60	140	#
410	380.748	32	42	47	48	56	140	#
411	352.481	15	28	36	48	53	140	#
412	350.001	12	13	15	34	38	140	#
413	1720.77	0	1	3	7	8	11	13	16	19	24	25	29	33	37	39	43	45	46	47	51	53	54	55	56	57	58	61	141	#
414	1893.56	0	7	9	10	12	13	15	18	19	21	22	25	26	29	33	37	41	43	44	45	51	54	55	56	57	58	61	141	#
415	1884.02	0	1	2	3	4	7	9	11	15	18	19	20	21	24	25	29	31	37	38	39	40	41	50	51	56	58	61	141	#
416	1809.41	0	1	2	6	12	13	15	16	17	20	21	22	23	24	32	33	39	40	43	45	46	47	48	51	52	53	55	141	#
417	1808.98	0	1	3	4	8	9	12	15	20	22	25	26	31	32	33	37	40	42	47	50	51	53	54	55	56	57	60	141	#
418	1787.22	1	2	4	6	9	10	19	20	22	23	25	27	28	33	34	35	37	39	40	42	48	50	51	54	55	58	60	141	#
419	20.8004	26	#
420	2262.81	1	2	4	6	8	10	15	17	18	19	21	22	27	28	29	31	32	33	35	37	39	40	41	42	44	45	46	48	50	56	59	62	142	#
421	2349.15	0	1	2	7	9	11	12	18	19	22	23	27	28	29	30	31	32	35	36	38	39	41	42	43	46	47	48	49	50	52	53	61	142	#
422	2265.19	0	2	3	5	6	7	9	10	16	17	19	21	22	24	25	28	29	31	35	37	39	40	45	47	48	51	56	57	59	60	61	63	142	#
423	2218.2	0	1	5	11	15	16	17	18	19	22	26	27	28	30	31	33	37	38	39	40	41	42	43	44	45	46	47	55	56	59	60	61	142	#
424	2195.87	0	4	16	18	19	21	22	23	25	26	27	28	29	30	32	33	34	35	36	37	38	43	47	48	49	50	51	52	56	58	59	61	142	#
425	2170.6	0	1	2	3	6	7	9	15	19	20	21	24	27	28	30	31	32	33	34	35	36	41	42	44	47	49	50	56	60	61	62	63	142	#
426	75.4953	29	#
427	339.542	2	16	19	27	49	143	#
428	433.553	1	2	9	18	58	143	#
429	365.977	9	19	20	42	62	143	#
430	251.504	0	6	32	47	49	143	#
431	251.001	16	41	54	55	62	143	#
432	203.071	14	27	42	54	57	143	#
433	395.086	3	7	14	23	24	51	54	144	#
434	543.228	2	7	9	28	42	46	57	144	#
435	520.077	2	9	13	39	45	52	54	144	#
436	440.593	14	24	44	51	53	55	57	144	#
437	336.072	12	26	31	32	45	47	51	144	#
438	324.99	3	14	20	25	33	51	54	144	#
439	568.8	1	15	24	26	41	47	49	53	145	#
440	699.313	1	12	15	29	42	47	52	57	145	#
441	567.957	0	1	8	26	31	36	45	52	145	#
442	511.109	5	13	25	29	37	41	45	54	145	#
443	472.111	12	16	24	42	43	44	62	63	145	#
444	433.52	1	8	19	30	38	47	49	52	145	#
445	709.627	5	13	14	17	23	26	31	34	36	44	50	54	60	62	146	#
446	997.155	4	7	22	23	26	35	36	37	42	48	50	54	61	63	146	#
447	987.824	2	4	5	10	14	18	20	21	39	48	50	52	54	58	146	#
448	960.392	1	5	8	10	15	20	22	24	26	27	32	36	48	52	146	#
449	938.764	1	2	4	15	16	22	28	31	37	42	47	49	52	57	146	#
450	929.155	11	12	17	25	26	27	29	37	45	52	54	59	60	62	146	#
451	240.092	1	3	42	147	#
452	252.704	1	25	29	147	#
453	148.271	31	42	51	147	#
454	125.002	3	11	36	147	#
455	199.46	23	38	40	43	148	#
456	292.17	13	28	38	43	148	#
457	146.309	17	31	38	60	148	#
458	142.033	10	17	23	36	148	#
459	74.0258	30	40	46	54	148	#
460	1388.16	0	1	2	7	9	11	13	14	15	17	22	24	26	30	33	35	41	47	51	52	55	56	58	60	61	63	149	#
461	1722.59	0	4	6	8	11	14	15	16	19	20	21	24	31	32	37	38	39	41	45	49	52	54	55	58	60	61	149	#
462	1620.12	3	4	5	7	8	9	12	15	20	22	25	31	35	37	38	39	42	45	47	51	52	55	58	59	60	63	149	#
463	1609.56	0	2	3	4	9	10	11	12	22	25	28	29	31	36	38	39	40	41	47	49	52	55	56	58	60	61	149	#
464	1595.41	1	6	11	14	15	16	20	22	23	25	26	28	29	31	34	36	37	38	39	41	44	48	49	50	55	57	149	#
465	1549.96	2	4	9	11	13	15	19	20	21	22	24	25	29	32	34	35	37	39	41	42	47	56	57	58	60	63	149	#
466	73.4061	30	54	150	#
467	74.2809	6	54	150	#
468	57.2024	30	46	150	#
469	268.393	2	9	16	22	151	#
470	322.442	7	9	15	57	151	#
471	259.234	2	8	18	42	151	#
472	214.965	0	20	22	33	151	#
473	150.385	16	29	41	47	151	#
474	514.614	2	5	7	18	38	59	63	152	#
475	570.08	2	14	17	24	26	46	63	152	#
476	512.728	10	17	18	23	37	48	59	152	#
477	409.48	6	9	17	18	21	26	33	152	#
478	343.927	2	9	10	13	43	51	54	152	#
479	295.374	1	5	9	38	40	52	62	152	#
480	665.823	0	2	8	20	21	31	32	37	40	53	56	62	153	#
481	912.166	1	2	8	17	22	26	28	40	42	48	57	60	153	#
482	822.309	1	3	5	8	12	19	20	23	32	41	58	60	153	#
483	820.151	0	3	5	13	19	21	24	26	31	37	45	57	153	#
484	748.485	2	5	6	9	10	13	26	32	40	47	52	62	153	#
485	747.393	5	13	16	19	21	27	31	35	39	42	43	47	153	#
486	457.866	0	6	7	16	20	23	25	39	46	48	154	#
487	581.03	3	17	20	28	31	39	46	48	60	62	154	#
488	570.485	3	10	16	17	18	21	23	37	43	46	154	#
489	565.191	20	34	38	41	43	48	56	60	61	62	154	#
490	560.234	4	6	8	9	20	33	42	54	55	57	154	#
491	496.629	0	6	9	17	27	33	35	38	62	63	154	#
492	1179.38	2	6	9	10	12	18	19	22	23	26	27	32	34	39	40	46	51	52	56	57	63	155	#
493	1459.56	0	2	7	11	13	15	18	22	25	26	28	29	36	42	43	48	51	53	54	57	63	155	#
494	1358.17	0	3	4	6	7	9	12	21	27	29	30	34	42	43	46	49	51	52	53	57	63	155	#
495	1344.84	1	2	7	15	17	18	22	25	28	32	34	35	36	42	45	47	54	55	56	59	63	155	#
496	1330.66	0	4	6	7	8	11	12	17	18	19	21	25	28	31	33	36	37	39	42	49	63	155	#
497	1321.9	4	7	9	12	17	18	22	23	25	26	28	36	38	49	51	54	55	57	58	61	63	155	#
498	264.426	10	36	45	54	156	#
499	266.746	10	22	45	62	156	#
500	256.328	1	21	27	54	156	#
501	203.196	4	8	10	19	156	#
502	191.229	22	30	36	53	156	#
503	622.692	5	17	21	28	37	38	40	42	44	46	63	157	#
504	903.798	2	13	21	32	37	38	42	48	49	55	57	157	#
505	834.383	9	19	22	28	34	40	44	46	50	55	59	157	#
506	773.797	2	7	11	21	25	27	37	38	39	46	58	157	#
507	764.213	7	17	28	31	35	37	40	47	48	51	60	157	#
508	713.076	3	12	13	17	23	35	36	46	51	58	60	157	#
509	218.57	2	11	158	#
510	218.901	2	26	158	#
511	98.5091	11	#
512	820.309	4	8	10	13	15	22	24	28	31	34	38	40	41	49	61	159	#
513	1095.4	0	3	9	12	13	24	28	31	39	41	46	48	50	58	63	159	#
514	1033.76	3	7	9	13	14	17	21	24	33	34	37	52	54	55	61	159	#
515	993.17	0	4	6	7	9	17	19	21	22	28	44	45	54	56	62	159	#
516	974.32	1	5	8	9	21	23	26	32	35	39	40	41	48	54	63	159	#
517	951.199	6	8	9	13	28	31	35	39	41	46	50	54	55	56	58	159	#
518	211.677	12	35	56	60	160	#
519	263.108	21	43	47	60	160	#
520	252.505	19	35	55	56	160	#
521	248.988	12	17	26	29	160	#
522	97.4514	20	33	53	56	#
523	121.24	25	28	161	#
524	152.809	28	48	161	#
525	32.5957	8	#
526	1070.15	2	11	18	19	23	27	31	32	33	35	37	42	45	49	54	59	162	#
527	1137.47	1	6	10	12	15	18	19	22	28	29	35	40	42	44	51	52	162	#
528	1112.97	8	23	27	28	29	30	34	36	42	48	51	54	55	56	58	59	162	#
529	1055.56	1	4	6	7	19	29	32	35	44	46	49	50	51	55	60	61	162	#
530	1022.91	0	1	2	6	7	8	11	12	22	32	35	36	50	59	60	63	162	#
531	1022.67	0	1	9	11	19	20	22	23	27	32	35	42	43	45	56	60	162	#
532	331.682	12	36	39	40	62	163	#
533	466.184	1	36	45	54	59	163	#
534	408.982	12	13	36	40	42	163	#
535	374.735	9	35	39	52	59	163	#
536	373.533	2	30	37	50	62	163	#
537	337.142	5	11	23	40	45	163	#
538	2566.49	1	2	3	4	5	7	8	10	12	14	16	17	18	20	21	23	24	26	27	28	30	31	32	34	35	36	41	43	44	48	49	50	55	56	57	59	62	63	164	#
539	2837.87	1	2	6	7	10	11	14	15	16	17	19	21	22	23	24	27	29	30	31	32	38	41	43	44	46	47	48	49	50	52	53	55	56	58	59	61	62	63	164	#
540	2801.53	0	1	2	3	5	6	7	8	9	10	11	12	14	15	16	18	19	21	22	23	26	27	35	36	40	42	44	48	50	52	53	55	57	58	59	61	62	63	164	#
541	2734.15	0	1	2	5	7	8	10	11	12	13	14	15	16	18	20	21	23	24	26	27	28	29	30	32	33	35	44	46	48	49	51	52	54	55	57	61	62	63	164	#
542	2718.41	1	2	3	4	5	8	9	11	14	15	16	17	18	21	23	24	25	26	28	29	30	31	38	39	40	43	44	46	48	49	50	52	53	57	58	59	61	62	164	#
543	2640.18	0	1	2	5	6	7	8	9	15	16	18	19	23	24	25	27	28	29	30	31	33	36	37	38	39	40	41	43	44	47	48	49	51	57	59	61	62	63	164	#
544	184.971	3	6	39	47	165	#
545	224.373	8	31	42	47	165	#
546	219.859	3	10	49	50	165	#
547	217.063	3	6	7	44	165	#
548	179.581	0	19	39	51	165	#
549	1421.14	0	1	3	5	7	8	9	17	19	20	24	26	31	33	34	37	38	41	45	47	59	61	166	#
550	1570.31	0	2	7	14	15	17	19	22	23	24	26	27	32	37	41	42	44	45	46	56	58	62	166	#
551	1561.13	0	2	3	7	8	11	14	15	16	17	20	27	32	34	35	37	41	42	45	51	52	63	166	#
552	1438.31	0	1	3	5	7	8	9	12	15	25	27	38	40	42	43	45	48	53	54	55	59	60	166	#
553	1426.86	0	7	9	10	11	12	14	15	19	20	21	30	31	33	34	35	38	39	45	53	61	63	166	#
554	1409.17	5	7	9	12	16	20	24	32	33	36	37	39	42	44	45	51	52	54	55	56	57	62	166	#
555	368.061	4	43	48	58	60	167	#
556	453.189	2	27	31	36	48	167	#
557	426.385	5	21	25	49	60	167	#
558	398.431	41	42	43	50	51	167	#
559	358.709	9	43	49	55	58	167	#
560	242.584	4	28	34	51	57	167	#
561	467.578	2	5	6	11	15	18	25	43	168	#
562	641.197	6	19	22	27	30	37	58	59	168	#
563	531.588	11	12	15	20	25	31	43	49	168	#
564	504.578	11	15	23	30	31	37	42	48	168	#
565	466.157	5	7	15	26	31	32	37	44	168	#
566	452.228	0	2	27	30	41	45	53	60	168	#
567	1339.44	5	8	9	10	11	12	13	17	18	21	25	31	32	44	45	50	52	55	56	58	60	169	#
568	1472.02	4	9	14	16	19	27	28	29	30	31	32	38	44	48	49	50	51	55	57	58	61	169	#
569	1392.53	1	5	6	9	11	12	14	16	17	22	23	24	25	27	28	32	44	47	50	56	57	169	#
570	1326.48	6	7	9	10	12	17	18	29	30	32	33	36	39	43	45	46	47	54	57	58	63	169	#
571	1324.75	1	5	7	10	12	15	16	20	21	25	27	28	29	32	33	35	39	52	54	58	62	169	#
572	1315.69	0	2	3	7	8	9	14	17	19	21	23	24	27	28	37	40	42	44	49	50	52	169	#
573	2188.95	0	3	5	10	11	16	19	20	21	22	23	24	27	29	32	33	34	35	36	37	38	40	42	43	44	46	49	50	52	53	58	59	61	62	63	170	#
574	2454.77	2	4	7	10	11	14	16	17	18	19	22	24	26	27	28	29	32	33	34	35	43	44	46	48	49	50	52	53	55	56	57	58	59	61	62	170	#
575	2424.46	0	1	2	7	11	14	15	16	17	18	23	25	26	28	29	30	31	33	36	40	41	44	48	49	50	52	53	54	55	57	58	60	61	62	63	170	#
576	2422.76	2	3	4	5	6	9	11	15	16	17	19	20	22	23	24	28	29	31	32	34	35	36	38	45	47	48	49	52	53	54	55	57	58	59	62	170	#
577	2388.24	0	2	4	6	7	8	9	11	14	16	17	20	21	22	24	26	28	29	30	31	32	33	35	37	45	48	49	51	52	53	55	56	58	60	62	170	#
578	2359.25	1	2	3	5	6	7	9	11	12	13	14	18	22	23	24	26	28	29	31	33	34	35	36	37	38	40	45	46	48	50	51	52	56	58	61	170	#
579	1697.25	2	4	6	7	9	10	13	17	27	28	29	30	32	36	38	41	45	47	48	50	51	52	55	56	58	60	61	171	#
580	2132.38	0	1	2	7	9	12	15	17	19	21	25	28	29	32	36	38	41	42	46	48	50	53	54	55	58	60	63	171	#
581	1993.46	1	2	3	6	7	9	11	12	13	19	20	21	22	29	32	40	46	47	48	50	55	56	57	58	59	61	62	171	#
582	1930.29	0	7	9	12	15	17	19	20	21	25	26	28	31	32	36	39	40	42	45	48	49	50	51	52	60	61	63	171	#
583	1923.12	4	9	10	12	13	17	19	21	22	26	32	34	36	37	38	41	42	43	47	48	50	55	56	57	58	59	63	171	#
584	1889.85	4	9	11	12	13	16	17	21	25	26	31	32	34	35	37	39	42	45	46	48	50	55	57	58	59	62	63	171	#
585	161.598	8	20	47	59	172	#
586	204.858	25	27	45	59	172	#
587	69.912	16	40	46	47	172	#
588	133.79	9	#
589	286.528	1	16	41	57	173	#
590	278.961	2	7	39	41	173	#
591	196.181	30	42	53	57	173	#
592	187.028	1	2	27	39	173	#
593	147.659	16	39	44	63	173	#
594	63.903	24	#
595	150.168	7	9	174	#
596	181.529	7	14	174	#
597	121.233	9	57	174	#
598	261.995	0	8	15	38	48	56	175	#
599	368.467	5	12	16	34	48	52	175	#
600	357.125	11	20	31	46	56	57	175	#
601	175.787	3	15	38	41	49	53	175	#
602	142.287	9	13	38	39	49	51	175	#
603	42.0759	46	#
604	902.999	4	8	12	15	17	24	29	38	44	52	53	57	63	176	#
605	904.571	1	2	15	22	23	24	27	29	36	40	41	43	47	176	#
606	877.703	7	12	16	22	23	27	28	35	38	42	47	55	57	176	#
607	859.722	17	34	37	41	42	43	44	51	52	53	54	55	59	176	#
608	822.357	3	10	19	22	28	29	33	39	43	47	51	53	55	176	#
609	817.069	2	3	10	12	19	22	29	37	43	44	46	47	49	176	#
610	257.26	4	8	12	24	25	41	177	#
611	356.198	0	12	15	34	43	46	177	#
612	345.215	6	19	24	27	37	55	177	#
613	257.272	3	4	17	38	41	55	177	#
614	216.695	5	25	37	41	49	51	177	#
615	1021.26	4	5	6	7	19	20	22	23	27	28	32	37	51	60	61	178	#
616	1231.15	0	9	14	15	21	23	28	31	32	33	37	45	47	54	61	178	#
617	1080.14	0	2	7	9	20	22	23	27	28	29	32	37	39	49	60	178	#
618	1049.79	3	6	15	26	28	32	34	35	37	47	48	52	55	60	62	178	#
619	1032.38	12	15	16	21	25	28	32	34	39	45	46	51	53	55	56	178	#
620	999.009	2	8	21	24	27	32	36	37	39	42	47	53	55	60	63	178	#
621	1032.26	0	4	6	16	18	22	29	30	40	46	51	55	58	61	179	#
622	1120.12	2	12	14	26	28	30	49	54	55	56	58	60	61	62	179	#
623	1073.6	4	13	15	19	22	35	44	45	47	51	52	60	61	62	179	#
624	1054.72	0	3	9	15	16	37	39	50	51	52	57	60	61	63	179	#
625	1048.96	0	6	13	16	17	18	19	22	25	28	40	41	45	61	179	#
626	1000.71	1	2	11	13	18	19	20	25	38	43	46	49	57	63	179	#
627	740.898	1	6	10	18	27	31	33	37	47	50	52	54	55	59	180	#
628	1063.43	1	12	15	23	25	26	28	31	33	34	46	52	53	59	180	#
629	997.863	2	11	15	21	25	26	29	30	31	32	33	59	62	63	180	#
630	871.706	5	6	8	13	15	16	17	18	26	34	46	48	50	52	180	#
631	854.605	8	11	15	22	25	26	30	32	33	47	54	55	57	61	180	#
632	841.9	1	5	6	9	23	31	32	38	44	45	46	52	58	63	180	#
633	526.154	6	7	10	11	21	31	32	39	42	45	181	#
634	604.959	16	31	32	34	36	45	53	58	60	61	181	#
635	563.896	1	3	4	5	19	32	34	40	50	51	181	#
636	544.076	0	5	10	11	12	19	34	38	50	55	181	#
637	527.275	3	6	11	27	29	33	35	36	37	50	181	#
638	418.889	0	5	8	19	20	39	45	53	57	62	181	#
639	663.033	9	15	16	17	19	29	34	37	38	41	182	#
640	796.063	2	15	22	24	28	33	43	49	53	55	182	#
641	709.35	0	4	9	19	24	28	40	41	59	63	182	#
642	702.799	9	12	16	19	25	46	47	51	55	60	182	#
643	678.749	9	11	15	19	32	34	51	52	56	57	182	#
644	670.776	3	5	6	7	16	28	29	30	58	63	182	#
645	186.759	3	5	7	13	15	33	183	#
646	211.058	13	24	33	37	42	56	183	#
647	273.814	9	26	41	49	53	61	184	#
648	366.338	17	20	29	36	41	44	184	#
649	335.053	21	26	41	42	56	57	184	#
650	252.045	5	12	24	51	52	53	184	#
651	387.93	16	17	19	26	30	57	185	#
652	432.953	6	11	16	41	50	57	185	#
653	355.287	14	16	40	46	51	58	185	#
654	329.809	12	14	17	37	47	59	185	#
655	299.237	10	19	39	44	56	57	185	#
656	296.724	12	26	28	30	33	54	185	#
657	499.757	8	15	21	22	30	40	44	46	47	49	61	186	#
658	708.226	0	1	3	9	22	26	41	47	48	54	55	186	#
659	649.889	7	19	21	26	30	33	43	46	47	51	61	186	#
660	566.937	7	20	26	27	28	30	37	40	42	48	53	186	#
661	560.296	2	3	7	8	13	14	32	34	38	46	49	186	#
662	531.492	6	7	10	15	22	27	29	30	40	43	61	186	#
663	35.9157	42	#
664	161.667	50	57	187	#
665	166.132	50	58	187	#
666	68.9111	56	57	188	#
667	103.161	3	56	188	#
668	63.1303	26	34	#
669	258.087	9	17	30	33	189	#
670	338.004	7	9	16	52	189	#
671	238.942	17	26	30	31	189	#
672	214.061	15	17	30	60	189	#
673	196.055	20	23	33	50	189	#
674	148.473	38	43	190	#
675	117.006	39	43	190	#
676	1034.89	0	6	12	15	18	19	22	23	43	50	51	54	57	191	#
677	1121.86	2	6	12	15	22	26	28	31	32	35	39	54	61	191	#
678	960.613	8	12	14	17	18	23	34	43	44	45	51	52	60	191	#
679	941.469	0	19	20	22	26	28	31	32	33	39	54	55	63	191	#
680	912.155	2	9	10	18	23	24	28	29	30	31	50	53	62	191	#
681	851.201	8	9	10	11	12	14	24	28	32	34	40	45	57	191	#
682	108.402	2	17	56	192	#
683	105.517	24	54	56	192	#
684	3570.5	20	23	9	6	38	4	63	25	60	2	42	41	45	34	37	15	12	7	44	50	56	24	18	14	47	53	59	46	3	36	10	51	17	48	43	31	29	55	40	39	27	1	30	28	26	35	11	61	49	19	5	52	58	22	13	0	8	32	21	54	57	33	16	62	#
685	1649.31	1	7	12	14	22	26	27	29	32	37	38	40	41	43	47	48	50	59	60	63	193	#
686	1564.12	12	14	15	19	23	28	29	34	37	38	40	42	43	46	48	50	52	55	56	60	193	#
687	1488.72	1	7	14	22	23	26	27	32	33	37	38	39	43	48	54	57	58	60	61	62	193	#
688	1433.05	0	3	6	7	12	14	17	23	26	28	29	30	32	37	42	43	44	50	52	55	193	#
689	1354.48	0	1	6	12	19	20	21	27	32	38	42	43	47	48	49	50	53	55	58	60	193	#
690	1349.91	2	5	6	7	12	14	17	27	31	35	37	39	40	43	48	52	54	58	60	63	193	#
691	510.569	18	21	22	33	45	46	48	51	194	#
692	700.362	10	12	19	26	42	45	46	53	194	#
693	654.331	1	19	26	33	34	45	46	63	194	#
694	589.625	2	12	15	21	30	38	52	53	194	#
695	561.873	19	22	25	37	48	57	61	63	194	#
696	557.879	0	7	9	18	33	45	49	53	194	#
697	250.987	2	34	39	60	195	#
698	327.619	2	9	18	59	195	#
699	308.95	33	51	60	63	195	#
700	219.057	16	33	39	63	195	#
701	203.233	15	34	37	51	195	#
702	1246.47	0	1	5	6	7	10	11	13	15	16	22	23	24	30	32	38	39	41	44	46	47	53	196	#
703	1663.02	0	1	2	7	13	18	19	22	26	29	32	34	37	39	41	46	49	50	52	59	60	63	196	#
704	1652.31	1	3	4	7	9	12	13	14	16	22	24	26	32	34	46	47	48	53	56	58	61	63	196	#
705	1649.26	1	2	4	11	12	15	19	22	27	28	30	31	32	34	39	40	47	48	49	50	53	58	196	#
706	1557.27	1	2	6	7	11	15	16	18	20	22	26	30	31	34	38	39	42	46	50	58	59	61	196	#
707	1499.62	1	4	7	9	11	13	18	22	23	24	25	26	32	37	39	41	44	47	51	54	60	62	196	#
708	32.5751	54	#
709	761.479	1	10	12	15	26	29	31	60	197	#
710	589.57	7	8	9	12	26	43	57	59	197	#
711	568.167	8	12	21	24	29	33	49	63	197	#
712	545.599	1	6	11	16	24	43	51	63	197	#
713	475.388	9	12	19	24	27	35	50	61	197	#
714	467.054	6	7	10	27	32	42	54	56	197	#
715	1573.86	2	3	12	15	19	20	21	22	26	28	30	31	34	35	37	39	42	44	45	46	53	55	198	#
716	1561.06	1	3	10	11	12	18	19	20	21	22	27	28	31	34	37	41	44	45	47	51	53	61	198	#
717	1550.99	3	5	9	11	12	14	15	20	28	29	32	35	37	41	42	44	51	53	54	55	58	62	198	#
718	1507.77	1	5	6	9	17	18	20	21	26	28	29	31	32	33	36	39	42	45	47	49	52	59	198	#
719	1498.82	1	3	6	16	18	20	21	22	24	26	28	29	30	31	38	39	41	43	44	53	55	61	198	#
720	1456.39	1	5	7	10	15	19	20	21	24	28	31	36	37	40	41	42	43	48	51	52	57	62	198	#
721	239.335	20	60	63	199	#
722	295.407	32	33	63	199	#
723	182.344	17	52	60	199	#
724	120.265	15	20	62	199	#
725	929.515	1	7	9	13	20	21	26	33	34	36	46	49	52	53	58	200	#
726	970.563	1	4	7	9	11	18	22	26	27	30	35	45	47	52	59	200	#
727	953.662	2	15	17	18	22	26	29	35	38	43	46	47	50	52	55	200	#
728	944.963	9	15	16	18	19	22	23	24	27	49	53	55	57	60	62	200	#
729	921.811	0	9	11	13	21	22	24	28	31	37	40	43	46	49	60	200	#
730	914.753	0	1	2	6	8	9	21	31	34	37	42	43	46	51	58	200	#
731	600.117	2	29	37	50	52	60	201	#
732	564.885	21	29	31	48	52	60	201	#
733	497.248	1	4	11	26	37	60	201	#
734	442.887	22	23	29	52	55	61	201	#
735	422.302	19	24	27	28	30	50	201	#
736	381.889	2	6	7	18	19	59	201	#
737	404.844	6	17	23	27	30	58	63	202	#
738	603.312	0	12	14	17	21	23	48	202	#
739	535.416	0	17	21	40	52	58	60	202	#
740	526.285	5	12	23	27	29	37	42	202	#
741	485.402	0	6	8	11	29	34	47	202	#
742	460.366	2	32	34	35	42	57	63	202	#
743	273.063	6	21	23	38	203	#
744	323.162	2	12	21	30	203	#
745	308.33	18	23	25	43	203	#
746	261.368	6	32	38	63	203	#
747	260.713	2	21	30	38	203	#
748	470.651	0	21	22	40	45	47	49	51	204	#
749	616.042	13	14	28	37	39	40	43	48	204	#
750	533.67	1	16	21	25	30	31	46	59	204	#
751	488.598	21	22	26	29	32	40	44	61	204	#
752	473.854	11	20	29	41	49	55	57	61	204	#
753	437.991	11	23	25	30	47	50	54	55	204	#
754	537.49	3	5	17	19	42	43	44	51	52	53	57	62	205	#
755	804.397	5	9	16	18	23	29	33	35	38	42	48	52	205	#
756	764.566	2	7	11	15	17	19	20	23	26	40	41	47	205	#
757	741.577	1	3	7	8	9	18	34	38	40	51	61	62	205	#
758	713.973	1	9	19	23	27	30	31	34	36	46	54	58	205	#
759	704.468	0	14	15	23	35	44	48	53	56	58	60	61	205	#
760	418.072	6	20	23	26	32	40	206	#
761	370.218	8	20	21	33	56	59	206	#
762	335.305	6	16	25	37	49	60	206	#
763	328.609	16	26	33	46	47	56	206	#
764	321.689	5	23	26	40	48	49	206	#
765	303.052	4	16	19	32	37	54	206	#
766	916.316	12	14	16	21	39	41	42	45	49	60	61	207	#
767	863.058	11	12	23	29	35	37	41	47	51	57	59	207	#
768	783.663	2	4	7	10	12	29	39	49	50	52	53	207	#
769	780.543	1	3	9	10	25	26	28	35	47	50	60	207	#
770	745.546	3	8	12	17	28	35	36	37	39	42	59	207	#
771	715.414	0	5	9	20	21	23	36	43	49	50	53	207	#
772	36.1172	47	#
773	929.935	6	9	13	19	23	25	27	31	33	36	40	42	44	53	58	61	208	#
774	1143.85	1	13	18	19	25	28	29	30	31	32	35	38	47	49	52	62	208	#
775	1082.1	3	11	12	14	17	23	25	28	31	33	37	43	47	49	52	54	208	#
776	1074.03	1	5	11	19	25	28	31	32	35	40	43	49	51	59	61	63	208	#
777	1065.33	0	9	16	19	22	25	30	31	40	42	46	55	56	58	59	63	208	#
778	1060.48	1	2	3	6	11	17	18	19	26	29	30	31	42	47	53	57	208	#
779	875.636	9	12	13	21	28	30	34	39	41	42	47	52	56	59	209	#
780	1174.22	6	9	10	18	21	22	31	35	45	49	52	55	58	63	209	#
781	1173.8	1	11	17	18	22	26	31	33	36	37	41	42	48	60	209	#
782	1171.74	2	9	13	15	19	20	22	28	30	31	49	52	55	60	209	#
783	1064.87	7	9	13	14	17	22	28	36	37	50	54	58	59	60	209	#
784	984.253	3	6	10	16	22	26	29	32	36	44	50	52	59	63	209	#
785	509.821	9	11	18	22	23	27	28	210	#
786	473.163	15	22	26	33	34	49	58	210	#
787	442.193	2	9	16	30	54	56	60	210	#
788	432.199	15	18	23	34	38	47	49	210	#
789	399.797	10	18	27	43	47	48	54	210	#
790	385.462	14	23	25	30	37	52	57	210	#
791	93.694	60	#
792	98.0395	16	62	211	#
793	53.5056	14	62	211	#
794	117.105	12	#
795	296.724	14	48	63	212	#
796	246.499	1	43	48	212	#
797	207.917	36	58	63	212	#
798	177.88	14	23	60	212	#
799	652.628	13	14	16	31	42	54	55	56	59	213	#
800	737.57	13	16	22	32	33	38	42	45	52	213	#
801	719.095	14	16	18	24	28	51	52	55	57	213	#
802	555.529	14	15	16	31	32	40	42	48	56	213	#
803	533.125	4	5	6	21	35	54	55	56	58	213	#
804	487.081	10	16	17	25	29	35	43	50	54	213	#
805	511.059	12	13	28	29	39	44	214	#
806	502.937	7	18	28	32	44	59	214	#
807	499.257	6	12	16	19	50	55	214	#
808	411.288	0	8	9	16	28	34	214	#
809	375.857	0	28	29	39	57	59	214	#
810	299.377	2	27	32	39	52	57	214	#
811	408.629	0	1	6	51	58	215	#
812	485.434	0	15	36	45	52	215	#
813	443.884	1	9	14	26	38	215	#
814	421.651	6	20	24	45	50	215	#
815	257.738	15	30	31	43	51	215	#
816	175.803	14	40	47	58	61	215	#
817	2047.27	0	1	2	3	10	11	15	17	18	20	21	22	24	27	28	31	37	39	41	42	43	49	51	57	59	60	63	216	#
818	2025.59	1	2	3	7	8	9	12	14	15	16	18	19	22	23	26	30	31	32	34	36	41	42	46	49	54	58	60	216	#
819	1987.96	1	2	3	5	8	9	12	13	15	18	22	24	27	29	31	32	34	36	37	40	41	42	52	55	59	61	62	216	#
820	1986.02	0	1	2	3	8	9	10	11	12	15	17	18	19	20	22	24	26	31	33	34	37	39	45	46	48	56	59	216	#
821	1955.57	1	9	10	11	13	18	19	22	26	27	28	29	30	31	32	34	36	37	39	43	46	51	52	54	57	59	62	216	#
822	1935.54	1	2	3	7	8	9	10	12	15	18	19	20	25	27	28	33	35	36	42	43	45	52	55	56	57	60	62	216	#
823	236.08	48	51	217	#
824	274.07	19	48	217	#
825	373.688	9	43	45	63	218	#
826	272.606	52	55	62	63	218	#
827	251	9	14	32	34	218	#
828	217.179	13	25	45	48	218	#
829	195.015	16	17	43	45	218	#
830	547.635	14	17	26	30	31	36	39	42	46	49	52	219	#
831	765.434	0	1	4	19	21	23	30	37	42	51	54	219	#
832	759.112	3	9	29	38	46	48	49	51	52	62	63	219	#
833	643.673	1	2	3	13	14	16	17	30	44	46	63	219	#
834	638.094	9	11	16	21	30	31	42	46	53	54	60	219	#
835	631.883	5	19	24	26	29	30	34	41	44	53	55	219	#
836	79.7435	5	25	62	220	#
837	103.463	5	6	54	220	#
838	69.6748	23	25	57	220	#
839	455.376	6	19	20	44	63	221	#
840	461.167	2	6	19	34	46	221	#
841	437.087	8	28	31	62	63	221	#
842	357.942	16	19	54	55	57	221	#
843	278.34	14	38	42	44	50	221	#
844	703.002	10	22	23	28	34	44	45	54	63	222	#
845	817.348	4	7	12	14	34	45	48	51	63	222	#
846	769.48	0	12	21	22	28	29	34	55	58	222	#
847	666.768	7	14	23	30	43	44	45	58	63	222	#
848	570.704	1	12	13	31	34	39	42	48	51	222	#
849	515.784	3	27	32	43	44	51	52	59	63	222	#
850	241.046	22	27	30	50	51	223	#
851	288.002	10	26	30	42	60	223	#
852	237.919	18	31	33	34	50	223	#
853	219.808	4	22	32	36	46	223	#
854	156.834	3	25	27	51	53	223	#
855	81.4962	17	51	224	#
856	116.46	17	61	224	#
857	669.011	1	2	11	13	14	16	27	50	56	225	#
858	638.352	23	38	44	50	52	56	58	59	61	225	#
859	620.217	2	20	21	22	27	50	53	56	61	225	#
860	581.584	1	2	9	11	18	20	43	51	57	225	#
861	579.098	1	2	5	9	11	15	30	39	43	225	#
862	570.899	0	1	13	16	24	35	41	53	58	225	#
863	429.809	2	5	16	20	34	36	37	43	226	#
864	626.713	19	23	26	31	32	42	43	57	226	#
865	574.504	1	9	12	16	28	32	38	60	226	#
866	526.576	2	5	15	20	21	25	31	32	226	#
867	522.586	6	9	15	20	23	36	49	57	226	#
868	414.026	5	9	13	29	36	37	47	48	226	#
869	1563.16	1	4	12	17	19	20	22	25	26	27	30	33	34	37	42	43	49	50	51	52	53	54	58	61	227	#
870	1762.1	5	10	11	12	15	16	19	20	25	28	29	38	42	44	49	50	51	52	53	57	58	60	61	63	227	#
871	1680.55	1	4	5	9	11	19	23	27	28	29	31	33	34	35	38	41	49	50	51	53	56	58	59	60	227	#
872	1630.08	1	2	4	11	12	13	15	16	19	20	22	23	25	26	29	33	34	41	43	50	54	57	58	62	227	#
873	1574.72	1	2	7	9	12	14	15	16	17	19	20	21	25	26	28	29	31	33	38	40	48	51	56	60	227	#
874	1550.59	2	5	7	8	10	16	19	21	23	25	26	29	30	32	33	34	39	42	48	50	51	53	54	59	227	#
875	783.407	0	9	10	12	13	14	15	18	30	49	51	53	60	62	228	#
876	1007.39	6	7	9	12	13	21	23	30	33	45	52	55	57	59	228	#
877	979.77	0	3	6	13	16	18	23	24	29	33	43	50	52	61	228	#
878	967.363	0	2	3	6	8	12	13	14	35	38	43	49	51	62	228	#
879	946.063	6	7	15	26	29	39	42	43	49	51	52	59	60	63	228	#
880	896.046	3	6	10	14	16	19	33	34	37	43	51	58	60	62	228	#
881	1001.62	4	5	6	7	9	23	28	29	33	34	42	45	50	51	55	229	#
882	1015.47	5	7	10	12	17	22	23	27	28	29	30	31	34	41	55	229	#
883	967.692	12	18	20	23	24	27	31	34	37	39	48	50	52	55	60	229	#
884	925.495	2	6	9	16	22	31	36	37	38	42	45	52	53	57	61	229	#
885	921.449	1	3	15	16	19	23	25	30	35	36	39	42	45	55	57	229	#
886	904.123	3	6	10	11	12	15	19	22	26	32	33	40	53	56	60	229	#
887	804.289	12	13	16	28	39	48	52	54	63	230	#
888	679.233	10	16	19	25	28	32	43	46	54	230	#
889	654.057	12	14	21	22	23	27	34	48	60	230	#
890	604.482	4	8	18	24	28	35	39	48	51	230	#
891	598.104	8	13	16	37	41	48	51	52	54	230	#
892	595.001	6	11	12	14	17	22	31	41	43	230	#
893	399.788	22	31	33	41	55	56	60	231	#
894	477.665	7	12	18	24	43	49	60	231	#
895	448.315	23	27	29	33	50	61	63	231	#
896	425.84	7	8	24	32	37	50	55	231	#
897	328.004	24	31	36	43	52	57	59	231	#
898	297.649	2	6	22	30	38	53	63	231	#
899	124.555	58	59	232	#
900	120.668	57	58	232	#
901	120.028	51	59	232	#
902	206.313	1	3	50	233	#
903	220.786	1	26	60	233	#
904	196.17	30	43	50	233	#
905	113.433	2	3	44	233	#
906	70.4946	63	#
907	644.668	10	11	15	18	27	39	43	47	51	55	63	234	#
908	842.644	4	15	25	28	34	43	49	52	54	55	59	234	#
909	794.384	7	8	9	28	31	32	39	49	55	56	58	234	#
910	793.629	1	7	9	14	24	36	37	56	57	61	63	234	#
911	757.076	7	8	12	15	16	41	44	52	58	61	62	234	#
912	748.126	1	2	9	16	28	35	39	42	47	54	59	234	#
913	949.803	1	6	7	8	9	12	19	24	26	27	28	31	32	35	50	55	235	#
914	1117.85	7	9	19	24	32	33	35	36	43	47	48	53	55	58	59	63	235	#
915	1068.48	2	4	7	15	18	19	20	21	28	33	40	47	49	52	55	56	235	#
916	1059.58	1	9	18	23	24	26	29	33	36	37	42	48	50	53	54	59	235	#
917	1038.91	0	4	6	7	9	18	19	29	32	37	38	43	48	51	58	61	235	#
918	1038.58	5	7	8	33	42	44	45	47	48	49	50	51	52	53	55	61	235	#
919	726.507	6	7	11	13	15	33	49	55	63	236	#
920	658.96	3	11	17	33	41	49	53	55	59	236	#
921	616.625	1	17	21	24	28	46	49	50	58	236	#
922	604.63	0	1	24	26	33	41	54	56	63	236	#
923	592.608	2	7	9	11	12	27	42	56	57	236	#
924	536.876	3	8	15	32	35	42	45	47	52	236	#
925	461.564	2	13	16	26	31	36	52	237	#
926	436.314	4	7	25	26	37	48	49	237	#
927	421.184	0	2	13	22	23	42	45	237	#
928	404.888	5	10	18	26	31	42	59	237	#
929	379.959	14	16	19	22	23	40	49	237	#
930	350.472	5	9	13	23	34	41	43	237	#
931	488.605	0	1	2	9	28	46	51	57	238	#
932	620.19	18	19	28	47	55	58	60	63	238	#
933	569.242	1	16	20	31	38	42	51	57	238	#
934	562.72	1	9	13	14	40	43	51	52	238	#
935	545.974	4	7	34	37	39	50	57	63	238	#
936	462.183	4	9	24	34	37	41	51	55	238	#
937	3184.64	0	1	2	3	4	5	6	7	8	9	10	11	14	15	16	17	18	19	20	21	22	23	24	25	28	29	30	32	33	34	36	37	38	39	40	41	42	43	44	45	47	48	49	50	52	53	54	55	57	58	60	61	62	63	239	#
938	3270.49	0	1	2	3	5	6	7	8	9	10	11	12	15	18	19	20	21	23	24	25	26	27	28	29	30	31	32	33	35	37	38	39	41	42	43	44	45	47	48	49	50	51	52	53	54	55	56	57	58	59	60	61	62	63	239	#
939	3270.18	0	2	3	6	7	9	11	12	13	14	15	16	17	18	19	20	21	22	23	24	25	26	28	29	30	31	32	33	35	36	37	38	39	41	42	43	44	45	47	48	49	50	51	52	53	54	55	57	58	59	60	61	62	63	239	#
940	3259.05	0	1	2	3	5	6	7	8	9	10	11	12	14	15	16	18	19	20	21	22	24	25	26	28	29	30	31	32	33	34	36	37	38	39	40	41	42	43	45	47	48	49	50	51	52	53	54	55	57	58	59	61	62	63	239	#
941	3256.04	0	1	2	3	5	6	7	8	9	10	11	12	13	14	15	16	18	19	20	22	23	24	25	27	28	29	30	31	32	33	34	36	37	38	39	40	41	42	43	44	45	47	48	49	51	52	53	55	57	58	59	60	62	63	239	#
942	3224.21	0	1	2	3	4	5	6	7	8	10	11	12	13	15	18	19	20	21	22	23	24	25	27	28	29	30	31	32	33	34	36	37	38	39	40	41	42	43	44	45	47	48	49	50	51	52	54	55	58	59	60	61	62	63	239	#
943	379.623	3	21	23	40	54	55	56	240	#
944	561.416	1	21	34	41	49	56	57	240	#
945	519.221	7	21	37	44	54	58	63	240	#
946	487.899	1	3	16	26	44	60	63	240	#
947	445.894	8	16	21	25	42	45	56	240	#
948	416.405	15	18	22	26	34	35	40	240	#
949	690.498	3	6	13	18	25	26	28	34	35	36	39	43	48	51	62	241	#
950	942.13	1	9	12	17	18	19	23	32	35	39	49	56	58	59	60	241	#
951	939.448	6	11	12	15	18	19	20	31	32	39	48	50	52	56	61	241	#
952	893.516	3	5	13	16	17	25	31	32	37	41	42	46	48	55	58	241	#
953	845.362	0	5	10	11	22	23	32	33	34	39	43	48	54	57	63	241	#
954	843.383	0	1	3	4	7	8	11	29	36	42	51	52	58	61	63	241	#
955	989.31	4	17	18	22	24	31	32	34	36	37	44	47	48	51	54	57	242	#
956	1308.87	0	1	4	11	12	14	18	24	27	31	35	41	42	52	53	59	242	#
957	1158.75	3	5	12	15	17	22	24	26	27	30	32	41	49	53	54	57	242	#
958	1146.86	4	10	13	21	22	23	27	29	30	32	33	35	42	48	50	63	242	#
959	1144.57	3	6	7	9	15	20	22	26	27	29	30	33	48	51	57	63	242	#
960	1141.33	1	3	9	14	16	17	18	24	26	27	45	46	49	52	61	63	242	#
961	1634.05	4	5	6	7	8	10	11	12	13	14	18	23	25	28	31	34	36	37	38	39	43	45	51	55	57	60	61	63	243	#
962	1971.23	0	4	6	9	10	11	12	13	14	17	19	21	23	26	29	31	33	36	37	38	42	47	54	56	57	59	61	63	243	#
963	1904.77	0	1	5	6	7	9	10	12	13	15	16	18	19	21	26	29	31	33	36	38	42	47	51	54	55	57	58	61	243	#
964	1893.86	1	7	8	12	14	16	18	21	23	24	26	27	28	33	34	36	37	38	41	44	47	54	56	57	58	59	61	63	243	#
965	1858.04	2	6	7	8	10	11	12	14	18	20	24	27	28	29	31	33	37	38	39	41	46	47	51	55	56	57	61	63	243	#
966	1837.72	0	3	5	6	7	8	12	14	21	22	24	26	29	32	36	42	47	48	50	52	53	54	57	58	59	60	61	63	243	#
967	1457.99	0	3	4	9	12	13	15	18	20	24	26	29	32	34	37	38	39	40	43	46	48	50	51	56	58	59	244	#
968	1665.99	1	2	3	4	9	15	21	22	24	28	29	31	32	33	36	38	40	41	46	48	57	58	59	61	62	63	244	#
969	1659.94	5	6	7	9	12	14	21	22	24	27	29	30	31	33	36	38	40	41	45	46	47	51	55	61	62	63	244	#
970	1619.39	1	3	7	12	14	16	20	22	24	31	33	36	37	38	39	41	46	47	49	51	52	54	55	57	58	63	244	#
971	1596.25	5	6	9	10	12	15	16	17	19	20	22	24	27	31	38	45	47	48	51	54	55	56	59	60	62	63	244	#
972	1553.71	3	4	6	7	9	16	19	23	24	25	28	33	36	37	38	42	43	46	47	49	50	51	55	60	62	63	244	#
973	171.672	10	19	47	245	#
974	205.241	13	17	47	245	#
975	168.536	13	19	54	245	#
976	101.822	10	23	62	245	#
977	1732.02	1	2	3	10	12	15	16	17	26	27	28	31	32	33	35	43	44	45	47	50	51	52	57	58	59	61	62	246	#
978	1914.37	2	6	7	9	12	17	22	26	29	32	33	40	43	46	47	49	50	51	52	53	54	57	58	60	61	62	63	246	#
979	1839.33	0	2	7	10	14	18	20	22	23	26	27	28	29	30	31	32	33	37	40	42	43	47	49	50	53	55	63	246	#
980	1797.74	0	1	2	3	4	5	9	11	12	14	15	23	28	30	31	32	35	36	43	45	49	51	52	53	59	61	62	246	#
981	1754.44	1	5	6	10	11	12	13	16	20	26	29	30	31	32	34	36	39	40	41	42	43	49	51	52	53	55	61	246	#
982	1658.91	0	4	7	8	9	11	13	14	16	17	21	23	26	29	33	34	36	43	45	46	53	54	55	58	60	61	63	246	#
983	150.112	3	23	62	63	247	#
984	199.765	4	27	55	63	247	#
985	162.658	26	52	54	62	247	#
986	1438.12	1	2	4	6	9	15	26	29	31	34	37	38	42	43	50	53	55	60	248	#
987	1399.75	1	4	8	9	11	14	19	26	29	33	34	37	39	40	41	44	48	58	248	#
988	1397.45	1	2	15	24	25	26	31	32	34	37	41	42	46	50	53	57	58	59	248	#
989	1372.41	4	8	9	15	21	22	25	26	31	33	37	42	43	44	46	52	55	63	248	#
990	1322.05	1	2	8	12	18	22	25	28	29	31	33	35	43	45	50	53	54	59	248	#
991	1315.49	0	1	2	7	9	14	21	22	23	30	34	35	37	46	52	56	58	59	248	#
992	243.071	6	14	36	38	41	44	62	249	#
993	314.268	22	31	34	35	36	53	57	249	#
994	245.783	4	10	14	25	38	55	60	249	#
995	227.185	22	24	39	46	52	62	63	249	#
996	94.4269	0	14	16	25	40	44	46	249	#
997	316.409	6	17	29	35	44	62	250	#
998	432.695	6	23	32	40	51	58	250	#
999	400.575	3	12	25	28	29	32	250	#
1000	353.778	5	10	14	48	62	63	250	#
1001	271.689	13	27	29	30	35	51	250	#
1002	198.228	7	17	30	34	36	59	250	#
