%% File generated by CATS v.2.1Wed Jun 22 10:37:27 2022

%% The CATS webpage is http://robotics.stanford.edu/CATS

%% PARAMETER SETTINGS:
% Goods: 64; Bids: 1000; Distribution: arbitrary; Runs: 1; Seed: 1656572422
% Arbitrary Distribution Parameters:
% Max Substitutable Bids = 5
% Removing HV Neighbor   = 0.1
% Adding DIAG Neighbor   = 0.2
% Additional Location    = 0.9
% Additivity             = 0.2
% Budget Factor          = 1.5
% Resale Factor          = 0.5
% Normal Private Value:
%   Mean                 = 0
%   Standard Deviation   = 30



goods 64
bids 1000
dummy 186

0	198.799	2	6	32	64	#
1	204.578	29	32	57	64	#
2	185.743	2	36	62	64	#
3	185.124	4	6	26	64	#
4	414.18	12	34	35	43	56	65	#
5	405.63	10	27	33	35	47	65	#
6	390.653	18	29	34	35	54	65	#
7	310.609	26	34	35	56	57	65	#
8	277.078	12	17	36	39	57	65	#
9	224.44	21	24	27	37	43	65	#
10	624.069	1	3	10	11	14	15	30	32	35	56	63	66	#
11	846.569	7	14	17	19	20	22	38	42	44	50	62	66	#
12	821.249	2	6	8	17	26	38	42	48	56	57	63	66	#
13	802.246	3	7	8	12	30	35	36	37	44	54	62	66	#
14	754.206	1	2	7	9	32	37	42	46	53	54	56	66	#
15	752.831	2	13	14	15	17	24	32	38	46	47	59	66	#
16	1301.06	1	8	9	13	16	19	21	25	27	32	33	34	38	39	41	49	51	53	55	57	59	67	#
17	1644.92	1	4	8	11	12	13	14	17	19	25	26	33	34	36	40	47	52	54	55	57	61	67	#
18	1491.31	1	5	6	11	14	15	16	25	26	29	33	35	39	41	45	46	55	56	57	59	62	67	#
19	1476.04	1	5	10	11	13	14	18	22	26	28	32	33	37	39	41	46	52	54	55	56	61	67	#
20	1460.58	3	4	8	12	17	18	20	32	33	34	35	36	37	38	39	44	46	48	53	57	59	67	#
21	1452.23	2	11	12	13	16	19	25	26	30	36	39	41	42	48	50	51	54	55	56	57	61	67	#
22	261.911	15	21	22	34	44	59	68	#
23	334.542	25	27	28	46	47	59	68	#
24	273.755	3	22	30	32	38	46	68	#
25	242.58	12	21	29	46	53	57	68	#
26	196.239	21	25	34	44	48	61	68	#
27	491.008	20	22	26	29	30	32	41	47	56	69	#
28	630.417	13	14	19	26	27	30	34	35	41	69	#
29	566.881	5	14	19	41	48	49	50	53	60	69	#
30	542.801	7	9	11	26	27	30	47	48	57	69	#
31	525.498	2	11	25	35	43	45	47	50	53	69	#
32	474.654	5	9	17	20	37	42	50	53	62	69	#
33	983.461	1	2	6	14	15	16	18	20	26	30	34	38	41	49	53	54	57	63	70	#
34	1226.09	0	3	9	11	14	16	33	34	38	40	41	42	45	50	51	53	58	62	70	#
35	1214.55	2	6	8	10	13	29	30	32	37	38	39	40	45	49	53	58	62	63	70	#
36	1149.43	2	3	8	14	18	20	22	25	32	36	37	40	45	52	55	58	60	62	70	#
37	1138.53	0	4	8	11	20	22	30	34	39	41	42	43	44	50	55	60	61	63	70	#
38	1072.44	3	13	18	19	20	21	22	25	30	31	38	44	49	51	53	54	59	61	70	#
39	292.481	30	41	44	71	#
40	291.85	41	46	48	71	#
41	242.943	4	30	61	71	#
42	212.56	11	14	44	71	#
43	938.732	1	2	6	11	12	14	16	17	19	21	35	37	42	45	54	56	61	72	#
44	1182.79	2	4	6	8	11	19	26	27	29	30	34	37	42	45	47	54	56	72	#
45	1156.63	0	3	13	16	18	26	27	30	36	37	39	44	54	56	59	61	62	72	#
46	1148.99	3	6	9	11	16	19	22	29	34	37	38	42	43	44	50	57	61	72	#
47	1092.99	7	11	17	18	20	27	29	37	43	45	46	48	50	51	54	57	59	72	#
48	1076.56	2	4	9	13	14	15	16	30	34	36	44	45	52	54	57	59	60	72	#
49	799.695	8	11	13	17	34	38	40	47	52	55	57	61	63	73	#
50	943.322	2	5	14	15	33	37	42	44	51	54	55	59	62	73	#
51	896.926	0	2	8	25	30	34	37	39	54	58	60	61	62	73	#
52	862.5	10	11	12	14	31	34	37	45	47	48	57	59	60	73	#
53	850.202	1	15	16	31	36	38	39	40	42	48	50	57	58	73	#
54	836.134	16	17	22	27	30	31	32	37	39	50	54	59	63	73	#
55	742.503	11	23	34	38	43	45	49	57	61	74	#
56	772.502	0	14	19	23	25	34	56	57	63	74	#
57	624.571	4	5	10	12	19	22	43	46	49	74	#
58	608.624	9	13	30	34	38	39	42	44	50	74	#
59	604.117	4	14	40	42	43	46	59	61	63	74	#
60	589.494	0	10	17	23	32	33	56	60	61	74	#
61	2064.67	1	3	6	8	9	13	14	15	16	17	18	19	20	22	28	29	30	35	36	37	38	40	41	42	44	45	49	50	60	75	#
62	2084.57	0	1	2	3	6	7	8	9	11	16	17	19	22	23	34	35	38	41	42	48	49	50	52	54	55	56	57	59	61	75	#
63	2064.62	2	5	6	7	8	12	14	15	16	17	21	22	26	27	30	31	32	38	40	41	42	45	46	49	50	53	56	59	60	75	#
64	2038.93	1	2	5	6	7	11	12	13	14	18	19	21	24	28	30	33	34	35	37	38	42	45	47	49	50	52	55	59	63	75	#
65	2032.62	1	2	3	5	6	7	10	11	12	14	20	22	23	24	26	30	33	37	38	40	42	45	48	49	50	53	55	61	63	75	#
66	1970.44	1	2	3	5	7	8	10	13	14	15	18	19	20	21	27	28	29	33	35	37	38	40	42	44	46	48	49	50	62	75	#
67	761.408	4	5	10	12	13	23	29	32	39	54	55	63	76	#
68	841.267	1	10	14	18	26	31	33	42	46	54	61	63	76	#
69	830.503	8	11	12	13	14	16	19	20	43	45	56	58	76	#
70	792.666	3	4	7	24	29	36	37	48	54	55	59	63	76	#
71	775.467	1	8	10	12	16	27	32	39	42	45	49	52	76	#
72	741.976	5	14	20	23	32	35	36	42	49	55	57	60	76	#
73	1340.99	5	6	11	13	14	19	30	31	34	37	38	41	42	44	45	50	51	54	55	63	77	#
74	1559.48	0	1	6	12	15	19	20	21	22	23	32	38	40	42	45	46	47	54	58	60	77	#
75	1536.25	0	1	2	6	8	11	23	26	31	32	34	37	39	40	41	46	58	59	62	63	77	#
76	1510.62	2	3	9	13	19	29	31	34	38	40	41	42	43	48	50	52	54	57	62	63	77	#
77	1509.64	0	3	9	18	20	21	30	32	34	36	40	42	43	44	45	47	53	54	55	58	77	#
78	1448.22	0	2	4	8	14	17	21	22	23	24	30	32	40	41	44	49	50	54	57	59	77	#
79	493.656	10	12	14	17	19	26	29	46	52	78	#
80	729.639	3	7	9	12	37	42	54	62	63	78	#
81	725.932	0	1	4	17	25	26	27	33	36	78	#
82	657.223	3	17	22	26	28	44	45	55	57	78	#
83	647.895	9	10	26	52	54	56	57	58	59	78	#
84	609.538	11	14	21	22	34	37	42	61	62	78	#
85	95.16	14	#
86	855.423	6	8	9	10	12	13	16	20	22	23	36	37	41	49	79	#
87	939.904	6	18	20	22	23	30	36	40	46	48	49	54	55	61	79	#
88	885.525	2	4	10	12	20	26	27	34	37	42	48	58	59	62	79	#
89	851.108	0	4	7	9	18	38	43	46	48	50	52	53	61	62	79	#
90	845.143	18	21	22	23	25	30	41	43	45	46	48	49	52	62	79	#
91	841.367	2	10	14	20	23	28	37	38	41	43	44	48	51	54	79	#
92	201.106	12	26	27	80	#
93	239.627	26	40	61	80	#
94	210.252	7	27	43	80	#
95	436.281	1	12	24	30	36	37	42	54	63	81	#
96	568.908	1	5	14	21	22	36	48	52	54	81	#
97	563.486	1	2	13	24	37	42	47	52	61	81	#
98	561.17	7	12	21	23	30	31	47	50	60	81	#
99	550.671	1	4	5	24	25	33	46	52	60	81	#
100	497.814	1	14	29	30	34	39	44	46	63	81	#
101	201.992	1	18	36	82	#
102	242.239	23	36	46	82	#
103	162.62	1	18	31	82	#
104	117.816	18	22	27	82	#
105	482.622	13	19	43	46	49	83	#
106	579.468	13	32	43	49	54	83	#
107	461.415	27	43	46	49	56	83	#
108	431.287	11	15	18	19	36	83	#
109	388.676	16	27	38	43	45	83	#
110	361.346	5	13	19	48	60	83	#
111	245.932	0	1	12	17	21	25	51	60	84	#
112	330.216	1	9	17	24	35	47	59	62	84	#
113	198.155	1	2	7	10	21	22	59	63	84	#
114	137.207	2	12	22	25	39	48	53	55	84	#
115	638.309	7	8	20	21	28	31	42	44	56	85	#
116	704.785	3	8	12	15	17	26	49	52	56	85	#
117	600.435	15	16	30	40	42	44	48	56	57	85	#
118	563.013	1	9	28	29	31	36	38	57	62	85	#
119	562.361	7	9	14	16	19	28	37	50	51	85	#
120	523.391	16	20	21	22	29	45	55	61	63	85	#
121	276.298	17	34	36	38	86	#
122	396.552	34	42	44	48	86	#
123	258.582	7	38	58	60	86	#
124	236.684	11	21	36	50	86	#
125	135.755	10	13	18	43	48	#
126	143.911	22	36	87	#
127	175.581	12	36	87	#
128	76.7053	22	44	87	#
129	485.732	10	15	20	24	50	51	54	88	#
130	580.745	9	15	20	34	36	49	53	88	#
131	540.697	10	20	34	42	51	62	63	88	#
132	466.597	15	20	41	46	47	50	51	88	#
133	463.706	15	24	26	30	33	52	56	88	#
134	444.964	1	13	29	37	54	55	57	88	#
135	96.4939	18	48	89	#
136	100.04	19	#
137	72.3642	48	54	89	#
138	195.038	4	28	29	90	#
139	185.859	22	29	61	90	#
140	175.26	4	37	58	90	#
141	158.527	1	28	49	90	#
142	111.854	47	#
143	2082.78	1	2	3	8	10	11	12	13	15	20	23	28	30	32	33	35	37	38	39	42	43	46	48	49	50	51	54	57	59	60	61	63	91	#
144	2292.93	6	8	11	12	13	14	15	19	20	22	23	24	30	32	33	34	35	37	39	40	42	44	45	46	51	52	55	56	57	59	61	63	91	#
145	2233.5	2	3	7	8	14	15	17	18	19	20	21	23	24	28	29	33	34	35	36	37	38	40	41	42	44	46	49	51	52	53	56	59	91	#
146	2230.74	0	3	6	7	8	10	11	13	14	15	16	18	19	20	21	22	27	30	32	33	35	40	41	42	43	46	47	50	51	54	56	59	91	#
147	2217.34	2	3	5	7	8	12	13	14	15	19	20	22	23	25	27	34	39	41	42	44	46	47	48	49	50	51	52	55	56	58	61	63	91	#
148	2188.94	0	2	7	8	12	13	14	15	19	20	21	22	23	24	27	29	31	33	35	36	39	40	42	43	45	46	51	52	56	57	59	61	91	#
149	392.982	1	4	8	35	54	55	92	#
150	400.149	7	22	26	49	54	59	92	#
151	389.094	3	4	8	26	39	59	92	#
152	335.426	1	27	36	38	51	55	92	#
153	309.966	1	8	17	25	45	50	92	#
154	287.948	0	1	38	46	54	63	92	#
155	330.585	33	34	40	53	93	#
156	448.813	6	28	33	45	93	#
157	355	28	34	40	41	93	#
158	272.865	4	14	40	45	93	#
159	174.173	3	35	53	59	93	#
160	425.67	14	17	18	19	27	35	42	55	94	#
161	485.84	2	8	14	16	20	26	34	55	94	#
162	472.292	5	18	30	34	40	42	43	48	94	#
163	471.902	10	19	31	37	40	43	45	52	94	#
164	466.33	17	19	21	24	30	35	43	56	94	#
165	460.785	6	9	11	14	15	32	42	58	94	#
166	1068.94	5	6	20	26	34	37	43	45	49	54	57	63	95	#
167	1084.75	6	7	8	22	26	27	34	39	49	57	59	62	95	#
168	1040.33	10	14	18	20	26	27	32	34	42	50	54	55	95	#
169	1031.74	5	6	13	23	24	26	32	41	42	49	55	56	95	#
170	966.289	1	3	6	20	26	29	42	45	50	53	58	62	95	#
171	919.196	1	6	9	13	14	23	30	31	34	40	42	45	95	#
172	1432.85	0	2	4	8	9	10	12	14	18	19	23	24	26	28	29	30	32	39	40	41	42	43	45	48	49	50	52	53	57	62	96	#
173	2124.68	0	2	6	7	8	12	14	15	16	18	20	21	22	25	27	29	31	34	35	37	39	40	42	43	46	49	50	54	56	61	96	#
174	2000.95	2	6	7	14	15	16	18	19	21	22	26	28	29	30	31	33	35	36	37	40	41	43	46	49	50	52	56	58	60	62	96	#
175	1968.53	0	6	7	8	9	10	11	12	14	16	19	20	21	23	26	28	29	31	35	36	43	46	49	50	52	54	58	59	60	62	96	#
176	1928.64	0	7	11	13	14	16	19	20	21	23	24	25	26	27	29	31	34	37	39	41	42	43	46	47	48	49	50	52	58	60	96	#
177	1918.72	1	3	4	7	8	10	14	16	18	19	20	22	23	24	28	29	34	36	37	40	43	45	46	50	52	54	55	56	57	58	96	#
178	2261.14	1	3	4	6	7	8	9	13	14	15	18	19	20	22	27	28	30	31	33	34	35	36	37	40	41	42	43	46	50	52	53	58	59	60	97	#
179	2662.29	1	3	7	8	9	10	11	12	13	14	18	19	23	25	26	27	28	29	31	32	33	34	38	45	47	48	49	53	54	55	58	59	60	63	97	#
180	2642.07	2	3	4	7	8	9	11	12	13	14	15	20	25	26	27	28	29	33	34	37	41	42	43	45	46	49	52	54	56	58	59	60	62	63	97	#
181	2558.24	1	7	10	11	12	13	14	18	19	20	23	24	25	27	29	30	31	32	33	35	38	40	42	43	45	47	48	49	50	53	55	57	58	61	97	#
182	2534.14	2	7	9	11	12	13	14	15	18	19	21	26	27	28	32	33	35	36	37	42	43	46	47	49	50	52	53	54	55	56	57	59	62	63	97	#
183	2500.11	8	9	11	12	14	15	18	19	24	26	27	28	30	31	32	33	34	35	37	38	41	42	45	46	48	49	51	54	55	57	58	59	61	63	97	#
184	215.092	38	41	98	#
185	214.552	32	38	98	#
186	191.989	2	41	98	#
187	248.077	55	56	99	#
188	205.493	56	60	99	#
189	64.9945	52	55	99	#
190	152.67	7	10	63	100	#
191	196.362	7	10	11	100	#
192	154.183	7	24	63	100	#
193	106.509	13	20	63	100	#
194	206.891	41	46	59	101	#
195	250.497	37	41	62	101	#
196	222.571	46	48	56	101	#
197	190.804	15	46	59	101	#
198	1417.88	7	8	9	12	14	16	18	23	25	26	28	29	31	38	40	46	47	50	52	54	58	62	102	#
199	1607.05	5	8	9	14	16	25	26	28	34	35	38	41	42	47	48	49	50	52	57	58	60	61	102	#
200	1397.61	5	6	7	13	14	16	17	19	26	27	28	29	32	34	37	44	46	49	52	58	61	62	102	#
201	1384.01	2	5	6	7	8	11	13	14	22	27	28	29	30	36	38	49	50	52	54	56	57	59	102	#
202	1342.94	5	7	12	14	15	16	21	24	25	26	27	28	32	35	36	37	38	40	47	57	59	62	102	#
203	1329.29	3	4	5	8	9	13	14	17	22	24	28	29	32	34	38	42	44	47	53	56	59	62	102	#
204	1322.2	1	6	7	9	16	17	20	22	24	27	28	30	31	33	35	36	37	40	44	46	47	49	50	51	53	56	59	60	103	#
205	1720.66	3	5	6	11	12	13	16	18	20	27	34	35	36	37	38	41	42	44	48	51	52	53	54	55	57	59	62	63	103	#
206	1703.19	0	3	11	13	15	20	21	22	29	31	34	35	38	40	41	42	44	45	46	48	49	51	52	54	57	61	62	63	103	#
207	1665.36	0	3	4	5	6	8	9	12	16	27	29	30	35	37	38	39	40	41	46	47	49	50	51	54	56	58	61	63	103	#
208	1653	1	3	7	8	9	10	12	13	17	20	21	22	27	30	34	36	37	42	44	45	47	51	52	54	56	60	62	63	103	#
209	1613.78	3	4	5	6	9	11	14	17	22	27	30	32	34	35	37	38	40	41	42	46	47	48	51	53	54	55	60	61	103	#
210	286.057	1	6	16	25	55	63	104	#
211	426.93	7	20	24	38	39	63	104	#
212	360.11	6	7	10	18	22	55	104	#
213	300.245	7	8	25	35	40	46	104	#
214	273.28	1	7	10	28	42	51	104	#
215	229.63	15	16	27	28	31	62	104	#
216	420.439	14	15	20	28	48	58	105	#
217	502.199	6	15	20	28	33	59	105	#
218	475.743	11	15	16	32	33	45	105	#
219	423.219	3	14	15	16	48	60	105	#
220	277.62	1	15	39	48	58	60	105	#
221	248.641	14	17	30	34	46	55	105	#
222	451.606	6	14	22	24	38	44	54	59	106	#
223	545.893	4	6	27	36	44	52	54	55	106	#
224	522.763	6	8	11	16	24	45	59	60	106	#
225	492.864	3	9	14	26	35	37	54	59	106	#
226	486.088	1	7	24	44	50	57	59	63	106	#
227	478.006	12	14	16	24	27	38	43	52	106	#
228	1040.47	3	5	6	10	16	20	21	26	31	32	35	44	55	63	107	#
229	1118.6	5	7	14	15	16	20	26	31	34	37	54	58	59	61	107	#
230	1102.74	4	10	19	20	26	31	34	36	37	44	55	56	60	63	107	#
231	1094.66	7	8	14	18	19	34	36	40	47	51	53	54	55	63	107	#
232	1075.5	3	4	11	16	21	26	34	36	44	55	58	59	60	63	107	#
233	1036.14	6	7	10	12	15	16	23	26	36	37	39	46	55	58	107	#
234	126.396	45	#
235	555.297	6	9	15	28	37	40	42	46	58	61	108	#
236	658.825	21	23	31	37	42	44	45	46	50	59	108	#
237	635.052	0	6	16	22	23	26	30	39	51	61	108	#
238	586.068	0	3	8	18	26	36	39	58	60	61	108	#
239	575.787	2	4	6	21	23	39	40	43	46	57	108	#
240	573.422	3	9	10	11	22	23	40	43	51	61	108	#
241	499.462	10	11	28	33	36	61	62	109	#
242	531.969	1	8	10	22	32	40	49	109	#
243	487.902	22	28	30	33	36	39	62	109	#
244	451.241	2	5	6	19	35	48	62	109	#
245	364.121	11	12	15	36	38	43	51	109	#
246	357.307	2	14	29	37	48	59	61	109	#
247	981.97	2	5	6	11	12	19	27	34	36	37	39	46	48	63	110	#
248	1035.47	0	5	13	14	19	21	22	27	32	34	43	50	56	58	110	#
249	954.926	0	11	14	19	23	26	34	37	39	43	44	47	48	61	110	#
250	946.335	6	12	13	19	26	29	34	36	41	42	44	46	51	55	110	#
251	933.478	6	8	10	13	14	17	27	28	34	41	46	48	50	51	110	#
252	917.273	0	2	4	10	20	24	25	32	34	36	41	46	54	58	110	#
253	239.52	2	18	21	47	62	111	#
254	304.974	2	25	47	49	62	111	#
255	283.428	7	28	55	59	62	111	#
256	276.375	20	21	22	35	36	111	#
257	232.378	2	6	16	35	62	111	#
258	184.082	18	30	51	62	63	111	#
259	492.761	14	16	54	59	60	112	#
260	438.8	1	34	36	42	54	112	#
261	325.381	16	24	27	48	60	112	#
262	319.571	14	17	19	23	60	112	#
263	283.459	1	14	31	59	60	112	#
264	213.757	1	10	14	43	50	112	#
265	865.953	3	7	13	16	20	23	24	29	30	32	36	44	52	63	113	#
266	868.52	3	7	8	12	16	18	27	32	33	47	51	52	54	60	113	#
267	840.463	0	2	3	7	13	29	39	42	44	47	48	50	52	58	113	#
268	813.341	1	6	7	20	22	28	29	35	38	44	46	48	52	60	113	#
269	811.361	3	7	14	18	23	25	33	35	44	47	49	53	58	62	113	#
270	783.921	0	5	6	11	13	14	16	21	23	26	30	36	48	51	113	#
271	787.108	1	5	7	9	14	17	18	20	23	25	28	29	30	31	45	46	50	52	53	61	63	114	#
272	1175.35	3	8	9	10	14	16	17	18	20	23	24	25	29	32	34	35	38	39	56	60	61	114	#
273	1139.73	1	4	6	7	11	14	25	26	30	34	38	39	40	43	46	48	53	56	57	59	61	114	#
274	1112.1	2	13	17	19	20	21	24	25	26	32	34	37	42	45	46	49	50	52	55	56	61	114	#
275	1049.86	0	3	12	13	16	18	19	21	25	26	28	40	44	47	49	50	52	54	56	57	62	114	#
276	1023.85	4	9	10	13	14	19	21	30	31	36	37	39	41	42	44	45	46	50	53	56	61	114	#
277	19.9856	25	#
278	28.2985	10	51	115	#
279	21.2233	40	51	115	#
280	394.255	15	19	28	38	59	116	#
281	452.513	15	32	33	38	58	116	#
282	377.528	6	14	17	19	42	116	#
283	345.142	3	15	22	44	57	116	#
284	246.423	7	25	37	55	59	116	#
285	225.35	18	28	37	57	61	116	#
286	11.0009	9	#
287	116.32	49	#
288	846.299	5	9	11	12	16	30	33	39	40	42	43	45	63	117	#
289	1036.57	0	11	14	19	27	30	33	34	36	38	41	60	63	117	#
290	1022.57	2	3	11	20	33	37	38	40	43	53	54	57	63	117	#
291	990.493	0	5	10	11	34	41	45	47	48	49	57	60	63	117	#
292	957.816	4	12	16	20	21	23	36	39	42	54	55	57	63	117	#
293	897.671	3	4	16	19	26	28	30	31	32	41	46	48	50	117	#
294	339.841	5	30	44	48	52	57	62	118	#
295	408.845	12	16	17	32	48	54	61	118	#
296	392.963	10	18	19	26	54	61	62	118	#
297	368.299	9	17	31	37	52	56	59	118	#
298	349.196	2	4	5	12	17	35	47	118	#
299	334.407	4	5	10	18	38	57	63	118	#
300	158.402	49	52	57	119	#
301	191.154	8	25	52	119	#
302	152.552	17	57	62	119	#
303	121.711	2	27	49	119	#
304	785.511	0	2	22	23	26	34	38	42	43	46	55	56	57	120	#
305	1044.32	3	8	15	16	20	29	34	41	48	49	54	55	57	120	#
306	977.079	3	4	6	7	16	23	26	29	34	46	54	59	61	120	#
307	922.595	14	18	19	20	22	28	29	32	33	38	41	45	46	120	#
308	900.536	1	14	19	26	34	35	43	45	46	48	49	58	59	120	#
309	871.336	0	6	8	14	15	19	22	34	36	46	49	52	58	120	#
310	281.769	4	14	31	121	#
311	245.485	4	13	33	121	#
312	221.027	14	19	36	121	#
313	147.915	23	31	39	121	#
314	352.451	7	24	37	49	63	122	#
315	394.849	6	37	42	43	61	122	#
316	381.5	9	14	34	36	49	122	#
317	376.818	7	26	54	55	63	122	#
318	327.636	7	8	13	26	45	122	#
319	242.311	4	5	24	56	61	122	#
320	338.455	3	43	45	50	123	#
321	322.629	3	6	21	45	123	#
322	299.891	43	50	54	58	123	#
323	220.222	21	28	45	48	123	#
324	165.75	24	34	43	56	123	#
325	170.397	28	36	61	124	#
326	167.597	10	33	61	124	#
327	152.849	12	28	36	124	#
328	79.8524	10	28	38	124	#
329	106.945	6	9	35	125	#
330	108.512	6	9	40	125	#
331	534.688	8	33	54	56	57	58	126	#
332	550.6	34	42	44	47	56	58	126	#
333	432.815	0	20	23	31	33	57	126	#
334	427.514	20	23	29	33	45	53	126	#
335	425.33	5	8	34	35	46	56	126	#
336	396.17	2	8	39	42	45	62	126	#
337	54.9795	43	#
338	320.861	20	27	38	52	127	#
339	309.979	20	27	49	55	127	#
340	265.505	2	20	34	40	127	#
341	257.012	45	50	52	63	127	#
342	232.578	6	35	38	50	127	#
343	140.491	35	52	128	#
344	152.448	9	35	128	#
345	107.055	26	52	128	#
346	589.434	0	2	4	18	23	25	34	38	39	49	50	51	52	129	#
347	860.675	1	7	8	11	12	14	23	30	32	33	38	60	62	129	#
348	836.204	0	1	3	8	14	18	30	32	34	39	41	49	55	129	#
349	821.061	7	13	14	17	18	20	30	35	40	50	56	57	59	129	#
350	791.611	4	9	11	16	20	28	30	32	37	38	49	50	51	129	#
351	741.475	9	11	25	30	32	42	46	47	52	54	58	60	63	129	#
352	84.5084	36	#
353	319.086	8	25	46	54	60	130	#
354	425.183	23	30	36	47	60	130	#
355	372.052	4	8	25	34	57	130	#
356	354.876	8	11	22	29	34	130	#
357	324.38	25	41	46	56	60	130	#
358	168.061	5	17	22	54	58	130	#
359	511.301	8	9	36	42	44	52	55	62	131	#
360	616.748	1	11	20	41	42	44	49	59	131	#
361	512.202	3	4	6	8	10	27	42	44	131	#
362	497.237	1	3	21	30	34	36	47	49	131	#
363	443.752	9	21	28	36	38	41	49	63	131	#
364	424.422	10	11	22	27	35	44	52	63	131	#
365	246.53	19	55	62	132	#
366	218.598	19	26	31	132	#
367	169.436	9	12	62	132	#
368	294.013	8	9	22	36	40	41	133	#
369	404.814	8	27	45	49	53	56	133	#
370	340.576	5	22	32	34	47	60	133	#
371	279.484	17	24	36	38	41	51	133	#
372	248.842	28	30	40	43	46	60	133	#
373	178.249	1	9	13	16	26	57	133	#
374	1968.77	0	1	3	6	7	9	10	13	16	18	22	23	25	27	28	29	30	31	33	37	39	40	43	44	45	46	49	50	53	55	56	57	58	60	61	62	134	#
375	2414.2	0	3	4	6	7	8	10	11	15	16	18	19	20	22	25	28	31	33	34	37	38	39	41	44	45	46	51	53	54	56	57	59	60	61	62	63	134	#
376	2403.34	2	3	5	6	7	8	13	16	17	19	22	23	25	29	30	31	32	33	34	35	37	38	42	44	46	47	49	51	55	56	58	59	60	61	62	63	134	#
377	2380.54	0	2	3	4	6	8	14	15	16	18	19	22	25	27	30	31	33	34	36	37	40	42	43	45	46	48	49	51	53	54	55	56	57	60	61	63	134	#
378	2203.89	1	2	3	4	6	7	8	9	14	18	20	24	26	27	28	30	33	34	37	40	42	44	45	46	47	48	49	51	52	54	56	57	58	60	61	63	134	#
379	2173.89	0	1	2	3	4	5	6	7	8	11	12	16	18	19	20	21	29	30	31	32	33	34	35	36	38	40	44	46	47	51	55	56	57	58	60	61	134	#
380	427.024	6	7	19	24	41	43	135	#
381	497.011	2	6	7	8	29	41	135	#
382	377.093	4	30	32	41	47	56	135	#
383	306.435	19	22	29	37	51	60	135	#
384	297.308	0	25	29	43	48	49	135	#
385	287.219	13	15	20	24	35	41	135	#
386	371.433	1	3	23	36	44	60	61	62	136	#
387	459.921	3	9	10	14	24	35	48	63	136	#
388	459.14	1	6	21	32	34	44	45	54	136	#
389	451.19	8	13	17	18	29	33	36	49	136	#
390	415.793	0	2	7	39	43	44	49	62	136	#
391	409.222	14	17	24	38	58	60	61	62	136	#
392	182.26	2	15	38	46	58	137	#
393	272.022	10	13	38	58	59	137	#
394	169.358	2	16	20	39	62	137	#
395	849.203	0	6	8	10	14	19	50	54	60	62	138	#
396	788.716	5	8	12	16	17	34	37	38	58	60	138	#
397	784.345	8	13	14	18	25	27	34	50	55	62	138	#
398	782.11	0	3	6	14	20	32	43	46	49	63	138	#
399	651.1	2	22	25	32	33	35	36	54	58	59	138	#
400	638.006	8	24	28	37	42	44	49	52	53	58	138	#
401	526.16	4	8	18	19	24	31	35	45	139	#
402	657.631	19	24	35	37	41	44	49	56	139	#
403	539.011	7	8	9	17	19	28	49	62	139	#
404	497.439	3	8	24	28	33	35	39	45	139	#
405	467.062	3	7	12	14	15	18	31	51	139	#
406	442.877	4	14	15	21	36	53	62	63	139	#
407	429.813	0	10	34	35	37	40	44	58	59	140	#
408	630.24	7	8	17	24	26	37	47	54	59	140	#
409	543.573	10	31	37	39	42	44	46	56	62	140	#
410	534.038	3	23	31	36	37	40	48	55	61	140	#
411	500.62	0	8	13	18	37	38	45	57	58	140	#
412	466.891	3	25	33	37	40	42	59	60	62	140	#
413	72.3469	4	26	40	#
414	348.138	29	36	47	50	54	141	#
415	352.781	7	11	24	33	36	141	#
416	347.338	14	16	24	26	29	141	#
417	330.22	12	16	28	37	54	141	#
418	229.997	16	21	31	43	50	141	#
419	200.991	11	21	47	58	60	141	#
420	1741.39	1	2	6	8	9	12	15	17	18	19	22	23	25	26	27	30	31	35	36	38	40	41	45	47	48	49	53	55	57	58	142	#
421	1994.36	0	4	8	9	13	14	15	18	19	22	25	27	30	32	35	36	40	41	42	43	44	45	47	48	49	50	51	54	55	57	142	#
422	1984.25	2	4	6	7	8	9	11	12	14	15	19	22	23	32	35	36	37	38	39	47	48	50	51	52	53	55	58	59	61	62	142	#
423	1949.51	2	4	13	14	16	17	26	29	31	32	33	35	36	37	39	40	41	42	43	44	47	48	50	52	53	54	57	58	59	61	142	#
424	1923.34	0	2	4	6	7	9	12	14	15	17	18	19	22	23	27	30	32	34	38	43	49	50	52	55	56	57	59	61	62	63	142	#
425	1907.48	3	4	6	7	8	13	15	16	17	18	19	20	28	30	32	33	36	37	38	45	46	47	48	49	50	53	54	58	61	62	142	#
426	167.78	1	13	37	61	143	#
427	238.608	32	42	43	61	143	#
428	212.995	1	4	13	50	143	#
429	242.863	0	58	63	144	#
430	288.755	7	17	58	144	#
431	238.85	0	6	56	144	#
432	193.947	57	60	63	144	#
433	1522.16	1	9	10	11	17	19	23	24	26	28	31	32	33	35	38	44	46	49	50	51	53	55	57	58	60	62	63	145	#
434	1876.86	2	4	5	8	9	11	12	13	14	15	17	19	20	23	26	27	32	33	34	41	42	44	49	56	59	60	61	145	#
435	1872.91	0	4	5	6	7	8	9	13	19	20	25	26	27	29	30	32	44	46	47	48	53	54	57	58	59	60	62	145	#
436	1847.01	0	2	3	8	10	14	17	19	20	23	28	33	36	38	39	43	46	47	48	49	50	54	57	58	60	62	63	145	#
437	1827.37	5	6	9	13	17	19	20	23	26	27	33	36	38	39	40	41	46	47	48	50	51	54	55	58	60	62	63	145	#
438	1811	3	5	8	19	20	23	24	25	26	29	31	32	33	34	35	39	41	43	44	47	48	51	54	56	59	61	62	145	#
439	1144.06	3	5	6	7	8	9	10	12	15	17	18	21	29	35	36	38	39	40	43	45	57	62	146	#
440	1473.79	3	4	5	7	11	13	15	16	17	18	19	24	35	38	39	43	46	52	55	56	57	60	146	#
441	1442.13	4	5	8	13	16	19	21	24	31	33	39	40	44	45	47	51	52	53	55	60	61	63	146	#
442	1440.61	2	4	5	6	8	11	15	19	20	22	24	28	29	30	32	36	41	43	45	57	59	62	146	#
443	1429.08	5	6	11	12	13	15	20	23	24	26	27	31	33	39	40	41	43	48	51	55	61	63	146	#
444	1404.31	0	4	5	8	12	13	14	16	18	19	20	25	27	34	36	42	43	45	46	47	54	57	146	#
445	517.211	9	12	15	17	18	22	32	45	58	62	147	#
446	705.66	9	10	12	17	23	38	42	59	62	63	147	#
447	666.713	5	9	12	13	20	23	30	31	37	48	147	#
448	657.942	8	9	11	17	23	37	38	59	60	62	147	#
449	586.663	0	9	13	16	20	26	31	52	55	58	147	#
450	583.975	3	4	5	8	19	20	26	38	60	62	147	#
451	150.793	9	26	52	148	#
452	145.918	9	17	57	148	#
453	137.706	29	52	54	148	#
454	426.283	7	10	16	27	45	62	149	#
455	538.843	4	16	23	34	36	58	149	#
456	442.352	27	33	36	38	45	48	149	#
457	373.118	2	17	19	23	33	62	149	#
458	278.105	26	27	28	30	46	61	149	#
459	236.045	10	15	21	30	41	48	149	#
460	43.5812	3	#
461	200.653	24	45	62	150	#
462	210.126	38	45	46	150	#
463	673.069	7	10	17	21	22	27	32	35	44	45	55	61	62	151	#
464	997.541	8	9	10	20	31	41	42	43	44	55	56	59	62	151	#
465	985.834	10	23	24	34	39	42	44	45	50	52	56	57	61	151	#
466	946.182	12	14	22	23	37	41	44	49	52	55	57	62	63	151	#
467	773.245	3	7	8	17	20	32	35	38	39	45	50	55	57	151	#
468	766.259	6	17	21	34	37	38	41	42	44	48	54	57	63	151	#
469	105.51	28	38	39	152	#
470	127.84	35	37	38	152	#
471	372.056	7	10	16	35	41	55	60	153	#
472	392.805	4	35	36	42	52	54	60	153	#
473	349.701	10	11	19	30	36	41	44	153	#
474	347.452	7	18	22	27	40	56	61	153	#
475	333.775	10	15	16	29	31	35	36	153	#
476	319.304	10	22	28	41	46	55	62	153	#
477	2264.95	3	5	6	8	9	11	14	15	16	17	18	19	22	24	26	27	29	30	32	35	37	40	42	45	48	49	50	52	53	57	58	59	60	61	62	63	154	#
478	2606.56	2	3	4	5	6	7	8	9	16	19	22	23	24	27	28	29	30	32	33	36	38	41	43	44	46	47	48	49	53	54	55	56	57	59	61	62	154	#
479	2474.1	3	4	5	6	7	9	11	14	16	17	18	19	22	23	24	27	28	31	33	34	36	37	38	39	41	42	47	50	51	52	53	56	57	58	59	63	154	#
480	2455.32	3	4	5	9	15	16	19	21	22	23	25	26	27	28	29	30	31	32	34	36	37	38	41	43	44	45	46	48	49	50	53	54	56	58	59	63	154	#
481	2419.18	0	3	4	6	7	8	12	16	18	19	20	22	23	24	25	26	28	33	35	36	38	39	40	41	42	43	44	45	46	53	54	55	57	58	59	63	154	#
482	2403.66	1	3	4	5	8	9	14	15	17	18	22	23	26	27	28	29	30	32	33	35	36	38	39	40	43	46	48	49	50	52	53	54	55	56	57	59	154	#
483	857.771	2	4	6	9	12	15	20	22	25	29	34	35	42	44	46	48	49	54	57	155	#
484	1184.67	0	6	7	8	11	12	13	14	19	26	29	31	35	37	38	42	43	54	58	155	#
485	1157.49	0	2	3	8	9	11	14	17	18	26	28	30	34	35	36	41	46	49	62	155	#
486	1125.27	1	6	10	13	15	16	24	26	28	29	30	35	36	41	42	44	46	49	59	155	#
487	1125.12	0	1	4	8	16	18	23	24	26	27	37	42	46	47	49	51	54	58	60	155	#
488	1102.48	0	6	10	19	22	23	24	26	30	35	39	43	46	53	55	57	59	61	63	155	#
489	904.619	0	1	5	10	13	17	19	20	23	28	32	35	40	43	49	50	54	55	56	61	63	156	#
490	1336.41	0	3	8	10	11	14	15	17	20	23	30	33	35	36	37	39	41	43	47	48	59	156	#
491	1279.01	0	2	3	6	9	10	11	13	16	18	26	33	38	39	40	44	52	59	61	62	63	156	#
492	1275.8	3	7	10	14	17	18	19	25	27	29	30	35	44	45	48	49	50	52	54	59	61	156	#
493	1270.43	4	5	6	8	9	10	19	21	29	31	32	33	35	36	39	43	50	55	57	59	62	156	#
494	1266.25	0	3	4	6	7	10	11	20	21	23	30	33	36	40	41	45	47	49	52	53	54	156	#
495	64.2767	18	#
496	943.631	12	15	19	21	26	31	32	34	35	41	43	45	52	53	59	60	157	#
497	1180.82	5	11	12	15	20	32	33	34	36	42	45	48	54	59	61	62	157	#
498	1047.96	1	4	6	13	18	19	20	27	34	36	37	42	45	51	57	61	157	#
499	1027.14	1	3	4	11	12	18	21	28	32	38	43	48	49	51	52	57	157	#
500	974.023	1	11	13	17	19	22	24	25	28	34	36	38	41	46	49	62	157	#
501	960.264	5	8	9	19	21	24	33	38	43	46	47	49	50	53	58	60	157	#
502	398.049	37	41	44	47	158	#
503	466.67	8	27	41	56	158	#
504	348.796	20	37	42	44	158	#
505	245.461	8	9	11	44	158	#
506	236.706	1	29	44	47	158	#
507	77.0185	16	17	159	#
508	113.092	17	36	159	#
509	84.4677	16	44	159	#
510	417.001	11	21	25	33	42	43	55	160	#
511	591.163	6	16	44	47	49	51	55	160	#
512	440.074	5	12	13	21	33	35	62	160	#
513	389.982	22	33	34	53	57	60	63	160	#
514	389.063	11	22	24	29	31	38	56	160	#
515	380.956	8	10	25	27	37	42	52	160	#
516	117.597	18	24	55	161	#
517	122.781	18	52	54	161	#
518	104.549	10	49	55	161	#
519	91.4571	24	47	51	161	#
520	613.953	1	6	24	31	40	42	48	50	52	54	162	#
521	745.146	12	17	26	33	39	40	41	43	54	57	162	#
522	739.241	8	24	39	40	41	42	43	48	59	63	162	#
523	737.395	16	26	28	32	33	36	38	40	42	49	162	#
524	715.775	3	6	8	10	11	26	27	36	55	56	162	#
525	679.503	1	6	17	29	33	42	45	46	50	62	162	#
526	347.056	8	12	25	26	59	163	#
527	498.588	14	26	32	40	42	163	#
528	297.525	4	10	44	55	59	163	#
529	233.187	12	15	17	19	38	163	#
530	230.744	4	14	20	25	49	163	#
531	369.949	4	7	14	24	35	39	43	48	164	#
532	547.202	4	12	24	25	33	42	56	59	164	#
533	518.518	2	7	14	35	42	45	50	55	164	#
534	465.35	0	16	42	45	48	53	59	63	164	#
535	420.718	7	8	17	25	29	36	55	62	164	#
536	342.723	9	18	30	35	41	44	51	52	164	#
537	559.712	4	6	13	19	22	43	63	165	#
538	585.392	6	27	39	40	49	55	59	165	#
539	564.902	3	4	11	27	44	48	50	165	#
540	471.925	13	16	22	23	30	40	41	165	#
541	448.965	6	13	31	37	48	50	62	165	#
542	438.058	19	25	27	43	56	61	63	165	#
543	140.717	31	35	40	53	166	#
544	171.708	13	15	53	56	166	#
545	287.632	14	17	39	43	62	167	#
546	420.067	3	14	37	46	49	167	#
547	318.108	35	39	46	49	61	167	#
548	284.226	17	18	19	37	63	167	#
549	273.529	19	22	38	43	53	167	#
550	98.8771	5	24	28	43	62	167	#
551	1466.66	1	5	7	8	13	14	15	16	18	22	26	27	31	32	39	40	41	47	49	50	54	58	63	168	#
552	1652.54	5	7	8	9	12	14	17	19	20	24	28	29	31	36	41	42	43	47	51	54	55	56	62	168	#
553	1579.37	1	5	6	8	11	14	15	22	29	31	32	35	36	39	41	42	46	47	50	51	52	53	56	168	#
554	1568.86	1	4	7	9	11	17	19	20	21	22	29	31	34	36	40	41	44	46	47	53	54	59	61	168	#
555	1548.43	5	8	11	12	15	17	18	19	20	23	24	25	29	34	36	39	41	42	47	49	50	51	62	168	#
556	1516.67	8	9	16	18	19	20	22	24	26	27	30	31	32	36	38	42	45	46	47	48	53	59	63	168	#
557	146.917	47	52	169	#
558	127.657	47	51	169	#
559	115.934	29	52	169	#
560	192.035	6	17	21	44	170	#
561	217.269	21	25	33	36	170	#
562	202.442	16	17	29	37	170	#
563	176.484	18	38	57	171	#
564	261.381	53	54	57	171	#
565	216.537	16	38	41	171	#
566	166.558	18	19	51	171	#
567	2543.41	1	2	4	5	6	7	9	10	11	12	13	14	15	16	17	18	20	21	22	23	24	25	27	28	29	30	32	34	35	36	37	39	40	41	42	45	46	47	50	51	58	59	61	62	172	#
568	2994.69	0	3	5	6	7	8	9	10	11	12	13	14	17	18	19	20	22	23	25	27	28	29	32	34	35	36	37	38	39	41	43	45	46	49	50	52	54	56	57	59	60	61	62	63	172	#
569	2962.28	0	1	3	6	7	8	9	10	11	13	14	15	16	17	19	20	21	22	24	25	27	30	32	34	35	37	38	39	41	42	43	44	45	46	47	49	50	52	54	55	56	58	62	63	172	#
570	2943.84	0	1	4	7	8	9	11	12	13	14	15	16	17	19	20	21	22	23	24	25	27	28	29	30	32	34	35	37	38	39	41	42	47	49	50	51	52	53	56	57	58	59	61	62	172	#
571	2919.96	0	3	4	5	6	7	8	9	10	11	12	13	14	17	18	20	22	24	25	27	28	29	30	31	32	33	35	36	37	41	42	43	44	47	48	49	50	52	54	56	57	60	61	62	172	#
572	2915.47	0	3	7	9	10	11	13	14	16	17	19	20	21	24	25	27	28	29	30	31	33	34	35	36	37	38	39	41	42	44	45	46	49	50	51	52	54	56	58	59	60	61	62	63	172	#
573	72.2517	28	34	173	#
574	71.2209	12	34	173	#
575	75.8322	57	#
576	1697.71	0	2	3	4	5	8	12	13	15	17	18	19	22	25	26	27	28	29	30	31	32	33	35	36	37	38	41	43	44	46	47	48	51	52	53	56	58	60	63	174	#
577	2242.56	2	3	4	5	6	7	8	9	10	12	14	15	17	19	20	24	25	26	27	30	32	33	34	36	37	38	40	41	45	47	48	49	50	53	55	56	57	60	63	174	#
578	2200.38	3	6	7	8	9	11	13	17	18	19	20	22	24	25	26	27	28	29	30	32	35	36	37	41	42	43	44	45	49	50	51	52	53	54	57	58	59	60	63	174	#
579	2161.86	1	2	3	5	6	8	12	13	14	15	17	18	19	20	21	22	23	24	25	26	27	28	33	36	38	42	45	47	49	50	53	54	55	56	57	59	61	62	63	174	#
580	2143.75	3	4	6	7	8	9	10	11	15	16	18	19	20	22	23	25	26	32	33	34	35	37	38	40	41	42	43	45	46	47	52	53	55	56	57	58	59	60	61	174	#
581	2120.73	2	5	7	8	9	10	11	14	16	18	19	20	22	24	27	28	29	30	34	35	36	37	38	40	41	42	44	45	47	48	54	56	57	58	59	60	61	62	63	174	#
582	1745.34	3	4	6	7	9	12	16	20	25	34	36	41	43	44	45	49	50	54	55	57	58	175	#
583	1651.61	0	3	6	9	13	17	19	20	32	34	37	39	41	42	44	49	52	54	60	61	63	175	#
584	1647.37	2	6	7	8	9	10	12	13	20	23	29	33	35	36	45	49	52	57	58	59	62	175	#
585	1617.11	1	3	4	7	8	10	14	16	19	20	38	41	49	50	51	57	58	59	61	62	63	175	#
586	1598.73	0	1	3	8	10	16	17	18	20	21	27	32	33	36	40	42	44	47	49	51	54	175	#
587	1592.28	6	7	14	16	17	18	20	27	29	30	32	33	34	43	51	53	54	56	57	58	60	175	#
588	495.215	1	6	10	11	24	27	29	38	40	46	57	59	63	176	#
589	675.137	2	7	8	11	16	27	37	39	53	55	57	58	63	176	#
590	666.048	2	9	12	20	30	33	35	36	40	41	42	47	57	176	#
591	665.052	2	5	9	10	30	31	37	45	46	49	50	54	61	176	#
592	596.874	9	10	11	12	14	15	20	32	37	38	53	61	63	176	#
593	562.847	1	5	17	19	22	26	27	46	48	51	57	60	61	176	#
594	584.552	18	23	29	33	35	37	40	45	61	177	#
595	663.216	3	8	12	16	33	38	50	58	62	177	#
596	618.293	4	6	23	30	33	34	35	44	54	177	#
597	607.978	0	3	13	16	29	30	36	37	42	177	#
598	601.236	13	28	29	32	38	41	45	50	56	177	#
599	505.087	12	16	17	24	38	40	45	46	63	177	#
600	1058.93	1	6	14	18	20	21	22	23	28	29	30	34	40	42	52	58	178	#
601	1370.05	2	8	9	19	20	24	25	26	31	43	49	50	52	56	57	59	178	#
602	1245.84	1	5	8	14	19	20	24	32	40	41	48	49	50	52	61	63	178	#
603	1223.89	1	8	9	13	14	18	22	27	33	40	42	43	49	56	61	63	178	#
604	1219.66	2	5	6	8	9	10	14	15	16	25	42	48	50	52	54	56	178	#
605	1142.3	2	7	8	12	13	19	22	27	28	36	43	44	52	54	55	56	178	#
606	222.93	21	45	51	62	179	#
607	315.533	16	41	55	62	179	#
608	192.964	11	16	18	51	179	#
609	1206.23	6	7	8	9	14	19	20	37	38	41	43	53	55	58	59	62	180	#
610	1327.88	3	5	7	8	11	14	15	34	36	37	42	43	50	54	56	58	180	#
611	1180.82	3	4	9	13	16	17	19	30	31	37	43	46	47	49	50	57	180	#
612	1160.91	1	2	23	27	28	37	40	41	43	45	46	50	52	53	59	62	180	#
613	1116.84	0	3	7	24	28	32	33	34	36	39	40	43	44	48	50	58	180	#
614	1063.06	8	12	13	16	19	22	23	31	32	37	39	43	45	46	55	59	180	#
615	375.489	14	19	24	39	47	61	181	#
616	484.819	0	14	19	31	46	47	181	#
617	438.787	8	16	32	39	57	59	181	#
618	417.293	6	19	30	37	46	55	181	#
619	379.637	17	24	36	41	43	60	181	#
620	344.995	10	16	22	43	56	61	181	#
621	420.299	11	13	16	30	41	42	60	182	#
622	535.09	0	20	29	32	41	42	52	182	#
623	471.974	7	11	13	17	35	50	59	182	#
624	431.74	7	10	14	20	26	43	60	182	#
625	326.92	12	16	34	37	55	57	60	182	#
626	277.077	7	12	24	28	30	37	55	182	#
627	689.194	4	6	16	37	40	43	44	55	56	61	183	#
628	761.792	1	11	13	14	18	26	29	54	56	57	183	#
629	719.827	0	1	4	14	20	31	50	51	58	61	183	#
630	702.864	11	14	18	19	21	30	48	50	51	61	183	#
631	700.925	3	6	14	28	42	46	48	49	52	55	183	#
632	656.803	0	6	15	26	31	32	43	48	50	58	183	#
633	804.846	9	27	36	46	47	48	49	52	59	63	184	#
634	776.188	1	15	23	28	31	44	47	55	59	63	184	#
635	736.814	1	8	11	12	29	33	44	46	58	59	184	#
636	676.744	17	24	30	31	36	44	47	49	58	63	184	#
637	647.679	16	17	18	23	32	36	47	56	58	63	184	#
638	641.752	16	17	25	27	28	31	47	51	57	59	184	#
639	853.757	0	2	5	8	14	17	19	31	32	41	44	46	61	62	185	#
640	927.383	3	4	9	10	14	32	34	41	43	46	47	56	58	61	185	#
641	886.361	5	6	10	11	14	20	31	32	39	43	44	46	62	63	185	#
642	844.862	8	9	18	19	20	25	26	29	33	46	52	54	61	62	185	#
643	823.446	10	22	23	26	31	33	38	40	41	44	47	48	60	62	185	#
644	804.322	1	8	13	17	25	31	32	37	39	42	47	51	56	61	185	#
645	496.767	3	16	35	37	43	45	50	58	186	#
646	580.31	4	5	18	37	43	48	56	61	186	#
647	502.237	15	40	42	45	48	49	56	58	186	#
648	474.184	3	10	20	34	37	46	56	58	186	#
649	429.692	7	22	34	37	39	41	50	55	186	#
650	392.907	5	7	9	12	37	50	52	60	186	#
651	235.558	16	23	31	36	187	#
652	343.552	1	16	32	54	187	#
653	274.885	20	31	32	33	187	#
654	188.196	23	27	30	44	187	#
655	96.1602	12	18	36	38	187	#
656	667.495	4	7	8	24	30	32	33	35	45	48	50	188	#
657	948.754	7	8	16	26	27	33	36	41	47	52	63	188	#
658	902.702	0	8	25	32	33	35	36	45	53	54	61	188	#
659	742.053	6	7	14	24	31	33	37	40	45	53	56	188	#
660	740.855	7	17	18	22	24	30	33	34	52	54	60	188	#
661	687.461	2	7	13	14	16	17	18	23	35	54	55	188	#
662	463.081	6	18	22	29	44	48	58	59	189	#
663	687.527	4	18	19	22	23	29	33	54	189	#
664	628.917	8	22	23	25	29	36	41	47	189	#
665	564.486	4	19	21	47	48	54	59	61	189	#
666	557.019	8	16	17	19	35	57	58	59	189	#
667	512.748	6	9	13	34	36	50	52	58	189	#
668	909.439	4	5	7	10	13	23	25	26	28	34	39	40	41	44	48	52	56	60	190	#
669	1345.31	5	14	24	28	29	30	37	38	41	42	45	47	52	54	56	57	59	63	190	#
670	1256.7	1	7	8	18	19	24	28	29	35	40	41	43	45	54	56	57	58	60	190	#
671	1117.06	0	1	4	5	15	18	27	29	37	39	44	47	52	56	58	59	60	61	190	#
672	1108.84	4	5	9	14	16	18	29	38	41	47	48	49	52	55	56	58	59	63	190	#
673	1094.43	4	8	13	21	22	25	35	41	44	47	48	49	52	54	56	57	58	61	190	#
674	897.719	5	8	13	21	24	34	36	37	41	44	52	53	56	57	191	#
675	910.299	7	11	14	17	29	32	33	34	44	49	50	51	52	63	191	#
676	897.244	6	7	11	12	18	20	22	26	29	39	41	42	44	56	191	#
677	863.348	0	1	11	13	18	20	25	31	36	47	48	50	56	63	191	#
678	861.277	2	3	5	6	8	9	19	26	32	35	39	44	57	63	191	#
679	859.256	0	7	9	14	19	21	22	24	30	37	44	50	53	56	191	#
680	1098.24	6	7	11	13	14	17	22	23	32	34	37	38	46	53	58	59	60	192	#
681	1205.67	3	4	16	23	28	29	32	33	36	38	41	43	45	46	55	58	61	192	#
682	1189.11	0	8	16	17	19	22	28	30	31	32	37	41	45	46	47	49	58	192	#
683	1075.58	8	21	25	27	31	32	33	34	35	40	41	43	46	50	51	55	63	192	#
684	1034.13	9	12	14	16	17	19	22	27	28	30	41	46	58	59	60	61	62	192	#
685	1019.26	1	4	10	13	17	19	24	25	28	34	36	37	38	41	58	59	60	192	#
686	111.716	56	#
687	107.732	32	38	53	193	#
688	79.7093	10	26	62	193	#
689	250.47	7	10	55	62	194	#
690	375.19	20	42	45	55	194	#
691	181.957	2	23	51	62	194	#
692	143.5	7	15	28	51	194	#
693	111.763	10	12	50	53	194	#
694	847.356	12	17	18	23	24	31	38	39	41	42	43	44	46	59	61	195	#
695	1069.82	5	7	11	12	14	18	23	24	33	36	40	41	47	48	58	195	#
696	1020.27	11	19	20	21	22	24	27	33	36	38	40	49	56	58	63	195	#
697	1007.21	2	5	8	9	15	22	23	24	27	33	34	35	42	58	63	195	#
698	992.993	1	8	9	16	17	18	20	24	29	32	35	39	41	46	48	195	#
699	982.949	3	6	8	11	13	21	30	34	37	38	42	47	48	50	60	195	#
700	1700.85	5	6	10	17	22	23	24	26	27	28	30	36	37	38	41	43	44	45	47	49	50	52	53	54	55	59	61	196	#
701	1856.48	4	8	12	15	16	17	19	20	21	22	23	25	27	29	32	33	38	39	43	44	45	46	47	48	49	54	55	196	#
702	1850.36	2	3	5	6	8	15	16	19	20	22	24	28	29	32	33	37	38	40	42	43	44	49	51	52	54	55	61	196	#
703	1829.26	2	6	9	10	12	14	16	17	18	20	24	26	27	28	30	33	40	41	42	44	45	48	54	55	57	62	63	196	#
704	1827.36	0	1	4	5	9	12	17	23	28	30	32	36	38	39	41	43	45	46	47	48	49	55	56	57	59	61	62	196	#
705	1788.65	3	4	6	7	8	10	18	20	23	24	26	27	28	31	33	34	36	38	41	49	50	51	52	53	55	56	57	196	#
706	806.728	7	11	23	25	30	33	41	43	45	50	55	56	58	59	197	#
707	1125.51	8	12	16	19	41	42	43	45	46	49	50	55	56	59	197	#
708	963.035	8	9	17	23	31	34	38	40	41	46	50	53	55	56	197	#
709	916.801	3	5	6	8	9	18	20	27	47	48	56	57	58	62	197	#
710	868.966	3	6	17	19	23	37	38	39	44	49	52	57	58	60	197	#
711	866.746	1	5	7	11	12	19	27	32	34	53	54	55	58	63	197	#
712	65.5319	37	#
713	325.679	30	55	61	62	198	#
714	364.259	23	30	37	62	198	#
715	275.646	3	10	11	61	198	#
716	269.814	12	26	30	41	198	#
717	216.827	1	19	25	55	198	#
718	603.086	1	3	6	14	18	21	22	30	32	35	51	53	199	#
719	890.248	6	7	11	15	16	23	31	34	38	56	61	62	199	#
720	876.738	4	7	8	21	24	29	31	32	51	55	57	63	199	#
721	848.633	3	5	6	15	16	18	37	44	48	53	54	55	199	#
722	754.396	1	5	7	13	31	32	39	47	48	53	56	59	199	#
723	753.84	0	3	4	13	16	18	26	41	44	50	54	56	199	#
724	630.803	0	6	34	36	41	49	200	#
725	487.236	6	13	31	36	41	49	200	#
726	479.835	0	14	17	29	41	56	200	#
727	449.667	16	17	24	34	35	41	200	#
728	306.091	3	28	43	45	49	63	200	#
729	279.728	0	14	21	24	43	44	200	#
730	442.902	3	6	8	17	20	40	54	201	#
731	546.38	3	7	15	20	24	53	63	201	#
732	523.551	39	42	44	49	54	58	63	201	#
733	520.577	5	6	34	38	48	53	55	201	#
734	491.949	3	24	29	31	46	48	49	201	#
735	433.124	15	17	19	33	37	54	63	201	#
736	123.087	19	24	60	202	#
737	157.561	19	29	39	202	#
738	134.118	7	15	60	202	#
739	107.03	24	35	37	202	#
740	600.087	9	13	14	35	37	48	53	54	61	203	#
741	787.223	1	3	4	14	16	21	42	43	57	203	#
742	754.048	1	7	16	19	27	37	44	49	53	203	#
743	737.971	3	6	10	17	20	44	52	54	62	203	#
744	674.625	3	10	13	18	20	36	53	54	61	203	#
745	603.054	0	7	10	14	30	37	38	44	59	203	#
746	1102.44	4	7	8	12	16	17	23	24	35	36	38	40	42	53	57	58	59	60	62	204	#
747	1266.54	0	6	14	15	18	32	36	37	38	42	46	47	50	53	54	56	58	59	63	204	#
748	1184.29	0	3	6	9	10	12	14	19	23	24	36	45	47	49	50	51	59	62	63	204	#
749	1150.36	4	11	12	14	15	17	21	23	27	31	33	34	39	42	49	54	59	60	62	204	#
750	1135.24	7	11	12	14	16	21	24	25	30	37	43	46	47	50	51	54	57	62	63	204	#
751	1096.34	6	8	9	14	15	17	20	22	23	31	34	36	38	42	47	48	53	56	57	204	#
752	508.033	20	32	49	53	60	62	63	205	#
753	419.93	11	17	19	40	59	62	63	205	#
754	384.238	0	15	27	31	51	53	62	205	#
755	370.08	16	22	27	31	46	55	60	205	#
756	356.953	4	5	18	32	54	56	61	205	#
757	274.832	6	10	17	20	31	43	62	205	#
758	133.552	1	14	206	#
759	126.626	14	31	206	#
760	76.4165	1	31	206	#
761	111.39	23	#
762	296.59	13	35	42	43	58	62	207	#
763	387.522	30	35	37	40	42	58	207	#
764	342.324	9	10	13	23	34	52	207	#
765	326.186	24	32	38	47	53	58	207	#
766	222.641	5	25	39	45	49	62	207	#
767	180.905	13	22	27	38	43	48	207	#
768	999.748	1	2	3	5	10	21	28	29	34	38	44	46	47	51	54	61	62	63	208	#
769	1277.59	0	14	17	19	21	26	30	33	34	37	39	42	45	47	50	51	54	61	208	#
770	1254.87	0	8	10	11	12	14	24	26	31	32	36	38	42	46	47	50	51	62	208	#
771	1203.36	3	8	11	12	14	17	27	28	32	36	38	42	47	56	58	59	60	61	208	#
772	1178.87	0	2	5	14	15	16	19	22	23	26	27	28	29	32	42	51	56	61	208	#
773	1119.48	2	3	5	11	19	21	32	33	38	44	45	46	49	50	51	52	55	59	208	#
774	1302.3	0	2	4	7	10	11	12	13	15	17	22	25	26	30	31	32	34	36	38	46	54	56	58	59	60	61	209	#
775	1710.92	0	3	4	6	7	11	14	15	18	19	23	31	36	37	38	44	45	47	49	51	54	55	56	57	59	61	209	#
776	1636.45	0	2	5	6	7	8	12	14	20	26	28	31	32	33	36	37	41	43	46	48	50	52	54	56	57	60	209	#
777	1612.04	0	3	4	5	6	7	8	12	13	15	22	24	27	30	36	38	42	46	48	50	52	53	54	56	57	62	209	#
778	1596.35	0	6	7	9	14	15	20	21	24	26	27	29	33	34	36	38	41	43	44	45	46	48	51	56	58	61	209	#
779	1564.11	0	1	2	3	4	7	9	10	11	13	15	20	21	23	24	32	33	34	36	38	41	42	44	48	56	59	209	#
780	1750.67	0	3	7	8	11	15	19	20	22	24	26	29	32	33	37	41	42	44	48	53	54	55	57	62	210	#
781	1695.65	4	6	8	9	10	12	13	18	19	23	24	26	30	33	34	35	36	38	42	47	49	52	57	58	210	#
782	1650.39	8	9	14	15	16	17	22	23	24	28	29	33	36	42	43	44	47	52	53	54	55	57	58	63	210	#
783	1631.62	8	12	15	16	17	18	20	22	26	30	33	42	44	46	47	48	51	52	55	56	57	58	59	60	210	#
784	1589.56	0	4	5	6	8	14	15	18	19	20	21	22	23	28	29	33	37	41	42	47	52	53	55	57	210	#
785	1535.84	0	4	8	10	13	14	15	16	18	20	24	29	30	33	34	37	40	41	42	46	48	54	57	62	210	#
786	61.0275	59	#
787	1111.67	7	9	13	14	19	21	22	26	29	32	33	39	46	52	53	55	56	63	211	#
788	1135.73	0	3	8	9	11	14	22	25	26	34	38	41	46	48	50	51	58	62	211	#
789	1112.9	6	10	11	12	16	21	22	31	33	38	40	42	43	46	51	52	59	61	211	#
790	1061.51	4	5	6	8	10	12	13	15	16	19	22	26	28	30	33	46	48	60	211	#
791	1056.08	3	4	6	12	14	17	18	19	21	22	25	26	31	35	38	41	53	58	211	#
792	1050.93	3	4	5	7	15	16	17	19	22	30	31	34	43	49	51	55	56	62	211	#
793	640.449	10	20	23	36	38	44	47	50	59	62	212	#
794	667.629	3	9	22	36	38	41	42	56	58	60	212	#
795	598.441	0	14	17	20	25	27	43	48	50	54	212	#
796	582.462	3	15	16	17	20	24	31	38	48	59	212	#
797	566.38	15	17	24	28	33	38	45	50	52	62	212	#
798	554.037	5	15	17	20	24	27	41	51	57	62	212	#
799	82.019	20	24	213	#
800	96.9563	0	20	213	#
801	1462.26	2	4	8	10	12	13	15	18	20	23	24	27	31	34	35	36	41	42	45	50	51	214	#
802	1469.36	1	3	6	11	15	16	17	20	23	29	31	35	41	44	47	48	51	52	57	59	60	214	#
803	1323.4	1	2	6	8	9	11	13	17	20	21	24	29	30	34	39	42	45	48	54	57	59	214	#
804	1321.36	0	10	11	16	17	20	23	26	27	28	29	31	32	33	40	41	44	47	52	59	61	214	#
805	1306.05	1	2	3	6	11	14	16	17	29	34	35	36	39	45	47	50	53	54	57	58	61	214	#
806	1265.45	3	4	17	18	19	23	26	29	30	32	33	34	41	46	47	51	53	55	57	59	60	214	#
807	977.488	9	11	13	14	15	23	31	33	35	40	43	44	45	48	49	56	57	215	#
808	1249.8	1	5	7	9	11	20	28	29	32	33	40	41	49	55	56	59	61	215	#
809	1202.71	0	4	7	11	18	20	24	36	38	41	43	45	47	55	56	58	59	215	#
810	1103.92	1	6	7	12	13	18	23	29	31	32	35	43	44	45	52	58	63	215	#
811	1094.87	7	8	10	11	18	22	25	29	31	35	41	45	48	52	56	57	63	215	#
812	1087.3	7	8	11	14	17	21	23	27	28	33	34	40	46	47	52	54	60	215	#
813	1067.57	0	1	3	13	24	25	29	32	37	43	44	45	47	53	54	57	58	216	#
814	1505.19	8	15	16	27	30	32	33	41	44	45	46	47	49	58	61	62	63	216	#
815	1438.45	0	2	7	16	20	22	27	30	31	41	42	44	46	47	49	51	57	216	#
816	1395.03	3	6	11	13	14	15	16	18	19	20	24	27	40	45	47	48	58	216	#
817	1192.5	0	2	6	7	10	11	16	20	21	23	24	32	43	44	46	56	63	216	#
818	1138.25	1	6	14	20	21	25	30	35	41	45	46	48	54	57	59	61	63	216	#
819	1059.93	7	11	18	19	21	26	28	33	36	48	51	52	55	56	62	217	#
820	1309.84	4	6	14	20	21	25	27	32	33	34	42	43	55	59	63	217	#
821	1169.77	5	7	10	15	18	20	21	27	28	33	50	51	52	57	59	217	#
822	1078.58	7	13	19	20	24	35	36	42	45	47	52	55	56	58	60	217	#
823	1014.86	4	6	7	14	15	19	28	31	36	40	44	53	55	59	62	217	#
824	1012.91	1	8	12	14	19	20	26	27	28	47	56	57	59	60	62	217	#
825	1524.75	3	4	6	9	11	13	16	20	22	24	26	29	30	34	36	38	40	50	52	53	54	58	61	62	63	218	#
826	1601.09	3	5	9	13	14	15	16	23	30	32	34	36	39	40	41	42	46	47	50	51	52	55	58	59	62	218	#
827	1585.58	3	6	11	16	19	23	24	26	27	30	32	35	36	38	39	47	48	49	50	52	56	57	58	59	62	218	#
828	1565.08	0	9	13	15	20	27	28	30	31	36	38	42	45	47	48	49	51	52	54	55	56	58	60	61	62	218	#
829	1510.63	0	4	5	6	9	16	18	26	28	30	35	36	38	41	44	47	49	50	51	52	56	57	59	60	62	218	#
830	1493.25	2	5	6	9	11	15	16	17	20	29	30	38	39	40	42	43	45	47	49	52	53	56	57	61	62	218	#
831	752.865	2	9	15	22	32	34	38	41	42	52	55	219	#
832	929.366	5	11	17	20	32	34	42	43	49	52	63	219	#
833	928.508	3	6	12	13	16	23	27	33	34	41	42	219	#
834	901.19	6	12	20	33	34	38	40	42	53	54	59	219	#
835	894.961	5	23	32	33	34	38	42	45	61	62	63	219	#
836	835.595	4	9	19	23	32	35	36	37	43	49	52	219	#
837	135.455	32	63	220	#
838	175.194	41	63	220	#
839	113.304	2	32	220	#
840	686.69	6	20	22	44	45	49	55	221	#
841	557.714	18	20	23	33	52	54	55	221	#
842	533.474	6	14	28	32	39	44	55	221	#
843	531.498	8	20	39	42	48	52	55	221	#
844	423.833	9	15	19	25	45	46	62	221	#
845	332.659	0	10	11	22	44	61	62	221	#
846	47.4774	27	#
847	612.254	3	12	25	28	32	37	38	40	41	44	47	48	53	222	#
848	910.767	7	19	26	31	33	35	36	39	47	48	53	62	63	222	#
849	855.107	3	8	10	13	17	19	20	27	37	40	41	47	55	222	#
850	834.401	1	3	7	12	14	24	33	38	39	40	46	48	54	222	#
851	817.374	3	12	14	15	19	31	34	40	47	51	53	56	61	222	#
852	814.976	2	7	8	11	22	23	31	38	41	45	48	50	55	222	#
853	478.728	12	18	19	26	60	61	223	#
854	494.203	13	16	27	29	49	60	223	#
855	458.066	19	24	28	48	59	60	223	#
856	449.507	26	27	35	53	56	62	223	#
857	425.742	14	18	22	25	27	61	223	#
858	399.547	0	4	6	36	51	61	223	#
859	1208.62	3	4	6	9	14	15	23	24	28	38	39	40	43	44	48	51	53	55	56	61	224	#
860	1550.34	3	7	8	14	16	22	23	27	32	38	40	43	45	50	52	54	55	58	62	63	224	#
861	1530.15	3	8	14	18	21	26	28	32	39	41	43	44	46	47	48	49	52	54	56	61	224	#
862	1515.94	5	8	16	22	23	26	27	34	39	40	41	43	46	47	48	49	51	55	56	62	224	#
863	1437.03	0	3	4	15	18	25	29	33	37	40	41	42	43	47	48	52	53	54	55	63	224	#
864	1388.58	0	6	14	15	23	24	25	33	35	39	40	42	43	45	48	49	55	56	57	59	224	#
865	727.598	1	3	19	23	28	30	31	33	54	55	60	63	225	#
866	935.162	3	8	17	18	19	30	37	38	45	48	59	61	225	#
867	842.162	3	5	15	17	22	25	31	32	37	46	48	63	225	#
868	803.36	3	6	9	10	15	16	23	34	44	50	54	61	225	#
869	758.016	1	2	11	16	18	24	25	28	29	33	43	47	225	#
870	756.818	8	11	12	17	22	23	30	34	40	45	48	55	225	#
871	66.3534	60	#
872	734.856	16	19	27	33	35	36	62	63	226	#
873	643.947	2	11	34	35	36	38	41	58	226	#
874	518.784	3	15	24	27	36	40	43	48	226	#
875	516.17	0	24	27	33	35	36	55	61	226	#
876	492.686	6	10	11	14	16	20	49	62	226	#
877	485.99	12	19	25	35	46	50	52	62	226	#
878	224.918	0	21	30	33	34	227	#
879	326.421	0	14	25	47	56	227	#
880	311.922	0	26	32	33	60	227	#
881	522.784	4	7	10	13	16	17	19	24	25	40	49	58	228	#
882	781.489	1	6	7	18	20	21	24	29	38	42	51	57	228	#
883	743.145	4	5	8	15	24	35	39	49	51	55	57	63	228	#
884	677.07	2	4	8	10	24	29	33	36	39	51	59	60	228	#
885	668.069	4	7	9	13	20	21	24	31	33	35	39	58	228	#
886	661.901	7	13	14	17	23	25	43	45	50	51	57	60	228	#
887	1532.01	0	6	8	12	15	16	19	21	23	25	26	29	33	34	35	36	43	44	46	48	49	50	54	56	58	59	60	61	62	229	#
888	1681.82	1	2	3	9	12	16	22	24	26	28	31	32	34	35	37	41	42	45	49	51	52	53	54	55	56	57	60	61	62	229	#
889	1660.64	10	11	12	13	15	16	17	19	23	24	26	27	32	34	36	37	39	40	42	48	50	51	54	56	57	59	60	61	62	229	#
890	1606.68	1	5	8	10	12	13	16	18	19	23	24	26	28	29	30	31	34	35	36	37	39	41	43	48	49	55	57	61	62	229	#
891	1596.7	2	3	5	7	9	10	14	16	19	23	24	25	26	28	31	33	34	35	36	41	43	46	48	49	50	53	56	59	60	229	#
892	1574.94	9	10	12	13	14	16	21	22	23	24	27	28	30	32	34	37	38	40	41	42	48	49	51	52	55	58	60	61	62	229	#
893	1124.01	6	9	11	15	16	17	18	28	33	35	36	37	42	45	48	49	55	58	59	61	63	230	#
894	1496.14	3	5	6	8	11	13	14	15	20	26	32	33	35	38	39	42	45	56	57	58	59	230	#
895	1360.91	0	4	5	6	8	11	14	16	17	19	26	29	31	36	38	41	48	50	54	58	60	230	#
896	1327.14	3	5	8	13	15	18	19	20	21	23	33	34	35	36	43	44	47	50	59	61	62	230	#
897	1326.12	1	3	7	9	14	18	19	26	29	30	32	33	41	43	45	47	49	51	54	62	63	230	#
898	1301.42	0	5	6	15	16	18	19	20	22	26	31	33	35	38	42	44	48	52	54	57	61	230	#
899	76.7867	13	18	27	231	#
900	83.6715	9	13	37	231	#
901	61.2702	38	#
902	565.351	6	20	34	40	48	54	63	232	#
903	591.691	14	18	19	20	49	56	63	232	#
904	495.207	5	24	31	33	38	48	55	232	#
905	487.332	14	21	30	36	40	42	54	232	#
906	433.346	5	34	35	44	50	52	63	232	#
907	407.57	5	8	14	24	37	40	43	232	#
908	220.925	9	12	19	50	58	233	#
909	251.343	9	10	19	23	35	233	#
910	248.799	9	12	25	46	47	233	#
911	132.356	24	37	52	53	58	233	#
912	331.998	22	24	33	39	49	55	234	#
913	458.205	1	33	50	59	60	61	234	#
914	398.007	11	21	42	44	52	55	234	#
915	362.915	5	11	13	29	49	62	234	#
916	338.162	12	29	39	56	58	62	234	#
917	266.133	3	22	32	36	38	58	234	#
918	778.105	12	17	19	20	23	27	28	30	38	41	52	53	63	235	#
919	995.203	4	8	14	19	20	22	29	35	43	54	55	58	61	235	#
920	977.427	8	10	20	22	23	27	34	37	43	49	52	60	61	235	#
921	916.971	2	14	17	19	20	22	27	38	46	53	55	58	61	235	#
922	897.864	0	5	8	17	19	23	24	25	26	27	56	57	62	235	#
923	878.423	3	15	20	26	27	30	31	38	46	48	51	59	62	235	#
924	100.16	4	46	51	236	#
925	111.839	30	39	46	236	#
926	248.161	5	9	30	61	237	#
927	236.489	9	25	34	50	237	#
928	231.531	5	20	40	62	237	#
929	184.915	7	31	38	61	237	#
930	162.342	5	30	43	63	237	#
931	1202.78	3	4	9	15	16	21	23	25	29	32	36	38	42	43	44	50	53	57	61	62	238	#
932	1527.14	0	8	11	12	15	23	29	32	35	36	38	42	46	47	51	53	55	56	61	62	238	#
933	1480.41	0	1	5	8	14	21	25	27	32	33	38	41	44	47	49	52	54	55	57	63	238	#
934	1464.5	1	8	12	15	19	23	25	30	32	33	34	36	38	43	49	50	52	54	58	63	238	#
935	1437.86	0	5	8	10	11	12	16	26	29	33	34	44	46	47	49	50	52	55	57	59	238	#
936	1411.73	2	4	5	11	12	23	32	34	37	38	39	41	43	48	49	50	52	54	55	58	238	#
937	855.047	3	6	9	12	14	15	18	19	37	41	46	54	63	239	#
938	955.815	2	3	8	9	10	19	24	25	38	43	45	46	56	239	#
939	901.829	7	8	9	13	15	16	20	23	24	39	45	46	48	239	#
940	828.721	10	13	15	18	19	20	29	30	33	40	41	52	56	239	#
941	826.258	2	3	8	9	14	15	35	46	48	49	54	57	60	239	#
942	798.599	0	16	19	21	23	27	37	39	40	42	46	59	63	239	#
943	1289.71	1	2	5	6	7	8	15	17	24	26	27	29	35	38	39	45	46	48	49	54	55	59	61	62	240	#
944	1605.04	3	6	7	11	13	17	19	20	21	23	24	26	29	32	33	40	45	46	50	54	55	59	62	63	240	#
945	1580.79	2	5	10	12	14	15	17	19	22	23	24	26	32	38	42	43	46	47	49	52	56	59	61	63	240	#
946	1554.4	2	3	4	6	9	12	14	17	19	23	24	26	30	37	38	40	43	47	49	50	58	59	62	63	240	#
947	1510.82	1	2	3	4	7	10	14	15	18	20	27	29	30	40	45	46	48	49	50	52	56	58	60	63	240	#
948	1503.33	0	1	2	5	8	9	10	14	19	20	21	24	30	34	37	40	42	43	47	50	53	58	59	62	240	#
949	162.712	14	19	22	37	241	#
950	241.59	14	36	37	61	241	#
951	228.475	13	22	39	41	241	#
952	190.434	14	29	52	60	241	#
953	189.184	9	19	20	35	241	#
954	1001.38	12	14	20	24	39	42	44	48	54	56	57	59	63	242	#
955	1069.1	0	13	14	17	30	31	33	36	39	47	49	53	56	242	#
956	999.761	3	4	5	30	32	33	35	36	41	42	54	57	61	242	#
957	998.191	10	14	15	16	19	20	26	35	36	47	56	62	63	242	#
958	935.713	2	3	7	8	9	15	17	19	35	42	47	48	57	242	#
959	910.958	6	9	12	14	22	25	31	36	38	47	49	55	59	242	#
960	361.714	1	15	17	27	34	39	44	243	#
961	466.601	29	37	39	47	57	59	62	243	#
962	441.494	10	20	29	36	42	44	63	243	#
963	352.69	5	17	36	42	60	61	63	243	#
964	350.306	5	13	17	29	32	34	58	243	#
965	291.416	1	7	10	13	36	39	60	243	#
966	412.016	4	19	32	61	62	244	#
967	450.399	20	34	35	59	61	244	#
968	409.492	19	29	32	50	51	244	#
969	311.594	4	5	8	48	58	244	#
970	220.779	13	19	22	27	56	244	#
971	209.422	10	24	25	33	62	244	#
972	825.544	3	4	13	21	23	24	26	28	29	36	44	46	47	53	59	245	#
973	1059.97	1	4	5	8	13	27	28	29	31	33	39	45	46	59	61	245	#
974	1038.11	2	3	4	5	8	9	13	14	24	28	32	34	36	43	45	245	#
975	957.268	2	12	13	15	18	20	26	27	31	43	46	47	49	53	55	245	#
976	941.366	2	5	6	8	13	18	24	30	37	39	45	46	47	50	51	245	#
977	938.546	3	6	8	11	12	13	24	25	33	34	40	44	49	50	51	245	#
978	641.202	8	10	16	36	44	45	46	47	59	246	#
979	715.768	2	16	18	23	34	35	40	45	54	246	#
980	678.477	5	6	16	19	36	43	56	61	62	246	#
981	625.156	4	7	16	38	43	50	54	57	58	246	#
982	588.119	3	4	8	18	20	27	50	53	57	246	#
983	484.079	5	10	18	29	38	40	44	48	57	246	#
984	188.069	11	30	48	53	247	#
985	267.006	3	30	49	50	247	#
986	216.547	15	26	33	48	247	#
987	203.705	39	53	59	62	247	#
988	114.397	9	11	29	39	247	#
989	992.194	1	6	10	11	12	16	21	27	28	29	33	34	39	41	46	51	59	60	63	248	#
990	1301.13	0	1	9	20	27	29	33	34	36	38	39	45	46	47	49	50	51	56	63	248	#
991	1280.44	0	1	3	7	21	23	30	34	36	39	41	45	46	48	49	50	56	59	62	248	#
992	1264.68	11	14	18	20	21	24	26	29	31	37	38	45	46	50	56	57	59	60	62	248	#
993	1239.11	1	3	13	15	16	18	26	28	29	31	35	38	41	45	47	50	54	57	61	248	#
994	1206.38	3	10	14	16	17	18	22	26	29	33	34	36	48	54	56	57	58	59	60	248	#
995	360.392	4	15	18	33	38	46	51	53	249	#
996	522.942	7	10	14	15	25	37	46	47	249	#
997	473.18	3	4	7	22	44	49	53	55	249	#
998	460.249	14	16	22	31	47	49	51	61	249	#
999	404.572	10	12	22	30	36	53	54	56	249	#
