%% File generated by CATS v.2.1Wed Jun 22 10:37:27 2022

%% The CATS webpage is http://robotics.stanford.edu/CATS

%% PARAMETER SETTINGS:
% Goods: 64; Bids: 1000; Distribution: arbitrary; Runs: 1; Seed: 1656572424
% Arbitrary Distribution Parameters:
% Max Substitutable Bids = 5
% Removing HV Neighbor   = 0.1
% Adding DIAG Neighbor   = 0.2
% Additional Location    = 0.9
% Additivity             = 0.2
% Budget Factor          = 1.5
% Resale Factor          = 0.5
% Uniform Private Value:
%   Deviation            = 0.5
%   Max Good Value       = 100



goods 64
bids 1005
dummy 192

0	395.261	11	28	34	39	46	49	64	#
1	453.15	4	6	14	23	46	49	64	#
2	362.514	10	11	23	34	45	63	64	#
3	354.343	0	4	8	28	43	55	64	#
4	334.401	0	11	13	45	49	52	64	#
5	327.461	1	4	10	11	13	23	64	#
6	1133.51	2	3	5	10	11	12	21	22	25	28	30	32	36	39	40	43	45	56	57	61	65	#
7	1586.76	1	6	7	8	12	13	18	20	25	30	35	36	39	42	44	46	49	52	57	58	65	#
8	1510.47	2	3	5	7	10	11	15	18	20	24	25	26	35	36	40	42	45	47	49	59	65	#
9	1473.04	2	12	14	15	18	22	28	29	31	32	36	42	44	45	46	49	52	55	57	62	65	#
10	1469.53	1	2	3	4	10	20	22	23	28	34	35	39	41	46	50	52	56	59	60	63	65	#
11	1449.96	0	2	3	6	7	8	13	19	21	22	27	28	30	31	36	44	46	52	55	59	65	#
12	625.691	4	5	14	15	16	28	29	50	63	66	#
13	717.878	14	18	26	28	29	40	42	56	60	66	#
14	708.464	7	12	14	15	26	36	45	54	60	66	#
15	700.027	3	9	26	31	33	45	48	61	63	66	#
16	685.492	3	28	33	38	49	52	61	62	63	66	#
17	636.286	0	3	12	14	16	26	28	38	61	66	#
18	169.214	33	35	51	67	#
19	167.05	33	54	56	67	#
20	159.584	47	49	68	#
21	202.201	47	53	68	#
22	1092.44	1	7	13	14	19	22	31	32	38	43	46	47	52	55	63	69	#
23	1135.82	2	7	10	11	12	19	20	21	29	33	38	39	47	50	63	69	#
24	1128.13	7	11	12	13	15	19	24	28	32	38	47	50	55	62	63	69	#
25	1127.83	1	2	5	7	11	13	19	24	33	41	43	52	56	58	63	69	#
26	1093.16	10	11	12	18	19	24	29	31	32	38	47	50	53	56	58	69	#
27	1087.35	2	10	11	13	22	26	27	39	40	43	44	47	50	55	58	69	#
28	323.482	4	8	12	17	25	35	53	62	70	#
29	470.153	2	9	12	13	21	25	27	41	70	#
30	407.848	1	2	13	17	23	25	48	59	70	#
31	322.964	7	12	37	42	53	56	62	63	70	#
32	107.321	24	#
33	175.636	0	22	47	56	71	#
34	181.181	12	25	34	56	71	#
35	207.095	51	57	72	#
36	257.094	47	57	72	#
37	213.613	51	59	72	#
38	273.552	44	50	59	61	73	#
39	359.596	10	35	54	61	73	#
40	336.853	18	25	59	61	73	#
41	328.734	4	23	26	50	73	#
42	421.361	13	27	41	48	59	62	74	#
43	605.292	6	8	23	41	46	59	74	#
44	600.408	3	35	41	46	47	59	74	#
45	413.322	3	10	15	48	52	60	74	#
46	358.581	0	5	12	27	51	59	74	#
47	350.204	0	5	13	30	48	59	74	#
48	931.838	2	4	7	25	31	32	36	44	47	53	75	#
49	885.848	2	16	22	25	27	28	29	36	45	51	75	#
50	848.603	7	10	11	23	27	29	30	57	60	61	75	#
51	848.074	0	14	23	29	31	32	37	44	45	52	75	#
52	832.018	0	16	23	28	29	32	34	37	47	48	75	#
53	796.183	1	7	20	25	32	33	44	45	46	52	75	#
54	300.526	7	22	27	76	#
55	356.751	4	27	61	76	#
56	275.423	7	23	25	76	#
57	186.263	52	63	77	#
58	170.307	16	63	77	#
59	139.992	52	61	77	#
60	200.977	10	14	16	51	78	#
61	273.481	20	23	40	51	78	#
62	239.759	10	23	49	51	78	#
63	208.998	11	16	26	32	78	#
64	169.186	37	39	79	#
65	171.376	34	37	79	#
66	143.284	17	39	79	#
67	291.823	8	17	29	47	80	#
68	288.913	1	3	9	29	80	#
69	255.908	0	6	17	45	80	#
70	225.144	3	34	47	56	80	#
71	199.096	8	42	56	58	80	#
72	450.038	1	24	25	40	47	81	#
73	452.821	37	38	40	47	59	81	#
74	373.44	1	16	18	26	27	81	#
75	287.55	10	12	24	39	62	81	#
76	267.526	4	12	25	27	49	81	#
77	182.373	39	58	82	#
78	173.835	11	58	82	#
79	196.166	32	44	83	#
80	211.097	20	32	83	#
81	172.648	31	44	83	#
82	382.419	6	30	41	42	84	#
83	350.877	6	16	32	36	84	#
84	325.648	3	5	41	61	84	#
85	281.405	30	42	43	59	84	#
86	221.695	6	11	42	52	84	#
87	311.948	5	22	34	57	85	#
88	377.204	12	45	46	57	85	#
89	349.888	25	34	37	41	85	#
90	207.695	5	7	22	53	85	#
91	113.783	5	20	21	30	85	#
92	496.98	0	4	10	29	40	86	#
93	518.591	0	4	35	60	63	86	#
94	484.537	7	10	28	36	43	86	#
95	444.806	13	29	39	49	58	86	#
96	327.144	0	8	12	40	61	86	#
97	294.058	0	39	42	57	59	86	#
98	2056.95	1	3	5	8	11	12	14	15	18	21	22	24	27	28	30	31	34	35	38	39	41	44	45	47	49	50	51	57	58	59	62	87	#
99	2185.43	1	2	3	4	5	8	10	12	14	15	16	20	21	22	24	28	30	31	35	37	38	40	41	49	50	51	56	57	58	59	61	87	#
100	2182.01	1	3	6	10	11	13	14	16	18	19	20	21	22	24	27	30	31	35	37	40	41	43	47	49	50	52	53	54	57	59	63	87	#
101	2179.18	1	2	3	5	6	7	8	10	11	12	13	15	16	20	21	22	24	28	30	31	33	37	38	41	44	47	49	56	59	62	63	87	#
102	2171.16	1	5	6	7	8	10	13	14	15	16	19	20	21	28	30	32	35	37	41	42	44	45	47	49	51	54	56	57	58	59	63	87	#
103	2163.34	1	6	10	11	13	14	16	18	20	22	24	27	28	31	33	35	38	39	41	44	45	47	49	50	53	54	55	58	59	62	63	87	#
104	506.125	8	10	29	32	35	42	45	88	#
105	580.161	0	2	4	11	23	29	43	88	#
106	578.531	10	15	22	27	29	45	51	88	#
107	478.411	0	8	14	27	34	35	45	88	#
108	475.096	25	27	32	44	52	53	63	88	#
109	458.516	2	8	17	29	34	36	43	88	#
110	195.915	6	18	89	#
111	175.427	18	32	89	#
112	158.869	6	17	89	#
113	1397.31	0	1	2	4	9	14	18	30	38	40	41	42	43	44	49	50	52	54	58	60	61	62	63	90	#
114	1784.83	0	2	3	4	6	9	12	18	24	25	28	29	30	36	38	41	44	51	53	54	56	59	63	90	#
115	1749.71	0	1	3	10	11	14	24	25	29	32	33	36	37	41	44	47	50	56	57	58	59	61	63	90	#
116	1715.71	0	1	3	9	13	24	27	29	33	36	39	40	41	42	43	44	50	52	53	57	59	61	63	90	#
117	1705.88	0	2	8	9	12	14	18	22	24	29	30	36	39	40	41	42	49	50	52	57	59	60	61	90	#
118	1701.23	14	19	20	21	23	24	27	28	33	36	37	38	39	40	41	42	47	50	52	55	58	61	63	90	#
119	188.721	6	29	49	91	#
120	244.325	6	29	51	91	#
121	219.871	8	27	29	91	#
122	107.288	10	37	49	91	#
123	104.793	43	54	92	#
124	127.825	52	54	92	#
125	103.382	38	43	92	#
126	1066.74	2	15	16	18	19	24	26	33	35	37	40	42	44	54	56	60	93	#
127	1471.5	3	4	5	6	8	13	19	24	26	33	42	44	46	51	52	63	93	#
128	1400.39	0	6	13	25	26	28	29	32	38	41	51	52	56	57	58	61	93	#
129	1352.31	4	5	8	9	18	19	25	26	29	31	34	36	42	45	46	57	93	#
130	1327.66	4	6	8	11	15	17	26	29	38	42	44	49	51	57	58	62	93	#
131	1266.05	3	4	5	16	17	24	25	28	35	42	43	46	48	51	53	58	93	#
132	447.427	2	18	19	25	27	56	94	#
133	565.583	4	6	27	31	41	61	94	#
134	543.725	4	13	18	31	44	45	94	#
135	527.146	15	19	25	41	44	46	94	#
136	480.469	1	2	19	25	32	45	94	#
137	371.278	2	11	18	40	56	61	94	#
138	553.383	1	5	12	13	16	19	40	46	49	51	59	95	#
139	782.533	2	12	16	17	27	28	40	46	56	60	62	95	#
140	775.598	2	8	9	20	25	32	40	42	53	56	59	95	#
141	743.192	2	7	16	30	33	45	49	55	61	62	63	95	#
142	727.347	0	2	5	13	34	46	49	50	53	57	61	95	#
143	711.855	5	11	16	18	19	21	24	31	32	45	57	95	#
144	192.028	21	36	49	96	#
145	212.5	17	49	52	96	#
146	120.059	5	21	22	96	#
147	746.718	0	9	18	25	29	32	33	36	44	49	97	#
148	1050.57	10	13	25	28	29	33	36	38	41	47	97	#
149	866.972	3	7	13	15	18	25	32	36	42	45	97	#
150	844.26	5	6	26	28	32	35	41	44	54	61	97	#
151	791.459	10	15	23	32	35	36	44	51	53	61	97	#
152	775.383	1	6	18	28	36	39	41	42	47	55	97	#
153	434.777	8	19	35	53	54	61	98	#
154	524.731	23	35	36	41	47	54	98	#
155	490.27	4	10	19	30	32	41	98	#
156	443.66	8	10	25	54	56	57	98	#
157	429.602	3	4	10	37	49	61	98	#
158	371.203	5	29	35	41	43	56	98	#
159	711.871	1	3	25	27	41	44	45	63	99	#
160	736.345	2	10	16	18	29	32	41	46	99	#
161	734.948	1	20	29	40	44	46	52	63	99	#
162	628.988	18	24	39	41	43	44	55	63	99	#
163	623.214	1	4	10	25	30	32	45	49	99	#
164	591.32	2	17	25	27	32	39	52	62	99	#
165	742.39	21	22	24	32	38	43	44	45	62	63	100	#
166	848.84	17	20	28	34	46	54	55	57	62	63	100	#
167	827.255	20	21	24	30	35	38	43	45	54	57	100	#
168	791.547	4	21	22	24	25	30	35	38	51	54	100	#
169	778.042	7	8	9	13	16	32	39	51	57	63	100	#
170	710.048	21	30	32	34	38	43	47	49	50	60	100	#
171	476.081	3	23	24	42	54	58	101	#
172	585.164	24	25	26	30	37	49	101	#
173	543.024	24	27	46	49	58	60	101	#
174	524.52	17	23	24	28	40	42	101	#
175	414.639	3	4	6	12	51	54	101	#
176	400.573	2	9	23	24	30	44	101	#
177	87.003	3	11	102	#
178	107.439	11	49	102	#
179	489.824	14	16	22	25	52	53	61	103	#
180	652.964	2	6	12	25	52	58	61	103	#
181	555.995	13	36	50	54	56	60	61	103	#
182	513.282	1	7	22	34	52	56	63	103	#
183	481.643	7	9	14	50	52	57	58	103	#
184	455.776	16	22	25	27	38	50	56	103	#
185	100.714	45	#
186	153.498	41	42	104	#
187	196.147	4	41	104	#
188	90.9365	6	42	104	#
189	693.156	1	6	9	24	25	28	29	47	49	105	#
190	981.578	2	6	7	28	46	54	58	59	61	105	#
191	829.676	6	13	18	24	25	34	43	52	58	105	#
192	733.271	13	19	20	25	32	37	46	52	59	105	#
193	730.316	2	3	6	11	28	35	38	55	58	105	#
194	705.101	9	13	15	20	21	25	29	57	58	105	#
195	1265.16	8	9	10	13	14	17	18	23	28	31	33	40	45	51	53	54	60	62	106	#
196	1491.18	2	6	7	14	16	18	22	23	26	31	33	38	40	45	54	56	58	60	106	#
197	1425.59	4	6	8	11	16	18	28	31	32	34	40	42	45	53	57	58	61	63	106	#
198	1411.01	7	9	11	13	17	26	27	32	34	35	38	39	40	47	52	54	56	59	106	#
199	1410.8	6	9	14	16	18	26	27	28	30	31	35	38	40	47	49	53	54	62	106	#
200	1404.14	6	7	11	13	14	16	25	27	31	32	33	38	40	45	47	48	52	59	106	#
201	827.086	1	15	20	23	28	33	34	43	46	49	54	62	107	#
202	950.552	9	21	22	32	41	42	47	54	57	59	62	63	107	#
203	913.573	2	3	11	14	15	19	25	27	51	57	59	63	107	#
204	903.308	20	21	25	26	34	39	40	46	50	52	55	57	107	#
205	863.024	9	11	15	21	22	28	34	39	50	53	59	61	107	#
206	838.312	20	26	30	33	34	35	49	50	53	57	59	61	107	#
207	94.2034	51	#
208	161.714	10	15	108	#
209	127.915	10	20	108	#
210	85.411	15	17	108	#
211	532.853	0	9	10	15	18	20	21	25	29	53	109	#
212	778.506	10	21	23	24	25	29	42	46	54	57	109	#
213	769.603	4	9	13	23	40	41	45	52	53	59	109	#
214	766.843	2	8	17	20	25	27	35	47	53	54	109	#
215	747.372	1	10	15	18	24	25	35	46	47	48	109	#
216	732.041	2	21	29	30	32	33	36	44	49	58	109	#
217	88.4977	28	#
218	1165.28	0	1	6	10	11	13	14	23	29	30	32	40	42	47	49	55	56	60	61	63	110	#
219	1408.83	3	7	10	11	12	17	19	23	28	36	40	41	46	49	50	54	58	59	61	63	110	#
220	1397.8	4	7	11	13	17	18	19	27	36	41	44	46	48	50	54	56	57	58	60	61	110	#
221	1387.12	1	14	19	23	26	28	29	36	38	39	41	47	48	50	53	54	56	57	60	61	110	#
222	1378.1	4	10	13	14	15	19	21	22	25	26	27	29	41	42	49	55	56	57	60	63	110	#
223	1307.39	0	7	11	13	15	26	27	33	35	42	44	45	46	48	54	57	60	61	62	63	110	#
224	2014	2	3	4	6	8	12	13	15	17	18	24	25	26	28	30	31	32	33	34	35	37	39	45	46	48	50	63	111	#
225	2200.24	1	2	6	7	8	14	18	20	23	24	25	26	27	28	29	31	32	40	42	45	46	49	50	52	53	57	63	111	#
226	2024.12	4	6	7	8	12	13	15	17	18	19	20	23	24	26	28	31	32	37	42	45	47	50	51	52	55	58	60	111	#
227	2008.43	2	4	6	9	10	13	18	22	23	24	25	26	27	28	29	32	33	35	38	39	45	50	51	52	53	55	62	111	#
228	1998.99	1	2	6	10	12	15	17	18	19	22	23	25	26	27	28	32	37	39	42	45	47	49	50	52	53	58	59	111	#
229	1964.32	1	2	3	4	6	7	10	12	13	14	15	17	20	23	24	25	26	27	28	29	33	37	43	45	50	51	53	111	#
230	556.18	3	7	11	30	33	52	54	112	#
231	592.911	7	8	28	34	35	50	54	112	#
232	555.741	10	29	30	33	49	54	61	112	#
233	542.993	3	11	23	26	31	46	54	112	#
234	493.924	0	3	39	52	55	58	63	112	#
235	491.134	9	10	19	30	40	46	63	112	#
236	498.341	20	25	26	43	48	58	113	#
237	607.437	19	24	26	33	48	58	113	#
238	571.598	19	24	36	44	48	63	113	#
239	519.58	7	19	34	43	49	63	113	#
240	405.484	3	11	25	37	44	49	113	#
241	370.412	8	11	14	26	40	46	113	#
242	320.12	13	29	51	56	114	#
243	342.427	13	23	40	47	114	#
244	275.369	9	43	51	61	114	#
245	236.22	10	22	29	42	114	#
246	118.078	9	33	52	56	114	#
247	539.382	6	9	13	17	27	30	32	48	55	115	#
248	744.254	9	18	25	30	32	46	49	51	58	115	#
249	686.415	12	17	18	25	32	36	38	42	60	115	#
250	686.005	3	10	18	23	30	36	44	52	55	115	#
251	660.058	0	9	10	11	12	32	45	47	55	115	#
252	628.366	3	4	8	10	17	27	31	50	54	115	#
253	649.674	1	4	7	8	9	13	21	24	25	31	40	116	#
254	825.187	4	16	17	25	28	29	34	41	48	55	59	116	#
255	799.418	11	13	20	29	31	39	40	44	52	57	60	116	#
256	771.322	10	19	24	25	31	35	40	49	51	53	55	116	#
257	762.493	4	9	16	20	22	24	31	34	36	39	50	116	#
258	762.054	1	6	15	23	26	27	29	39	52	55	57	116	#
259	683.646	0	3	6	16	26	37	39	44	45	50	60	61	117	#
260	964.007	1	8	11	17	24	26	28	29	39	46	55	61	117	#
261	903.553	0	1	2	6	8	15	25	28	45	46	50	63	117	#
262	866.918	0	1	2	15	18	21	24	27	33	36	46	57	117	#
263	797.727	0	2	8	21	24	31	36	39	41	45	50	60	117	#
264	734.042	0	3	12	15	17	25	26	28	50	57	60	62	117	#
265	2018.45	2	3	4	5	7	8	9	11	12	14	15	16	19	22	23	25	28	29	38	39	40	43	44	46	49	50	51	52	53	54	56	59	61	118	#
266	2394.31	4	5	7	8	10	11	12	14	15	16	18	20	22	23	25	28	29	30	32	33	34	38	39	40	43	44	46	47	49	51	52	62	63	118	#
267	2290.11	2	4	5	7	8	9	10	12	14	23	25	29	30	32	33	34	35	36	38	39	40	43	44	46	47	48	49	50	52	56	58	59	62	118	#
268	2285.29	2	3	4	5	7	8	10	12	14	15	18	22	25	29	30	31	33	34	35	40	43	44	47	48	49	50	51	52	53	55	58	61	63	118	#
269	2274.22	0	3	4	5	7	8	9	10	11	12	13	14	23	24	25	26	29	30	31	32	33	38	40	42	43	46	47	49	50	57	58	60	63	118	#
270	2253.78	4	5	9	10	12	14	19	22	23	25	29	30	31	32	33	35	37	38	39	40	42	44	45	46	49	50	52	54	56	58	60	61	62	118	#
271	252.131	0	28	36	62	119	#
272	303.162	13	36	42	55	119	#
273	230.254	0	13	29	56	119	#
274	211.099	14	28	54	62	119	#
275	202.129	1	28	61	62	119	#
276	172.382	8	31	120	#
277	222.912	23	31	120	#
278	180.449	1	16	21	29	45	62	121	#
279	162.313	0	2	9	10	21	33	121	#
280	1971.96	3	4	5	7	10	11	13	16	23	26	28	31	32	34	35	36	37	38	42	43	45	46	47	48	56	57	122	#
281	2177.53	1	4	7	9	10	11	13	16	20	25	30	31	32	33	34	37	41	45	46	49	56	57	58	61	62	63	122	#
282	2098.38	1	7	8	10	11	13	19	20	25	28	30	31	32	37	41	42	44	45	46	47	48	51	52	56	57	63	122	#
283	2049.47	1	4	6	10	11	18	20	25	29	30	31	33	34	38	39	42	44	45	46	47	48	54	56	57	60	61	122	#
284	1994.23	0	1	3	4	6	7	11	13	15	19	20	23	25	29	30	31	32	34	36	38	39	44	46	48	56	61	122	#
285	1960.9	1	4	5	11	12	13	15	20	23	25	31	34	36	38	40	43	45	46	50	51	57	58	60	61	62	63	122	#
286	386.415	0	1	25	32	42	60	123	#
287	536.751	4	6	32	59	60	62	123	#
288	474.265	1	2	23	34	46	49	123	#
289	458.741	7	25	48	51	56	59	123	#
290	385.669	0	6	18	40	43	49	123	#
291	323.837	0	32	39	45	48	60	123	#
292	263.031	19	32	48	54	124	#
293	301.983	10	32	46	51	124	#
294	270.454	10	39	47	54	124	#
295	233.004	19	20	38	56	124	#
296	96.4883	3	9	22	#
297	176.634	0	8	19	26	50	125	#
298	169.231	7	12	17	50	52	125	#
299	380.387	9	10	14	20	28	38	43	126	#
300	534.433	3	9	23	34	48	58	63	126	#
301	533.16	1	20	21	41	52	54	58	126	#
302	459.697	10	13	28	33	53	54	56	126	#
303	446.631	13	38	40	43	46	48	52	126	#
304	323	12	14	38	41	45	50	60	126	#
305	320.525	1	25	45	48	52	127	#
306	458.266	1	5	7	25	32	127	#
307	394.302	2	30	47	48	61	127	#
308	351.49	15	22	34	41	52	127	#
309	321.339	1	42	47	53	57	127	#
310	373.262	13	23	36	40	128	#
311	359.141	8	25	36	40	128	#
312	317.666	18	23	47	50	128	#
313	287.84	18	35	36	56	128	#
314	263.49	4	13	14	19	128	#
315	457.243	14	35	36	45	48	52	129	#
316	587.531	6	17	20	28	32	52	129	#
317	570.957	32	35	36	39	52	61	129	#
318	502.731	13	18	32	36	39	45	129	#
319	481.228	5	23	35	42	52	57	129	#
320	407.905	14	20	32	39	48	62	129	#
321	584.95	1	5	6	12	15	27	28	36	51	56	62	63	130	#
322	859.648	1	6	13	16	18	24	39	45	51	57	60	62	130	#
323	829.357	0	14	19	27	33	36	38	45	48	55	57	63	130	#
324	771.858	3	6	14	17	19	22	31	37	41	46	47	62	130	#
325	765.574	1	4	19	23	28	42	43	44	46	54	131	#
326	1029.3	5	6	7	8	25	28	29	31	32	51	131	#
327	925.563	4	6	22	24	33	34	52	54	60	63	131	#
328	908.972	22	26	31	35	38	44	45	46	51	54	131	#
329	879.601	2	29	30	31	37	43	51	54	58	63	131	#
330	747.29	1	4	5	6	16	26	28	38	42	51	131	#
331	1427.95	5	6	9	13	14	15	18	21	23	25	33	34	35	41	43	44	49	50	55	56	62	63	132	#
332	1776.77	4	5	10	15	18	22	25	26	28	32	35	38	40	41	42	44	45	48	53	55	59	63	132	#
333	1775.17	2	4	5	6	9	23	26	32	33	34	35	38	39	40	44	45	46	49	51	53	62	63	132	#
334	1744.33	2	5	10	14	15	18	19	23	26	28	29	32	33	34	37	40	42	44	51	59	60	63	132	#
335	1740.9	1	6	9	10	19	20	21	22	25	26	28	32	34	35	40	41	43	49	53	56	59	63	132	#
336	1737	4	5	6	12	13	20	22	23	28	32	34	35	38	50	53	54	55	57	58	59	62	63	132	#
337	405.684	12	17	29	46	55	59	62	133	#
338	557.483	19	24	29	50	54	55	57	133	#
339	553.717	18	20	21	27	29	38	59	133	#
340	528.866	17	18	34	37	42	50	57	133	#
341	434.473	3	12	18	20	43	53	60	133	#
342	433.929	4	15	19	21	40	43	46	133	#
343	508.365	20	33	34	44	51	134	#
344	504.244	8	26	29	34	54	134	#
345	481.212	0	4	49	51	54	134	#
346	440.514	8	33	36	48	57	134	#
347	415.839	26	36	39	44	45	134	#
348	412.22	4	20	21	25	27	134	#
349	889.456	3	5	6	7	23	26	35	38	45	54	59	62	135	#
350	1031.94	3	6	13	23	29	30	32	33	42	45	59	63	135	#
351	1011.29	0	3	4	7	11	15	23	40	46	48	60	63	135	#
352	1003.4	1	2	7	26	33	35	37	38	46	47	58	59	135	#
353	972.799	3	4	17	18	32	33	38	39	40	45	47	59	135	#
354	841.359	4	6	9	15	20	23	33	34	38	45	54	55	135	#
355	189.023	5	24	32	136	#
356	264.084	24	52	63	136	#
357	263.783	5	23	36	136	#
358	163.034	27	32	45	136	#
359	224.15	29	35	137	#
360	170.822	35	38	137	#
361	137.11	27	29	137	#
362	340.478	19	23	63	138	#
363	301.829	2	23	28	138	#
364	209.466	14	33	63	138	#
365	187.15	17	19	51	138	#
366	1180.4	2	6	7	12	16	21	27	36	39	43	47	48	50	54	55	59	139	#
367	1398.36	2	7	18	27	36	37	39	41	43	46	47	49	53	54	56	60	139	#
368	1330.98	1	3	5	6	7	18	21	27	35	36	51	52	54	58	60	61	139	#
369	1300.91	6	7	10	18	23	25	28	32	35	42	47	50	53	55	56	57	139	#
370	1284.57	8	12	18	21	26	27	30	32	35	37	39	47	51	53	54	57	139	#
371	1279.03	1	2	3	4	6	7	9	21	22	24	27	28	30	36	40	53	139	#
372	124.637	2	63	140	#
373	185.953	27	63	140	#
374	139.539	2	38	140	#
375	1613.69	0	3	5	7	9	10	15	17	20	23	25	29	33	35	36	37	38	39	41	44	49	50	52	54	55	58	59	141	#
376	2137.08	0	6	7	8	15	23	24	25	26	28	29	32	33	35	38	39	42	47	51	54	55	57	58	59	61	62	63	141	#
377	1895.24	0	4	5	6	7	12	17	19	20	21	26	28	31	32	33	34	35	41	42	45	46	48	52	57	58	59	63	141	#
378	1892.83	0	1	4	5	7	8	10	11	12	17	23	28	30	32	33	34	35	38	40	42	45	47	49	50	52	58	63	141	#
379	1857.35	5	6	7	8	11	14	15	16	17	20	21	23	26	28	33	34	35	37	38	42	45	47	50	53	57	58	63	141	#
380	1843.01	0	4	5	6	7	8	9	12	13	15	16	23	25	29	30	33	34	35	37	38	40	41	50	52	55	58	63	141	#
381	3024.94	0	2	4	7	11	12	13	15	16	17	18	19	23	24	25	26	27	30	31	34	36	37	39	40	41	42	44	45	46	47	49	51	52	53	56	57	59	60	61	63	142	#
382	3158.99	1	2	3	4	5	7	11	12	15	16	17	19	20	21	23	24	25	26	30	32	33	36	38	39	40	41	45	46	47	51	52	53	54	56	57	58	59	60	61	63	142	#
383	3053.62	0	2	4	7	10	11	12	14	15	17	18	19	20	21	23	24	26	31	33	36	37	38	40	41	43	44	45	46	47	49	51	52	53	54	56	57	58	60	61	63	142	#
384	3051.52	0	1	3	4	9	11	13	14	15	16	17	18	19	20	21	23	24	26	27	32	33	34	36	38	40	41	45	46	47	52	53	54	55	56	57	58	59	60	61	63	142	#
385	3031.99	1	3	4	7	10	12	14	15	16	17	18	19	20	21	23	25	26	27	30	31	34	36	37	39	40	41	45	46	47	49	51	52	53	54	55	56	59	60	61	63	142	#
386	2994.05	2	3	4	7	11	13	14	15	16	18	19	20	21	23	26	27	32	33	34	36	37	38	39	40	44	45	46	47	52	53	54	55	56	57	58	59	60	61	62	63	142	#
387	1401.82	1	4	5	6	8	13	15	18	26	32	33	38	39	42	44	55	56	57	60	61	63	143	#
388	1640.7	1	6	7	13	14	15	18	19	27	28	32	33	35	38	42	45	47	49	51	57	60	143	#
389	1578.4	0	1	4	7	15	16	18	20	26	27	28	32	35	36	40	44	51	52	54	56	60	143	#
390	1558.13	4	7	8	13	14	18	19	20	22	27	28	29	32	34	37	38	43	44	47	55	60	143	#
391	1548.1	0	6	7	8	12	22	27	29	31	34	35	38	44	47	50	52	56	57	58	60	63	143	#
392	1511.78	7	8	12	15	18	20	22	25	26	29	40	42	43	44	47	49	51	58	59	60	61	143	#
393	168.719	40	60	144	#
394	139.259	42	60	144	#
395	1355	0	3	4	9	10	17	20	23	31	34	35	38	43	45	47	48	49	50	57	61	145	#
396	1729.16	4	6	7	11	13	16	20	23	25	28	30	32	34	39	44	45	46	56	57	61	145	#
397	1715.84	0	2	9	15	16	18	23	26	27	30	32	34	36	42	44	46	47	49	60	61	145	#
398	1670.78	0	4	6	10	15	16	23	26	27	32	34	36	46	47	50	54	55	56	57	61	145	#
399	1613.66	2	7	13	18	21	30	31	36	38	39	40	41	45	46	49	50	51	53	56	61	145	#
400	1593.88	0	4	6	7	15	24	26	27	29	32	34	37	39	41	42	49	50	51	54	55	145	#
401	48.4594	10	#
402	678.918	4	18	22	30	52	61	63	146	#
403	623.278	3	4	8	14	54	57	60	146	#
404	452.367	2	8	22	32	42	56	61	146	#
405	443.731	3	15	20	30	50	55	63	146	#
406	433.546	5	12	30	42	52	57	59	146	#
407	375.166	5	9	10	14	24	33	52	146	#
408	1233.23	2	3	5	8	14	16	20	21	26	27	33	35	38	51	54	61	62	63	147	#
409	1492.31	2	4	6	7	10	13	16	19	27	33	39	40	45	51	54	57	61	62	147	#
410	1426.07	9	12	16	20	25	28	29	38	39	40	47	51	54	56	57	61	62	63	147	#
411	1401.93	4	6	7	8	10	13	16	19	21	22	25	29	30	31	40	51	54	56	147	#
412	1389.14	3	5	6	7	10	11	20	21	27	29	38	47	52	54	56	57	59	63	147	#
413	1383.94	2	3	4	7	9	11	17	19	20	27	31	33	38	39	51	54	56	61	147	#
414	1490.01	0	3	8	11	18	19	20	21	23	26	35	36	37	40	46	47	49	50	60	148	#
415	1789.8	4	8	14	18	23	26	31	36	37	40	41	43	45	47	51	52	57	59	63	148	#
416	1611.67	0	7	8	15	19	20	21	23	26	31	35	40	45	47	50	51	58	59	63	148	#
417	1551.16	0	7	8	10	11	26	29	32	35	36	37	39	41	47	50	55	60	62	63	148	#
418	1531.51	0	4	8	10	19	21	23	31	34	35	41	46	47	50	53	57	58	59	63	148	#
419	1508.07	0	7	8	11	14	16	21	26	30	35	36	37	46	47	49	50	55	59	63	148	#
420	275.38	9	34	37	38	62	149	#
421	387.931	31	37	44	54	61	149	#
422	342.121	24	38	42	43	61	149	#
423	313.217	5	10	34	38	59	149	#
424	305.626	9	32	43	44	47	149	#
425	193.08	9	12	34	54	62	149	#
426	631.914	8	29	30	35	53	54	57	59	150	#
427	811.337	7	18	25	29	32	40	51	60	150	#
428	760.916	8	20	28	35	40	53	60	61	150	#
429	690.504	2	41	42	44	46	53	56	57	150	#
430	656.857	2	15	27	31	35	41	52	54	150	#
431	609.991	3	11	19	20	35	40	59	62	150	#
432	690.66	1	3	23	25	28	37	46	54	62	151	#
433	681.979	3	8	14	23	26	47	54	55	62	151	#
434	667.065	3	17	23	31	43	44	46	59	62	151	#
435	608.704	14	25	26	32	34	40	47	55	56	151	#
436	562.027	5	6	14	22	25	40	53	61	62	151	#
437	561.895	3	10	19	24	28	34	42	44	46	151	#
438	129.63	47	#
439	360.48	2	9	53	57	152	#
440	346.236	27	45	53	60	152	#
441	323.426	9	18	25	40	152	#
442	299.156	18	46	47	57	152	#
443	284.408	2	38	51	55	152	#
444	1695.22	0	1	2	5	6	7	8	14	17	19	22	24	35	37	38	41	42	43	46	47	49	50	51	57	59	63	153	#
445	1978.24	2	5	8	13	18	22	26	29	31	35	36	37	38	43	45	46	47	49	50	51	52	54	55	57	59	60	153	#
446	1881.8	1	6	8	9	13	14	18	25	26	29	32	33	35	36	37	38	41	45	46	47	48	49	54	59	60	62	153	#
447	1842.2	1	3	4	5	6	13	17	18	19	22	29	33	35	36	37	38	41	44	45	46	47	50	51	52	59	63	153	#
448	1840.12	1	2	3	6	8	14	15	19	22	24	25	26	27	29	35	36	38	46	47	50	52	54	56	57	59	63	153	#
449	1821.95	1	2	3	5	6	8	12	13	17	18	19	21	24	29	38	41	45	47	50	51	52	55	57	59	60	63	153	#
450	484.886	0	15	18	25	27	57	154	#
451	530.638	10	25	40	47	55	58	154	#
452	520.276	9	10	18	28	36	57	154	#
453	506.978	0	26	28	40	44	60	154	#
454	410.697	15	19	21	32	59	60	154	#
455	384.038	1	18	21	25	31	37	154	#
456	899.749	0	2	3	5	7	10	13	27	29	38	49	59	61	155	#
457	1013.49	3	5	12	13	25	32	33	37	38	53	58	59	61	155	#
458	956.244	4	12	13	21	23	27	28	34	37	38	44	51	59	155	#
459	955.181	1	3	4	5	7	24	31	44	48	49	59	61	62	155	#
460	942.244	1	13	17	26	27	33	35	47	53	54	57	59	61	155	#
461	930.347	1	3	4	7	8	16	21	24	29	37	44	49	59	155	#
462	717.476	1	5	6	9	14	24	36	46	49	60	156	#
463	994.258	11	15	22	24	36	40	46	49	61	63	156	#
464	892.665	11	15	17	18	23	31	33	36	46	53	156	#
465	857.142	0	5	6	8	11	33	38	46	54	61	156	#
466	841.391	1	6	11	20	33	38	46	49	58	62	156	#
467	798.318	1	6	24	27	34	35	44	46	48	60	156	#
468	203.607	13	27	157	#
469	178.916	27	55	157	#
470	177.026	13	30	157	#
471	216.972	5	7	9	158	#
472	253.368	7	9	55	158	#
473	204.784	5	42	63	158	#
474	343.209	3	18	27	54	55	159	#
475	505.067	15	18	23	29	58	159	#
476	428.789	15	16	25	29	55	159	#
477	398.591	3	18	21	32	37	159	#
478	372.339	1	13	25	45	54	159	#
479	245.913	20	27	44	62	63	159	#
480	1080.46	1	5	7	14	15	23	27	28	31	39	45	47	48	51	53	62	160	#
481	1254.28	0	2	4	6	15	19	21	25	27	31	34	41	46	47	48	55	160	#
482	1226.75	2	5	13	23	26	31	33	38	39	40	42	45	47	51	55	62	160	#
483	1192.01	2	6	10	18	21	31	32	33	36	39	41	45	51	52	53	58	160	#
484	1136.6	2	4	7	13	16	18	19	26	27	33	39	45	51	55	57	62	160	#
485	1102.51	2	5	10	13	15	19	23	25	31	34	37	38	46	47	56	62	160	#
486	1195.64	0	1	12	14	25	26	27	28	32	35	39	46	55	57	63	161	#
487	1375.13	2	10	18	31	41	42	43	46	47	53	54	57	58	59	63	161	#
488	1235.8	2	5	8	12	13	16	23	24	25	27	31	32	42	47	54	161	#
489	1205.39	2	4	6	12	13	14	18	19	25	27	39	46	52	57	63	161	#
490	1185.42	0	2	5	8	12	16	19	25	27	32	36	44	47	54	58	161	#
491	1173.63	16	19	24	25	26	27	28	37	42	43	44	50	55	57	58	161	#
492	154.364	3	17	47	55	162	#
493	230.43	9	10	17	47	162	#
494	159.818	19	27	44	55	162	#
495	660.373	1	4	11	13	14	31	36	49	51	56	62	163	#
496	880.047	2	5	7	18	24	27	31	32	36	56	62	163	#
497	837.195	1	5	6	13	15	23	24	35	41	45	57	163	#
498	763.806	4	5	14	18	24	34	43	52	53	56	60	163	#
499	760.696	5	6	7	10	13	19	26	37	52	55	62	163	#
500	741.124	9	10	28	34	38	41	47	51	55	56	62	163	#
501	838.014	2	5	7	9	10	19	36	44	49	51	56	62	164	#
502	1143.92	0	2	10	22	23	25	28	31	35	36	37	56	164	#
503	1026.95	2	3	4	18	26	28	34	35	41	52	54	63	164	#
504	1012.01	7	9	32	35	36	44	45	46	49	52	60	62	164	#
505	938.324	5	9	25	27	28	35	36	43	44	46	49	52	164	#
506	909.246	2	7	8	10	11	16	32	36	37	41	49	55	164	#
507	215.543	3	38	46	165	#
508	267.429	27	45	46	165	#
509	179.721	3	26	27	165	#
510	164.005	22	38	51	165	#
511	318.477	5	8	17	46	58	166	#
512	420.175	13	31	45	46	57	166	#
513	379.162	1	16	24	27	58	166	#
514	375.086	8	31	42	46	55	166	#
515	374.418	2	5	31	34	43	166	#
516	296.71	7	17	26	45	48	166	#
517	286.863	30	35	44	167	#
518	298.45	30	31	54	167	#
519	262.661	8	21	35	167	#
520	211.179	25	44	61	167	#
521	1416.23	2	3	12	13	18	23	24	29	33	34	39	41	43	46	51	52	56	58	59	168	#
522	1593.18	0	2	3	9	13	18	24	26	31	32	33	34	44	50	52	54	57	58	60	168	#
523	1557.5	3	4	5	8	23	24	26	30	31	32	33	40	42	47	48	54	58	59	63	168	#
524	1542	3	6	10	13	18	20	22	23	24	31	33	34	37	40	41	44	54	56	57	168	#
525	1503.06	3	5	6	7	13	16	19	30	31	34	37	41	52	54	56	57	60	61	62	168	#
526	1465.05	2	13	16	21	24	29	30	32	33	34	44	48	49	51	52	56	58	60	61	168	#
527	758.857	2	18	20	21	23	25	33	42	51	169	#
528	840.784	4	8	25	26	30	32	42	51	53	169	#
529	786.821	3	4	17	19	23	25	31	48	59	169	#
530	743.391	2	8	23	26	27	43	49	55	59	169	#
531	693.323	8	9	20	23	29	33	36	47	51	169	#
532	668.64	10	17	20	26	42	43	49	51	57	169	#
533	438.519	0	5	12	14	16	24	27	39	40	51	62	170	#
534	624.679	0	4	6	9	12	17	22	27	33	56	59	170	#
535	610.34	0	6	9	13	17	27	32	40	42	51	53	170	#
536	575.357	3	5	14	17	18	21	24	26	33	37	38	170	#
537	564.271	0	3	8	9	12	14	15	17	23	26	40	170	#
538	517.697	3	12	14	21	22	23	24	25	27	39	44	170	#
539	1180.75	2	13	14	28	29	30	32	38	40	41	49	56	57	60	171	#
540	1217.02	1	3	7	25	26	27	28	30	31	33	38	40	48	49	171	#
541	1209.69	2	13	14	22	25	28	29	36	37	40	41	46	47	58	171	#
542	1198.59	1	2	4	7	8	13	14	26	28	33	40	43	45	62	171	#
543	1139.17	2	6	7	8	9	13	23	32	33	36	53	57	59	60	171	#
544	1134.19	0	7	13	14	17	22	24	26	28	31	32	34	46	60	171	#
545	585.537	16	25	28	34	38	59	172	#
546	613.112	2	10	19	26	47	59	172	#
547	574.973	25	28	38	46	47	50	172	#
548	572.876	2	34	42	46	47	57	172	#
549	506.254	31	33	38	45	58	62	172	#
550	451.365	2	9	19	28	43	58	172	#
551	732.916	0	4	6	15	16	22	25	32	42	43	50	54	173	#
552	1081.81	2	4	7	10	15	19	21	22	24	33	41	61	173	#
553	1018.58	5	12	13	20	24	27	33	45	51	53	54	61	173	#
554	1014.59	2	10	13	20	22	35	43	51	54	55	58	63	173	#
555	957.785	0	4	20	22	25	29	39	42	45	49	52	54	173	#
556	941.161	4	19	22	28	29	33	34	43	51	56	57	63	173	#
557	270.141	4	41	56	174	#
558	348.779	4	32	59	174	#
559	239.025	14	41	63	174	#
560	184.787	12	56	57	174	#
561	1670.88	1	3	9	10	13	16	18	19	20	24	27	28	33	37	39	40	41	42	43	48	51	55	56	57	59	62	63	175	#
562	2193.35	4	13	15	16	17	20	23	24	27	28	30	32	34	35	37	41	42	45	47	50	51	52	53	54	57	60	63	175	#
563	2081.15	0	2	3	13	15	16	18	19	20	22	24	25	27	28	31	32	34	35	43	47	51	52	53	56	57	61	63	175	#
564	2065.22	10	13	14	18	19	20	23	27	28	30	31	34	37	39	41	42	43	47	51	52	53	54	56	60	61	62	63	175	#
565	2056.6	0	3	5	14	16	19	20	27	28	31	32	33	34	37	39	40	41	42	43	47	51	52	53	57	60	61	63	175	#
566	2023.45	4	10	11	13	14	15	16	18	20	23	25	27	28	31	33	35	37	41	42	43	50	52	54	56	57	59	61	175	#
567	684.831	10	23	29	30	46	50	60	63	176	#
568	696.919	5	7	23	25	36	46	59	61	176	#
569	657.352	10	17	21	32	40	42	60	61	176	#
570	637.92	6	8	20	21	23	30	40	46	176	#
571	575.207	10	19	23	24	29	38	40	51	176	#
572	528.125	0	12	23	27	42	44	57	63	176	#
573	260.176	1	40	46	177	#
574	325.079	38	46	63	177	#
575	296.811	40	53	57	177	#
576	133.906	1	6	10	177	#
577	705.58	6	7	10	19	20	33	42	57	62	178	#
578	724.412	13	18	22	31	33	42	44	50	61	178	#
579	702.065	5	6	7	10	13	25	45	50	59	178	#
580	684.721	4	24	30	34	35	37	42	47	58	178	#
581	630.995	3	14	19	27	28	35	40	45	61	178	#
582	611.727	5	20	21	27	47	51	53	55	59	178	#
583	903.421	6	10	13	15	18	21	26	38	39	57	60	179	#
584	989.796	6	9	18	26	28	31	36	39	43	44	57	179	#
585	987.909	9	13	23	32	34	36	37	43	44	49	60	179	#
586	946.109	6	13	28	31	32	36	44	45	51	52	58	179	#
587	937.749	8	9	15	23	32	41	42	45	46	57	63	179	#
588	900.412	9	10	12	13	21	27	28	32	36	46	57	179	#
589	486.862	12	18	33	52	59	60	180	#
590	519.172	24	33	51	59	60	62	180	#
591	484.084	18	29	32	38	58	60	180	#
592	468.006	2	11	33	35	47	52	180	#
593	466.697	4	8	12	25	38	59	180	#
594	427.06	0	4	29	31	38	59	180	#
595	1213	1	2	4	5	11	12	17	21	22	24	29	33	38	47	50	55	59	61	62	63	181	#
596	1455.58	1	5	8	11	12	18	23	30	33	34	38	39	40	41	48	55	57	58	61	63	181	#
597	1439.8	3	6	12	16	18	21	22	27	28	29	30	38	39	41	46	49	54	58	60	63	181	#
598	1429.04	3	4	8	12	14	17	26	27	28	29	30	33	38	39	40	42	45	50	58	60	181	#
599	1402.96	0	1	5	11	12	23	29	34	38	39	40	42	43	46	50	55	58	59	60	62	181	#
600	1380.13	3	4	7	11	15	16	17	18	23	25	29	38	42	46	49	50	54	55	57	59	181	#
601	189.236	13	19	46	182	#
602	183.423	22	46	62	182	#
603	172.317	0	13	32	182	#
604	158.17	18	19	49	182	#
605	152.947	36	54	183	#
606	87.2541	30	54	183	#
607	71.855	1	36	183	#
608	482.07	2	5	32	34	46	52	184	#
609	519.775	24	36	42	52	62	63	184	#
610	464.419	2	11	29	61	62	63	184	#
611	462.115	5	7	31	46	58	62	184	#
612	438.376	4	5	31	38	46	62	184	#
613	420.652	2	3	31	32	50	52	184	#
614	731.581	24	27	28	32	35	45	60	185	#
615	597.63	1	32	35	36	37	43	60	185	#
616	594.31	16	25	29	39	45	54	63	185	#
617	551.638	5	8	10	24	31	45	57	185	#
618	550.227	16	32	39	50	51	61	63	185	#
619	506.32	27	30	38	43	44	57	61	185	#
620	189.837	2	32	186	#
621	164.249	2	40	186	#
622	143.558	12	32	186	#
623	1262.36	1	8	13	17	19	20	25	29	32	33	36	37	41	43	55	58	187	#
624	1538.95	5	7	8	19	20	26	28	29	32	41	43	50	57	58	59	63	187	#
625	1440.8	5	7	24	26	28	29	30	32	34	35	39	41	43	44	47	51	187	#
626	1337.03	6	7	8	13	15	21	25	28	32	33	46	55	58	59	60	61	187	#
627	1335.26	8	10	17	20	25	28	29	30	32	39	41	46	48	51	55	59	187	#
628	1334.63	6	8	14	20	21	25	28	29	35	37	41	42	47	48	50	53	187	#
629	1593.51	1	3	5	9	10	12	14	15	16	19	25	27	34	36	38	39	41	45	47	48	49	54	55	57	58	59	188	#
630	1899.73	9	10	12	15	18	19	21	22	25	26	29	32	33	34	35	37	39	42	43	45	53	54	57	58	59	63	188	#
631	1869.94	1	5	15	16	21	22	23	24	25	26	28	33	34	35	36	37	38	39	43	46	47	48	54	55	58	63	188	#
632	1868.19	1	2	3	13	15	20	22	23	25	26	32	35	37	39	40	43	45	47	49	51	52	53	54	55	58	59	188	#
633	1805.94	1	2	5	6	9	12	17	23	25	26	28	33	37	39	40	42	43	45	46	48	49	51	54	58	59	63	188	#
634	1789.22	2	5	6	9	13	14	15	16	19	22	24	26	29	34	35	37	39	40	43	47	55	58	59	61	62	63	188	#
635	139.331	25	42	189	#
636	123.252	22	42	189	#
637	100.269	16	25	189	#
638	309.15	0	2	41	54	190	#
639	359.035	0	29	38	54	190	#
640	334.144	0	29	40	54	190	#
641	330.73	2	28	43	59	190	#
642	175.156	0	19	41	50	190	#
643	783.098	0	1	2	5	15	20	22	30	36	42	50	63	191	#
644	933.877	1	11	16	20	29	30	32	34	37	38	41	60	191	#
645	912.397	0	7	10	14	15	16	18	24	38	45	61	63	191	#
646	892.363	0	1	6	10	15	16	42	45	48	58	61	63	191	#
647	868.486	0	3	6	7	8	10	15	22	38	45	55	63	191	#
648	828.925	0	1	5	10	16	25	31	32	34	37	59	61	191	#
649	450.024	28	30	32	38	44	192	#
650	418.857	12	28	32	35	39	192	#
651	412.141	5	11	38	41	61	192	#
652	346.936	14	28	37	40	45	192	#
653	316.092	4	16	44	55	57	192	#
654	296.984	18	22	30	55	63	192	#
655	383.118	3	12	20	42	47	48	56	193	#
656	514.583	11	23	37	39	42	60	63	193	#
657	498.949	19	22	27	36	47	48	58	193	#
658	466.957	8	10	11	14	15	56	58	193	#
659	446.265	10	16	19	30	37	48	59	193	#
660	437.712	0	3	16	26	27	44	58	193	#
661	218.143	0	36	40	194	#
662	220.305	10	20	40	194	#
663	208.364	0	11	18	194	#
664	183.103	0	10	36	194	#
665	581.276	11	13	15	18	21	23	40	55	57	195	#
666	794.827	10	18	21	27	29	36	53	56	57	195	#
667	792.593	0	2	13	29	36	53	55	57	60	195	#
668	691.527	2	11	14	18	35	43	46	61	63	195	#
669	689.951	11	21	27	32	33	38	41	45	61	195	#
670	673.777	8	14	19	21	25	27	28	51	57	195	#
671	2193.58	2	4	5	6	12	14	16	19	21	22	24	25	26	31	33	36	37	38	42	45	49	53	57	58	60	61	62	63	196	#
672	2550.78	2	4	5	6	10	11	13	19	21	24	25	26	29	32	33	36	37	39	40	45	47	49	55	57	58	61	62	63	196	#
673	2520.06	2	6	11	12	13	19	24	25	26	28	29	30	32	33	34	36	37	38	39	40	41	45	47	55	59	60	61	63	196	#
674	2508.05	2	4	6	7	9	10	15	16	17	21	22	24	25	26	32	33	34	35	36	40	45	49	52	53	57	58	60	61	196	#
675	2495.05	2	5	6	9	10	11	13	19	20	23	26	29	30	32	33	35	36	38	39	40	42	45	49	52	58	60	61	63	196	#
676	2458.82	2	4	7	9	11	13	16	17	18	19	21	24	26	28	29	32	34	35	36	37	38	39	40	45	49	52	57	60	196	#
677	48.3855	12	19	#
678	510.028	13	28	30	31	41	47	48	197	#
679	570.983	0	4	13	30	31	46	57	197	#
680	535.259	14	16	18	19	24	28	55	197	#
681	509.643	11	21	30	35	41	44	60	197	#
682	500.416	0	2	24	47	52	55	59	197	#
683	482.155	6	13	14	16	31	56	59	197	#
684	307.994	20	31	38	54	198	#
685	406.701	4	22	31	63	198	#
686	270.346	4	20	51	62	198	#
687	261.787	2	17	26	54	198	#
688	256.25	35	38	45	54	198	#
689	43.9016	12	20	#
690	76.3055	22	#
691	569.634	1	3	5	11	34	40	44	49	52	57	61	199	#
692	836.037	7	16	17	19	20	25	33	34	40	42	44	199	#
693	826.091	2	3	13	18	24	35	38	47	51	52	57	199	#
694	804.882	3	29	30	33	35	51	53	54	57	59	60	199	#
695	794.8	1	5	12	13	18	20	36	40	41	51	58	199	#
696	734.945	11	18	20	22	24	28	30	36	37	43	50	199	#
697	326.969	18	32	37	200	#
698	317.144	18	33	54	200	#
699	297.348	13	29	32	200	#
700	218.315	10	15	37	200	#
701	1119.1	1	10	13	14	20	21	23	25	29	40	42	43	44	47	55	56	57	201	#
702	1595.85	2	7	8	10	23	25	26	27	33	36	41	44	46	51	54	58	61	201	#
703	1393.7	2	3	7	13	22	23	24	29	33	38	41	44	49	54	58	61	63	201	#
704	1377.61	2	9	18	19	20	23	27	30	31	41	45	46	47	54	56	61	63	201	#
705	1353.44	2	6	13	15	20	21	23	25	27	35	40	44	47	51	56	57	63	201	#
706	1290.3	0	6	10	18	23	24	26	27	36	43	49	51	55	56	57	58	59	201	#
707	509.801	2	28	47	51	55	63	202	#
708	620.716	24	26	28	48	57	63	202	#
709	548.384	0	2	6	28	29	51	202	#
710	538.206	2	7	40	53	58	61	202	#
711	389.75	0	14	28	42	56	61	202	#
712	347.924	15	22	31	47	52	55	202	#
713	547.17	5	16	32	57	63	203	#
714	444.135	9	13	51	57	63	203	#
715	390.902	5	28	44	52	61	203	#
716	389.343	10	11	35	56	63	203	#
717	382.158	12	32	43	45	47	203	#
718	332.556	0	16	31	45	55	203	#
719	451.668	1	17	25	26	33	45	204	#
720	579.471	1	25	33	36	47	51	204	#
721	537.79	1	19	22	33	36	54	204	#
722	514.315	25	31	32	38	56	59	204	#
723	493.041	4	5	7	11	26	38	204	#
724	419.09	17	22	33	44	62	63	204	#
725	843.643	1	6	7	14	17	20	23	31	37	38	42	48	59	205	#
726	1043.3	0	2	6	18	20	21	31	36	37	45	46	47	48	205	#
727	1041.51	1	2	18	20	27	29	31	36	40	42	44	46	47	205	#
728	1027.83	4	5	7	17	18	25	28	30	33	44	45	48	59	205	#
729	1007.18	17	20	25	29	37	38	41	43	45	46	51	54	57	205	#
730	983.212	0	2	5	6	7	15	17	29	31	34	41	45	55	205	#
731	1818.48	4	6	10	16	17	18	21	22	24	25	32	34	35	37	38	39	43	46	48	51	52	54	55	59	61	206	#
732	2141.58	1	2	3	4	6	7	10	12	16	18	19	21	24	26	31	33	35	39	40	42	47	49	51	57	60	206	#
733	2138.93	2	4	6	9	13	15	18	20	25	26	29	32	35	36	37	40	42	43	46	48	51	54	59	60	61	206	#
734	2066.42	1	2	3	4	7	16	19	20	24	29	31	32	34	38	40	41	43	46	49	52	54	56	59	60	61	206	#
735	2004.04	0	2	4	8	9	11	12	14	19	25	26	28	29	32	33	35	36	38	42	43	51	52	54	60	61	206	#
736	1995.34	0	1	2	4	13	14	15	16	17	18	21	23	24	25	26	28	29	32	34	36	39	40	51	57	59	206	#
737	330.768	13	18	26	28	207	#
738	342.972	3	13	35	47	207	#
739	330.975	3	18	25	40	207	#
740	289.074	8	26	42	47	207	#
741	263.391	0	28	44	61	207	#
742	75.9561	37	#
743	576.578	2	23	28	32	43	51	58	208	#
744	742.687	4	15	28	34	40	47	57	208	#
745	664.837	6	16	28	32	44	55	57	208	#
746	664.369	6	15	25	51	55	56	61	208	#
747	617.794	1	2	32	33	35	44	58	208	#
748	543.697	9	23	35	40	43	47	58	208	#
749	887.62	9	10	13	15	25	28	44	47	54	57	62	209	#
750	950.152	8	10	13	22	25	28	41	53	55	57	62	209	#
751	885.275	6	9	24	29	31	35	44	52	54	55	60	209	#
752	868.83	10	15	24	28	41	42	54	59	61	62	63	209	#
753	828.694	11	24	27	28	29	34	35	37	44	52	56	209	#
754	783.74	15	17	20	22	23	25	45	46	56	57	61	209	#
755	492.415	17	22	31	33	38	43	52	210	#
756	641.054	3	13	38	40	45	59	63	210	#
757	574.24	12	13	39	45	51	52	58	210	#
758	537.068	13	20	26	31	36	39	62	210	#
759	508.823	3	4	5	9	17	46	52	210	#
760	497.954	1	12	22	38	44	46	58	210	#
761	954.855	0	4	8	11	12	18	22	26	27	36	38	49	50	52	61	211	#
762	1121.95	5	7	8	9	13	16	28	31	39	45	49	51	52	55	62	211	#
763	1111.11	4	7	11	16	18	20	22	25	26	31	42	44	48	52	60	211	#
764	1101.38	7	9	18	19	22	25	28	47	49	52	53	54	57	59	62	211	#
765	1063.84	1	4	7	8	11	18	22	27	38	39	40	45	47	49	50	211	#
766	1058.14	0	4	5	9	13	19	24	25	28	30	33	49	50	55	62	211	#
767	752.12	3	5	9	13	19	33	36	37	45	60	61	62	212	#
768	1058.04	7	10	13	19	23	29	36	37	43	44	58	59	212	#
769	972.981	2	3	7	8	12	17	29	36	37	42	60	61	212	#
770	911.595	9	13	18	20	23	36	37	38	40	43	45	47	212	#
771	907.037	2	3	5	17	22	23	28	33	44	47	49	51	212	#
772	853.929	9	10	29	34	36	37	39	40	41	43	49	56	212	#
773	90.2377	3	49	213	#
774	111.48	37	49	213	#
775	322.318	21	40	51	52	60	214	#
776	439.259	20	35	44	45	60	214	#
777	353.774	2	4	17	29	51	214	#
778	293.755	9	14	21	29	57	214	#
779	272.797	20	40	46	52	55	214	#
780	250.5	17	21	40	42	54	214	#
781	1184.03	1	2	4	5	7	10	11	12	17	22	23	28	31	33	48	51	57	59	215	#
782	1405.82	2	8	10	12	13	14	21	22	24	27	28	29	32	35	36	54	57	60	215	#
783	1371.56	0	6	7	10	12	16	18	22	24	28	29	32	33	43	44	47	51	56	215	#
784	1330.63	0	2	7	10	12	18	21	23	27	29	30	31	37	42	44	54	57	59	215	#
785	1301.39	0	6	10	12	18	19	22	27	28	30	31	33	36	43	45	48	56	57	215	#
786	1270.42	1	6	15	19	22	23	24	25	27	28	29	30	33	37	39	48	60	62	215	#
787	291.867	5	11	14	39	43	59	216	#
788	409.148	5	11	35	38	44	61	216	#
789	385.82	5	8	29	34	50	51	216	#
790	348.723	14	18	21	22	44	46	216	#
791	79.1175	38	#
792	1020.3	2	3	4	5	14	16	17	21	28	29	41	42	48	58	63	217	#
793	1246.99	2	4	8	16	18	29	30	32	34	41	46	53	54	58	59	217	#
794	1225.66	3	4	14	20	22	23	27	29	31	32	34	39	41	54	56	217	#
795	1195.53	2	10	18	20	28	32	35	38	40	46	53	54	60	61	63	217	#
796	1161.61	2	4	18	21	22	28	29	30	38	41	42	46	51	62	63	217	#
797	1118.87	1	2	16	19	22	23	25	28	29	42	45	48	54	60	61	217	#
798	155.078	0	32	55	218	#
799	226.222	0	25	63	218	#
800	176.313	15	32	44	218	#
801	745.278	4	7	8	22	24	31	38	42	45	52	219	#
802	879.262	22	24	36	38	41	45	46	51	59	62	219	#
803	870.892	9	22	23	29	31	35	36	41	56	58	219	#
804	838.742	2	4	7	29	30	37	45	50	51	61	219	#
805	834.225	2	9	13	28	29	31	32	45	47	61	219	#
806	795.74	4	7	8	30	35	36	37	39	42	51	219	#
807	606.316	5	10	14	15	21	34	41	51	61	220	#
808	837.504	4	14	29	35	36	37	41	46	55	220	#
809	665.082	0	18	26	29	35	41	51	56	61	220	#
810	637.624	5	28	43	44	46	56	57	61	62	220	#
811	629.738	10	14	15	34	42	44	55	57	59	220	#
812	595.835	10	12	15	34	35	49	50	57	60	220	#
813	839.303	9	12	13	17	25	30	38	46	50	52	54	56	60	221	#
814	1136.29	4	21	25	26	31	32	36	43	45	46	49	52	59	221	#
815	990.31	4	9	13	17	25	28	31	35	36	39	43	50	53	221	#
816	972.789	9	14	25	26	28	33	38	43	48	50	52	60	63	221	#
817	956.676	5	9	14	20	21	25	27	28	33	35	54	56	63	221	#
818	900.012	9	17	21	28	31	46	47	48	52	53	57	60	62	221	#
819	592.782	7	9	18	22	33	45	49	52	222	#
820	794.6	4	7	20	21	22	23	34	59	222	#
821	750.338	2	3	6	7	30	32	37	40	222	#
822	665.935	3	18	33	40	43	54	59	60	222	#
823	637.009	8	10	32	34	39	49	50	51	222	#
824	535.904	9	17	18	29	39	40	48	49	222	#
825	50.1311	3	#
826	1109.9	2	4	8	12	14	19	20	27	30	34	37	39	41	50	55	56	58	223	#
827	1419.19	2	3	4	6	10	12	13	15	26	30	32	36	37	38	45	49	51	223	#
828	1362.42	5	7	10	13	16	27	32	33	39	41	45	46	50	51	54	59	61	223	#
829	1321.12	4	8	10	11	14	15	22	26	30	32	36	40	41	42	45	46	56	223	#
830	1307.53	2	10	11	14	15	20	27	30	32	38	39	40	45	50	51	55	58	223	#
831	1284.47	5	6	8	10	11	12	15	22	36	40	44	45	49	50	51	54	59	223	#
832	979.304	3	5	7	9	11	24	30	33	36	38	41	50	52	53	60	63	224	#
833	1193.37	3	4	10	13	18	19	23	27	32	41	51	52	53	55	57	58	224	#
834	1155.54	2	3	4	12	15	19	27	32	33	36	39	51	52	55	58	60	224	#
835	1146.03	5	11	12	18	19	24	27	36	39	41	47	48	51	57	58	60	224	#
836	1143.43	3	4	5	7	8	12	15	24	26	31	32	36	38	50	55	63	224	#
837	1124.96	1	19	20	24	27	36	37	39	41	46	47	50	52	55	61	63	224	#
838	484.332	7	13	34	42	49	57	225	#
839	507.292	7	14	22	26	47	54	225	#
840	475.845	4	22	42	49	57	62	225	#
841	408.881	9	10	16	27	46	57	225	#
842	407.492	1	18	25	37	49	56	225	#
843	350.8	19	24	34	38	39	43	225	#
844	626.018	1	17	19	24	33	42	47	55	59	226	#
845	758.173	5	21	22	26	29	53	54	59	60	226	#
846	693.373	1	4	5	17	20	24	26	27	44	226	#
847	638.282	12	26	27	31	32	42	47	53	60	226	#
848	605.012	6	7	13	18	24	43	47	53	60	226	#
849	566.869	0	5	14	19	28	29	50	57	59	226	#
850	349.054	3	8	12	38	48	51	227	#
851	489.529	3	16	31	44	46	52	227	#
852	448.09	1	8	32	40	42	57	227	#
853	437.478	1	25	42	46	47	48	227	#
854	393.121	0	1	11	16	51	61	227	#
855	358.284	1	12	15	38	39	61	227	#
856	289.206	1	35	43	63	228	#
857	372.739	29	35	53	59	228	#
858	331.517	1	31	46	54	228	#
859	331.319	35	43	46	59	228	#
860	269.468	2	40	50	63	228	#
861	1282.42	3	4	7	8	15	26	27	32	33	34	46	54	58	60	229	#
862	1080.57	8	13	15	18	26	32	40	41	42	48	49	53	57	58	229	#
863	1037.85	0	4	6	7	8	9	13	18	32	39	40	50	58	63	229	#
864	1003.97	4	5	8	9	29	30	33	34	49	50	51	53	54	58	229	#
865	996.881	4	9	10	13	15	21	30	39	42	45	49	57	58	60	229	#
866	974.604	3	5	7	8	11	13	15	26	27	31	34	45	50	60	229	#
867	528.015	15	22	34	38	42	44	47	52	55	230	#
868	622.243	11	12	25	36	37	43	46	52	61	230	#
869	604.962	16	31	36	37	42	45	46	48	50	230	#
870	603.115	16	30	31	38	42	46	50	52	57	230	#
871	570.205	6	7	11	15	21	31	40	50	61	230	#
872	556.865	0	9	16	23	25	34	37	40	50	230	#
873	490.798	6	22	23	44	59	231	#
874	369.931	22	31	32	44	54	231	#
875	353.256	14	16	22	25	32	231	#
876	334.594	0	6	7	32	48	231	#
877	333.4	22	23	25	38	39	231	#
878	270.54	5	9	19	25	59	231	#
879	496.244	0	3	9	13	14	17	19	34	38	48	54	55	58	232	#
880	704.163	3	10	18	20	21	27	32	37	38	42	50	54	61	232	#
881	693.644	0	6	12	19	25	28	31	32	39	44	49	50	56	232	#
882	496.53	0	1	5	6	9	10	12	19	34	37	43	44	61	232	#
883	496.484	0	9	10	14	17	27	37	43	48	49	56	61	62	232	#
884	241.271	12	33	37	57	233	#
885	308.036	19	33	36	61	233	#
886	237.061	3	21	23	57	233	#
887	174.37	12	16	18	59	233	#
888	142.411	2	16	37	56	233	#
889	214.011	13	18	43	234	#
890	250.863	18	33	43	234	#
891	220.494	13	15	25	234	#
892	150.694	39	43	51	234	#
893	3156.26	2	4	6	7	8	9	11	12	13	16	18	19	20	21	22	23	25	27	28	29	30	31	32	33	34	35	36	37	38	40	43	44	45	46	48	49	51	52	53	54	55	58	59	60	61	63	235	#
894	3195.84	2	3	6	7	8	9	11	12	13	14	16	18	19	21	22	23	25	26	27	29	30	31	32	33	34	36	37	38	39	40	42	45	46	47	48	49	50	51	53	54	55	58	59	60	61	63	235	#
895	3108.14	2	3	6	7	8	9	12	13	15	16	18	19	21	22	23	27	28	29	30	31	32	33	34	35	37	38	39	40	42	43	44	45	46	48	49	50	51	52	53	54	55	58	59	60	61	63	235	#
896	3092.63	1	2	3	4	6	7	8	9	12	13	15	16	17	18	19	21	22	23	26	27	28	29	30	31	32	33	34	35	36	37	39	40	42	43	45	46	48	49	50	51	53	55	58	59	60	61	235	#
897	3087	1	2	3	4	6	7	8	9	11	14	15	16	18	19	20	21	22	23	24	29	30	31	32	33	34	36	37	38	39	40	42	43	45	46	48	49	50	51	53	54	55	58	59	60	61	63	235	#
898	3082.95	1	2	3	4	6	7	8	9	11	12	15	18	19	21	22	23	27	29	30	31	32	33	34	36	37	38	39	40	41	42	43	44	45	46	47	48	49	50	51	52	55	58	59	60	61	63	235	#
899	336.524	2	3	14	55	58	236	#
900	455.793	18	30	32	58	61	236	#
901	394.218	3	18	22	23	55	236	#
902	383.014	2	16	26	33	55	236	#
903	370.974	3	8	27	39	51	236	#
904	137.88	0	5	14	16	32	236	#
905	465.184	0	2	5	15	24	28	60	237	#
906	602.31	10	20	23	31	38	39	60	237	#
907	569.485	5	22	24	25	46	49	52	237	#
908	551.798	0	15	17	28	31	59	63	237	#
909	457.023	10	16	20	28	43	59	62	237	#
910	455.888	5	8	24	30	38	49	62	237	#
911	231.427	35	47	238	#
912	163.622	1	47	238	#
913	159.541	35	58	238	#
914	646.841	0	8	15	23	31	36	37	55	239	#
915	736.52	0	7	8	10	18	23	31	53	239	#
916	733.787	10	19	25	32	36	39	49	60	239	#
917	728.651	8	13	23	31	35	42	45	47	239	#
918	716.999	0	4	11	29	38	40	55	58	239	#
919	597.161	0	4	10	16	23	40	51	55	239	#
920	2401.57	0	1	5	7	9	11	12	14	16	18	19	22	27	28	29	30	31	33	34	35	36	38	46	47	48	50	52	55	58	59	61	62	240	#
921	2658.85	1	4	5	7	10	11	16	17	18	20	24	27	28	29	30	31	32	34	36	38	41	46	48	52	53	56	57	58	59	60	61	62	240	#
922	2616.12	1	7	11	14	16	22	23	24	25	27	29	30	31	32	33	34	36	38	44	46	48	49	51	52	53	55	56	57	58	59	60	62	240	#
923	2580.8	1	5	6	7	11	12	14	15	17	18	19	23	24	27	28	29	30	31	32	34	37	38	40	41	46	48	52	53	57	58	59	60	240	#
924	2527.29	1	4	5	7	10	13	14	16	18	19	23	25	27	28	29	32	34	35	37	38	44	46	47	48	49	52	53	56	57	58	59	60	240	#
925	2503.84	0	4	5	7	9	11	14	16	18	19	20	25	27	28	29	33	34	36	38	47	48	49	52	53	55	56	57	58	59	60	61	62	240	#
926	242.489	46	63	241	#
927	249.173	61	63	241	#
928	123.846	1	46	241	#
929	1099.42	2	10	11	12	16	18	24	29	31	36	40	42	46	47	59	242	#
930	1236.58	7	12	16	29	31	33	35	41	43	46	47	57	59	60	62	242	#
931	1215.25	2	5	17	19	20	25	29	31	34	35	41	42	47	49	59	242	#
932	1157.5	12	13	19	22	24	25	28	29	30	31	37	38	40	51	57	242	#
933	1141.6	1	7	8	10	23	25	26	29	30	33	39	44	47	56	59	242	#
934	1125.16	2	4	6	15	23	25	31	34	36	37	39	40	46	62	63	242	#
935	191.047	31	37	243	#
936	197.143	23	31	243	#
937	150.447	37	59	243	#
938	572.962	4	9	10	11	24	30	38	40	244	#
939	704.133	7	10	18	22	25	32	43	49	244	#
940	671.969	10	15	20	32	37	38	48	60	244	#
941	666.562	0	11	23	32	35	38	47	54	244	#
942	661.488	2	12	15	26	30	32	43	63	244	#
943	604.226	4	5	15	24	38	40	42	43	244	#
944	1284.03	0	3	8	10	11	16	20	24	25	26	27	29	32	38	39	42	44	45	59	245	#
945	1396.75	0	10	13	16	18	21	22	25	31	32	33	34	39	46	54	55	57	61	63	245	#
946	1382.13	3	9	10	16	20	21	22	23	24	25	29	31	41	42	44	49	54	55	57	245	#
947	1349.22	3	4	6	14	16	20	23	24	31	39	42	46	48	49	50	51	56	57	63	245	#
948	1338.55	4	5	10	12	14	18	22	24	26	27	33	35	39	42	45	46	53	54	61	245	#
949	1334.39	0	6	8	15	18	20	22	25	29	33	39	40	42	44	46	50	51	57	61	245	#
950	1219.25	2	3	17	19	20	31	33	46	48	51	52	54	59	61	63	246	#
951	1133.2	2	6	7	16	17	18	29	31	33	36	44	45	46	60	61	246	#
952	1108.22	5	6	7	8	18	20	21	22	23	48	51	54	56	59	63	246	#
953	1068.22	1	2	18	23	31	35	46	48	50	51	53	54	61	62	63	246	#
954	1067.87	2	6	11	20	23	33	36	43	51	52	53	56	57	62	63	246	#
955	1048.11	8	19	30	38	40	45	46	47	50	51	57	60	61	62	63	246	#
956	333.761	0	4	27	35	247	#
957	364.624	1	2	4	40	247	#
958	356.407	0	35	45	55	247	#
959	302.455	18	27	31	45	247	#
960	250.822	17	18	35	38	247	#
961	303.548	32	41	42	248	#
962	301.445	4	34	41	248	#
963	295.227	4	29	32	248	#
964	173.261	37	39	42	248	#
965	1324.87	1	6	10	15	17	21	25	29	36	38	39	40	41	43	44	45	46	56	57	249	#
966	1613.1	5	6	8	12	15	16	18	23	27	32	34	36	41	44	49	57	58	59	63	249	#
967	1544.63	1	6	8	10	15	16	20	27	29	32	35	36	40	42	47	56	59	60	63	249	#
968	1525.97	8	11	14	15	16	18	19	29	31	40	41	42	45	46	49	59	60	61	63	249	#
969	1520.4	1	4	5	9	11	17	21	23	29	32	34	40	44	46	56	57	58	60	63	249	#
970	1493.53	12	14	15	16	18	24	25	29	34	38	39	40	41	42	45	49	60	61	63	249	#
971	932.281	10	12	16	19	23	28	32	38	42	43	50	52	60	63	250	#
972	1283.74	10	14	19	23	24	25	46	47	50	56	57	58	60	63	250	#
973	1183.35	1	10	14	24	28	29	30	45	46	47	50	54	58	63	250	#
974	1124.65	2	12	18	23	37	38	43	45	52	54	57	59	60	63	250	#
975	1117.13	0	2	14	24	30	39	43	44	52	54	56	58	59	60	250	#
976	1063.12	0	1	13	24	28	29	30	33	38	42	49	50	60	63	250	#
977	377.314	10	15	16	27	34	55	251	#
978	485.01	10	14	16	18	19	58	251	#
979	442.942	1	15	40	44	45	54	251	#
980	430.748	3	17	27	28	34	39	251	#
981	309.008	10	12	25	27	46	55	251	#
982	299.868	9	15	19	25	31	55	251	#
983	963.921	4	12	17	23	29	31	35	40	42	54	55	56	59	252	#
984	1103.18	0	13	18	23	28	31	34	35	37	38	40	48	54	252	#
985	1066.42	0	9	14	25	26	28	31	36	44	49	51	55	57	252	#
986	1019.46	0	2	16	22	24	29	34	35	37	40	42	49	51	252	#
987	994.634	13	17	18	20	22	23	33	36	37	40	44	54	56	252	#
988	957.348	7	9	11	15	23	26	29	36	42	44	50	54	57	252	#
989	254.915	11	31	39	43	45	50	253	#
990	339.199	14	16	27	37	48	50	253	#
991	309.345	1	16	19	32	43	54	253	#
992	240.463	1	21	37	39	51	58	253	#
993	498.047	27	28	29	40	43	46	60	254	#
994	597.263	10	25	27	40	41	46	47	254	#
995	530.687	28	42	47	48	52	58	60	254	#
996	503.27	5	20	31	35	40	55	60	254	#
997	482.408	7	15	22	27	41	45	46	254	#
998	451.642	28	35	41	42	43	45	57	254	#
999	686.194	11	13	31	33	42	47	51	60	255	#
1000	750.022	0	6	22	29	32	41	42	54	255	#
1001	714.18	13	16	22	33	36	42	45	61	255	#
1002	681.461	24	25	31	32	42	43	45	51	255	#
1003	657.857	3	13	22	27	31	39	41	55	255	#
1004	651.629	8	13	15	23	35	40	60	63	255	#
