%% File generated by CATS v.2.1Wed Jun 22 10:37:27 2022

%% The CATS webpage is http://robotics.stanford.edu/CATS

%% PARAMETER SETTINGS:
% Goods: 64; Bids: 1000; Distribution: arbitrary; Runs: 1; Seed: 1656572426
% Arbitrary Distribution Parameters:
% Max Substitutable Bids = 5
% Removing HV Neighbor   = 0.1
% Adding DIAG Neighbor   = 0.2
% Additional Location    = 0.9
% Additivity             = 0.2
% Budget Factor          = 1.5
% Resale Factor          = 0.5
% Normal Private Value:
%   Mean                 = 0
%   Standard Deviation   = 30



goods 64
bids 1004
dummy 191

0	481.434	3	11	30	35	41	58	64	#
1	465.919	3	20	45	53	58	63	64	#
2	417.441	11	14	25	33	41	50	64	#
3	399.762	1	11	21	41	45	61	64	#
4	396.432	3	23	36	41	45	48	64	#
5	390.676	0	1	14	23	30	50	64	#
6	252.219	8	20	34	37	44	65	#
7	344.1	8	14	56	57	63	65	#
8	306.367	16	20	38	40	47	65	#
9	289.707	0	21	25	34	45	65	#
10	238.339	1	30	44	54	62	65	#
11	143.985	50	57	66	#
12	191.093	50	52	66	#
13	97.4472	35	57	66	#
14	385.92	3	18	30	42	49	67	#
15	513.002	3	6	21	56	63	67	#
16	477.377	3	13	25	30	31	67	#
17	423.176	5	9	16	49	53	67	#
18	355.809	10	16	38	40	42	67	#
19	336.169	5	11	12	14	18	67	#
20	124.448	25	26	68	#
21	142.127	25	35	68	#
22	74.8685	26	43	68	#
23	213.909	6	24	26	69	#
24	250.214	24	27	43	69	#
25	149.992	26	53	63	69	#
26	141.561	2	6	44	69	#
27	173.904	31	44	53	70	#
28	239.392	7	11	53	70	#
29	201.307	24	31	61	70	#
30	138.843	28	59	#
31	2813.6	1	2	3	4	6	8	10	11	12	16	17	19	21	22	23	24	26	27	28	29	30	31	32	34	35	36	37	40	41	43	44	45	46	47	48	50	51	52	53	54	55	56	57	58	61	62	71	#
32	3048.55	0	1	2	3	4	5	7	8	9	10	11	12	13	16	17	20	21	22	23	24	25	26	27	28	29	30	31	32	33	36	37	38	39	40	43	46	47	52	53	55	56	57	59	60	61	62	71	#
33	3003.97	0	1	2	3	5	6	7	8	9	10	11	12	13	16	17	18	19	20	21	22	24	25	28	29	30	32	33	35	36	37	38	39	41	43	44	46	47	48	49	51	53	55	56	57	58	62	71	#
34	3002.61	1	2	3	4	5	6	7	8	9	10	11	17	18	19	20	21	22	23	24	25	26	27	28	29	30	31	32	33	34	36	38	41	42	43	44	46	47	49	53	55	58	59	60	61	62	63	71	#
35	2986.03	0	1	2	3	5	6	7	8	10	11	12	14	16	17	19	20	21	22	24	25	26	27	29	30	32	33	36	37	38	40	41	43	44	45	46	47	51	52	53	55	56	58	59	61	62	63	71	#
36	2980.32	1	2	3	4	5	6	7	9	10	11	13	19	20	21	22	24	25	27	29	30	32	33	35	36	37	39	40	41	43	44	47	48	49	50	51	52	53	54	55	56	57	58	60	61	62	63	71	#
37	355.802	4	16	17	33	36	41	42	47	72	#
38	496.869	3	21	25	31	37	42	43	56	72	#
39	489.126	16	17	19	24	28	53	58	63	72	#
40	454.085	4	8	17	32	38	46	61	63	72	#
41	392.305	1	2	4	11	30	36	51	54	72	#
42	367.253	9	19	30	39	45	47	55	62	72	#
43	73.6749	15	#
44	24.178	56	#
45	609.021	4	5	11	12	21	30	33	37	73	#
46	750.244	9	12	23	25	30	36	42	51	73	#
47	656.077	3	16	25	28	33	38	49	60	73	#
48	609.866	4	8	13	25	35	42	60	63	73	#
49	587.37	4	5	10	30	37	45	47	48	73	#
50	539.067	12	18	21	32	36	42	52	56	73	#
51	737.431	5	7	11	12	13	22	26	28	29	35	41	45	54	58	59	74	#
52	1018.11	6	8	9	11	16	22	23	25	26	30	47	54	58	59	62	74	#
53	1011.85	0	5	8	9	12	14	20	22	25	26	27	35	40	47	54	74	#
54	966.884	2	4	7	9	10	12	18	25	28	31	44	48	50	51	62	74	#
55	949.03	0	1	5	7	10	11	23	27	29	33	40	51	53	60	61	74	#
56	922.749	1	4	9	11	21	24	26	28	29	30	39	43	50	57	62	74	#
57	257.461	17	20	27	53	60	75	#
58	364.559	12	30	31	49	53	75	#
59	321.027	19	42	52	55	60	75	#
60	308.95	12	16	20	40	42	75	#
61	304.432	5	8	27	28	39	75	#
62	137.87	7	17	24	26	34	75	#
63	405.261	2	6	9	19	44	51	54	63	76	#
64	582.834	2	18	36	45	52	56	57	63	76	#
65	541.904	0	21	25	36	44	46	57	61	76	#
66	532.105	9	25	33	35	37	38	42	56	76	#
67	494.247	17	19	24	50	51	56	58	63	76	#
68	461.074	5	11	19	29	35	45	52	55	76	#
69	152.312	11	18	21	77	#
70	85.8152	11	52	59	77	#
71	71.158	18	36	46	77	#
72	1589.85	0	1	2	7	8	12	13	14	15	16	17	18	20	24	25	26	27	31	33	34	35	41	46	48	49	50	51	52	53	57	61	62	78	#
73	2072.99	0	2	6	7	9	13	14	15	16	17	20	23	26	28	29	31	32	33	34	36	38	42	44	48	52	53	54	55	56	58	61	62	78	#
74	2037.6	1	2	3	12	15	16	17	19	21	22	24	25	28	30	31	32	33	34	36	38	40	41	42	44	46	49	52	56	58	59	60	62	78	#
75	2017.24	0	1	3	7	8	9	12	16	18	24	27	28	29	31	32	34	35	36	38	40	44	45	46	47	48	49	51	53	55	58	60	62	78	#
76	2008.67	0	1	2	3	8	9	11	12	16	17	19	21	22	23	27	29	31	33	34	35	37	38	43	44	49	52	54	58	59	60	61	62	78	#
77	1995.37	1	6	7	8	9	15	16	19	23	25	29	30	31	32	33	35	36	38	40	41	42	44	45	47	48	49	52	53	55	57	58	60	78	#
78	981.377	4	10	18	27	31	36	42	43	51	53	56	62	79	#
79	1016.34	3	6	22	25	26	28	30	39	43	48	61	62	79	#
80	962.23	7	13	14	27	28	29	31	32	36	40	53	58	79	#
81	894.145	18	20	27	30	32	37	39	44	48	53	55	62	79	#
82	880.618	4	13	16	31	32	35	37	48	52	58	59	62	79	#
83	864.576	4	7	10	12	15	26	28	30	33	45	58	63	79	#
84	1503.14	5	6	11	19	20	26	27	29	30	31	32	33	37	38	39	40	42	45	46	48	49	50	54	55	60	63	80	#
85	1869.47	1	3	4	10	15	16	18	19	21	27	28	29	30	33	37	38	40	47	48	49	53	56	57	59	62	63	80	#
86	1865.97	0	1	2	3	5	7	9	10	11	12	14	17	19	22	25	26	28	29	32	36	39	44	48	51	53	56	80	#
87	1863.57	1	6	9	10	11	13	15	16	18	19	21	22	24	28	30	33	36	38	39	43	47	53	54	55	61	62	80	#
88	1819.94	1	4	5	6	9	10	11	13	14	15	16	18	24	27	28	31	33	36	39	40	41	43	53	59	61	62	80	#
89	1736.68	0	5	6	9	11	14	17	22	25	28	29	31	32	35	36	38	45	46	48	49	50	51	53	55	58	62	80	#
90	131.476	29	60	63	81	#
91	188.236	43	53	60	81	#
92	147.194	20	37	63	81	#
93	108.071	11	27	29	81	#
94	178.735	17	57	82	#
95	160.067	17	62	82	#
96	104.524	57	63	82	#
97	195.082	9	19	61	83	#
98	163.851	9	10	15	83	#
99	123.096	11	19	42	83	#
100	2770.82	0	1	5	6	7	8	10	12	13	14	15	16	17	18	19	20	21	22	23	25	26	27	28	29	30	31	33	34	35	37	38	39	40	41	42	43	44	45	46	47	50	52	53	54	55	58	59	61	63	84	#
101	3064.99	0	4	7	8	9	10	11	12	13	14	16	17	18	19	20	21	22	23	25	26	27	28	30	31	32	33	37	38	39	42	43	44	45	46	47	48	49	50	52	53	54	55	56	57	58	59	61	62	63	84	#
102	3023.59	0	1	3	5	6	7	8	9	10	12	13	16	18	19	21	22	23	24	25	26	27	28	29	30	31	32	33	34	36	37	38	39	40	41	42	43	44	48	49	50	52	54	55	56	57	58	59	61	63	84	#
103	3019.87	3	5	7	8	9	10	11	12	13	14	16	17	19	20	21	22	23	26	27	28	29	30	32	33	34	35	36	37	38	39	40	41	42	43	44	46	49	50	51	52	53	54	55	57	58	59	60	61	63	84	#
104	3010.31	0	2	3	4	5	7	8	9	10	12	13	14	15	16	17	19	20	21	22	23	25	26	27	28	30	32	33	35	39	41	42	43	44	45	46	47	48	49	50	52	54	55	57	58	59	60	61	62	63	84	#
105	3005.01	0	1	4	5	6	7	8	9	10	11	12	13	14	15	16	19	20	21	23	25	26	27	28	29	32	33	34	36	37	38	39	41	42	43	47	48	49	50	51	52	53	54	55	56	57	58	59	61	63	84	#
106	49.2893	34	#
107	622.227	1	10	11	35	38	40	49	55	59	61	85	#
108	871.173	22	23	27	28	32	49	55	59	60	61	85	#
109	762.518	5	8	10	26	28	32	41	42	49	60	85	#
110	674.6	5	8	20	21	24	26	32	49	55	60	85	#
111	650.714	1	3	4	6	14	22	35	38	39	58	85	#
112	574.063	1	3	10	14	38	51	53	54	55	60	85	#
113	111.749	34	45	86	#
114	115.515	1	34	86	#
115	41.2901	26	45	86	#
116	232.244	18	32	43	87	#
117	341.692	19	32	39	87	#
118	192.876	15	18	28	87	#
119	173.523	43	56	62	87	#
120	2265.51	0	1	2	4	8	10	12	14	15	16	21	23	24	25	26	27	28	31	32	33	34	35	36	37	40	42	44	47	49	50	51	53	55	56	58	59	61	63	88	#
121	2501.41	0	1	3	4	5	7	10	13	15	16	22	23	25	26	27	28	30	31	32	33	34	35	36	40	42	44	45	48	49	50	51	53	54	55	56	60	62	63	88	#
122	2468.33	1	3	4	6	9	10	11	12	13	14	17	19	20	22	23	24	25	26	27	28	30	31	32	33	34	35	36	45	46	50	53	54	57	59	60	61	62	63	88	#
123	2447.81	1	3	6	7	8	9	10	13	15	17	19	21	22	23	24	25	26	29	30	32	33	34	35	39	40	42	43	45	47	49	50	56	57	58	59	60	61	63	88	#
124	2418.47	0	1	6	7	8	9	13	15	16	17	18	19	20	21	22	23	27	28	29	30	32	33	35	36	42	43	44	47	48	49	50	53	54	55	57	58	61	62	88	#
125	2414.15	0	1	3	4	6	7	9	10	12	13	15	16	17	18	19	20	21	22	23	25	27	28	31	32	33	34	36	43	46	47	48	49	51	53	54	55	59	63	88	#
126	1472.51	0	2	3	4	6	8	13	19	20	21	29	30	33	34	38	41	52	53	57	58	59	61	62	63	89	#
127	1807.79	1	9	11	12	13	21	22	23	27	30	32	33	36	37	39	41	42	43	44	49	51	53	57	58	89	#
128	1654.56	0	2	6	9	11	12	13	21	28	29	30	32	34	36	43	44	51	53	54	55	57	58	60	63	89	#
129	1555.84	0	3	12	15	16	17	19	21	22	24	26	32	34	38	41	45	46	47	48	49	51	53	54	58	89	#
130	1542.58	0	1	8	13	15	17	18	19	27	28	29	30	31	32	34	41	47	48	49	51	56	58	59	63	89	#
131	1532.53	0	4	6	7	12	13	20	22	26	29	30	32	39	44	46	47	48	49	50	51	52	56	57	62	89	#
132	2881.62	0	1	2	3	4	6	7	8	9	12	13	14	15	17	18	20	21	22	23	24	25	26	27	28	30	31	35	36	37	38	39	40	41	42	43	44	45	46	47	50	51	52	53	54	55	56	58	59	60	61	62	63	90	#
133	3206.8	0	2	3	4	5	6	7	8	9	10	11	12	13	14	16	17	18	19	21	22	23	24	25	26	27	28	29	30	32	33	34	35	36	37	38	39	40	42	43	47	49	53	54	55	56	57	58	59	60	61	62	63	90	#
134	3199.85	0	2	3	5	6	7	8	9	11	12	13	14	15	16	17	19	21	22	23	24	25	27	28	29	30	31	32	33	34	35	36	37	38	39	40	41	42	44	47	49	50	51	52	53	54	55	56	57	59	60	62	63	90	#
135	3185.69	0	1	2	4	5	6	7	8	9	11	12	13	14	16	17	18	19	20	21	22	23	24	25	27	28	29	30	31	32	34	35	36	37	38	39	42	43	45	46	47	49	50	51	52	54	56	57	58	59	60	61	63	90	#
136	3172.18	0	1	2	3	4	5	6	7	8	9	10	11	12	13	14	15	16	17	19	20	23	24	27	28	29	30	31	32	34	35	36	37	38	39	40	41	42	44	45	47	49	50	52	53	55	56	57	58	59	60	61	63	90	#
137	3122.58	0	1	2	3	4	6	7	8	10	12	13	14	15	16	17	18	19	21	23	24	25	26	27	28	29	30	32	34	35	36	37	38	39	41	44	45	46	47	49	50	51	52	53	54	55	57	58	59	60	61	62	63	90	#
138	566.953	5	6	11	19	21	33	36	54	57	60	91	#
139	723.983	6	10	19	28	35	37	42	45	60	61	91	#
140	714.119	19	21	23	25	27	33	36	44	53	54	91	#
141	701.837	1	8	13	24	30	46	48	57	61	63	91	#
142	686.763	9	18	21	27	29	30	44	47	49	60	91	#
143	546.639	16	20	25	28	32	33	46	52	56	58	91	#
144	265.767	47	53	58	60	92	#
145	368.084	10	47	58	61	92	#
146	361.799	10	49	53	56	92	#
147	234.563	27	46	58	60	92	#
148	233.474	1	41	47	48	92	#
149	239.14	0	4	18	21	33	37	93	#
150	342.355	18	22	26	33	56	63	93	#
151	329.241	26	27	33	35	50	55	93	#
152	212.438	0	2	14	15	17	34	58	94	#
153	308.162	1	2	4	6	32	34	56	94	#
154	221.204	15	16	44	51	52	55	57	94	#
155	209.819	0	1	8	13	56	58	59	94	#
156	413.355	2	3	7	11	16	33	95	#
157	501.596	7	9	16	21	22	63	95	#
158	440.222	7	22	25	37	47	62	95	#
159	352.162	11	16	18	24	33	48	95	#
160	309.963	24	31	33	37	38	60	95	#
161	275.55	2	27	38	39	41	50	95	#
162	760.219	3	11	26	28	30	33	43	46	48	50	96	#
163	908.705	3	31	32	39	41	43	47	53	56	58	96	#
164	869.102	10	16	28	33	39	41	43	50	51	53	96	#
165	783.629	5	21	30	32	33	34	41	43	52	54	96	#
166	642.27	1	3	15	19	26	33	41	42	43	55	96	#
167	625.764	1	2	3	20	25	28	38	41	51	60	96	#
168	1103.37	0	11	18	19	21	26	27	35	37	43	44	47	51	58	59	60	97	#
169	1258.08	9	11	12	16	20	21	22	33	43	48	49	52	55	58	60	63	97	#
170	1183.81	0	1	10	11	15	16	19	21	22	25	28	35	43	51	57	62	97	#
171	1178.26	9	11	14	18	23	25	27	32	35	37	47	49	52	58	59	62	97	#
172	1123.81	0	16	21	22	26	29	30	32	40	43	44	52	53	56	57	60	97	#
173	1105.12	2	8	16	19	29	32	36	42	44	48	49	51	57	58	59	61	97	#
174	198.592	13	34	44	46	56	98	#
175	294.071	2	6	13	45	48	98	#
176	224.63	18	28	35	46	59	98	#
177	154.659	26	34	42	44	50	98	#
178	148.289	19	56	57	62	63	98	#
179	323.427	18	23	37	45	62	99	#
180	479.845	18	21	31	45	62	99	#
181	332.458	7	23	28	46	57	99	#
182	320.724	11	13	17	27	45	99	#
183	306.375	1	16	27	37	60	99	#
184	294.949	1	18	27	37	62	99	#
185	2849.77	0	2	3	4	6	7	8	9	10	12	13	14	15	16	17	18	19	21	22	23	24	25	27	28	29	30	31	32	33	35	37	38	39	40	41	42	45	46	48	50	51	52	53	56	57	59	60	62	100	#
186	3014.82	3	4	5	6	8	9	10	11	12	13	14	15	16	17	18	19	20	21	22	24	25	27	28	30	31	32	36	37	38	39	40	41	43	45	47	48	49	50	51	52	53	54	55	56	58	60	61	63	100	#
187	3008.44	1	2	3	4	5	6	7	9	10	11	13	14	15	16	19	21	22	23	24	27	28	29	30	31	32	33	35	36	38	39	40	41	43	45	46	47	48	49	50	51	52	53	55	56	59	60	61	63	100	#
188	2998.49	0	2	3	4	5	7	8	10	11	12	13	14	15	16	17	19	21	22	23	24	25	26	27	28	29	30	32	34	35	36	38	40	41	42	43	44	45	47	49	50	51	52	55	56	60	61	62	63	100	#
189	2984.9	0	1	3	7	9	10	11	12	13	14	16	17	18	19	22	23	24	25	28	29	30	31	32	33	35	36	37	38	39	41	42	43	44	45	49	50	51	52	53	54	55	56	57	58	60	61	62	63	100	#
190	2980.78	0	1	2	3	4	5	6	8	9	10	12	13	14	17	18	19	20	21	22	23	24	25	26	27	30	32	33	34	35	36	38	39	40	41	42	45	47	48	50	51	52	56	57	59	60	61	62	63	100	#
191	423.883	19	30	31	34	53	60	62	101	#
192	478.81	0	5	14	22	30	47	51	101	#
193	464.298	7	12	44	46	55	60	63	101	#
194	454.181	16	19	28	31	35	55	62	101	#
195	453.258	30	37	40	43	53	60	62	101	#
196	451.019	3	16	19	31	48	53	58	101	#
197	2245.39	1	2	7	8	9	11	12	13	18	19	20	21	23	24	25	26	29	30	31	33	35	36	38	39	40	41	42	43	44	45	46	47	48	49	50	52	53	56	57	59	61	62	63	102	#
198	2543.62	3	5	7	9	10	11	12	14	15	16	17	19	20	22	23	24	25	26	27	28	32	33	34	35	36	38	39	40	42	43	45	46	50	51	52	53	54	55	57	59	60	61	62	102	#
199	2474.55	1	2	4	6	7	9	10	12	13	14	15	16	18	19	20	24	26	28	29	30	31	32	33	34	35	38	39	42	44	45	46	47	48	49	52	54	55	56	57	58	59	61	63	102	#
200	2473.52	0	1	3	4	8	9	11	12	14	15	18	19	20	21	22	25	26	27	28	29	31	33	34	35	36	37	38	42	43	45	46	47	50	52	53	54	55	56	58	59	60	61	63	102	#
201	2467.19	0	1	2	4	6	7	10	11	12	14	15	16	17	19	20	21	22	23	24	25	26	27	28	30	32	33	38	40	42	44	46	47	48	50	52	53	54	55	57	60	61	62	63	102	#
202	2443.64	0	1	3	4	6	7	8	11	12	13	14	16	19	22	25	27	28	29	31	32	33	35	36	37	39	40	42	44	45	46	47	48	50	51	53	54	56	58	59	60	61	62	63	102	#
203	1479.19	0	2	3	8	11	13	18	20	22	25	26	28	33	36	38	39	42	44	45	46	47	49	51	52	55	56	103	#
204	1593.27	0	10	11	12	14	17	19	21	22	23	27	33	34	38	39	41	43	45	47	49	54	56	58	59	60	62	103	#
205	1565.25	4	7	8	9	11	14	17	18	19	23	25	26	30	32	36	38	41	42	45	47	48	49	52	53	58	60	103	#
206	1456.01	1	3	4	8	10	11	12	13	18	23	25	26	27	30	32	38	39	40	43	44	47	48	50	51	56	61	103	#
207	1453.61	0	1	4	9	10	11	12	15	24	26	27	33	35	37	38	42	43	46	49	50	53	55	58	59	60	62	103	#
208	1434.97	0	1	6	7	11	13	14	15	22	28	29	30	31	33	42	43	44	46	48	50	53	56	57	58	60	62	103	#
209	118.022	9	#
210	53.6035	24	45	#
211	2058.83	0	2	5	6	7	9	11	12	13	14	15	17	21	22	23	25	27	28	29	30	32	34	36	38	39	40	44	45	46	48	49	51	52	53	55	57	59	61	63	105	#
212	2516.93	0	2	3	8	11	12	13	14	16	18	21	23	24	25	26	27	28	29	31	32	33	34	35	37	38	41	42	44	46	47	48	49	50	51	52	54	56	58	61	105	#
213	2441.35	0	2	5	6	7	10	11	12	15	17	19	21	23	27	28	30	31	32	33	34	35	36	37	38	39	43	45	46	47	48	50	51	53	56	58	60	61	62	63	105	#
214	2439.87	0	1	5	8	11	12	13	14	17	18	19	20	21	22	23	24	25	27	28	29	30	31	32	33	35	36	37	39	42	43	45	47	50	53	54	56	58	60	61	105	#
215	2410.55	0	2	3	5	6	7	8	10	12	14	15	16	20	21	22	23	24	25	26	27	28	30	31	33	34	37	38	40	42	47	50	51	52	54	56	57	58	61	62	105	#
216	2374.09	0	1	2	3	4	5	6	7	11	12	15	16	20	21	24	25	26	28	29	30	31	32	34	35	37	38	39	44	45	47	48	51	52	53	54	57	58	60	61	105	#
217	218.078	29	40	56	63	106	#
218	304.456	6	23	39	56	106	#
219	260.349	4	19	42	63	106	#
220	72.1088	3	29	45	58	106	#
221	459.432	3	12	28	54	107	#
222	323.802	7	12	29	32	107	#
223	311.188	8	12	28	47	107	#
224	288.318	2	3	25	31	107	#
225	749.208	1	6	9	17	19	24	32	33	43	49	50	108	#
226	937.412	1	3	6	10	11	16	21	25	49	51	60	108	#
227	841.573	6	9	22	26	34	43	44	50	58	59	61	108	#
228	833.137	3	6	13	18	21	26	32	33	41	60	62	108	#
229	796.472	0	9	10	22	23	27	33	41	49	50	58	108	#
230	759.653	2	6	15	19	20	24	33	46	47	49	60	108	#
231	84.5546	48	#
232	517.296	5	7	23	29	33	36	49	51	61	109	#
233	652.666	7	9	12	30	32	45	51	53	57	109	#
234	629.984	10	11	12	15	27	36	51	60	61	109	#
235	629.434	1	2	3	12	23	24	30	39	60	109	#
236	625.026	0	27	29	30	33	35	36	48	57	109	#
237	579.268	3	7	15	35	39	40	61	62	63	109	#
238	407.291	1	6	14	40	45	49	52	53	61	62	110	#
239	590.018	13	18	27	35	40	42	48	56	61	62	110	#
240	583.725	6	9	11	18	27	29	31	34	37	40	110	#
241	559.812	3	6	18	27	32	37	41	45	46	60	110	#
242	507.757	13	17	24	25	35	37	44	49	53	58	110	#
243	476.01	1	3	11	12	28	48	50	53	56	58	110	#
244	95.0913	62	63	111	#
245	110.184	16	63	111	#
246	51.9552	34	62	111	#
247	29.6926	46	53	#
248	881.401	5	10	11	14	24	28	29	33	34	35	40	43	45	47	53	55	58	59	112	#
249	1238.05	2	3	10	16	18	22	23	24	28	30	34	36	40	45	52	57	59	62	112	#
250	1163.71	0	3	10	14	16	20	21	25	27	37	41	42	43	48	53	58	59	61	112	#
251	1148.87	3	9	12	14	17	18	24	26	28	31	36	37	49	52	54	55	58	62	112	#
252	1117.57	0	2	4	7	10	11	16	18	20	24	26	27	28	29	33	45	49	55	112	#
253	1099.22	2	4	10	17	20	22	24	28	36	37	44	45	46	50	53	58	59	60	112	#
254	85.6673	13	62	#
255	985.89	0	2	4	5	7	9	12	15	16	17	21	22	24	29	36	37	52	55	61	113	#
256	1157.66	0	1	2	9	10	14	16	32	35	37	39	40	42	43	46	47	51	52	62	113	#
257	1155.36	2	5	7	15	17	18	20	23	28	29	32	37	43	46	52	57	60	61	62	113	#
258	1122.7	0	6	11	14	16	17	22	25	29	32	36	38	49	51	55	57	60	61	62	113	#
259	1108.72	1	4	7	8	11	12	14	18	19	20	27	28	32	36	37	47	50	54	57	113	#
260	1082.71	1	4	5	8	10	12	16	17	22	25	28	35	40	42	43	48	52	58	60	113	#
261	24.9867	8	#
262	161.45	9	37	114	#
263	191.895	9	36	114	#
264	90.197	37	51	114	#
265	327.127	20	24	28	56	58	115	#
266	381.797	23	28	30	42	48	115	#
267	351.859	16	28	40	49	58	115	#
268	188.66	0	19	30	33	56	115	#
269	142.8	1	2	24	30	57	115	#
270	117.686	7	20	34	42	46	115	#
271	160.202	1	24	49	54	116	#
272	238.25	1	13	36	55	116	#
273	227.437	27	32	38	54	116	#
274	1378.77	9	10	12	19	21	23	29	32	36	41	48	53	55	56	57	58	59	62	117	#
275	1308.88	7	10	12	20	27	32	33	34	36	37	40	41	44	49	53	55	58	60	117	#
276	1297.78	1	3	6	12	13	17	21	24	32	36	41	43	48	51	56	58	61	62	117	#
277	1234.55	7	9	10	14	16	17	18	19	26	31	32	35	36	39	41	61	62	63	117	#
278	1174.01	1	3	7	12	16	17	19	26	28	29	30	33	34	42	47	48	53	59	117	#
279	1128.21	19	22	23	24	28	29	31	36	45	46	49	50	51	53	54	56	57	60	117	#
280	354.509	3	29	38	42	48	56	118	#
281	382.868	16	28	29	42	48	53	118	#
282	374.536	1	14	19	29	35	41	118	#
283	353.102	2	21	39	44	48	54	118	#
284	303.088	1	22	35	38	43	58	118	#
285	282.959	3	12	42	43	50	62	118	#
286	267.494	1	27	29	30	55	56	119	#
287	399.678	0	19	23	27	35	56	119	#
288	378.232	7	13	20	27	31	50	119	#
289	371.224	11	28	39	45	51	55	119	#
290	87.8023	29	33	57	59	60	62	119	#
291	661.682	5	19	23	27	32	35	45	47	50	120	#
292	741.124	22	25	30	32	33	36	42	45	55	120	#
293	655.974	5	6	22	23	27	30	49	52	54	120	#
294	649.479	1	5	10	15	16	22	27	49	60	120	#
295	648.807	6	9	15	30	34	35	37	53	61	120	#
296	626.543	4	6	32	44	45	46	49	56	61	120	#
297	778.562	4	8	13	14	19	22	26	35	45	50	52	121	#
298	796.906	0	4	13	14	22	28	36	42	44	49	59	121	#
299	794.774	8	10	14	18	28	31	38	44	47	52	60	121	#
300	696.002	8	22	24	25	26	27	38	47	52	56	62	121	#
301	675.026	1	8	16	18	26	27	31	35	43	49	58	121	#
302	672.382	0	3	4	13	16	17	18	22	24	29	36	121	#
303	2179.94	1	3	5	6	7	8	9	12	14	16	17	19	20	21	22	24	26	28	29	32	33	34	35	36	37	38	39	42	43	44	45	50	51	52	57	58	59	62	122	#
304	2464.35	0	1	3	4	6	8	9	11	12	15	16	18	19	21	23	24	26	27	28	29	32	33	36	38	39	42	44	45	46	47	48	51	52	53	55	56	57	62	122	#
305	2318.37	1	3	6	11	12	13	15	16	17	18	20	21	22	23	24	28	29	30	32	35	36	38	39	40	42	43	44	45	46	47	48	49	50	52	55	56	57	61	122	#
306	2298.42	0	1	3	5	6	10	11	13	15	16	18	19	20	22	23	26	27	28	29	30	31	32	33	35	36	37	38	43	45	48	50	51	55	57	58	60	62	63	122	#
307	2297.04	1	3	6	8	9	11	12	14	15	16	18	19	21	22	23	25	27	28	30	31	32	33	34	36	38	41	43	44	49	50	51	52	55	56	57	58	61	63	122	#
308	2294.15	0	1	3	4	5	10	11	13	14	15	16	18	19	21	23	26	27	28	29	31	32	36	37	38	39	41	42	43	45	46	47	49	50	51	56	57	58	59	122	#
309	563.355	10	23	31	34	40	41	44	45	48	55	63	123	#
310	825.832	1	14	20	22	27	28	32	39	45	52	56	123	#
311	798.281	8	16	19	24	33	38	39	41	47	51	57	123	#
312	767.294	18	23	27	32	35	48	51	55	56	57	63	123	#
313	732.887	1	4	9	12	21	30	34	40	45	47	60	123	#
314	725.648	4	6	15	19	24	26	31	40	44	49	51	123	#
315	172.092	3	52	124	#
316	214.247	3	48	124	#
317	168.285	47	52	124	#
318	190.057	2	15	20	50	53	59	125	#
319	257.661	23	37	46	58	59	63	125	#
320	226.245	0	15	27	31	39	53	125	#
321	221.252	1	6	34	50	52	55	125	#
322	135.015	15	31	34	45	51	55	125	#
323	362.235	9	16	22	25	58	126	#
324	388.392	10	20	22	50	58	126	#
325	372.804	2	25	27	37	39	126	#
326	369.507	9	43	49	55	60	126	#
327	283.596	7	16	30	52	57	126	#
328	227.399	1	22	27	54	56	126	#
329	208.625	26	28	30	56	127	#
330	282.843	20	25	27	28	127	#
331	236.608	20	30	33	57	127	#
332	204.456	11	12	26	33	127	#
333	137.158	25	41	45	56	127	#
334	182.934	28	30	128	#
335	188.697	30	48	128	#
336	151.367	28	39	128	#
337	2551.49	0	1	2	3	5	7	8	9	10	11	12	13	15	16	17	18	19	20	21	22	23	24	26	27	29	30	31	32	34	36	37	40	42	43	44	45	47	48	49	50	51	52	53	54	56	58	59	63	129	#
338	2807.48	2	3	5	6	8	9	10	11	12	13	16	18	19	20	21	22	23	24	25	26	27	28	29	30	31	32	33	34	38	40	41	42	44	45	46	47	48	49	50	51	52	53	54	55	56	58	62	63	129	#
339	2687.37	0	2	4	5	6	8	9	10	11	13	15	16	19	22	24	25	26	27	28	30	31	32	33	36	37	38	40	42	43	44	45	46	47	48	49	50	51	52	53	54	55	56	57	59	60	61	62	63	129	#
340	2671.46	2	3	5	6	7	8	9	10	12	13	14	15	16	19	20	21	22	23	24	27	28	30	33	34	35	36	37	40	42	43	44	45	46	47	48	49	50	51	52	53	55	56	57	58	59	60	62	63	129	#
341	2667.34	0	1	2	5	7	8	9	10	11	12	13	14	15	16	19	20	21	22	23	24	25	26	27	28	30	32	33	34	35	36	38	39	40	42	43	44	46	47	48	49	50	52	54	56	57	58	62	63	129	#
342	2645.75	0	2	3	5	6	8	9	11	12	13	15	16	18	20	21	22	23	25	26	27	29	31	32	33	36	37	38	39	40	42	43	44	45	46	48	49	50	51	53	54	55	56	57	58	59	61	62	63	129	#
343	353.56	1	8	15	23	40	54	57	59	130	#
344	446.151	14	15	18	23	46	52	58	60	130	#
345	441.065	5	12	35	41	42	49	54	57	130	#
346	391.878	8	17	19	35	42	54	57	62	130	#
347	364.944	8	27	31	38	48	49	56	57	130	#
348	326.424	0	1	18	46	50	52	53	58	130	#
349	387.208	21	30	31	32	51	52	131	#
350	528.931	5	8	23	40	52	61	131	#
351	478.764	23	30	44	51	57	61	131	#
352	430.732	21	24	29	44	47	56	131	#
353	417.48	8	22	32	39	55	60	131	#
354	320.281	30	46	53	55	59	61	131	#
355	238.5	1	8	31	32	43	52	132	#
356	341.964	1	10	21	42	43	60	132	#
357	277.966	8	22	27	28	45	53	132	#
358	248.741	16	31	34	41	44	50	132	#
359	242.184	7	20	32	38	51	56	132	#
360	155.393	1	3	5	43	50	56	132	#
361	109.858	47	#
362	114.006	14	47	133	#
363	98.5756	25	40	133	#
364	221.256	10	34	61	134	#
365	269.22	12	34	53	134	#
366	210.898	10	42	49	134	#
367	197.067	26	48	61	134	#
368	113.945	2	25	31	45	#
369	1642.18	0	3	9	11	12	13	14	15	19	21	23	30	32	33	35	38	40	44	45	50	51	56	57	58	63	135	#
370	1793.92	1	3	12	13	16	17	19	20	22	26	29	32	34	35	36	38	39	42	44	46	49	51	56	60	61	135	#
371	1729.23	0	1	9	10	12	16	22	28	32	33	35	36	37	38	40	41	42	45	50	52	57	58	59	60	62	135	#
372	1715.43	3	4	8	9	11	14	16	20	21	28	32	35	42	44	45	47	49	53	54	55	56	57	58	60	63	135	#
373	1713.85	3	7	9	11	12	13	17	18	19	23	26	27	28	29	32	33	36	38	46	47	48	51	56	60	62	135	#
374	1697.07	1	7	8	10	11	12	13	15	16	17	21	24	27	28	29	30	33	36	37	41	45	49	52	56	63	135	#
375	796.051	0	6	9	10	31	32	35	36	37	43	44	50	136	#
376	856.197	4	10	25	30	31	34	36	37	39	43	50	55	136	#
377	833.31	1	15	21	27	30	32	35	36	43	49	56	59	136	#
378	799.952	3	7	12	17	25	30	32	34	38	40	50	61	136	#
379	748.689	18	22	25	34	36	43	44	45	49	50	53	61	136	#
380	739.229	5	11	16	21	31	36	38	43	46	50	62	63	136	#
381	248.663	8	11	35	44	49	137	#
382	300.22	4	30	49	51	56	137	#
383	279.441	8	44	47	56	58	137	#
384	253.516	31	35	39	42	52	137	#
385	251.737	11	25	38	49	56	137	#
386	218.775	11	29	39	44	53	137	#
387	116.751	5	28	51	138	#
388	161.311	5	21	57	138	#
389	145.01	7	51	62	138	#
390	129.541	15	28	46	138	#
391	872.171	0	10	14	15	23	24	36	37	40	43	45	47	53	55	62	139	#
392	1164.01	9	10	21	23	24	27	28	31	35	39	41	45	47	49	57	139	#
393	1134.62	4	6	7	9	16	18	24	32	36	39	49	51	57	62	63	139	#
394	960.874	0	1	4	11	13	19	27	29	36	46	51	57	60	62	63	139	#
395	944.708	0	7	14	19	32	35	36	38	39	49	51	54	55	56	61	139	#
396	916.486	3	8	20	21	22	23	28	29	31	34	49	50	55	58	63	139	#
397	343.447	25	27	39	41	46	140	#
398	337.983	19	27	30	31	40	140	#
399	326.501	9	11	25	52	55	140	#
400	238.857	18	32	38	41	58	140	#
401	234.212	2	3	34	42	46	140	#
402	1799.51	0	6	8	9	13	14	16	19	20	22	23	24	26	27	28	30	32	33	40	43	44	46	51	53	57	58	62	63	141	#
403	1957.49	0	3	4	6	8	9	16	21	22	24	25	27	28	30	32	33	38	39	40	43	45	47	50	52	53	54	57	58	141	#
404	1924.69	5	6	8	9	10	13	16	17	18	19	21	23	26	27	30	32	36	38	40	44	45	47	50	51	53	57	61	62	141	#
405	1852.15	0	1	2	3	9	10	12	16	18	20	21	27	30	32	35	36	37	40	41	42	43	45	47	50	52	54	58	62	141	#
406	1814.26	2	3	4	5	7	9	10	14	16	21	22	27	33	39	40	43	45	46	47	49	51	53	54	57	58	60	62	63	141	#
407	1783.9	0	1	3	6	7	11	12	13	21	22	23	26	27	31	34	35	37	38	39	40	45	46	47	53	57	58	60	62	141	#
408	41.3154	37	#
409	368.533	12	14	32	36	57	142	#
410	332.669	2	12	30	52	54	142	#
411	279.805	14	16	17	42	63	142	#
412	263.918	14	26	32	59	63	142	#
413	263.446	0	4	9	36	49	142	#
414	240.97	13	28	39	57	59	142	#
415	1178.91	5	6	12	14	15	23	25	29	38	40	44	47	48	49	50	51	52	60	62	63	143	#
416	1512.2	2	3	5	12	22	25	26	31	32	34	38	45	46	48	49	50	51	56	61	63	143	#
417	1505.57	1	4	6	7	14	16	17	18	24	25	30	32	33	36	40	41	45	47	51	52	143	#
418	1494.34	1	3	10	14	16	18	22	25	27	31	32	35	40	41	45	51	52	55	56	61	143	#
419	1470.52	6	9	10	12	19	25	26	27	28	35	36	39	41	43	45	49	50	51	52	62	143	#
420	1357.08	6	7	9	17	18	19	22	24	30	31	32	33	40	41	44	45	46	51	60	61	143	#
421	72.3656	7	#
422	296.803	3	37	59	60	144	#
423	365.322	3	8	21	33	144	#
424	288.619	29	53	59	60	144	#
425	237.091	20	52	53	59	144	#
426	175.4	4	11	34	37	144	#
427	48.4662	2	#
428	390.8	7	25	40	61	62	145	#
429	372.082	0	8	30	44	61	145	#
430	333.767	4	25	33	38	40	145	#
431	256.08	3	50	51	60	62	145	#
432	225.601	0	3	7	22	62	145	#
433	205.409	2	17	39	40	62	145	#
434	142.695	49	#
435	0.612027	54	#
436	45.2637	18	45	146	#
437	52.7398	2	18	146	#
438	353.687	2	22	23	29	44	54	56	147	#
439	439.503	19	21	23	24	58	60	62	147	#
440	426.346	2	9	19	31	37	39	42	147	#
441	417.133	9	10	19	26	44	54	56	147	#
442	374.909	6	22	23	25	29	38	55	147	#
443	363.759	13	15	37	39	40	54	57	147	#
444	475.468	3	7	12	34	44	45	47	54	148	#
445	642.086	1	12	19	22	33	36	50	56	148	#
446	597.735	3	11	17	22	27	44	47	56	148	#
447	579.536	7	11	18	19	35	44	49	59	148	#
448	537.608	3	9	11	36	45	51	54	62	148	#
449	475.893	4	17	18	33	40	45	47	48	148	#
450	234.344	7	9	16	29	149	#
451	251.14	2	9	29	32	149	#
452	186.136	7	32	34	45	149	#
453	166.93	16	34	59	61	149	#
454	103.252	29	31	51	56	149	#
455	1139.55	2	3	6	7	9	19	23	25	26	30	33	38	45	48	52	53	57	58	150	#
456	1157.55	2	6	11	13	14	15	28	35	39	40	42	44	48	50	52	59	60	63	150	#
457	1125.45	4	8	9	10	12	18	22	27	28	30	37	39	45	52	56	57	59	63	150	#
458	1106.42	1	7	15	20	22	25	28	30	32	33	36	37	38	39	50	56	61	62	150	#
459	1101.69	4	7	11	14	15	17	19	20	24	26	28	39	40	49	51	57	58	63	150	#
460	1100.76	2	4	6	10	11	12	15	16	28	31	38	40	45	48	55	58	61	63	150	#
461	787.389	2	4	5	6	7	9	13	14	30	44	51	151	#
462	897.64	0	4	16	19	27	28	29	30	47	51	60	151	#
463	850.023	5	9	16	19	25	33	34	38	43	48	51	151	#
464	775.678	6	9	12	14	22	30	31	45	51	52	63	151	#
465	763.427	2	9	13	20	23	28	30	33	34	41	55	151	#
466	743.64	6	11	14	15	19	26	34	39	45	56	60	151	#
467	415.402	14	22	41	59	63	152	#
468	371.975	15	18	28	47	63	152	#
469	353.794	2	10	14	34	41	152	#
470	327.651	10	13	29	30	59	152	#
471	325.273	1	14	22	54	63	152	#
472	291.635	5	12	14	54	56	152	#
473	393.893	1	7	12	14	17	38	45	52	56	57	63	153	#
474	589.424	2	9	12	27	29	36	37	40	43	61	63	153	#
475	588.008	4	17	19	25	26	34	37	52	55	59	63	153	#
476	579.878	4	9	37	38	41	42	46	47	48	55	63	153	#
477	562.224	1	3	4	6	17	22	27	43	47	48	55	153	#
478	480.563	0	5	7	8	9	33	36	40	52	55	57	153	#
479	599.974	1	6	7	11	12	20	23	34	38	41	51	55	62	154	#
480	894.503	1	4	7	9	13	20	23	24	29	37	49	60	63	154	#
481	788.8	2	4	6	7	23	26	27	43	52	55	57	59	63	154	#
482	774.992	3	5	14	15	21	23	24	25	27	28	34	55	58	154	#
483	761.127	0	6	9	17	19	20	25	34	39	46	48	52	54	154	#
484	741.019	5	7	9	13	20	25	33	37	41	42	43	54	55	154	#
485	636.813	0	1	5	10	17	27	29	31	34	38	60	155	#
486	706.848	9	11	27	31	32	37	38	40	41	48	60	155	#
487	698.435	19	27	28	29	31	38	39	43	46	49	51	155	#
488	667.883	5	10	16	17	21	31	34	37	43	48	53	155	#
489	644.607	1	3	5	11	16	28	33	34	46	51	63	155	#
490	620.111	5	10	11	29	41	43	44	46	52	58	61	155	#
491	271.338	27	34	39	41	48	156	#
492	399.069	38	39	41	48	49	156	#
493	312.37	7	22	27	31	33	156	#
494	271.809	41	43	48	50	61	156	#
495	260.482	0	24	26	48	59	156	#
496	228.494	14	23	27	34	40	156	#
497	17.6927	31	#
498	1103.13	4	6	7	13	16	17	22	24	25	28	32	35	36	40	42	47	52	58	59	60	157	#
499	1323.63	3	4	8	9	10	12	14	16	21	23	28	30	37	39	40	43	56	57	61	63	157	#
500	1304.11	0	3	8	12	19	21	23	28	31	36	37	38	39	40	45	47	48	49	52	56	157	#
501	1218.13	6	9	12	13	14	15	23	25	28	33	34	36	41	44	48	52	53	55	60	61	157	#
502	1212.11	1	3	7	8	9	10	14	19	22	25	26	36	38	43	45	54	56	60	61	63	157	#
503	1130.33	0	1	6	18	19	22	23	28	30	33	39	41	51	52	54	56	57	59	61	62	157	#
504	517.275	3	8	17	20	23	28	38	58	60	61	158	#
505	770.083	5	9	12	18	52	56	58	60	61	62	158	#
506	728.135	3	9	10	22	24	28	34	35	42	53	158	#
507	664.081	1	11	16	27	28	49	52	56	57	58	158	#
508	659.31	0	6	11	13	20	22	40	50	52	61	158	#
509	590.956	3	12	15	21	29	34	42	54	60	63	158	#
510	753.812	4	7	14	18	26	28	33	34	37	43	44	47	56	159	#
511	938.84	6	7	9	22	26	29	32	33	44	52	53	58	62	159	#
512	867.022	6	14	16	22	27	29	40	42	44	47	51	52	54	159	#
513	828.238	10	14	16	20	24	25	26	29	37	40	42	52	55	159	#
514	803.307	6	8	21	22	23	25	33	34	38	47	50	60	62	159	#
515	799.668	1	4	6	7	18	20	23	25	30	31	38	42	43	159	#
516	127.189	12	#
517	41.3153	31	35	160	#
518	14.9443	18	31	160	#
519	11.6577	35	54	160	#
520	360.727	3	5	18	34	39	48	51	55	56	161	#
521	537.876	5	6	19	30	37	43	48	50	60	161	#
522	525.861	1	12	13	16	30	39	40	59	61	161	#
523	483.797	1	9	10	26	39	43	50	55	59	161	#
524	393.081	1	28	30	33	39	43	48	55	56	161	#
525	391.846	5	11	23	25	31	34	37	41	50	161	#
526	818.825	3	13	18	22	26	30	43	44	49	51	58	63	162	#
527	1019.84	6	12	14	20	23	24	28	38	40	48	49	58	162	#
528	912.614	9	12	24	25	26	27	36	38	43	49	50	57	162	#
529	891.965	6	10	12	14	18	21	27	30	38	48	58	63	162	#
530	880.608	3	5	10	11	16	17	20	21	22	26	44	48	162	#
531	853.148	2	3	14	16	18	28	44	47	49	51	56	58	162	#
532	109.579	33	39	57	163	#
533	85.3954	31	33	51	163	#
534	108.307	41	56	164	#
535	118.108	41	57	164	#
536	52.5467	40	56	164	#
537	354.995	0	19	44	46	49	50	63	165	#
538	476.068	12	19	27	31	51	60	63	165	#
539	465.272	4	9	17	19	22	27	55	165	#
540	328.085	5	15	30	31	42	44	61	165	#
541	315.7	26	30	46	48	51	52	63	165	#
542	295.178	2	9	21	49	51	57	58	165	#
543	403.888	1	2	7	12	14	16	26	34	44	52	56	166	#
544	597.435	11	12	16	23	32	33	34	45	49	50	55	166	#
545	557.602	7	12	20	25	28	31	32	33	42	48	58	166	#
546	453.908	2	13	29	30	33	39	45	56	57	60	62	166	#
547	450.378	1	4	5	7	19	30	41	47	57	60	62	166	#
548	325.352	8	17	26	34	35	38	44	47	49	55	59	166	#
549	467.157	8	14	27	30	42	51	55	60	61	63	167	#
550	611.511	8	10	27	31	34	38	39	44	47	50	167	#
551	602.028	11	14	16	17	24	25	31	43	56	62	167	#
552	578.721	7	8	10	26	28	47	57	58	60	63	167	#
553	576.385	5	11	22	24	25	30	41	44	57	60	167	#
554	547.485	14	22	24	27	31	37	38	45	53	62	167	#
555	178.42	24	40	42	47	55	56	168	#
556	253.686	2	5	18	48	56	60	168	#
557	224.844	2	45	51	53	55	57	168	#
558	102.132	20	27	34	37	40	46	168	#
559	133.338	41	45	63	169	#
560	190.945	16	22	41	169	#
561	174.781	46	52	63	169	#
562	256.724	1	2	13	17	31	37	46	59	60	170	#
563	211.705	3	15	18	31	34	44	46	50	56	170	#
564	1799.31	0	1	5	9	12	14	15	16	19	20	24	25	27	28	29	30	31	33	34	35	36	37	39	40	42	46	47	48	50	52	54	55	57	60	61	63	171	#
565	2097.46	1	2	3	9	11	12	13	16	18	21	22	23	25	27	30	33	36	37	38	39	40	43	44	45	46	47	48	52	55	56	57	58	60	61	62	63	171	#
566	2001.09	2	3	4	5	6	7	9	11	12	15	16	19	20	24	27	28	30	31	34	35	36	37	39	42	43	45	46	48	49	50	51	52	57	58	61	62	171	#
567	1997.21	2	3	5	9	10	12	13	14	15	16	18	19	20	23	25	26	27	28	31	35	36	37	38	39	40	42	44	46	48	49	52	54	55	60	62	63	171	#
568	1968.17	1	3	4	6	7	10	11	12	13	15	16	19	20	21	22	23	24	28	29	32	33	35	40	41	42	44	46	47	50	51	53	55	57	60	62	63	171	#
569	1951.38	2	3	4	7	8	10	12	13	16	18	19	20	23	24	25	27	29	32	33	35	37	38	40	41	42	43	44	47	53	54	56	57	58	60	62	63	171	#
570	899.803	0	5	7	10	14	16	18	23	27	28	29	30	35	40	44	48	51	53	54	59	172	#
571	1318.13	7	10	11	12	13	16	17	28	29	30	33	35	36	38	43	44	52	53	62	63	172	#
572	1293.85	3	9	11	13	14	15	16	20	21	22	27	32	34	37	44	51	55	56	58	59	172	#
573	1280.86	1	8	10	16	17	19	30	34	36	37	40	43	44	46	47	49	57	60	61	62	172	#
574	1258.12	0	4	9	10	11	17	23	27	31	33	36	40	43	44	45	48	51	55	56	60	172	#
575	1239.67	1	5	6	14	16	20	21	25	27	28	30	36	39	43	50	53	54	56	61	63	172	#
576	120.151	22	57	173	#
577	115.3	57	61	173	#
578	99.9648	18	22	173	#
579	516.389	0	3	23	36	51	55	174	#
580	467.065	0	1	23	27	36	40	174	#
581	464.537	0	5	16	25	28	53	174	#
582	432.615	22	28	30	40	51	60	174	#
583	395.31	0	3	13	25	31	54	174	#
584	393.407	19	28	31	44	55	60	174	#
585	519.957	0	7	16	23	26	44	51	61	175	#
586	663.448	10	16	17	21	40	44	51	63	175	#
587	605.095	7	8	17	44	47	49	52	61	175	#
588	517.267	0	6	27	28	39	41	42	44	175	#
589	501.484	5	6	16	18	20	51	59	61	175	#
590	493.232	6	17	30	31	41	44	51	55	175	#
591	96.418	39	#
592	101.782	18	30	176	#
593	132.542	18	28	176	#
594	414.533	9	25	34	44	45	51	57	59	61	182	#
595	53.5312	5	#
596	604.943	9	13	20	22	31	33	41	52	57	178	#
597	627.318	7	9	12	20	22	31	41	52	60	178	#
598	517.015	9	13	22	24	26	31	46	52	57	178	#
599	400.173	3	11	13	25	31	38	55	56	57	178	#
600	397.356	4	7	16	19	31	33	41	45	46	178	#
601	362.272	0	8	11	16	22	47	51	55	63	178	#
602	319.184	6	7	32	46	48	179	#
603	466.745	3	22	32	33	38	179	#
604	334.439	2	6	22	39	61	179	#
605	297.827	18	28	31	36	48	179	#
606	281.736	18	22	35	46	60	179	#
607	163.415	7	15	16	45	62	179	#
608	457.125	3	5	7	12	14	15	20	23	30	34	40	45	180	#
609	674.945	13	16	17	19	28	29	30	36	37	39	43	63	180	#
610	609.005	1	9	15	16	17	25	33	34	44	50	56	58	180	#
611	605.789	3	4	11	14	17	25	31	32	38	55	60	62	180	#
612	583.003	5	8	13	20	28	37	42	44	55	56	58	59	180	#
613	535.523	7	11	18	22	29	30	31	42	50	51	53	55	180	#
614	1192.31	2	4	6	9	12	13	19	23	24	28	33	38	40	45	49	51	52	56	59	63	181	#
615	1401.76	0	6	7	12	13	17	19	23	24	25	28	33	36	37	42	46	49	52	56	57	181	#
616	1235.78	0	1	6	10	15	21	25	26	37	38	39	41	42	43	45	46	48	50	52	63	181	#
617	1231.47	6	9	22	23	27	30	31	32	33	38	45	47	48	51	52	53	58	59	62	63	181	#
618	1230.94	10	13	14	21	22	24	25	26	29	32	33	35	38	40	42	43	45	48	52	62	181	#
619	1213.84	7	10	14	18	21	23	24	31	32	34	37	40	42	45	46	47	50	52	57	62	181	#
620	508.741	5	17	19	21	31	32	35	47	51	182	#
621	652.574	6	13	17	21	32	36	45	51	63	182	#
622	639.405	11	14	17	35	42	44	45	46	47	182	#
623	541.086	1	2	12	14	16	19	25	43	56	182	#
624	499.915	5	8	12	24	31	32	37	60	62	182	#
625	526.955	12	20	29	30	44	49	54	63	183	#
626	638.656	12	29	36	38	41	47	49	50	183	#
627	624.973	13	20	30	36	37	39	43	49	183	#
628	613.438	7	14	19	22	38	39	52	63	183	#
629	519.987	0	10	14	20	27	29	32	54	183	#
630	397.848	1	12	13	18	20	45	48	56	183	#
631	114.98	32	#
632	1281.42	0	4	6	7	8	15	18	19	20	26	28	31	32	34	35	37	40	43	45	48	52	57	58	59	62	184	#
633	1830.51	1	3	4	6	9	13	16	19	22	27	31	40	41	42	43	44	45	46	47	49	52	53	56	57	61	184	#
634	1826.71	0	3	4	6	8	10	11	14	15	16	19	23	24	36	38	41	42	45	46	47	49	51	54	57	58	184	#
635	1815.31	0	3	7	9	12	16	18	19	21	23	31	32	36	40	43	44	47	48	49	50	54	55	58	61	62	184	#
636	1797.28	0	1	4	7	10	12	14	16	19	22	23	26	29	32	36	38	42	47	49	50	51	52	58	61	63	184	#
637	1667.39	0	3	8	9	10	12	15	16	17	21	22	26	32	36	40	41	44	45	48	51	56	58	59	62	63	184	#
638	1081.54	4	9	12	19	21	22	23	30	35	38	41	47	48	52	56	185	#
639	1079.52	0	1	3	10	12	16	21	33	36	37	39	43	44	56	59	185	#
640	1075.95	9	12	15	16	18	27	32	36	42	43	51	58	60	62	63	185	#
641	1065.37	17	19	21	32	33	34	39	40	41	45	49	51	55	58	61	185	#
642	1027.18	2	3	9	13	19	30	31	35	36	47	48	49	50	61	62	185	#
643	1010.58	0	1	3	14	21	24	26	28	32	34	39	44	55	58	59	185	#
644	1102.81	1	6	8	10	11	13	14	16	18	23	28	29	30	31	36	38	48	50	51	55	186	#
645	1303.67	0	6	11	12	14	15	20	22	23	25	27	33	38	46	49	50	53	54	56	60	186	#
646	1253.82	2	4	5	6	9	20	22	23	28	32	34	36	39	43	45	49	50	51	53	57	186	#
647	1238.13	1	3	8	11	13	15	16	21	22	27	40	41	47	49	51	53	55	56	58	61	186	#
648	1208.11	4	6	9	13	14	17	18	20	22	25	27	38	42	43	44	47	49	56	61	62	186	#
649	1194.13	1	3	4	12	13	16	18	20	23	24	30	33	34	36	37	41	49	50	58	61	186	#
650	174.949	0	6	187	#
651	204.421	4	6	187	#
652	225.105	2	3	12	14	27	188	#
653	273.415	3	17	25	28	55	188	#
654	208.616	5	12	31	43	59	188	#
655	191.432	1	2	15	33	36	188	#
656	191.367	2	14	18	32	59	188	#
657	597.238	11	16	41	48	54	60	189	#
658	574.356	16	21	30	38	50	61	189	#
659	563.849	7	8	24	36	38	60	189	#
660	407.325	0	25	38	43	48	52	189	#
661	401.111	0	11	20	34	48	63	189	#
662	390.834	31	33	50	54	58	63	189	#
663	333.061	15	18	36	41	46	47	59	190	#
664	473.866	3	21	37	43	44	46	48	190	#
665	459.296	5	14	23	28	34	38	59	190	#
666	433.958	1	15	23	25	37	39	47	190	#
667	429.313	28	34	41	47	51	58	59	190	#
668	399.477	0	10	14	16	34	35	36	190	#
669	2106.34	0	1	3	4	5	9	12	13	16	17	18	20	21	22	23	25	27	28	29	30	34	36	42	43	44	46	47	48	49	52	54	55	61	62	63	191	#
670	2249.16	1	3	4	9	10	11	12	13	16	18	20	22	23	24	25	28	30	31	32	33	35	36	38	40	41	43	44	45	46	47	49	50	51	52	57	191	#
671	2211.14	1	3	4	5	8	9	10	12	13	14	16	20	21	22	23	25	27	29	32	35	36	37	38	39	41	43	44	45	46	48	50	52	54	55	59	191	#
672	2192.65	1	3	5	8	10	13	15	19	20	22	25	27	28	30	31	32	33	35	36	37	43	44	45	46	47	49	50	51	52	55	56	57	59	61	63	191	#
673	2189	0	1	2	3	9	10	12	13	14	15	16	18	19	21	22	23	25	27	29	30	33	34	36	37	39	42	43	46	48	50	52	53	57	58	60	191	#
674	2166.94	0	1	2	3	4	6	7	8	9	11	14	17	19	21	22	23	24	25	27	30	32	33	34	39	41	43	48	50	52	54	57	59	60	61	62	191	#
675	153.609	3	12	192	#
676	187.703	8	12	192	#
677	160.845	3	22	192	#
678	231.504	40	49	50	54	59	193	#
679	333.633	4	36	40	49	58	193	#
680	296.147	20	30	39	40	58	193	#
681	252.015	8	28	43	47	50	193	#
682	250.462	0	3	14	40	59	193	#
683	244.463	30	50	52	54	58	193	#
684	871.18	3	4	7	19	21	29	31	35	38	50	54	56	194	#
685	1071.32	0	3	4	19	24	32	36	37	41	47	52	56	194	#
686	983.066	6	13	19	20	21	22	32	38	48	53	61	63	194	#
687	924.181	4	7	9	12	16	23	31	44	46	53	56	63	194	#
688	895.053	0	4	16	18	19	32	34	38	43	54	56	57	194	#
689	841.301	4	5	16	17	27	31	36	37	38	43	48	63	194	#
690	489.724	5	6	20	25	28	30	33	38	41	63	195	#
691	732.312	4	6	12	19	22	28	30	32	50	63	195	#
692	671.442	7	22	27	35	45	49	53	54	57	63	195	#
693	656.322	0	6	10	19	25	27	31	46	47	60	195	#
694	653.847	3	10	11	16	17	21	28	33	57	63	195	#
695	518.822	0	5	7	8	20	32	38	47	52	55	195	#
696	465.303	8	10	16	18	27	33	196	#
697	466.057	10	20	26	35	39	49	196	#
698	400.344	8	15	20	49	54	61	196	#
699	378.815	13	15	27	43	48	56	196	#
700	342.995	18	33	37	40	49	56	196	#
701	267.987	4	16	22	40	41	45	196	#
702	44.4257	20	#
703	420.359	4	23	31	32	48	197	#
704	340.217	8	13	19	32	56	197	#
705	244.729	17	23	35	41	52	197	#
706	236.15	12	41	48	51	63	197	#
707	197.741	8	19	31	35	44	197	#
708	447.917	3	5	6	10	15	31	53	60	198	#
709	570.672	3	17	24	26	35	47	49	60	198	#
710	490.631	5	11	14	17	24	28	46	53	198	#
711	468.87	7	10	24	35	37	44	46	52	198	#
712	447.881	1	2	6	24	34	50	52	56	198	#
713	446.164	0	5	29	30	38	49	60	63	198	#
714	188.321	21	31	53	199	#
715	207.287	2	31	53	199	#
716	158.601	31	38	49	199	#
717	103.846	1	21	32	199	#
718	425.544	3	10	18	19	48	53	62	200	#
719	466.358	16	19	47	50	53	54	61	200	#
720	425.895	18	21	23	48	53	57	58	200	#
721	363.336	0	9	18	33	34	44	63	200	#
722	350.403	3	5	10	12	18	35	53	200	#
723	304.177	1	4	12	14	21	58	62	200	#
724	464.43	7	9	15	18	29	46	53	54	60	201	#
725	661.89	9	14	19	29	40	49	58	60	61	201	#
726	633.424	2	9	18	19	23	24	28	29	54	201	#
727	623.092	2	14	19	22	25	42	43	51	53	201	#
728	578.669	2	3	7	9	11	15	31	54	63	201	#
729	466.899	6	9	18	29	35	48	51	57	59	201	#
730	880.57	0	1	2	8	11	18	22	26	29	31	33	36	37	42	46	53	56	202	#
731	1216.42	6	10	11	12	13	16	28	32	36	37	39	47	50	51	52	59	60	202	#
732	1099.12	0	5	6	9	11	15	32	33	35	36	37	38	42	47	49	55	62	202	#
733	1096.8	7	12	16	17	20	26	28	33	37	42	49	52	54	55	57	62	63	202	#
734	1083.28	1	5	6	9	14	15	17	25	27	30	36	46	47	48	56	58	59	202	#
735	1067.03	7	9	15	16	22	25	26	30	31	32	36	42	51	55	59	61	63	202	#
736	1272.97	6	8	11	15	20	22	24	26	29	30	31	32	33	34	36	43	45	47	48	53	55	56	60	203	#
737	1486.56	0	3	11	14	15	16	19	21	23	31	32	44	45	47	49	51	52	53	55	56	59	61	63	203	#
738	1379.6	1	3	7	10	13	20	21	23	26	27	32	34	43	44	46	47	49	52	53	55	56	62	63	203	#
739	1351.84	0	3	5	6	7	8	11	17	23	24	25	27	28	30	31	32	38	39	42	43	44	51	53	203	#
740	1322.34	2	3	4	5	8	11	12	13	15	16	19	23	27	28	29	32	34	39	42	45	54	57	63	203	#
741	1321.59	1	2	3	6	8	10	12	15	21	27	32	34	39	46	49	51	53	54	55	56	57	58	59	203	#
742	586.699	0	13	17	30	32	38	41	42	45	204	#
743	718.959	18	33	35	36	42	43	44	45	50	204	#
744	660.859	10	13	14	17	27	28	47	55	58	204	#
745	655.178	7	9	21	31	32	37	38	42	43	204	#
746	646.973	0	9	10	12	25	36	39	50	55	204	#
747	594.535	1	9	20	23	33	41	45	49	53	204	#
748	91.6345	6	17	205	#
749	40.0984	6	46	205	#
750	798.165	0	1	3	14	19	22	24	28	30	33	38	50	55	56	206	#
751	1025.08	4	8	15	19	28	31	32	33	42	44	47	49	50	58	206	#
752	826.668	9	14	15	16	22	32	34	36	41	44	47	53	55	58	206	#
753	769.844	1	3	6	8	27	33	35	38	39	42	44	50	52	56	206	#
754	747.246	1	2	3	16	17	18	21	24	27	31	33	38	42	61	206	#
755	729.989	0	3	22	23	25	26	30	33	37	41	49	54	55	63	206	#
756	130.454	7	23	26	207	#
757	148.895	7	26	29	207	#
758	145.581	4	7	13	207	#
759	139.007	10	26	208	#
760	128.103	10	18	208	#
761	557.166	2	14	19	35	55	60	61	209	#
762	515.566	1	2	8	19	27	37	61	209	#
763	392.911	0	11	21	29	35	38	60	209	#
764	385.107	1	7	12	45	53	58	61	209	#
765	375.733	2	9	13	27	31	34	40	209	#
766	322.136	3	14	25	32	39	54	55	209	#
767	289.307	8	21	53	58	210	#
768	276.571	4	18	21	59	210	#
769	268.274	8	22	31	58	210	#
770	218.228	7	14	53	57	210	#
771	190.013	8	31	38	46	210	#
772	833.57	5	10	14	15	27	32	33	34	35	44	52	211	#
773	927.28	8	11	26	27	32	33	45	52	59	60	62	211	#
774	827.003	3	10	15	17	27	36	42	48	50	56	63	211	#
775	784.287	16	23	32	35	38	44	51	55	56	57	60	211	#
776	762.488	1	4	7	10	11	17	27	32	50	56	63	211	#
777	754.465	5	6	10	13	16	27	30	44	55	57	60	211	#
778	289.3	5	11	17	26	53	212	#
779	394.391	10	11	18	25	36	212	#
780	391.323	14	22	26	43	46	212	#
781	362.152	5	23	49	53	55	212	#
782	266.807	17	26	41	43	61	212	#
783	240.81	2	26	53	54	58	212	#
784	429.737	2	3	10	17	18	31	57	213	#
785	499.89	3	17	31	44	49	56	61	213	#
786	497.09	2	9	24	27	37	43	56	213	#
787	476.006	1	2	10	12	20	53	55	213	#
788	428.303	8	28	31	48	53	55	60	213	#
789	416.757	2	3	6	16	17	29	54	213	#
790	1526.41	1	4	8	11	13	18	25	27	31	32	36	43	45	46	47	49	50	51	53	55	58	60	61	214	#
791	1546.42	5	6	7	12	13	20	23	24	25	27	33	34	37	39	40	42	46	47	48	52	53	58	62	214	#
792	1523.3	5	9	10	18	19	20	22	24	26	27	32	33	37	38	39	43	44	47	49	51	58	59	60	214	#
793	1495.74	0	4	5	6	12	13	18	22	23	30	32	36	37	39	44	46	47	49	54	57	58	61	62	214	#
794	1482.27	1	6	8	11	13	14	15	27	31	32	35	36	37	42	43	46	47	52	53	55	56	58	60	214	#
795	1414.87	6	10	11	13	15	16	19	20	26	30	32	34	39	45	47	49	50	52	54	55	56	59	60	214	#
796	146.371	13	24	215	#
797	142.802	16	24	215	#
798	25.2481	0	13	215	#
799	561.95	0	7	11	14	21	27	34	43	44	46	49	55	63	216	#
800	834.479	6	9	14	16	21	25	28	30	32	42	44	45	52	216	#
801	805.99	4	10	16	21	23	35	37	38	43	44	46	51	58	216	#
802	783.857	10	13	16	20	25	26	35	44	46	47	53	55	60	216	#
803	754.2	5	8	13	18	23	27	36	37	38	39	47	49	52	216	#
804	724.656	4	7	10	11	17	21	23	25	46	47	55	59	63	216	#
805	287.9	9	35	46	47	217	#
806	267.854	9	25	31	47	217	#
807	201.54	0	4	47	54	217	#
808	200.439	6	11	29	46	217	#
809	186.498	4	5	34	35	217	#
810	266.633	39	50	52	53	55	218	#
811	339.285	5	13	43	49	50	218	#
812	329.589	6	24	39	52	61	218	#
813	290.219	1	21	38	42	52	218	#
814	287.599	2	4	36	53	60	218	#
815	166.487	1	23	41	55	62	218	#
816	621.384	22	30	31	39	49	50	52	53	219	#
817	732.203	10	17	19	28	29	32	53	62	219	#
818	640.701	16	29	30	32	44	45	54	61	219	#
819	591.453	10	30	36	38	39	49	52	55	219	#
820	585.779	12	23	30	32	38	45	50	57	219	#
821	580.121	10	18	27	28	43	45	49	53	219	#
822	204.059	24	34	60	220	#
823	246.399	19	21	34	220	#
824	210.478	39	59	60	220	#
825	140.818	24	53	58	220	#
826	213.86	19	34	38	221	#
827	194.58	19	57	61	221	#
828	134.889	34	37	43	221	#
829	79.2748	17	31	38	221	#
830	784.658	2	9	13	16	18	19	28	32	37	42	51	52	54	61	222	#
831	938.208	5	9	15	21	27	28	31	32	43	48	49	51	62	63	222	#
832	935.697	7	11	13	19	24	28	30	31	32	38	42	55	56	63	222	#
833	919.336	0	2	3	4	10	14	15	26	32	39	55	60	61	62	222	#
834	915.242	5	8	11	14	23	26	28	30	31	32	38	51	53	60	222	#
835	881.978	2	3	10	12	16	18	19	21	31	40	48	53	59	63	222	#
836	1251.89	0	1	6	7	12	13	15	17	19	24	25	26	29	30	31	32	36	37	39	40	57	60	223	#
837	1513.17	1	3	4	6	8	10	11	12	21	22	24	27	29	30	36	37	40	45	47	52	54	56	223	#
838	1445.72	3	4	6	8	14	16	19	20	25	26	28	30	35	38	42	45	47	49	52	57	61	63	223	#
839	1419.95	3	4	6	7	9	10	12	23	28	29	30	34	35	37	45	49	51	53	54	55	56	60	223	#
840	1410.47	0	1	6	9	12	14	19	21	22	23	24	25	26	31	38	40	46	47	49	59	60	63	223	#
841	1376.19	4	6	12	17	22	24	26	28	29	32	33	35	36	39	41	46	49	52	53	56	57	58	223	#
842	152.485	19	29	44	224	#
843	101.098	0	29	47	224	#
844	636.692	2	6	11	17	18	23	24	47	51	54	62	225	#
845	877.258	3	6	11	14	15	16	27	33	35	44	51	225	#
846	702.997	11	12	13	16	18	21	24	27	34	39	53	225	#
847	696.978	3	6	8	24	32	38	47	50	52	61	62	225	#
848	663.173	6	17	21	27	30	31	39	45	46	62	63	225	#
849	645.054	3	5	6	8	14	22	36	37	42	54	57	225	#
850	963.619	2	8	12	17	18	19	23	27	28	31	35	38	40	41	46	52	53	54	56	59	60	63	226	#
851	1404.14	0	2	3	6	7	9	13	14	20	24	27	28	30	32	36	37	39	47	48	50	53	57	226	#
852	1378.65	2	3	7	9	11	13	16	18	21	22	28	29	30	31	35	36	37	38	39	41	54	59	226	#
853	1334.74	8	9	12	15	19	21	24	29	30	32	33	36	37	40	42	43	46	52	53	59	62	63	226	#
854	1314.7	5	6	7	9	14	28	29	31	35	36	37	38	40	41	42	43	47	49	56	57	58	60	226	#
855	1291.67	1	2	5	9	10	14	19	25	27	33	39	41	43	44	45	46	47	50	52	53	58	63	226	#
856	323.585	20	39	55	60	63	227	#
857	450.408	6	19	20	35	63	227	#
858	431.014	6	27	35	48	63	227	#
859	317.198	23	40	55	60	63	227	#
860	313.634	21	34	39	40	61	227	#
861	177.616	8	46	50	55	60	227	#
862	324.609	1	15	19	24	31	34	53	62	228	#
863	458.634	1	6	14	20	21	23	24	39	228	#
864	458.172	12	24	31	34	38	40	42	63	228	#
865	454.362	13	17	24	45	46	47	58	62	228	#
866	451.855	9	14	15	18	23	28	39	56	228	#
867	437.908	14	24	29	34	37	40	42	56	228	#
868	3.08365	45	#
869	359.111	0	10	48	61	229	#
870	341.791	0	13	58	63	229	#
871	325.917	10	11	30	47	229	#
872	305.964	26	36	48	59	229	#
873	287.93	2	13	14	61	229	#
874	305.984	29	39	41	45	48	57	230	#
875	446.962	11	24	29	30	31	34	230	#
876	392.728	1	32	41	43	55	60	230	#
877	370.73	16	45	47	48	58	62	230	#
878	261.584	4	8	31	32	46	57	230	#
879	232.457	20	31	39	40	50	52	230	#
880	262.549	33	36	49	59	231	#
881	361.439	4	28	36	43	231	#
882	316.527	27	33	54	63	231	#
883	227.4	1	2	32	49	231	#
884	265.347	20	26	51	62	232	#
885	352.417	0	20	23	27	232	#
886	260.338	41	49	56	62	232	#
887	234.364	20	26	44	62	232	#
888	223.027	29	51	53	62	232	#
889	799.977	1	5	20	22	23	26	27	28	29	42	43	51	53	54	58	233	#
890	1008.72	0	8	17	18	19	22	25	26	30	32	43	45	53	54	61	233	#
891	1005.7	2	5	13	18	27	28	36	47	48	49	50	52	53	59	61	233	#
892	988.142	6	8	14	18	25	27	29	30	33	36	38	40	43	57	62	233	#
893	951.273	1	3	4	7	14	16	18	20	21	22	25	26	27	52	61	233	#
894	950.609	3	4	9	10	11	12	16	22	27	33	42	45	50	51	54	233	#
895	165.519	18	30	39	234	#
896	195.001	18	43	48	234	#
897	172.284	30	41	58	234	#
898	143.335	14	39	55	234	#
899	165.147	2	30	59	235	#
900	136.774	13	30	57	235	#
901	117.393	2	25	43	235	#
902	732.633	1	6	7	10	11	19	29	30	34	35	42	47	53	236	#
903	972.743	1	3	4	10	13	14	19	35	37	47	53	58	61	236	#
904	865.201	10	14	17	29	33	38	39	42	52	56	61	62	63	236	#
905	851.462	0	7	11	25	29	37	43	47	48	49	53	57	61	236	#
906	808.035	2	10	22	24	28	31	35	37	47	51	57	58	59	236	#
907	761.586	4	14	17	25	26	27	31	32	34	36	51	57	61	236	#
908	448.35	18	19	26	30	39	43	46	237	#
909	560.105	9	14	16	22	24	39	47	237	#
910	526.397	2	3	13	18	22	43	49	237	#
911	485.037	15	23	30	43	44	47	57	237	#
912	453.459	19	27	33	37	46	55	63	237	#
913	434.953	0	13	14	15	23	32	46	237	#
914	369.942	4	8	14	32	35	63	238	#
915	510.819	16	21	22	32	56	63	238	#
916	465.407	2	6	13	14	16	56	238	#
917	453.894	15	29	35	36	50	63	238	#
918	385.612	1	4	12	16	24	56	238	#
919	309.092	4	5	18	27	35	63	238	#
920	2353.55	0	4	7	9	11	12	14	15	16	18	19	20	22	23	24	25	28	30	32	33	37	38	39	41	43	44	45	49	50	51	52	53	54	56	57	58	59	60	61	62	63	239	#
921	2388.49	0	1	6	8	9	10	11	13	14	15	18	19	20	21	23	24	25	27	28	29	30	32	33	34	38	40	41	42	43	44	45	47	48	49	52	53	56	58	60	62	63	239	#
922	2364.88	0	2	3	5	6	7	8	9	10	11	12	13	14	15	16	18	19	20	24	25	28	29	30	32	33	35	36	37	38	40	42	43	45	47	50	52	56	57	60	62	63	239	#
923	2347.24	1	3	4	6	8	9	11	12	13	14	15	16	17	21	22	23	25	26	27	29	30	31	32	33	39	40	41	43	45	47	48	50	51	52	53	54	56	60	61	62	63	239	#
924	2294.06	0	3	5	6	7	8	9	11	14	15	16	18	19	20	21	22	23	25	29	33	34	37	39	41	42	43	44	45	47	49	50	51	52	53	56	58	59	60	61	62	63	239	#
925	2242.63	1	3	4	6	7	8	11	13	15	16	17	19	20	22	23	25	27	29	30	32	33	34	38	39	40	41	43	44	45	47	49	51	53	54	55	57	58	60	61	62	63	239	#
926	691.272	2	3	6	11	12	14	15	16	43	50	54	240	#
927	902.988	2	16	22	23	32	34	35	37	48	56	61	240	#
928	865.1	3	9	16	22	24	25	26	43	53	54	56	240	#
929	800.177	8	14	16	21	23	24	35	47	48	51	61	240	#
930	722.795	2	9	14	15	16	22	27	31	35	42	49	240	#
931	570.026	0	2	12	19	41	43	48	53	54	60	63	240	#
932	261.72	6	13	49	58	241	#
933	279.716	18	28	49	56	241	#
934	266.98	6	13	36	45	241	#
935	177.133	4	5	19	58	241	#
936	175.611	6	17	21	37	241	#
937	312.519	1	3	4	29	50	242	#
938	396.957	4	6	8	21	63	242	#
939	387.393	9	18	19	29	47	242	#
940	267.282	3	18	27	46	63	242	#
941	260.004	1	17	23	51	63	242	#
942	118.222	3	40	50	52	59	242	#
943	124.046	6	44	243	#
944	143.07	0	6	243	#
945	84.379	24	38	62	244	#
946	93.3293	29	38	60	244	#
947	1255.32	0	7	17	20	21	23	25	33	35	36	37	40	42	43	46	48	50	53	56	57	61	63	245	#
948	1674.62	3	10	11	16	19	23	24	25	26	31	32	33	36	40	42	47	48	50	53	56	58	63	245	#
949	1629.74	5	7	9	11	12	14	16	19	20	21	22	32	37	42	47	49	53	54	55	56	57	60	245	#
950	1612.59	3	6	11	12	13	16	19	20	23	24	31	32	35	38	40	43	50	52	53	55	56	63	245	#
951	1572.47	9	10	11	12	14	15	16	17	25	28	30	31	32	35	37	43	48	49	53	55	56	62	245	#
952	1519.93	0	4	9	10	11	12	16	19	25	35	36	38	42	43	44	45	48	52	54	55	56	63	245	#
953	10.2855	26	59	#
954	55.5744	57	#
955	740.25	3	10	12	21	29	39	50	57	60	61	246	#
956	888.941	16	21	22	23	30	32	38	48	52	61	246	#
957	858.648	1	23	24	25	31	32	41	50	52	61	246	#
958	691.33	3	8	17	28	29	41	49	52	58	61	246	#
959	672.761	1	3	10	12	21	29	31	44	56	63	246	#
960	571.286	2	23	25	28	29	35	48	57	59	61	246	#
961	229.476	0	19	21	23	51	52	54	59	247	#
962	320.268	8	26	44	46	47	54	55	63	247	#
963	287.022	18	30	38	45	51	53	57	59	247	#
964	204.474	10	43	45	50	248	#
965	263.428	0	12	45	47	248	#
966	174.81	4	13	50	59	248	#
967	136.446	26	43	48	62	248	#
968	532.298	2	8	22	35	49	50	58	61	249	#
969	682.403	5	9	19	23	24	28	33	50	249	#
970	629.33	4	5	20	22	38	49	55	58	249	#
971	579.26	6	8	14	19	23	31	32	36	249	#
972	575.111	1	2	9	11	15	22	28	61	249	#
973	542.9	5	16	19	41	48	49	57	61	249	#
974	1585.91	0	2	3	4	9	11	18	24	26	27	30	31	32	33	34	35	37	40	48	49	52	53	57	58	62	250	#
975	1800.41	0	3	4	8	9	10	11	12	13	16	22	24	25	26	29	31	33	34	36	37	47	52	53	57	62	250	#
976	1797.07	4	5	6	7	9	11	13	16	21	22	23	25	26	30	31	34	35	40	44	45	46	47	49	53	58	250	#
977	1769.11	2	3	4	5	6	14	15	17	19	22	23	24	25	28	30	33	35	36	43	47	52	53	54	57	63	250	#
978	1733.73	0	4	7	9	11	13	15	16	20	24	26	31	32	33	35	36	38	44	45	49	52	53	56	57	62	250	#
979	1722.37	0	4	6	15	16	19	20	22	25	26	30	31	32	34	35	36	38	40	42	48	52	53	57	60	61	250	#
980	305.159	2	15	16	18	23	32	35	37	251	#
981	440.913	2	6	22	23	28	29	54	57	251	#
982	433.776	7	16	34	43	44	54	61	63	251	#
983	374.866	4	18	20	23	39	58	60	62	251	#
984	332.365	7	32	45	46	50	56	57	58	251	#
985	323.165	10	13	15	29	38	44	51	62	251	#
986	904.647	3	4	14	23	33	38	40	42	43	44	46	47	48	53	54	57	61	252	#
987	1307.33	1	12	14	16	19	21	23	32	34	39	49	50	52	57	58	59	61	252	#
988	1293.14	5	9	12	14	16	18	22	29	36	39	47	49	53	57	58	59	61	252	#
989	1175.26	3	6	8	13	16	24	28	29	35	36	37	42	44	48	58	59	60	252	#
990	1100.15	3	4	5	7	11	14	15	20	21	29	32	37	39	49	56	60	61	252	#
991	1099.81	2	12	15	20	27	28	30	34	36	44	47	49	53	56	58	59	63	252	#
992	402.84	4	5	10	13	31	42	45	58	253	#
993	595.462	4	13	47	48	52	54	57	61	253	#
994	563.54	8	21	31	32	45	46	61	62	253	#
995	472.233	3	5	7	22	23	31	42	55	253	#
996	411.201	10	22	27	34	37	58	59	62	253	#
997	407.127	10	27	34	40	42	43	45	57	253	#
998	627.534	0	7	10	15	21	22	28	32	47	50	55	254	#
999	702.815	0	4	15	16	17	23	31	49	50	51	60	254	#
1000	670.101	1	11	12	15	17	22	23	28	51	52	54	254	#
1001	670.019	14	24	27	28	31	35	38	44	47	48	57	254	#
1002	649.222	0	9	12	18	21	25	39	46	53	61	62	254	#
1003	637.749	1	15	18	25	30	34	43	44	46	53	58	254	#
