%% File generated by CATS v.2.1Wed Jun 22 10:37:28 2022

%% The CATS webpage is http://robotics.stanford.edu/CATS

%% PARAMETER SETTINGS:
% Goods: 64; Bids: 1000; Distribution: arbitrary; Runs: 1; Seed: 1656572428
% Arbitrary Distribution Parameters:
% Max Substitutable Bids = 5
% Removing HV Neighbor   = 0.1
% Adding DIAG Neighbor   = 0.2
% Additional Location    = 0.9
% Additivity             = 0.2
% Budget Factor          = 1.5
% Resale Factor          = 0.5
% Uniform Private Value:
%   Deviation            = 0.5
%   Max Good Value       = 100



goods 64
bids 1000
dummy 190

0	303.213	2	44	48	62	64	#
1	354.191	26	29	35	48	64	#
2	304.293	2	10	56	58	64	#
3	242.587	15	24	34	62	64	#
4	226.511	15	33	44	62	64	#
5	244.494	0	1	37	44	49	65	#
6	322.209	0	11	49	51	52	65	#
7	297.651	17	37	41	44	62	65	#
8	297.094	0	33	36	37	44	65	#
9	211.519	0	1	4	12	44	65	#
10	430.372	0	8	9	51	54	66	#
11	400.117	1	9	13	24	31	66	#
12	262.945	8	22	30	43	58	66	#
13	247.125	5	10	16	31	51	66	#
14	244.614	1	38	44	54	60	66	#
15	224.026	0	11	18	38	49	66	#
16	135.267	28	29	46	60	#
17	416.902	3	9	37	45	62	67	#
18	380.013	5	10	18	33	45	67	#
19	352.413	19	35	39	57	62	67	#
20	341.711	4	5	7	9	23	67	#
21	331.457	3	16	30	57	59	67	#
22	283.736	24	28	37	45	58	67	#
23	1805.39	0	3	4	5	6	7	9	11	12	18	21	22	28	31	35	42	43	44	47	49	51	52	55	57	58	60	61	68	#
24	2326.94	0	2	3	9	10	12	13	14	18	22	24	27	31	33	34	35	37	42	44	45	47	49	55	57	58	59	61	68	#
25	2230.49	3	4	6	7	11	12	13	14	18	21	22	24	28	29	33	34	35	39	42	43	44	45	47	52	55	57	61	68	#
26	2206.43	0	3	7	10	12	14	18	22	24	26	27	30	31	33	34	35	36	37	39	40	42	43	44	45	50	54	61	68	#
27	2179.35	0	2	3	6	14	18	21	22	24	27	28	31	34	35	40	42	43	44	45	52	53	55	57	59	60	61	63	68	#
28	2131.45	0	3	4	6	10	12	13	16	18	28	29	31	32	34	35	40	42	43	44	45	47	48	52	55	56	58	61	68	#
29	792.206	0	3	7	8	9	11	21	22	29	36	46	49	53	61	69	#
30	1135.87	4	17	20	21	23	24	30	34	45	50	53	54	59	61	69	#
31	1090.65	5	7	8	17	21	23	27	36	45	49	50	57	59	62	69	#
32	1073.59	0	1	7	8	11	14	33	34	37	45	49	52	59	60	69	#
33	1041.44	4	10	15	16	19	23	28	32	34	45	48	53	57	62	69	#
34	992.679	0	3	10	19	20	21	22	32	39	45	50	55	60	62	69	#
35	1128.06	0	6	15	18	21	22	25	30	32	37	45	46	47	50	70	#
36	1212.92	2	6	8	9	18	24	27	28	32	45	46	50	56	58	70	#
37	1165.68	5	9	12	16	22	24	29	32	36	37	45	56	57	61	70	#
38	1098.65	4	9	15	20	25	26	29	35	45	47	50	56	59	63	70	#
39	1088.74	0	2	8	14	16	18	26	27	30	51	56	57	62	63	70	#
40	1086.92	2	8	9	14	21	24	31	33	36	38	42	46	50	57	70	#
41	749.517	1	14	20	24	25	32	43	45	54	58	59	71	#
42	972.326	15	23	25	26	28	32	35	54	57	59	60	71	#
43	890.031	7	19	20	23	26	30	36	37	39	56	59	71	#
44	833.765	4	9	16	20	21	23	24	33	34	39	51	71	#
45	772.328	0	1	7	9	11	16	20	38	47	54	59	71	#
46	761.12	1	2	4	9	14	20	30	38	57	58	59	71	#
47	564.614	4	8	10	13	17	18	22	27	38	72	#
48	818.102	6	7	8	14	16	22	30	39	48	72	#
49	755.991	4	6	8	18	38	39	40	50	54	72	#
50	710.276	4	8	13	23	27	33	38	54	61	72	#
51	694.63	2	4	8	10	11	22	29	30	61	72	#
52	676.198	16	17	23	29	38	39	59	61	62	72	#
53	456.332	2	6	8	32	73	#
54	418.924	2	32	56	62	73	#
55	359.682	6	19	25	26	73	#
56	310.204	8	9	36	44	73	#
57	291.033	0	19	32	48	73	#
58	321.158	4	9	29	32	38	48	74	#
59	420.526	14	25	29	40	49	60	74	#
60	397.466	4	6	9	11	39	41	74	#
61	350.991	1	3	4	20	32	38	74	#
62	238.765	0	4	19	21	37	63	74	#
63	188.11	5	7	18	36	75	#
64	209.39	14	36	44	62	75	#
65	309.041	13	36	41	49	55	62	76	#
66	392.033	9	16	30	40	46	62	76	#
67	390.909	11	13	31	42	47	54	76	#
68	360.113	10	31	47	49	62	63	76	#
69	351.781	14	28	36	46	58	60	76	#
70	350.641	21	24	27	34	38	41	76	#
71	747.016	4	15	25	30	42	45	54	57	61	77	#
72	891.466	5	8	21	27	45	49	52	57	61	77	#
73	766.993	9	23	25	37	42	43	45	52	59	77	#
74	721.084	4	11	21	30	35	36	45	48	52	77	#
75	715.988	10	25	28	33	36	41	52	54	59	77	#
76	677.926	7	28	30	36	42	46	49	60	62	77	#
77	724.24	12	16	33	41	45	49	55	59	60	61	62	63	78	#
78	882.054	2	13	17	20	21	27	30	41	46	48	51	55	78	#
79	836.22	3	16	21	23	24	41	42	47	55	61	62	63	78	#
80	806.612	5	9	17	24	29	30	32	34	41	44	48	62	78	#
81	754.255	9	12	13	17	21	25	27	33	37	40	43	55	78	#
82	704.149	7	15	20	22	34	38	41	45	48	58	60	62	78	#
83	1095.02	0	6	7	8	10	13	16	17	18	19	23	26	27	28	36	40	51	52	63	79	#
84	1471.54	6	12	13	14	18	23	24	26	27	28	29	30	32	37	43	58	61	62	63	79	#
85	1420.11	1	3	6	8	13	19	21	23	25	26	29	30	32	37	40	48	53	58	62	79	#
86	1387.6	1	3	5	6	9	14	18	19	23	24	25	26	27	33	37	41	48	56	60	79	#
87	1329.64	0	1	4	5	9	10	13	14	17	18	25	26	27	30	37	48	53	56	61	79	#
88	1323.19	2	6	8	13	15	18	19	25	26	27	28	29	32	41	43	48	56	59	63	79	#
89	61.1528	7	#
90	663.434	3	10	19	20	33	40	46	50	51	56	58	61	63	80	#
91	963.419	3	4	9	12	18	21	23	28	30	37	40	48	61	80	#
92	943.217	14	16	19	20	28	30	40	42	43	48	50	57	60	80	#
93	936.43	3	12	18	20	24	25	28	34	41	42	46	48	61	80	#
94	906.597	2	3	13	18	19	28	35	38	46	48	50	61	63	80	#
95	905.35	4	14	16	17	20	23	33	34	42	53	61	62	63	80	#
96	87.307	2	#
97	924.013	0	1	4	5	7	9	10	12	22	24	25	26	27	34	36	37	48	54	55	56	58	81	#
98	1375.91	1	2	3	8	9	15	23	25	27	38	39	42	43	44	46	47	49	50	51	55	61	81	#
99	1361.44	0	1	3	6	12	13	17	22	25	26	28	43	44	45	46	47	49	50	55	58	60	81	#
100	1359.36	0	1	3	9	14	19	23	24	26	31	35	37	44	49	54	55	56	58	59	60	63	81	#
101	1350.06	0	2	4	9	12	14	17	20	23	24	25	28	37	38	49	55	57	60	61	62	63	81	#
102	1345.06	6	9	13	17	25	26	28	29	32	37	38	39	42	43	44	46	49	55	57	58	63	81	#
103	2244.95	0	1	4	5	7	10	12	13	14	16	17	19	20	21	24	27	28	29	31	32	34	35	36	40	42	44	46	47	50	51	56	57	60	82	#
104	2620.83	1	3	6	8	9	10	11	12	13	14	17	18	20	21	27	30	31	32	34	35	37	39	40	41	42	47	48	52	58	59	60	61	63	82	#
105	2469.62	0	1	2	5	7	8	11	12	14	16	17	18	20	21	22	23	24	28	30	31	32	33	35	39	41	42	44	47	50	56	60	61	62	82	#
106	2418.5	0	3	5	6	7	9	10	11	13	14	16	17	22	23	24	29	30	31	32	35	39	40	41	42	43	45	46	47	58	59	60	61	63	82	#
107	2407.57	3	4	5	7	11	12	13	14	18	19	20	21	22	26	29	30	31	32	33	34	36	41	42	43	44	47	48	49	56	57	58	60	61	82	#
108	2407.44	4	5	6	7	9	12	14	16	19	20	21	22	23	26	29	30	32	33	34	36	39	44	45	47	48	49	51	53	55	57	58	60	61	82	#
109	158.888	16	19	34	36	43	83	#
110	198.963	25	41	43	50	60	83	#
111	732.747	2	8	16	24	30	31	33	54	84	#
112	705.001	3	8	29	30	31	41	56	63	84	#
113	688.472	0	24	30	34	41	45	49	56	84	#
114	655.999	0	2	3	20	30	39	43	51	84	#
115	633.997	24	29	31	35	43	47	49	54	84	#
116	603.318	30	33	37	38	43	46	47	52	84	#
117	427.172	18	29	46	58	61	85	#
118	462.875	3	18	42	58	61	85	#
119	380.401	5	13	29	58	63	85	#
120	361.457	3	29	44	47	58	85	#
121	332.168	7	11	21	22	61	85	#
122	313.745	2	15	22	46	58	85	#
123	97.5581	0	19	55	86	#
124	112.574	12	30	55	86	#
125	57.4013	0	4	38	86	#
126	578.102	3	18	25	27	29	30	41	61	87	#
127	770.683	2	20	23	28	30	34	45	53	87	#
128	695.091	6	8	14	25	32	52	58	62	87	#
129	610.412	2	3	6	8	21	32	49	61	87	#
130	599.602	18	21	22	25	34	35	41	61	87	#
131	592.659	13	14	20	22	29	33	48	49	87	#
132	78.2875	28	#
133	288.59	19	23	62	88	#
134	289.72	19	30	49	88	#
135	262.846	35	41	62	88	#
136	187.887	5	23	46	88	#
137	666.256	1	7	9	11	17	20	23	29	37	45	60	89	#
138	855.395	3	9	21	33	43	45	46	52	59	62	63	89	#
139	838.486	7	8	10	18	20	21	24	45	58	59	60	89	#
140	822.946	1	2	42	45	47	48	55	56	58	59	62	89	#
141	814.027	19	20	23	30	39	40	41	43	46	49	55	89	#
142	812.881	5	7	18	19	30	32	34	48	49	51	52	89	#
143	202.491	20	50	90	#
144	185.863	7	20	90	#
145	142.155	3	50	90	#
146	235.104	8	36	46	91	#
147	264.374	8	24	56	91	#
148	249.126	12	36	40	91	#
149	236.653	20	46	63	91	#
150	269.466	12	14	18	36	43	92	#
151	280.9	22	35	36	48	55	92	#
152	258.76	14	19	31	38	58	92	#
153	229.66	12	16	17	24	59	92	#
154	201.204	23	36	43	55	61	92	#
155	142.41	2	9	93	#
156	125.033	5	9	93	#
157	105.39	2	36	93	#
158	131.573	61	#
159	1396.08	3	5	8	9	13	17	27	33	36	41	43	45	47	54	56	57	60	62	94	#
160	1576.68	2	3	5	8	9	11	13	20	24	33	35	41	47	51	52	56	57	62	94	#
161	1505.36	0	2	8	11	12	19	20	25	27	33	35	36	48	53	56	58	62	63	94	#
162	1424.07	8	13	17	18	24	27	31	33	35	36	38	41	42	48	49	52	56	57	94	#
163	1387.83	3	14	15	19	20	23	26	32	35	37	41	42	50	53	54	55	57	62	94	#
164	1375.39	3	5	8	11	12	15	19	35	36	37	42	45	47	48	53	56	60	63	94	#
165	2728.65	0	2	3	5	6	7	9	10	11	12	13	14	15	17	19	21	22	25	27	28	29	31	37	38	39	40	41	42	43	45	46	47	50	52	57	58	59	61	62	63	95	#
166	2958.83	0	2	5	6	7	8	9	10	11	12	13	14	15	18	20	21	22	25	26	27	29	33	35	36	37	39	40	41	43	45	46	47	50	52	54	56	57	58	61	62	95	#
167	2842.97	2	3	6	7	8	9	10	11	13	15	17	19	20	21	22	23	25	26	28	29	31	37	39	41	42	46	47	48	50	51	52	53	54	56	57	58	60	61	62	63	95	#
168	2822.15	0	3	4	6	7	9	10	11	12	13	14	15	17	19	21	22	23	25	26	27	29	31	33	38	40	41	42	43	46	47	50	52	53	54	56	57	58	61	62	63	95	#
169	2811.86	1	2	4	6	7	8	9	10	11	12	13	14	15	17	20	21	22	23	25	26	29	31	37	39	40	41	43	46	47	48	50	51	52	54	56	58	60	61	62	63	95	#
170	2804.74	0	2	3	5	6	7	8	9	10	11	13	15	17	20	21	22	23	25	26	28	29	33	37	39	40	41	43	45	46	47	48	50	52	53	55	56	57	61	62	63	95	#
171	164.485	3	13	56	96	#
172	229.987	33	34	56	96	#
173	167.932	13	29	41	96	#
174	83.5613	3	40	46	96	#
175	125.15	52	#
176	898.32	0	11	13	18	26	27	41	43	48	49	51	53	58	61	62	97	#
177	1265.22	4	8	13	18	21	24	31	32	33	46	51	57	61	62	63	97	#
178	1252.04	8	9	13	18	19	20	32	33	34	35	43	45	49	53	57	97	#
179	1165.55	0	1	4	7	13	21	26	27	29	33	35	38	51	56	62	97	#
180	1107.74	3	6	8	10	12	14	19	21	24	27	30	44	53	56	57	97	#
181	1060.88	5	10	11	18	21	24	26	31	38	39	47	49	50	61	63	97	#
182	668.455	9	13	16	28	32	37	42	46	49	55	98	#
183	776.071	6	11	13	18	22	28	31	46	52	59	98	#
184	730.741	12	15	22	24	28	35	38	42	52	54	98	#
185	675.483	9	14	27	28	29	32	41	43	45	55	98	#
186	640.42	11	13	24	28	37	47	48	54	60	63	98	#
187	638.276	4	9	16	19	22	31	38	45	59	61	98	#
188	2487.6	2	3	5	6	8	10	11	12	15	16	17	18	19	20	22	25	28	29	31	32	33	34	35	36	38	39	40	41	42	43	46	48	49	50	51	52	53	55	58	59	60	61	62	63	99	#
189	2768.56	0	2	3	5	6	7	8	10	11	12	13	14	16	17	19	22	25	27	28	29	31	32	33	35	38	40	41	42	43	45	46	47	48	49	50	51	52	54	55	56	57	61	62	63	99	#
190	2708.2	0	2	3	5	6	10	11	12	13	16	17	19	22	25	27	28	29	30	31	32	33	34	35	36	39	40	41	42	43	46	47	48	49	50	51	52	53	55	56	57	59	61	62	63	99	#
191	2689.23	2	3	5	6	8	10	11	12	13	16	17	18	22	23	25	27	28	29	30	31	32	33	35	36	38	39	40	41	42	43	46	47	48	49	50	51	52	55	58	59	60	61	62	63	99	#
192	2678.23	2	3	5	6	8	9	10	11	13	15	16	17	18	20	22	23	25	28	29	31	32	33	35	36	38	39	40	41	42	43	45	46	47	48	49	50	51	52	55	57	59	61	62	63	99	#
193	2670.1	0	2	3	5	6	9	10	11	12	13	15	16	17	20	22	25	27	28	29	31	32	33	35	36	38	39	40	41	42	43	46	47	48	49	50	52	55	56	57	59	60	61	62	63	99	#
194	610.317	3	14	23	50	60	61	62	100	#
195	663.124	8	11	23	40	49	50	52	100	#
196	594.059	11	23	36	45	52	62	63	100	#
197	568.456	5	14	17	20	23	50	56	100	#
198	474.616	19	23	24	45	53	55	56	100	#
199	423.484	34	36	39	53	55	60	62	100	#
200	277.436	5	11	24	28	55	101	#
201	350.753	6	9	11	21	27	101	#
202	240.054	1	10	14	24	52	101	#
203	209.271	36	40	41	52	55	101	#
204	153.868	5	16	36	41	44	101	#
205	1102.33	0	1	2	4	12	15	17	18	23	33	37	41	42	43	46	47	48	50	55	57	58	102	#
206	1590.98	0	8	12	23	26	34	41	42	44	45	46	47	49	54	55	58	59	60	61	62	63	102	#
207	1552.17	0	2	5	6	8	9	10	17	21	22	29	30	35	41	44	45	46	47	49	50	54	102	#
208	1550.19	0	2	4	5	8	9	12	15	21	26	31	33	36	41	45	48	49	50	58	59	60	102	#
209	1549.13	2	7	8	11	12	14	20	27	31	34	35	36	42	46	49	50	55	58	59	60	62	102	#
210	1542.29	0	2	7	15	18	21	26	27	29	30	33	35	43	46	49	50	51	55	58	59	62	102	#
211	210.145	33	35	48	56	58	103	#
212	288.843	5	8	25	40	56	103	#
213	268.386	9	33	54	58	63	103	#
214	216.33	14	19	41	55	58	103	#
215	970.433	6	8	9	24	25	28	29	30	33	37	40	45	48	50	55	58	104	#
216	1206.21	3	7	11	22	30	31	35	39	40	42	45	46	48	49	55	63	104	#
217	1187.42	3	11	12	19	33	35	39	40	47	48	49	50	52	59	60	62	104	#
218	1114.12	2	4	16	27	29	32	35	38	39	40	49	52	54	55	59	63	104	#
219	1077.33	3	6	7	8	12	25	31	33	37	38	40	47	50	52	54	55	104	#
220	1046.76	4	6	19	22	29	32	33	35	39	40	46	49	50	56	60	63	104	#
221	950.821	3	5	12	23	28	31	42	44	47	50	61	105	#
222	917.242	8	16	18	20	23	25	33	35	42	50	59	105	#
223	854.082	8	15	18	25	28	33	39	46	47	61	62	105	#
224	802.403	0	10	12	15	18	20	21	35	40	50	57	105	#
225	799.64	0	8	11	24	36	42	44	50	59	60	61	105	#
226	792.6	18	26	30	42	44	47	58	59	60	61	62	105	#
227	116.258	23	#
228	416.875	2	4	10	11	18	47	55	106	#
229	612.81	6	10	11	13	14	39	61	106	#
230	505.528	7	35	41	43	47	49	62	106	#
231	476.605	10	11	13	45	49	55	56	106	#
232	417.535	2	6	7	11	28	57	58	106	#
233	378.982	2	3	6	10	18	29	43	106	#
234	762.319	0	4	7	11	14	19	21	25	36	54	56	107	#
235	907.663	0	6	7	8	21	24	39	42	47	56	58	107	#
236	877.641	6	7	14	18	19	22	35	39	56	58	61	107	#
237	850.97	0	7	14	18	34	44	45	47	50	56	60	107	#
238	842.641	4	7	8	11	16	25	34	39	41	45	53	107	#
239	836.06	12	14	17	21	24	34	36	47	50	56	61	107	#
240	581.227	19	20	28	31	46	47	50	108	#
241	714.819	28	32	35	45	46	52	60	108	#
242	635.579	17	31	35	47	50	52	62	108	#
243	618.796	2	20	21	28	31	34	41	108	#
244	586.984	0	20	42	43	45	52	62	108	#
245	578.105	16	19	20	21	31	46	57	108	#
246	125.598	1	15	55	109	#
247	159.478	0	1	46	109	#
248	122.481	12	15	55	109	#
249	625.883	4	6	11	23	28	39	50	62	110	#
250	710.866	3	8	28	29	30	39	47	63	110	#
251	698.856	35	38	41	47	48	53	54	62	110	#
252	592.508	6	7	11	28	29	41	42	62	110	#
253	538.268	3	12	39	40	41	49	50	51	110	#
254	513.886	14	17	23	32	33	48	49	63	110	#
255	278.41	27	39	49	111	#
256	332.774	39	42	61	111	#
257	274.935	27	35	49	111	#
258	256.564	14	32	49	111	#
259	920.92	9	13	22	23	24	25	36	37	39	42	44	50	51	55	112	#
260	1151.83	2	5	6	9	13	14	26	28	30	34	36	39	44	55	112	#
261	1071.32	0	5	13	14	17	22	23	25	34	37	39	42	51	61	112	#
262	1029.81	0	6	19	25	27	30	32	39	44	49	51	55	57	61	112	#
263	1021.35	9	13	22	25	29	32	36	39	43	44	45	46	50	62	112	#
264	968.648	0	13	14	15	19	22	29	36	37	39	59	60	61	62	112	#
265	63.1649	31	#
266	1354.44	0	1	4	7	9	15	21	27	33	35	42	45	47	48	54	56	60	63	113	#
267	1435.16	0	9	11	13	15	20	31	33	34	39	42	45	48	50	53	56	60	62	113	#
268	1406.43	0	1	2	7	8	13	15	18	20	29	30	32	34	39	40	55	56	63	113	#
269	1346.35	0	3	5	9	12	13	14	21	23	24	26	33	39	51	56	60	62	63	113	#
270	1323.59	0	12	13	15	18	20	21	23	24	29	32	34	35	43	48	49	55	57	113	#
271	1319.18	0	2	8	9	11	14	17	23	31	39	40	42	46	47	50	51	55	63	113	#
272	208.519	5	25	49	114	#
273	279.931	25	49	52	114	#
274	197.488	9	48	49	114	#
275	189.651	5	29	33	114	#
276	394.046	0	11	16	24	30	36	45	60	115	#
277	590.355	0	8	9	14	27	38	42	57	115	#
278	585.816	4	7	10	24	38	45	47	54	115	#
279	585.488	7	10	11	28	31	41	42	53	115	#
280	564.474	4	10	11	14	19	20	36	62	115	#
281	513.539	0	11	13	14	31	41	50	60	115	#
282	262.815	30	58	60	116	#
283	241.121	23	26	60	116	#
284	208.394	30	41	55	116	#
285	181.811	29	55	58	116	#
286	2063.46	0	3	5	7	10	13	14	17	18	20	21	22	25	28	29	30	33	36	37	39	40	44	45	46	49	51	55	60	61	62	117	#
287	2214.22	0	1	6	7	13	17	18	20	21	22	23	25	26	30	33	35	36	39	42	44	45	46	53	54	55	56	57	61	62	63	117	#
288	2212.46	3	6	7	8	10	13	15	18	19	21	22	28	29	31	32	35	36	40	41	42	45	46	47	49	51	53	54	56	61	62	117	#
289	2193.26	0	1	3	6	8	12	14	17	18	20	21	22	25	28	30	31	32	33	37	40	41	42	44	45	46	51	55	61	62	63	117	#
290	2140.06	0	3	5	6	7	10	12	13	14	16	17	18	19	20	21	23	25	32	33	40	42	44	45	46	52	56	57	61	62	63	117	#
291	2121.05	0	3	5	7	8	10	13	15	17	19	21	22	23	31	32	34	36	39	43	45	47	49	50	51	54	56	57	61	62	63	117	#
292	451.664	13	16	27	50	60	118	#
293	372.895	10	20	36	39	50	118	#
294	307.877	13	16	25	36	60	118	#
295	303.836	14	22	35	56	60	118	#
296	259.671	22	27	37	50	51	118	#
297	244.003	13	17	24	26	38	118	#
298	163.953	7	47	119	#
299	151.81	7	41	119	#
300	144.564	47	53	119	#
301	169.797	19	27	120	#
302	200.718	27	49	120	#
303	909.875	8	10	20	24	25	29	30	32	47	48	55	61	121	#
304	905.246	3	7	10	13	21	26	32	37	46	50	55	62	121	#
305	888.09	0	17	20	22	28	30	35	42	53	55	60	62	121	#
306	876.588	7	20	24	25	28	30	32	37	39	50	51	55	121	#
307	868.196	4	13	14	22	24	25	28	32	38	46	60	61	121	#
308	846.259	4	7	12	18	20	25	32	39	46	50	55	59	121	#
309	119.58	10	55	122	#
310	149.71	32	55	122	#
311	131.213	10	18	122	#
312	1530.77	0	2	3	6	8	21	23	25	26	27	28	33	36	37	40	48	49	52	54	60	63	123	#
313	1584.66	0	2	3	7	8	13	16	18	19	20	21	22	26	27	37	40	42	44	45	48	49	123	#
314	1523.65	0	1	2	3	4	13	18	20	22	23	25	27	31	33	36	37	38	50	52	54	62	123	#
315	1505.44	0	1	2	3	8	15	18	25	26	29	31	35	45	46	48	50	52	57	58	62	63	123	#
316	1493.44	2	3	7	21	22	25	27	31	34	36	37	39	44	45	48	49	50	51	53	54	63	123	#
317	1492.57	0	1	2	3	6	12	14	24	26	35	37	38	42	44	46	49	50	52	54	62	63	123	#
318	121.282	33	41	44	124	#
319	165.046	2	41	52	124	#
320	423.946	20	39	47	61	125	#
321	352.766	2	19	20	40	125	#
322	348.608	28	29	39	52	125	#
323	264.225	16	47	59	62	125	#
324	222.743	35	43	55	61	125	#
325	559.461	15	34	39	45	52	57	126	#
326	528.705	7	19	34	35	39	49	126	#
327	460.325	15	25	29	50	52	57	126	#
328	451.489	8	11	39	40	49	57	126	#
329	450.666	14	34	39	40	48	61	126	#
330	331.273	11	13	15	20	36	53	126	#
331	1196.86	0	3	4	6	11	13	14	17	20	22	24	28	35	48	50	53	57	59	61	127	#
332	1296.6	4	7	9	10	14	15	19	22	23	25	35	38	42	45	50	53	55	59	63	127	#
333	1286.14	0	5	11	13	14	15	25	27	28	35	42	45	50	51	54	55	57	62	63	127	#
334	1274.75	4	6	14	15	18	22	23	24	28	29	34	37	38	42	49	50	54	55	56	127	#
335	1274.17	3	7	8	13	15	17	20	22	24	26	28	35	44	49	50	56	57	58	61	127	#
336	1274	3	7	8	10	12	13	20	23	25	37	39	41	44	47	48	50	55	62	63	127	#
337	805.426	2	5	10	15	18	25	29	30	32	41	44	47	128	#
338	1006.68	10	11	25	29	35	37	40	45	47	50	57	61	128	#
339	931.49	5	12	17	28	29	30	37	44	45	51	58	61	128	#
340	881.194	2	10	15	19	28	30	37	41	44	47	56	58	128	#
341	844.302	2	3	5	17	37	40	47	50	51	53	56	58	128	#
342	839.702	2	6	9	17	23	29	44	50	51	58	60	61	128	#
343	200.885	9	33	40	56	129	#
344	298.854	21	33	49	53	129	#
345	270.99	27	51	56	59	129	#
346	214.147	1	12	19	40	129	#
347	896.307	14	15	17	21	23	36	37	39	42	44	48	50	52	63	130	#
348	1166.63	4	9	13	14	16	20	30	32	36	39	48	53	55	62	130	#
349	1080.46	2	6	15	16	17	24	30	31	36	40	41	42	53	63	130	#
350	1027.32	0	5	6	17	18	28	30	32	36	39	40	41	42	50	130	#
351	1026.79	0	4	14	15	20	23	25	39	42	44	49	53	55	63	130	#
352	964.209	0	4	10	12	13	15	21	22	24	31	39	40	44	54	130	#
353	80.9461	4	8	#
354	1681.91	5	9	10	11	13	15	17	19	20	22	23	25	26	32	34	37	38	40	44	47	54	55	56	57	58	131	#
355	1986.34	1	4	5	6	9	12	21	24	25	26	27	28	30	31	32	34	35	37	39	44	45	49	53	56	59	131	#
356	1956.7	1	2	5	8	9	10	11	13	15	19	23	26	28	30	32	34	35	37	38	40	41	44	45	49	59	131	#
357	1952.14	2	3	6	9	11	12	13	14	19	23	24	30	31	32	35	40	43	44	45	53	54	56	59	60	63	131	#
358	1944.08	2	3	4	6	13	14	19	25	28	30	31	34	35	36	37	44	45	48	50	52	54	55	57	58	59	131	#
359	1903.64	2	3	6	7	10	11	12	14	19	22	24	28	32	33	34	35	44	45	47	48	52	53	54	58	59	131	#
360	445.509	1	4	9	18	19	22	31	55	57	132	#
361	627.338	1	6	24	27	32	35	45	57	58	132	#
362	611.695	1	4	13	23	26	28	48	52	63	132	#
363	590.71	0	9	18	19	21	24	27	45	56	132	#
364	530.791	6	9	11	17	25	29	31	43	63	132	#
365	527.938	1	4	6	9	19	43	45	55	63	132	#
366	241.637	23	40	59	133	#
367	280.013	9	12	59	133	#
368	227.712	22	23	30	133	#
369	204.216	32	37	40	133	#
370	129.843	2	48	#
371	74.0836	48	#
372	888.37	3	6	9	14	24	26	29	37	40	41	50	52	62	136	#
373	1159.73	0	6	12	29	34	35	37	44	46	47	49	50	56	136	#
374	1146.78	0	3	31	34	35	37	40	46	47	49	50	52	63	136	#
375	943.47	2	5	16	28	29	34	37	41	47	50	52	61	63	136	#
376	901.751	0	7	8	24	26	28	29	30	31	37	40	59	63	136	#
377	898.477	2	6	26	34	36	37	40	44	48	50	52	56	58	136	#
378	94.2618	40	41	137	#
379	91.0373	41	60	137	#
380	1602.08	0	1	10	11	14	22	24	25	27	31	33	34	36	38	39	45	46	48	52	53	54	55	58	59	61	63	138	#
381	2108.65	3	4	6	9	10	11	13	14	18	21	24	27	29	30	31	34	35	37	38	39	43	50	52	55	61	63	138	#
382	1937.63	11	13	14	15	18	20	21	23	25	27	30	33	34	36	37	38	39	44	45	51	53	56	57	58	61	62	138	#
383	1936.04	4	6	7	9	10	12	13	14	17	18	21	23	25	29	33	34	35	36	37	47	48	52	59	60	61	62	138	#
384	1918.73	0	1	4	8	9	11	12	14	18	21	23	25	31	33	35	36	37	39	44	46	52	53	57	58	61	62	138	#
385	1911.82	2	4	6	8	9	11	12	13	14	15	16	18	21	23	27	34	36	40	44	45	48	50	53	57	58	61	138	#
386	683.291	6	9	10	12	15	18	25	31	41	139	#
387	779.736	9	12	14	18	20	23	25	30	43	139	#
388	771.271	4	6	10	19	21	25	28	39	45	139	#
389	731.367	6	11	19	23	43	45	46	53	54	139	#
390	689.394	0	6	9	10	11	25	38	39	55	139	#
391	616.437	6	11	32	33	41	45	47	51	54	139	#
392	192.053	23	56	140	#
393	240.592	8	23	140	#
394	184.574	32	56	140	#
395	168.259	24	26	43	56	141	#
396	232.723	0	22	56	61	141	#
397	147.732	16	41	43	53	141	#
398	30.8307	4	24	46	55	141	#
399	473.782	0	3	15	35	39	50	52	57	59	142	#
400	614.684	17	25	34	39	41	48	53	57	60	142	#
401	614.126	0	3	5	24	26	42	44	54	57	142	#
402	610.106	0	2	11	25	28	46	53	57	59	142	#
403	605.6	25	34	36	40	41	52	54	58	62	142	#
404	579.606	0	2	3	34	48	52	57	58	61	142	#
405	1256.38	0	1	4	6	17	21	25	27	32	34	36	43	45	48	57	58	59	61	62	143	#
406	1566.79	5	6	7	8	11	12	23	24	28	29	31	37	39	42	43	51	57	61	62	143	#
407	1539.21	2	7	8	12	20	24	29	31	32	33	37	40	43	45	52	57	58	60	62	143	#
408	1465.67	2	3	5	6	10	18	20	27	29	33	39	44	49	51	53	57	60	61	63	143	#
409	1430.24	1	2	5	6	7	8	10	11	17	27	33	42	43	45	47	51	53	57	59	143	#
410	1423.64	2	3	4	5	6	7	10	32	36	37	45	47	50	51	57	58	60	62	63	143	#
411	50.8588	51	#
412	992.831	0	5	14	18	25	31	32	39	40	52	59	60	63	144	#
413	1172.28	5	8	16	23	27	31	33	34	44	49	59	60	62	144	#
414	1112.4	0	7	8	9	18	21	30	31	41	50	54	58	62	144	#
415	1100.73	0	6	13	18	24	31	33	39	43	46	52	61	62	144	#
416	1088.67	0	3	6	9	16	18	31	36	39	44	52	53	63	144	#
417	985.132	1	7	14	34	39	42	44	46	49	56	60	62	63	144	#
418	34.671	5	#
419	349.162	30	38	46	51	52	145	#
420	446.524	13	14	20	29	52	145	#
421	403.09	13	18	30	50	51	145	#
422	359.474	3	19	25	30	38	145	#
423	324.433	17	19	35	43	46	145	#
424	238.196	1	27	38	41	42	145	#
425	1442.66	5	8	10	11	12	20	30	34	36	39	43	47	50	54	55	56	61	63	146	#
426	1517.67	5	8	9	13	15	20	24	25	27	33	34	36	40	44	47	54	61	63	146	#
427	1498	1	6	12	14	18	20	23	27	30	32	33	34	36	42	43	45	46	63	146	#
428	1481.79	0	6	9	11	13	25	30	32	39	43	45	50	52	54	57	61	62	63	146	#
429	1456.52	2	8	9	12	14	15	16	17	27	30	34	39	40	43	45	56	57	63	146	#
430	1423.28	6	9	10	13	18	19	20	21	33	36	37	39	40	47	52	57	61	63	146	#
431	234.77	1	23	49	55	147	#
432	327.897	23	35	47	61	147	#
433	250.698	12	20	55	61	147	#
434	248.907	48	49	53	63	147	#
435	126.781	1	6	19	58	147	#
436	343.889	1	7	33	37	50	57	148	#
437	479.093	1	9	30	33	36	62	148	#
438	403.554	24	38	39	49	57	59	148	#
439	319.909	22	24	48	50	57	59	148	#
440	247.889	1	11	19	24	37	56	148	#
441	656.051	0	10	16	30	40	47	53	56	63	149	#
442	730.216	23	31	34	38	40	47	52	53	63	149	#
443	717.164	5	7	10	32	37	39	40	45	49	149	#
444	671.173	7	21	26	37	39	47	51	52	56	149	#
445	648.932	3	10	22	29	31	41	54	61	63	149	#
446	626.063	4	15	21	23	31	34	46	47	53	149	#
447	430.351	7	27	32	42	44	49	150	#
448	620.509	2	8	12	27	32	45	150	#
449	573.761	7	10	26	31	42	47	150	#
450	412.621	9	12	22	27	36	56	150	#
451	385.516	12	16	17	26	36	42	150	#
452	358.624	8	12	49	51	56	60	150	#
453	881.143	8	9	25	31	35	42	52	56	57	61	151	#
454	863.866	0	8	19	20	25	28	32	38	50	52	151	#
455	788.388	5	8	20	26	29	35	46	47	60	63	151	#
456	727.789	11	15	25	27	32	35	38	39	49	60	151	#
457	725.331	8	11	25	27	35	37	40	43	49	52	151	#
458	672.427	8	9	11	25	31	33	40	41	45	53	151	#
459	320.497	23	34	40	52	59	152	#
460	429.462	7	30	31	52	59	152	#
461	363.086	4	10	23	27	45	152	#
462	261.673	12	34	37	39	43	152	#
463	253.837	36	44	45	51	52	152	#
464	288.533	1	16	18	52	153	#
465	350.068	13	16	23	27	153	#
466	340.918	9	39	47	52	153	#
467	297.42	1	5	7	13	153	#
468	197.729	18	25	35	43	153	#
469	892.779	7	21	24	28	30	31	35	47	49	61	154	#
470	908.211	7	8	15	21	29	30	31	46	52	53	154	#
471	894.543	0	5	7	23	32	39	49	57	61	62	154	#
472	867.504	8	13	15	21	31	41	50	52	53	54	154	#
473	842.784	1	7	24	28	32	39	43	52	53	54	154	#
474	810.776	7	8	31	33	38	39	45	46	49	58	154	#
475	729.489	2	10	18	25	32	39	44	48	49	53	62	155	#
476	771.67	16	20	21	28	30	34	36	38	44	51	53	155	#
477	749.623	10	12	13	16	20	28	34	37	40	48	54	155	#
478	747.014	1	5	14	19	20	32	34	37	42	48	49	155	#
479	729.54	4	11	12	15	21	23	33	39	47	61	62	155	#
480	689.752	7	16	20	24	26	32	39	40	41	45	49	155	#
481	255.958	43	48	49	51	57	156	#
482	345.864	3	29	39	43	63	156	#
483	306.532	17	24	41	49	54	156	#
484	295.641	1	8	22	32	57	156	#
485	294.42	11	25	48	50	52	156	#
486	243.92	21	28	37	39	51	156	#
487	1414.74	0	3	4	5	6	13	23	28	29	39	44	49	50	51	52	53	56	57	58	60	61	157	#
488	1797.93	1	2	4	7	9	10	14	23	28	31	32	33	34	37	38	39	52	53	54	57	62	157	#
489	1765.9	6	7	10	12	13	14	19	22	23	29	33	34	41	44	45	46	49	52	53	56	61	157	#
490	1695.44	1	4	7	8	9	13	18	19	21	23	28	34	39	44	46	53	54	55	58	60	62	157	#
491	1656.33	0	1	2	6	7	9	13	14	23	25	26	29	31	32	34	38	41	49	54	56	58	157	#
492	1643.56	2	4	6	7	8	10	13	15	22	28	32	37	38	39	41	44	46	50	52	54	56	157	#
493	471.64	0	13	17	19	25	33	46	62	158	#
494	644.778	7	12	13	39	40	41	54	60	158	#
495	634.672	8	12	14	17	18	19	21	61	158	#
496	578.231	4	14	23	33	38	39	41	46	158	#
497	571.803	0	14	16	39	44	47	48	62	158	#
498	560.891	0	4	16	21	23	30	33	47	158	#
499	764.42	2	5	7	12	18	21	27	40	47	51	54	55	57	159	#
500	1056.63	0	11	12	16	17	20	25	26	34	39	40	45	52	159	#
501	995.349	5	19	20	21	22	24	34	47	49	50	52	54	59	159	#
502	947.348	2	8	11	14	18	21	24	27	28	32	53	57	59	159	#
503	938.418	7	8	10	11	14	21	22	24	26	32	53	55	63	159	#
504	894.55	0	7	12	17	18	19	27	31	32	34	49	56	59	159	#
505	1483.18	0	1	2	3	7	8	10	13	15	18	21	22	23	27	29	38	42	47	50	53	58	59	62	160	#
506	1772.55	1	2	4	5	6	8	14	15	20	21	22	27	30	32	35	37	40	44	45	50	58	60	63	160	#
507	1747.35	5	7	8	15	20	21	23	28	29	32	33	37	38	39	41	44	47	49	58	59	60	61	63	160	#
508	1705	3	5	7	8	9	13	15	20	21	23	27	29	34	35	40	45	46	49	50	51	58	60	63	160	#
509	1695.35	1	2	3	5	6	9	12	15	20	30	32	35	37	38	39	40	45	49	50	56	58	60	63	160	#
510	1688.19	1	2	6	7	8	10	14	23	29	31	32	34	35	38	39	40	45	47	50	51	55	59	63	160	#
511	1654.58	3	4	5	6	10	11	13	16	21	30	33	34	38	39	40	41	43	50	53	57	59	60	61	62	63	161	#
512	1889.67	6	7	8	10	12	13	16	20	22	24	27	30	31	32	35	36	37	41	42	47	49	53	55	57	63	161	#
513	1825.18	1	3	6	10	13	24	27	30	31	33	34	36	38	39	40	41	47	48	49	52	57	59	60	62	63	161	#
514	1823.6	1	7	10	13	14	15	16	21	22	24	30	31	32	35	37	39	42	47	52	54	55	57	58	60	61	161	#
515	1795.22	1	4	7	10	11	13	16	23	27	29	30	34	35	36	40	41	42	47	49	53	55	57	58	60	61	161	#
516	1782.92	2	5	6	9	12	13	16	19	22	27	30	31	32	36	38	41	42	47	48	49	55	57	58	61	63	161	#
517	823.157	1	2	3	7	8	11	16	20	30	44	55	59	162	#
518	996.889	2	8	10	21	28	33	42	44	45	50	59	62	162	#
519	958.205	6	8	9	13	16	17	29	41	50	52	57	61	162	#
520	916.706	11	33	37	39	43	45	49	50	52	53	57	61	162	#
521	895.899	3	5	6	10	13	44	45	51	52	53	55	61	162	#
522	887.463	6	7	24	26	30	34	39	40	49	51	52	59	162	#
523	163.414	6	47	163	#
524	182.233	6	23	163	#
525	161.476	7	47	163	#
526	823.351	0	4	10	17	26	31	32	34	40	43	50	51	54	56	164	#
527	1218.07	1	2	6	9	17	27	28	30	31	32	41	49	50	54	164	#
528	1121.43	1	7	8	9	13	21	27	30	31	33	37	39	52	61	164	#
529	1050.57	1	2	9	12	13	16	17	23	26	28	50	51	56	57	164	#
530	1046.05	1	7	10	12	19	25	26	27	30	32	38	50	56	57	164	#
531	1035.13	0	7	8	9	16	25	26	27	28	36	50	59	61	62	164	#
532	555.481	2	17	31	35	46	62	165	#
533	494.847	0	2	16	45	52	63	165	#
534	484.837	0	18	27	35	40	49	165	#
535	426.883	11	15	24	31	35	46	165	#
536	419.509	1	19	31	46	50	56	165	#
537	348.226	10	17	19	22	61	62	165	#
538	254.572	21	22	38	53	54	166	#
539	315.53	16	21	30	32	51	166	#
540	284.525	4	24	32	48	54	166	#
541	272.838	22	35	47	55	58	166	#
542	244.643	16	17	41	48	53	166	#
543	222.908	1	10	21	38	58	166	#
544	164.356	6	13	43	51	167	#
545	227.163	5	14	49	51	167	#
546	220.181	4	13	19	25	167	#
547	87.0791	0	26	43	56	167	#
548	81.1878	15	27	#
549	127.914	3	15	168	#
550	158.158	15	62	168	#
551	324.11	0	23	33	36	169	#
552	281.778	0	31	49	55	169	#
553	281.264	6	23	24	36	169	#
554	272.8	7	9	33	62	169	#
555	257.409	3	23	24	56	169	#
556	306.858	0	1	11	29	49	59	170	#
557	382.408	0	17	24	29	31	41	170	#
558	325.878	11	31	38	43	49	63	170	#
559	293.547	5	39	56	59	60	63	170	#
560	212.372	0	7	15	43	46	48	170	#
561	377.831	8	10	31	56	58	171	#
562	434.758	23	34	40	49	56	171	#
563	430.744	8	9	11	41	56	171	#
564	353.195	16	18	31	34	56	171	#
565	323.383	10	31	38	44	45	171	#
566	282.065	5	6	47	58	59	171	#
567	117.194	34	#
568	1528.61	4	9	10	14	16	20	21	25	27	29	31	32	38	43	44	46	50	51	56	58	59	62	172	#
569	1660.56	0	4	8	9	14	15	20	24	25	33	34	37	38	43	44	47	48	49	54	57	61	62	172	#
570	1645.02	3	4	7	9	10	13	14	16	19	20	23	25	30	33	36	42	48	54	55	56	61	62	172	#
571	1577.46	0	1	4	6	8	9	14	16	23	24	25	29	32	34	35	42	44	46	58	60	61	62	172	#
572	1567.83	4	9	10	14	16	19	20	21	24	25	28	29	31	36	39	42	45	49	55	56	58	61	172	#
573	1530.94	0	4	9	10	16	17	21	24	28	35	38	44	47	48	50	51	54	58	59	61	62	63	172	#
574	959.115	3	10	20	26	31	34	41	42	45	46	52	53	55	173	#
575	1065.24	16	18	28	31	33	36	41	42	48	52	54	57	62	173	#
576	999.346	0	12	18	24	29	31	33	46	48	50	51	52	54	173	#
577	928.29	4	10	20	23	24	25	31	34	40	46	51	54	56	173	#
578	904.054	3	7	10	20	28	33	34	38	40	41	42	47	53	173	#
579	856.328	1	13	15	19	22	23	28	39	41	46	49	52	60	173	#
580	859.617	0	1	2	8	9	17	32	36	43	50	61	174	#
581	1041.73	0	2	5	25	27	29	39	53	54	57	61	174	#
582	995.129	2	8	20	27	30	32	34	36	41	46	62	174	#
583	982.46	1	2	8	14	15	27	36	41	52	54	61	174	#
584	954.827	0	1	2	9	14	23	26	27	31	44	61	174	#
585	934.117	0	8	25	26	34	36	39	44	52	57	62	174	#
586	97.7516	15	44	#
587	862.628	1	6	9	10	23	26	28	29	34	37	59	60	175	#
588	989.708	8	11	20	22	29	31	32	34	42	50	57	60	175	#
589	983.161	8	13	19	23	29	32	49	50	56	59	60	61	175	#
590	946.232	1	2	8	9	11	13	20	31	42	57	58	61	175	#
591	920.712	8	21	25	28	30	31	33	34	41	45	49	59	175	#
592	839.898	1	6	9	10	17	20	22	27	31	41	42	45	175	#
593	187.512	6	23	25	176	#
594	231.986	3	23	26	176	#
595	226.451	25	56	61	176	#
596	208.39	6	17	62	176	#
597	592.81	11	17	24	36	39	45	52	57	59	177	#
598	753.38	2	3	6	8	10	54	56	57	59	177	#
599	695.379	0	8	36	45	48	49	50	54	59	177	#
600	675.933	4	8	15	16	17	30	54	56	61	177	#
601	666.713	0	8	17	30	39	41	45	55	59	177	#
602	643.207	9	16	26	28	30	31	35	38	57	177	#
603	1042.26	2	3	9	13	18	20	22	26	29	44	45	58	60	178	#
604	1265.65	2	8	11	12	20	21	27	29	39	44	45	46	52	178	#
605	1099.84	3	9	12	15	21	22	32	39	45	46	52	57	58	178	#
606	1094.05	8	15	18	22	24	26	28	32	45	46	49	54	58	178	#
607	1067.22	2	18	20	24	26	31	33	42	56	57	58	59	61	178	#
608	1024.31	2	8	13	18	24	35	40	45	51	52	56	58	60	178	#
609	163.771	12	43	56	179	#
610	198.353	4	8	12	179	#
611	190.521	32	56	58	179	#
612	101.816	43	52	57	179	#
613	54.5409	60	#
614	142.641	3	28	180	#
615	180.213	9	28	180	#
616	71.2392	3	7	180	#
617	328.034	0	3	8	15	16	46	48	181	#
618	428.231	10	13	15	29	40	47	52	181	#
619	408.927	19	28	29	39	46	54	60	181	#
620	377.324	0	17	20	30	36	46	63	181	#
621	344.798	0	2	16	17	22	30	61	181	#
622	340.434	3	11	32	37	43	62	63	181	#
623	282.464	14	27	35	182	#
624	186.9	28	35	63	182	#
625	161.553	19	27	37	182	#
626	985.088	3	5	14	18	21	27	34	36	39	44	48	54	63	183	#
627	1145.6	0	7	9	23	31	37	39	42	44	50	52	54	62	183	#
628	1128.39	0	8	14	23	27	31	36	37	42	48	49	54	62	183	#
629	1090.32	18	23	26	27	30	36	38	39	44	48	50	52	63	183	#
630	1039.83	0	3	11	13	14	18	27	29	34	36	44	54	61	183	#
631	980.497	2	6	8	15	18	25	26	27	33	35	36	52	54	183	#
632	196.699	17	37	46	51	184	#
633	280.008	0	7	37	51	184	#
634	257.424	22	35	46	60	184	#
635	118.764	0	17	24	63	184	#
636	733.021	10	11	13	16	18	25	27	31	41	44	46	51	63	185	#
637	1058.55	2	5	13	14	26	32	36	40	42	49	52	54	60	185	#
638	1043.29	2	22	25	27	31	32	35	45	49	53	57	60	63	185	#
639	1036.24	2	4	8	9	10	19	20	31	46	47	51	52	55	185	#
640	1004.71	5	7	8	10	11	15	16	19	20	27	28	31	54	185	#
641	1001.75	2	5	7	15	18	20	27	30	32	37	42	44	51	185	#
642	1014.53	4	6	13	16	19	20	24	48	52	54	55	57	61	62	186	#
643	1189.18	3	6	13	20	24	31	32	35	48	49	55	60	61	62	186	#
644	1125.48	3	7	9	17	19	29	32	39	50	55	57	60	61	62	186	#
645	1039.88	14	20	28	29	31	32	38	46	48	49	50	55	57	61	186	#
646	986.09	0	3	6	9	15	17	19	28	31	32	35	48	55	60	186	#
647	976.368	2	13	17	19	29	32	36	45	49	50	51	54	57	62	186	#
648	1383.05	2	3	4	12	15	24	25	28	29	34	35	37	45	46	48	49	52	53	58	60	61	187	#
649	1629.2	0	2	8	10	12	20	22	27	30	32	36	37	39	41	43	44	45	46	56	58	61	187	#
650	1547.76	0	2	3	4	12	13	14	18	19	20	26	28	29	30	36	43	53	54	56	60	61	187	#
651	1538.36	1	2	6	8	12	14	15	20	22	28	29	30	34	35	36	37	41	48	49	52	56	187	#
652	1530.37	1	3	5	6	10	12	20	25	27	30	31	32	44	45	46	50	54	56	57	58	63	187	#
653	1516.02	0	2	3	12	14	15	20	25	27	28	30	32	38	40	43	46	49	53	54	60	63	187	#
654	244.697	4	17	18	26	188	#
655	320.361	6	26	40	55	188	#
656	320.136	18	32	55	57	188	#
657	289.977	11	16	17	34	188	#
658	221.032	4	8	40	42	188	#
659	1294.62	2	4	9	15	16	18	19	20	23	24	25	32	37	38	39	46	49	54	55	59	61	189	#
660	1580.91	3	4	8	10	11	17	19	20	21	22	23	25	34	35	37	39	41	44	45	54	61	189	#
661	1556.14	3	4	9	10	18	19	20	21	22	23	25	29	35	37	39	44	49	50	54	55	61	189	#
662	1518.97	2	3	9	11	12	17	18	19	20	21	24	26	30	31	33	34	35	44	48	50	61	189	#
663	1469.31	3	6	8	9	10	11	17	18	21	24	27	30	32	33	37	39	48	49	54	55	57	189	#
664	1447.2	0	4	9	16	17	18	20	21	23	24	25	26	27	31	34	38	39	45	50	54	61	189	#
665	41.208	15	#
666	1626.56	4	6	9	11	13	14	16	17	18	20	23	25	28	36	37	39	41	44	47	52	53	54	55	57	60	63	190	#
667	2246.57	0	2	5	6	7	12	14	15	18	20	21	23	25	26	27	28	38	44	45	50	51	52	54	56	57	58	190	#
668	2085.94	2	5	6	7	14	15	16	17	20	23	24	26	28	30	32	36	38	39	41	44	47	52	54	55	56	58	190	#
669	2017.2	2	5	7	8	9	14	15	16	17	18	21	23	24	26	28	30	32	35	38	41	49	53	54	58	60	61	190	#
670	2017.14	2	3	5	7	9	12	14	15	16	17	18	21	23	24	26	28	30	32	37	40	41	45	47	56	62	63	190	#
671	2016.15	0	2	5	7	12	17	20	21	23	24	25	27	28	33	36	39	40	45	46	47	49	50	54	56	57	59	190	#
672	582.526	2	10	21	36	38	41	49	57	59	191	#
673	677.473	8	10	11	21	28	34	54	59	60	191	#
674	633.273	7	26	29	38	49	51	52	57	61	191	#
675	596.349	5	7	11	19	28	29	38	49	59	191	#
676	591.739	7	11	13	26	28	38	51	54	59	191	#
677	556.315	0	18	23	24	32	36	42	49	59	191	#
678	157.31	34	46	192	#
679	142.142	16	46	192	#
680	135.229	11	34	192	#
681	921.836	1	3	9	12	14	25	33	43	44	45	50	52	58	63	193	#
682	1134.79	0	11	12	25	26	28	34	35	36	41	50	52	57	58	193	#
683	1121.87	4	8	13	15	25	28	29	34	35	37	46	49	51	58	193	#
684	1085.33	0	8	9	12	15	17	25	28	34	36	37	52	54	56	193	#
685	1068.98	6	7	8	9	28	32	34	37	41	44	49	50	52	58	193	#
686	1041.5	0	6	8	9	17	24	25	31	34	41	51	52	58	63	193	#
687	677.163	8	9	14	28	30	39	42	194	#
688	690.276	12	14	30	33	40	54	61	194	#
689	628.745	21	24	34	35	37	42	61	194	#
690	608.124	0	14	28	32	34	56	61	194	#
691	536.933	4	10	25	37	39	54	58	194	#
692	496.919	10	12	14	26	38	61	63	194	#
693	47.5825	36	#
694	1112.73	2	3	5	8	11	17	23	24	26	28	37	45	47	48	50	53	62	63	195	#
695	1573.06	6	7	8	9	19	23	27	30	31	34	35	37	45	46	48	54	55	58	195	#
696	1465.37	4	13	19	22	24	27	30	34	37	38	42	45	48	52	54	56	61	62	195	#
697	1398.47	3	5	9	13	17	19	23	38	42	44	45	46	52	53	54	58	60	63	195	#
698	1396.1	8	9	11	12	13	15	17	20	23	27	33	37	38	42	45	56	60	63	195	#
699	1378.48	6	9	13	22	24	25	33	34	35	37	38	49	52	54	56	58	60	63	195	#
700	25.1683	24	#
701	1446.15	3	4	9	11	17	18	24	35	36	37	38	40	43	45	52	53	54	56	57	62	63	196	#
702	1674.35	3	8	10	11	15	16	19	21	24	30	31	32	38	40	43	45	46	47	49	53	57	196	#
703	1651.63	0	2	3	8	11	12	14	17	18	21	24	26	29	32	34	44	45	53	54	62	63	196	#
704	1637.16	3	4	8	9	11	21	26	27	36	37	45	47	48	49	51	52	53	54	55	57	62	196	#
705	1577.46	0	6	9	10	11	16	18	19	21	27	30	33	34	38	40	46	47	52	54	57	59	196	#
706	1573.52	8	11	12	17	18	19	21	24	32	36	42	43	45	46	47	49	50	54	57	61	63	196	#
707	820.011	4	5	11	15	32	41	44	45	52	53	54	62	197	#
708	1060.67	2	11	13	14	23	27	28	29	30	45	52	63	197	#
709	939.971	2	7	18	23	27	30	34	39	41	44	55	62	197	#
710	895.796	12	15	19	23	29	45	46	50	53	55	56	62	197	#
711	867.091	15	16	30	32	33	43	46	47	50	52	56	63	197	#
712	830.544	2	5	19	23	24	29	32	41	46	49	51	62	197	#
713	1269.28	3	11	14	16	20	24	31	33	34	36	39	41	42	43	46	48	52	54	61	198	#
714	1514.99	8	11	12	14	16	21	22	23	31	34	35	44	45	48	49	50	54	61	62	198	#
715	1428.44	2	4	8	9	14	21	22	23	27	31	35	36	39	42	44	50	54	60	63	198	#
716	1426.66	0	1	3	11	18	23	24	32	33	34	35	36	39	41	43	45	50	52	54	198	#
717	1422.32	1	21	23	24	31	34	42	43	45	46	47	48	50	51	52	53	54	56	63	198	#
718	1374.99	5	7	8	14	18	24	25	31	32	33	34	35	36	41	43	45	52	56	61	198	#
719	130.285	6	50	199	#
720	176.255	21	50	199	#
721	104.841	0	6	199	#
722	1526.09	0	3	8	9	10	18	21	25	33	34	36	37	46	47	50	52	56	61	62	200	#
723	1513.68	0	1	3	8	17	20	25	27	35	36	37	39	43	48	52	56	60	61	62	200	#
724	1477.59	2	3	8	15	17	20	27	28	29	34	36	37	38	41	46	47	56	61	62	200	#
725	1437.26	0	1	8	17	18	28	29	33	34	35	37	43	46	47	48	49	52	56	61	200	#
726	1409.06	24	26	27	28	29	31	33	34	37	38	41	43	49	50	52	53	56	61	62	200	#
727	1389.06	0	2	3	9	10	17	18	20	26	27	31	33	34	35	37	43	46	52	56	200	#
728	1578.62	0	1	2	8	10	11	15	16	17	18	19	21	23	24	27	32	36	42	44	46	49	52	53	55	56	63	201	#
729	1876.05	0	2	3	5	7	8	13	16	21	24	27	30	32	35	36	37	39	41	44	45	49	53	55	57	58	59	201	#
730	1787.79	0	2	4	7	8	10	17	18	21	22	24	27	30	31	32	35	39	40	42	46	48	49	59	60	62	63	201	#
731	1783.81	0	3	4	7	8	14	16	22	27	30	31	32	33	36	39	40	43	44	45	46	47	48	57	59	60	62	201	#
732	1779.63	0	1	2	3	7	8	10	14	16	17	18	25	27	32	33	35	37	40	45	48	49	53	56	58	59	60	201	#
733	1763.78	1	3	8	9	13	14	17	23	24	25	27	33	35	36	37	42	43	44	45	46	47	49	52	59	61	62	201	#
734	408.915	1	2	6	7	41	47	63	202	#
735	608.915	14	29	38	39	45	47	49	202	#
736	533.529	0	2	14	18	24	42	59	202	#
737	495.12	0	1	6	26	30	47	55	202	#
738	470.537	4	27	41	42	52	55	61	202	#
739	407.495	1	28	39	49	55	59	63	202	#
740	144.642	22	54	203	#
741	189.532	52	54	203	#
742	114.718	7	22	203	#
743	405.792	9	45	52	61	204	#
744	415.522	21	22	52	54	204	#
745	356.012	19	45	49	57	204	#
746	320.324	8	10	56	61	204	#
747	178.337	0	1	9	57	204	#
748	237.698	23	45	205	#
749	129.311	41	45	205	#
750	106.275	23	41	205	#
751	1600.78	0	3	4	7	10	14	17	18	20	32	34	36	40	41	43	44	45	46	48	50	51	53	54	57	58	60	62	206	#
752	1986.69	0	7	8	10	16	19	20	22	26	29	30	32	33	34	39	40	43	45	46	47	48	50	56	60	61	62	63	206	#
753	1921.48	3	7	8	10	14	15	17	18	20	22	26	29	30	35	45	46	47	48	50	51	53	54	55	56	59	61	62	206	#
754	1890.49	0	3	10	17	19	20	23	25	26	30	32	35	40	42	43	44	46	47	48	52	53	55	56	57	59	60	62	206	#
755	1857.32	0	4	7	10	11	19	20	21	23	25	30	33	36	43	44	45	46	47	48	50	52	54	59	60	61	62	63	206	#
756	1818.1	0	1	4	8	10	13	17	20	21	25	26	30	32	34	37	40	43	46	47	49	51	52	53	57	60	61	63	206	#
757	2190.42	0	1	2	4	5	6	7	9	10	12	13	14	15	16	17	18	23	24	25	27	29	36	38	40	41	45	47	48	49	51	53	56	58	59	60	61	62	207	#
758	2645.86	0	1	2	4	6	8	9	10	13	14	17	18	21	23	24	27	29	30	31	32	38	39	41	42	45	46	48	49	50	51	53	56	57	58	60	61	62	207	#
759	2621.81	0	2	3	4	5	8	9	10	12	13	14	15	17	20	21	23	27	29	31	33	34	38	40	41	42	45	46	49	50	51	53	57	58	59	60	61	62	207	#
760	2602.87	0	4	5	7	8	9	10	12	13	14	15	17	18	23	24	27	28	29	30	32	34	39	41	42	45	49	50	51	53	56	57	58	59	60	61	62	63	207	#
761	2598.78	2	5	6	7	8	9	10	12	13	14	15	16	19	21	23	27	29	30	33	34	38	40	41	42	43	44	45	46	49	50	51	56	57	58	59	62	63	207	#
762	2576.72	1	2	3	4	5	6	9	10	12	13	14	16	19	21	23	24	25	27	29	30	34	35	36	38	43	45	46	49	50	51	53	56	58	59	61	62	63	207	#
763	187.613	37	44	59	208	#
764	141.739	7	38	59	208	#
765	131.307	28	37	51	208	#
766	170.661	61	63	209	#
767	180.751	37	61	209	#
768	145.667	46	63	209	#
769	594.137	5	6	9	11	19	20	23	36	43	57	210	#
770	687.344	2	10	19	22	34	39	44	46	50	57	210	#
771	653.227	6	17	25	36	39	42	43	48	57	63	210	#
772	644.197	15	19	28	37	39	42	43	50	51	57	210	#
773	643.946	10	19	20	25	31	34	36	48	54	55	210	#
774	638.324	3	5	15	17	20	28	30	37	42	45	210	#
775	714.496	3	10	21	22	24	25	32	39	46	49	50	211	#
776	993.557	0	2	14	23	29	34	38	45	46	50	61	211	#
777	867.508	1	2	10	14	21	32	39	41	46	47	61	211	#
778	830.176	0	1	7	10	11	14	38	39	43	45	62	211	#
779	811.674	12	15	20	25	28	29	34	46	59	62	63	211	#
780	790.142	0	2	3	7	9	14	21	22	30	51	62	211	#
781	1533.83	0	10	11	13	23	24	28	29	34	35	39	40	48	49	54	59	61	62	63	212	#
782	1544.85	3	8	12	13	19	20	21	23	26	33	34	38	40	45	46	48	59	60	61	212	#
783	1499.35	0	3	5	13	14	15	23	27	29	35	39	40	41	43	45	49	61	62	63	212	#
784	1448.6	0	3	7	10	11	12	14	21	23	27	28	41	45	46	54	56	59	61	63	212	#
785	1448.33	3	11	14	15	19	21	28	31	39	40	41	44	45	47	49	59	61	62	63	212	#
786	1419.06	0	11	14	15	22	23	24	28	29	35	39	41	44	45	46	49	55	60	62	212	#
787	329.965	34	35	46	47	54	213	#
788	435.359	19	20	38	42	54	213	#
789	410.539	7	13	40	46	49	213	#
790	332.991	21	22	34	40	56	213	#
791	285.082	1	7	47	60	61	213	#
792	248.017	26	28	35	44	58	213	#
793	112.217	49	59	214	#
794	144.01	6	59	214	#
795	94.278	3	49	214	#
796	587.849	6	13	20	21	32	49	215	#
797	676.64	8	21	27	29	49	50	215	#
798	535.114	6	8	29	31	48	52	215	#
799	529.418	1	8	20	33	56	57	215	#
800	525.351	2	13	20	24	32	55	215	#
801	401.248	18	21	42	46	49	51	215	#
802	394.823	18	22	29	30	37	49	216	#
803	411.546	19	22	30	31	36	60	216	#
804	403.149	18	29	36	42	56	62	216	#
805	400.205	22	54	57	59	61	63	216	#
806	380.963	6	18	19	43	44	61	216	#
807	318.896	0	7	11	34	44	49	216	#
808	801.205	7	10	18	20	31	34	35	36	40	43	48	51	52	55	56	59	217	#
809	1142.15	2	3	9	10	11	15	25	28	35	37	39	40	41	45	52	58	217	#
810	1107.41	0	3	6	10	13	15	21	22	32	34	37	40	41	48	49	52	217	#
811	1062.13	9	12	15	21	22	23	25	28	37	38	42	47	48	57	62	63	217	#
812	1061.03	6	15	16	17	18	20	21	25	28	36	37	39	41	45	46	54	217	#
813	1031.35	0	1	8	18	20	23	32	33	40	41	43	45	46	51	52	55	217	#
814	633.385	3	9	23	31	32	40	46	60	218	#
815	770.628	6	16	31	34	40	41	42	61	218	#
816	710.786	2	5	8	29	32	34	35	38	218	#
817	693.194	2	6	18	26	28	40	60	61	218	#
818	598.612	9	10	18	29	36	41	46	61	218	#
819	597.625	3	5	7	9	13	16	20	56	218	#
820	1083.47	0	4	5	8	10	13	16	17	22	24	31	34	37	40	41	48	51	52	58	219	#
821	1395.72	2	4	6	8	16	18	20	25	26	30	34	36	37	41	45	52	56	58	59	219	#
822	1378.47	1	2	6	8	10	14	24	25	26	27	30	33	36	37	39	42	49	51	57	219	#
823	1359.42	1	2	8	13	16	24	25	26	31	32	36	37	42	49	50	56	58	59	60	219	#
824	1314.94	2	4	20	25	31	32	34	36	41	45	46	47	49	50	51	52	55	59	60	219	#
825	1314.27	2	6	10	12	20	22	23	24	30	32	36	37	40	42	43	44	52	58	61	219	#
826	145.042	40	49	220	#
827	154.433	40	57	220	#
828	90.857	38	49	220	#
829	1434.88	0	3	7	10	11	12	13	16	26	31	32	34	45	48	54	56	57	61	221	#
830	1442.05	0	2	3	10	11	13	20	22	28	29	34	37	45	54	57	58	61	62	221	#
831	1352.63	2	6	8	10	11	12	13	19	22	32	34	40	50	54	56	57	58	59	221	#
832	1327.2	0	3	6	10	11	14	17	19	21	22	24	32	37	41	43	45	48	54	221	#
833	1302.53	0	3	7	14	18	20	22	31	32	34	43	45	47	49	53	54	55	60	221	#
834	1279.99	2	3	5	8	9	11	14	15	20	21	25	34	41	43	54	55	57	61	221	#
835	187.642	45	58	63	222	#
836	211.49	32	56	63	222	#
837	470.075	0	7	13	34	46	49	52	223	#
838	521.961	8	13	19	28	34	47	49	223	#
839	482.313	3	8	21	29	34	52	59	223	#
840	456.39	6	7	28	38	39	52	60	223	#
841	405.326	13	16	17	24	38	46	52	223	#
842	355.055	7	19	31	37	42	46	55	223	#
843	74.3866	18	#
844	151.459	9	31	224	#
845	164.534	1	31	224	#
846	135.747	9	62	224	#
847	282.519	26	32	43	225	#
848	403.175	30	32	39	225	#
849	286.128	10	26	54	225	#
850	246.914	14	15	52	226	#
851	288.049	9	33	52	226	#
852	265.492	3	14	56	226	#
853	194.361	12	15	57	226	#
854	771.716	0	4	7	9	22	23	32	37	42	46	52	63	227	#
855	960.006	10	22	30	31	32	38	40	44	46	47	59	61	227	#
856	944.471	7	9	20	23	32	33	39	49	50	53	57	62	227	#
857	912.122	6	9	16	18	23	25	30	31	41	54	62	63	227	#
858	905.711	9	23	32	33	37	38	41	46	47	57	58	61	227	#
859	831.544	4	6	20	22	32	33	38	39	41	57	58	62	227	#
860	115.427	49	60	228	#
861	137.311	10	49	228	#
862	120.02	58	60	228	#
863	342.58	20	24	25	31	55	63	229	#
864	455.703	0	24	33	40	52	53	229	#
865	426.807	2	10	20	29	51	55	229	#
866	381.412	14	25	26	40	62	63	229	#
867	350.1	4	12	25	37	40	55	229	#
868	269.152	19	20	22	33	59	60	229	#
869	375.611	6	18	19	49	55	230	#
870	454.991	3	6	13	15	21	230	#
871	433.711	6	40	45	47	55	230	#
872	424.619	3	6	8	18	37	230	#
873	385.785	29	33	49	50	59	230	#
874	175.967	1	17	19	38	49	230	#
875	127.233	31	44	231	#
876	159.057	31	61	231	#
877	18.4118	44	56	231	#
878	541.027	8	18	20	21	23	41	232	#
879	585.426	5	8	12	23	40	57	232	#
880	444.474	6	13	17	39	41	58	232	#
881	425.69	9	21	22	39	60	62	232	#
882	413.922	4	13	15	20	25	39	232	#
883	403.93	8	10	36	39	44	55	232	#
884	931.048	3	7	18	20	33	34	47	48	50	57	58	61	233	#
885	915.552	7	18	23	26	30	35	42	48	50	58	59	61	233	#
886	882.684	3	14	21	25	29	32	34	40	43	47	48	58	233	#
887	882.669	2	4	9	10	18	22	27	33	34	48	50	61	233	#
888	872.871	3	8	11	14	20	24	28	30	33	39	52	58	233	#
889	872.337	7	9	17	27	28	29	30	39	43	47	49	53	233	#
890	457.447	18	26	38	49	52	61	234	#
891	493.15	2	5	31	33	38	54	234	#
892	492.822	10	12	19	26	50	55	234	#
893	444.518	7	36	48	50	52	53	234	#
894	426.557	0	6	8	26	49	53	234	#
895	364.634	5	44	48	49	58	61	234	#
896	138.517	2	58	63	235	#
897	142.66	25	32	58	235	#
898	137.631	2	4	12	235	#
899	722.329	1	6	14	20	41	45	49	57	58	236	#
900	780.817	4	13	14	20	24	39	43	57	58	236	#
901	742.167	1	7	14	20	34	43	49	52	58	236	#
902	707.87	0	7	13	20	30	45	53	58	63	236	#
903	707.182	1	12	14	23	24	27	29	33	39	236	#
904	691.655	8	19	20	27	43	57	58	61	62	236	#
905	1548.79	0	3	4	6	7	12	16	21	22	27	29	31	34	38	39	48	52	54	56	62	63	237	#
906	1654.85	1	5	7	8	14	20	24	26	29	31	34	39	41	47	50	52	54	56	57	60	62	237	#
907	1596.16	4	6	12	13	14	16	20	21	26	27	33	34	36	39	40	51	52	53	54	59	63	237	#
908	1524.65	0	3	4	7	11	14	15	19	21	22	27	33	36	37	39	40	52	53	54	56	62	237	#
909	1523.28	0	4	7	11	19	21	22	27	29	31	34	36	37	40	46	48	53	54	56	57	62	237	#
910	1496.32	1	3	4	11	14	19	21	23	26	31	34	36	39	40	41	45	46	54	55	58	63	237	#
911	343.512	9	34	43	49	60	238	#
912	446.959	14	27	37	38	49	238	#
913	395.659	3	5	21	43	45	238	#
914	394.285	5	6	9	12	26	238	#
915	350.06	23	34	37	54	56	238	#
916	329.445	13	23	29	59	60	238	#
917	351.907	2	22	25	46	55	61	239	#
918	478.41	2	31	38	49	50	61	239	#
919	476.378	2	3	9	25	29	45	239	#
920	399.651	0	42	46	49	51	55	239	#
921	378.963	9	13	15	28	44	46	239	#
922	377.884	0	5	14	16	22	42	239	#
923	477.142	6	13	23	26	44	240	#
924	419.419	10	13	16	24	29	240	#
925	405.039	3	6	32	56	58	240	#
926	403.322	25	27	31	32	44	240	#
927	319.975	6	26	36	43	44	240	#
928	174.966	10	19	23	40	55	240	#
929	373.966	3	30	46	49	241	#
930	413.76	3	13	14	37	241	#
931	315.075	30	41	44	49	241	#
932	309.722	12	34	49	58	241	#
933	268.741	7	29	46	49	241	#
934	635.013	1	6	8	26	30	53	54	56	242	#
935	678.885	11	12	17	26	30	41	42	49	242	#
936	678.874	8	23	31	40	53	54	56	60	242	#
937	553.924	2	3	4	23	30	47	53	58	242	#
938	548.391	8	11	23	25	34	44	54	60	242	#
939	510.646	1	4	9	10	12	17	42	53	242	#
940	623.499	3	13	15	16	18	28	31	46	53	60	243	#
941	802.912	0	3	13	16	20	27	28	33	38	59	243	#
942	772.02	13	15	16	22	28	30	38	45	51	62	243	#
943	758.552	7	9	13	15	16	25	28	34	62	63	243	#
944	719.229	0	6	11	15	25	27	29	31	38	45	243	#
945	691.388	7	13	14	15	35	36	46	50	56	59	243	#
946	670.002	3	9	12	22	28	30	47	61	244	#
947	747.75	9	26	31	47	51	54	58	61	244	#
948	636.832	3	5	10	12	14	29	51	61	244	#
949	629.035	9	10	11	28	31	37	40	50	244	#
950	574.988	1	7	10	14	44	47	50	52	244	#
951	556.088	5	11	12	39	40	44	49	61	244	#
952	1032.59	0	4	7	9	18	21	22	33	37	40	41	46	49	52	53	63	245	#
953	1345.97	7	9	12	19	21	24	31	32	34	36	39	47	48	49	52	57	245	#
954	1319.12	7	8	9	11	18	21	22	31	32	35	37	40	46	47	49	57	245	#
955	1304.15	7	14	15	24	28	33	34	35	37	38	39	41	52	57	59	62	245	#
956	1266.09	4	7	9	11	19	23	24	30	31	42	47	48	52	53	59	62	245	#
957	1235.57	7	10	15	21	23	27	30	33	34	37	40	41	43	45	52	58	245	#
958	267.588	10	14	22	36	63	246	#
959	397.025	2	4	10	42	62	246	#
960	367.642	2	14	42	55	56	246	#
961	328.195	23	29	30	39	63	246	#
962	292.854	3	21	22	34	37	246	#
963	265.393	3	12	27	36	43	246	#
964	725.781	28	30	34	41	42	44	50	53	55	58	247	#
965	811.344	28	29	30	33	36	39	41	42	48	59	247	#
966	806.358	0	3	26	30	34	35	42	44	48	59	247	#
967	778.476	7	19	20	25	26	33	34	45	49	53	247	#
968	738.623	7	12	29	30	34	38	44	47	50	56	247	#
969	711.009	2	5	23	30	32	33	38	41	59	60	247	#
970	120.76	15	28	248	#
971	151.701	28	39	248	#
972	71.8257	15	57	248	#
973	1989.25	1	2	3	9	13	14	15	16	17	20	21	22	27	28	33	34	36	37	38	40	41	45	46	53	55	56	58	59	60	63	249	#
974	2383.83	1	2	3	8	10	12	14	16	21	23	26	27	28	34	35	38	40	43	46	49	50	51	54	55	57	58	59	60	61	62	249	#
975	2375	2	3	6	7	9	10	12	13	14	18	21	23	24	26	33	34	35	36	37	38	40	41	43	50	55	56	58	61	62	63	249	#
976	2293.93	1	3	4	6	7	8	12	14	21	22	23	24	25	26	27	28	30	32	34	37	40	43	45	51	52	54	55	57	61	63	249	#
977	2292.23	1	2	6	7	9	10	13	14	20	21	24	26	27	28	31	33	34	37	38	40	41	44	45	50	53	55	56	58	62	63	249	#
978	2268.91	1	3	6	7	9	10	12	14	19	20	21	22	24	26	27	30	35	36	37	38	40	41	43	46	50	55	56	58	61	63	249	#
979	1402.14	4	6	9	12	17	20	28	30	32	33	34	37	39	51	52	60	250	#
980	1701.48	2	4	6	9	11	13	14	20	27	28	30	32	39	42	45	59	250	#
981	1432.77	1	4	7	11	18	20	28	30	32	34	39	41	44	45	51	54	250	#
982	1405.77	2	10	14	17	20	21	23	29	33	34	35	39	51	54	59	62	250	#
983	1375.26	2	4	6	10	11	17	19	21	27	28	39	42	45	52	54	63	250	#
984	1314.22	1	4	9	10	18	20	23	28	30	37	38	39	42	45	51	57	250	#
985	231.149	7	16	27	41	55	251	#
986	311.506	11	16	47	59	61	251	#
987	311.06	14	24	25	32	41	251	#
988	310.821	4	6	7	27	43	251	#
989	268.372	11	20	34	39	55	251	#
990	274.69	12	33	40	252	#
991	281.117	33	34	40	252	#
992	248.091	18	19	33	252	#
993	230.096	12	38	61	252	#
994	610.523	4	8	14	17	18	20	35	36	48	253	#
995	799.039	9	14	20	23	25	48	49	55	58	253	#
996	752.787	2	14	19	27	28	33	44	49	55	253	#
997	721.122	2	3	11	15	20	24	27	53	62	253	#
998	694.676	10	18	20	25	28	33	36	37	62	253	#
999	685.429	1	2	8	17	21	25	27	49	62	253	#
