%% File generated by CATS v.2.1Wed Jun 22 10:37:28 2022

%% The CATS webpage is http://robotics.stanford.edu/CATS

%% PARAMETER SETTINGS:
% Goods: 64; Bids: 1000; Distribution: arbitrary; Runs: 1; Seed: 1656572431
% Arbitrary Distribution Parameters:
% Max Substitutable Bids = 5
% Removing HV Neighbor   = 0.1
% Adding DIAG Neighbor   = 0.2
% Additional Location    = 0.9
% Additivity             = 0.2
% Budget Factor          = 1.5
% Resale Factor          = 0.5
% Normal Private Value:
%   Mean                 = 0
%   Standard Deviation   = 30



goods 64
bids 1000
dummy 189

0	668.569	12	18	30	37	41	45	48	50	55	58	60	64	#
1	814.722	0	12	24	27	31	33	35	37	46	50	61	64	#
2	792.366	3	33	38	42	45	46	50	51	52	55	60	64	#
3	761.888	14	26	29	35	38	41	42	43	46	48	49	64	#
4	732.328	4	7	18	20	30	35	37	43	44	48	51	64	#
5	703.665	0	5	26	37	38	44	52	53	55	58	62	64	#
6	522.412	9	14	19	21	23	24	37	38	46	51	65	#
7	747.905	6	8	11	14	16	27	32	37	54	57	65	#
8	627.081	4	5	16	19	20	33	35	36	39	54	65	#
9	576.187	0	7	10	11	31	37	38	43	48	59	65	#
10	558.388	16	28	33	37	44	46	53	55	58	62	65	#
11	540.482	2	4	6	8	9	27	33	57	59	63	65	#
12	469.25	0	3	15	28	40	41	42	66	#
13	461.671	0	1	4	15	18	40	52	66	#
14	419.553	14	24	27	29	41	48	54	66	#
15	412.053	0	4	15	22	25	26	41	66	#
16	402.312	0	1	5	19	43	56	57	66	#
17	368.785	8	13	14	16	17	27	28	66	#
18	340.375	0	23	34	36	37	38	48	67	#
19	486.22	0	4	7	12	23	25	41	67	#
20	460.609	7	10	21	36	38	53	61	67	#
21	420.935	13	33	37	48	53	57	62	67	#
22	389.777	1	12	23	35	45	52	61	67	#
23	354.299	0	4	23	26	37	47	55	67	#
24	1172.8	0	1	2	3	9	11	12	17	18	22	24	26	35	38	41	45	47	53	55	57	60	61	68	#
25	1520.06	0	4	6	9	11	13	15	25	26	27	28	30	31	41	42	47	50	52	57	59	61	62	68	#
26	1434.18	0	1	2	3	5	6	9	13	15	18	21	24	26	30	35	40	41	42	44	49	53	59	68	#
27	1387.32	3	6	9	10	11	18	20	22	25	26	32	33	34	35	36	37	40	42	44	49	60	62	68	#
28	1384.57	3	4	9	10	12	13	15	19	20	24	25	26	30	31	37	40	42	49	54	60	61	62	68	#
29	1375.17	0	2	3	6	10	12	15	17	19	20	30	31	42	45	47	50	54	57	58	59	61	62	68	#
30	1934.52	2	5	6	8	9	12	15	16	17	20	21	22	26	29	30	32	33	35	37	40	41	45	48	50	53	56	57	61	69	#
31	1864.23	8	9	12	13	14	15	16	17	19	20	21	26	29	31	33	34	35	37	40	41	43	48	52	53	57	58	61	62	69	#
32	1811.55	3	5	6	7	8	11	12	13	15	19	20	21	22	24	27	28	36	37	38	39	40	41	46	48	50	52	59	62	69	#
33	1792.38	1	4	5	6	8	9	11	17	20	22	24	26	28	33	37	41	44	45	46	49	51	52	53	56	57	60	61	62	69	#
34	1773.03	1	4	6	7	9	13	16	17	18	19	20	22	24	26	27	30	33	34	39	42	45	46	50	51	52	58	61	62	69	#
35	1727.29	2	4	7	8	9	15	17	19	20	24	27	28	29	32	33	34	37	40	41	43	44	46	49	52	56	58	61	62	69	#
36	879.115	20	21	24	25	27	28	33	38	43	47	49	51	52	53	55	60	61	70	#
37	1180.08	0	4	7	13	19	22	25	27	33	36	40	41	47	49	52	59	60	70	#
38	1163.41	2	7	13	15	18	20	26	28	29	33	36	49	50	52	53	54	62	70	#
39	1161.49	2	10	11	13	20	27	28	33	38	39	40	42	47	57	59	60	61	70	#
40	1074.08	0	1	4	13	19	20	24	34	40	46	47	48	49	50	53	55	61	70	#
41	1051.03	2	6	7	9	11	24	25	31	33	36	37	44	50	53	54	55	59	70	#
42	581.683	8	17	31	37	43	46	54	58	71	#
43	638.684	3	5	24	27	38	39	46	54	71	#
44	627.669	3	7	8	11	19	25	60	61	71	#
45	572.256	3	24	33	35	37	58	60	61	71	#
46	548.292	2	3	7	11	23	29	43	44	71	#
47	475.168	6	12	29	46	49	54	59	60	71	#
48	630.639	2	11	13	22	26	62	63	72	#
49	633.311	15	19	20	24	26	27	52	72	#
50	569.73	2	11	21	22	26	53	62	72	#
51	491.728	3	4	10	11	23	41	62	72	#
52	473.346	4	18	19	35	41	52	63	72	#
53	464.833	6	11	12	13	25	27	61	72	#
54	1460.41	0	2	3	4	8	10	13	20	21	23	30	36	37	38	40	42	43	47	52	57	58	73	#
55	1606.45	0	7	9	10	13	15	20	22	30	36	37	38	40	42	52	53	54	57	58	59	61	73	#
56	1589.57	2	6	7	11	17	18	20	22	29	33	34	36	37	38	40	45	46	47	50	52	56	73	#
57	1457.44	0	1	5	19	23	29	32	34	37	38	39	40	42	45	46	47	52	54	59	61	62	73	#
58	1444.04	1	2	5	6	8	13	15	17	20	23	25	35	36	39	40	42	47	54	57	61	62	73	#
59	1421.78	3	4	5	6	7	8	17	19	20	22	24	26	32	35	39	45	46	53	58	59	61	73	#
60	479.38	5	15	16	30	46	47	51	74	#
61	572.184	8	17	27	30	31	39	61	74	#
62	506.297	5	24	28	46	48	56	63	74	#
63	492.684	9	20	39	46	55	57	61	74	#
64	463.05	14	15	16	24	32	33	56	74	#
65	317.397	12	16	19	26	33	42	58	74	#
66	142.751	38	54	75	#
67	166.634	33	38	75	#
68	104.452	54	57	75	#
69	639.177	7	15	16	23	29	31	32	34	48	53	54	76	#
70	792.975	7	9	12	13	15	21	22	33	38	41	61	76	#
71	792.609	6	7	9	10	11	17	19	23	31	35	37	76	#
72	722.158	6	10	13	18	28	31	37	41	44	45	56	76	#
73	713.145	1	2	15	17	26	33	48	53	54	57	59	76	#
74	678.091	6	11	12	14	15	16	19	20	23	34	37	76	#
75	422.455	15	19	23	36	41	43	45	61	62	77	#
76	612.362	5	11	13	22	36	40	53	58	59	77	#
77	550.971	1	7	21	34	41	43	55	57	61	77	#
78	539.241	1	7	10	13	19	28	34	35	56	77	#
79	512.946	2	15	24	35	43	51	52	56	60	77	#
80	362.417	10	12	20	32	33	36	55	58	62	77	#
81	1010.45	2	6	14	17	28	35	37	39	43	46	49	52	57	60	61	63	78	#
82	1053.88	1	9	16	23	26	30	34	35	38	41	43	46	55	58	59	60	78	#
83	995.065	6	18	20	22	28	30	32	33	35	38	40	41	51	52	57	60	78	#
84	983.008	1	7	13	19	28	29	35	37	41	49	52	53	54	57	60	61	78	#
85	937	2	3	5	9	10	16	24	28	30	40	41	45	46	53	60	63	78	#
86	879.72	0	8	13	17	19	21	24	26	29	36	38	40	43	52	60	63	78	#
87	178.424	14	18	19	79	#
88	264.382	13	14	59	79	#
89	201.667	19	30	33	79	#
90	71.8628	18	#
91	285.319	2	14	24	32	41	80	#
92	324.797	5	26	32	33	44	80	#
93	280.921	8	14	30	49	61	80	#
94	265.948	4	7	17	30	41	80	#
95	255.616	2	20	21	24	51	80	#
96	250.798	2	26	27	32	62	80	#
97	106.241	3	11	18	56	81	#
98	98.1748	3	5	44	62	81	#
99	1308.27	0	2	3	4	8	10	11	15	23	27	29	31	34	40	44	45	49	52	55	58	59	82	#
100	1587.74	0	1	3	4	6	7	11	19	22	27	28	30	31	32	33	36	44	47	50	52	61	82	#
101	1531.08	3	5	8	10	11	17	22	23	27	32	34	35	36	37	38	40	41	52	58	61	62	82	#
102	1452.3	1	4	7	10	13	14	15	16	18	23	29	32	37	44	45	46	49	50	52	58	61	82	#
103	1406.77	0	1	4	5	8	10	11	18	19	23	24	29	30	32	33	37	38	45	47	55	61	82	#
104	1402.13	1	4	6	12	16	17	20	23	29	31	33	34	37	38	44	46	47	52	53	56	59	82	#
105	185.143	26	44	83	#
106	140.518	12	26	83	#
107	131.595	19	44	83	#
108	1599.35	0	2	3	10	11	14	16	19	21	22	26	27	30	31	36	40	41	42	43	45	47	48	49	52	56	58	59	84	#
109	1782.37	2	8	10	12	16	17	21	23	26	27	29	30	32	36	37	38	40	41	42	46	47	48	50	51	59	61	62	84	#
110	1765.02	4	5	7	10	11	13	17	20	22	24	26	30	33	34	37	39	40	41	42	43	45	48	49	50	51	52	54	84	#
111	1687.85	2	3	5	9	10	11	12	14	16	17	19	20	23	24	26	29	30	34	35	37	41	42	43	48	59	60	61	84	#
112	1641.4	2	3	5	11	12	14	19	21	22	26	27	28	30	31	34	37	40	42	43	46	50	51	54	58	60	61	63	84	#
113	1619.5	2	3	5	11	13	15	20	21	24	26	29	30	33	34	37	38	40	43	44	45	54	56	59	60	61	62	63	84	#
114	126.874	0	10	25	85	#
115	165.326	7	10	38	85	#
116	292.411	3	40	41	55	57	86	#
117	284.606	3	18	46	56	57	86	#
118	265.045	40	53	57	60	61	86	#
119	235.54	18	33	34	39	41	86	#
120	30.549	27	#
121	1303.27	0	2	5	9	16	19	21	22	29	31	32	33	34	41	42	43	45	47	49	50	53	55	56	87	#
122	1576.58	0	1	3	6	8	11	13	14	17	20	21	22	23	27	30	41	47	48	53	54	55	59	60	87	#
123	1511.5	1	3	5	10	14	16	17	20	22	23	27	31	34	36	40	43	47	48	50	53	54	60	61	87	#
124	1492.61	1	2	5	6	7	8	10	14	15	19	22	25	30	31	33	36	40	44	50	55	56	60	62	87	#
125	1487.27	0	10	16	17	22	27	28	29	30	32	33	37	38	40	42	43	46	47	50	51	55	60	62	87	#
126	1479.71	1	6	7	11	12	13	20	21	23	28	31	33	36	40	41	43	49	54	55	56	57	59	60	87	#
127	492.901	7	14	15	24	25	35	39	48	50	52	57	88	#
128	689.879	13	17	20	33	42	49	50	53	55	57	58	88	#
129	686.314	4	7	20	22	26	32	34	42	48	51	52	88	#
130	669.803	4	15	16	27	30	38	46	52	53	55	59	88	#
131	646.68	14	18	24	28	32	40	41	43	45	60	61	88	#
132	568.2	1	2	7	10	19	28	29	35	41	43	60	88	#
133	435.848	2	4	33	34	43	54	58	59	62	89	#
134	641.937	7	17	26	30	37	39	43	52	62	89	#
135	565.986	0	8	29	33	49	52	54	60	61	89	#
136	531.035	1	2	14	15	29	42	47	50	61	89	#
137	524.985	7	9	10	17	25	30	43	57	60	89	#
138	497.996	1	8	10	16	30	34	40	44	55	89	#
139	731.034	1	3	5	13	15	19	24	32	40	42	43	48	53	60	90	#
140	1082.81	5	8	20	22	27	33	36	41	42	46	55	57	58	60	90	#
141	962.685	3	8	11	12	17	23	32	34	42	43	46	53	54	59	90	#
142	931.903	3	5	14	17	18	34	37	40	42	43	45	49	54	59	90	#
143	903.903	2	5	6	13	20	21	23	31	38	39	43	45	58	60	90	#
144	890.237	3	5	15	24	26	27	29	48	52	55	59	61	62	63	90	#
145	1346.83	1	6	9	13	15	20	21	22	23	27	29	30	31	32	35	36	41	47	48	49	51	52	55	56	57	58	61	91	#
146	1585.22	6	7	11	12	13	14	18	20	22	25	27	30	31	34	35	36	37	39	40	41	43	45	53	54	57	58	61	91	#
147	1536.97	0	1	2	5	13	14	16	19	22	25	26	27	31	32	36	37	40	41	44	47	50	51	52	53	54	56	57	91	#
148	1493.08	1	5	7	8	13	14	16	21	22	30	32	33	35	36	37	40	41	43	47	53	54	56	58	59	60	61	62	91	#
149	1479.47	2	3	6	7	13	17	18	20	21	25	30	31	32	35	36	38	40	41	48	49	50	54	55	57	58	60	61	91	#
150	1459.01	1	4	5	6	8	11	13	16	20	22	23	25	26	28	30	33	40	42	49	50	51	52	53	55	58	60	61	91	#
151	553.092	5	7	10	17	40	52	57	92	#
152	498.002	11	13	17	33	35	40	61	92	#
153	497.999	7	12	13	21	31	46	48	92	#
154	459.278	5	12	21	28	40	42	46	92	#
155	399.272	8	30	38	43	48	51	52	92	#
156	373.152	11	28	40	48	53	61	63	92	#
157	1718.81	0	5	10	11	13	14	20	21	22	23	25	27	29	30	32	33	35	38	40	44	46	52	54	56	57	61	93	#
158	1792.43	1	2	6	11	14	17	18	21	27	29	30	31	37	38	39	41	42	45	46	47	53	54	55	59	60	63	93	#
159	1747.38	1	2	3	4	5	7	8	18	21	27	29	31	33	35	38	40	42	45	46	47	53	54	57	58	60	61	93	#
160	1696.67	0	5	6	7	9	11	12	13	16	20	22	24	27	31	32	38	41	43	47	51	53	54	57	59	61	63	93	#
161	1685.17	0	2	3	4	7	9	11	13	14	15	16	17	21	22	31	32	38	41	43	47	52	54	55	57	58	61	93	#
162	1667.35	2	6	7	9	10	11	13	18	19	21	26	29	31	32	33	34	35	37	38	43	50	51	53	55	59	61	93	#
163	314.882	5	27	57	59	60	63	94	#
164	461.962	1	9	40	44	55	60	94	#
165	427.558	10	26	27	34	38	41	94	#
166	342.706	14	16	22	40	57	63	94	#
167	324.986	4	5	13	14	55	56	94	#
168	318.348	36	39	42	48	49	57	94	#
169	141.855	52	55	95	#
170	206.744	34	52	95	#
171	115.874	31	55	95	#
172	423.286	0	1	2	11	12	24	25	32	43	44	96	#
173	616.523	0	1	12	13	15	16	24	26	40	54	96	#
174	584.948	1	3	8	11	12	20	22	24	25	61	96	#
175	568.599	5	6	22	24	25	28	35	36	38	52	96	#
176	524.053	2	7	14	20	23	25	32	39	47	61	96	#
177	521.03	5	12	22	29	31	34	44	48	53	54	96	#
178	307.653	5	11	16	18	24	25	51	97	#
179	434.051	16	32	34	35	40	52	58	97	#
180	402.731	5	28	40	45	51	52	61	97	#
181	400.743	8	9	11	14	18	44	51	97	#
182	360.648	2	16	25	46	49	51	63	97	#
183	315.092	19	24	39	43	52	55	62	97	#
184	298.935	12	17	35	41	98	#
185	241.423	8	17	35	46	98	#
186	230.4	2	38	41	59	98	#
187	227.199	5	17	26	32	98	#
188	301.502	0	2	29	48	55	99	#
189	315.425	27	39	48	51	52	99	#
190	265.255	2	7	28	62	63	99	#
191	262.307	0	1	10	17	54	99	#
192	256.997	10	11	38	48	55	99	#
193	237.006	16	26	29	42	50	99	#
194	318.042	7	12	19	27	58	59	100	#
195	452.55	3	7	13	38	45	54	100	#
196	416.862	7	12	27	32	52	58	100	#
197	364.034	25	27	31	39	57	59	100	#
198	343.77	5	15	39	50	58	60	100	#
199	299.121	6	7	32	43	59	60	100	#
200	2460.06	0	1	3	6	9	11	12	14	15	16	17	18	20	21	24	27	28	31	32	33	35	36	38	39	40	41	42	43	45	47	48	52	55	56	57	58	59	60	61	62	101	#
201	2797.12	0	1	3	5	6	7	9	10	11	12	13	14	15	17	18	20	21	26	29	30	31	33	35	38	39	40	41	42	44	45	46	47	49	50	52	54	59	60	61	62	101	#
202	2720.8	0	1	3	6	7	9	10	11	12	13	14	15	17	18	20	21	26	27	31	32	34	36	37	38	39	40	41	42	43	44	45	46	51	52	54	56	58	59	60	63	101	#
203	2693.97	0	3	7	8	11	12	13	15	18	19	20	21	24	26	27	28	29	31	36	37	38	39	40	41	42	45	46	49	50	52	53	54	55	56	57	59	60	61	62	63	101	#
204	2603.8	0	1	2	3	5	7	8	10	11	13	17	18	21	23	26	27	28	29	30	32	33	34	35	36	37	38	39	40	41	43	46	49	52	54	56	59	60	61	62	63	101	#
205	2602.86	0	2	3	5	6	7	8	12	13	14	16	17	18	19	21	26	27	31	32	33	36	37	38	41	42	46	48	49	50	51	52	54	55	56	57	58	59	60	62	63	101	#
206	320.695	12	15	35	36	49	56	58	102	#
207	375.509	2	16	19	20	21	35	63	102	#
208	361.747	13	29	37	47	56	57	58	102	#
209	294.705	9	10	15	21	39	40	59	102	#
210	293.092	12	13	19	29	51	55	59	102	#
211	261.994	5	25	30	39	43	58	61	102	#
212	907.567	6	11	13	16	17	19	25	31	33	36	39	40	44	58	63	103	#
213	956.862	2	13	15	19	20	24	28	30	33	35	47	48	53	54	57	103	#
214	948.781	0	5	10	11	16	19	37	38	39	42	45	50	51	61	63	103	#
215	940.532	7	11	12	13	23	25	27	31	33	37	45	50	54	61	63	103	#
216	889.249	5	18	19	24	28	30	31	39	40	44	47	48	54	60	61	103	#
217	869.663	0	3	5	6	9	15	17	22	23	30	32	40	46	51	54	103	#
218	974.893	0	3	4	5	14	15	20	35	37	41	42	43	45	46	48	58	60	61	104	#
219	1026.08	2	13	15	18	22	24	31	33	35	38	40	46	50	53	56	61	62	63	104	#
220	1016.12	3	7	11	15	16	18	22	24	29	40	42	45	46	52	55	56	60	62	104	#
221	998.05	3	14	15	17	20	21	24	26	28	33	35	40	41	42	45	51	54	59	104	#
222	987.468	3	13	16	17	20	22	24	31	38	40	43	45	46	49	51	55	58	63	104	#
223	917.547	0	2	8	12	14	20	22	24	33	35	37	43	46	51	54	56	59	62	104	#
224	243.476	15	16	51	52	105	#
225	355.879	2	6	17	52	105	#
226	315.012	13	16	38	47	105	#
227	52.9825	20	48	#
228	1196.12	1	2	4	5	9	13	16	17	19	27	29	30	31	32	38	44	45	48	49	54	57	106	#
229	1527.25	1	2	4	10	11	12	18	30	33	35	37	40	41	43	44	46	47	48	52	57	59	106	#
230	1413.49	2	3	4	6	7	12	17	19	20	23	27	33	37	38	41	43	45	48	52	54	55	106	#
231	1292.93	2	6	7	11	15	16	18	19	23	26	27	35	38	40	41	45	47	50	52	57	62	106	#
232	1288.59	0	1	4	7	8	16	19	29	31	32	33	37	38	39	45	52	54	56	57	59	61	106	#
233	1285.5	4	7	10	12	15	16	21	22	28	32	34	35	37	38	41	44	51	55	59	61	63	106	#
234	762.996	6	9	13	14	17	31	34	35	36	39	41	47	48	58	61	107	#
235	1051.71	0	2	6	7	9	16	18	28	34	35	40	41	46	57	62	107	#
236	836.571	0	8	10	15	17	23	30	33	35	39	40	41	47	48	60	107	#
237	828.704	1	4	6	8	9	15	26	33	34	36	37	45	47	57	59	107	#
238	825.501	1	6	9	16	29	31	36	39	40	42	54	56	57	58	61	107	#
239	792.942	0	1	2	3	13	23	34	38	41	45	47	53	54	56	61	107	#
240	146.465	1	9	29	35	44	47	#
241	621.131	6	9	11	15	17	18	19	25	28	32	37	39	41	48	54	60	108	#
242	913.82	4	5	9	11	16	18	20	26	28	35	43	44	47	51	55	61	108	#
243	890.081	7	10	11	20	22	27	31	35	36	38	39	48	54	55	61	63	108	#
244	879.421	1	9	10	11	12	15	19	28	30	34	37	39	40	41	42	60	108	#
245	878.625	5	9	10	14	20	28	33	37	41	43	46	50	54	55	56	60	108	#
246	875.012	0	1	7	11	13	17	23	27	28	36	38	40	41	53	58	59	108	#
247	184.054	6	31	34	109	#
248	95.6315	31	43	63	109	#
249	172.725	15	39	61	110	#
250	257.425	31	39	46	110	#
251	169.698	15	29	30	110	#
252	158.804	2	28	61	110	#
253	15.9893	49	#
254	203.966	18	28	37	111	#
255	207.897	19	21	37	111	#
256	118.44	14	18	29	111	#
257	99.7131	28	56	57	111	#
258	787.091	5	6	12	15	17	19	21	23	27	28	34	45	46	50	53	54	61	62	63	112	#
259	1155.31	2	6	17	19	22	26	27	31	32	35	36	37	41	45	53	54	55	57	63	112	#
260	1152.89	2	3	8	20	21	22	26	27	30	31	33	39	46	49	50	52	57	58	60	112	#
261	1151.54	1	2	5	6	9	15	20	21	22	23	27	33	36	42	45	46	47	53	55	112	#
262	1098.79	2	3	4	14	15	21	22	32	33	34	38	40	41	42	45	48	50	52	58	112	#
263	1064.45	1	4	5	13	19	25	26	27	28	31	38	41	45	48	52	55	60	62	63	112	#
264	457.788	1	6	22	23	29	38	45	53	61	113	#
265	572.245	13	14	15	29	32	39	42	48	55	113	#
266	548.088	6	16	19	21	35	37	41	59	61	113	#
267	521.606	1	8	14	22	27	32	41	61	62	113	#
268	503.64	27	30	35	38	47	56	60	61	63	113	#
269	377.787	18	20	30	38	43	45	53	57	58	113	#
270	192.171	6	39	52	114	#
271	266.705	19	28	52	114	#
272	223.995	5	39	52	114	#
273	191.118	6	43	52	114	#
274	1303.24	3	6	7	9	12	13	18	20	21	26	27	32	33	34	35	40	44	45	54	59	61	62	115	#
275	1460.51	3	5	6	7	8	10	16	19	21	24	25	26	27	32	38	41	43	44	52	57	58	60	115	#
276	1427.44	3	5	6	7	10	15	18	20	24	25	27	32	35	37	38	41	43	47	52	57	60	61	115	#
277	1360.92	0	1	2	5	6	7	8	13	15	18	27	36	40	41	44	45	47	52	54	57	58	60	115	#
278	1301.5	7	13	16	18	19	20	21	22	31	32	34	36	40	41	44	45	47	50	55	57	58	60	115	#
279	1277.95	1	7	8	17	18	20	21	25	29	33	34	35	40	41	43	44	45	47	49	52	57	58	115	#
280	250.508	6	11	21	36	37	54	58	116	#
281	367.505	6	10	35	39	45	54	60	116	#
282	344.276	11	12	28	30	45	55	58	116	#
283	314.917	1	11	36	43	44	54	57	116	#
284	223.636	4	11	18	28	29	48	52	116	#
285	426.667	9	11	12	13	16	28	36	41	42	48	51	60	63	117	#
286	638.45	12	13	14	15	20	24	25	28	32	38	44	45	57	117	#
287	620.761	2	8	9	10	12	14	24	26	32	33	44	55	56	117	#
288	618.751	0	1	9	11	16	17	28	29	40	45	46	47	63	117	#
289	589.777	0	1	13	14	16	19	23	26	41	43	48	49	59	117	#
290	583.236	0	5	9	17	21	22	24	27	28	41	42	60	61	117	#
291	2768.85	0	1	2	3	4	5	6	7	8	9	10	11	12	13	14	15	16	17	18	20	22	23	24	26	27	28	29	30	31	32	33	35	37	38	39	40	41	42	43	44	45	46	47	48	49	50	51	52	53	54	55	56	57	58	59	60	61	62	63	118	#
292	2938.31	0	1	2	3	4	5	6	7	8	9	10	11	12	13	14	15	16	17	18	19	20	21	22	23	24	25	26	27	28	29	30	31	32	33	34	35	36	37	38	39	40	41	42	43	44	46	48	50	51	52	54	55	56	57	58	59	60	61	62	118	#
293	2919.42	0	1	2	3	4	5	6	7	8	10	12	13	14	15	16	17	18	19	20	21	22	23	24	25	26	27	28	29	30	31	32	33	34	35	36	37	38	39	40	41	42	43	44	45	46	47	48	49	50	52	55	56	57	58	59	60	61	62	63	118	#
294	2897.04	0	1	2	3	4	5	6	7	8	9	10	11	12	13	15	16	17	18	19	20	21	22	23	24	25	26	27	28	29	30	31	32	33	35	36	37	38	39	40	41	42	43	44	46	48	49	50	52	53	54	55	56	57	58	59	60	61	62	63	118	#
295	2861.05	0	1	2	3	5	6	7	8	9	11	12	13	14	15	16	17	18	19	21	22	23	24	25	26	27	28	29	30	31	32	33	34	35	36	37	38	39	40	41	42	43	44	45	46	48	49	50	52	53	54	55	56	57	58	59	60	61	62	63	118	#
296	2842.73	0	1	2	3	4	5	6	7	8	9	10	11	12	13	14	15	17	18	19	20	21	22	24	25	26	27	28	30	31	32	33	34	35	36	37	38	39	40	41	42	43	44	46	47	48	49	50	51	52	54	55	56	57	58	59	60	61	62	63	118	#
297	320.781	3	20	22	37	48	49	119	#
298	430.775	3	40	46	54	57	63	119	#
299	408.483	6	17	30	34	37	63	119	#
300	372.41	20	34	44	45	56	58	119	#
301	321.255	8	27	40	43	49	54	119	#
302	198.499	6	22	37	43	47	60	119	#
303	44.8334	53	#
304	785.231	0	2	5	20	33	38	42	43	47	57	63	120	#
305	717.036	2	4	12	17	21	30	33	35	41	49	54	120	#
306	687.215	10	13	15	27	28	43	47	54	56	57	63	120	#
307	685.861	3	8	31	36	42	43	45	54	57	60	61	120	#
308	642.984	0	1	4	30	34	38	42	44	52	54	63	120	#
309	626.608	2	22	26	33	36	44	45	50	52	55	56	120	#
310	81.4633	0	31	#
311	123.503	40	#
312	1843.5	3	4	5	9	10	13	15	17	20	22	23	27	28	29	31	33	34	35	37	38	39	41	43	44	45	46	47	49	50	53	54	58	59	61	62	121	#
313	2116.22	2	3	4	5	7	8	11	12	16	20	22	23	24	25	27	29	30	31	33	34	35	37	39	40	41	43	44	46	47	50	53	54	55	57	60	121	#
314	1993.05	1	2	4	5	7	8	9	10	14	17	20	21	22	27	32	34	35	36	37	38	39	40	41	42	44	46	47	53	54	57	59	60	61	62	63	121	#
315	1959.17	1	2	3	4	6	7	8	12	14	15	19	20	21	24	27	28	31	32	33	35	36	37	39	40	41	43	46	47	49	51	54	55	57	61	63	121	#
316	1918.11	0	1	2	4	6	7	8	12	13	14	15	17	20	22	26	27	29	30	32	33	35	36	37	38	39	40	41	43	45	47	49	52	54	55	59	121	#
317	1867.86	1	3	4	7	10	13	16	17	18	19	20	23	25	26	27	32	33	34	36	37	41	42	43	44	45	46	50	52	54	57	58	59	60	61	63	121	#
318	45.699	10	33	122	#
319	18.2061	10	34	122	#
320	391.892	4	8	19	27	43	53	62	123	#
321	376.764	0	8	24	34	37	53	58	123	#
322	376.377	4	5	7	15	19	57	63	123	#
323	334.136	2	10	19	20	28	35	58	123	#
324	326.558	8	11	19	21	22	47	62	123	#
325	319.529	3	4	24	34	43	49	57	123	#
326	1168.85	6	12	13	14	20	24	27	30	34	35	45	46	47	52	53	55	57	58	60	63	124	#
327	1371.6	0	2	3	5	11	12	17	20	22	23	24	34	35	37	40	41	46	57	61	62	124	#
328	1279.21	2	8	11	13	14	16	22	24	26	32	33	41	44	45	46	47	48	52	57	59	124	#
329	1254.06	3	8	12	15	16	17	19	20	27	33	37	38	40	41	42	48	52	57	59	63	124	#
330	1188.43	1	7	8	9	15	16	21	23	26	31	34	36	39	41	43	46	55	57	59	63	124	#
331	1188.23	2	4	8	11	13	14	15	18	20	29	30	33	40	46	47	49	52	55	58	60	124	#
332	433.572	3	5	15	16	28	35	39	46	125	#
333	571.645	3	4	13	17	23	38	44	47	125	#
334	493.049	16	18	19	27	37	38	51	57	125	#
335	486.621	11	18	25	28	29	33	34	38	125	#
336	480.723	1	3	5	7	14	36	39	47	125	#
337	452.082	5	7	10	12	25	26	52	56	125	#
338	124.299	3	19	126	#
339	148.659	3	5	126	#
340	93.2449	5	19	126	#
341	593.215	0	5	8	9	26	38	39	41	56	59	127	#
342	804.712	3	5	17	26	28	37	38	40	42	49	127	#
343	689.153	0	5	9	12	15	17	39	42	59	63	127	#
344	689.044	5	15	23	27	34	46	51	55	56	60	127	#
345	629.778	0	8	14	16	17	34	37	38	53	62	127	#
346	575.801	7	34	43	44	54	57	58	59	60	63	127	#
347	278.558	37	43	61	128	#
348	193.761	26	37	43	128	#
349	165.912	30	61	62	128	#
350	419.417	0	4	19	26	31	33	56	129	#
351	489.194	1	12	17	30	31	35	54	129	#
352	411.731	0	7	10	20	23	28	62	129	#
353	330.452	9	16	24	32	33	45	52	129	#
354	280.331	2	4	14	21	34	35	36	129	#
355	270.276	2	9	26	37	41	43	56	129	#
356	72.839	16	#
357	233.75	1	3	30	53	57	130	#
358	344.36	6	31	39	46	57	130	#
359	280.974	1	8	15	18	63	130	#
360	267.053	4	24	28	33	53	130	#
361	240.973	9	22	30	36	63	130	#
362	215.647	3	45	48	57	62	130	#
363	381.958	11	14	19	34	50	51	131	#
364	460.635	5	8	14	20	22	60	131	#
365	414.707	6	22	34	40	48	53	131	#
366	335.924	4	9	11	22	48	57	131	#
367	290.33	15	19	28	33	34	58	131	#
368	248.264	15	25	37	44	51	60	131	#
369	67.4024	63	#
370	610.955	2	12	15	16	18	20	21	22	26	41	44	50	51	62	132	#
371	852.844	7	12	15	16	18	22	25	28	33	38	45	48	49	55	132	#
372	846.154	0	7	16	17	24	25	26	36	45	52	53	59	61	62	132	#
373	831.724	2	4	21	22	30	31	36	37	42	46	47	48	59	61	132	#
374	827.411	0	2	5	13	14	16	17	18	24	26	40	43	49	61	132	#
375	799.758	0	2	4	7	9	10	12	13	25	42	47	53	59	60	132	#
376	496.163	5	12	16	37	42	45	55	133	#
377	596.782	1	7	20	26	37	44	57	133	#
378	506.892	16	28	30	37	52	55	60	133	#
379	419.295	12	18	28	37	46	55	60	133	#
380	403.44	2	7	9	12	45	53	61	133	#
381	393.235	12	24	31	37	42	45	47	133	#
382	230.025	1	4	12	36	51	156	#
383	409.495	15	19	20	21	23	30	50	134	#
384	449.819	2	6	17	21	30	41	43	134	#
385	417.939	20	25	30	36	39	52	57	134	#
386	390.508	8	15	17	38	42	53	57	134	#
387	353.035	2	15	17	20	40	56	59	134	#
388	348.346	13	22	23	29	30	35	51	134	#
389	1039.73	0	1	5	12	13	15	18	19	20	24	26	27	32	34	40	41	44	57	135	#
390	1080.24	6	7	17	18	20	21	22	30	33	35	36	44	48	49	53	58	60	62	135	#
391	1066.73	0	1	5	11	17	21	26	31	35	40	44	46	49	52	54	58	59	62	135	#
392	1024.9	0	5	10	12	20	22	26	28	29	30	34	35	44	45	47	51	53	58	135	#
393	1001.18	1	4	5	8	9	14	15	20	24	30	33	42	44	46	48	50	61	62	135	#
394	992.127	1	2	6	7	9	12	18	25	29	39	41	42	45	48	53	55	59	62	135	#
395	647.578	2	11	13	17	18	31	33	42	45	63	136	#
396	849.144	1	12	22	30	33	40	42	45	51	53	136	#
397	731.081	1	3	14	28	33	34	35	39	41	52	136	#
398	688.879	6	7	13	14	15	39	40	52	54	62	136	#
399	641.57	3	5	11	17	20	34	46	47	55	58	136	#
400	635.918	10	11	12	22	32	33	35	36	51	54	136	#
401	1670.82	0	1	3	5	8	9	11	15	17	18	19	20	21	23	32	34	35	37	41	42	43	47	49	51	52	54	57	61	62	63	137	#
402	2041.49	0	1	2	3	4	7	10	11	17	21	22	27	29	32	33	35	37	41	42	44	47	52	53	54	56	57	59	60	61	62	137	#
403	1943.5	0	2	5	7	11	12	13	15	16	18	19	20	21	24	27	29	31	32	35	37	41	46	47	48	51	54	57	59	61	62	137	#
404	1942.14	0	1	2	5	6	8	9	11	14	15	24	27	28	29	31	33	34	35	39	40	41	42	43	46	47	50	51	57	60	62	137	#
405	1931.71	2	3	11	13	19	20	21	23	24	27	29	30	31	34	40	41	42	44	46	47	48	50	52	53	54	58	59	60	61	62	137	#
406	1908.51	0	1	2	5	10	11	13	14	15	17	19	20	23	29	31	35	37	39	40	41	42	47	49	51	53	54	57	58	59	60	137	#
407	152.012	19	33	138	#
408	145.367	11	19	138	#
409	129.708	33	60	138	#
410	705.901	0	11	17	21	23	25	26	29	33	34	35	36	43	48	57	61	139	#
411	1053.31	1	6	7	20	25	29	30	33	43	44	46	47	53	57	62	63	139	#
412	1025.54	5	7	11	13	17	20	23	33	34	35	40	45	57	60	61	62	139	#
413	965.061	0	1	3	8	10	11	13	23	27	33	37	39	42	45	55	61	139	#
414	904.664	0	5	7	8	10	14	15	17	19	22	29	30	32	42	46	61	139	#
415	884.745	1	21	23	25	28	29	30	42	43	45	47	50	54	55	57	61	139	#
416	368.36	20	24	29	31	140	#
417	305.657	24	25	30	53	140	#
418	289.194	10	17	31	48	140	#
419	211.596	20	32	50	62	140	#
420	159.462	21	28	29	35	140	#
421	723.124	7	11	13	18	22	27	28	32	42	43	49	51	61	141	#
422	1036.34	2	5	11	15	16	22	28	35	37	38	43	59	61	141	#
423	958.172	2	5	13	17	19	26	30	37	42	43	45	56	59	141	#
424	911.829	10	13	16	18	19	32	33	40	42	43	53	61	62	141	#
425	859.368	5	11	16	19	21	23	27	29	38	40	53	57	61	141	#
426	854.533	0	2	6	8	11	33	35	43	46	55	59	60	62	141	#
427	157.582	13	56	142	#
428	141.933	13	21	142	#
429	1067.47	4	6	7	8	12	14	16	17	18	19	21	24	27	33	39	43	44	49	53	56	59	60	62	63	143	#
430	1526.67	7	9	12	13	15	16	17	19	20	24	30	31	33	35	37	40	43	44	46	48	49	55	57	58	143	#
431	1525.12	4	5	6	7	9	14	18	22	26	30	31	32	36	37	38	40	43	44	45	46	52	57	59	60	143	#
432	1453.03	4	5	6	7	8	9	13	14	16	17	18	20	22	23	26	31	33	34	42	43	50	56	57	60	143	#
433	1430.83	0	1	2	5	6	7	11	14	24	25	27	28	30	32	33	35	37	38	45	46	47	50	55	59	143	#
434	1394.34	0	1	7	9	13	14	18	19	21	27	28	29	31	33	34	35	37	39	40	42	43	49	53	58	143	#
435	510.454	8	18	19	31	32	40	42	43	56	59	60	144	#
436	694.059	14	18	22	30	33	34	38	42	45	48	52	144	#
437	656.438	2	5	7	19	29	38	40	53	61	62	63	144	#
438	615.825	19	25	30	38	45	52	53	55	57	62	63	144	#
439	574.019	2	4	20	32	33	42	44	45	51	60	63	144	#
440	564.137	1	2	19	34	41	42	45	48	60	62	63	144	#
441	2423.81	1	2	4	5	6	7	8	9	10	12	13	15	16	17	18	19	21	23	24	29	30	31	32	33	34	35	36	38	39	41	42	43	44	47	49	51	52	54	55	56	57	58	59	60	63	145	#
442	2795.67	1	2	4	5	6	7	9	11	13	14	15	16	17	18	20	21	23	24	26	27	29	30	31	32	33	34	35	37	38	39	41	43	44	45	46	50	52	55	56	57	58	59	60	61	63	145	#
443	2766.8	2	4	5	6	7	8	9	12	13	14	16	17	23	24	26	27	29	30	31	32	33	34	35	38	39	40	41	42	43	44	45	46	47	48	50	52	53	54	56	58	59	60	61	62	63	145	#
444	2743.69	0	1	2	3	4	5	6	7	10	12	13	14	15	20	21	24	25	26	27	29	30	31	32	33	34	35	36	38	39	40	41	43	45	46	47	49	50	52	53	54	55	57	59	60	63	145	#
445	2702.05	0	1	2	3	5	7	9	10	12	13	14	15	16	17	19	21	23	26	27	28	30	31	33	34	35	36	38	39	40	41	42	43	44	47	49	52	53	54	55	57	58	59	60	61	63	145	#
446	2701.62	1	2	3	5	7	8	9	12	13	14	15	16	17	18	19	21	24	25	26	27	28	29	30	31	32	33	35	36	37	39	40	43	45	46	50	52	53	54	55	57	58	60	61	62	63	145	#
447	875.357	7	8	9	13	14	17	18	19	29	31	32	34	36	40	43	44	49	50	53	54	58	60	146	#
448	1305.45	2	4	5	8	11	20	22	23	26	30	31	34	37	39	43	44	47	49	51	52	60	63	146	#
449	1282.26	1	3	5	6	7	10	14	16	17	19	21	22	27	31	35	36	41	42	43	45	49	60	146	#
450	1247.76	0	4	11	12	17	19	22	23	26	29	31	33	34	36	41	42	43	50	52	53	57	59	146	#
451	1244.5	2	4	5	10	12	17	20	21	30	32	33	34	41	42	43	45	46	53	54	55	58	61	146	#
452	1128.27	5	7	8	11	16	17	19	20	21	22	24	30	31	32	36	38	42	44	49	58	61	62	146	#
453	208.118	20	29	41	147	#
454	182.593	17	29	34	147	#
455	141.313	18	20	56	147	#
456	123.982	41	43	48	147	#
457	178.766	14	24	25	60	148	#
458	203.781	14	18	40	59	148	#
459	184.173	1	39	60	63	148	#
460	135.766	25	38	52	58	148	#
461	1563.91	0	1	2	4	5	8	11	17	18	19	20	23	24	25	27	28	29	30	31	34	36	39	43	47	48	52	55	57	59	62	63	149	#
462	2032.11	3	5	6	7	8	10	12	14	17	22	24	27	30	31	33	34	35	36	37	40	41	42	43	44	46	47	48	52	54	56	62	149	#
463	1952.23	3	7	8	10	11	13	15	17	18	20	22	23	24	25	26	27	29	31	33	34	35	41	42	45	48	49	50	52	53	60	63	149	#
464	1870.81	0	1	2	7	8	9	10	11	12	13	15	17	19	22	24	26	27	29	30	37	38	43	45	49	51	52	53	56	58	59	62	149	#
465	1817.65	7	8	10	11	13	14	15	18	19	20	23	24	26	28	29	30	31	33	37	42	45	46	51	54	55	56	57	58	59	60	63	149	#
466	1807.88	0	1	2	3	6	7	8	11	12	14	19	22	24	27	30	34	35	38	42	43	44	46	47	52	54	56	57	58	60	62	63	149	#
467	110.118	28	57	150	#
468	139.143	28	52	150	#
469	89.5877	56	57	150	#
470	1400.2	0	2	4	6	8	9	10	11	12	17	21	22	27	30	32	33	37	39	40	41	43	49	53	55	56	58	59	60	62	63	151	#
471	1860.12	0	3	5	7	8	10	11	12	13	17	22	26	27	28	30	31	33	37	38	43	45	48	49	53	54	55	59	60	62	63	151	#
472	1847.24	0	1	2	11	12	13	14	17	20	22	27	29	32	33	34	35	37	39	40	42	43	48	52	54	57	58	60	61	62	63	151	#
473	1811.21	1	3	7	9	11	12	16	17	20	22	27	28	31	33	35	36	37	39	40	42	46	47	48	49	53	55	59	60	61	63	151	#
474	1802.04	0	2	4	5	7	12	16	17	20	22	23	24	27	28	32	34	37	38	42	43	48	49	52	54	55	57	58	59	61	62	151	#
475	1755.81	2	4	5	10	16	18	20	21	22	27	28	31	32	33	35	37	38	40	42	43	44	48	49	51	54	55	58	59	62	63	151	#
476	162.029	8	27	61	152	#
477	227.963	8	27	38	152	#
478	168.538	8	15	33	152	#
479	117.278	10	57	61	152	#
480	236.089	1	11	19	25	62	153	#
481	179.08	17	19	34	37	62	153	#
482	307.079	13	14	36	45	53	154	#
483	429.137	13	14	22	30	40	154	#
484	327.116	0	31	48	53	57	154	#
485	266.692	6	17	25	45	54	154	#
486	241.97	14	19	25	28	52	154	#
487	968.77	0	6	9	17	21	23	27	31	39	41	42	43	45	47	51	54	55	58	61	63	155	#
488	1190.32	3	6	11	12	19	21	23	26	35	37	38	39	40	41	44	46	48	50	53	55	155	#
489	1175.75	0	1	10	13	16	18	25	26	29	33	38	39	40	41	42	54	56	59	61	62	155	#
490	1163.15	6	18	20	23	26	27	28	30	32	33	34	38	42	46	47	51	53	56	62	63	155	#
491	1155.1	4	6	9	12	13	14	20	21	23	27	29	31	40	41	42	45	48	54	62	63	155	#
492	1152.33	0	2	3	6	11	13	18	21	23	26	28	29	31	39	45	46	47	48	50	51	155	#
493	364.35	4	6	9	27	50	156	#
494	373.394	10	11	27	33	34	156	#
495	276.989	1	9	17	43	52	156	#
496	266.351	20	24	50	54	61	156	#
497	255.944	6	23	52	56	59	156	#
498	956.175	8	11	13	14	17	24	28	31	35	43	49	50	54	61	157	#
499	966.843	0	4	7	8	9	17	20	27	33	43	44	45	46	61	157	#
500	964.815	3	11	12	14	15	19	23	24	27	29	31	35	56	57	157	#
501	928.275	0	2	8	10	11	19	20	28	40	44	50	57	60	62	157	#
502	916.354	0	4	5	8	28	33	35	40	44	48	55	60	61	63	157	#
503	898.018	4	5	8	37	39	40	44	46	48	49	57	59	61	63	157	#
504	1305.26	2	4	11	15	16	17	20	28	31	35	41	45	52	59	60	61	158	#
505	1310.38	3	4	8	9	11	20	22	27	28	31	33	36	37	45	53	60	158	#
506	1274.23	2	4	7	8	9	11	15	17	20	27	30	31	37	43	46	59	158	#
507	1069.24	0	4	5	15	16	20	22	26	31	39	41	45	53	57	61	63	158	#
508	1037.69	2	11	13	14	15	25	28	35	37	40	41	46	49	51	58	59	158	#
509	1032.73	6	15	16	19	20	21	24	27	40	41	45	49	50	57	60	61	158	#
510	604.197	13	18	22	23	24	30	43	45	48	49	55	58	60	61	159	#
511	869.325	1	4	19	27	33	40	42	44	45	46	47	48	57	60	159	#
512	807.498	3	7	9	11	13	20	33	40	48	49	54	58	59	62	159	#
513	806.735	5	12	20	24	26	27	29	30	35	39	45	49	60	61	159	#
514	788.84	2	13	23	28	29	35	37	49	52	54	57	58	61	63	159	#
515	746.416	10	14	16	21	23	25	36	41	45	52	53	54	61	62	159	#
516	389.634	6	7	17	19	26	29	61	160	#
517	391.644	11	17	22	31	42	44	60	160	#
518	384.383	7	29	34	38	44	52	59	160	#
519	365.987	1	6	10	31	43	53	55	160	#
520	358.612	3	7	12	30	38	53	61	160	#
521	338.098	6	29	30	39	43	54	61	160	#
522	378.166	1	13	33	40	55	161	#
523	313.351	14	15	18	36	40	161	#
524	311.762	14	30	31	48	55	161	#
525	302.774	1	10	39	57	59	161	#
526	169.008	24	32	33	39	45	161	#
527	60.7518	25	#
528	226.22	6	12	23	34	162	#
529	306.933	12	13	40	48	162	#
530	267.985	6	34	36	38	162	#
531	82.5122	12	23	54	62	162	#
532	270.717	4	28	33	60	61	163	#
533	298.851	10	33	45	47	61	163	#
534	284.287	2	4	11	20	25	163	#
535	239.858	19	20	28	29	53	163	#
536	216.127	18	20	51	54	60	163	#
537	225.201	14	42	164	#
538	260.978	14	40	164	#
539	115.876	25	42	164	#
540	178.381	6	25	39	54	165	#
541	221.515	3	33	39	51	165	#
542	116.465	15	25	41	63	165	#
543	79.5737	10	32	36	54	165	#
544	77.5662	6	15	21	58	165	#
545	609.976	0	4	6	14	15	22	25	28	37	43	44	45	47	55	58	166	#
546	894.871	0	5	6	9	11	12	13	14	31	33	36	44	48	57	61	166	#
547	889.755	2	4	8	20	22	24	45	49	50	52	54	55	57	59	63	166	#
548	877.884	2	5	6	9	16	17	25	26	28	29	35	36	46	58	61	166	#
549	861.072	5	14	17	23	28	30	38	39	40	44	46	56	58	60	61	166	#
550	823.971	5	9	11	17	20	21	25	26	28	31	36	44	45	47	58	166	#
551	1323.93	0	2	3	4	5	15	16	17	21	24	34	35	37	40	45	46	47	48	51	52	54	55	57	58	167	#
552	1586.53	5	6	7	11	12	14	17	20	21	23	26	27	34	35	39	40	41	43	49	50	53	54	57	61	167	#
553	1478.95	4	5	6	7	8	12	13	14	18	19	27	33	34	36	37	39	40	41	42	44	49	52	56	58	167	#
554	1468.65	1	2	5	7	11	15	21	22	25	27	28	29	30	31	33	34	35	38	41	48	50	56	58	63	167	#
555	1454.88	1	3	5	6	11	12	14	15	16	18	20	21	24	26	28	29	32	35	41	45	46	54	55	61	167	#
556	1421.64	1	2	4	5	8	9	10	12	14	16	17	25	26	27	28	30	31	33	36	42	52	57	59	60	167	#
557	208.753	8	12	14	63	168	#
558	271.902	8	45	46	58	168	#
559	232.428	12	30	62	63	168	#
560	195.825	12	24	41	62	168	#
561	174.027	14	25	32	46	168	#
562	175.433	13	18	40	51	53	169	#
563	249.202	7	49	52	53	61	169	#
564	184.227	2	3	9	19	24	25	29	41	58	170	#
565	231.49	2	19	22	23	24	25	35	49	58	170	#
566	14.0358	54	#
567	587.477	6	8	10	18	26	28	31	39	46	47	50	57	171	#
568	787.25	1	16	18	25	26	29	30	40	50	59	62	63	171	#
569	681.798	4	6	10	11	13	17	24	31	32	43	48	56	171	#
570	676.556	1	3	8	11	12	17	19	20	21	23	37	59	171	#
571	660.954	1	2	3	4	14	22	23	26	39	46	48	59	171	#
572	633.498	0	3	12	20	26	39	41	45	50	54	55	57	171	#
573	718.527	5	8	22	26	29	31	39	42	49	52	56	60	172	#
574	927.061	6	7	9	14	15	28	36	39	42	49	50	59	172	#
575	782.513	3	4	5	12	20	27	31	33	40	49	56	59	172	#
576	753.672	5	11	16	26	35	39	40	41	44	45	58	59	172	#
577	717.028	15	20	22	28	33	39	48	49	53	55	57	59	172	#
578	654.507	3	4	9	12	16	26	36	42	44	48	56	60	172	#
579	574.061	14	15	18	32	44	48	52	53	57	61	63	173	#
580	782.196	12	13	14	16	20	21	30	39	40	48	50	173	#
581	699.361	2	4	13	18	26	29	30	49	53	57	63	173	#
582	636.61	1	3	17	18	24	29	30	41	43	48	55	173	#
583	634.698	11	13	18	19	28	32	33	45	48	53	57	173	#
584	634.201	8	15	24	27	29	30	31	32	33	42	63	173	#
585	435.065	15	20	25	36	40	51	59	174	#
586	502.846	15	16	27	33	36	45	59	174	#
587	422.527	6	8	22	40	47	50	63	174	#
588	378.875	8	16	19	20	22	36	44	174	#
589	361.984	0	4	6	15	45	59	63	174	#
590	352.65	12	45	46	51	54	58	59	174	#
591	436.097	3	4	12	15	31	37	52	53	175	#
592	482.679	4	13	22	28	36	42	52	53	175	#
593	427.539	8	16	37	39	45	55	60	61	175	#
594	385.019	2	15	27	28	48	52	57	59	175	#
595	361.792	0	4	7	12	16	19	35	47	175	#
596	348.543	3	17	34	39	43	50	58	60	175	#
597	572.532	3	7	16	25	30	31	36	45	55	56	176	#
598	625.666	16	25	30	39	42	46	49	58	59	60	176	#
599	610.255	7	10	20	37	38	41	47	51	57	59	176	#
600	610.111	0	7	13	15	18	20	37	45	59	62	176	#
601	541.415	3	22	25	29	31	37	38	45	50	56	176	#
602	487.207	2	17	20	29	36	37	45	47	56	60	176	#
603	166.495	11	41	177	#
604	139.953	6	11	177	#
605	97.0929	41	43	177	#
606	81.9629	23	47	178	#
607	113.251	17	23	178	#
608	304.003	3	16	18	19	36	48	63	179	#
609	411.188	3	12	14	19	26	42	56	179	#
610	398.458	3	16	18	22	30	47	56	179	#
611	388.418	3	16	22	24	35	48	53	179	#
612	353.679	9	22	27	48	49	57	58	179	#
613	329.243	5	9	13	19	36	48	57	179	#
614	1020.74	0	1	2	9	10	15	17	18	24	27	30	47	49	51	52	55	180	#
615	1340.51	1	6	17	23	27	28	29	30	31	34	43	52	55	57	60	63	180	#
616	1269.29	2	5	7	20	25	26	30	33	34	35	36	45	49	50	55	57	180	#
617	1122.9	0	1	5	6	8	16	30	35	37	42	43	44	45	49	52	63	180	#
618	1103.26	1	11	13	21	23	27	29	33	35	37	38	43	49	51	52	58	180	#
619	1103.17	2	4	5	10	14	15	16	17	24	30	40	43	59	61	62	63	180	#
620	2405.63	1	2	3	5	7	8	11	12	13	14	16	17	18	20	21	24	25	27	28	29	31	32	35	37	38	40	44	46	47	48	49	50	51	52	53	54	55	56	58	59	60	61	62	63	181	#
621	2846.78	0	1	2	3	4	5	6	7	8	10	11	13	14	16	17	19	20	22	24	25	26	27	30	31	33	34	36	37	38	39	40	41	42	45	46	48	53	54	55	56	57	58	61	62	181	#
622	2840.57	1	2	5	6	7	8	10	12	13	14	16	17	18	19	20	21	23	24	29	30	31	32	33	37	38	39	40	41	42	43	44	45	46	49	50	52	53	54	56	57	59	60	61	62	181	#
623	2763.26	0	1	2	3	5	7	8	9	10	11	12	13	14	16	17	20	22	23	24	25	26	27	30	31	32	33	34	38	39	40	41	42	43	44	46	47	52	54	56	57	59	60	61	63	181	#
624	2699.83	0	1	3	4	6	9	10	11	12	13	14	16	17	18	19	20	21	22	23	24	26	30	31	33	35	37	38	39	41	42	44	45	46	50	51	52	53	54	55	56	57	58	61	63	181	#
625	2689.35	0	1	2	3	5	6	7	9	10	11	13	15	19	20	21	22	23	24	25	26	27	28	29	31	33	34	37	38	39	40	41	45	46	50	51	52	54	55	57	58	60	61	62	63	181	#
626	303.5	27	35	41	58	182	#
627	322.6	19	27	46	52	182	#
628	291.155	2	29	41	49	182	#
629	246.042	31	35	44	51	182	#
630	152.266	5	26	35	58	182	#
631	945.415	11	15	24	27	31	33	34	35	38	39	41	45	48	49	50	52	54	63	183	#
632	1147.68	4	11	15	18	20	23	26	28	30	31	33	48	49	50	52	57	58	60	183	#
633	1102.61	4	5	6	13	22	28	30	31	33	46	47	48	49	52	53	54	60	61	183	#
634	1094.91	0	4	5	19	21	27	30	31	33	35	39	40	44	51	57	59	60	61	183	#
635	1045.39	5	6	8	9	10	12	14	19	20	24	27	28	33	37	41	52	60	61	183	#
636	1001.84	2	5	11	13	14	16	19	21	28	33	36	38	47	48	49	52	57	59	183	#
637	82.0434	22	63	184	#
638	94.5535	22	30	184	#
639	66.2513	57	63	184	#
640	168.834	12	39	40	53	185	#
641	239.938	36	37	50	53	185	#
642	222.829	14	18	40	44	185	#
643	114.577	21	26	39	45	185	#
644	94.1346	1	12	25	42	185	#
645	312.647	8	26	32	33	46	60	186	#
646	422.376	5	7	14	20	22	26	186	#
647	307.924	7	9	24	50	59	60	186	#
648	224.368	4	5	26	32	36	52	186	#
649	221.726	32	39	46	53	57	62	186	#
650	153.01	4	32	33	48	49	51	186	#
651	159.561	17	36	39	42	50	187	#
652	205.35	16	22	30	50	53	187	#
653	155.272	6	16	17	26	57	187	#
654	150.363	6	9	15	39	42	187	#
655	126.003	1	39	188	#
656	165.828	1	11	188	#
657	71.1903	16	39	188	#
658	149.241	16	32	45	189	#
659	187.972	7	10	45	189	#
660	144.084	17	32	53	189	#
661	90.4729	6	16	48	189	#
662	323.661	3	10	15	45	61	190	#
663	354.538	0	6	9	42	61	190	#
664	306.127	5	6	10	17	50	190	#
665	289.904	2	32	35	45	63	190	#
666	278.75	15	17	38	53	57	190	#
667	258.884	3	8	23	24	61	190	#
668	986.554	0	6	14	17	19	21	32	33	35	37	41	49	59	60	62	191	#
669	996.848	2	11	19	25	30	33	40	41	44	45	49	50	51	53	58	191	#
670	974.463	3	4	6	7	11	16	19	20	26	27	33	35	45	47	53	191	#
671	965.963	0	6	7	16	17	22	26	33	34	44	49	54	57	61	62	191	#
672	949.155	3	4	5	6	7	17	23	35	39	44	52	54	59	62	63	191	#
673	924.996	1	5	7	25	28	30	31	33	42	44	47	51	55	60	62	191	#
674	268.872	6	26	38	46	192	#
675	293.568	6	11	15	23	192	#
676	269.982	12	26	37	46	192	#
677	246.407	22	23	34	46	192	#
678	214.691	37	38	40	60	192	#
679	145.703	4	10	18	19	37	53	61	#
680	180.696	6	9	30	47	61	193	#
681	200.782	9	30	36	56	59	193	#
682	167.942	11	26	32	41	61	193	#
683	158.191	2	15	29	35	47	193	#
684	190.128	13	14	61	194	#
685	150.893	13	26	33	194	#
686	113.492	14	18	23	194	#
687	1608.96	0	2	3	4	7	8	10	17	18	19	20	24	25	27	30	31	33	34	36	38	41	45	48	52	53	54	55	57	58	61	63	195	#
688	1939.76	5	7	8	10	12	13	14	15	17	19	22	26	27	28	30	34	36	37	38	40	42	45	46	51	52	53	55	56	57	60	62	195	#
689	1893.88	0	1	2	5	7	8	11	12	13	16	17	21	23	26	27	28	30	31	35	36	37	38	42	44	46	47	48	50	53	59	60	195	#
690	1855.33	3	6	8	10	12	13	14	16	17	18	20	21	26	27	30	31	34	36	38	40	45	47	53	54	55	57	58	59	61	62	63	195	#
691	1841.63	1	4	5	6	10	16	17	23	26	27	28	30	32	35	38	40	41	42	45	46	47	48	49	52	53	54	56	57	58	59	60	195	#
692	1793.71	3	4	5	8	9	12	17	19	20	21	25	26	28	30	32	34	36	38	40	41	42	43	45	48	49	52	56	57	58	59	61	195	#
693	957.059	3	7	12	25	27	30	37	40	43	44	47	48	49	52	196	#
694	1106.45	2	8	17	20	22	28	33	35	36	40	44	52	57	62	196	#
695	1085.78	1	2	10	14	15	20	41	42	44	49	50	52	57	61	196	#
696	1064.61	1	3	7	9	11	15	16	23	27	38	40	41	51	52	196	#
697	1053.31	5	8	16	20	21	27	28	37	43	46	52	58	60	61	196	#
698	982.694	2	13	21	22	29	31	33	38	40	42	47	52	60	62	196	#
699	522.437	1	3	11	25	26	28	29	38	47	59	197	#
700	584.681	5	18	20	22	26	29	31	42	49	63	197	#
701	571.317	1	25	27	33	34	38	42	49	62	63	197	#
702	526.894	11	15	19	20	27	28	29	34	48	63	197	#
703	520.871	2	3	6	7	20	26	29	38	39	48	197	#
704	487.279	6	31	32	33	35	37	45	56	58	59	197	#
705	2025.29	1	2	5	6	7	8	9	11	12	13	15	17	19	20	21	22	23	25	26	28	30	31	33	35	38	39	41	42	44	46	48	49	50	51	55	56	57	61	62	63	198	#
706	2189.26	0	1	2	3	4	5	6	7	8	9	11	13	17	18	19	20	22	23	25	27	29	32	35	36	37	38	39	41	42	44	45	46	47	52	53	56	57	58	61	62	198	#
707	2149.4	0	2	3	4	5	6	7	8	9	11	12	13	14	15	16	18	19	20	24	25	26	29	33	36	37	39	40	41	43	44	46	48	51	52	54	55	57	61	62	63	198	#
708	2122.09	0	2	3	4	5	6	7	8	10	11	13	15	17	18	19	20	22	23	28	29	31	32	33	34	36	38	40	42	43	45	46	48	49	51	53	57	58	60	62	63	198	#
709	2098.4	0	2	4	5	7	8	10	11	12	13	15	16	20	22	26	27	32	33	36	38	39	41	42	44	45	46	47	48	49	52	53	54	55	56	57	58	59	61	62	63	198	#
710	2088.22	0	1	2	3	5	6	7	8	11	13	15	16	17	19	21	22	25	27	28	29	32	33	36	37	38	40	41	42	43	45	46	48	50	51	54	58	59	61	62	63	198	#
711	863.741	8	20	21	22	24	35	38	39	40	42	43	47	51	52	54	199	#
712	1033.17	3	4	17	20	22	23	24	25	30	31	42	43	46	50	53	199	#
713	1016.01	5	8	9	12	23	26	30	31	39	40	42	48	49	59	60	199	#
714	1008.71	9	14	16	20	21	25	26	30	31	35	36	40	52	57	61	199	#
715	920.717	3	7	10	21	22	23	29	37	38	39	40	48	52	54	62	199	#
716	912.755	2	4	7	8	10	15	19	22	25	30	35	39	40	43	48	199	#
717	644.643	3	6	11	20	29	39	46	52	200	#
718	581.835	0	5	9	17	39	43	52	63	200	#
719	580.067	0	2	13	27	33	39	43	55	200	#
720	563.463	7	12	16	32	39	46	50	57	200	#
721	520.611	9	15	19	20	29	34	37	40	200	#
722	491.957	3	7	10	20	29	42	55	56	200	#
723	204.946	3	24	25	37	201	#
724	301.419	0	15	22	25	201	#
725	252.542	20	26	37	63	201	#
726	180.902	3	5	47	63	201	#
727	134.671	24	48	55	56	201	#
728	86.6446	6	17	51	202	#
729	26.3071	4	51	53	202	#
730	685.043	3	17	18	24	28	29	30	34	38	48	49	53	55	56	203	#
731	973.911	2	3	4	14	15	20	29	31	32	38	53	56	59	62	203	#
732	929.954	1	11	13	17	18	23	28	29	31	32	45	46	49	57	203	#
733	846.12	12	17	18	26	27	28	33	35	38	46	54	56	57	60	203	#
734	842.117	3	6	12	17	21	22	27	32	34	49	50	51	53	55	203	#
735	805.381	1	18	23	28	30	31	33	37	38	46	48	53	55	59	203	#
736	957.584	0	4	5	7	18	19	20	24	28	30	31	37	40	54	58	60	204	#
737	1419.43	3	7	10	11	13	20	27	37	40	42	46	51	52	55	57	60	204	#
738	1162.35	5	8	12	13	15	20	22	24	27	46	48	52	55	56	60	61	204	#
739	1044.69	2	3	7	9	11	14	17	24	34	37	40	41	45	54	58	63	204	#
740	1023.21	0	3	5	7	8	11	19	20	34	35	42	48	51	57	60	61	204	#
741	1014.77	3	5	9	11	16	17	19	27	33	35	44	49	51	54	58	60	204	#
742	88.1842	14	18	55	205	#
743	48.1314	28	55	63	205	#
744	281.333	3	4	10	18	57	60	206	#
745	344.428	0	18	24	31	56	62	206	#
746	329.804	7	10	30	57	61	62	206	#
747	238.777	4	22	42	53	56	60	206	#
748	210.558	3	9	17	22	32	52	206	#
749	201.491	10	12	18	26	33	41	206	#
750	77.2394	23	34	56	60	#
751	1043.22	1	5	7	10	14	15	19	23	25	29	30	31	32	34	37	39	40	51	55	59	61	207	#
752	1489.02	1	2	7	10	14	15	17	20	24	27	28	32	34	36	38	41	44	53	54	57	61	207	#
753	1388.02	2	3	7	10	16	17	19	20	22	24	27	29	30	32	36	39	41	42	46	56	59	207	#
754	1333.5	5	6	13	14	16	18	19	23	24	27	28	29	30	32	36	45	46	47	54	57	58	207	#
755	1261.94	1	4	17	18	22	23	24	27	28	33	38	40	41	45	46	51	52	53	54	55	56	207	#
756	1258.17	2	4	10	12	26	27	31	32	33	36	38	39	41	44	46	47	51	52	53	57	60	207	#
757	553.193	9	13	22	28	31	36	39	53	54	62	63	208	#
758	794.81	1	3	14	22	28	37	40	45	46	49	59	208	#
759	686.934	6	11	12	28	31	38	41	45	53	56	57	208	#
760	654.51	5	14	20	23	34	38	45	51	53	59	63	208	#
761	623.959	4	9	10	13	14	20	31	36	41	48	51	208	#
762	590.856	7	22	27	28	36	38	45	47	49	54	61	208	#
763	651.555	9	10	12	15	16	19	31	34	37	44	45	48	57	60	209	#
764	968.535	10	11	12	15	26	27	35	38	42	51	53	59	61	63	209	#
765	924.84	0	5	12	19	20	29	33	35	38	41	42	48	49	52	209	#
766	923.494	4	7	12	14	22	26	31	32	42	49	50	54	56	63	209	#
767	912.765	10	11	13	17	27	30	32	33	38	41	43	51	57	61	209	#
768	897.532	9	12	13	14	15	33	35	36	39	42	44	48	51	55	209	#
769	366.005	24	39	45	52	54	210	#
770	400.394	8	9	27	39	41	210	#
771	326.779	28	44	52	53	60	210	#
772	291.641	0	14	36	45	54	210	#
773	283.243	6	18	24	31	61	210	#
774	201.444	2	6	8	47	54	210	#
775	917.358	0	7	10	11	15	24	27	31	39	45	47	48	53	54	61	62	63	211	#
776	1058.13	5	6	9	10	12	14	15	17	27	28	31	37	39	41	43	46	54	211	#
777	1030.88	1	2	5	7	14	15	24	26	27	35	41	42	44	45	54	56	57	211	#
778	998.545	0	4	5	8	13	15	22	23	25	31	34	35	36	45	50	59	61	211	#
779	985.861	2	6	7	11	14	17	20	23	24	36	39	40	47	50	55	57	61	211	#
780	985.127	10	13	17	18	19	24	27	33	35	37	40	45	50	52	53	54	59	211	#
781	412.8	1	3	16	26	30	39	42	51	212	#
782	503.024	1	7	10	15	42	49	50	52	212	#
783	476.558	8	9	12	13	30	31	51	54	212	#
784	450.965	0	1	9	16	18	22	28	45	212	#
785	392.347	0	8	10	12	16	25	45	49	212	#
786	388.291	3	8	16	21	26	36	60	61	212	#
787	158.427	20	62	213	#
788	187.337	20	61	213	#
789	66.5126	38	50	214	#
790	25.2058	12	50	214	#
791	385.134	11	16	20	21	51	57	215	#
792	481.594	3	21	24	37	44	45	215	#
793	442.648	5	19	21	27	57	63	215	#
794	380.114	1	2	10	20	49	57	215	#
795	262.261	7	24	33	43	51	58	215	#
796	229.99	0	2	11	45	47	56	215	#
797	563.92	3	8	33	40	44	55	62	216	#
798	517.112	3	5	8	14	17	48	52	216	#
799	490.376	3	31	33	36	42	45	55	216	#
800	459.125	5	27	28	34	40	43	49	216	#
801	447.806	3	5	22	25	29	31	45	216	#
802	296.644	19	33	34	44	48	50	58	216	#
803	1107.11	2	4	5	11	13	15	19	20	23	26	28	30	33	37	42	56	57	58	217	#
804	1386.82	1	2	5	8	10	17	26	27	33	34	37	41	42	52	53	57	58	61	217	#
805	1237.27	1	2	3	4	5	8	10	11	17	20	27	36	39	47	50	52	57	61	217	#
806	1148.55	1	4	7	8	17	19	25	27	29	30	31	33	38	41	44	55	58	59	217	#
807	1119.83	2	5	11	12	14	19	26	36	37	39	41	43	45	49	54	56	57	63	217	#
808	1102.52	2	7	13	17	18	20	27	29	30	35	38	39	43	44	45	49	55	57	217	#
809	599.346	0	1	3	17	21	26	27	28	32	38	40	47	50	54	61	62	63	218	#
810	883.576	1	4	7	9	11	12	22	26	31	36	38	40	41	52	54	55	58	218	#
811	868.394	0	2	15	18	22	25	27	29	34	40	42	46	49	51	60	61	62	218	#
812	867.939	5	8	11	18	19	23	29	30	32	37	38	42	51	54	55	57	61	218	#
813	866.229	1	3	11	13	16	19	23	24	35	37	38	40	41	48	55	59	61	218	#
814	865.493	0	2	8	14	17	18	20	21	32	37	43	44	45	46	47	53	54	218	#
815	345.66	1	10	11	22	23	30	31	219	#
816	449.837	24	26	27	28	30	38	58	219	#
817	409.838	0	4	20	23	42	50	60	219	#
818	406.6	10	11	24	26	33	58	60	219	#
819	397.948	0	1	4	6	28	41	57	219	#
820	393.697	3	11	22	27	31	51	58	219	#
821	93.1713	4	34	37	220	#
822	132.53	4	9	27	220	#
823	25.2385	34	39	40	220	#
824	450.041	6	15	25	30	45	46	48	61	221	#
825	551.17	8	30	31	42	43	46	55	60	221	#
826	517.218	3	11	22	23	24	46	50	61	221	#
827	478.247	5	8	10	25	30	35	36	59	221	#
828	465.179	3	5	18	20	48	52	55	61	221	#
829	449.456	6	7	25	38	45	52	54	58	221	#
830	30.9391	22	#
831	23.1285	6	21	#
832	30.3839	1	#
833	312.689	16	41	44	48	55	57	222	#
834	433.567	1	13	16	22	40	54	222	#
835	410.369	12	14	31	37	48	55	222	#
836	384.257	22	25	30	55	60	63	222	#
837	307.487	8	9	24	33	52	57	222	#
838	75.9764	9	10	44	45	49	58	222	#
839	248.625	13	28	29	32	33	36	48	55	56	223	#
840	342.009	28	41	44	54	55	56	60	61	62	223	#
841	298.748	8	15	19	21	29	33	39	48	57	223	#
842	438.777	6	8	27	35	38	44	45	51	53	224	#
843	631.475	7	27	28	33	35	38	50	54	55	224	#
844	630.825	2	14	17	25	27	31	33	49	56	224	#
845	616.479	5	7	8	16	17	19	49	52	60	224	#
846	539.418	2	19	27	34	40	45	49	53	60	224	#
847	531.713	6	8	11	22	31	42	54	55	57	224	#
848	184.887	18	19	60	61	225	#
849	210.783	16	19	20	61	225	#
850	177.126	13	24	47	60	225	#
851	146.988	18	26	35	43	225	#
852	82.099	0	16	25	61	225	#
853	135.248	18	21	57	62	226	#
854	182.654	44	55	59	62	226	#
855	131.613	19	52	54	57	226	#
856	341.152	1	3	16	19	23	29	34	37	57	227	#
857	495.129	2	8	19	22	23	26	50	53	54	227	#
858	476.482	1	4	11	22	29	31	34	48	58	227	#
859	473.078	17	18	24	29	30	55	59	60	62	227	#
860	457.897	0	19	24	31	36	37	53	54	56	227	#
861	403.408	1	12	14	16	32	33	48	50	51	227	#
862	382.025	12	21	46	52	53	60	63	228	#
863	545.485	11	12	14	16	21	26	31	228	#
864	433.46	15	34	46	51	55	59	63	228	#
865	354.164	6	10	20	38	52	57	63	228	#
866	278.475	0	20	21	40	49	54	60	228	#
867	258.859	0	8	38	44	48	52	63	228	#
868	1028.81	3	7	9	15	17	19	26	27	33	36	38	39	41	42	44	48	57	58	60	229	#
869	1218.99	0	1	2	7	8	15	17	24	27	28	29	33	42	46	47	50	58	59	62	229	#
870	1199.46	3	5	6	7	8	15	20	23	24	26	34	37	44	46	50	53	55	57	59	229	#
871	1149.08	1	6	8	15	16	18	19	22	26	30	32	33	40	43	45	53	57	58	61	229	#
872	1146.63	0	1	2	6	7	14	15	18	20	22	23	24	38	41	46	48	53	57	62	229	#
873	1130.89	0	3	8	14	26	28	33	37	39	40	45	48	50	52	57	59	60	62	63	229	#
874	83.4775	27	28	#
875	501.959	5	6	12	16	30	46	55	56	230	#
876	543.004	1	36	37	46	48	50	53	62	230	#
877	515.374	3	5	30	40	53	58	60	62	230	#
878	490.618	6	8	20	22	27	31	48	55	230	#
879	459.86	0	6	12	15	22	24	28	35	230	#
880	459.415	16	28	38	39	45	50	58	61	230	#
881	430.856	8	34	35	37	38	54	60	63	231	#
882	592.833	5	9	23	24	33	35	46	57	231	#
883	533.971	8	13	14	20	33	39	49	54	231	#
884	521.656	7	8	13	15	28	38	49	61	231	#
885	429.254	8	18	22	29	30	33	37	48	231	#
886	393.25	5	11	15	24	36	48	55	60	231	#
887	389.138	18	20	26	33	46	232	#
888	475.937	20	22	50	52	61	232	#
889	378.288	4	30	31	33	42	232	#
890	318.895	3	14	18	43	59	232	#
891	281.638	0	18	28	46	53	232	#
892	256.259	26	30	32	42	52	232	#
893	218.937	5	10	41	54	60	233	#
894	306.068	5	6	40	60	61	233	#
895	237.521	6	19	24	27	54	233	#
896	215.642	10	19	27	39	56	233	#
897	198.204	1	19	39	41	63	233	#
898	172.961	3	6	43	60	61	233	#
899	1776.72	0	1	3	4	7	8	17	19	20	29	30	32	33	34	36	37	38	42	48	49	52	53	55	56	58	60	63	234	#
900	2108.05	2	5	6	7	8	12	13	20	22	23	26	27	29	31	33	34	37	38	40	48	49	54	55	56	57	60	63	234	#
901	1989.18	0	1	3	5	12	14	20	22	23	27	30	31	33	35	37	38	39	41	43	44	48	49	51	52	54	61	63	234	#
902	1887.32	0	1	2	3	4	6	8	11	12	13	16	20	21	22	28	30	34	37	38	39	41	44	46	48	52	53	59	234	#
903	1885.98	0	2	5	8	10	11	13	15	17	19	20	25	27	31	33	34	36	38	41	44	47	48	51	54	55	57	59	234	#
904	1859.12	0	2	3	5	7	10	11	13	23	28	29	31	32	33	34	35	38	39	40	41	45	46	49	51	57	61	63	234	#
905	1011.58	5	9	11	17	19	20	21	24	34	39	41	50	53	54	59	63	235	#
906	1250.39	2	7	11	15	19	23	31	36	37	40	45	48	50	51	52	63	235	#
907	1212.86	3	5	7	8	11	12	18	20	25	30	32	34	35	40	45	46	235	#
908	1156.31	2	6	11	13	15	17	27	28	31	33	34	36	45	46	48	58	235	#
909	1156.09	2	5	6	15	19	21	23	37	44	45	48	53	55	56	60	61	235	#
910	1122.6	2	7	8	10	11	12	13	17	20	35	38	41	45	47	49	53	235	#
911	1472.66	1	2	3	6	7	8	9	10	16	18	19	20	21	25	29	30	31	39	43	45	55	59	236	#
912	1610.71	1	6	7	11	13	20	22	23	30	31	32	36	41	42	43	46	47	49	51	54	55	63	236	#
913	1560.4	7	15	16	17	20	22	23	24	25	27	30	31	35	37	39	44	45	46	49	51	53	60	236	#
914	1551.99	1	2	8	11	14	15	16	17	19	20	22	30	31	32	39	40	47	50	51	59	60	61	236	#
915	1468.68	4	5	14	18	20	23	30	31	32	35	38	40	41	43	46	47	49	54	56	57	58	63	236	#
916	1445.23	1	2	3	5	14	16	17	20	22	23	24	25	29	37	40	43	46	49	54	55	58	63	236	#
917	200.443	4	37	45	48	237	#
918	246.709	6	35	37	45	237	#
919	220.073	0	4	10	55	237	#
920	128.535	28	45	48	59	237	#
921	210.011	7	10	26	53	238	#
922	296.147	14	22	46	53	238	#
923	179.127	1	10	36	43	238	#
924	53.5826	24	25	26	43	238	#
925	1165.48	0	2	5	6	12	14	15	19	20	32	33	35	38	45	52	56	58	239	#
926	1342.86	1	5	8	11	12	13	15	17	21	29	31	33	35	37	41	54	62	239	#
927	1159.4	0	1	4	5	14	15	17	19	20	23	24	27	35	37	38	61	62	239	#
928	1096.79	0	5	6	9	12	20	23	24	26	33	34	38	39	42	54	56	59	239	#
929	1053.98	3	4	6	7	23	28	33	35	37	38	40	44	46	51	55	58	59	239	#
930	1053.93	0	9	10	12	14	16	19	20	21	26	27	35	37	40	42	43	54	239	#
931	151.954	41	49	57	240	#
932	178.565	8	49	52	240	#
933	158.366	26	41	63	240	#
934	144.067	41	55	57	240	#
935	363.102	1	5	14	19	23	28	43	53	62	241	#
936	529.88	1	2	8	12	20	22	27	34	48	241	#
937	503.08	1	8	14	16	20	35	43	49	60	241	#
938	486.053	1	2	11	13	14	15	24	28	48	241	#
939	485.849	3	5	15	24	34	43	44	47	60	241	#
940	457.036	0	1	9	12	13	28	30	50	60	241	#
941	339.39	4	12	34	42	54	56	242	#
942	490.074	4	7	12	20	25	46	242	#
943	455.031	10	17	42	49	52	57	242	#
944	449.413	0	4	18	20	42	54	242	#
945	442.364	17	27	31	55	56	57	242	#
946	412.886	11	14	27	52	54	55	242	#
947	560.645	1	3	9	10	17	18	26	31	36	44	47	53	61	243	#
948	791.748	0	1	4	16	17	21	22	24	30	35	44	59	63	243	#
949	729.422	0	4	7	19	20	27	31	34	39	49	54	61	63	243	#
950	693.358	5	11	13	18	19	26	27	34	36	59	61	62	63	243	#
951	657.437	9	13	17	22	23	24	27	32	39	47	50	51	52	243	#
952	642.667	1	17	19	26	27	31	35	38	47	49	60	62	63	243	#
953	120.291	49	63	244	#
954	88.4705	49	51	244	#
955	86.5008	28	63	244	#
956	794.045	10	26	35	36	40	42	43	46	57	60	245	#
957	765.567	1	6	7	16	28	30	44	46	57	58	245	#
958	747.128	1	2	35	41	42	45	47	50	57	62	245	#
959	665.559	1	2	8	10	38	45	52	57	62	63	245	#
960	611.959	2	4	8	9	13	26	30	36	39	44	245	#
961	602.555	4	25	35	36	40	41	48	56	57	58	245	#
962	251.747	18	30	44	61	246	#
963	374.32	3	30	43	52	246	#
964	320.743	27	52	54	61	246	#
965	205.167	18	43	53	54	246	#
966	127.084	4	9	20	44	246	#
967	1309.79	1	3	9	15	16	18	19	20	21	31	35	37	40	41	43	46	51	54	56	59	61	247	#
968	1396.92	3	5	6	7	8	9	13	26	27	28	31	33	35	41	43	46	47	50	57	61	63	247	#
969	1393.18	0	1	3	4	11	14	16	18	19	27	31	32	33	37	39	41	43	48	57	60	61	247	#
970	1391.63	1	2	3	5	7	10	11	12	14	21	27	30	32	33	37	41	45	50	54	55	57	247	#
971	1311.55	1	4	8	9	10	12	15	20	22	27	30	33	34	35	37	38	43	45	54	57	61	247	#
972	1239.77	1	2	3	5	9	12	14	24	28	31	32	34	37	40	43	47	48	49	50	57	62	247	#
973	477.189	0	18	19	20	27	43	45	49	55	248	#
974	674.115	0	2	11	27	28	33	38	53	59	248	#
975	563.217	1	6	19	22	34	36	52	56	57	248	#
976	547.305	10	11	22	33	38	43	45	47	55	248	#
977	510.107	5	14	31	36	47	49	50	60	61	248	#
978	476.622	11	13	16	17	20	36	48	51	56	248	#
979	520.499	2	9	10	11	12	13	15	24	41	43	51	58	61	249	#
980	773.335	0	1	11	20	21	22	25	30	35	46	55	58	59	249	#
981	727.623	0	1	5	15	17	22	36	47	48	52	58	61	63	249	#
982	724.918	0	2	7	10	14	20	22	24	33	53	54	56	61	249	#
983	701.001	3	5	12	13	16	27	41	46	48	53	60	61	62	249	#
984	652.166	10	13	14	17	19	24	32	40	41	44	52	54	55	249	#
985	1134.94	1	2	11	12	15	19	20	22	26	30	39	41	46	47	55	59	250	#
986	1078.86	8	13	17	20	21	26	27	29	39	46	52	55	57	59	61	62	250	#
987	1020.96	1	2	4	8	11	12	18	20	24	26	29	34	36	38	41	59	250	#
988	1005.01	13	22	24	27	31	33	36	38	46	47	53	54	55	57	58	62	250	#
989	947.304	7	8	12	14	15	18	24	25	43	45	46	52	54	59	61	63	250	#
990	920.226	1	5	6	8	11	15	17	23	27	35	44	45	52	59	60	61	250	#
991	155.773	3	24	52	251	#
992	175.067	14	24	50	251	#
993	150.451	19	52	62	251	#
994	523.23	0	15	26	27	34	41	47	50	63	252	#
995	663.298	14	17	21	26	27	40	54	57	63	252	#
996	613.141	14	16	17	20	41	43	46	58	61	252	#
997	549.292	0	2	7	31	33	38	52	53	59	252	#
998	527.403	7	10	13	14	25	30	39	50	60	252	#
999	418.906	0	6	15	18	21	31	45	54	56	252	#
