%% File generated by CATS v.2.1Wed Jun 22 10:37:19 2022

%% The CATS webpage is http://robotics.stanford.edu/CATS

%% PARAMETER SETTINGS:
% Goods: 64; Bids: 1000; Distribution: arbitrary; Runs: 1; Seed: 1656572319
% Arbitrary Distribution Parameters:
% Max Substitutable Bids = 5
% Removing HV Neighbor   = 0.1
% Adding DIAG Neighbor   = 0.2
% Additional Location    = 0.9
% Additivity             = 0.2
% Budget Factor          = 1.5
% Resale Factor          = 0.5
% Normal Private Value:
%   Mean                 = 0
%   Standard Deviation   = 30



goods 64
bids 1003
dummy 190

0	2394.35	0	1	2	4	8	11	12	13	14	18	20	21	25	26	28	30	31	32	33	36	38	42	44	47	48	49	50	51	54	55	56	57	59	60	61	62	63	64	#
1	2833.45	1	2	3	4	5	7	8	9	10	13	14	17	19	23	24	25	26	27	28	29	30	31	32	37	38	39	42	44	45	47	48	49	50	56	57	61	62	64	#
2	2761.79	0	2	3	4	5	8	11	13	16	18	19	20	21	23	24	25	27	28	30	31	33	34	36	37	39	42	45	48	49	50	53	55	56	57	61	62	63	64	#
3	2737.14	0	3	4	5	8	10	11	12	13	14	16	19	21	23	24	28	29	30	31	32	33	34	36	38	39	41	42	44	45	47	49	50	51	55	56	57	62	64	#
4	2711.76	1	2	3	4	5	8	10	11	12	13	14	16	18	19	20	21	23	25	26	27	28	29	31	32	33	36	38	43	47	48	49	51	56	57	60	62	63	64	#
5	2686.47	0	3	4	5	7	8	9	10	11	12	13	16	17	18	20	21	23	24	27	28	29	31	32	33	35	36	38	42	43	45	46	48	51	53	55	61	63	64	#
6	604.607	5	17	18	30	32	33	35	48	60	65	#
7	714.352	1	5	13	16	18	21	30	32	60	65	#
8	679.421	10	18	34	39	42	43	53	60	62	65	#
9	610.628	2	11	16	17	30	36	43	53	60	65	#
10	598.054	7	16	22	25	29	42	43	48	61	65	#
11	583.39	5	9	18	19	21	26	30	39	62	65	#
12	273.816	17	22	35	36	66	#
13	332.902	1	6	17	50	66	#
14	316.694	1	36	43	44	66	#
15	293.572	0	11	35	37	66	#
16	1014.12	2	9	12	19	22	26	31	37	38	43	45	46	61	63	67	#
17	1230.63	7	12	17	18	22	25	26	28	31	45	49	52	57	60	67	#
18	1165.39	2	9	12	14	21	22	35	37	40	43	45	47	49	62	67	#
19	1155.55	0	9	12	16	22	24	30	43	45	52	53	55	58	62	67	#
20	1140.19	0	3	4	8	10	13	26	31	36	37	42	43	45	55	67	#
21	1128.07	0	2	4	9	12	14	21	22	34	35	37	53	55	58	67	#
22	163.135	23	36	68	#
23	234.399	23	42	68	#
24	183.643	36	53	68	#
25	671.442	0	3	8	11	29	43	46	50	54	56	58	69	#
26	927.644	1	8	9	10	27	33	37	39	46	51	57	69	#
27	851.46	6	12	14	22	36	37	43	44	53	54	60	69	#
28	850.415	12	19	28	29	30	33	37	38	40	48	54	69	#
29	822.394	3	8	12	18	27	28	42	46	51	57	62	69	#
30	817.653	0	3	4	20	22	26	45	47	48	56	62	69	#
31	429.252	8	11	16	19	28	46	58	70	#
32	633.939	24	28	33	36	37	42	44	70	#
33	612.23	12	21	25	28	44	46	51	70	#
34	503.914	8	10	19	33	37	42	58	70	#
35	443.34	8	13	16	32	36	37	48	70	#
36	381.11	13	20	32	47	50	55	58	70	#
37	3381.07	0	1	3	4	5	7	8	9	10	11	12	13	14	15	16	17	18	19	20	21	22	23	24	25	27	28	30	31	32	33	34	35	36	37	38	39	40	43	44	45	46	47	49	50	51	52	53	54	55	56	57	58	59	60	61	62	63	71	#
38	3523.69	0	1	3	4	6	7	8	9	10	11	12	13	14	15	16	18	19	20	21	22	23	24	25	26	27	28	29	30	31	32	33	34	35	36	37	38	39	40	41	42	43	44	45	46	48	49	50	51	53	55	56	57	58	59	60	61	63	71	#
39	3518.15	0	1	3	4	7	8	9	10	11	12	13	14	15	16	18	19	20	21	22	23	24	25	26	27	28	30	31	33	34	35	36	37	38	39	40	41	42	43	44	45	47	48	49	50	51	52	53	54	55	56	57	58	59	60	61	62	63	71	#
40	3496.49	0	1	4	5	6	7	8	9	10	11	12	13	14	15	16	18	19	20	21	22	23	25	26	27	28	30	31	32	33	34	35	36	37	38	39	40	41	42	43	44	45	46	47	48	49	50	51	52	53	54	55	56	58	59	60	61	63	71	#
41	3493.35	0	1	3	4	6	7	8	9	10	11	12	13	14	15	16	18	19	20	21	22	23	24	25	26	27	28	29	32	33	34	35	36	37	38	39	40	41	42	43	44	45	46	47	48	49	50	51	52	53	54	55	56	58	60	61	62	63	71	#
42	3487.9	0	1	2	3	4	5	6	7	8	9	10	11	12	13	14	15	16	18	19	20	21	22	23	24	25	26	27	28	29	32	33	34	35	36	37	38	39	40	41	42	43	45	46	49	50	51	52	53	54	55	56	57	58	59	60	61	63	71	#
43	229.893	25	40	41	46	57	72	#
44	323.225	19	27	30	41	48	72	#
45	212.182	17	46	53	57	62	72	#
46	172.313	11	25	38	40	62	72	#
47	143.148	11	24	40	56	59	72	#
48	684.541	2	15	19	21	27	30	31	36	39	40	45	73	#
49	825.052	0	8	10	19	20	34	35	37	42	46	50	73	#
50	791.271	10	11	12	20	29	39	44	45	50	52	61	73	#
51	778.467	0	14	18	25	26	28	31	53	56	58	62	73	#
52	771.827	0	2	4	14	15	24	40	46	50	52	53	73	#
53	757.516	0	4	7	18	21	25	34	39	41	46	62	73	#
54	769.476	0	8	11	13	14	18	22	34	39	47	56	59	74	#
55	1000.4	0	8	12	13	15	18	22	25	28	29	37	55	74	#
56	958.808	8	24	26	29	39	42	43	46	47	51	53	55	74	#
57	861.043	0	5	8	11	37	42	47	49	50	52	54	63	74	#
58	860.637	1	3	15	18	22	23	32	34	37	40	54	56	74	#
59	846.322	8	13	18	23	28	40	47	48	51	52	54	63	74	#
60	934.848	0	11	12	16	17	24	27	31	38	44	49	51	58	62	75	#
61	1017.91	0	8	13	16	20	27	28	39	40	44	53	54	59	61	75	#
62	988.839	0	6	9	12	16	17	28	30	31	44	47	49	57	61	75	#
63	973.527	1	7	9	17	25	27	35	41	43	53	57	58	60	61	75	#
64	970.145	4	8	16	24	27	33	36	47	56	57	58	59	61	62	75	#
65	915.43	0	1	2	16	18	21	30	47	50	51	53	57	61	62	75	#
66	101.42	3	51	76	#
67	136.506	8	51	76	#
68	45.3633	3	15	76	#
69	212.849	3	8	54	59	77	#
70	287.373	4	7	15	54	77	#
71	219.653	32	52	59	60	77	#
72	734.215	7	8	21	30	36	37	42	45	50	63	78	#
73	803.998	0	8	10	14	23	25	27	28	42	53	78	#
74	722.271	1	4	6	12	21	30	36	37	48	49	78	#
75	694.865	4	7	12	19	37	39	40	42	50	55	78	#
76	692.873	15	20	22	25	26	28	31	42	61	63	78	#
77	623.072	3	10	13	19	22	32	48	50	60	63	78	#
78	124.262	4	27	44	79	#
79	184.876	30	40	44	79	#
80	176.751	2	25	27	79	#
81	133.847	2	4	24	79	#
82	1075.68	6	9	10	12	18	19	23	26	38	41	48	53	54	58	59	60	80	#
83	1428.72	3	5	8	9	10	12	13	18	23	24	26	40	51	52	61	63	80	#
84	1101.76	0	2	6	9	12	14	15	22	23	24	31	41	49	50	51	60	80	#
85	1098.02	3	4	7	8	9	10	21	33	35	37	40	41	43	44	60	61	80	#
86	1097.38	4	5	10	15	17	24	28	39	40	41	44	49	53	55	60	61	80	#
87	1060	0	10	13	21	24	33	34	37	48	50	54	57	59	60	61	63	80	#
88	111.13	25	36	52	81	#
89	112.417	11	40	52	81	#
90	539.245	8	13	17	28	39	54	58	82	#
91	615.526	8	21	39	40	43	56	59	82	#
92	585.021	3	7	14	17	33	36	63	82	#
93	555.289	8	18	19	26	30	54	57	82	#
94	465.213	10	13	15	54	56	57	61	82	#
95	450.653	4	7	30	39	54	58	63	82	#
96	390.113	19	28	29	56	63	83	#
97	438.234	22	26	47	48	56	83	#
98	386.187	3	8	12	19	26	83	#
99	356.527	5	16	19	28	31	83	#
100	347.42	48	50	60	61	63	83	#
101	206.616	14	25	29	35	60	83	#
102	1156.95	3	9	12	18	22	23	26	27	32	35	39	47	49	52	84	#
103	1082.48	0	5	9	21	25	26	27	29	35	38	43	45	49	63	84	#
104	1020.25	0	12	13	16	18	21	22	23	27	33	35	39	56	61	84	#
105	1015.79	3	16	22	26	27	28	29	35	36	39	40	45	51	60	84	#
106	957.168	7	14	16	19	20	22	26	35	39	41	42	50	55	57	84	#
107	940.662	1	19	24	32	33	34	37	40	43	47	50	55	59	61	84	#
108	474.709	1	2	17	19	31	33	36	53	55	60	85	#
109	688.362	7	14	15	22	28	42	43	44	53	55	85	#
110	663.244	5	10	16	19	21	33	43	49	57	59	85	#
111	602.24	5	8	9	19	20	23	36	45	57	62	85	#
112	579.384	7	14	38	46	51	52	53	55	58	62	85	#
113	547.545	2	7	18	19	26	27	43	46	54	58	85	#
114	875.752	0	4	11	12	15	20	23	26	31	35	46	48	49	56	57	59	60	86	#
115	1277.93	4	6	7	12	15	20	23	26	31	36	37	41	45	47	48	59	61	86	#
116	1225.32	1	4	5	10	19	26	31	36	39	41	47	53	54	55	56	58	61	86	#
117	1144.39	0	1	4	5	6	7	11	15	22	23	25	30	37	44	50	54	59	86	#
118	1076.41	5	7	9	10	11	18	29	30	32	35	36	41	43	45	47	53	57	86	#
119	1053.94	0	3	16	20	21	26	28	29	30	42	44	45	48	54	55	59	60	86	#
120	471.857	6	7	9	14	19	21	46	48	59	87	#
121	695.751	18	21	26	31	41	44	53	55	59	87	#
122	673.156	0	3	7	14	19	23	30	44	51	87	#
123	646.852	0	10	20	27	32	33	43	59	62	87	#
124	600.321	1	2	4	9	32	40	41	55	59	87	#
125	580.847	12	14	29	35	37	41	46	51	61	87	#
126	787.162	1	2	7	9	12	15	16	17	21	34	36	37	41	43	88	#
127	1095.73	4	6	12	15	18	23	26	36	37	42	45	53	55	59	88	#
128	1079.77	7	12	13	17	18	25	26	28	36	42	45	46	54	56	88	#
129	1078.79	0	3	5	10	32	34	36	43	44	45	50	53	58	59	88	#
130	1061.6	0	10	13	15	21	23	24	30	43	45	46	48	53	54	88	#
131	1043.21	11	15	17	19	20	23	31	36	43	45	50	53	57	60	88	#
132	467.24	4	7	11	14	16	35	41	46	55	89	#
133	680.483	1	7	14	26	28	29	33	37	53	89	#
134	634.346	6	13	23	26	30	32	35	55	61	89	#
135	553.495	5	9	16	17	26	33	35	45	55	89	#
136	496.663	9	16	24	26	35	41	49	54	61	89	#
137	459.428	3	14	28	40	46	54	57	58	60	89	#
138	264.56	45	49	53	60	90	#
139	369.06	42	45	49	53	90	#
140	356.873	10	15	27	45	90	#
141	133.163	35	45	59	60	90	#
142	734.068	4	9	11	14	24	30	34	40	41	45	48	52	53	54	56	58	62	91	#
143	1092.99	2	3	7	9	12	13	22	28	30	38	45	47	48	52	56	59	63	91	#
144	1050.44	5	8	11	12	14	18	26	28	31	33	37	41	42	55	57	59	63	91	#
145	1041.74	4	6	9	19	22	24	25	28	29	33	34	39	50	52	53	59	63	91	#
146	1029.96	1	2	8	10	11	13	15	19	20	22	28	32	33	35	45	54	60	91	#
147	989.802	5	7	10	11	12	15	16	18	19	29	32	40	41	42	46	49	56	91	#
148	1806.6	1	2	5	6	7	14	16	18	19	21	22	23	27	32	33	34	37	43	48	50	51	55	57	59	61	62	92	#
149	2049.38	3	4	5	6	8	9	10	11	12	16	19	26	28	33	34	37	39	40	41	43	45	54	57	61	62	63	92	#
150	1996.23	0	2	6	7	8	9	11	12	13	14	19	20	26	27	28	37	40	43	45	46	49	50	55	57	60	63	92	#
151	1989.51	0	3	6	7	8	9	10	14	19	20	21	25	26	30	35	37	39	43	45	46	47	54	58	59	60	61	92	#
152	1957.49	0	2	3	5	7	8	10	12	13	14	18	23	24	32	34	37	40	44	45	49	50	51	53	54	58	61	92	#
153	1951.26	3	5	8	9	10	19	20	21	22	23	24	26	28	30	38	40	43	45	46	47	51	54	58	59	61	62	92	#
154	866.318	2	3	13	17	18	21	22	26	47	48	49	50	52	58	59	61	62	93	#
155	1279.33	0	2	3	5	7	13	18	28	32	36	37	39	40	57	58	60	61	93	#
156	1104.12	0	3	7	9	11	13	15	18	28	29	45	47	54	57	59	60	61	93	#
157	1041.7	2	3	8	15	25	27	28	29	33	40	45	47	49	51	57	59	61	93	#
158	1035.28	3	4	5	7	15	17	18	24	26	29	42	43	45	47	49	58	63	93	#
159	1030.69	2	4	7	15	17	25	28	32	33	40	43	45	47	51	52	55	58	93	#
160	1229.3	0	6	11	12	13	14	21	22	25	26	28	37	39	42	43	53	62	94	#
161	1329.37	5	6	10	15	16	27	28	32	35	43	45	47	50	54	59	60	62	94	#
162	1258.39	4	10	19	26	27	28	37	38	39	46	47	52	53	54	58	59	62	94	#
163	1258.06	0	3	4	6	12	22	25	26	28	34	37	38	40	42	43	51	53	94	#
164	1237.26	1	4	5	6	7	11	12	17	22	23	27	28	40	43	49	50	61	94	#
165	1162.75	1	4	8	9	10	14	15	16	21	23	26	43	49	53	58	59	60	94	#
166	155.21	13	38	95	#
167	148.915	38	40	95	#
168	135.701	13	55	95	#
169	1529.44	8	10	12	19	20	21	22	26	27	31	32	33	34	37	39	41	42	48	49	50	53	56	58	61	63	96	#
170	1704.58	1	3	5	7	8	10	15	19	20	27	28	30	35	39	42	43	44	46	53	55	56	58	61	62	63	96	#
171	1637.57	3	4	6	7	8	16	19	21	25	27	28	29	35	37	42	44	46	49	50	53	56	57	59	61	62	96	#
172	1613.21	0	1	4	5	7	10	12	14	15	19	23	25	27	31	32	34	35	39	40	43	44	47	55	56	59	96	#
173	1596.52	1	2	7	10	12	15	16	17	20	23	26	27	28	29	31	35	40	41	46	50	53	56	57	62	63	96	#
174	1560.83	2	5	7	9	11	13	26	27	28	29	30	31	33	37	40	43	44	48	49	50	52	54	60	61	62	96	#
175	502.428	2	8	16	25	31	34	40	56	58	60	63	97	#
176	717.691	8	14	19	20	24	25	26	36	46	61	63	97	#
177	675.337	0	2	4	6	8	10	13	15	20	33	49	97	#
178	551.256	2	14	16	29	31	37	54	56	58	60	63	97	#
179	538.25	9	12	18	20	26	28	38	39	40	60	63	97	#
180	535.138	4	14	21	28	33	38	45	57	58	59	60	97	#
181	867.668	18	23	26	35	40	41	43	45	52	53	98	#
182	798.14	1	4	7	14	18	24	36	45	53	61	98	#
183	797.229	1	3	23	24	30	40	45	51	56	58	98	#
184	784.06	0	1	2	4	19	21	23	32	39	41	98	#
185	768.501	9	16	18	23	30	36	44	45	47	57	98	#
186	695.238	5	13	19	22	23	24	29	37	43	48	98	#
187	694.317	5	14	18	22	24	33	36	48	53	54	59	99	#
188	851.46	8	14	15	19	22	24	34	40	53	57	61	99	#
189	808.114	5	7	11	14	15	18	25	36	37	49	53	99	#
190	782.374	9	22	29	33	35	36	49	50	53	54	55	99	#
191	764.29	6	18	20	22	23	34	36	37	43	54	58	99	#
192	751.567	0	11	13	14	15	24	27	34	36	47	49	99	#
193	938.503	3	5	7	12	13	16	35	45	49	50	55	59	63	100	#
194	1075.69	0	5	19	26	27	28	34	41	42	50	51	52	61	100	#
195	1074.14	0	7	10	12	19	21	26	29	31	33	46	57	59	100	#
196	986.271	2	7	8	12	13	16	17	18	26	28	34	36	55	100	#
197	970.831	1	13	16	19	24	26	27	30	31	43	45	50	59	100	#
198	966.099	3	4	5	7	22	23	24	28	45	55	57	59	60	100	#
199	211.794	14	15	20	21	41	46	48	63	101	#
200	285.553	2	8	9	14	29	52	59	62	101	#
201	110.919	45	#
202	127.617	3	62	102	#
203	169.178	9	62	102	#
204	631.604	3	6	7	8	15	22	23	29	44	45	55	103	#
205	861.657	1	3	5	7	11	27	41	43	53	55	60	103	#
206	814.477	5	6	7	15	25	27	37	43	45	52	62	103	#
207	779.14	4	7	10	12	17	34	35	40	45	46	61	103	#
208	747.796	1	3	18	20	21	27	41	44	46	50	51	103	#
209	719.316	3	6	20	22	23	28	30	43	47	62	63	103	#
210	571.91	6	10	17	25	27	30	37	40	50	53	104	#
211	714.181	21	25	31	33	34	40	42	44	51	56	104	#
212	699.956	0	6	14	21	22	25	35	39	51	61	104	#
213	667.792	7	25	29	36	37	40	43	54	58	60	104	#
214	628.868	6	22	25	29	31	37	39	43	53	59	104	#
215	598.095	7	10	19	21	24	33	34	44	46	59	104	#
216	627.68	1	2	5	10	14	15	16	20	29	30	31	53	59	105	#
217	893.216	4	5	6	9	14	28	31	43	44	47	54	57	62	105	#
218	856.456	1	4	10	15	22	28	33	39	43	51	57	59	62	105	#
219	841.55	5	11	20	26	28	31	32	33	42	45	47	54	56	105	#
220	830.524	5	10	15	20	31	32	35	38	47	57	61	62	63	105	#
221	776.743	1	4	8	11	14	30	32	36	39	53	55	61	62	105	#
222	83.7035	30	#
223	1020.27	0	4	9	12	20	24	27	31	35	43	47	53	58	59	61	63	106	#
224	1184.38	11	12	15	22	24	25	28	34	38	39	40	46	47	50	53	61	106	#
225	1058.71	7	9	15	18	21	30	33	36	40	43	45	47	50	52	55	61	106	#
226	1031.59	9	18	19	22	23	24	27	35	39	40	46	53	55	58	59	61	106	#
227	946.134	10	14	18	24	27	30	34	40	46	49	50	53	55	59	60	61	106	#
228	911.613	1	5	13	14	15	25	29	34	37	39	43	47	48	52	53	62	106	#
229	643.616	6	28	40	44	45	47	49	56	107	#
230	707.459	3	4	13	19	44	56	57	58	107	#
231	666.629	6	8	12	19	25	26	44	57	107	#
232	650.773	4	8	9	28	47	58	59	60	107	#
233	603.069	13	21	22	26	30	34	43	49	107	#
234	577.735	7	20	25	38	45	47	52	53	107	#
235	1617.03	0	2	4	6	10	12	15	16	26	27	28	30	32	35	39	40	41	46	53	54	56	58	59	60	108	#
236	1909.38	1	4	5	7	21	22	25	26	30	31	32	33	37	39	42	46	47	48	51	53	54	55	57	59	108	#
237	1754.48	0	1	2	4	5	7	11	12	20	24	26	27	32	36	40	42	45	48	49	51	56	57	58	60	108	#
238	1720.93	1	4	7	10	11	16	17	18	21	24	28	30	32	35	36	47	48	50	52	54	56	57	58	59	108	#
239	1683.42	0	3	15	18	20	21	28	29	30	31	35	36	37	38	39	41	48	50	53	56	57	58	60	61	108	#
240	1680.65	0	4	5	8	9	12	14	17	25	26	28	30	35	36	37	38	39	40	42	50	53	55	59	62	108	#
241	121.807	24	#
242	114.297	2	6	109	#
243	131.549	6	15	109	#
244	64.9352	2	52	109	#
245	651.39	0	5	9	11	19	20	24	33	44	49	60	62	110	#
246	914.69	0	2	5	9	22	24	27	31	32	36	48	49	110	#
247	861.522	0	16	17	21	27	33	36	44	46	47	51	61	110	#
248	813.606	10	21	23	25	34	36	44	46	51	54	55	56	110	#
249	764.236	7	8	13	15	20	24	30	37	44	57	60	61	110	#
250	762.556	0	5	15	16	26	32	35	41	44	46	47	59	110	#
251	2508.08	0	1	2	3	5	7	8	11	12	13	14	15	18	19	20	22	25	27	28	29	30	32	35	36	37	38	39	40	41	42	43	44	46	47	49	53	54	60	61	62	63	111	#
252	2849.24	0	1	2	4	5	6	7	8	10	11	12	13	16	19	20	21	22	24	27	28	29	30	32	36	37	42	44	45	46	47	48	49	50	51	53	55	56	58	59	60	62	111	#
253	2833.52	0	1	3	4	5	7	8	10	12	13	14	16	20	22	24	25	27	28	29	30	31	32	34	36	38	39	40	42	43	45	47	48	50	51	52	55	56	57	59	60	63	111	#
254	2795.21	0	1	4	5	6	7	9	11	12	13	16	19	20	22	25	26	27	28	29	30	31	32	34	35	37	39	40	42	44	45	47	48	49	50	54	56	57	58	59	60	63	111	#
255	2756.91	0	2	3	4	5	6	11	12	17	19	20	22	23	24	25	27	28	29	32	33	35	36	38	39	40	41	42	43	44	45	46	47	49	50	51	53	56	59	60	61	62	111	#
256	2732.84	1	2	3	4	5	6	10	12	13	17	18	19	20	22	23	25	26	29	31	32	33	35	36	37	41	42	43	44	45	47	49	50	51	53	54	55	56	57	59	60	63	111	#
257	105.001	37	#
258	811.797	0	8	12	13	14	16	18	21	22	27	29	60	112	#
259	1010.13	0	4	21	33	35	37	41	42	44	49	57	63	112	#
260	992.627	1	4	13	16	26	27	28	29	47	50	51	61	112	#
261	956.184	0	7	14	16	18	28	29	41	44	51	58	61	112	#
262	923.054	0	3	5	13	14	17	22	33	36	44	45	56	112	#
263	903.16	0	6	12	14	23	29	30	34	50	57	61	63	112	#
264	149.719	0	46	113	#
265	145.584	0	11	113	#
266	118.115	45	46	113	#
267	1688.73	5	12	13	18	19	28	29	31	32	37	39	41	45	46	47	48	50	52	53	55	56	57	58	59	114	#
268	1882.51	0	4	9	10	11	12	19	21	22	27	29	33	34	37	42	43	45	46	50	52	54	56	59	63	114	#
269	1742.31	4	5	11	12	13	15	16	17	20	29	31	36	38	42	43	44	46	50	53	55	56	57	58	59	114	#
270	1728.51	0	6	8	10	12	16	19	22	23	24	29	31	33	39	42	43	47	48	50	51	53	55	58	59	114	#
271	1648.17	1	2	4	5	8	10	11	12	27	28	29	34	35	39	41	43	46	47	48	51	56	57	59	63	114	#
272	1647.56	6	7	13	16	19	20	23	27	29	30	32	33	34	36	37	38	39	42	43	44	48	50	56	58	114	#
273	1678.5	0	2	5	7	8	10	14	15	18	19	20	21	24	25	31	32	33	37	43	46	47	49	50	52	55	56	57	58	60	115	#
274	2137.63	1	2	5	6	8	9	10	13	14	15	17	19	21	22	24	27	28	30	32	36	38	39	42	44	45	47	50	51	62	115	#
275	1999.8	1	2	3	5	6	11	12	14	18	22	23	26	27	28	30	31	35	36	37	38	39	42	43	44	48	50	53	61	62	115	#
276	1958.35	0	3	4	5	6	7	9	13	14	16	17	20	23	26	27	28	32	35	38	45	49	50	52	53	57	60	61	62	63	115	#
277	1922.52	0	2	8	9	12	14	19	20	21	25	26	27	28	36	37	38	39	40	44	46	47	50	51	53	54	57	58	59	62	115	#
278	1920.52	2	3	4	7	9	10	14	15	16	20	22	24	26	27	30	31	32	36	37	43	44	48	49	50	54	56	60	61	63	115	#
279	95.2785	33	63	116	#
280	100.304	31	#
281	91.4089	1	63	116	#
282	434.696	7	9	14	25	26	33	35	40	55	117	#
283	619.952	9	22	25	28	31	33	47	50	61	117	#
284	599.715	1	11	13	26	38	53	55	56	61	117	#
285	565.756	0	23	26	39	41	42	45	60	61	117	#
286	558.673	1	4	12	15	25	37	40	46	51	117	#
287	377.614	9	16	19	24	33	46	54	56	59	117	#
288	750.675	0	11	13	22	29	43	45	52	55	61	118	#
289	963.883	1	3	5	7	13	23	24	30	43	60	118	#
290	878.03	0	7	13	23	26	41	43	49	57	61	118	#
291	833.734	1	5	9	22	23	31	36	37	45	56	118	#
292	778.845	0	4	5	20	22	23	32	57	59	60	118	#
293	708.209	0	7	11	16	25	43	52	53	59	60	118	#
294	1191.03	1	2	4	5	8	11	14	16	18	20	23	24	29	31	32	35	39	41	44	48	49	57	60	119	#
295	1623.96	1	4	5	6	7	9	11	15	22	23	28	31	35	36	38	40	49	50	51	55	60	61	63	119	#
296	1607.92	0	4	6	7	9	14	18	20	22	24	25	26	30	31	32	48	49	50	53	60	61	62	63	119	#
297	1567.72	1	4	9	11	15	21	22	26	27	28	29	30	31	35	36	44	46	47	48	49	51	56	60	119	#
298	1553.71	0	5	6	9	10	14	15	16	21	22	24	25	26	30	32	35	36	38	44	49	52	56	62	119	#
299	1484.09	0	1	2	3	4	5	7	8	10	18	29	30	31	35	36	39	42	43	44	48	50	58	60	119	#
300	1223.73	0	3	10	27	28	36	39	40	41	52	53	56	57	58	61	62	63	120	#
301	1270.59	0	5	8	27	28	29	32	35	37	38	40	42	46	48	51	54	57	120	#
302	1240.91	2	11	21	26	27	32	36	37	46	47	51	56	57	58	59	62	63	120	#
303	1210.5	0	3	12	21	25	28	32	33	36	37	41	46	51	54	57	58	59	120	#
304	1181.74	1	5	6	9	16	22	27	34	35	36	37	39	42	44	51	53	62	120	#
305	1151.22	1	2	11	12	14	15	20	21	22	25	27	28	30	40	46	57	61	120	#
306	599.773	11	13	19	22	27	30	31	35	36	40	41	44	121	#
307	859.668	0	3	8	9	13	19	34	45	47	59	61	62	121	#
308	810.991	8	22	23	27	28	33	40	41	49	52	55	59	121	#
309	807.212	3	5	17	18	23	24	26	28	29	41	46	59	121	#
310	765.965	4	9	10	22	24	29	34	38	44	49	51	57	121	#
311	756.335	0	7	11	13	31	34	35	36	43	45	52	60	121	#
312	348.158	1	8	17	40	41	46	48	49	57	122	#
313	433.588	4	11	24	34	40	45	46	52	56	122	#
314	367.125	6	19	23	24	29	30	41	46	58	122	#
315	280.411	19	38	39	56	59	123	#
316	352.912	18	24	26	51	56	123	#
317	313.962	1	8	19	24	30	123	#
318	283.201	11	13	26	34	38	123	#
319	247.138	42	45	52	59	62	123	#
320	237.363	14	21	31	37	39	123	#
321	68.0787	55	#
322	992.327	2	3	7	11	14	15	19	29	36	37	44	46	53	57	61	62	124	#
323	1204.43	0	1	2	4	6	10	14	17	19	21	23	40	42	55	56	58	124	#
324	1188.97	6	14	16	17	19	21	23	30	35	36	42	43	45	57	62	63	124	#
325	1167.16	1	4	7	10	19	20	22	29	32	43	44	48	49	54	58	61	124	#
326	1155.5	7	9	19	26	27	35	40	41	43	44	46	51	54	55	58	63	124	#
327	1147.38	1	2	5	10	11	16	27	28	31	32	35	44	47	50	56	61	124	#
328	209.083	0	14	35	51	55	62	125	#
329	301.597	0	9	22	35	56	63	125	#
330	223.708	4	14	21	24	48	62	125	#
331	1608.28	0	2	3	6	8	11	15	18	23	24	25	26	27	29	30	31	33	37	40	43	45	47	53	56	58	59	60	126	#
332	2105.35	1	4	5	7	11	12	13	14	15	17	23	26	30	33	35	36	37	39	40	43	44	45	47	49	55	58	60	126	#
333	1955.56	2	3	4	5	11	13	17	22	24	26	28	30	35	36	39	41	42	43	47	49	51	52	53	55	57	58	62	126	#
334	1857.93	2	3	4	5	7	8	13	16	17	19	23	25	29	35	36	37	39	41	44	45	46	47	51	55	59	60	62	126	#
335	1838.2	0	2	3	5	7	8	11	13	15	17	20	22	23	25	28	31	32	33	36	37	40	41	51	54	57	58	61	126	#
336	1821.64	0	2	3	4	5	13	14	15	16	17	19	21	23	24	25	31	32	37	39	40	43	44	50	51	54	57	59	126	#
337	293.771	2	7	10	34	46	56	127	#
338	438.412	16	19	29	32	37	46	127	#
339	375.671	2	3	23	34	56	62	127	#
340	351.503	2	7	11	13	21	51	127	#
341	860.375	0	6	9	11	23	24	26	27	33	34	45	48	55	128	#
342	961.117	0	12	25	29	35	38	40	43	45	47	50	51	54	128	#
343	946.835	0	4	6	7	13	16	19	27	38	44	48	54	56	128	#
344	912.571	1	3	5	14	17	21	24	27	28	34	53	55	63	128	#
345	874.825	1	2	4	5	26	29	34	46	51	53	55	60	63	128	#
346	809.894	1	3	8	11	16	18	27	32	42	51	52	59	61	128	#
347	805.571	7	20	24	28	47	49	57	58	129	#
348	647.206	3	9	29	37	47	49	50	58	129	#
349	641.132	7	21	23	24	28	38	41	48	129	#
350	577.395	3	19	28	38	42	51	52	56	129	#
351	566.541	14	21	24	32	41	47	52	63	129	#
352	565.959	35	42	46	47	52	56	58	59	129	#
353	1273.75	1	5	6	7	12	15	19	22	27	30	31	32	38	44	57	61	63	130	#
354	1347.25	7	8	9	10	12	13	14	15	19	21	29	32	33	40	43	56	61	130	#
355	1291.58	1	3	4	5	9	10	12	13	16	23	27	32	43	45	54	57	58	130	#
356	1280.67	0	1	5	9	12	13	21	23	42	43	44	49	53	56	59	60	63	130	#
357	1237.89	1	3	5	7	8	12	15	17	18	21	22	30	45	47	53	57	59	130	#
358	1128.42	1	5	9	12	15	19	22	24	25	29	30	33	38	43	50	57	59	130	#
359	97.3637	48	59	61	131	#
360	108.382	9	19	59	131	#
361	682.023	1	3	5	6	26	30	31	32	50	53	59	132	#
362	749.35	2	6	26	27	29	33	43	47	53	57	62	132	#
363	718.277	3	6	15	18	19	27	30	37	42	48	55	132	#
364	674.062	4	13	16	23	25	31	34	37	40	42	44	132	#
365	607.133	4	6	14	19	28	40	41	46	53	54	62	132	#
366	594.322	8	9	15	20	21	25	27	50	57	58	62	132	#
367	61.5399	56	#
368	1225.52	3	7	17	18	22	25	29	32	34	37	39	42	45	48	49	50	54	55	58	59	61	133	#
369	1777.55	0	3	4	5	6	7	12	23	26	28	31	37	40	41	42	43	44	46	49	54	57	133	#
370	1662.09	3	4	10	12	15	19	22	23	25	27	28	32	35	37	40	41	46	47	50	58	59	133	#
371	1517.11	0	1	3	4	5	6	7	8	9	23	24	28	34	37	39	44	46	49	55	57	59	133	#
372	1493.71	0	4	9	15	16	20	22	23	26	33	35	37	47	50	52	54	55	56	57	59	60	133	#
373	1473.15	3	4	5	15	18	21	26	28	29	30	33	39	41	43	46	48	49	50	56	60	61	133	#
374	350.969	7	22	27	38	58	134	#
375	400.173	7	27	29	31	37	134	#
376	275.942	2	23	38	58	60	134	#
377	261.879	2	4	9	23	27	134	#
378	203.278	1	8	38	47	59	134	#
379	197.65	2	9	22	25	61	134	#
380	381.838	8	16	35	46	48	50	59	135	#
381	527.515	0	8	10	15	35	46	47	135	#
382	523.339	1	17	27	28	38	50	53	135	#
383	425.025	2	22	26	30	31	52	59	135	#
384	420.833	0	6	18	25	33	46	63	135	#
385	330.134	0	4	17	35	37	41	54	135	#
386	399.55	14	21	48	49	61	63	136	#
387	517.49	7	14	21	42	50	53	136	#
388	496.023	7	10	14	34	35	61	136	#
389	452.98	21	22	26	35	48	60	136	#
390	444.309	6	17	40	42	51	63	136	#
391	439.995	14	19	41	52	53	61	136	#
392	290.297	12	17	20	25	32	46	48	54	58	137	#
393	407.453	15	17	21	38	39	46	48	55	58	137	#
394	395.164	2	12	14	21	28	30	36	48	55	137	#
395	392.408	8	20	23	41	52	53	54	55	61	137	#
396	307.975	2	10	24	46	48	51	54	59	63	137	#
397	874.947	9	11	12	14	16	17	18	30	36	43	47	49	57	62	63	138	#
398	1277.51	1	4	9	25	28	36	37	38	43	45	47	50	51	56	57	138	#
399	1216.29	11	18	22	23	24	29	34	36	40	42	49	50	56	57	60	138	#
400	1175.55	4	6	7	9	10	12	16	22	23	28	29	31	36	45	51	138	#
401	1153.04	5	13	18	21	22	30	34	36	37	46	49	50	54	55	56	138	#
402	1138.94	5	9	10	16	20	27	31	33	39	40	43	45	51	57	63	138	#
403	462.49	2	4	14	19	22	29	46	54	63	139	#
404	579.128	21	28	30	31	37	42	46	49	63	139	#
405	560.972	3	22	24	25	29	32	39	54	59	139	#
406	521.513	9	11	22	29	31	34	39	43	44	139	#
407	518.348	10	11	17	19	20	40	41	45	55	139	#
408	508.867	2	4	19	28	44	46	48	61	62	139	#
409	1357.38	0	2	7	10	19	21	27	28	30	36	40	48	49	50	52	53	55	56	58	140	#
410	1426.39	3	12	18	20	22	26	27	28	37	39	43	44	47	51	52	53	54	56	57	140	#
411	1293.95	2	6	7	12	17	20	21	23	25	27	36	37	39	45	55	56	57	62	63	140	#
412	1281.62	0	5	6	9	11	12	20	27	28	32	45	50	51	52	53	54	57	58	59	140	#
413	1222.88	5	8	11	12	13	18	20	22	26	28	29	30	36	37	39	48	50	53	59	140	#
414	1180.1	6	7	15	17	20	22	24	25	26	27	29	30	36	39	41	44	52	56	60	140	#
415	1057.29	1	11	18	21	22	32	34	37	38	41	43	44	45	50	52	53	56	59	141	#
416	1232.01	0	3	4	7	11	13	16	22	26	27	32	34	35	37	46	54	56	62	141	#
417	1179.35	3	5	6	15	23	26	37	40	41	42	43	45	50	52	53	56	59	61	141	#
418	1174.49	0	9	14	19	20	22	24	26	32	36	37	38	43	46	47	48	57	60	141	#
419	1157.82	4	7	8	9	12	13	16	19	35	37	39	41	45	50	55	57	59	61	141	#
420	1130.52	1	10	12	19	24	25	26	32	37	38	40	41	43	44	46	48	50	59	141	#
421	352.496	1	5	15	20	41	43	142	#
422	460.16	0	5	11	15	46	60	142	#
423	449.679	3	15	43	47	53	55	142	#
424	334.709	1	21	29	50	53	58	142	#
425	290.368	15	18	40	41	51	55	142	#
426	261.784	7	15	20	21	34	43	142	#
427	659.802	15	23	29	32	33	38	51	52	57	63	143	#
428	817.625	16	21	27	29	31	35	47	53	57	59	143	#
429	777.35	21	22	24	25	26	32	33	43	47	48	143	#
430	666.934	7	11	23	27	29	31	37	40	54	61	143	#
431	665.747	6	9	15	22	23	25	27	34	44	58	143	#
432	661.745	4	6	16	24	28	38	40	45	49	58	143	#
433	305.962	4	22	36	47	55	60	144	#
434	275.515	4	12	17	47	52	60	144	#
435	257.395	2	4	12	18	22	55	144	#
436	207.96	15	34	40	47	52	56	144	#
437	500.744	12	20	23	42	43	44	47	58	62	63	145	#
438	743.229	12	13	18	35	38	39	42	47	50	51	145	#
439	730.559	13	21	30	32	37	44	46	58	61	63	145	#
440	679.517	10	20	21	40	45	46	52	56	60	62	145	#
441	654.148	4	16	20	38	39	43	45	46	50	59	145	#
442	630.919	4	8	13	16	23	39	43	45	55	60	145	#
443	86.7623	15	22	146	#
444	108.927	22	52	146	#
445	99.9354	15	16	146	#
446	129.58	24	26	147	#
447	165.688	23	24	147	#
448	111.079	26	30	147	#
449	562.03	2	5	8	13	14	17	30	43	58	59	60	148	#
450	778.526	5	12	15	20	34	43	45	57	59	60	61	148	#
451	738.939	1	3	12	16	17	20	26	47	57	62	63	148	#
452	709.106	1	8	10	17	20	31	33	36	47	58	59	148	#
453	698.228	0	12	20	29	40	42	47	52	55	58	61	148	#
454	683.07	1	2	7	8	13	31	34	36	59	60	63	148	#
455	300.548	13	30	39	45	149	#
456	391.265	3	7	10	13	149	#
457	311.964	39	47	50	52	149	#
458	289.039	10	30	41	44	149	#
459	271.443	1	33	40	45	149	#
460	270.331	11	14	23	29	41	46	58	150	#
461	391.191	11	15	28	30	48	53	63	150	#
462	366.006	0	27	41	47	49	54	58	150	#
463	299.706	0	8	12	14	15	29	46	150	#
464	130.279	47	#
465	630.58	4	8	20	22	23	25	27	28	31	36	48	54	151	#
466	761.054	1	11	15	28	33	37	44	45	47	50	53	59	151	#
467	759.771	1	16	23	31	38	42	44	47	48	54	57	58	151	#
468	714.612	2	4	12	18	19	22	25	37	42	47	49	61	151	#
469	709.802	4	5	8	10	16	20	29	43	47	57	58	59	151	#
470	694.346	0	6	7	17	20	27	32	39	56	60	62	63	151	#
471	285.04	5	6	36	44	152	#
472	335.118	5	24	36	57	152	#
473	260.007	6	41	44	61	152	#
474	236.572	6	23	44	54	152	#
475	198.379	14	17	23	36	152	#
476	610.514	5	8	20	28	37	42	48	57	153	#
477	606.686	17	18	28	29	36	43	44	53	153	#
478	603.568	0	4	20	27	37	40	48	49	153	#
479	575.836	5	16	25	31	32	48	51	61	153	#
480	555.934	6	11	23	30	38	44	50	57	153	#
481	513.708	11	12	13	20	25	26	33	38	153	#
482	3324.8	0	1	2	3	4	5	6	7	8	9	11	12	13	14	15	16	17	18	19	20	21	23	24	25	26	27	29	30	31	32	33	34	35	36	37	38	39	40	42	43	44	45	46	47	48	49	50	51	52	55	56	57	58	59	61	62	63	154	#
483	3737.05	0	2	3	4	5	6	7	8	9	10	12	13	14	15	16	17	18	19	20	21	22	23	24	25	26	27	28	29	30	31	32	33	34	35	36	37	39	40	41	42	43	44	45	46	47	48	50	51	52	55	56	57	58	60	61	62	63	154	#
484	3660.9	0	2	3	4	5	6	7	8	9	10	12	13	14	15	16	17	18	19	21	22	23	24	25	26	27	28	29	30	31	32	33	34	35	36	37	38	39	40	41	42	43	44	45	46	47	50	51	52	54	55	56	57	58	60	61	62	63	154	#
485	3630.15	0	1	2	3	4	5	6	7	8	9	10	11	12	13	14	15	16	17	18	19	20	21	22	24	25	26	27	28	29	30	31	32	34	35	36	37	39	40	41	42	43	45	46	47	48	50	51	52	54	55	57	58	59	60	61	62	63	154	#
486	3623.19	0	1	2	3	4	5	6	7	8	9	10	11	12	13	14	15	16	18	19	20	21	22	23	24	25	26	27	28	29	30	31	32	33	34	35	36	37	38	39	40	41	42	43	45	46	47	50	51	52	54	55	57	58	60	61	62	63	154	#
487	3591.8	1	2	3	4	5	6	7	8	9	10	11	13	14	15	16	17	18	19	20	21	22	24	25	26	27	28	29	30	31	32	33	34	35	36	37	38	39	40	41	42	43	44	45	46	47	48	50	51	52	53	56	57	58	60	61	62	63	154	#
488	1641.12	0	1	3	5	12	15	17	19	23	26	27	29	31	33	41	44	48	49	51	54	55	56	57	58	60	63	155	#
489	1869.75	0	1	3	5	6	7	9	12	13	14	16	18	19	22	23	24	32	35	37	41	43	45	50	60	61	63	155	#
490	1795.09	0	3	4	9	10	11	12	16	17	18	21	24	26	27	28	29	35	41	43	45	48	50	53	55	61	63	155	#
491	1794.53	0	3	4	11	18	19	20	22	23	26	27	28	30	31	33	39	42	43	44	45	47	49	50	51	53	60	155	#
492	1770.79	0	1	2	5	8	10	11	12	17	18	19	21	26	30	33	43	45	46	49	51	54	55	56	57	58	61	155	#
493	1732.51	0	3	5	11	12	16	17	18	19	20	24	26	27	33	39	43	45	46	48	49	50	53	57	58	59	61	155	#
494	826.158	0	10	18	21	26	29	34	35	40	49	51	63	156	#
495	967.586	1	10	12	13	27	33	37	45	47	53	54	58	156	#
496	928.183	0	1	2	12	14	22	35	37	40	50	53	58	156	#
497	880.497	0	1	9	10	11	20	26	31	34	40	51	56	156	#
498	870.832	2	3	9	10	11	12	21	31	36	37	50	61	156	#
499	865.871	0	1	9	16	18	26	37	41	43	47	48	51	156	#
500	1203.95	5	7	8	9	13	18	22	23	27	34	38	45	46	50	51	57	157	#
501	1268.1	3	7	8	16	18	24	28	31	35	37	43	44	51	53	56	62	157	#
502	1246.4	0	1	5	6	9	11	12	27	28	29	38	45	53	57	59	60	157	#
503	1238.72	8	10	13	16	18	22	23	28	33	38	43	45	46	47	56	60	157	#
504	1192.53	2	6	7	12	21	22	24	25	27	34	37	38	42	45	50	51	157	#
505	1156.29	6	9	13	16	22	26	27	31	32	44	50	51	54	55	57	60	157	#
506	611.821	7	11	16	21	26	48	53	61	158	#
507	682.966	4	6	7	11	26	37	40	61	158	#
508	642.65	13	16	19	21	35	42	45	62	158	#
509	620.095	0	5	11	25	26	44	50	56	158	#
510	614.922	9	16	18	19	26	33	59	63	158	#
511	602.8	0	26	40	52	53	54	56	61	158	#
512	375.652	19	21	27	35	159	#
513	258.551	6	8	27	31	159	#
514	252.081	0	16	30	35	159	#
515	228.698	2	21	32	36	159	#
516	179.641	19	41	51	55	159	#
517	127.893	43	49	160	#
518	139.406	43	52	160	#
519	216.229	24	30	39	59	161	#
520	292.477	4	13	30	53	161	#
521	251	13	24	53	54	161	#
522	190.386	2	18	39	53	161	#
523	93.2699	50	52	55	59	161	#
524	1984.74	1	4	6	8	9	11	12	13	14	15	17	18	20	21	22	24	26	27	29	34	35	36	38	39	40	42	44	45	46	48	49	52	54	55	58	59	61	63	162	#
525	2603.78	1	2	3	4	5	12	13	15	16	19	20	21	22	23	24	25	26	27	28	29	30	34	36	37	39	40	43	44	45	46	47	52	53	57	58	59	61	63	162	#
526	2536.06	0	2	3	4	6	7	8	10	13	14	15	16	18	19	21	23	24	26	29	30	32	33	36	37	38	40	42	44	46	47	51	52	53	54	56	57	58	63	162	#
527	2512.67	1	2	5	7	8	13	14	15	16	17	19	21	22	23	24	26	28	29	30	33	35	36	37	38	40	41	43	46	49	51	53	55	56	57	59	60	61	63	162	#
528	2502.99	0	2	4	7	8	11	12	13	18	19	21	23	24	25	26	29	30	31	33	34	35	37	38	39	40	42	43	44	51	52	53	54	55	56	57	58	60	63	162	#
529	2486.39	0	1	7	8	13	14	17	18	19	21	22	24	26	28	29	30	32	34	36	38	39	40	43	45	47	48	51	52	53	54	55	56	58	59	60	61	62	63	162	#
530	679.062	9	10	11	15	19	25	32	35	43	54	55	59	163	#
531	898.964	0	4	20	26	27	35	43	52	53	58	59	60	163	#
532	894.528	2	6	12	20	26	27	28	40	43	50	53	59	163	#
533	873.251	2	7	22	23	25	28	31	34	38	45	53	60	163	#
534	867.886	4	6	11	24	26	35	38	43	49	50	52	59	163	#
535	835.646	4	5	9	15	23	31	35	43	44	45	51	57	163	#
536	1863.37	0	1	8	11	12	13	15	18	19	23	24	25	29	30	31	33	35	36	38	39	42	44	46	47	49	51	52	56	57	61	164	#
537	2182.56	0	1	2	4	5	6	9	10	11	14	15	19	20	21	22	25	26	27	28	31	36	37	39	40	41	42	50	56	60	61	164	#
538	2176.58	0	1	7	10	18	20	21	23	26	28	29	31	32	35	36	37	38	40	41	42	46	47	50	51	52	54	56	60	61	63	164	#
539	2165.29	0	1	2	3	4	7	8	9	10	14	18	19	20	21	24	26	27	31	32	35	36	37	39	43	46	51	55	57	61	62	164	#
540	2155.69	1	5	9	10	19	23	25	26	28	31	32	34	36	37	38	39	40	41	42	44	45	49	50	51	53	55	56	60	62	63	164	#
541	2143.04	0	5	8	15	16	18	21	23	25	26	27	28	30	31	32	33	35	37	38	41	42	45	49	51	54	56	57	59	61	62	164	#
542	30.7779	34	#
543	380.092	5	23	35	42	165	#
544	239.093	8	23	32	42	165	#
545	217.849	2	4	5	24	165	#
546	211.279	11	23	35	46	165	#
547	108.502	8	23	36	58	165	#
548	1377.61	3	10	18	20	24	25	26	28	29	34	36	40	42	46	50	51	52	53	56	58	63	166	#
549	1420.69	0	4	8	13	15	22	25	28	31	32	37	38	42	44	47	52	53	54	56	58	63	166	#
550	1399.84	0	1	4	7	8	9	12	13	19	21	26	29	33	43	45	51	52	54	56	61	63	166	#
551	1354.91	1	5	7	9	10	12	15	16	19	20	22	27	28	31	34	38	45	50	52	58	62	166	#
552	1344.8	5	12	18	20	22	25	26	27	33	39	40	45	46	48	50	52	53	54	60	62	63	166	#
553	1343.06	1	3	4	6	10	13	19	20	22	26	27	32	33	35	37	41	44	45	54	58	63	166	#
554	174.059	26	38	46	58	167	#
555	229.467	28	38	43	58	167	#
556	1069.34	4	10	13	14	17	21	23	27	35	37	41	45	47	51	52	57	63	168	#
557	1366.99	0	5	8	12	16	20	26	27	30	31	37	40	46	49	53	57	58	168	#
558	1348.36	0	3	10	12	13	19	20	23	26	28	37	41	42	47	48	53	55	168	#
559	1328.73	1	3	6	11	12	14	17	19	23	29	32	40	47	51	57	58	61	168	#
560	1292.76	0	2	9	10	12	13	23	25	27	33	39	40	42	43	58	60	61	168	#
561	1283.71	1	12	13	14	17	19	20	26	27	37	39	44	45	52	53	55	62	168	#
562	879.287	13	20	26	27	34	38	39	44	48	49	50	51	169	#
563	1158.64	0	6	11	13	24	36	47	50	51	53	55	56	169	#
564	967.33	7	8	10	24	39	40	41	44	47	50	61	62	169	#
565	823.367	6	13	27	39	44	47	48	52	53	59	61	62	169	#
566	784.459	1	9	16	29	38	40	49	50	51	52	56	61	169	#
567	749.699	0	6	12	21	25	33	34	43	44	55	56	62	169	#
568	259.906	27	40	54	61	170	#
569	314.835	14	56	57	61	170	#
570	273.687	4	25	30	40	170	#
571	145.84	27	29	38	59	170	#
572	31.9596	4	35	39	54	170	#
573	698.601	3	7	24	33	43	45	55	57	171	#
574	808.915	3	4	7	24	27	36	52	57	171	#
575	737.405	0	1	3	5	8	33	35	42	171	#
576	732.349	4	5	7	24	26	30	40	60	171	#
577	692.342	0	6	8	25	47	50	57	62	171	#
578	687.667	0	9	13	18	47	51	55	56	171	#
579	855.37	0	8	14	26	33	34	37	38	43	52	63	172	#
580	1166.31	0	6	21	27	28	34	43	49	50	57	63	172	#
581	959.06	0	5	13	16	18	32	34	50	53	60	61	172	#
582	922.023	0	24	27	35	37	41	43	51	55	58	59	172	#
583	900.354	6	15	18	26	27	30	31	38	43	53	54	172	#
584	847.956	8	11	13	20	27	28	31	40	46	48	50	172	#
585	726.966	25	28	31	42	45	57	61	173	#
586	636.037	0	9	19	23	29	42	49	173	#
587	548.875	6	7	27	31	50	57	63	173	#
588	517.797	6	21	24	26	31	37	48	173	#
589	496.819	25	30	33	49	53	56	61	173	#
590	463.835	8	15	25	28	35	38	54	173	#
591	455.577	15	22	23	28	33	40	58	63	174	#
592	622.846	16	19	23	33	37	42	55	58	174	#
593	510.499	7	9	14	33	37	42	51	57	174	#
594	505.184	8	10	19	20	21	23	36	51	174	#
595	442.256	4	22	29	32	36	40	44	56	174	#
596	380.527	0	13	22	28	50	54	57	59	174	#
597	189.845	6	16	17	27	59	175	#
598	221.692	0	18	37	45	59	175	#
599	198.891	15	16	18	25	26	175	#
600	657.478	0	5	6	15	29	39	42	46	47	52	57	63	176	#
601	884.266	0	8	9	22	23	33	45	47	50	51	54	60	176	#
602	838.615	4	7	10	13	15	19	26	32	37	43	46	47	176	#
603	828.055	6	7	9	12	26	32	34	35	38	42	46	59	176	#
604	785.327	1	4	5	7	12	28	36	40	49	51	52	62	176	#
605	778.681	0	2	6	7	29	31	45	46	49	52	60	62	176	#
606	336.634	10	26	27	46	52	58	62	177	#
607	392.037	1	4	8	28	33	39	58	177	#
608	357.206	5	20	45	49	50	52	63	177	#
609	355.163	22	33	36	37	40	41	62	177	#
610	344.883	8	39	41	43	46	60	62	177	#
611	337.079	10	15	16	28	39	41	46	177	#
612	98.2344	57	#
613	586.155	5	7	11	14	39	48	52	57	60	178	#
614	597.394	6	17	23	24	26	35	55	57	58	178	#
615	559.526	7	8	10	17	24	32	39	61	62	178	#
616	541.436	12	17	18	20	22	35	52	53	62	178	#
617	526.77	12	13	20	22	38	39	49	51	62	178	#
618	475.434	14	18	20	29	42	48	49	52	58	178	#
619	533.653	1	7	17	36	39	42	43	50	55	59	61	179	#
620	799.095	1	4	17	22	31	39	45	50	51	52	57	179	#
621	781.672	13	30	31	40	41	45	50	53	55	61	63	179	#
622	780.366	1	4	5	7	9	12	23	39	41	57	63	179	#
623	766.553	2	19	21	27	37	40	45	49	50	55	56	179	#
624	742.265	4	5	6	11	17	19	29	31	32	45	50	179	#
625	477.014	4	13	17	23	26	28	180	#
626	460.834	11	13	37	43	52	62	180	#
627	434.734	4	5	20	36	37	44	180	#
628	399.607	17	26	27	40	42	59	180	#
629	392.904	3	6	12	26	52	59	180	#
630	366.276	28	32	49	50	56	58	180	#
631	995.19	5	9	11	13	16	21	24	32	33	39	43	46	49	57	58	59	181	#
632	1237.13	0	5	12	15	17	18	27	31	33	47	49	51	52	57	60	61	181	#
633	1141.33	0	1	2	5	8	10	21	22	32	36	37	39	41	51	61	63	181	#
634	1088.32	0	4	5	7	9	12	16	21	22	30	34	36	49	60	62	63	181	#
635	1019.83	4	6	12	21	25	32	34	37	41	43	47	49	50	53	58	60	181	#
636	1013.58	0	4	6	9	11	12	15	34	35	37	45	47	50	53	56	63	181	#
637	984.694	6	7	10	13	14	26	35	37	40	51	53	182	#
638	894.812	7	16	17	18	26	31	32	37	47	49	53	182	#
639	880.43	1	6	11	13	21	24	26	29	31	40	61	182	#
640	849.493	5	17	21	26	30	45	49	51	57	58	61	182	#
641	835.835	5	14	18	21	24	26	27	33	48	50	61	182	#
642	772.971	10	17	18	26	31	35	37	40	52	57	58	182	#
643	113.658	53	62	183	#
644	168.092	36	62	183	#
645	590.655	3	4	7	16	17	27	30	34	44	48	58	184	#
646	870.459	3	4	8	13	28	36	39	46	53	58	59	184	#
647	848.862	0	3	10	19	35	36	46	49	50	59	62	184	#
648	768.652	7	13	18	29	30	40	45	48	49	53	58	184	#
649	752.45	1	7	8	12	18	23	34	42	47	58	60	184	#
650	669.182	1	4	5	6	7	16	18	23	26	48	57	184	#
651	548.669	5	20	27	28	34	36	38	48	49	61	62	185	#
652	807.255	0	21	33	34	42	43	50	59	60	62	63	185	#
653	802.726	0	18	21	27	43	47	48	49	57	58	60	185	#
654	680.692	3	21	26	41	43	44	47	48	49	55	63	185	#
655	672.622	1	8	17	33	34	35	37	42	44	51	61	185	#
656	625.613	4	7	18	25	26	32	36	42	52	54	59	185	#
657	136.021	17	31	46	55	59	186	#
658	194.22	16	17	26	59	60	186	#
659	115.257	15	20	46	48	49	186	#
660	1278.44	1	4	7	9	10	12	14	18	20	27	29	31	37	42	43	53	54	55	57	58	59	60	187	#
661	1690.09	7	12	13	18	20	23	32	35	36	38	43	45	47	48	51	53	56	57	60	61	62	63	187	#
662	1598.62	0	1	7	11	12	20	23	24	25	27	30	36	43	45	47	48	52	53	55	59	60	61	187	#
663	1585.55	0	3	7	8	12	17	25	26	27	28	32	35	36	39	40	45	48	51	53	56	58	62	187	#
664	1421.4	1	3	4	12	16	18	19	22	23	28	32	38	43	44	49	51	54	56	57	60	61	63	187	#
665	1399.88	0	2	3	7	15	17	18	21	23	25	26	34	35	36	41	43	45	51	53	55	58	63	187	#
666	1095.45	2	4	5	6	12	13	14	15	16	18	21	28	29	30	43	44	49	53	54	59	188	#
667	1393.92	2	5	6	7	8	10	11	13	15	20	22	23	28	32	39	42	45	51	54	60	188	#
668	1355.85	3	11	12	20	21	23	28	32	36	40	43	44	45	46	47	48	54	57	59	60	188	#
669	1340.62	0	2	11	12	19	21	23	24	26	28	29	30	31	34	42	48	49	51	58	63	188	#
670	1338.6	5	7	11	14	15	20	24	27	29	31	32	33	37	38	47	48	51	53	58	61	188	#
671	1337.9	2	6	7	10	16	19	26	28	30	32	33	34	36	37	38	45	51	54	59	60	188	#
672	269.027	19	36	51	62	189	#
673	325.112	51	52	53	61	189	#
674	322.62	7	10	19	55	189	#
675	304.577	22	31	36	60	189	#
676	252.709	3	51	55	62	189	#
677	3520.39	0	1	2	4	5	6	7	8	9	10	11	12	13	14	16	17	18	19	20	22	23	24	25	26	27	28	29	30	31	32	33	34	37	39	40	41	42	43	44	45	47	48	49	50	51	52	53	54	55	56	57	58	59	60	61	62	63	190	#
678	3834.69	0	1	2	3	4	5	6	7	8	9	10	11	12	13	14	16	17	18	19	20	21	22	23	24	25	26	27	28	29	31	32	33	34	35	36	37	38	39	40	42	43	44	45	47	49	50	51	52	53	54	55	56	57	58	60	61	63	190	#
679	3804.88	0	1	2	3	4	5	6	7	9	10	11	12	14	15	16	17	18	19	20	22	23	24	25	26	27	28	29	31	32	34	35	36	37	38	39	40	42	43	44	45	46	47	49	50	51	52	53	54	55	56	57	58	59	60	61	62	63	190	#
680	3786.97	0	1	2	4	5	6	7	8	9	10	11	12	13	15	16	17	18	19	20	22	23	24	25	26	27	28	29	31	32	33	34	35	36	37	38	39	40	41	42	43	44	45	47	49	50	51	52	53	54	55	56	57	58	59	60	61	63	190	#
681	3768.2	0	1	2	3	4	5	6	7	8	9	10	11	12	13	14	15	16	18	19	20	22	23	24	25	26	27	28	29	30	31	32	33	34	35	36	37	38	39	40	42	43	44	45	46	47	48	49	51	52	53	54	56	57	58	61	62	63	190	#
682	3760.51	0	1	2	3	4	5	6	7	8	10	11	12	13	14	15	16	20	22	23	24	25	26	27	28	29	30	31	32	33	34	35	36	37	38	39	40	42	43	44	45	46	47	48	49	50	51	52	53	54	55	56	57	58	60	61	62	63	190	#
683	294.028	4	16	33	58	191	#
684	290.527	4	37	38	43	191	#
685	276.627	6	54	57	58	191	#
686	257.502	16	46	51	58	191	#
687	163.939	31	33	41	54	191	#
688	506.271	6	29	36	43	48	49	53	60	63	192	#
689	667.975	6	8	30	37	40	48	60	61	63	192	#
690	606.894	3	7	10	13	25	36	53	56	59	192	#
691	561.553	2	29	31	37	43	46	47	52	61	192	#
692	492.626	4	17	19	21	31	32	37	62	63	192	#
693	462.962	5	11	14	29	30	31	54	56	59	192	#
694	1278.76	3	6	7	12	13	17	27	28	29	30	37	42	43	48	49	51	52	193	#
695	1205.26	2	9	11	12	13	16	26	27	29	30	34	44	45	46	51	55	57	193	#
696	1144.29	11	12	16	27	29	30	31	37	38	41	45	50	52	54	55	56	57	193	#
697	1125.37	0	2	5	8	10	17	18	21	23	27	32	33	36	43	54	55	63	193	#
698	1098.89	2	11	13	17	21	28	29	30	36	37	40	42	48	49	52	57	62	193	#
699	1084.55	2	13	15	16	25	29	36	38	39	40	43	46	48	51	52	54	58	193	#
700	1554.64	4	6	10	11	13	15	17	18	21	22	23	26	29	33	36	37	41	42	46	51	52	55	56	58	60	63	194	#
701	2040.81	0	2	3	5	6	8	14	17	24	26	27	28	29	30	31	33	35	36	42	46	47	50	53	56	60	61	194	#
702	1945.96	2	8	9	12	13	18	19	21	23	26	27	29	35	36	37	40	41	42	44	46	50	51	55	57	58	61	194	#
703	1937.7	1	4	5	8	9	12	17	19	24	25	28	29	31	33	35	36	37	42	46	48	50	51	52	53	55	59	194	#
704	1929.68	3	6	7	8	9	10	11	13	19	21	24	26	27	28	30	33	35	36	39	40	41	42	46	52	56	60	194	#
705	1915.03	1	2	4	7	8	9	15	17	21	24	26	27	28	30	31	33	36	37	44	46	47	48	55	58	60	61	194	#
706	148.32	40	55	#
707	246.007	7	21	195	#
708	175.993	7	52	195	#
709	168.652	21	56	195	#
710	670.308	0	9	12	14	18	19	28	29	35	46	57	196	#
711	841.093	5	17	18	23	26	30	39	50	51	61	63	196	#
712	796.1	3	19	23	28	30	33	40	45	47	53	57	196	#
713	791.335	8	14	21	26	29	30	38	42	50	51	63	196	#
714	763.484	7	10	14	15	19	21	27	41	58	59	61	196	#
715	754.496	1	8	10	12	19	21	22	24	28	29	46	196	#
716	145.988	15	34	197	#
717	162.043	15	26	197	#
718	126.314	34	60	197	#
719	250.053	28	29	50	198	#
720	255.348	24	28	47	198	#
721	198.497	5	34	50	198	#
722	197.434	0	20	29	198	#
723	125.066	9	14	31	56	199	#
724	183.244	16	47	56	62	199	#
725	1425.45	2	4	6	11	13	14	15	22	23	24	28	37	38	40	41	42	43	44	45	46	49	58	59	60	62	200	#
726	1786.47	1	2	3	4	6	7	8	13	14	20	23	24	25	28	30	31	32	35	37	40	41	42	45	46	53	200	#
727	1752.87	1	2	3	7	9	12	13	17	18	22	23	24	25	28	30	31	39	45	51	52	53	54	58	61	62	200	#
728	1666.83	1	2	3	7	10	13	14	17	19	21	22	23	24	25	26	27	28	31	33	37	39	41	50	58	62	200	#
729	1596.22	0	2	3	6	7	13	17	20	21	24	26	30	31	36	37	38	40	41	42	46	48	49	50	58	63	200	#
730	1545.7	0	1	6	9	10	11	12	13	14	19	30	32	36	39	40	42	43	46	50	51	53	54	58	59	62	200	#
731	290.453	1	33	35	40	201	#
732	285.007	16	18	30	35	201	#
733	278.85	1	5	21	63	201	#
734	268.873	7	26	40	55	201	#
735	1478.76	5	8	10	13	16	17	20	22	23	24	25	30	31	33	38	40	43	44	49	56	59	60	61	62	202	#
736	1666.92	1	4	12	16	17	19	20	22	25	26	28	29	31	32	33	34	39	42	43	44	48	52	56	59	202	#
737	1616.46	1	7	12	13	14	15	17	19	20	25	28	31	32	33	36	37	43	44	45	46	52	54	60	63	202	#
738	1616.36	0	7	11	14	18	19	24	25	26	29	31	32	35	36	44	46	47	49	50	52	53	54	55	56	202	#
739	1613.92	0	5	9	13	17	20	21	24	30	36	37	38	39	42	43	47	48	49	51	52	53	54	59	63	202	#
740	1612.81	9	11	13	14	19	21	24	28	29	30	33	35	36	39	42	43	47	48	50	52	53	55	56	62	202	#
741	1066.47	1	4	7	10	21	26	27	29	30	38	41	44	46	47	51	52	56	61	203	#
742	1312.75	1	8	10	13	15	23	27	30	31	39	40	43	45	51	52	53	54	55	203	#
743	1247.41	1	4	5	6	8	10	11	12	17	21	23	24	26	27	39	47	50	61	203	#
744	1234.8	0	7	13	15	19	20	24	26	44	45	46	50	51	53	58	59	61	62	203	#
745	1161	2	3	7	10	20	22	26	27	32	34	37	38	39	41	56	58	59	61	203	#
746	1139.71	1	6	10	14	16	19	21	22	23	26	27	28	44	48	50	52	59	60	203	#
747	218.663	21	33	47	54	204	#
748	314.6	9	33	47	63	204	#
749	295.709	21	29	31	43	204	#
750	197.152	22	33	46	59	204	#
751	1017.74	0	2	4	7	8	9	11	12	20	22	32	34	35	40	49	54	56	60	63	205	#
752	1403.51	5	6	7	10	12	22	25	27	37	38	40	43	44	47	52	53	57	60	63	205	#
753	1399.04	7	12	19	21	27	28	32	33	34	36	43	44	47	50	51	52	58	60	63	205	#
754	1316.7	5	6	9	10	12	14	17	22	23	24	26	27	29	30	49	51	56	61	63	205	#
755	1294.79	0	8	11	12	13	22	24	26	30	35	43	45	46	53	56	57	59	60	63	205	#
756	1290.03	0	8	14	21	24	25	26	34	35	41	43	44	50	51	53	55	57	59	60	205	#
757	1075.31	0	3	6	7	12	17	20	22	27	28	35	45	46	49	51	52	63	206	#
758	1294.12	1	5	6	12	18	24	26	28	29	34	36	37	42	46	54	61	63	206	#
759	1246.25	1	8	13	16	17	18	24	26	27	34	37	45	46	50	52	58	61	206	#
760	1204.68	2	5	13	16	19	29	31	32	37	45	46	49	50	53	57	58	60	206	#
761	1185.53	1	2	4	5	9	15	19	22	24	27	33	34	36	42	43	60	61	206	#
762	1160.46	0	1	5	9	15	16	25	27	28	31	37	38	43	49	54	56	61	206	#
763	240.308	23	41	45	54	207	#
764	308.67	4	6	45	60	207	#
765	304.164	6	32	45	54	207	#
766	275.749	15	41	50	61	207	#
767	228	14	17	23	43	207	#
768	213.701	4	13	57	59	208	#
769	249.405	13	41	45	53	208	#
770	157.994	4	8	14	28	208	#
771	424.467	7	9	14	20	21	23	35	62	209	#
772	555.667	7	9	12	23	31	39	44	57	209	#
773	536.205	12	20	21	23	26	31	43	62	209	#
774	478.654	6	7	12	26	27	38	41	46	209	#
775	458.28	17	30	35	46	51	52	62	63	209	#
776	414.114	10	13	14	16	18	19	34	51	209	#
777	163.817	14	43	48	55	210	#
778	171.682	31	32	39	48	210	#
779	128.874	31	50	55	58	210	#
780	391.539	16	35	40	46	52	63	211	#
781	472.772	0	5	13	37	44	46	211	#
782	416.208	3	20	37	43	62	63	211	#
783	415.797	21	26	35	36	37	62	211	#
784	382.563	9	33	45	52	53	63	211	#
785	351.254	21	26	40	48	52	57	211	#
786	1166.98	2	18	21	23	24	25	34	35	37	41	43	44	45	53	56	62	212	#
787	1259.21	0	3	6	9	10	13	20	23	26	30	34	36	37	49	58	62	212	#
788	1217.5	3	6	8	9	10	11	12	19	27	29	34	37	43	45	50	53	212	#
789	1196.17	6	9	10	12	18	25	31	34	35	36	37	46	51	56	61	62	212	#
790	1191	0	4	8	23	25	28	32	36	37	38	40	43	45	58	59	62	212	#
791	1147.8	2	3	5	7	9	13	15	19	24	29	40	43	45	47	50	63	212	#
792	233.281	34	40	60	213	#
793	225.752	0	9	34	213	#
794	186.637	18	57	60	213	#
795	110.94	15	40	54	213	#
796	437.164	3	4	20	22	31	44	46	50	214	#
797	612.103	4	6	19	22	31	50	51	57	214	#
798	509.582	6	16	19	34	43	48	50	63	214	#
799	489.922	1	3	8	13	16	20	28	52	214	#
800	486.447	11	15	23	25	32	37	44	46	214	#
801	463.399	4	8	11	13	15	24	26	40	214	#
802	739.505	12	17	22	26	27	52	53	61	62	63	215	#
803	959.294	0	26	39	40	42	47	52	53	54	57	215	#
804	879.816	15	18	35	39	40	42	50	52	53	61	215	#
805	858.211	6	19	20	37	39	40	42	48	52	53	215	#
806	829.205	6	9	22	26	31	33	37	42	57	61	215	#
807	759.927	7	8	11	18	27	33	43	45	52	53	215	#
808	58.6006	26	#
809	245.553	19	21	63	216	#
810	212.378	5	6	63	216	#
811	202.038	21	36	44	216	#
812	924.806	0	8	11	15	16	22	24	30	32	34	43	56	59	60	217	#
813	1167.31	3	7	8	12	15	16	18	32	37	38	45	49	57	58	217	#
814	1082.07	2	4	5	7	13	19	20	32	36	38	40	43	45	63	217	#
815	1056.37	4	7	9	16	18	29	30	34	36	38	40	52	56	57	217	#
816	1046.32	4	7	13	14	21	28	29	30	46	48	51	53	56	60	217	#
817	1032.45	1	4	8	9	10	16	19	21	24	25	27	28	38	39	217	#
818	512.375	4	8	19	27	40	51	57	218	#
819	583.925	3	8	17	19	27	47	58	218	#
820	538.819	1	19	21	35	36	44	61	218	#
821	449.113	3	8	24	35	41	46	49	218	#
822	440.435	8	9	24	29	40	42	56	218	#
823	433.336	18	20	26	35	46	51	56	218	#
824	692.734	7	11	24	28	30	35	40	49	61	219	#
825	769.348	5	7	15	26	35	47	54	55	61	219	#
826	674.946	7	13	19	20	34	39	47	48	58	219	#
827	659.173	5	18	21	27	28	35	54	56	62	219	#
828	642.775	1	2	4	13	16	22	27	30	38	219	#
829	601.652	4	6	12	23	28	31	32	39	59	219	#
830	1662.79	0	1	2	7	8	10	13	15	17	18	21	22	25	29	31	33	36	37	38	41	43	44	45	49	50	51	52	56	58	59	220	#
831	2040.12	0	1	2	3	11	12	13	15	17	18	19	22	23	25	27	28	32	36	37	39	45	47	52	53	55	56	57	60	62	63	220	#
832	1975.52	0	1	2	3	5	8	9	10	12	13	19	21	24	26	27	28	32	33	35	37	43	46	47	50	52	54	55	56	59	63	220	#
833	1922.72	0	1	2	10	11	12	13	15	19	21	23	24	26	27	29	32	37	38	39	40	41	42	44	45	46	51	54	57	59	60	220	#
834	1917.8	0	3	5	9	10	12	13	15	17	20	21	22	23	27	28	29	32	33	34	39	41	42	45	46	47	48	51	52	53	56	220	#
835	1878.89	0	1	3	6	7	8	10	11	15	16	19	21	22	23	26	27	29	34	36	37	39	40	41	43	44	47	49	54	60	61	220	#
836	1525.68	0	6	8	10	11	18	20	22	31	32	34	42	46	48	49	51	52	53	55	57	58	60	61	62	63	221	#
837	2062.14	1	3	5	8	9	10	13	15	21	23	28	30	31	32	33	35	36	37	40	46	51	52	55	58	59	221	#
838	1906.71	3	7	8	10	15	19	22	23	25	26	27	28	33	34	36	38	40	47	49	50	53	54	56	57	61	221	#
839	1863.66	1	3	4	7	8	10	11	19	21	28	30	31	32	33	35	37	45	48	52	53	54	57	59	60	61	221	#
840	1854.81	3	5	6	8	10	12	18	20	21	22	23	24	26	27	30	38	40	42	46	49	51	52	55	59	62	221	#
841	1807.31	2	3	7	9	10	11	15	19	22	24	30	32	33	38	40	41	43	46	48	51	55	56	59	60	61	221	#
842	228.022	53	63	222	#
843	198.438	24	63	222	#
844	187.312	50	53	222	#
845	199.043	0	9	223	#
846	174.23	9	42	223	#
847	140.554	0	56	223	#
848	72.4119	10	14	17	#
849	142.27	47	55	224	#
850	186.958	33	47	224	#
851	99.3468	39	55	224	#
852	1393.89	4	5	6	8	13	14	15	18	22	24	34	35	37	39	44	47	50	51	54	55	56	225	#
853	1688.81	1	3	6	7	8	10	12	14	20	21	26	28	32	34	35	36	37	47	49	54	61	225	#
854	1629.18	0	5	6	18	22	24	25	28	31	37	39	42	44	45	47	50	52	54	57	61	63	225	#
855	1566.06	0	4	5	7	9	10	15	19	21	26	28	35	37	39	41	43	44	45	54	57	62	225	#
856	1557.37	0	2	3	7	9	10	12	18	21	22	28	37	45	47	48	50	52	55	61	62	63	225	#
857	1520.2	5	7	9	11	14	17	21	22	28	32	33	36	37	39	40	41	42	47	49	60	61	225	#
858	93.4443	42	#
859	208.205	6	8	11	15	17	18	49	52	226	#
860	312.019	11	14	21	27	37	39	52	57	226	#
861	291.472	6	14	17	24	35	38	42	44	226	#
862	83.2928	25	40	227	#
863	73.2687	40	48	227	#
864	45.6081	25	46	227	#
865	76.1389	43	#
866	102.753	3	8	228	#
867	71.3956	8	24	228	#
868	1173.71	1	2	5	13	14	19	24	32	33	36	39	59	60	61	63	229	#
869	1219.44	1	5	9	13	27	28	40	42	44	45	46	49	51	57	63	229	#
870	1098.97	2	4	7	9	13	25	31	32	33	38	49	53	57	60	63	229	#
871	1079.6	3	6	7	22	32	33	36	39	41	45	47	48	49	55	63	229	#
872	1070.96	4	6	10	15	24	25	29	31	39	42	47	49	52	57	61	229	#
873	1053.57	6	10	11	12	19	25	26	29	35	36	45	46	47	48	57	229	#
874	809.075	3	6	14	15	22	27	39	40	41	42	50	53	54	59	230	#
875	1079.41	0	11	13	15	17	26	27	37	40	42	43	53	60	61	230	#
876	979.286	0	1	4	6	20	24	26	27	37	40	46	50	52	63	230	#
877	978.348	2	3	6	11	22	28	31	32	33	37	38	47	59	60	230	#
878	977.547	6	8	10	20	24	27	36	37	39	41	45	47	55	59	230	#
879	964.644	4	18	20	21	28	30	31	33	40	45	50	60	61	63	230	#
880	154.316	29	54	61	231	#
881	169.336	25	34	61	231	#
882	114.593	18	29	38	231	#
883	98.9345	18	43	54	231	#
884	344.086	3	34	50	58	61	232	#
885	375.635	0	3	34	36	56	232	#
886	368.122	17	35	50	52	61	232	#
887	360.311	34	40	57	59	61	232	#
888	333.791	3	5	30	48	55	232	#
889	296.873	50	56	57	58	62	232	#
890	420.588	5	14	19	20	29	33	38	46	60	233	#
891	556.553	10	11	16	33	34	40	43	61	62	233	#
892	541.867	5	7	14	25	27	33	38	54	60	233	#
893	500.646	1	12	22	32	34	35	46	60	61	233	#
894	484.844	0	9	19	23	33	36	46	54	55	233	#
895	450.748	1	8	15	24	29	30	34	53	58	233	#
896	442.716	5	11	12	16	22	60	63	234	#
897	617.15	2	5	24	43	53	57	59	234	#
898	485.341	12	22	30	38	40	46	61	234	#
899	459.37	14	16	24	43	49	50	60	234	#
900	398.449	0	4	15	22	25	44	54	234	#
901	379.352	2	32	36	43	52	58	63	234	#
902	1687.21	0	6	7	8	9	12	13	16	20	21	23	27	28	29	34	37	38	43	47	50	54	57	59	62	63	235	#
903	1891.18	0	5	6	8	9	15	16	17	18	20	21	24	26	28	32	37	42	47	48	49	51	52	53	57	58	235	#
904	1817.97	1	2	3	4	6	7	9	10	15	16	21	26	27	28	29	40	42	44	45	47	53	58	59	60	61	235	#
905	1796.87	0	1	6	9	16	17	18	20	23	25	26	27	28	34	37	43	45	47	48	50	51	57	58	59	60	235	#
906	1781.79	0	1	2	4	6	9	13	15	20	26	27	30	31	34	37	41	44	45	49	50	51	53	58	61	63	235	#
907	1774.18	1	4	7	8	17	19	22	24	26	27	30	32	34	35	37	40	44	45	51	52	56	58	59	60	61	235	#
908	479.205	7	9	12	15	19	29	31	58	62	236	#
909	683.771	3	6	9	12	36	37	38	44	47	236	#
910	660.373	4	12	13	18	19	24	47	50	57	236	#
911	652.594	0	6	7	12	20	31	33	35	62	236	#
912	640.763	3	6	20	22	34	42	43	58	59	236	#
913	591.76	3	5	8	12	16	18	31	40	59	236	#
914	690.131	0	9	11	32	36	39	47	48	52	53	237	#
915	787.204	1	25	30	31	39	41	43	50	51	53	237	#
916	711.357	0	18	28	31	34	36	38	39	57	63	237	#
917	698.749	11	12	19	22	25	30	36	42	44	57	237	#
918	640.114	6	9	29	37	40	43	50	52	57	60	237	#
919	639.552	2	3	7	12	40	45	47	49	51	60	237	#
920	330.847	17	35	44	46	52	60	238	#
921	387.22	2	16	42	51	55	60	238	#
922	367.057	4	32	39	45	52	55	238	#
923	354.813	12	14	20	42	44	50	238	#
924	308.566	4	15	17	23	46	58	238	#
925	288.087	16	24	28	29	37	46	238	#
926	1098.24	3	4	13	14	16	17	18	22	23	24	29	33	35	36	41	42	43	52	54	57	58	62	239	#
927	1575.66	0	11	12	13	14	15	16	21	24	26	28	35	37	42	43	50	55	56	57	58	61	62	239	#
928	1428.71	0	1	7	10	11	13	15	24	26	27	28	29	33	35	45	48	49	50	56	57	59	63	239	#
929	1423.32	0	7	10	15	17	22	26	28	29	31	34	35	36	37	39	43	46	50	52	55	58	63	239	#
930	1419.66	0	1	8	9	10	18	23	24	25	33	35	36	40	42	44	50	51	52	57	60	61	62	239	#
931	1408.28	0	2	6	12	15	17	25	26	27	29	30	36	37	38	43	47	49	51	52	55	61	62	239	#
932	842.065	10	19	21	32	34	43	44	46	50	54	58	63	240	#
933	973.658	0	10	16	34	37	39	40	51	55	59	61	63	240	#
934	964.16	1	6	10	13	15	16	25	26	36	40	43	50	240	#
935	906.75	8	13	20	21	28	37	46	47	50	58	59	60	240	#
936	906.422	0	1	21	30	31	32	38	53	54	56	60	61	240	#
937	875.684	0	3	6	8	14	21	24	29	30	34	49	63	240	#
938	56.588	9	34	241	#
939	67.4982	16	34	241	#
940	411.23	2	13	18	32	34	38	44	45	62	242	#
941	603.303	3	5	14	15	22	35	36	38	60	242	#
942	546.785	4	15	30	34	45	48	56	57	60	242	#
943	538.427	2	5	6	8	20	23	27	37	47	242	#
944	498.019	9	10	20	22	32	39	52	61	62	242	#
945	444.629	5	6	13	23	26	29	41	54	62	242	#
946	1527.1	1	2	3	4	7	8	11	13	14	19	24	27	28	38	39	41	45	47	48	49	53	55	59	63	243	#
947	1710.51	7	8	9	11	12	14	16	21	22	24	26	28	36	37	38	39	40	45	48	51	53	55	59	61	243	#
948	1706.58	0	1	3	4	8	11	12	15	19	23	25	28	29	30	31	36	37	47	48	50	53	55	56	61	243	#
949	1666.51	1	2	4	8	11	13	14	19	24	29	30	35	37	39	40	42	43	46	48	50	52	55	57	61	243	#
950	1642.41	3	6	8	10	11	13	14	17	20	23	26	28	30	34	35	39	40	41	43	45	46	51	57	61	243	#
951	1629.5	0	2	6	7	8	12	13	14	16	22	23	24	29	30	34	39	45	47	49	53	55	57	60	61	243	#
952	642.191	4	5	16	28	32	34	38	45	48	57	59	244	#
953	776.366	8	13	14	16	22	27	31	33	35	45	57	244	#
954	727.833	10	11	18	27	28	40	45	55	56	59	60	244	#
955	724.604	11	12	13	21	32	33	35	39	44	47	51	244	#
956	723.418	1	3	7	21	31	40	45	48	49	54	60	244	#
957	712.256	3	8	10	11	21	25	28	29	33	45	59	244	#
958	3641.46	0	1	2	5	6	7	8	9	10	11	12	13	14	15	16	17	19	20	21	24	25	26	27	29	30	32	33	34	35	36	37	38	40	42	43	45	46	47	48	49	50	51	52	53	54	55	57	58	59	60	61	63	245	#
959	3802.95	0	1	2	3	6	7	9	11	12	13	14	15	18	19	20	21	22	23	24	26	27	30	31	32	33	34	35	36	37	38	39	40	41	42	43	44	45	46	47	48	50	51	52	53	54	55	57	58	59	60	61	63	245	#
960	3713.88	0	1	2	5	6	7	8	9	11	12	13	14	16	18	19	20	21	22	23	25	26	27	29	31	32	33	35	36	37	38	39	40	43	44	45	46	47	48	49	50	51	52	53	54	55	56	57	58	59	60	61	62	245	#
961	3674.67	0	2	3	5	6	7	8	9	10	12	13	14	16	17	18	19	20	22	23	24	25	26	27	28	29	30	32	33	35	36	37	38	39	40	41	43	44	45	46	47	48	49	50	53	55	57	58	59	60	61	62	63	245	#
962	3656.74	0	1	2	3	5	6	7	8	11	12	13	14	16	17	18	19	20	22	24	25	26	27	29	30	31	32	33	35	36	37	38	39	40	41	42	43	44	45	46	47	48	49	50	51	52	53	54	57	58	59	60	62	245	#
963	3633.16	1	2	4	6	8	11	12	13	14	16	18	19	20	21	22	23	24	25	26	27	28	29	30	31	32	33	34	35	36	37	38	40	41	42	43	44	45	46	47	49	50	51	52	53	54	55	56	57	59	60	61	63	245	#
964	842.997	3	8	11	12	13	19	23	33	42	45	246	#
965	1017.24	5	6	19	23	26	28	33	40	53	61	246	#
966	923.357	7	11	12	15	19	32	33	45	53	61	246	#
967	877.01	3	6	10	21	35	41	45	46	50	61	246	#
968	861.674	7	8	10	12	16	21	24	28	58	63	246	#
969	842.183	5	6	11	12	14	19	37	45	57	61	246	#
970	307.003	4	13	28	33	48	54	55	247	#
971	459.921	0	1	9	19	31	46	55	247	#
972	444.88	13	22	24	48	50	55	62	247	#
973	412.246	15	17	25	36	46	54	56	247	#
974	322.255	4	17	18	36	41	47	63	247	#
975	373.299	12	23	34	38	46	49	63	248	#
976	428.29	26	33	40	43	46	51	60	248	#
977	419.699	12	17	18	31	39	55	63	248	#
978	406.045	19	34	39	45	50	52	59	248	#
979	350.563	10	17	18	31	33	49	55	248	#
980	300.954	13	20	21	33	34	52	63	248	#
981	719.1	1	9	15	23	43	46	50	53	54	249	#
982	651.684	6	8	23	28	34	41	43	54	61	249	#
983	648.948	0	2	15	24	42	46	49	51	54	249	#
984	618.335	12	16	21	30	37	40	45	50	53	249	#
985	585.59	9	14	21	26	29	32	53	59	61	249	#
986	574.369	9	17	23	29	34	36	47	48	50	249	#
987	222.029	3	36	250	#
988	150.677	9	36	250	#
989	147.968	3	8	250	#
990	204.151	20	31	46	52	54	251	#
991	196.524	7	29	52	60	61	251	#
992	365.661	0	1	2	54	252	#
993	461.483	2	5	19	44	252	#
994	351.092	1	16	26	28	252	#
995	331.316	0	32	61	62	252	#
996	211.633	20	28	54	59	252	#
997	1470.84	0	2	4	6	9	10	11	12	13	15	17	19	22	26	27	32	35	39	43	50	51	58	253	#
998	1608.18	0	4	6	8	10	12	14	19	21	23	26	34	35	39	40	41	42	47	49	57	60	61	253	#
999	1564.09	0	1	6	7	9	10	12	17	18	23	24	26	29	32	36	39	44	46	47	60	61	63	253	#
1000	1510.08	0	1	9	12	13	16	18	19	20	21	23	35	36	38	39	41	46	47	49	51	56	60	253	#
1001	1505.97	1	7	11	15	16	18	19	22	23	24	35	38	39	44	46	47	50	51	55	57	59	61	253	#
1002	1502.13	1	5	9	10	13	16	19	24	28	31	34	36	37	39	43	44	45	50	52	53	55	57	253	#
