%% File generated by CATS v.2.1Wed Jun 22 10:37:20 2022

%% The CATS webpage is http://robotics.stanford.edu/CATS

%% PARAMETER SETTINGS:
% Goods: 64; Bids: 1000; Distribution: arbitrary; Runs: 1; Seed: 1656572329
% Arbitrary Distribution Parameters:
% Max Substitutable Bids = 5
% Removing HV Neighbor   = 0.1
% Adding DIAG Neighbor   = 0.2
% Additional Location    = 0.9
% Additivity             = 0.2
% Budget Factor          = 1.5
% Resale Factor          = 0.5
% Uniform Private Value:
%   Deviation            = 0.5
%   Max Good Value       = 100



goods 64
bids 1005
dummy 185

0	69.6768	10	#
1	292.035	26	28	53	62	64	#
2	372.644	8	13	28	31	64	#
3	280.558	28	47	53	59	64	#
4	210.424	25	36	54	62	64	#
5	209.579	26	28	30	40	64	#
6	365.15	2	11	26	36	43	48	65	#
7	422.901	12	15	27	36	49	54	65	#
8	412.297	8	37	48	54	61	63	65	#
9	408.778	7	11	16	19	30	33	65	#
10	399.336	0	12	43	60	61	63	65	#
11	361.276	10	25	26	35	41	58	65	#
12	814.05	0	6	22	23	32	35	40	41	46	51	57	58	66	#
13	957.396	0	1	2	3	6	8	14	22	23	30	33	37	66	#
14	908.15	0	5	14	16	20	21	23	35	40	41	46	55	66	#
15	862.831	3	8	14	17	20	22	31	46	48	55	61	62	66	#
16	807.462	3	7	14	19	22	23	32	34	38	46	49	58	66	#
17	804.658	0	5	7	9	10	25	29	32	34	37	48	52	66	#
18	724.834	2	20	22	27	39	53	54	56	62	67	#
19	829.137	1	5	36	39	53	54	57	59	62	67	#
20	751.728	5	14	21	23	30	42	53	55	59	67	#
21	712.038	0	5	7	14	27	32	45	56	59	67	#
22	668.261	1	5	20	26	28	32	37	49	59	67	#
23	640.044	5	10	11	26	27	32	33	53	59	67	#
24	58.1336	11	#
25	449.343	13	22	39	52	68	#
26	332.019	6	23	32	39	68	#
27	326.087	13	22	25	31	68	#
28	286.433	18	52	55	57	68	#
29	224.624	5	22	24	50	68	#
30	171.578	38	49	59	69	#
31	134.351	0	25	38	69	#
32	109.165	59	61	63	69	#
33	326.442	9	11	17	21	25	33	56	70	#
34	454.081	19	21	34	39	47	51	59	70	#
35	443.625	0	3	14	27	33	38	50	70	#
36	425.791	14	28	39	54	56	58	59	70	#
37	369.709	11	12	16	24	32	42	59	70	#
38	1750.32	0	1	4	5	10	14	19	20	22	32	33	35	36	37	38	39	41	43	44	57	62	71	#
39	1749.1	2	6	9	10	12	13	14	18	20	24	27	30	32	33	38	41	43	56	57	59	62	71	#
40	1742.98	0	2	5	6	17	20	23	24	26	32	34	36	37	39	41	46	47	49	56	59	62	71	#
41	1614.25	0	1	3	5	6	8	10	14	18	20	23	30	35	38	43	45	46	47	48	50	56	71	#
42	1577.3	1	5	7	10	11	12	14	16	17	18	24	26	27	30	32	35	38	46	47	53	61	71	#
43	1569.38	0	4	10	11	12	18	22	24	27	28	30	32	37	40	43	46	47	50	55	58	62	71	#
44	702.397	6	8	11	18	39	52	57	62	72	#
45	797.748	1	2	8	12	20	32	47	52	72	#
46	704.629	5	12	21	38	39	43	52	59	72	#
47	681.79	8	21	28	32	33	39	52	54	72	#
48	591.201	5	20	22	24	39	55	61	62	72	#
49	571.079	10	11	18	21	23	35	39	42	72	#
50	1648.71	2	3	13	14	20	22	23	25	27	28	31	32	34	35	37	41	45	53	59	60	61	62	63	73	#
51	1803.44	2	3	5	6	10	12	15	17	21	27	31	32	33	34	37	44	45	47	52	54	57	58	63	73	#
52	1768.58	0	9	10	11	12	15	17	22	27	30	31	34	37	41	45	47	49	50	53	57	58	59	63	73	#
53	1755.08	5	6	10	12	13	17	20	21	25	27	30	31	33	34	37	38	42	46	49	50	53	54	61	73	#
54	1734.14	2	3	5	7	8	10	12	13	17	21	25	27	30	31	37	38	45	50	51	52	54	61	62	73	#
55	1712.61	3	5	10	12	14	15	20	23	25	28	32	36	37	41	45	46	49	50	54	58	59	62	63	73	#
56	2365.49	0	3	5	7	9	11	12	16	17	19	21	22	23	24	25	28	34	35	36	38	42	44	45	48	49	50	51	52	53	54	55	56	57	59	60	61	62	63	74	#
57	2701.1	0	3	4	7	9	11	12	15	16	17	18	19	21	22	23	25	28	29	30	32	33	34	36	38	43	44	45	46	51	52	53	54	55	56	57	58	59	60	74	#
58	2697.24	0	2	3	5	8	11	12	15	16	17	19	21	22	23	24	25	28	29	30	32	33	35	36	38	43	44	45	49	52	53	54	55	56	57	58	59	62	63	74	#
59	2696.12	0	3	4	5	7	8	9	11	12	14	15	16	23	24	25	29	30	32	34	35	36	38	42	45	46	48	50	51	52	53	54	55	56	57	59	60	62	63	74	#
60	2639.67	0	2	8	9	11	12	14	15	16	17	18	19	22	23	24	30	32	33	35	36	37	38	40	44	45	49	51	52	53	54	55	57	58	59	60	61	62	63	74	#
61	2635.79	0	3	4	6	7	8	9	11	12	15	16	17	20	21	22	23	25	29	30	32	34	36	38	39	40	43	44	45	51	52	53	55	56	57	58	59	61	63	74	#
62	158.444	9	49	75	#
63	173.155	9	30	75	#
64	145.189	37	49	75	#
65	109.742	9	51	#
66	1184.57	0	3	10	12	14	16	17	25	29	33	35	37	42	50	60	63	76	#
67	1355.64	0	3	9	11	12	27	30	33	34	36	37	42	43	54	55	60	76	#
68	1296.33	0	3	17	20	24	27	28	30	37	39	41	42	47	50	54	59	76	#
69	1218.57	1	9	10	17	27	29	31	35	36	37	38	41	42	52	53	61	76	#
70	1206.77	2	8	9	20	29	33	35	36	39	41	43	46	47	56	58	59	76	#
71	1203.54	0	9	12	14	15	20	22	23	27	29	30	50	51	58	59	60	76	#
72	1209.66	2	4	14	16	17	18	22	23	27	41	52	56	57	58	59	60	61	77	#
73	1332.81	2	5	7	9	14	17	22	23	27	36	37	39	47	56	59	60	61	77	#
74	1211.83	3	10	13	14	17	22	27	37	39	42	45	46	54	56	58	59	60	77	#
75	1189.58	5	14	18	22	23	25	27	28	31	32	34	41	46	51	57	60	61	77	#
76	1171.61	2	4	9	12	18	26	27	29	32	34	39	42	44	51	52	56	59	77	#
77	1151.4	5	9	10	22	24	26	27	29	34	37	39	42	47	50	59	60	62	77	#
78	998.638	1	4	7	8	10	12	20	27	29	32	37	38	42	43	48	50	51	56	58	63	78	#
79	1404.71	0	6	7	12	14	17	22	26	27	28	30	32	35	41	44	50	52	56	60	63	78	#
80	1381.92	0	9	12	14	16	18	20	22	23	28	30	35	37	39	41	42	49	50	59	60	78	#
81	1375.13	0	3	9	11	12	15	16	20	22	23	25	26	27	31	32	37	42	46	50	63	78	#
82	1306.51	3	8	14	16	17	20	30	35	37	39	40	48	49	50	52	56	58	59	60	62	78	#
83	1291.31	0	3	6	12	13	16	17	27	28	29	30	35	38	41	44	46	52	56	59	63	78	#
84	112.352	14	25	79	#
85	140.562	23	25	79	#
86	1378.58	0	1	2	4	6	9	12	14	16	22	44	49	51	57	58	60	62	80	#
87	1371.59	0	1	3	9	11	15	19	25	27	29	30	33	38	39	56	60	62	80	#
88	1323.85	1	8	12	13	15	18	19	22	26	27	28	30	33	54	56	58	60	80	#
89	1319.15	1	5	7	8	9	15	16	17	19	26	27	33	44	51	52	56	62	80	#
90	1274.9	3	9	13	15	18	27	28	33	37	39	42	44	49	50	56	57	60	80	#
91	1270.43	0	5	7	8	9	12	15	17	19	22	33	38	50	51	54	57	62	80	#
92	98.6204	56	#
93	1684.28	0	1	2	7	8	14	17	18	19	22	27	30	33	35	37	41	42	43	44	50	52	59	62	81	#
94	1825.93	1	2	7	8	10	12	14	19	22	26	30	31	35	36	39	42	43	46	50	52	53	60	63	81	#
95	1777.39	0	4	7	8	12	13	14	22	23	25	26	30	31	32	33	37	41	44	45	46	56	58	63	81	#
96	1776.08	0	1	2	6	8	9	14	17	19	20	26	28	29	30	34	35	37	39	43	44	53	59	60	81	#
97	1752.18	0	1	2	8	10	12	19	21	22	26	30	31	32	33	34	35	36	37	43	45	51	59	63	81	#
98	1728.52	0	3	6	7	8	10	12	13	14	17	25	28	29	32	43	44	45	46	50	52	53	56	59	81	#
99	755.951	0	3	8	12	20	29	36	54	58	82	#
100	790.768	8	20	22	31	32	36	41	48	58	82	#
101	767.974	3	8	22	23	47	53	54	57	60	82	#
102	732.552	0	1	8	31	33	45	48	56	58	82	#
103	730.623	0	12	13	14	23	25	28	46	48	82	#
104	701.54	3	23	25	29	41	47	48	52	59	82	#
105	1099.66	0	3	9	11	13	31	41	46	53	56	57	83	#
106	1080.98	9	11	30	31	39	40	53	55	56	57	60	83	#
107	1002.08	0	3	5	17	21	31	39	41	56	57	58	83	#
108	952.418	7	8	21	23	31	37	46	47	53	55	57	83	#
109	908.951	0	4	5	21	31	39	40	41	46	56	61	83	#
110	884.739	0	8	10	21	28	31	35	40	41	47	53	83	#
111	942.644	7	13	15	17	29	37	39	45	49	54	60	84	#
112	1096.55	5	7	13	14	15	17	34	37	39	41	45	84	#
113	899.976	7	9	15	17	28	37	41	42	45	52	59	84	#
114	879.038	3	8	10	12	17	22	32	34	41	51	58	84	#
115	839.671	2	7	9	13	15	17	38	45	51	56	59	84	#
116	795.796	10	13	14	20	25	31	37	51	54	58	63	84	#
117	652.017	2	8	24	27	35	37	46	49	50	52	85	#
118	923.228	2	8	15	20	33	42	44	49	52	62	85	#
119	793.13	1	8	14	25	27	31	33	44	48	60	85	#
120	780.231	2	8	12	13	22	28	44	58	59	62	85	#
121	745.467	2	6	7	16	17	40	46	49	52	62	85	#
122	637.064	8	11	16	18	37	40	49	51	52	58	85	#
123	1457.34	2	4	5	11	14	18	20	23	25	27	31	32	37	43	44	45	48	51	54	56	61	63	86	#
124	1876.97	2	8	9	12	13	14	15	23	25	28	30	32	33	37	41	45	49	51	52	55	57	62	86	#
125	1824.59	2	9	12	15	17	19	23	25	27	33	37	39	43	44	45	53	54	55	58	60	62	63	86	#
126	1814.56	0	4	6	8	9	12	14	19	21	28	30	32	33	37	39	40	45	46	52	54	55	60	86	#
127	1798.43	0	4	5	8	9	11	12	15	20	22	23	25	28	30	32	35	39	53	54	58	62	63	86	#
128	1769.16	1	2	8	9	15	17	19	20	25	26	28	30	34	37	43	45	52	53	55	57	62	63	86	#
129	177.578	16	39	45	63	87	#
130	260.682	0	12	16	21	87	#
131	171.399	3	39	54	62	87	#
132	219.377	2	15	20	42	88	#
133	265.727	10	15	20	24	88	#
134	187.354	5	34	42	50	88	#
135	127.096	2	18	38	44	88	#
136	64.1925	7	20	42	61	88	#
137	144.63	7	22	47	89	#
138	156.017	3	22	45	89	#
139	106.743	11	41	47	89	#
140	2335.69	1	3	4	10	11	12	13	14	15	17	19	21	24	32	33	35	36	38	39	40	42	43	45	46	47	48	52	57	58	59	60	63	90	#
141	2405.92	1	3	4	5	7	8	12	13	14	17	20	21	22	24	34	35	39	40	44	45	46	47	48	49	50	51	52	53	59	60	61	62	90	#
142	2326.13	1	3	4	5	6	8	12	14	15	17	18	22	24	25	30	33	34	35	36	37	38	40	43	44	46	47	52	53	57	61	62	63	90	#
143	2283.01	2	3	5	8	11	12	13	14	15	17	18	19	22	23	25	35	36	38	39	40	41	42	43	44	47	49	52	54	57	59	60	63	90	#
144	2260.91	1	3	8	11	13	14	15	18	20	21	22	24	25	30	32	33	34	39	40	43	44	45	47	49	50	51	52	54	59	61	62	63	90	#
145	2260.81	1	3	4	7	11	13	14	15	17	18	19	21	22	25	30	32	34	36	38	40	43	44	46	50	52	53	57	59	60	61	62	63	90	#
146	1342.5	0	2	6	11	13	16	18	20	21	23	25	33	34	36	41	42	43	44	46	48	50	59	60	91	#
147	1635.82	0	1	2	3	5	8	10	12	14	15	21	25	33	38	40	41	42	44	46	52	59	62	63	91	#
148	1627.83	0	2	4	8	11	16	19	20	23	25	31	36	39	40	42	45	50	51	52	59	60	62	63	91	#
149	1612.69	0	1	5	7	9	11	12	15	16	20	21	23	24	30	33	35	36	39	42	56	60	61	62	91	#
150	1603.15	0	2	5	7	8	16	19	20	22	30	31	33	35	37	40	42	45	53	54	55	58	60	62	91	#
151	1584.45	1	3	5	12	14	16	19	22	25	29	30	33	34	36	39	43	45	46	50	53	59	60	62	91	#
152	182.584	40	46	92	#
153	205.721	11	46	92	#
154	41.2019	18	#
155	1990.81	0	1	2	3	4	6	10	11	16	18	19	20	25	26	27	29	30	32	36	38	39	42	43	44	46	47	48	49	51	52	54	55	61	62	93	#
156	2303.77	0	3	4	11	12	13	15	17	19	20	22	23	24	26	27	28	29	30	32	36	38	42	44	46	48	49	51	52	54	55	56	59	61	62	93	#
157	2303.34	0	1	2	3	5	8	10	13	16	19	20	21	22	23	24	26	27	29	32	37	38	39	41	43	46	48	51	52	53	54	55	56	61	62	93	#
158	2274.14	0	1	3	5	8	9	10	11	13	16	20	26	27	28	30	31	32	33	37	39	42	43	44	46	48	49	50	51	52	54	55	59	61	62	93	#
159	2261.2	0	1	2	3	4	5	8	10	11	13	16	17	19	21	22	26	27	28	29	30	32	33	37	38	41	42	43	46	49	51	54	55	57	62	93	#
160	2227.2	1	2	3	8	11	12	17	18	19	20	22	23	24	26	29	30	33	35	37	38	39	42	45	46	49	50	51	52	54	55	59	60	61	62	93	#
161	123.008	6	15	57	94	#
162	155.484	15	40	55	94	#
163	190.187	37	44	49	61	95	#
164	276.483	41	60	61	62	95	#
165	210.106	2	3	26	37	95	#
166	81.0609	25	27	49	56	95	#
167	528.749	5	8	20	50	52	96	#
168	515.548	21	30	32	52	58	96	#
169	378.323	8	23	31	48	58	96	#
170	357.508	2	20	25	37	38	96	#
171	329.772	14	22	41	48	50	96	#
172	298.868	5	43	49	61	63	96	#
173	182.751	15	21	45	48	97	#
174	242.275	21	36	42	46	97	#
175	171.132	16	21	27	45	97	#
176	166.252	15	51	52	54	97	#
177	900.349	1	3	9	10	14	18	20	23	47	51	54	58	60	98	#
178	1107.26	1	8	9	13	15	17	20	28	34	39	44	47	53	98	#
179	1052.25	9	20	21	30	32	34	35	39	45	53	54	58	60	98	#
180	1015.74	3	10	20	23	24	26	39	42	57	58	59	60	62	98	#
181	973.709	1	2	8	13	20	21	22	34	42	43	48	49	58	98	#
182	934.932	1	2	7	9	19	20	29	34	37	41	42	45	48	98	#
183	108.552	39	#
184	1840.33	0	2	6	10	12	14	16	21	23	26	28	29	30	31	32	35	36	39	44	48	49	52	53	54	62	99	#
185	1880.33	4	7	12	13	15	17	18	24	26	29	30	32	33	35	39	40	42	46	47	49	51	52	53	60	63	99	#
186	1842.66	0	2	6	13	15	16	17	18	21	26	28	35	37	39	40	41	46	47	49	51	52	53	57	59	60	99	#
187	1821.72	12	16	18	19	24	28	29	30	32	33	35	37	39	40	41	44	46	49	51	53	54	55	56	57	62	99	#
188	1772.84	6	7	11	13	18	19	23	24	27	28	30	32	35	37	39	41	44	47	48	50	51	53	55	62	63	99	#
189	1759.58	2	6	7	10	11	14	15	16	20	23	24	26	30	31	32	33	37	40	41	42	47	48	51	53	57	99	#
190	847.603	9	12	14	23	37	47	48	55	56	57	100	#
191	849.451	0	2	22	24	30	31	34	46	54	56	100	#
192	816.536	2	3	14	25	31	39	44	46	55	57	100	#
193	786.595	9	17	20	30	47	48	49	55	56	63	100	#
194	775.132	6	8	12	13	19	23	35	46	48	57	100	#
195	771.074	12	23	24	32	34	42	49	55	60	61	100	#
196	378.572	0	2	12	29	45	101	#
197	507.94	0	5	17	21	42	101	#
198	385.924	4	5	12	42	59	101	#
199	377.327	0	17	45	51	63	101	#
200	350.54	2	8	23	47	58	101	#
201	281.918	1	8	21	29	36	101	#
202	1359.39	0	3	5	6	7	12	14	21	22	24	26	27	35	36	38	42	48	53	55	56	57	61	102	#
203	1806.85	0	1	3	5	7	8	12	14	15	20	21	22	23	24	27	32	34	36	39	40	45	61	102	#
204	1792.19	0	5	8	14	15	16	20	22	23	24	31	34	35	39	40	45	47	52	54	57	59	63	102	#
205	1675.56	0	1	3	5	7	11	15	24	31	35	37	38	39	43	45	46	51	53	55	56	57	63	102	#
206	1671.37	0	1	4	5	12	14	18	20	22	25	27	29	32	35	39	44	46	49	51	52	59	63	102	#
207	1646.65	5	12	14	15	19	20	22	25	26	31	34	35	36	37	38	39	42	46	51	52	59	63	102	#
208	330.414	18	37	45	54	56	59	103	#
209	424.026	10	13	17	30	46	54	103	#
210	400.793	2	37	51	56	57	60	103	#
211	325.031	2	13	25	36	59	61	103	#
212	302.422	8	16	18	42	44	57	103	#
213	473.657	13	20	30	31	63	104	#
214	461.001	19	31	32	37	45	104	#
215	446.788	8	17	30	45	50	104	#
216	370.728	13	19	30	50	63	104	#
217	300.094	29	34	37	41	63	104	#
218	272.986	16	20	34	37	45	104	#
219	432.697	2	9	19	34	35	42	48	51	105	#
220	542.093	9	10	18	26	42	46	52	60	105	#
221	523.936	2	5	15	16	34	45	52	57	105	#
222	516.252	9	16	20	24	25	45	60	62	105	#
223	509.214	10	11	18	22	35	44	45	48	105	#
224	485.829	3	5	16	19	35	37	48	53	105	#
225	220.441	3	21	47	57	106	#
226	312.818	1	21	25	53	106	#
227	235.669	3	28	47	52	106	#
228	1524.36	0	2	4	10	12	15	20	23	24	26	29	34	40	42	50	51	53	54	59	60	62	107	#
229	1649.86	2	4	5	10	14	15	16	17	19	20	29	31	32	36	37	38	41	46	49	54	55	107	#
230	1494.18	0	1	2	7	9	10	12	14	15	17	19	21	26	29	32	34	35	37	40	50	54	107	#
231	1493.73	0	1	11	12	15	21	26	30	32	38	40	41	44	46	51	53	58	59	60	61	63	107	#
232	1480.41	2	4	5	6	8	12	21	25	26	29	31	38	40	41	44	46	47	49	55	56	57	107	#
233	1454.49	0	2	4	10	14	15	28	29	32	34	35	42	45	46	49	52	57	58	59	61	62	107	#
234	193.313	23	24	49	54	108	#
235	274.097	14	23	26	42	108	#
236	189.252	13	28	31	54	108	#
237	129.662	10	24	40	49	108	#
238	404.757	4	6	8	16	22	47	54	109	#
239	507.011	13	36	39	42	51	53	54	109	#
240	476.691	8	11	16	24	39	43	45	109	#
241	419.498	24	38	40	46	47	56	59	109	#
242	401.427	6	11	20	35	52	54	61	109	#
243	373.851	3	9	16	22	39	51	61	109	#
244	366.136	0	28	41	52	110	#
245	471.771	0	1	12	42	110	#
246	352.103	14	24	30	52	110	#
247	326.384	11	41	42	43	110	#
248	208.846	20	28	35	39	110	#
249	646.081	0	3	9	10	24	27	31	35	38	40	45	48	61	111	#
250	964.427	9	15	16	27	28	32	39	40	50	52	53	60	63	111	#
251	883.31	1	5	15	16	20	32	38	39	40	48	49	61	63	111	#
252	848.008	5	14	20	21	28	31	33	38	39	54	57	59	60	111	#
253	828.553	0	2	17	27	30	33	35	40	43	46	54	57	61	111	#
254	827.481	9	10	12	23	24	27	34	40	45	52	55	56	61	111	#
255	384.244	2	11	13	45	48	49	112	#
256	568.577	23	29	35	39	45	55	112	#
257	505.29	5	13	29	30	56	60	112	#
258	480.798	5	11	26	40	45	53	112	#
259	466.54	2	12	32	49	52	53	112	#
260	345.881	9	34	36	38	48	49	112	#
261	779.833	1	2	7	11	13	21	24	37	46	113	#
262	810.105	0	2	11	13	28	33	41	46	56	113	#
263	773.474	0	7	8	27	28	32	37	54	60	113	#
264	757.432	1	5	11	13	28	30	32	49	60	113	#
265	734.228	15	17	20	31	32	39	44	46	49	113	#
266	653.914	11	19	21	24	25	37	53	58	60	113	#
267	232.805	1	22	43	44	114	#
268	276.312	22	30	42	45	114	#
269	258.144	1	20	26	62	114	#
270	224.906	3	37	44	54	114	#
271	211.605	4	13	42	43	114	#
272	68.1078	63	#
273	962.689	2	14	15	17	20	24	27	30	31	33	37	57	58	115	#
274	975.904	3	7	8	10	18	20	27	28	32	35	37	57	61	115	#
275	967.408	2	5	8	10	22	27	28	29	41	44	46	52	63	115	#
276	954.215	2	5	10	16	18	24	26	29	32	55	57	59	63	115	#
277	948.378	2	8	10	13	17	21	22	27	31	32	42	48	50	115	#
278	932.105	2	4	13	16	24	27	28	30	31	37	39	42	58	115	#
279	233.008	2	11	20	116	#
280	239.807	2	43	45	116	#
281	197.364	11	24	37	116	#
282	176.347	11	20	42	116	#
283	169.119	3	46	117	#
284	200.448	30	46	117	#
285	181.05	3	5	117	#
286	427.95	3	5	16	17	34	36	45	118	#
287	519.982	1	4	5	10	17	18	31	118	#
288	481.105	3	10	27	39	44	47	62	118	#
289	474.039	3	17	19	21	22	31	46	118	#
290	464.772	10	16	27	34	37	52	53	118	#
291	461.335	4	27	34	41	45	48	53	118	#
292	37.0616	25	#
293	263.591	10	11	21	47	56	119	#
294	390.773	15	21	39	43	57	119	#
295	360.474	10	27	31	55	57	119	#
296	357.269	7	9	32	45	47	119	#
297	178.455	4	21	28	56	59	119	#
298	509.537	0	6	9	10	31	46	50	54	120	#
299	666.854	1	6	8	13	19	31	60	62	120	#
300	661.765	0	1	8	22	30	32	35	62	120	#
301	617.761	5	15	17	32	36	46	51	55	120	#
302	594.768	5	13	17	19	20	38	50	60	120	#
303	495.097	6	9	22	25	30	48	54	62	120	#
304	58.9091	50	#
305	402.159	12	19	26	36	37	57	121	#
306	475.849	11	12	27	32	33	58	121	#
307	462.162	8	9	29	30	56	57	121	#
308	432.574	9	12	19	43	49	62	121	#
309	400.886	12	25	27	29	37	48	121	#
310	398.77	1	26	27	28	36	57	121	#
311	2919.11	0	1	4	5	6	7	8	9	10	11	12	13	14	15	16	17	21	22	23	24	25	27	28	31	32	33	34	35	36	38	39	40	41	42	43	44	46	48	50	51	54	55	59	60	61	63	122	#
312	3081.55	0	1	3	4	5	6	8	9	10	11	12	13	14	15	16	17	21	22	24	25	26	27	28	31	32	33	34	35	36	38	39	40	41	42	43	44	46	48	51	52	55	56	57	60	61	63	122	#
313	3062.48	0	1	3	4	5	6	7	8	9	10	11	13	14	15	16	17	20	21	22	23	24	25	26	27	28	31	32	33	34	36	38	39	40	41	42	43	44	48	50	51	52	55	57	60	62	63	122	#
314	3052.73	0	1	2	3	4	5	6	8	9	10	11	12	13	14	15	16	17	21	22	24	25	26	27	28	31	32	33	36	38	39	40	41	42	43	44	46	47	48	50	51	52	54	55	59	60	61	122	#
315	3042.1	0	1	3	4	5	6	7	8	9	10	11	12	13	14	15	17	21	22	23	24	25	26	27	28	30	31	32	33	34	36	38	39	40	44	46	48	50	51	52	54	55	57	58	59	60	61	122	#
316	3025.94	0	1	2	3	4	5	6	8	9	10	11	12	13	14	15	16	17	21	22	23	24	25	26	28	31	32	33	34	36	38	39	41	42	44	48	50	51	52	54	55	56	57	59	60	61	63	122	#
317	282.787	7	41	47	58	123	#
318	375.009	3	8	41	47	123	#
319	332.346	42	55	58	62	123	#
320	295.148	7	13	44	52	123	#
321	190.221	28	41	49	51	123	#
322	107.714	9	#
323	152.648	3	48	124	#
324	127.874	45	48	124	#
325	62.5958	2	#
326	278.001	6	15	20	22	34	125	#
327	359.039	9	14	20	40	42	125	#
328	341.569	9	11	19	22	42	125	#
329	337.39	0	17	34	42	51	125	#
330	336.86	2	4	15	37	57	125	#
331	283.304	6	12	20	34	51	125	#
332	195.364	16	18	43	126	#
333	245.223	38	43	58	126	#
334	215.87	16	18	37	126	#
335	185.504	15	18	34	126	#
336	1510.76	7	8	9	11	12	13	19	21	22	25	26	28	29	30	33	34	35	39	40	41	44	47	48	49	53	127	#
337	1843.01	0	2	5	7	11	17	19	20	21	22	25	28	30	33	34	36	42	44	46	47	48	52	53	54	62	127	#
338	1788.71	0	2	4	5	6	7	13	17	19	22	25	26	29	33	34	40	42	46	48	49	53	56	59	61	62	127	#
339	1719.25	0	5	8	11	12	13	16	17	20	21	23	24	25	26	27	33	34	36	40	42	44	48	49	53	55	127	#
340	1712.76	0	2	5	9	10	12	13	17	19	24	25	31	33	34	35	36	40	42	46	47	49	50	56	61	62	127	#
341	1696.97	3	4	5	6	7	8	11	17	19	22	25	33	37	39	40	42	43	47	48	49	51	53	56	59	62	127	#
342	592.832	15	18	24	29	38	46	47	52	128	#
343	778.401	0	9	15	30	35	42	52	57	128	#
344	628.544	9	17	19	24	29	30	37	52	128	#
345	622.089	0	8	9	13	15	29	46	54	128	#
346	566.708	30	32	38	41	43	51	54	57	128	#
347	463.531	4	6	17	24	42	43	49	56	128	#
348	415.766	13	14	22	23	43	129	#
349	372.17	6	23	28	33	47	129	#
350	325.812	13	18	28	29	41	129	#
351	296.967	15	25	33	43	48	129	#
352	278.518	6	9	22	47	56	129	#
353	507.551	7	20	24	30	32	35	37	38	57	130	#
354	755.777	6	8	12	15	18	38	52	53	54	130	#
355	751.396	15	19	24	30	32	39	40	45	53	130	#
356	693.234	8	9	15	17	21	29	32	33	52	130	#
357	684.86	0	15	16	20	22	30	37	59	63	130	#
358	618.177	12	14	16	20	21	26	36	45	52	130	#
359	882.611	2	13	14	17	21	22	29	46	49	56	62	63	131	#
360	885.897	2	5	15	17	19	22	25	42	46	51	54	60	131	#
361	873.392	12	13	15	29	30	31	33	43	51	55	57	62	131	#
362	821.812	4	5	17	21	28	34	38	45	46	48	56	63	131	#
363	820.303	2	3	5	9	13	22	30	37	45	47	50	53	131	#
364	791.866	1	2	6	21	23	30	42	43	47	48	55	63	131	#
365	1838.94	1	6	7	8	9	13	21	22	24	29	31	32	37	39	40	41	42	46	48	52	55	56	58	59	60	63	132	#
366	2096.95	2	5	7	8	12	15	17	19	22	24	26	27	31	32	33	37	39	40	43	44	53	56	57	58	61	63	132	#
367	1933.11	0	1	2	4	8	12	15	16	17	19	22	27	29	33	34	36	37	39	41	42	43	45	49	55	58	60	132	#
368	1909.32	1	2	5	7	8	9	12	16	18	20	26	28	29	31	33	34	39	40	41	46	47	50	52	55	58	60	132	#
369	1883.9	2	3	7	8	9	12	15	16	18	22	23	24	26	32	37	39	40	41	42	43	46	48	54	57	58	60	132	#
370	1874.52	1	2	3	4	12	15	26	28	29	33	37	39	40	41	42	43	45	46	48	51	56	57	58	59	60	63	132	#
371	1296.95	3	7	12	16	20	27	29	30	32	34	38	40	43	47	55	56	57	59	63	133	#
372	1697.44	0	3	12	13	15	16	26	31	32	36	37	39	40	47	55	57	58	60	63	133	#
373	1685.24	1	2	5	9	12	13	16	20	39	40	41	47	50	55	57	58	59	60	63	133	#
374	1586.62	0	5	13	15	16	19	20	27	29	32	33	39	43	50	53	57	59	60	63	133	#
375	1553.72	0	1	3	8	13	15	16	22	26	29	37	38	39	49	52	53	55	57	59	133	#
376	1538.5	0	2	10	12	13	16	19	20	29	33	38	43	46	47	49	52	55	57	60	133	#
377	341.541	9	16	25	33	48	51	55	134	#
378	467.848	1	3	13	51	53	56	63	134	#
379	427.935	2	12	16	22	23	24	45	134	#
380	424.939	5	9	16	18	27	29	48	134	#
381	339.623	4	8	16	26	43	48	57	134	#
382	335.338	22	24	26	29	51	55	57	134	#
383	1186.74	7	8	15	17	19	20	21	24	32	34	41	43	45	47	48	54	56	57	58	62	135	#
384	1575.61	2	3	17	19	20	23	32	34	36	37	39	40	41	43	45	48	49	51	55	56	135	#
385	1562.47	0	11	14	16	20	23	32	35	37	39	41	44	46	48	52	53	55	56	57	63	135	#
386	1559.92	0	2	6	7	9	14	15	16	17	20	34	36	37	38	40	43	52	53	55	56	135	#
387	1429.21	5	6	14	17	20	21	23	28	32	35	37	41	42	47	49	51	52	53	56	57	135	#
388	1427.55	0	1	7	9	11	14	16	20	25	32	34	36	37	47	49	51	53	55	57	60	135	#
389	326.462	6	8	31	52	136	#
390	422.227	3	8	31	46	136	#
391	371.02	8	23	42	55	136	#
392	294.759	2	23	52	56	136	#
393	162.995	12	24	60	137	#
394	180.842	12	19	29	137	#
395	169.244	7	42	60	137	#
396	148.97	24	47	63	137	#
397	459.301	18	21	27	31	38	63	138	#
398	481.714	13	21	24	55	60	63	138	#
399	408.43	4	22	27	31	48	60	138	#
400	408.05	8	14	26	27	30	54	138	#
401	362.41	0	8	18	21	28	35	138	#
402	327.428	4	16	25	31	38	43	138	#
403	976.739	1	6	7	20	25	26	34	38	43	46	48	50	51	58	60	61	139	#
404	1240.49	1	3	5	6	12	21	34	39	43	46	47	48	52	55	57	59	139	#
405	1108.52	5	6	7	11	21	24	26	31	33	35	38	43	46	48	50	52	139	#
406	1076.17	2	3	4	9	12	17	21	33	34	35	36	46	54	60	61	63	139	#
407	1044.64	3	6	8	13	14	16	19	21	25	29	31	33	35	38	43	60	139	#
408	1033.96	7	11	17	21	25	33	35	36	38	43	44	46	47	55	60	61	139	#
409	565.252	12	15	25	47	52	55	140	#
410	567.918	2	6	17	41	42	52	140	#
411	430.993	1	15	44	47	57	63	140	#
412	430.99	1	6	21	38	55	62	140	#
413	391.141	10	12	29	42	44	62	140	#
414	853.964	0	3	4	7	19	21	22	32	35	42	43	54	62	141	#
415	1068.34	5	19	21	23	31	32	34	39	51	55	56	61	62	141	#
416	1031.18	0	3	4	8	21	27	29	38	39	43	54	55	60	141	#
417	1030.59	3	4	12	15	23	28	29	36	43	46	47	54	55	141	#
418	1019.16	10	21	32	33	37	43	45	51	54	55	56	62	63	141	#
419	1016.24	0	1	3	4	14	15	22	28	29	37	38	39	61	141	#
420	1181.58	5	7	9	10	12	25	29	30	31	37	39	47	49	50	51	52	63	142	#
421	1412.05	2	7	11	12	14	26	28	30	37	41	42	47	49	50	52	53	58	142	#
422	1375.81	2	4	5	7	8	17	25	28	30	35	37	38	41	42	49	50	55	142	#
423	1368.04	2	4	8	10	12	15	16	27	30	37	39	41	42	45	47	52	54	142	#
424	1361.89	5	7	8	12	14	15	16	22	26	28	34	41	42	49	50	53	55	142	#
425	1270.84	4	5	17	27	28	35	37	39	40	42	50	52	54	55	57	59	63	142	#
426	421.226	2	8	18	19	25	27	37	42	143	#
427	522.361	4	8	27	36	44	53	58	61	143	#
428	518.756	1	8	19	25	37	51	53	54	143	#
429	518.612	12	13	14	19	25	26	37	51	143	#
430	453.088	2	7	9	15	28	32	50	58	143	#
431	350.322	6	12	18	26	29	42	49	59	143	#
432	173.376	29	31	44	54	144	#
433	249.161	5	23	24	54	144	#
434	192.443	28	29	37	56	144	#
435	1946.82	2	3	5	12	13	14	15	19	22	24	25	30	31	35	36	39	40	41	44	45	47	49	52	55	56	61	62	63	145	#
436	2038.81	0	2	3	5	6	10	12	13	14	15	16	18	27	30	32	37	38	39	44	45	46	47	49	54	55	57	61	63	145	#
437	2010.68	0	1	2	3	4	6	12	13	14	15	17	19	24	29	30	31	32	35	37	39	40	43	45	47	49	50	57	63	145	#
438	1982.68	0	2	3	4	5	12	14	15	16	18	19	22	23	27	30	31	32	33	39	40	45	51	54	55	56	57	61	62	145	#
439	1979.81	0	1	2	3	5	11	12	13	15	16	18	19	21	24	27	30	31	32	34	36	45	46	49	52	54	57	61	62	145	#
440	1957.15	0	2	3	5	9	13	16	21	24	26	30	32	34	37	38	39	40	43	44	45	47	51	52	55	56	61	62	63	145	#
441	627.833	0	12	16	23	26	35	49	59	60	61	146	#
442	857.198	0	5	9	12	22	30	39	42	49	61	146	#
443	805.137	0	1	9	12	21	35	37	54	61	62	146	#
444	783.768	1	9	16	23	35	47	53	55	56	59	146	#
445	738.378	1	8	9	35	37	39	42	45	50	54	146	#
446	697.28	1	7	12	14	28	32	49	52	54	60	146	#
447	1339.46	0	1	2	3	8	10	11	14	25	28	29	30	31	36	38	39	40	44	147	#
448	1643.28	0	2	3	8	12	14	15	25	30	37	39	40	46	47	51	53	56	62	147	#
449	1624.48	0	3	5	11	12	17	20	22	27	30	32	34	42	44	46	51	59	61	147	#
450	1482.69	0	1	11	13	14	15	22	25	28	29	32	34	36	37	46	53	59	60	147	#
451	1448.01	0	2	7	12	13	14	15	16	27	28	30	36	37	41	46	51	61	62	147	#
452	1421.37	0	3	8	11	13	14	16	20	26	28	29	31	32	34	36	46	49	56	147	#
453	184.803	38	40	148	#
454	120.476	28	38	148	#
455	117.607	40	51	148	#
456	305.061	0	34	36	52	149	#
457	352.712	32	41	52	56	149	#
458	294.873	10	23	36	37	149	#
459	259.981	0	21	38	46	149	#
460	205.952	10	18	34	42	149	#
461	303.751	9	11	36	53	150	#
462	389.584	9	38	40	41	150	#
463	355.304	20	35	38	53	150	#
464	240.897	7	13	14	36	150	#
465	160.428	2	11	16	21	150	#
466	1745.55	8	9	10	13	14	18	22	23	25	27	28	29	30	33	38	44	45	46	48	51	52	53	54	59	60	62	151	#
467	2040.37	0	1	3	4	12	13	24	26	28	30	32	34	37	39	43	46	48	51	52	53	55	56	59	60	62	63	151	#
468	2002.95	0	3	4	5	6	11	13	15	16	18	22	23	28	29	32	34	37	39	41	46	48	49	51	52	56	59	151	#
469	1967.47	3	4	5	6	10	13	18	23	25	26	28	29	30	32	34	39	41	45	46	47	48	52	53	57	59	62	151	#
470	1953.43	3	4	5	8	10	13	18	22	24	28	29	30	31	34	37	38	39	40	46	51	52	53	54	57	59	61	151	#
471	1945.41	0	2	3	4	5	8	11	13	16	18	22	23	24	25	29	30	31	34	37	40	41	46	49	53	55	61	151	#
472	979.032	0	1	7	14	19	24	33	34	41	43	52	53	60	152	#
473	948.598	0	9	10	15	19	27	33	34	49	52	60	61	63	152	#
474	892.76	1	7	11	15	19	22	24	27	32	36	51	52	60	152	#
475	871.518	5	10	13	19	22	24	27	34	40	44	51	52	54	152	#
476	865.001	1	7	9	12	15	18	19	23	24	25	35	38	63	152	#
477	862.709	0	4	9	10	18	22	27	32	40	42	44	52	55	152	#
478	254.008	1	16	21	40	50	59	153	#
479	341.309	13	20	28	40	43	50	153	#
480	288.99	8	30	36	40	49	59	153	#
481	274.491	1	21	28	29	57	62	153	#
482	262.646	14	18	21	37	50	61	153	#
483	247.649	16	22	24	31	47	50	153	#
484	164.84	3	14	154	#
485	204.969	14	23	154	#
486	146.278	3	44	154	#
487	2811.24	0	1	2	4	5	6	7	8	11	12	15	16	17	18	20	23	25	26	27	30	31	32	34	37	41	42	43	46	47	49	50	53	55	56	58	60	61	62	63	155	#
488	2931.34	0	2	4	5	7	8	9	12	15	16	17	18	19	22	23	25	26	29	31	33	35	37	38	41	43	45	46	47	48	50	51	52	53	55	57	60	61	62	63	155	#
489	2820.97	0	1	2	7	8	11	12	14	15	16	17	18	20	22	23	24	26	27	30	31	32	33	34	35	37	38	40	42	43	45	46	47	50	52	53	57	60	61	62	155	#
490	2747.89	0	1	2	4	5	7	8	11	12	14	16	17	18	23	25	28	29	30	33	34	36	37	40	41	42	43	45	46	47	48	50	53	54	55	57	60	61	62	63	155	#
491	2746.56	0	2	4	5	7	8	9	11	14	16	19	20	22	23	26	27	29	30	31	32	33	34	35	36	37	38	41	43	45	47	48	51	53	54	55	57	60	61	62	155	#
492	2728.9	2	4	7	8	12	14	15	16	18	20	23	24	25	26	27	29	30	31	34	35	37	38	41	42	43	45	46	47	50	53	54	55	57	58	59	60	61	62	63	155	#
493	961.14	7	8	12	23	25	34	40	47	53	56	58	59	63	156	#
494	1043.84	4	7	8	17	22	23	24	29	39	46	47	56	62	156	#
495	995.003	3	5	18	22	29	37	39	40	41	46	54	56	62	156	#
496	951.693	0	10	17	22	29	30	34	39	40	46	51	61	63	156	#
497	940.804	5	17	21	22	33	37	44	48	52	53	54	58	63	156	#
498	893.585	21	23	29	32	33	34	35	37	40	47	48	52	56	156	#
499	930.796	4	5	6	14	15	20	21	29	31	33	37	40	42	44	48	56	157	#
500	1127.38	6	10	20	26	31	33	35	36	37	38	40	42	43	51	52	62	157	#
501	1124.3	2	8	14	18	20	27	29	30	32	35	40	43	46	51	57	59	157	#
502	1095.95	1	18	19	20	24	29	31	34	36	38	40	43	49	52	62	63	157	#
503	1041.2	9	15	16	18	24	27	29	31	37	38	48	56	57	60	62	63	157	#
504	1027.05	5	6	7	15	16	26	27	33	37	38	42	48	52	56	59	61	157	#
505	1266.71	0	2	8	16	17	23	25	27	34	35	36	39	42	46	50	52	54	59	61	158	#
506	1437.59	0	1	2	6	8	9	16	23	24	27	30	31	34	35	36	41	44	46	59	158	#
507	1434.86	0	2	5	7	9	16	19	24	26	27	34	36	37	41	45	52	57	59	62	158	#
508	1376	0	3	8	9	12	14	20	24	29	30	31	34	37	38	44	47	52	57	59	158	#
509	1364.76	0	2	3	5	8	18	24	26	30	35	36	41	44	45	52	54	57	59	61	158	#
510	1282.86	5	7	8	9	15	16	19	21	23	24	30	31	34	37	40	54	56	57	63	158	#
511	518.951	6	11	14	19	44	46	159	#
512	541.607	7	11	32	34	43	53	159	#
513	438.376	4	6	19	42	49	53	159	#
514	437.222	27	43	44	48	53	63	159	#
515	363.121	30	46	48	50	53	61	159	#
516	318.22	14	15	21	34	56	61	159	#
517	810.153	0	4	15	21	28	36	37	38	48	52	54	60	160	#
518	994.783	9	15	17	25	26	38	39	54	55	58	60	62	160	#
519	895.552	0	2	8	9	21	22	25	31	40	45	53	62	160	#
520	878.059	0	3	4	6	9	16	21	37	38	42	52	60	160	#
521	856.252	3	4	17	25	26	38	50	52	53	55	57	60	160	#
522	847.689	1	6	9	13	15	29	46	48	53	54	55	57	160	#
523	140.412	16	25	42	49	161	#
524	189.664	16	22	39	61	161	#
525	185.77	6	19	42	54	161	#
526	755.712	12	17	29	30	37	41	48	52	55	58	162	#
527	921.006	9	12	20	27	31	39	44	52	55	63	162	#
528	783.353	1	2	4	9	12	15	22	30	37	56	162	#
529	754.758	1	2	10	21	22	26	29	30	39	62	162	#
530	749.71	1	11	17	18	20	21	48	49	52	62	162	#
531	687.255	7	12	17	20	22	28	44	56	58	62	162	#
532	243.447	18	47	54	55	163	#
533	325.559	1	22	47	55	163	#
534	270.615	18	35	45	52	163	#
535	249.855	2	15	27	54	163	#
536	231.311	28	47	57	60	163	#
537	451.322	1	24	33	58	60	164	#
538	453.069	6	8	32	35	60	164	#
539	385.028	1	24	34	42	62	164	#
540	359.83	1	19	20	29	57	164	#
541	237.364	11	33	40	41	48	164	#
542	1093.64	2	3	6	8	17	19	21	22	24	25	27	33	34	42	45	48	50	53	58	59	60	61	165	#
543	1502.84	3	6	10	11	13	14	18	19	22	23	24	29	31	39	40	46	51	52	56	60	62	63	165	#
544	1494.16	2	3	8	11	15	17	18	19	21	22	23	27	30	34	42	45	53	55	56	57	61	63	165	#
545	1481.34	5	8	11	15	16	18	21	23	27	32	35	37	38	39	43	51	54	55	56	58	60	61	165	#
546	1474.42	1	4	7	11	19	20	21	23	25	31	34	38	39	40	43	45	46	48	53	55	56	60	165	#
547	1462.52	1	3	5	7	8	9	11	13	18	21	22	24	25	34	45	48	51	52	56	59	60	63	165	#
548	409.968	2	10	44	57	58	166	#
549	461.311	0	9	34	39	44	166	#
550	347.071	0	9	16	42	58	166	#
551	303.759	2	10	28	29	30	166	#
552	285.675	4	7	8	10	12	166	#
553	267.052	19	51	52	57	61	166	#
554	414.881	6	13	17	29	36	167	#
555	545.973	17	22	23	32	56	167	#
556	458.629	13	17	19	36	37	167	#
557	374.763	5	6	13	35	45	167	#
558	373.987	13	22	29	36	55	167	#
559	244.423	13	20	29	51	61	167	#
560	619.087	3	11	14	30	41	47	49	51	60	61	168	#
561	920.561	12	15	30	34	35	38	41	50	52	57	168	#
562	898.602	1	2	9	14	15	20	22	31	56	60	168	#
563	862.03	7	15	34	38	41	47	50	52	53	60	168	#
564	776.751	5	7	19	26	35	38	39	51	56	62	168	#
565	775.301	22	30	35	37	52	56	57	58	60	61	168	#
566	136.85	1	58	61	169	#
567	174.116	42	44	58	169	#
568	157.815	3	32	61	169	#
569	154.376	1	38	61	169	#
570	251.568	3	35	38	58	170	#
571	286.936	15	18	35	38	170	#
572	273.63	7	13	22	35	170	#
573	1161.57	1	4	5	11	12	13	19	20	21	26	48	49	50	52	56	60	171	#
574	1363.91	2	3	5	11	13	15	17	20	21	31	36	37	38	39	44	57	171	#
575	1362.14	1	11	12	17	19	22	29	30	31	33	37	44	46	47	55	57	171	#
576	1329.06	0	1	3	4	5	11	17	21	27	29	31	36	37	41	52	62	171	#
577	1311.34	1	4	5	9	10	13	19	24	30	31	37	39	47	49	57	62	171	#
578	1276.58	13	14	17	22	30	31	36	39	40	45	48	49	52	55	60	61	171	#
579	410.386	2	16	37	38	43	56	172	#
580	570.365	0	11	38	43	47	53	172	#
581	450.871	13	19	30	42	55	56	172	#
582	413.506	4	14	16	38	44	52	172	#
583	390.984	17	27	32	37	45	59	172	#
584	380.973	19	24	26	43	44	52	172	#
585	742.718	1	26	32	33	37	38	40	45	54	57	61	63	173	#
586	905.012	1	7	8	9	16	30	32	44	47	52	57	58	173	#
587	872.627	1	3	15	18	22	32	44	50	52	54	59	61	173	#
588	857.728	9	11	13	15	20	33	44	49	52	56	58	63	173	#
589	832.644	3	5	8	9	27	30	33	34	37	38	40	48	173	#
590	832.545	7	8	12	30	32	33	36	46	47	48	52	54	173	#
591	1549.62	0	1	2	11	13	14	18	20	21	23	27	40	42	44	45	47	52	54	56	59	174	#
592	1558.19	0	1	2	12	20	23	27	29	31	33	45	47	48	49	55	56	58	61	62	63	174	#
593	1557.35	0	1	6	9	12	14	19	21	26	27	31	32	34	35	41	47	50	58	59	63	174	#
594	1535.68	1	2	6	12	13	20	21	26	31	35	38	40	41	42	47	54	56	58	59	63	174	#
595	1496.79	1	12	13	14	20	22	23	26	27	28	32	34	41	47	49	50	52	56	58	59	174	#
596	1476.99	0	1	2	4	8	13	14	22	23	27	28	31	34	35	40	42	46	47	56	61	174	#
597	448.288	3	11	19	22	34	36	42	49	59	175	#
598	623.577	12	14	23	37	45	48	49	59	62	175	#
599	610.15	2	11	17	19	23	25	26	27	63	175	#
600	593.078	3	23	25	26	27	36	50	53	56	175	#
601	563.526	2	7	8	26	36	44	48	52	59	175	#
602	551.264	2	11	21	27	35	37	45	59	63	175	#
603	281.974	3	6	8	49	56	61	176	#
604	415.185	2	32	45	50	55	61	176	#
605	391.76	2	7	15	24	30	56	176	#
606	355.883	6	21	47	53	56	59	176	#
607	306.96	8	16	24	32	45	63	176	#
608	160.982	3	9	50	54	177	#
609	226.666	4	44	50	59	177	#
610	174.934	3	7	15	22	177	#
611	1751.29	0	1	4	6	13	14	19	22	24	28	29	30	32	35	36	38	41	42	43	44	51	53	55	57	59	60	61	63	178	#
612	2094.17	0	6	11	12	13	14	15	21	22	24	27	29	30	31	32	33	34	36	37	41	42	44	48	49	52	55	56	62	178	#
613	2089.24	2	10	12	13	15	18	25	29	30	31	32	33	34	40	41	43	44	48	51	52	55	57	58	59	60	61	62	63	178	#
614	2081	0	4	6	10	12	15	17	21	23	24	28	29	31	32	33	34	37	41	51	52	53	55	56	57	59	60	61	62	178	#
615	2074.59	0	2	6	9	10	12	15	22	25	26	27	28	30	31	32	33	37	38	40	41	43	48	53	55	57	59	60	63	178	#
616	2071.47	6	9	13	14	15	21	22	24	26	31	32	33	34	37	40	41	42	43	44	48	49	52	55	57	60	61	62	63	178	#
617	1245.86	0	2	6	11	17	18	19	20	22	23	24	30	36	37	44	50	52	60	61	62	179	#
618	1515.84	0	2	6	9	12	15	16	18	21	22	23	31	33	36	37	39	49	51	53	60	179	#
619	1489.02	0	2	5	6	12	18	19	23	26	28	30	33	39	43	44	46	49	51	59	62	179	#
620	1466.08	0	2	5	6	7	15	16	17	21	22	23	27	33	35	41	42	46	48	51	56	179	#
621	1464.54	0	1	2	6	7	12	15	16	20	21	24	26	31	33	36	43	44	46	60	62	179	#
622	1433.82	2	3	5	7	11	12	15	19	21	24	30	31	32	33	39	44	46	52	54	55	179	#
623	382.653	5	13	25	59	180	#
624	353.893	5	19	27	52	180	#
625	338.235	1	12	13	26	180	#
626	222.495	2	7	59	61	180	#
627	238.076	18	35	62	181	#
628	241.914	18	43	63	181	#
629	147.308	24	49	62	181	#
630	137.263	24	33	35	181	#
631	487.488	4	23	27	30	33	36	55	182	#
632	663.14	0	17	22	31	33	42	45	182	#
633	552.876	5	9	15	29	37	45	55	182	#
634	483.606	10	22	30	37	38	45	56	182	#
635	466.753	8	10	13	27	29	36	45	182	#
636	403.365	8	18	22	23	34	35	44	182	#
637	937.06	2	4	6	10	12	13	26	38	41	44	49	54	56	59	63	183	#
638	1159.76	9	11	13	15	17	18	19	21	30	31	33	38	42	43	49	183	#
639	1127.37	2	11	12	14	16	18	23	27	30	31	34	38	41	54	57	183	#
640	1101.64	2	10	13	14	20	29	30	31	33	34	35	39	49	53	54	183	#
641	1100.29	9	10	12	14	16	18	30	33	34	38	46	47	53	56	57	183	#
642	1067.81	2	4	6	11	13	14	17	21	30	31	43	50	52	59	63	183	#
643	54.1682	16	29	#
644	404.806	7	22	24	30	40	45	55	184	#
645	550.199	2	3	6	22	30	33	51	184	#
646	475.738	0	22	28	41	44	45	53	184	#
647	378.902	20	24	33	42	58	60	61	184	#
648	377.189	6	16	20	28	35	53	55	184	#
649	311.136	7	25	36	46	48	51	60	184	#
650	319.214	11	15	24	38	62	185	#
651	375.884	2	11	14	42	46	185	#
652	356.299	11	15	22	50	55	185	#
653	337.031	1	35	38	39	51	185	#
654	276.514	19	24	30	39	62	185	#
655	252.711	17	24	25	27	43	185	#
656	167.053	19	29	36	43	186	#
657	228.325	14	19	37	41	186	#
658	224.312	4	16	36	58	186	#
659	214.689	28	29	49	52	186	#
660	583.075	4	5	11	18	20	28	54	61	62	187	#
661	762.031	6	8	11	14	20	31	32	33	48	187	#
662	699.075	1	5	14	18	28	29	48	59	62	187	#
663	664.465	4	14	20	28	29	33	42	53	62	187	#
664	653.524	5	9	15	18	31	37	38	48	51	187	#
665	653.252	6	7	9	14	35	43	53	59	62	187	#
666	1025.87	2	4	6	8	21	23	37	42	46	47	48	55	63	188	#
667	1140.99	4	5	6	14	21	22	23	31	37	41	47	52	56	188	#
668	1098.21	2	3	4	8	13	16	23	31	39	41	45	52	62	188	#
669	1052.28	1	6	9	10	13	15	19	22	23	38	50	55	56	188	#
670	1022.85	4	7	8	13	14	19	23	31	36	37	42	50	56	188	#
671	1005.53	1	2	3	12	15	21	23	26	41	45	46	50	63	188	#
672	531.627	4	14	22	25	29	33	36	37	63	189	#
673	722.419	3	4	9	25	30	37	61	62	63	189	#
674	719.077	4	23	30	31	36	37	40	41	63	189	#
675	659.197	17	21	22	26	31	39	41	49	50	189	#
676	633.09	14	15	17	18	26	34	38	51	57	189	#
677	630.167	4	16	18	30	31	32	34	36	42	189	#
678	835.711	5	6	23	31	39	45	46	48	53	54	55	56	190	#
679	880.589	1	14	20	23	30	39	42	45	46	50	53	62	190	#
680	845.497	7	11	13	22	25	28	39	46	50	53	55	56	190	#
681	823.534	0	18	21	23	25	32	34	53	54	60	62	63	190	#
682	792.19	8	14	20	25	34	43	47	52	53	54	55	56	190	#
683	788.888	2	8	10	13	17	26	27	29	31	34	55	58	190	#
684	1114.12	0	2	7	9	11	14	19	21	25	27	30	37	38	49	53	57	59	61	191	#
685	1639.69	2	5	7	8	10	13	15	20	21	30	35	44	47	49	52	53	56	62	191	#
686	1629.96	2	7	13	14	15	19	26	30	32	34	35	37	39	44	53	57	58	62	191	#
687	1588.31	5	9	12	13	14	17	19	26	30	32	37	39	40	52	53	55	61	63	191	#
688	1466.77	9	10	11	13	14	21	33	35	38	39	44	45	47	51	52	53	58	59	191	#
689	1405.08	0	7	9	11	13	19	21	26	27	28	32	35	39	48	49	52	62	63	191	#
690	52.8679	8	#
691	1834.69	2	6	7	11	14	20	23	24	25	28	32	35	37	41	42	45	48	50	51	52	53	56	59	62	192	#
692	2033.93	2	7	8	12	13	14	15	17	23	31	32	35	36	38	39	40	41	47	50	51	56	58	59	61	192	#
693	1967.35	2	7	12	13	16	20	23	24	25	27	31	32	34	36	39	41	45	50	51	52	53	56	59	62	192	#
694	1957.07	1	2	3	6	7	8	12	14	21	23	24	27	29	31	32	36	39	41	45	47	52	56	58	59	192	#
695	1938.9	2	3	6	7	8	12	13	14	17	20	21	25	31	32	36	37	38	39	40	44	53	54	56	61	192	#
696	1850.13	2	4	6	12	13	14	17	20	23	24	25	27	28	31	35	41	42	43	44	46	52	53	60	62	192	#
697	809.244	2	4	10	15	20	22	25	27	34	36	45	48	50	51	61	62	193	#
698	1192.68	2	4	17	27	30	32	33	34	35	46	47	49	51	53	55	63	193	#
699	1071.89	3	5	10	13	15	20	25	32	35	36	41	46	48	49	61	62	193	#
700	1054.91	2	4	16	22	27	28	33	34	36	40	46	52	53	55	59	62	193	#
701	1036.01	13	14	16	21	22	23	29	30	31	33	35	36	43	47	49	55	193	#
702	1028.28	4	13	16	22	25	32	34	35	37	39	45	46	47	48	51	54	193	#
703	943.493	1	18	20	32	34	38	39	41	42	45	52	53	58	194	#
704	1005.13	7	11	22	23	26	28	37	38	43	47	49	52	53	194	#
705	996.744	1	5	7	8	13	15	18	22	34	47	49	55	63	194	#
706	992.265	9	17	22	23	27	32	41	45	46	48	49	52	57	194	#
707	977.161	12	15	20	23	36	42	43	49	53	55	56	57	60	194	#
708	974.832	11	13	20	22	41	46	47	49	53	55	56	61	63	194	#
709	768.994	7	10	13	19	20	25	33	40	44	45	48	50	51	58	59	61	63	195	#
710	1140.71	0	1	3	5	6	13	15	24	28	33	36	38	45	48	50	58	63	195	#
711	1096.88	1	5	6	12	13	15	18	21	33	34	36	44	49	51	53	55	61	195	#
712	1061.58	1	5	13	19	20	21	34	40	45	48	50	53	54	55	58	59	61	195	#
713	1055.12	0	6	15	21	23	32	33	36	40	46	49	51	52	53	58	59	63	195	#
714	1032.08	1	2	6	8	10	12	13	14	17	21	23	24	38	56	57	59	63	195	#
715	1480.73	1	2	6	8	10	11	13	16	20	21	22	29	33	38	40	42	43	44	49	52	55	58	59	62	196	#
716	1836.26	1	5	7	9	15	20	21	22	27	30	31	33	34	36	38	39	40	48	49	50	52	55	57	62	196	#
717	1809.59	0	1	2	4	7	8	9	10	14	19	21	28	30	31	32	33	43	44	52	54	57	58	59	62	196	#
718	1765.62	0	2	4	5	7	9	11	13	19	20	21	22	23	29	31	32	34	40	42	44	50	54	57	62	196	#
719	1762.04	0	3	7	8	9	10	19	24	30	31	32	33	34	38	39	40	44	47	51	52	57	58	59	62	196	#
720	1727.18	0	1	4	6	7	8	9	13	14	20	21	29	36	37	39	40	42	47	49	50	52	57	58	62	196	#
721	318.608	13	34	47	197	#
722	249.099	13	43	51	197	#
723	248.486	34	40	63	197	#
724	189.123	22	24	47	197	#
725	310.468	2	4	28	31	44	198	#
726	461.571	2	36	37	38	52	198	#
727	404.052	10	14	17	35	44	198	#
728	371.117	4	23	37	51	63	198	#
729	337.129	12	28	36	39	58	198	#
730	494.421	3	8	11	29	33	35	39	55	199	#
731	699.521	5	11	12	16	32	39	47	56	199	#
732	572.845	8	13	27	35	41	48	55	59	199	#
733	533.167	5	11	29	33	42	43	44	60	199	#
734	498.003	0	2	3	7	34	35	43	48	199	#
735	417.707	1	8	27	28	29	38	41	51	199	#
736	504.552	7	8	24	34	53	60	200	#
737	433.974	3	17	41	53	57	60	200	#
738	420.213	8	26	42	43	57	59	200	#
739	391.548	5	10	24	46	54	56	200	#
740	359.822	7	20	35	41	53	61	200	#
741	330.895	12	14	25	34	41	43	200	#
742	568.641	2	12	14	21	29	40	43	56	201	#
743	711.166	8	12	14	30	35	38	60	61	201	#
744	690.963	2	8	30	39	43	46	47	57	201	#
745	651.084	8	13	15	21	22	33	38	60	201	#
746	639.251	10	14	22	33	35	37	46	53	201	#
747	638.067	1	5	14	25	26	29	30	60	201	#
748	2727.1	2	3	4	5	9	10	11	13	14	18	19	20	22	23	27	28	29	30	32	34	36	38	40	41	42	44	45	46	47	52	54	56	58	59	61	62	63	202	#
749	2868.49	0	3	4	5	6	7	8	9	10	11	12	13	14	17	18	19	22	23	24	29	32	34	36	37	38	40	45	46	48	52	54	55	56	58	60	61	62	202	#
750	2861.67	0	3	4	5	9	11	12	13	14	17	19	23	29	30	33	34	36	37	39	40	42	43	44	45	46	47	48	49	51	52	54	55	56	58	59	61	63	202	#
751	2855.72	1	3	4	5	9	10	12	13	14	17	18	22	23	25	27	28	29	34	36	37	38	39	40	42	44	45	46	47	48	49	52	54	55	59	60	61	63	202	#
752	2842.36	0	1	3	4	5	10	11	13	14	17	18	20	21	22	23	27	28	30	32	33	34	37	38	39	42	43	44	45	46	48	50	52	54	55	58	61	63	202	#
753	2834.54	0	3	4	5	7	9	13	14	16	17	21	22	23	25	27	28	29	30	34	37	38	39	40	44	45	46	47	48	50	52	54	55	56	58	61	62	63	202	#
754	516.634	2	6	17	20	27	35	38	50	55	203	#
755	765.966	6	8	11	17	23	38	43	45	53	203	#
756	744.358	2	7	8	11	30	34	35	43	44	203	#
757	726.653	13	23	30	31	34	38	48	53	54	203	#
758	710.365	11	20	30	34	38	40	41	43	53	203	#
759	501.569	10	12	23	31	38	49	51	55	58	203	#
760	215.332	9	15	40	204	#
761	281.499	11	15	41	204	#
762	241.297	34	40	57	204	#
763	124.991	7	9	39	204	#
764	1696.56	0	2	6	7	9	10	12	14	15	29	30	32	33	40	49	52	56	60	62	205	#
765	1640.9	0	2	8	13	14	15	20	29	30	31	38	40	44	45	51	52	55	57	60	205	#
766	1552.83	0	1	2	14	20	22	24	28	29	30	31	33	36	37	41	44	46	60	62	205	#
767	1529.53	2	9	12	13	15	27	34	35	36	37	40	41	44	49	55	57	60	61	62	205	#
768	1510.95	0	7	8	10	11	15	22	24	27	30	33	37	41	44	46	53	54	55	62	205	#
769	1504.34	0	3	16	23	24	29	31	32	34	36	37	39	40	46	47	52	54	57	62	205	#
770	647.036	1	9	11	14	17	20	22	28	41	59	206	#
771	890.543	1	4	8	9	13	31	32	41	49	62	206	#
772	684.134	11	20	26	31	35	38	39	44	51	60	206	#
773	663.45	4	8	13	15	26	35	38	39	51	59	206	#
774	639.425	0	3	9	18	20	37	39	53	59	61	206	#
775	598.622	11	26	28	33	41	49	50	52	53	62	206	#
776	768.72	1	8	11	12	13	16	23	26	31	36	44	207	#
777	827.488	1	12	23	26	27	28	32	35	36	55	58	207	#
778	806.932	14	19	20	21	22	34	44	53	54	55	63	207	#
779	772.703	1	13	16	20	22	26	29	41	53	55	56	207	#
780	760.962	1	4	9	12	16	23	25	32	36	43	55	207	#
781	749.744	2	10	11	12	21	22	25	32	35	40	56	207	#
782	2075.35	1	5	6	9	12	13	14	15	16	21	22	23	25	27	28	29	30	31	32	33	34	36	38	44	46	48	56	57	61	63	208	#
783	2109.45	1	5	6	10	11	12	14	15	16	22	23	27	28	30	31	32	34	38	39	42	48	49	53	54	56	57	58	59	60	63	208	#
784	2092.39	1	5	6	10	12	13	14	16	17	19	20	21	23	28	29	30	31	32	33	34	35	38	39	44	49	53	56	57	59	63	208	#
785	2065.37	1	5	9	12	13	14	15	16	18	22	23	25	27	28	29	30	31	32	33	34	35	39	43	48	49	50	54	59	61	63	208	#
786	2044.74	4	6	10	12	13	14	16	17	22	23	25	26	27	28	29	30	32	34	37	38	42	44	46	48	53	54	55	56	59	61	208	#
787	2035.82	1	2	5	6	10	12	13	14	18	20	21	22	23	24	25	27	28	30	31	32	34	38	39	44	49	50	51	56	59	61	208	#
788	143.532	41	48	209	#
789	147.711	4	48	209	#
790	109.784	3	41	209	#
791	746.503	7	18	24	29	33	43	46	47	49	50	53	57	60	61	62	210	#
792	1117.01	1	2	5	7	8	11	17	23	26	29	32	36	52	55	57	210	#
793	1104.15	0	5	9	13	18	19	25	27	29	32	33	42	46	62	63	210	#
794	1066.94	3	8	11	13	22	23	26	29	38	44	46	47	53	62	63	210	#
795	1057.53	5	7	10	11	17	18	19	26	29	38	46	50	52	53	61	210	#
796	961.892	0	2	13	14	23	25	26	29	33	36	46	48	49	53	63	210	#
797	878.668	0	4	10	17	28	31	38	40	41	47	50	53	58	211	#
798	1054.28	6	12	18	20	27	30	31	32	35	37	38	42	62	211	#
799	1009.06	0	8	10	25	27	30	31	38	40	41	49	56	58	211	#
800	963.056	0	6	10	14	30	32	35	37	40	46	50	52	54	211	#
801	951.901	0	4	17	27	31	32	37	47	49	55	56	58	59	211	#
802	951.35	0	5	6	8	15	22	25	37	38	41	42	49	52	211	#
803	609.374	0	6	15	27	38	43	46	47	49	55	212	#
804	878.9	1	5	16	17	22	38	44	45	46	55	212	#
805	853.75	0	8	20	23	27	41	46	47	54	55	212	#
806	830.089	2	17	18	38	39	43	44	46	47	52	212	#
807	701.588	6	17	21	37	41	44	52	53	61	62	212	#
808	693.024	4	17	18	20	21	22	25	46	61	63	212	#
809	1255.76	2	3	5	6	7	12	13	23	24	26	28	30	34	35	37	40	41	47	48	52	53	213	#
810	1599.91	1	5	7	12	13	14	17	22	23	24	33	34	35	37	40	45	52	53	54	59	63	213	#
811	1559.65	0	1	2	12	13	14	22	26	27	30	33	35	36	39	40	48	49	54	56	59	62	213	#
812	1527.52	1	5	7	8	9	12	13	15	22	23	24	26	29	30	31	38	41	46	49	52	53	213	#
813	1519.66	1	7	8	12	13	15	22	23	29	30	33	35	40	43	44	45	48	53	54	55	63	213	#
814	1517.11	2	5	9	12	13	14	18	20	26	27	29	33	35	39	40	46	51	53	54	59	63	213	#
815	602.514	2	10	12	14	19	37	48	61	214	#
816	661.414	2	14	22	30	35	55	61	62	214	#
817	575.464	10	12	14	16	22	39	40	53	214	#
818	566.662	0	2	5	41	44	48	53	61	214	#
819	479.016	10	20	24	30	39	53	54	62	214	#
820	474.498	18	19	24	37	51	52	55	63	214	#
821	2234.63	0	1	2	3	5	6	7	9	10	11	13	15	17	18	19	21	28	31	33	34	39	41	42	44	45	46	48	49	50	52	53	54	57	59	61	63	215	#
822	2434.79	0	1	2	5	7	9	10	11	12	17	20	23	25	26	28	30	31	32	34	36	38	39	40	41	42	45	46	47	48	49	52	53	57	58	59	61	215	#
823	2418.06	0	1	2	4	5	6	7	9	10	11	12	13	14	17	19	20	23	26	27	28	31	34	36	38	42	45	46	47	49	50	52	54	56	59	61	63	215	#
824	2407.71	0	2	4	5	7	8	11	12	13	17	18	20	22	23	25	26	29	31	33	34	35	36	38	41	42	44	45	46	49	52	53	55	56	57	61	63	215	#
825	2375.08	0	1	3	5	9	11	13	14	17	18	19	20	23	26	27	28	33	34	35	38	39	41	45	46	47	48	49	50	52	54	56	58	59	60	61	63	215	#
826	2368.14	1	2	3	5	7	8	10	11	12	13	15	17	18	19	21	22	23	25	30	34	35	36	39	41	42	45	46	47	48	49	52	53	54	56	59	63	215	#
827	1448.67	1	2	6	7	10	11	13	15	19	22	25	26	33	40	41	43	44	46	55	59	60	216	#
828	1629.05	5	6	7	13	15	19	20	21	24	26	31	34	39	40	41	44	46	47	58	59	62	216	#
829	1626.6	3	5	6	7	10	12	13	19	24	27	37	40	42	43	44	46	47	51	60	62	63	216	#
830	1580.5	0	3	7	12	13	19	21	28	30	31	33	39	40	43	44	45	46	49	51	59	60	216	#
831	1567.64	2	4	5	7	10	11	12	13	15	20	22	25	40	41	44	46	47	50	52	57	59	216	#
832	1559.62	2	5	6	9	10	11	13	15	20	21	24	31	33	34	42	43	44	46	56	57	63	216	#
833	683.573	0	18	20	21	38	41	48	50	55	59	217	#
834	844.457	0	8	11	15	34	38	40	41	46	49	217	#
835	700.203	0	5	7	14	16	18	19	20	44	48	217	#
836	683.827	4	14	15	17	22	27	28	35	44	48	217	#
837	683.616	1	8	16	18	27	35	41	44	46	59	217	#
838	682.639	3	5	8	11	19	26	27	28	35	38	217	#
839	1173.63	2	3	4	11	13	16	17	22	28	35	36	37	38	40	41	42	49	58	218	#
840	1470.06	2	3	5	8	12	13	14	16	30	32	41	42	45	46	49	52	57	61	218	#
841	1451.32	2	3	12	13	14	15	17	25	27	30	36	37	41	42	46	48	61	63	218	#
842	1360.39	1	2	5	14	17	22	28	29	30	32	39	42	45	46	49	53	61	63	218	#
843	1329.42	2	10	12	13	16	17	18	21	22	30	31	33	39	40	42	46	51	61	218	#
844	1296.5	3	6	10	11	13	16	17	18	23	27	28	30	36	42	46	50	55	61	218	#
845	1033.25	0	13	14	16	25	29	32	36	38	39	43	51	59	60	219	#
846	1096.38	7	8	13	14	16	23	27	37	39	55	56	58	60	61	219	#
847	1073.49	0	8	14	21	24	32	36	37	49	51	55	59	60	62	219	#
848	1038.25	4	8	13	17	22	25	27	31	34	36	39	49	60	61	219	#
849	1013.12	13	14	18	22	27	33	36	38	39	42	43	49	51	55	219	#
850	972.946	0	4	5	10	22	24	33	37	39	50	51	57	62	63	219	#
851	856.452	1	12	19	26	30	32	39	44	53	220	#
852	817.546	13	14	30	36	39	51	52	53	61	220	#
853	795.456	1	6	7	9	12	14	26	53	61	220	#
854	615.643	1	9	11	24	26	55	57	60	61	220	#
855	611.094	4	8	9	12	28	44	53	61	63	220	#
856	607.679	7	12	19	30	35	46	51	61	63	220	#
857	169.692	47	60	221	#
858	228.981	12	60	221	#
859	146.577	45	47	221	#
860	191.745	14	22	222	#
861	140.984	14	38	222	#
862	1698.18	0	1	2	5	7	9	21	22	25	27	33	37	38	39	40	42	43	45	48	49	50	54	56	61	63	223	#
863	2097.33	0	2	4	5	6	9	13	14	17	20	22	28	29	30	38	39	41	42	45	49	50	51	52	56	60	223	#
864	2066.5	0	1	4	5	9	13	17	20	22	23	28	29	30	32	34	35	38	40	42	43	45	49	56	61	63	223	#
865	1938.81	2	4	5	14	22	23	25	29	30	32	35	38	39	41	42	43	45	47	49	51	52	54	57	62	63	223	#
866	1925.64	2	5	7	13	17	22	24	27	28	29	30	32	34	35	37	38	40	41	42	45	52	54	56	59	60	223	#
867	1910.75	0	5	7	12	13	14	17	19	22	29	30	34	38	39	40	41	42	48	49	50	51	53	54	56	57	223	#
868	1784.12	1	3	7	8	9	10	19	21	24	26	28	30	32	39	40	41	42	43	44	45	46	49	50	55	56	59	61	224	#
869	2102.78	1	3	5	10	11	12	15	20	25	26	28	32	35	37	38	40	42	45	46	50	54	55	56	57	58	59	62	224	#
870	2055.54	1	3	5	8	10	11	14	19	25	26	27	30	32	33	37	39	40	41	43	44	45	47	50	55	56	62	63	224	#
871	2055.05	1	3	5	8	10	11	15	25	26	28	32	34	35	38	40	42	44	45	46	49	50	53	55	56	57	59	62	224	#
872	2046.58	1	8	10	11	13	15	19	21	22	26	28	30	32	35	36	41	42	43	46	49	53	55	56	57	58	62	63	224	#
873	2011.21	1	5	8	10	12	15	17	21	24	25	26	28	30	33	35	39	40	44	45	47	50	52	53	54	59	62	63	224	#
874	189.558	11	35	36	44	225	#
875	276.982	5	10	11	43	225	#
876	534.986	18	22	29	39	43	46	52	226	#
877	610.288	22	23	29	39	46	50	60	226	#
878	600.861	4	15	22	27	37	52	56	226	#
879	580.142	18	22	37	39	45	52	55	226	#
880	509.62	5	12	26	43	44	46	59	226	#
881	480.667	16	21	29	38	41	52	60	226	#
882	264.735	2	33	43	227	#
883	278.268	10	33	46	227	#
884	260.695	2	38	39	227	#
885	738.08	6	19	22	36	37	39	41	45	48	53	54	62	228	#
886	855.632	0	2	20	21	26	30	31	36	37	40	45	53	228	#
887	845.144	12	21	23	26	32	33	36	37	41	48	52	63	228	#
888	820.665	1	2	5	18	19	24	38	42	51	55	62	63	228	#
889	815.925	6	11	14	20	22	24	31	33	36	39	42	58	228	#
890	810.639	2	5	11	15	21	33	36	39	43	48	53	63	228	#
891	181.811	44	52	229	#
892	199.702	38	52	229	#
893	1844.07	1	2	4	5	6	7	8	11	13	16	18	19	22	23	24	26	29	30	34	35	36	38	43	44	45	46	47	49	50	52	55	57	59	63	230	#
894	2238.91	0	1	2	5	7	8	9	11	13	15	18	19	22	23	24	25	29	30	31	34	35	38	39	43	45	46	47	50	52	54	57	58	59	63	230	#
895	2201.71	0	1	2	4	5	6	7	8	9	11	12	13	15	18	20	22	24	25	26	30	31	34	35	38	43	44	47	50	53	55	57	59	62	63	230	#
896	2181.97	1	2	3	5	6	7	8	9	12	13	15	18	22	24	25	26	30	31	34	35	38	39	45	47	50	51	52	53	54	57	58	59	61	63	230	#
897	2179.22	0	2	5	8	9	11	12	13	15	18	19	20	23	24	25	26	28	30	31	34	35	38	44	45	47	50	52	53	54	55	57	58	59	63	230	#
898	2163.15	0	2	3	4	5	6	7	8	9	11	12	13	15	18	20	22	23	24	25	26	29	30	34	35	36	38	39	44	45	47	50	52	55	57	230	#
899	860.092	0	7	11	13	18	19	24	27	37	43	46	51	52	55	56	231	#
900	1191.49	0	6	13	17	19	20	22	38	39	41	46	50	55	56	63	231	#
901	1105.93	16	17	19	20	22	24	25	39	40	42	52	53	57	60	62	231	#
902	1073.87	0	6	12	13	16	19	22	27	29	31	36	38	46	48	56	231	#
903	1073.56	7	19	22	23	24	31	36	39	40	46	47	48	53	57	60	231	#
904	1069.74	0	7	8	11	16	19	20	22	24	34	36	38	39	42	53	231	#
905	774.834	9	13	32	37	38	43	56	58	63	232	#
906	751.44	2	4	17	23	27	32	54	56	63	232	#
907	683.923	13	31	32	36	40	50	56	59	63	232	#
908	649.593	6	17	21	32	35	39	43	53	59	232	#
909	648.298	6	9	31	37	44	52	58	59	60	232	#
910	631.523	10	22	23	27	28	32	33	43	60	232	#
911	265.533	1	40	50	52	233	#
912	316.51	1	8	46	50	233	#
913	251.617	7	16	37	40	233	#
914	214.644	31	48	52	54	233	#
915	181.391	7	29	50	60	233	#
916	771.091	2	8	11	15	16	21	23	42	44	48	51	234	#
917	1008.78	1	5	23	24	31	34	39	41	44	46	52	234	#
918	942.89	2	6	8	13	15	23	27	44	46	58	59	234	#
919	889.338	0	5	9	13	16	21	39	44	48	56	60	234	#
920	874.438	0	5	15	18	21	24	36	44	46	49	58	234	#
921	866.149	2	7	13	23	27	35	51	52	54	58	60	234	#
922	39.4362	6	#
923	699.45	5	9	11	37	39	50	52	63	235	#
924	677.722	12	20	27	39	43	52	56	62	235	#
925	652.758	9	29	36	37	40	52	59	62	235	#
926	576.518	9	15	30	39	46	48	62	63	235	#
927	572.893	2	5	6	27	33	35	37	61	235	#
928	524.305	10	11	21	30	33	40	50	51	235	#
929	625.79	3	7	14	25	35	40	49	55	56	57	236	#
930	829.241	0	1	3	19	23	26	30	31	57	60	236	#
931	803.816	1	5	14	19	22	26	32	36	55	60	236	#
932	761.708	0	3	16	22	25	30	32	47	61	63	236	#
933	728.18	3	5	7	14	20	24	47	49	59	63	236	#
934	711.738	0	16	24	25	40	42	55	59	60	62	236	#
935	741.867	3	7	25	32	34	41	42	45	54	55	58	237	#
936	925.032	13	14	19	20	29	30	32	55	59	62	63	237	#
937	813.574	7	13	20	28	29	30	32	42	46	61	62	237	#
938	776.37	1	3	5	22	27	29	37	42	47	52	59	237	#
939	767.639	10	17	20	21	22	25	41	51	54	62	63	237	#
940	760.456	0	20	22	25	29	37	42	48	51	59	62	237	#
941	408.916	0	26	27	42	48	49	238	#
942	505.641	2	12	17	27	40	49	238	#
943	449.457	9	17	22	27	33	48	238	#
944	449.322	2	22	27	33	42	59	238	#
945	390.509	0	10	22	40	48	58	238	#
946	382.528	15	25	27	37	42	48	238	#
947	757.21	2	13	19	25	29	30	38	42	51	58	59	239	#
948	1058.79	11	12	17	29	32	33	37	45	46	59	63	239	#
949	868.447	3	18	25	30	32	33	38	52	54	58	59	239	#
950	865.828	0	2	4	33	38	40	46	47	49	51	58	239	#
951	797.051	0	7	12	17	19	26	34	38	45	51	59	239	#
952	785.66	10	11	13	19	25	30	38	41	46	55	57	239	#
953	811.669	2	4	8	12	14	29	34	36	52	59	240	#
954	965.582	2	9	12	13	23	33	41	52	53	60	240	#
955	755.738	2	3	18	23	29	31	47	52	53	54	240	#
956	740.779	3	14	17	20	28	41	45	47	49	52	240	#
957	719.102	3	23	24	36	40	41	45	52	54	62	240	#
958	718.568	2	3	9	19	20	22	34	36	48	52	240	#
959	1220.3	8	12	13	15	16	18	20	28	32	34	38	44	48	51	52	53	54	60	241	#
960	1394.54	3	4	5	7	12	13	14	15	17	20	25	29	35	37	52	55	56	57	241	#
961	1345.12	1	7	11	12	17	18	20	26	39	41	42	45	50	52	53	54	57	61	241	#
962	1276.98	3	8	9	11	13	16	18	20	23	24	26	30	32	39	42	51	55	61	241	#
963	1252.06	2	7	13	15	21	25	28	29	31	34	42	44	48	50	51	53	55	60	241	#
964	1241.97	2	4	15	17	20	25	26	29	31	35	39	44	47	51	54	55	57	59	241	#
965	412.032	2	27	29	39	41	242	#
966	434.821	2	5	38	45	57	242	#
967	373.54	10	22	39	53	59	242	#
968	248.76	26	27	33	50	60	242	#
969	245.945	14	17	34	41	61	242	#
970	638.765	5	8	26	30	32	57	243	#
971	546.623	0	8	9	15	25	63	243	#
972	535.5	13	20	30	33	55	57	243	#
973	506.277	5	6	15	39	47	57	243	#
974	470.933	14	18	32	38	49	59	243	#
975	450.178	15	44	45	48	57	59	243	#
976	1972.5	1	2	3	5	6	8	13	15	18	19	26	28	30	34	37	41	42	44	45	47	51	52	55	61	63	244	#
977	2043.91	0	1	3	5	8	9	11	13	18	19	23	25	30	31	36	37	39	40	42	43	49	51	52	56	58	244	#
978	2039.04	1	2	3	4	8	9	13	15	18	19	23	26	27	28	30	31	37	39	40	41	44	45	51	53	54	244	#
979	2013.9	0	3	4	5	8	9	13	17	18	19	23	24	30	37	39	45	46	49	51	52	55	56	57	60	61	244	#
980	1996.71	2	3	5	8	9	13	17	18	21	23	28	29	37	38	39	40	41	42	43	45	47	54	55	60	61	244	#
981	1974.97	2	3	5	12	15	21	23	25	26	27	30	33	37	38	41	42	44	47	48	52	53	58	60	61	63	244	#
982	575.359	14	34	41	57	62	63	245	#
983	468.151	10	14	17	20	36	54	245	#
984	464.468	0	1	10	20	34	36	245	#
985	461.383	5	41	43	46	47	49	245	#
986	450.229	6	20	32	35	57	63	245	#
987	428.098	7	22	32	36	49	63	245	#
988	352.535	0	4	10	56	57	246	#
989	463.535	0	4	32	56	57	246	#
990	384.685	0	32	36	42	54	246	#
991	333.604	5	30	37	50	57	246	#
992	222.607	1	4	28	50	54	246	#
993	161.778	10	26	28	35	58	246	#
994	430.803	13	22	30	46	247	#
995	407.158	13	30	53	56	247	#
996	271.851	22	27	43	56	247	#
997	264.586	13	14	50	56	247	#
998	235.759	36	44	46	50	247	#
999	700.862	2	9	15	25	26	27	41	52	248	#
1000	659.692	0	2	3	32	50	53	55	62	248	#
1001	637.5	9	15	27	30	36	41	44	57	248	#
1002	605.31	2	20	22	25	27	37	38	47	248	#
1003	603.647	3	9	14	20	28	31	44	56	248	#
1004	577.394	11	14	15	22	34	38	49	52	248	#
