%% File generated by CATS v.2.1Wed Jun 22 10:37:40 2022

%% The CATS webpage is http://robotics.stanford.edu/CATS

%% PARAMETER SETTINGS:
% Goods: 64; Bids: 1000; Distribution: regions; Runs: 1; Seed: 1656572900
% Regions Distribution Parameters:
% Max Substitutable Bids = 5
% Removing HV Neighbor   = 0.1
% Adding DIAG Neighbor   = 0.2
% Additional Location    = 0.9
% Jump Probability       = 0.05
% Additivity             = 0.2
% Budget Factor          = 1.5
% Resale Factor          = 0.5
% Uniform Private Value:
%   Deviation            = 0.5
%   Max Good Value       = 100



goods 64
bids 1002
dummy 184

0	123.792	17	18	25	64	#
1	146.332	16	17	25	64	#
2	132.79	10	17	18	64	#
3	182.705	47	54	63	65	#
4	189.721	39	47	54	65	#
5	160.15	46	54	63	65	#
6	146.403	54	62	63	65	#
7	2174.68	2	4	9	10	11	12	13	18	19	20	21	22	23	26	28	29	30	31	34	35	36	37	38	39	43	44	45	52	53	54	60	61	66	#
8	2300.84	4	5	6	7	9	11	12	13	14	15	18	19	20	21	22	23	25	26	29	30	31	36	37	38	39	43	44	45	51	52	53	56	66	#
9	2278.2	0	1	4	5	6	7	9	11	12	13	14	15	18	19	22	23	26	29	30	31	36	37	38	39	43	44	45	46	52	53	54	55	66	#
10	2247.84	4	5	6	7	8	9	11	12	13	15	16	17	18	19	21	22	23	25	26	29	30	31	34	36	37	38	39	43	44	45	53	61	66	#
11	2162.36	2	4	9	12	13	18	19	21	22	23	26	27	29	30	31	35	36	37	38	39	43	44	45	46	47	52	53	54	55	61	62	63	66	#
12	2153.37	4	9	11	12	13	18	19	21	22	23	26	27	29	30	31	33	34	35	36	37	38	43	44	45	46	52	53	54	55	61	62	63	66	#
13	55.5545	12	#
14	88.6348	16	24	25	32	67	#
15	116.306	9	17	24	25	67	#
16	74.6331	13	24	25	58	67	#
17	299.945	1	2	3	4	5	6	68	#
18	373.651	4	5	6	7	12	20	68	#
19	364.794	5	6	7	13	14	15	68	#
20	349.626	3	28	35	36	43	45	68	#
21	342.384	0	1	2	3	8	11	68	#
22	330.746	2	3	4	16	29	37	68	#
23	135.81	54	61	62	#
24	801.737	30	31	36	39	44	46	47	52	53	54	62	63	69	#
25	916.972	5	13	21	22	23	29	30	31	37	38	39	47	69	#
26	877.103	5	22	23	30	31	42	43	44	48	49	51	57	69	#
27	865.13	4	5	12	13	34	35	36	43	44	51	52	53	69	#
28	858.442	20	28	29	30	31	36	37	38	39	45	46	47	69	#
29	856.192	2	7	10	15	23	35	42	43	51	52	53	61	69	#
30	7.17126	42	#
31	179.143	9	18	70	#
32	195.683	9	10	70	#
33	1191.74	5	12	13	22	29	30	31	37	38	39	43	44	45	46	47	51	52	53	54	55	59	60	61	62	63	71	#
34	1772.16	4	10	11	12	18	20	26	30	31	34	35	37	38	39	43	44	45	47	52	53	54	55	61	62	63	71	#
35	1759.87	0	2	3	4	7	8	9	10	11	12	13	16	17	18	19	20	21	24	26	27	34	35	43	58	59	71	#
36	1707.79	1	7	12	13	14	18	21	22	26	28	29	30	31	35	37	38	39	43	44	45	52	53	54	55	62	71	#
37	1693.33	5	6	13	14	18	21	22	26	27	28	29	30	31	34	35	37	38	39	42	43	45	47	52	53	54	71	#
38	1678.46	8	9	10	18	19	26	27	31	34	35	37	39	41	43	44	45	47	49	50	52	53	54	55	58	62	71	#
39	764.183	9	12	16	17	20	21	24	25	29	33	34	37	72	#
40	885.116	8	16	17	24	25	31	33	39	41	42	47	49	72	#
41	877.109	8	9	10	16	17	18	24	26	32	34	35	43	72	#
42	872.992	8	9	11	16	17	18	19	24	25	33	41	49	72	#
43	833.879	8	16	24	25	26	27	32	33	34	35	42	43	72	#
44	815.099	16	17	18	24	25	32	33	34	41	49	50	58	72	#
45	336.785	13	14	21	22	23	73	#
46	347.557	13	14	20	21	22	73	#
47	333.717	5	6	7	13	14	73	#
48	327.507	7	15	22	23	31	73	#
49	308.246	12	13	21	22	29	73	#
50	307.377	13	14	22	23	34	73	#
51	979.455	4	5	6	11	12	13	20	21	22	23	30	31	36	37	38	74	#
52	1027.35	12	13	15	20	21	22	23	30	31	37	38	39	47	54	55	74	#
53	1024.7	5	6	10	11	12	13	14	17	18	19	20	21	22	27	30	74	#
54	1020.23	3	10	11	12	13	19	20	21	26	27	36	37	44	45	52	74	#
55	989.871	1	2	9	10	11	12	13	14	18	20	21	22	23	30	38	74	#
56	984.455	26	27	28	34	35	36	37	38	44	45	53	54	55	60	61	74	#
57	627.08	12	16	17	18	19	20	25	33	75	#
58	748.257	8	11	12	16	17	18	19	20	75	#
59	721.632	1	11	17	18	19	20	26	27	75	#
60	613.719	8	9	11	12	18	19	20	32	75	#
61	609.375	0	1	8	16	17	18	26	34	75	#
62	603.038	8	16	17	18	25	26	33	35	75	#
63	453.64	38	46	47	54	55	76	#
64	456.164	38	46	47	54	62	76	#
65	439.247	37	38	46	54	62	76	#
66	396.914	39	47	54	55	62	76	#
67	379.029	46	51	52	53	54	76	#
68	372.406	46	54	55	62	63	76	#
69	165.727	41	42	50	77	#
70	211.607	42	49	50	77	#
71	151.106	41	42	49	77	#
72	761.745	23	29	30	31	36	37	38	44	45	46	53	60	61	62	78	#
73	1081.92	1	9	18	19	23	25	26	27	29	30	31	37	38	46	78	#
74	934.264	23	26	27	28	29	30	31	36	37	38	39	43	45	46	78	#
75	915.154	29	30	36	37	38	42	43	44	45	46	51	53	61	62	78	#
76	903.316	6	7	14	29	30	36	37	38	39	43	44	45	46	52	78	#
77	860.185	21	30	35	37	38	42	43	44	45	46	51	52	53	54	78	#
78	149.246	32	33	41	49	79	#
79	174.203	32	40	41	49	79	#
80	110.494	33	41	57	58	79	#
81	374.039	44	45	52	53	54	55	61	80	#
82	527.156	46	52	53	54	55	61	63	80	#
83	525.303	46	47	53	54	55	62	63	80	#
84	490.587	13	22	23	54	61	62	63	80	#
85	484.128	46	47	54	55	61	62	63	80	#
86	405.528	13	21	29	30	37	38	45	80	#
87	845.513	36	37	38	45	46	47	51	52	53	54	55	59	61	62	63	81	#
88	1192.01	5	28	29	30	31	35	36	37	38	39	43	45	46	47	54	81	#
89	1138.76	10	11	28	29	36	37	43	44	45	46	47	51	52	53	54	81	#
90	1091.92	27	28	29	30	35	36	37	38	39	43	44	45	46	47	61	81	#
91	1087.3	26	28	29	35	36	37	38	43	44	45	46	51	52	53	61	81	#
92	1054.19	29	36	37	38	39	41	43	44	45	49	50	51	52	53	59	81	#
93	927.052	4	6	7	10	11	12	13	14	15	19	20	21	82	#
94	923.13	2	4	6	7	10	11	12	13	14	15	20	21	82	#
95	900.988	4	5	6	7	10	11	12	13	14	15	20	21	82	#
96	889.759	4	10	11	12	13	14	15	20	21	53	61	62	82	#
97	884.205	5	6	7	10	11	12	13	14	15	20	21	42	82	#
98	830.468	4	5	6	7	11	12	13	14	15	19	20	21	82	#
99	1319.9	8	14	16	24	25	26	32	42	43	44	48	49	50	56	57	58	59	60	83	#
100	1317.03	23	29	37	41	42	43	44	45	47	48	49	50	52	53	54	56	57	58	83	#
101	1309.76	0	1	2	8	10	16	24	25	32	33	41	42	43	48	49	50	57	58	83	#
102	1263.86	19	20	27	28	29	36	37	41	42	43	44	45	48	49	50	52	57	58	83	#
103	1253.84	7	15	23	31	36	37	39	42	43	44	47	52	53	54	55	60	61	62	83	#
104	1247.69	0	1	8	9	16	24	25	26	32	33	41	44	52	53	54	60	61	62	83	#
105	1326.23	17	19	25	26	27	28	32	33	34	35	36	41	42	43	44	45	46	48	50	51	52	53	59	60	84	#
106	1580.33	8	9	16	17	18	19	20	21	26	27	28	29	31	34	35	36	37	39	43	44	45	47	52	53	84	#
107	1506.13	11	12	13	14	20	21	26	33	34	35	36	41	42	43	44	45	46	52	53	58	59	60	61	62	84	#
108	1444.56	3	4	5	6	7	11	12	13	14	15	19	20	21	22	28	29	36	42	43	44	45	51	52	59	84	#
109	1433.67	4	5	13	21	22	24	26	28	29	32	33	34	35	36	37	41	42	43	44	45	46	49	52	58	84	#
110	1421.91	0	9	16	17	18	25	26	27	28	33	34	35	36	37	41	42	43	44	45	48	49	52	53	60	84	#
111	383.422	5	28	42	49	50	51	85	#
112	430.266	42	48	49	50	51	57	85	#
113	421.282	13	19	21	27	28	29	85	#
114	411.288	33	34	40	41	42	48	85	#
115	390.794	29	30	45	49	50	53	85	#
116	343.686	4	5	12	13	14	15	85	#
117	876.49	5	22	30	36	37	38	45	46	52	53	54	55	57	61	62	86	#
118	1054.87	3	4	5	6	11	12	13	19	20	21	22	30	48	49	50	86	#
119	1042.27	11	12	19	20	25	26	27	28	32	33	35	36	37	43	45	86	#
120	1030.83	12	13	20	21	22	23	29	30	31	37	38	45	46	53	54	86	#
121	1022.63	28	30	34	35	36	37	38	43	44	45	46	53	54	61	62	86	#
122	1006.22	7	35	36	37	43	44	45	50	51	52	53	54	60	61	62	86	#
123	1160.41	3	4	5	6	7	11	12	13	14	15	19	20	21	22	23	30	31	37	38	39	47	62	87	#
124	1541.63	1	9	10	16	17	18	22	23	24	25	26	30	31	33	34	35	39	44	47	53	54	55	87	#
125	1499.06	9	10	11	16	17	24	25	26	27	28	33	34	35	36	41	42	44	45	48	49	50	52	87	#
126	1460.88	1	2	4	5	6	7	8	9	10	11	12	13	14	16	20	21	22	23	30	31	39	47	87	#
127	1454.04	4	5	6	7	13	14	15	20	21	22	23	30	31	35	36	37	38	39	44	45	47	52	87	#
128	1429.92	23	27	30	31	33	34	35	39	40	41	42	47	48	49	50	53	54	55	57	61	62	63	87	#
129	268.427	54	55	62	88	#
130	300.807	47	54	55	88	#
131	294.988	46	54	62	88	#
132	283.369	47	55	63	88	#
133	1741.47	4	5	6	7	8	9	11	12	13	14	15	16	17	18	19	20	21	22	23	26	28	29	30	31	38	39	89	#
134	1805.22	4	5	11	12	13	19	20	21	22	23	26	27	28	29	30	31	34	35	38	39	46	51	52	54	60	62	89	#
135	1792.4	1	2	4	5	6	7	9	10	11	12	13	14	15	18	19	20	21	22	23	29	30	31	38	39	47	55	89	#
136	1759.03	4	5	6	7	13	14	15	20	21	22	23	26	27	28	29	30	31	35	36	37	38	39	44	46	54	55	89	#
137	1736.04	2	3	4	5	6	9	10	11	12	13	14	15	18	19	20	21	22	23	26	27	28	29	31	34	35	39	89	#
138	1734.73	0	1	2	3	4	5	9	10	11	12	13	18	19	20	21	26	27	28	29	30	34	35	37	38	39	46	89	#
139	260.304	20	44	52	90	#
140	259.453	35	43	44	90	#
141	250.733	11	12	20	90	#
142	154.42	16	44	52	90	#
143	653.596	0	1	2	3	9	10	11	17	18	91	#
144	768.501	2	3	9	10	11	17	18	19	26	91	#
145	723.277	1	2	3	9	11	18	19	26	27	91	#
146	718.102	9	10	16	17	18	19	22	24	26	91	#
147	717.95	0	1	2	9	10	17	18	26	27	91	#
148	674.321	2	3	4	9	10	11	17	18	19	91	#
149	851.886	4	5	12	13	19	20	21	22	27	28	29	30	31	35	92	#
150	1004.81	10	16	17	18	19	20	24	25	26	27	32	33	34	35	92	#
151	973.744	19	20	21	22	23	27	28	29	30	31	35	37	38	39	92	#
152	941.001	10	18	26	27	33	34	35	41	49	56	57	60	61	62	92	#
153	913.917	4	10	11	12	13	14	18	19	20	21	27	28	29	30	92	#
154	904.837	4	5	11	12	13	19	20	21	22	23	27	28	30	35	92	#
155	91.4935	8	#
156	494.498	27	34	35	42	43	44	45	93	#
157	618.747	26	27	33	34	35	43	44	93	#
158	558.88	19	25	26	27	34	35	47	93	#
159	540.73	26	27	34	35	41	42	50	93	#
160	529.942	26	27	34	35	42	43	49	93	#
161	478.784	26	27	35	36	43	44	45	93	#
162	421.15	36	41	42	43	49	50	51	94	#
163	513.89	19	20	27	28	35	36	43	94	#
164	462.686	36	37	38	43	45	51	59	94	#
165	433.966	43	44	51	52	58	59	60	94	#
166	427.65	34	35	41	42	49	50	58	94	#
167	410.428	25	33	40	41	42	49	50	94	#
168	588.084	41	43	48	49	50	51	52	53	58	60	95	#
169	572.957	16	17	24	25	41	43	49	51	52	60	95	#
170	455.751	41	42	43	44	49	50	51	52	60	61	95	#
171	451.918	37	45	46	50	51	52	53	58	60	61	95	#
172	445.984	43	49	50	51	52	53	58	59	60	61	95	#
173	439.468	33	34	40	41	42	43	48	49	50	58	95	#
174	2461.95	2	3	4	5	6	7	10	11	12	13	14	15	20	21	22	23	29	30	31	37	38	39	46	47	53	54	55	56	60	61	62	63	96	#
175	2575.17	2	3	4	5	6	7	9	10	11	12	13	14	15	18	19	20	21	22	23	29	30	31	34	35	38	39	42	47	49	50	54	55	96	#
176	2537.44	0	1	2	3	4	5	6	7	8	9	10	11	12	13	14	15	18	19	20	21	22	23	29	30	31	37	38	39	47	54	55	63	96	#
177	2530.41	0	1	2	3	4	5	6	7	8	9	10	11	12	13	14	15	17	18	19	20	21	22	23	25	29	30	31	33	37	38	39	47	96	#
178	2490.12	2	3	4	5	10	11	12	13	14	15	17	18	19	20	21	22	23	25	29	30	31	33	37	38	39	41	42	47	49	56	57	58	96	#
179	2489.41	0	1	2	3	4	5	6	8	10	11	12	13	14	16	19	20	21	22	23	24	29	30	37	38	39	45	47	54	55	61	62	63	96	#
180	1296.84	2	10	11	12	13	17	18	19	20	21	26	27	28	33	34	35	36	44	45	52	53	97	#
181	1508.66	5	6	7	13	19	20	21	22	23	30	31	37	38	39	44	47	52	53	54	55	63	97	#
182	1399.02	19	20	26	27	28	34	35	36	42	43	44	45	47	51	52	53	54	55	60	61	62	97	#
183	1377.7	2	8	9	10	11	13	15	18	19	20	21	22	23	26	27	28	29	30	31	34	35	97	#
184	1352.7	12	13	19	20	21	22	23	28	29	30	31	35	36	38	39	43	45	47	54	55	63	97	#
185	1352.05	8	19	20	26	27	28	34	35	36	37	44	45	46	47	52	53	54	55	60	61	62	97	#
186	106.93	2	3	98	#
187	149.764	2	10	98	#
188	93.0914	3	4	98	#
189	78.2603	22	23	#
190	864.724	5	6	7	11	16	17	18	19	24	25	26	32	33	40	41	99	#
191	1139.52	0	1	8	9	10	11	12	16	17	18	19	20	25	26	35	99	#
192	1138.63	0	1	2	4	8	9	10	11	12	13	18	19	20	26	35	99	#
193	1119.48	0	8	9	10	11	15	16	18	19	24	25	26	35	36	37	99	#
194	1100.98	0	1	8	9	16	17	18	19	25	26	28	34	35	36	37	99	#
195	1003.97	9	11	12	18	19	24	25	26	34	35	36	42	43	44	52	99	#
196	1335.25	3	10	11	18	19	26	27	28	33	34	35	36	37	42	44	45	49	52	53	61	100	#
197	1474.59	10	11	17	18	19	26	27	35	36	37	38	39	44	45	46	52	53	54	61	63	100	#
198	1432.63	18	19	26	27	30	35	36	37	38	43	44	45	46	52	53	54	59	60	61	63	100	#
199	1427.96	3	10	11	16	17	18	26	27	35	36	37	38	44	45	52	53	58	59	60	61	100	#
200	1421.81	10	18	26	30	35	36	37	38	39	41	42	43	44	48	49	50	51	52	58	59	100	#
201	1408.09	2	10	11	18	19	20	26	27	28	35	36	37	44	45	46	52	53	54	61	63	100	#
202	353.329	44	52	53	54	63	101	#
203	387.222	36	44	52	53	54	101	#
204	369.827	28	36	37	43	44	101	#
205	313.4	36	43	44	45	53	101	#
206	295.624	6	36	44	53	54	101	#
207	227.537	45	46	54	62	63	101	#
208	187.133	31	39	#
209	832.285	36	40	44	45	46	47	48	53	54	55	56	60	61	63	102	#
210	956.31	1	9	18	26	29	35	36	37	43	45	51	53	60	61	102	#
211	865.633	25	26	35	36	37	44	45	53	54	55	60	61	62	63	102	#
212	853.752	22	23	29	30	31	39	46	47	54	55	60	61	62	63	102	#
213	842.866	30	40	42	48	49	50	52	56	57	58	59	60	61	62	102	#
214	814.9	35	36	37	43	44	45	46	53	54	55	60	61	62	63	102	#
215	63.7519	14	#
216	170.251	36	45	46	103	#
217	247.19	37	45	46	103	#
218	198.658	45	46	54	103	#
219	121.393	36	44	61	103	#
220	226.65	1	2	3	9	10	104	#
221	311.231	0	1	2	8	9	104	#
222	274.839	0	1	2	3	8	104	#
223	271.814	0	1	2	9	15	104	#
224	177.166	2	3	6	11	51	104	#
225	608.824	8	16	18	19	25	26	27	35	105	#
226	610.217	8	9	17	18	19	24	25	26	105	#
227	604.326	1	8	9	16	24	30	38	39	105	#
228	541.714	18	24	25	26	27	33	34	35	105	#
229	521.982	17	18	25	26	35	36	37	45	105	#
230	505.235	1	9	10	17	18	19	25	27	105	#
231	1088.98	17	18	26	27	34	35	36	40	41	42	43	45	49	50	51	106	#
232	1240.01	8	16	17	18	24	25	26	27	34	35	42	43	48	49	50	106	#
233	1239.2	25	26	27	34	35	40	42	43	48	49	50	51	52	56	57	106	#
234	1174.95	0	8	16	17	18	19	24	25	26	27	34	35	36	44	53	106	#
235	1159.31	8	9	11	12	16	17	18	19	20	25	26	27	34	35	42	106	#
236	1126.64	10	17	18	19	20	24	25	26	27	34	35	36	44	45	53	106	#
237	81.2645	44	#
238	519.282	27	28	29	35	36	37	45	107	#
239	574.873	27	28	34	35	36	42	43	107	#
240	563.545	29	34	35	36	37	42	45	107	#
241	526.014	28	29	36	42	43	44	45	107	#
242	499.523	28	29	36	37	43	44	45	107	#
243	498.274	21	29	36	37	42	43	44	107	#
244	1127.89	16	17	24	25	32	33	34	36	37	40	41	42	43	44	45	49	50	52	53	61	108	#
245	1482.14	0	1	8	9	11	16	17	18	19	25	26	34	35	36	37	42	45	46	49	50	108	#
246	1362.08	3	4	5	6	8	9	11	12	13	16	17	18	19	20	24	25	26	32	34	40	108	#
247	1348.09	11	12	13	14	15	22	23	25	26	28	34	35	36	37	38	43	44	45	46	53	108	#
248	1319.54	18	19	25	26	27	28	29	32	33	34	35	36	37	44	45	50	51	52	53	59	108	#
249	1297.79	8	9	17	18	19	25	26	27	28	34	35	36	37	41	42	43	49	51	52	60	108	#
250	286.757	5	6	13	14	15	20	21	22	109	#
251	396.27	5	6	7	8	9	13	15	16	109	#
252	384.591	6	13	14	15	19	20	21	23	109	#
253	346.108	6	7	14	15	23	30	31	39	109	#
254	345.181	5	6	7	12	13	14	15	20	109	#
255	328.106	5	6	7	13	14	15	23	31	109	#
256	1056.31	7	12	13	15	20	22	23	30	31	36	37	38	39	110	#
257	1088.87	4	7	12	13	15	20	21	22	23	30	31	39	41	110	#
258	1030.17	11	12	13	15	21	22	23	30	31	38	39	47	55	110	#
259	1025.84	3	4	11	12	13	19	20	21	22	23	29	30	38	110	#
260	1021.52	7	15	22	23	30	31	38	39	47	54	55	62	63	110	#
261	1002.73	7	13	14	15	19	21	22	23	30	31	37	38	39	110	#
262	120.024	25	26	#
263	372.628	43	44	51	59	60	61	62	111	#
264	518.292	7	34	42	43	44	51	59	111	#
265	508.285	26	35	36	43	44	51	59	111	#
266	454.11	17	25	51	53	59	60	61	111	#
267	429.34	46	51	54	60	61	62	63	111	#
268	422.877	50	51	53	54	59	60	61	111	#
269	656.642	29	36	37	44	45	50	51	52	53	54	60	112	#
270	805.047	12	19	20	21	28	29	30	36	37	44	52	112	#
271	695.801	28	33	34	35	36	37	44	45	51	52	53	112	#
272	681.633	28	29	36	37	43	44	45	51	52	53	60	112	#
273	680.523	21	22	28	29	30	36	37	38	45	52	53	112	#
274	670.843	42	44	48	49	50	51	52	53	56	57	60	112	#
275	1349.16	5	12	13	21	22	23	29	30	31	36	37	38	39	44	45	47	52	55	113	#
276	1533.29	5	13	14	19	20	22	23	29	30	31	36	37	38	39	44	45	47	53	113	#
277	1529.79	23	26	30	31	35	36	38	39	43	44	45	46	47	52	53	54	55	62	113	#
278	1496.59	25	26	33	34	35	36	37	40	41	42	43	44	45	50	51	52	53	59	113	#
279	1495.64	5	7	11	12	13	14	15	18	19	20	21	22	23	30	31	38	39	47	113	#
280	1486.02	7	14	15	26	34	35	36	42	43	44	45	48	49	52	53	56	57	60	113	#
281	1306.94	0	1	2	3	8	9	10	11	12	16	17	19	20	25	27	33	36	45	46	114	#
282	1554.48	10	11	13	18	19	21	22	27	28	29	30	35	36	37	43	44	45	52	53	114	#
283	1489.36	10	11	12	13	14	17	18	19	20	21	26	27	28	29	35	36	37	44	53	114	#
284	1435.24	2	3	4	5	6	7	10	11	12	13	14	15	19	20	21	23	28	29	37	114	#
285	1416.28	0	1	2	3	4	5	8	9	10	11	12	13	16	18	19	26	27	35	36	114	#
286	1390.99	1	2	8	9	10	11	13	17	18	19	20	21	25	29	32	33	37	40	41	114	#
287	2075.66	4	13	16	19	20	21	22	23	24	25	26	28	29	30	31	32	33	34	35	37	40	41	43	48	49	54	55	56	57	58	62	63	115	#
288	2225.98	8	16	19	20	21	24	25	26	27	28	29	30	32	33	34	35	37	40	41	42	43	44	45	48	49	50	52	53	56	57	58	59	115	#
289	2192.86	4	5	6	7	8	13	14	15	16	17	19	20	21	22	23	24	25	26	27	28	29	30	31	34	35	37	38	40	41	42	43	50	115	#
290	2176.53	0	4	5	6	7	8	13	14	15	16	17	19	20	21	22	23	24	25	26	27	28	29	30	31	32	34	35	37	42	43	45	49	115	#
291	2161.3	0	1	8	9	11	16	17	18	19	20	24	25	26	27	28	29	32	33	34	35	40	41	42	43	48	49	50	57	58	59	61	62	115	#
292	2146.49	0	5	6	8	13	16	17	20	21	22	23	24	25	26	29	30	31	32	33	34	35	37	38	40	41	42	43	46	49	50	54	57	115	#
293	685.59	0	1	2	3	4	9	10	11	19	116	#
294	841.026	3	10	11	19	25	26	27	28	35	116	#
295	827.736	2	3	10	11	19	20	21	27	35	116	#
296	734.686	1	2	3	8	9	10	11	19	20	116	#
297	732.398	1	2	3	9	10	11	19	26	27	116	#
298	687.567	1	2	9	10	11	39	47	54	55	116	#
299	2006.71	13	21	22	27	28	29	30	31	35	36	37	38	41	42	43	44	45	46	47	49	50	51	52	53	54	55	58	59	60	61	62	117	#
300	2297.76	1	5	9	13	14	18	19	20	21	22	23	27	29	30	31	32	35	36	37	38	39	41	42	43	44	45	46	53	54	59	62	117	#
301	2280.67	4	5	6	8	9	10	11	12	13	16	17	18	19	21	22	23	27	29	30	31	35	36	37	38	39	43	44	45	47	54	62	117	#
302	2267.54	4	5	6	9	10	11	16	17	30	31	35	36	37	38	39	41	42	43	44	45	46	47	49	50	52	54	55	56	57	58	63	117	#
303	2263.13	0	5	6	7	9	12	13	14	20	21	22	23	28	29	30	35	36	37	38	39	41	42	43	44	45	46	47	49	53	54	62	117	#
304	2261.43	4	5	6	7	11	12	13	14	19	20	21	22	23	27	28	29	30	31	35	36	37	38	39	44	45	46	47	53	54	55	62	117	#
305	306.818	5	6	13	21	118	#
306	312.272	5	13	22	30	118	#
307	308.743	13	21	22	23	118	#
308	244.15	5	6	14	39	118	#
309	213.198	12	20	21	22	118	#
310	1731.63	10	11	12	13	14	22	28	29	30	33	34	35	36	37	38	39	41	42	43	44	45	46	50	51	52	53	60	61	119	#
311	1916.83	3	4	5	6	10	11	12	13	14	15	18	19	20	21	22	23	25	26	30	31	33	34	35	37	38	39	43	45	119	#
312	1860.4	0	2	3	8	10	11	12	13	14	18	19	21	22	23	26	27	29	30	34	35	37	42	43	49	53	60	61	62	119	#
313	1790.38	0	1	2	3	8	9	10	11	12	13	14	18	19	21	22	25	26	27	30	34	35	36	46	48	53	54	55	63	119	#
314	1788.17	23	24	25	26	30	31	33	34	35	36	37	38	39	41	43	44	45	46	47	51	52	53	54	55	59	60	61	63	119	#
315	1786.13	13	21	22	24	25	26	29	30	33	34	35	36	37	38	39	41	42	43	44	45	46	48	49	51	53	56	57	61	119	#
316	1967.86	0	1	2	3	8	9	10	11	16	17	18	21	24	25	26	27	28	29	32	33	35	36	37	41	42	43	44	45	47	49	50	53	54	120	#
317	2165.85	0	2	8	9	10	16	17	19	20	21	22	23	25	26	27	28	29	30	31	35	36	37	38	39	44	45	46	47	52	53	54	55	62	120	#
318	2050.24	0	2	3	4	5	8	9	10	11	12	13	14	16	17	21	22	23	26	27	28	29	35	36	37	38	44	45	46	47	53	54	55	62	120	#
319	2035.92	5	13	14	20	21	22	23	28	29	30	36	37	38	42	44	45	46	47	49	50	51	52	53	54	55	56	57	58	59	60	61	62	63	120	#
320	2028.63	0	8	9	17	18	24	25	26	27	28	32	33	35	36	37	42	43	44	45	46	47	48	49	50	51	52	53	54	58	59	60	62	63	120	#
321	2028.1	0	1	2	4	5	8	9	10	12	13	16	17	18	20	22	24	25	26	27	28	32	33	35	36	37	38	44	45	46	52	53	54	60	120	#
322	1140.89	33	34	41	42	43	45	46	47	48	49	50	51	52	53	54	58	59	60	63	121	#
323	1492.09	3	4	11	19	20	21	26	27	34	37	38	39	46	47	48	53	54	62	63	121	#
324	1437.32	5	6	7	13	14	15	18	19	26	27	33	34	35	41	42	43	48	49	50	121	#
325	1276.18	9	10	11	17	18	25	26	33	34	35	41	42	43	49	50	52	57	60	63	121	#
326	1273.19	2	3	7	10	11	18	19	26	27	28	34	35	36	41	42	43	50	58	61	121	#
327	1187.55	26	27	34	35	36	38	39	43	44	45	46	47	53	54	55	56	57	62	63	121	#
328	150.292	51	58	59	60	122	#
329	219.642	48	49	57	58	122	#
330	204.828	43	51	59	60	122	#
331	202.673	51	57	58	59	122	#
332	113.997	51	60	61	62	122	#
333	253.667	22	30	38	39	123	#
334	368.475	29	30	31	37	123	#
335	244.525	21	22	23	31	123	#
336	195.029	2	3	11	38	123	#
337	162.447	38	39	45	46	123	#
338	991.898	0	1	8	9	16	18	24	25	26	27	28	33	34	36	124	#
339	1053.61	2	3	7	8	9	10	11	15	18	19	23	26	29	30	124	#
340	1047.63	0	8	9	10	18	24	26	27	32	33	34	42	43	59	124	#
341	1012.06	26	27	28	29	36	37	38	43	44	45	46	51	52	60	124	#
342	999.985	0	3	8	9	18	25	26	27	32	33	34	36	42	43	124	#
343	997.406	8	9	11	18	19	24	25	26	27	32	33	34	40	41	124	#
344	974.631	5	6	7	13	15	21	23	29	31	38	39	48	49	125	#
345	969.327	4	5	6	12	13	18	19	20	21	22	23	29	52	125	#
346	928.075	9	17	18	22	25	26	30	31	34	35	38	39	43	125	#
347	891.477	2	3	4	5	6	7	11	12	13	19	20	21	22	125	#
348	884.345	5	6	7	13	15	20	21	22	23	29	31	37	39	125	#
349	880.595	4	5	12	13	20	21	22	23	28	29	30	31	38	125	#
350	907.792	1	9	17	18	24	25	33	34	40	41	48	49	50	58	59	126	#
351	1112.13	0	1	9	10	16	17	18	19	20	25	26	27	33	34	35	126	#
352	1100.54	0	1	8	9	10	11	17	18	25	26	27	33	34	40	41	126	#
353	1051.43	0	1	8	9	10	11	16	17	18	25	26	33	34	41	49	126	#
354	1037.63	9	10	11	17	18	24	25	26	27	28	29	33	34	41	49	126	#
355	1031.46	9	10	11	12	13	17	18	19	20	21	25	26	33	34	41	126	#
356	165.869	44	51	52	60	127	#
357	211.912	43	51	52	60	127	#
358	63.4944	33	41	60	61	127	#
359	1637.87	9	14	16	17	18	19	24	25	26	27	32	33	34	35	36	40	41	42	43	48	49	50	51	57	58	60	128	#
360	1886.49	1	8	9	10	11	16	17	18	19	24	25	26	32	33	34	35	40	41	42	43	47	48	49	50	57	58	128	#
361	1879.32	6	7	10	14	15	18	19	23	24	26	33	34	40	41	42	43	44	48	49	50	51	52	55	58	59	60	128	#
362	1858.19	1	8	9	10	18	19	26	27	33	34	35	36	37	41	42	43	44	48	49	50	51	52	58	59	60	61	128	#
363	1851.69	1	9	10	11	16	17	18	19	26	27	33	34	35	40	41	42	43	44	45	48	49	50	51	52	57	60	128	#
364	1834.53	16	24	26	32	33	34	35	39	40	41	42	43	44	47	48	49	50	51	52	54	55	57	58	59	60	63	128	#
365	347.637	22	28	29	30	129	#
366	353.723	21	28	29	30	129	#
367	311.24	21	22	29	30	129	#
368	202.411	12	13	22	30	129	#
369	589.104	17	25	26	32	33	34	40	41	42	130	#
370	685.734	9	17	18	25	26	27	33	35	42	130	#
371	682.716	25	27	28	33	34	35	36	42	43	130	#
372	620.453	8	16	17	25	32	33	40	41	48	130	#
373	619.906	9	17	25	32	33	34	40	41	48	130	#
374	612.129	25	26	32	33	40	41	42	48	55	130	#
375	624.69	33	41	42	48	49	50	51	57	131	#
376	682.24	26	35	41	42	48	49	50	57	131	#
377	645.094	26	33	34	40	41	42	48	49	131	#
378	616.086	40	41	48	49	50	51	56	57	131	#
379	577.989	18	26	27	28	29	35	41	42	131	#
380	576.659	42	49	50	51	59	60	61	62	131	#
381	435.757	41	42	43	49	50	51	58	59	60	61	132	#
382	640.671	22	28	29	30	31	35	36	37	58	59	132	#
383	633.216	27	35	36	37	42	43	44	49	51	53	132	#
384	629.244	31	37	38	39	44	45	52	53	60	61	132	#
385	565.815	43	50	51	52	54	58	59	60	61	62	132	#
386	533.335	28	36	43	44	51	52	53	59	60	61	132	#
387	821.472	0	8	15	16	17	23	31	37	38	39	46	47	54	55	133	#
388	979.351	5	12	13	20	22	23	30	31	37	38	39	46	47	55	133	#
389	962.588	5	6	13	22	23	30	31	37	38	39	46	47	54	55	133	#
390	951.712	31	37	38	39	43	46	47	51	52	53	54	55	62	63	133	#
391	939.019	3	11	19	22	30	37	38	46	47	53	54	55	62	63	133	#
392	906.018	1	8	9	17	18	19	20	21	46	47	53	54	55	63	133	#
393	938.206	16	17	18	19	25	26	27	32	33	34	35	43	50	51	59	60	134	#
394	1187.14	8	9	10	11	17	18	19	25	26	29	35	43	44	50	51	58	134	#
395	1170.97	0	3	8	9	10	11	13	16	17	18	19	20	21	23	26	35	134	#
396	1112.29	4	5	6	10	11	12	13	19	20	27	43	50	51	52	59	60	134	#
397	1082.76	11	19	20	25	26	27	32	33	34	35	40	41	48	49	50	58	134	#
398	1060.13	0	3	4	5	6	8	9	11	12	14	17	18	19	20	27	35	134	#
399	378.968	0	1	8	9	10	135	#
400	439.991	0	1	2	8	10	135	#
401	381.459	0	1	2	8	40	135	#
402	337.278	1	2	3	4	10	135	#
403	319.334	0	1	2	8	9	135	#
404	300.471	8	9	10	16	24	135	#
405	1528.55	0	3	4	5	6	8	9	10	11	16	17	18	19	20	25	26	27	28	34	35	36	43	44	52	136	#
406	1883.35	3	5	6	10	11	13	14	19	20	21	26	27	28	29	30	31	34	35	36	37	43	45	53	54	136	#
407	1751.44	2	6	9	10	11	13	14	16	17	18	19	20	21	26	27	28	29	30	34	35	36	37	42	43	136	#
408	1710.14	10	11	17	18	19	20	24	25	26	27	29	31	34	35	37	38	39	42	43	46	47	49	50	54	136	#
409	1679.43	3	5	9	10	11	13	14	15	17	18	19	20	21	25	26	27	29	36	37	43	45	46	51	60	136	#
410	1663.08	3	4	5	6	7	11	13	14	15	18	19	20	21	22	23	26	27	29	30	31	36	37	38	39	136	#
411	751.288	17	25	26	33	35	36	40	41	43	45	49	137	#
412	962.927	10	11	18	19	26	27	28	29	35	43	51	137	#
413	870.231	17	19	24	25	26	27	33	34	35	41	43	137	#
414	847.927	8	9	10	16	17	25	26	33	35	37	45	137	#
415	844.008	17	25	26	27	33	34	35	42	43	50	51	137	#
416	739.447	15	26	27	28	35	36	43	44	45	46	53	137	#
417	482.86	5	6	7	12	13	14	15	20	21	22	29	138	#
418	714.542	5	11	12	13	19	20	21	22	28	29	37	138	#
419	694.184	7	14	15	23	29	30	31	37	38	39	47	138	#
420	661.104	4	11	12	13	14	18	19	20	21	26	47	138	#
421	631.524	7	13	15	21	22	23	31	37	38	39	48	138	#
422	627.019	5	6	7	13	14	15	21	28	29	37	38	138	#
423	94.8315	61	62	139	#
424	122.845	54	62	139	#
425	84.6963	60	61	139	#
426	495.403	8	9	10	17	18	26	42	140	#
427	623.773	9	10	11	21	26	29	37	140	#
428	506.994	10	17	18	26	27	34	35	140	#
429	475.863	18	19	26	35	36	43	51	140	#
430	434.371	0	8	16	17	24	32	40	140	#
431	414.217	8	9	10	17	40	48	49	140	#
432	1480.01	11	12	13	17	18	19	20	22	24	25	26	27	28	29	30	32	33	35	36	38	43	46	54	141	#
433	1639.38	5	6	7	10	11	12	13	14	15	19	20	21	22	23	27	28	29	30	35	38	43	46	54	141	#
434	1611.17	2	10	11	12	17	18	19	20	24	25	26	27	28	32	33	34	35	40	43	48	49	50	58	141	#
435	1596.06	2	5	6	7	10	11	12	13	14	19	20	21	22	30	32	33	40	41	42	48	49	50	58	141	#
436	1575.16	0	1	2	8	10	11	12	17	19	20	25	26	27	28	32	33	34	35	36	42	43	44	49	141	#
437	1568.16	5	6	7	11	12	13	14	15	19	20	21	22	27	28	29	30	31	38	46	52	53	54	55	141	#
438	411.83	20	21	28	29	37	142	#
439	433.105	28	29	35	36	43	142	#
440	391.268	21	29	37	38	46	142	#
441	334.663	28	36	46	54	55	142	#
442	330.682	12	20	21	31	39	142	#
443	254.831	13	20	21	22	23	142	#
444	268.023	11	12	20	143	#
445	330.099	10	11	19	143	#
446	270.473	18	19	20	143	#
447	200.424	4	12	20	143	#
448	173.549	40	41	42	144	#
449	160.272	41	49	50	144	#
450	586.745	12	13	14	20	21	22	23	30	145	#
451	636.138	13	17	18	22	23	24	25	26	145	#
452	631.079	30	35	36	37	38	39	43	45	145	#
453	628.065	12	13	14	19	20	21	30	38	145	#
454	615.752	6	12	13	14	18	19	20	21	145	#
455	586.204	4	5	6	7	13	14	22	30	145	#
456	392.355	0	1	9	18	146	#
457	428.747	0	20	21	29	146	#
458	388.963	9	18	19	20	146	#
459	336.376	1	2	9	18	146	#
460	330.371	9	18	26	31	146	#
461	712.585	3	4	5	6	7	12	13	14	15	20	22	23	31	147	#
462	884.462	0	1	2	3	4	9	10	12	13	17	20	21	39	147	#
463	850.155	2	3	4	5	6	10	11	12	13	20	21	22	30	147	#
464	799.448	4	6	7	12	13	14	20	21	22	23	29	30	31	147	#
465	766.414	3	4	5	6	7	11	12	13	14	19	20	21	22	147	#
466	765.215	4	5	6	7	12	13	14	15	20	22	30	31	39	147	#
467	319.411	34	35	42	43	148	#
468	339.204	26	33	34	35	148	#
469	318.808	42	43	44	53	148	#
470	311.683	42	50	53	54	148	#
471	254.859	27	35	42	43	148	#
472	228.452	8	16	24	25	149	#
473	289.812	8	16	56	57	149	#
474	251.441	16	17	25	33	149	#
475	170.532	16	17	24	25	149	#
476	236.17	4	12	39	47	150	#
477	347.771	30	38	39	47	150	#
478	257.836	47	55	56	57	150	#
479	210.113	3	4	12	20	150	#
480	95.8434	12	13	22	27	150	#
481	37.309	55	#
482	79.1523	54	62	151	#
483	53.8728	53	54	151	#
484	75.5956	27	28	#
485	66.5784	28	#
486	684.741	43	49	50	51	52	53	58	60	61	153	#
487	726.106	17	18	19	20	51	52	53	60	61	153	#
488	649.711	42	48	49	50	51	58	59	60	61	153	#
489	635.191	5	13	42	50	51	52	53	59	60	153	#
490	627.878	40	41	42	48	49	50	51	58	59	153	#
491	601.729	34	36	42	43	44	45	52	53	61	153	#
492	669.215	8	16	24	25	33	34	40	41	42	48	49	50	56	57	154	#
493	943.94	10	17	18	25	26	28	34	35	36	37	43	44	45	52	154	#
494	871.443	0	1	8	9	10	16	17	18	19	20	24	25	42	49	154	#
495	843.918	28	29	34	35	37	40	41	42	43	44	49	51	53	57	154	#
496	836.118	0	1	9	16	17	18	24	25	26	27	28	34	35	36	154	#
497	825.588	10	16	17	18	25	33	36	43	44	45	51	53	60	61	154	#
498	355.522	49	50	56	57	58	155	#
499	400.152	40	48	49	50	56	155	#
500	350.328	34	42	49	57	58	155	#
501	341.551	42	49	50	57	58	155	#
502	408.128	46	51	53	54	55	60	61	62	63	156	#
503	577.134	5	6	7	14	15	23	60	61	62	156	#
504	569.302	46	47	51	52	53	54	55	61	62	156	#
505	494.907	25	26	27	53	54	59	60	61	62	156	#
506	476.596	47	51	53	54	55	60	61	62	63	156	#
507	471.597	46	51	52	53	54	60	61	62	63	156	#
508	501.056	7	13	14	15	23	31	157	#
509	469.48	7	14	15	23	31	39	157	#
510	457.788	22	23	30	31	39	47	157	#
511	420.269	7	15	47	54	55	63	157	#
512	401.789	5	6	7	12	13	14	157	#
513	345.899	6	7	14	15	22	23	157	#
514	686.853	24	32	33	34	40	41	42	46	48	49	50	51	58	59	60	158	#
515	928.569	19	26	33	34	35	40	41	42	43	48	49	50	51	58	59	158	#
516	907.977	11	12	19	20	21	29	32	33	34	40	41	42	48	49	58	158	#
517	897.812	17	18	19	26	34	35	40	41	42	43	46	49	50	54	58	158	#
518	895.098	24	26	32	33	34	40	41	42	43	44	48	49	50	56	58	158	#
519	853.312	26	33	34	40	41	42	48	49	50	51	52	56	58	59	60	158	#
520	2247.27	16	17	25	26	27	28	29	30	33	34	35	36	37	38	39	40	41	42	43	44	45	46	47	48	49	50	51	52	53	54	56	57	58	59	60	159	#
521	2425.23	0	1	2	3	4	8	9	10	11	16	17	18	25	26	27	28	29	30	34	35	36	37	38	39	42	43	44	45	46	47	51	52	58	59	60	159	#
522	2284.57	2	10	11	17	18	19	25	26	27	28	30	31	33	34	35	36	37	38	39	41	42	43	44	45	46	47	49	50	51	52	53	58	59	60	61	159	#
523	2253.99	10	11	12	17	18	19	20	22	25	26	27	28	29	30	31	35	36	37	38	39	42	43	44	45	46	50	51	52	53	56	57	58	59	60	61	159	#
524	2248.35	1	2	3	9	10	11	12	16	17	18	19	20	24	25	26	27	28	29	30	31	34	35	36	37	38	39	43	44	45	46	47	53	54	61	63	159	#
525	2234.79	0	1	2	3	8	9	10	11	16	17	18	19	20	23	24	25	26	27	28	32	33	34	35	40	41	42	43	46	48	51	54	56	57	58	59	159	#
526	103.312	52	53	160	#
527	142.424	44	53	160	#
528	105.532	52	60	160	#
529	219.967	0	8	9	161	#
530	240.641	9	10	17	161	#
531	212.001	8	9	18	161	#
532	685.207	1	2	3	9	10	11	12	16	17	18	19	24	25	162	#
533	937.203	9	16	17	25	26	33	34	35	40	41	43	48	49	162	#
534	874.885	7	9	11	12	15	18	19	25	26	27	28	36	43	162	#
535	839.538	2	3	9	10	11	16	17	18	19	25	26	33	34	162	#
536	823.795	0	1	2	3	9	11	16	17	18	19	25	26	35	162	#
537	792.051	16	17	24	25	26	28	29	30	33	34	35	36	37	162	#
538	277.006	12	26	33	34	40	41	49	57	163	#
539	360.47	3	4	12	13	14	20	21	22	163	#
540	302.965	16	17	24	25	32	33	34	40	163	#
541	276.736	6	27	33	34	35	40	41	42	163	#
542	272.55	24	32	40	49	50	57	58	59	163	#
543	267.907	33	40	41	49	50	57	58	59	163	#
544	385.349	39	46	47	54	55	63	164	#
545	529.207	30	38	39	47	55	63	164	#
546	469.991	38	39	47	54	55	63	164	#
547	442.443	36	37	38	39	47	55	164	#
548	404.986	47	54	55	61	62	63	164	#
549	360.987	31	39	47	54	55	63	164	#
550	533.481	9	10	11	17	19	25	27	165	#
551	651.218	10	11	19	20	27	35	43	165	#
552	638.276	8	9	10	11	19	46	54	165	#
553	589.314	2	10	11	19	27	28	35	165	#
554	536.101	2	8	9	10	11	16	17	165	#
555	488.694	0	8	9	10	16	17	24	165	#
556	473.002	36	43	44	51	52	59	60	166	#
557	570.145	26	35	36	43	44	45	52	166	#
558	526.281	35	43	44	51	52	59	60	166	#
559	506.818	36	41	42	43	44	51	52	166	#
560	490.202	36	42	43	44	51	52	60	166	#
561	483.665	35	42	43	44	51	59	60	166	#
562	648.109	15	22	23	29	30	31	38	39	47	167	#
563	671.862	5	13	15	21	22	23	29	31	39	167	#
564	653.568	15	21	22	23	29	30	31	39	47	167	#
565	636.838	29	30	31	37	38	39	46	53	54	167	#
566	618.112	30	31	37	38	39	46	47	54	63	167	#
567	602.295	15	21	22	23	30	31	37	38	39	167	#
568	667.043	13	14	17	22	23	30	31	38	45	46	54	168	#
569	779.218	3	5	10	11	12	13	14	20	21	22	23	168	#
570	776.376	3	4	5	11	12	13	14	19	20	21	27	168	#
571	768.007	12	13	14	20	22	23	30	31	38	45	46	168	#
572	762.792	30	38	45	46	47	52	54	60	61	62	63	168	#
573	739.449	23	31	36	38	39	45	46	47	54	62	63	168	#
574	270.141	40	41	44	45	169	#
575	257.773	40	41	48	49	169	#
576	227.229	32	40	41	49	169	#
577	226.049	43	44	52	60	169	#
578	204.154	36	44	45	46	169	#
579	669.239	20	21	28	29	31	36	37	38	39	44	45	46	170	#
580	792.701	3	4	12	18	19	20	21	27	28	29	37	47	170	#
581	769.604	3	4	10	11	12	20	21	52	53	59	60	61	170	#
582	716.766	9	17	18	24	25	26	29	30	31	37	38	42	170	#
583	713.867	28	29	36	37	38	43	44	45	51	52	53	61	170	#
584	690.361	36	37	38	43	44	45	46	51	52	53	60	61	170	#
585	303.915	56	57	58	59	60	171	#
586	405.021	48	49	58	59	60	171	#
587	378.729	48	49	56	57	58	171	#
588	300.26	36	44	52	59	60	171	#
589	265.032	41	49	56	57	58	171	#
590	263.068	17	49	56	57	58	171	#
591	264.036	25	26	27	33	34	41	172	#
592	380.6	26	27	34	35	36	43	172	#
593	352.028	9	10	16	17	24	25	172	#
594	300.855	26	33	34	41	42	50	172	#
595	259.197	18	25	26	32	33	34	172	#
596	223.134	24	27	32	33	34	35	172	#
597	156.187	2	9	10	173	#
598	162.577	9	10	54	173	#
599	103.23	2	3	10	173	#
600	707.816	26	34	35	36	43	44	45	52	53	61	174	#
601	824.722	10	18	19	25	26	27	28	33	35	36	174	#
602	812.186	2	10	18	19	25	26	27	28	33	34	174	#
603	632.185	17	18	19	25	26	27	28	32	33	34	174	#
604	621.893	36	37	38	43	44	45	51	52	53	61	174	#
605	601.481	36	43	44	45	52	53	54	59	60	61	174	#
606	372.109	17	25	26	32	33	34	175	#
607	424.394	8	9	16	17	25	33	175	#
608	417.166	18	25	26	27	28	29	175	#
609	373.508	25	26	32	33	34	35	175	#
610	330.09	16	17	24	25	32	33	175	#
611	310.704	32	33	40	41	48	49	175	#
612	261.117	43	51	52	53	176	#
613	308.985	36	42	43	50	176	#
614	256.141	43	44	51	52	176	#
615	216.188	36	42	43	51	176	#
616	198.82	44	51	52	53	176	#
617	139.813	46	54	62	177	#
618	198.531	53	54	62	177	#
619	173.693	53	61	62	177	#
620	142.02	44	45	46	177	#
621	1999.71	21	26	27	28	29	30	31	34	35	36	37	38	39	40	43	44	45	46	47	49	50	51	53	54	55	57	58	59	60	61	63	178	#
622	2207.99	10	11	18	19	20	21	22	26	27	28	29	30	31	33	36	37	38	39	41	43	44	46	47	49	50	53	54	55	58	61	63	178	#
623	2191.93	0	10	11	16	17	18	19	20	21	24	26	27	28	29	34	35	36	37	38	43	44	45	46	47	52	53	54	55	59	60	63	178	#
624	2156.42	11	18	19	20	21	22	26	27	28	29	30	31	34	35	36	37	38	39	43	44	45	46	47	51	53	54	55	59	60	61	63	178	#
625	2135.69	1	9	14	16	17	18	19	20	21	26	27	28	29	30	31	34	35	36	37	38	39	43	44	45	46	47	53	54	55	61	63	178	#
626	2127.4	9	16	17	19	20	21	22	23	25	26	27	28	29	30	31	34	35	36	37	38	39	43	44	45	46	47	53	54	55	61	63	178	#
627	341.118	42	43	44	45	46	53	179	#
628	459.397	19	36	37	45	53	61	179	#
629	458.232	28	36	42	43	48	49	179	#
630	441.111	45	47	53	54	55	63	179	#
631	399.724	38	39	46	47	54	55	179	#
632	288.186	40	41	42	49	50	58	179	#
633	61.8578	45	53	#
634	425.746	16	17	24	25	26	32	35	40	181	#
635	559.139	12	16	17	18	19	20	24	25	181	#
636	526.101	10	16	17	18	19	24	25	32	181	#
637	504.646	9	10	17	18	25	26	34	63	181	#
638	500.202	24	32	34	40	42	48	49	56	181	#
639	485.545	24	32	40	41	42	48	49	50	181	#
640	599.009	29	40	41	42	43	51	52	59	60	182	#
641	635.979	33	34	42	43	50	51	52	59	60	182	#
642	611.473	33	34	42	43	50	51	59	60	61	182	#
643	600.778	41	42	43	49	50	51	52	59	60	182	#
644	583.844	33	34	40	41	42	48	49	50	57	182	#
645	579.772	33	34	41	42	43	49	50	51	60	182	#
646	1071.89	24	28	32	33	36	38	40	41	43	44	45	46	49	50	51	52	53	57	58	59	61	183	#
647	1321.04	13	20	21	22	23	29	30	31	36	38	43	44	45	46	51	52	53	54	59	61	62	183	#
648	1289.1	1	2	3	9	10	17	18	19	25	26	32	33	40	41	45	48	49	53	57	61	62	183	#
649	1262.38	12	13	19	20	21	29	38	39	44	45	46	51	52	53	54	55	59	60	61	62	63	183	#
650	1253.55	13	15	21	22	23	29	30	31	36	38	43	44	45	46	51	52	53	54	55	59	63	183	#
651	1237.54	5	13	21	22	23	28	29	33	34	36	37	38	41	43	44	45	46	52	53	54	61	183	#
652	644.235	2	10	11	12	22	23	30	31	39	184	#
653	823.375	1	2	4	10	11	12	18	26	35	184	#
654	818.965	20	25	26	27	35	39	43	47	51	184	#
655	667.611	4	5	11	12	13	14	15	22	30	184	#
656	660.425	22	27	28	29	30	31	39	47	55	184	#
657	659.721	11	12	13	20	21	22	23	29	30	184	#
658	1208.31	2	10	18	21	26	27	29	30	31	34	35	36	37	38	42	185	#
659	1208.18	10	11	18	21	25	26	27	29	33	34	35	36	37	44	45	185	#
660	1159.38	21	29	30	36	37	39	44	45	47	53	54	55	61	62	63	185	#
661	1131.08	1	2	9	10	11	17	18	25	26	27	34	35	36	37	45	185	#
662	1123.43	27	35	36	37	41	42	43	44	45	47	48	49	50	53	57	185	#
663	1109.72	4	12	20	21	27	29	30	35	36	37	38	43	44	45	51	185	#
664	638.589	33	35	40	41	42	43	49	50	51	57	58	59	186	#
665	831.318	1	9	10	17	18	26	27	28	29	35	43	51	186	#
666	758.839	42	46	50	51	52	53	54	55	57	58	59	60	186	#
667	731.709	35	40	41	43	48	49	50	51	52	58	59	60	186	#
668	707.782	18	36	42	43	44	49	50	51	52	53	59	60	186	#
669	675.5	14	28	36	44	50	51	52	53	57	58	59	60	186	#
670	351.162	42	43	50	51	187	#
671	319.665	43	50	51	60	187	#
672	263.556	50	51	57	58	187	#
673	188.584	42	49	57	58	187	#
674	1277.23	28	31	36	37	38	39	42	43	44	45	46	47	49	50	51	54	55	58	60	63	188	#
675	1555.68	1	2	3	4	9	10	11	19	31	37	38	39	45	46	47	53	54	55	62	63	188	#
676	1453.59	1	2	3	9	19	31	37	39	43	44	45	46	47	51	52	53	54	55	61	62	188	#
677	1410.48	0	4	12	13	14	20	31	38	39	44	45	46	47	53	54	55	60	61	62	63	188	#
678	1406.86	1	2	31	36	37	38	39	43	44	45	46	47	50	51	53	54	55	61	62	63	188	#
679	1406.09	12	13	22	23	29	30	31	36	37	38	39	43	44	45	46	47	53	54	55	62	188	#
680	105.866	34	#
681	711.219	30	38	39	42	45	46	53	54	60	61	189	#
682	860.545	26	30	34	35	38	39	46	54	55	63	189	#
683	855.187	30	38	39	45	46	47	53	54	55	61	189	#
684	804.037	21	23	29	30	31	38	39	47	54	55	189	#
685	802.793	29	30	31	38	39	45	46	54	55	62	189	#
686	716.868	45	46	47	52	53	54	55	61	62	63	189	#
687	441.786	26	27	28	33	34	35	42	190	#
688	539.176	18	26	27	28	34	35	42	190	#
689	506.068	25	26	27	34	35	42	43	190	#
690	504.388	25	26	34	35	42	49	50	190	#
691	469.722	26	34	35	36	42	43	45	190	#
692	430.901	24	25	26	33	34	35	36	190	#
693	371.411	39	47	53	54	55	63	191	#
694	411.885	31	39	47	54	55	63	191	#
695	384.408	30	31	38	39	47	55	191	#
696	331.746	27	28	47	54	55	63	191	#
697	301.246	45	50	51	52	53	60	191	#
698	235.155	38	45	46	54	62	63	191	#
699	874.974	0	1	2	3	4	8	9	10	11	16	17	18	19	192	#
700	1064.15	2	3	8	9	10	11	16	17	18	19	20	26	56	192	#
701	958.994	1	2	3	4	8	9	10	11	19	20	26	27	35	192	#
702	946.867	1	2	3	4	5	6	9	10	11	18	19	26	34	192	#
703	927.827	2	8	9	10	11	16	17	18	19	24	27	36	43	192	#
704	920.24	4	5	6	11	12	13	14	15	19	20	22	23	30	192	#
705	1323.93	5	6	7	10	11	12	13	14	15	19	20	21	22	23	27	28	29	30	32	33	38	39	41	45	46	193	#
706	1808.85	10	11	12	18	19	26	27	28	29	30	35	36	38	39	43	44	45	46	47	51	53	54	55	61	63	193	#
707	1774.42	2	10	18	19	21	26	27	28	29	30	35	36	37	38	39	43	44	45	46	47	51	53	54	55	63	193	#
708	1731.43	2	3	4	5	6	7	10	11	14	15	18	19	22	23	25	26	27	28	29	30	35	36	43	44	47	193	#
709	1731.33	2	3	4	5	6	10	11	12	18	19	20	26	27	28	34	35	36	37	38	42	43	44	45	46	53	193	#
710	1669.14	1	2	3	8	9	10	11	12	16	18	19	26	27	28	35	36	42	43	44	45	46	48	51	53	59	193	#
711	79.0746	30	#
712	99.1336	21	#
713	391.22	46	53	54	55	57	63	194	#
714	472.677	14	46	47	53	54	55	194	#
715	444.839	39	47	53	54	55	63	194	#
716	443.508	38	39	46	47	54	55	194	#
717	417.203	47	53	54	55	62	63	194	#
718	354.837	45	47	53	54	55	61	194	#
719	358.003	38	39	47	54	55	62	63	195	#
720	434.17	13	22	29	30	31	38	39	195	#
721	423.886	23	30	31	39	47	54	57	195	#
722	419.13	23	31	39	47	54	55	62	195	#
723	406.744	23	31	39	47	54	55	63	195	#
724	388.28	44	52	53	54	55	61	62	195	#
725	284.92	0	1	8	25	196	#
726	312.58	25	26	34	35	196	#
727	253.74	0	1	2	8	196	#
728	170.112	1	2	3	4	196	#
729	178.317	5	13	22	197	#
730	202.738	5	6	13	197	#
731	199.687	21	22	29	197	#
732	173.616	12	13	14	197	#
733	145.788	18	19	198	#
734	213.784	11	19	198	#
735	185.41	18	26	198	#
736	886.832	3	4	5	13	17	22	24	25	30	32	33	34	38	39	41	199	#
737	1169.33	13	14	21	22	23	29	30	36	37	38	39	44	45	46	52	199	#
738	1138.95	3	4	5	11	13	19	20	21	22	27	29	30	36	37	38	199	#
739	1116.93	3	4	5	11	18	19	27	34	35	36	37	42	43	50	51	199	#
740	1105.12	29	30	31	36	37	38	39	43	44	45	47	52	53	54	60	199	#
741	1083.32	16	24	29	32	36	37	38	44	45	46	52	53	54	61	62	199	#
742	80.9761	40	#
743	495.862	36	43	44	45	50	51	59	60	200	#
744	654.024	35	36	37	38	43	44	45	51	200	#
745	638.088	30	31	36	37	38	39	44	45	200	#
746	591.277	35	36	37	42	43	44	51	60	200	#
747	521.311	43	44	52	53	59	60	61	62	200	#
748	517.162	14	36	42	43	44	50	51	58	200	#
749	105.327	57	58	59	201	#
750	100.068	51	59	60	201	#
751	99.6314	49	57	58	201	#
752	519.724	18	26	27	33	34	35	41	43	202	#
753	648.203	9	10	11	18	26	27	34	54	202	#
754	625.731	0	8	34	41	42	43	44	49	202	#
755	613.886	18	26	27	34	35	42	43	50	202	#
756	595.52	18	26	27	34	35	42	43	44	202	#
757	569.234	9	10	11	12	18	19	20	27	202	#
758	746.564	12	13	20	21	22	23	28	29	30	203	#
759	764.302	12	13	20	21	22	23	29	30	31	203	#
760	733.845	12	13	20	21	26	27	28	29	35	203	#
761	707.167	15	20	21	22	23	29	30	31	39	203	#
762	692.433	2	11	12	13	15	20	21	22	23	203	#
763	686.349	0	8	9	16	20	21	24	28	29	203	#
764	241.083	11	19	204	#
765	168.544	10	11	204	#
766	12.6682	32	#
767	264.199	32	40	48	56	57	205	#
768	341.954	35	42	43	48	49	205	#
769	297.058	40	41	48	49	56	205	#
770	233.836	48	49	50	57	58	205	#
771	230.715	32	33	40	41	48	205	#
772	202	32	40	41	48	49	205	#
773	398.904	35	36	43	44	51	52	59	206	#
774	468.332	36	37	43	44	45	51	52	206	#
775	464.467	4	36	43	44	52	53	60	206	#
776	464.117	26	28	35	36	37	44	45	206	#
777	391.214	36	37	44	45	51	52	60	206	#
778	377.541	28	36	43	44	45	51	52	206	#
779	437.837	28	29	36	51	52	59	60	61	207	#
780	580.161	13	15	22	23	28	29	30	31	207	#
781	565.887	5	35	36	37	44	45	52	53	207	#
782	507.749	9	18	19	27	28	35	36	45	207	#
783	449.14	28	35	36	44	45	52	53	60	207	#
784	419.557	50	51	52	53	58	59	60	61	207	#
785	275.518	5	13	21	208	#
786	273.042	13	20	21	208	#
787	211.866	5	12	13	208	#
788	174.708	12	13	17	208	#
789	248.528	0	8	9	209	#
790	302.83	0	8	59	209	#
791	290.874	0	1	2	209	#
792	152.584	1	9	25	209	#
793	657.42	13	14	20	21	28	29	30	31	37	38	210	#
794	825.681	9	10	11	15	18	19	26	27	28	35	210	#
795	781.335	4	12	13	22	23	30	31	39	47	54	210	#
796	748.328	0	7	13	14	15	21	22	23	30	31	210	#
797	700.435	13	15	21	22	23	30	31	38	39	47	210	#
798	651.644	14	15	21	22	23	28	29	30	31	38	210	#
799	107.177	42	49	57	211	#
800	19.0937	6	41	49	211	#
801	570.05	25	37	45	46	52	53	54	212	#
802	589.681	37	44	45	46	52	53	54	212	#
803	583.428	29	37	43	44	45	52	53	212	#
804	574.287	29	37	38	39	45	46	54	212	#
805	515.32	37	44	45	46	51	52	53	212	#
806	485.13	43	44	45	46	51	52	53	212	#
807	88.996	13	14	#
808	1414.36	1	3	4	8	9	10	11	16	18	19	20	21	25	26	27	28	33	34	35	36	42	52	60	213	#
809	1646.61	19	20	25	26	27	28	29	33	34	35	36	37	38	41	42	45	46	48	49	54	56	57	62	213	#
810	1639.09	1	2	8	9	10	16	17	25	37	41	42	45	46	48	49	50	51	52	53	56	57	58	60	213	#
811	1595	9	13	18	19	20	21	23	25	26	27	28	29	31	34	35	36	37	38	43	45	46	52	53	213	#
812	1576.49	3	4	11	12	18	19	20	21	27	28	29	36	37	38	41	42	45	46	49	50	56	57	58	213	#
813	1574.76	8	9	17	18	25	26	30	32	33	34	37	38	40	41	42	45	46	48	49	50	56	57	58	213	#
814	288.622	51	52	53	58	59	60	214	#
815	408.528	50	51	52	53	58	60	214	#
816	364.6	49	50	51	52	53	61	214	#
817	355.115	50	51	52	53	59	60	214	#
818	317.387	44	51	52	53	60	61	214	#
819	305.557	7	15	50	58	59	60	214	#
820	300.399	1	2	3	10	215	#
821	303.643	9	10	18	39	215	#
822	280.586	0	1	2	3	215	#
823	175.966	2	3	11	12	215	#
824	23.6149	25	#
825	107.413	2	3	216	#
826	151.226	3	4	216	#
827	943.499	3	4	5	12	13	14	15	21	22	28	29	30	36	217	#
828	1024.94	5	12	13	21	22	28	29	30	36	37	38	39	46	217	#
829	994.876	5	6	13	14	15	21	22	23	28	29	30	36	37	217	#
830	958.057	5	13	14	15	21	22	23	28	29	36	37	44	52	217	#
831	955.196	21	22	23	27	28	29	30	34	35	36	37	38	43	217	#
832	921.516	3	4	5	11	12	13	14	21	22	29	47	54	63	217	#
833	315.548	47	54	55	63	218	#
834	318.469	23	39	47	54	218	#
835	283.228	53	54	55	63	218	#
836	268.852	10	30	54	55	218	#
837	1168.62	29	36	37	38	39	45	46	47	51	52	53	54	55	59	60	61	62	63	219	#
838	1397.5	29	30	31	37	38	39	43	44	45	47	52	53	54	55	60	61	62	63	219	#
839	1361.83	10	11	13	14	15	19	20	21	22	23	28	29	30	31	37	38	39	47	219	#
840	1330.32	29	30	36	37	38	39	43	44	45	46	47	51	52	53	54	60	62	63	219	#
841	1277.38	29	30	36	37	38	39	44	45	46	47	52	53	54	55	60	61	62	63	219	#
842	1274.85	19	21	22	27	30	31	38	39	45	47	52	53	54	55	60	61	62	63	219	#
843	939.398	19	26	27	33	34	35	40	41	42	48	50	51	220	#
844	1044.45	11	18	19	20	25	26	27	34	35	41	42	61	220	#
845	936.253	10	18	21	26	27	28	29	34	41	42	50	63	220	#
846	900.285	0	34	35	36	40	41	42	48	50	56	57	58	220	#
847	872.31	3	4	5	8	9	10	11	12	17	18	19	25	220	#
848	865.834	19	25	26	27	33	34	35	40	41	42	50	58	220	#
849	514.892	13	14	15	21	22	23	30	31	221	#
850	629.891	13	21	22	23	29	30	31	37	221	#
851	629.397	5	6	7	13	14	22	23	30	221	#
852	628.904	20	21	28	29	37	44	45	53	221	#
853	616.492	6	7	15	22	23	24	25	30	221	#
854	607.642	5	6	13	14	21	22	29	30	221	#
855	118.111	26	#
856	1247.17	25	26	33	34	35	36	37	38	41	42	43	44	48	49	50	51	58	59	222	#
857	1253.67	0	25	26	27	33	34	35	36	41	42	43	44	48	49	50	52	58	59	222	#
858	1205.01	19	20	25	26	27	28	29	33	35	36	37	41	42	43	44	53	60	61	222	#
859	1168.4	25	26	33	34	35	41	42	43	44	45	48	49	50	51	52	58	59	60	222	#
860	1145.42	18	25	26	27	30	35	36	37	38	43	44	45	51	52	58	59	60	61	222	#
861	1143.85	0	26	34	35	41	42	43	44	48	49	50	51	52	55	56	58	59	60	222	#
862	209.961	18	26	34	223	#
863	266.564	26	35	50	223	#
864	260.657	25	26	34	223	#
865	140.017	17	18	25	223	#
866	887.322	21	29	30	31	38	39	41	42	46	47	49	54	55	58	224	#
867	1173.46	19	26	27	31	34	35	36	37	38	39	46	47	54	55	224	#
868	1126.84	4	5	12	13	14	19	20	21	22	26	27	29	31	37	224	#
869	1097.23	13	14	20	21	22	29	30	31	34	35	36	37	38	39	224	#
870	1076.73	31	35	36	37	38	39	44	46	47	53	54	55	62	63	224	#
871	1070.95	29	30	31	36	37	38	39	44	46	47	53	54	55	63	224	#
872	367.551	26	28	35	36	225	#
873	336.439	29	35	36	37	225	#
874	333.994	17	25	26	54	225	#
875	247.113	27	28	29	36	225	#
876	239.887	27	34	35	43	225	#
877	228.997	36	43	44	226	#
878	282.035	43	44	52	226	#
879	218.638	35	36	37	226	#
880	225.426	26	32	33	34	227	#
881	293.896	26	34	35	43	227	#
882	228.378	24	25	26	35	227	#
883	197.979	24	25	26	33	227	#
884	140.176	32	33	34	41	227	#
885	374.625	4	12	13	14	15	21	228	#
886	475.316	4	5	12	13	20	21	228	#
887	442.735	4	5	12	13	14	20	228	#
888	434	5	12	13	21	22	29	228	#
889	400.371	12	13	19	20	21	22	228	#
890	333.432	12	13	15	21	22	23	228	#
891	173.485	49	50	51	52	58	59	229	#
892	202.656	41	42	49	51	58	59	229	#
893	196.282	41	42	50	51	58	59	229	#
894	181.549	42	49	51	58	59	60	229	#
895	162.693	51	52	58	59	60	61	229	#
896	617.211	18	25	26	34	41	42	43	50	230	#
897	702.81	26	34	35	42	50	56	57	58	230	#
898	659.481	9	17	18	19	26	34	35	42	230	#
899	657.486	9	10	18	19	26	27	34	35	230	#
900	649.308	34	35	42	43	44	50	53	58	230	#
901	578.924	18	25	26	34	35	36	43	44	230	#
902	77.6679	4	#
903	297.143	1	2	3	8	9	11	12	231	#
904	402.581	4	11	12	13	19	21	22	231	#
905	371.381	3	4	5	11	12	13	14	231	#
906	367.11	1	8	9	10	18	58	59	231	#
907	317.345	0	1	8	9	16	17	18	231	#
908	307.054	3	10	11	12	232	#
909	385.968	10	17	18	19	232	#
910	377.433	9	10	11	19	232	#
911	237.322	12	13	14	20	232	#
912	211.682	3	4	5	6	232	#
913	296.538	46	47	54	55	233	#
914	319.793	31	39	47	55	233	#
915	305.023	38	39	45	46	233	#
916	220.783	46	53	54	62	233	#
917	192.511	53	54	55	63	233	#
918	1230.31	0	1	2	8	9	10	11	12	16	17	18	19	26	27	34	35	234	#
919	1249.12	0	1	8	9	10	12	13	16	17	18	19	20	24	26	34	35	234	#
920	1246.8	4	5	6	9	10	11	12	17	18	19	20	26	27	31	38	39	234	#
921	1242.04	0	1	8	9	10	11	16	17	18	19	26	35	40	41	42	50	234	#
922	1214.43	9	10	11	18	19	20	26	27	28	33	34	35	41	42	49	50	234	#
923	1207.45	2	4	9	10	11	12	13	19	20	22	26	27	28	30	34	35	234	#
924	664.892	8	9	16	17	18	19	25	33	34	235	#
925	695.305	13	17	21	24	25	26	27	29	33	235	#
926	677.954	0	1	8	9	10	16	17	24	25	235	#
927	664.578	0	1	2	3	8	9	10	16	17	235	#
928	660.371	1	2	9	10	17	18	19	25	26	235	#
929	650.597	1	8	9	10	16	17	24	25	33	235	#
930	2834.61	1	2	4	5	6	7	10	12	13	16	17	18	19	20	22	24	25	26	27	28	29	31	32	33	34	35	36	39	41	42	43	44	45	46	47	49	50	51	52	53	54	55	56	57	58	59	60	61	62	63	236	#
931	2962.17	1	2	3	4	5	6	7	10	11	12	13	14	15	16	17	18	19	20	22	23	24	25	26	27	28	29	31	32	33	34	35	39	41	42	43	46	47	49	50	51	52	53	54	55	56	57	58	59	60	63	236	#
932	2951.13	0	1	2	3	6	7	8	9	10	11	12	13	14	16	17	18	19	20	24	25	26	27	28	29	31	32	33	34	35	37	38	39	40	41	42	43	44	46	47	49	50	51	52	55	56	57	58	59	60	63	236	#
933	2925.59	1	2	3	4	5	8	10	12	13	14	16	17	18	19	20	24	25	26	27	28	29	31	32	33	34	35	38	39	40	41	42	43	44	46	47	48	49	50	51	52	53	54	55	56	57	58	59	60	61	63	236	#
934	2907.07	2	3	4	5	9	10	11	12	13	14	16	17	18	19	20	22	25	26	27	28	29	30	31	33	34	35	38	39	40	41	42	43	44	46	48	49	50	51	52	53	54	55	56	57	58	59	60	61	62	63	236	#
935	2906.64	1	2	4	6	7	9	12	13	14	17	18	19	20	22	23	25	26	27	28	29	30	31	32	33	34	35	36	38	39	40	41	42	43	44	46	47	49	50	51	52	53	54	55	56	57	58	59	60	61	63	236	#
936	388.956	4	12	13	22	61	62	237	#
937	455.368	11	12	13	20	22	30	237	#
938	406.966	30	47	54	61	62	63	237	#
939	391.335	4	5	12	13	14	22	237	#
940	387.773	22	23	30	53	61	62	237	#
941	377.666	3	4	10	11	12	40	237	#
942	837.831	40	41	42	43	44	45	48	49	50	51	52	56	57	58	59	60	238	#
943	1044.99	27	35	36	41	43	44	46	49	50	51	52	53	54	57	58	59	238	#
944	1020.12	23	26	28	33	34	35	36	40	41	42	43	44	48	49	50	53	238	#
945	1019.38	35	36	37	38	43	44	45	46	50	51	52	53	54	59	60	61	238	#
946	1005.89	16	20	24	25	33	36	40	41	42	43	44	48	49	50	56	59	238	#
947	1002.84	4	35	36	37	43	44	45	46	51	52	53	54	55	59	60	61	238	#
948	909.705	4	5	8	12	16	18	19	20	21	24	29	32	53	239	#
949	996.061	2	3	4	5	6	9	12	13	14	18	19	20	21	239	#
950	992.442	0	1	2	3	4	8	9	16	17	18	19	20	27	239	#
951	928.664	0	1	2	3	4	5	8	9	12	16	17	20	25	239	#
952	923.244	5	13	14	15	19	20	21	22	23	27	28	29	36	239	#
953	922.709	3	4	5	6	7	12	13	14	15	20	21	22	29	239	#
954	367.599	2	10	11	36	37	45	240	#
955	524.99	0	1	2	8	10	11	240	#
956	515.507	10	11	48	49	56	57	240	#
957	422.203	29	30	37	38	45	46	240	#
958	404.196	29	37	38	45	46	53	240	#
959	244.028	28	34	35	36	43	44	240	#
960	777.064	13	21	22	23	29	30	31	38	39	46	54	241	#
961	883.722	20	21	22	23	29	30	31	36	37	38	39	241	#
962	853.043	4	5	12	13	20	21	29	31	37	38	39	241	#
963	829.773	29	30	31	37	38	39	45	46	52	53	61	241	#
964	786.72	21	22	25	28	29	30	31	36	37	38	39	241	#
965	784.288	26	34	38	39	46	53	54	55	61	62	63	241	#
966	373.619	30	35	36	43	44	242	#
967	442.4	18	25	26	35	43	242	#
968	365.161	36	42	43	50	51	242	#
969	355.83	27	28	29	30	31	242	#
970	333.678	26	44	52	53	60	242	#
971	290.694	28	29	36	37	45	242	#
972	415.273	26	36	37	44	45	53	243	#
973	510.433	26	34	36	42	43	51	243	#
974	501.658	26	34	35	42	43	51	243	#
975	462.162	34	36	42	43	44	45	243	#
976	435.02	44	45	46	47	54	55	243	#
977	377.683	36	37	43	44	45	51	243	#
978	1854.62	0	3	4	5	6	7	8	9	10	11	12	13	14	15	19	20	21	22	23	28	29	30	31	35	36	37	38	46	244	#
979	2053.71	3	4	5	6	7	8	9	10	11	13	14	15	17	18	19	20	21	22	23	25	29	37	38	45	52	53	61	62	244	#
980	2016.8	0	3	4	8	9	10	11	16	17	18	19	20	21	24	25	27	28	29	32	33	35	36	37	40	45	48	49	57	244	#
981	1944.18	0	1	2	3	4	8	9	10	11	16	17	18	19	20	21	24	25	26	27	28	29	30	34	35	36	37	38	43	244	#
982	1934.27	0	1	8	9	10	11	16	17	18	19	20	21	24	25	26	27	29	32	35	36	39	40	41	43	48	49	56	57	244	#
983	1901.3	15	20	21	22	23	24	28	29	30	32	35	36	37	38	40	43	44	45	46	48	49	52	53	54	55	56	62	63	244	#
984	873.17	27	29	35	36	37	41	42	43	44	49	50	51	52	58	59	60	245	#
985	1235.42	1	2	6	19	20	21	27	28	29	30	36	37	43	44	52	60	245	#
986	1217.32	8	19	20	24	27	28	29	30	36	37	38	42	43	44	45	51	245	#
987	1207.02	12	13	20	21	22	23	25	26	27	28	29	30	31	37	38	39	245	#
988	1142.2	26	27	29	30	31	35	41	42	43	44	48	49	50	51	52	60	245	#
989	1129.25	2	10	18	19	20	26	34	35	41	42	48	49	50	57	58	59	245	#
990	850.846	0	1	2	3	4	8	9	10	11	12	16	18	246	#
991	1024.98	0	1	2	3	4	5	8	9	10	11	18	19	246	#
992	1004.99	0	1	2	8	9	10	11	18	35	43	44	60	246	#
993	976.686	1	2	3	5	8	9	10	13	18	19	20	22	246	#
994	971.514	0	1	2	8	9	10	11	15	18	23	44	53	246	#
995	964.97	3	4	5	10	11	12	13	19	20	21	22	29	246	#
996	924.794	16	17	18	19	24	25	26	27	28	33	34	35	42	50	247	#
997	1220.18	0	8	9	10	16	17	18	19	25	26	33	35	36	37	247	#
998	1171.99	2	8	9	10	16	17	18	19	25	26	33	35	36	41	247	#
999	1131.9	0	2	8	9	10	11	12	15	16	17	25	26	33	35	247	#
1000	1101.12	8	9	10	18	25	26	32	33	41	42	49	50	57	58	247	#
1001	1062.11	1	8	9	10	16	17	18	26	35	36	37	44	45	46	247	#
