%% File generated by CATS v.2.1Wed Jun 22 10:37:41 2022

%% The CATS webpage is http://robotics.stanford.edu/CATS

%% PARAMETER SETTINGS:
% Goods: 64; Bids: 1000; Distribution: regions; Runs: 1; Seed: 1656572908
% Regions Distribution Parameters:
% Max Substitutable Bids = 5
% Removing HV Neighbor   = 0.1
% Adding DIAG Neighbor   = 0.2
% Additional Location    = 0.9
% Jump Probability       = 0.05
% Additivity             = 0.2
% Budget Factor          = 1.5
% Resale Factor          = 0.5
% Uniform Private Value:
%   Deviation            = 0.5
%   Max Good Value       = 100



goods 64
bids 1001
dummy 185

0	1538.43	0	1	2	8	9	11	12	16	17	18	19	20	24	25	26	27	28	32	33	34	35	40	41	43	48	49	50	64	#
1	2211.95	18	22	24	25	26	27	28	29	30	34	35	36	37	38	39	41	42	43	45	49	50	51	52	53	59	61	62	64	#
2	2007.13	19	24	25	26	28	29	32	33	34	35	36	37	38	39	41	42	43	45	46	47	50	51	52	53	59	60	61	64	#
3	1980.98	11	19	20	24	25	26	27	28	30	34	35	36	37	38	39	42	43	45	46	47	50	53	54	55	61	62	63	64	#
4	1941.39	19	24	25	26	27	28	29	30	32	34	35	36	37	38	40	41	42	43	47	48	49	50	51	56	57	58	59	64	#
5	1911.55	11	16	17	18	19	22	24	25	26	27	28	29	30	32	34	35	36	37	38	40	42	43	45	50	51	52	53	64	#
6	960.308	3	4	8	9	10	11	16	17	18	19	20	26	27	28	35	36	65	#
7	1236.16	4	10	11	12	18	19	20	26	27	28	35	36	37	38	39	44	65	#
8	1222.91	10	15	19	22	23	27	28	29	30	31	36	37	38	39	44	45	65	#
9	1121.91	4	9	10	11	12	19	20	26	27	28	29	30	36	37	38	44	65	#
10	1115.81	2	10	18	19	20	26	27	29	30	31	34	35	36	37	38	44	65	#
11	1115.1	18	19	26	27	28	29	30	34	35	36	37	38	44	46	54	63	65	#
12	243.319	17	18	25	32	66	#
13	251.603	32	40	41	60	66	#
14	232.856	24	25	32	33	66	#
15	172.563	10	11	18	19	66	#
16	272.604	0	1	8	9	10	16	67	#
17	347.236	0	1	2	9	10	18	67	#
18	233.839	8	16	24	26	32	33	67	#
19	226.844	0	1	8	9	16	17	67	#
20	176.403	8	9	10	16	19	27	67	#
21	627.959	30	37	38	39	45	46	47	68	#
22	652.055	28	36	37	43	45	46	48	68	#
23	627.398	29	30	37	38	45	46	47	68	#
24	577.166	28	30	31	37	38	46	47	68	#
25	568.78	28	29	30	37	38	45	46	68	#
26	551.422	27	28	29	35	36	37	45	68	#
27	265.619	3	4	12	20	30	69	#
28	390.61	3	4	40	41	42	69	#
29	384.838	13	22	29	30	31	69	#
30	261.106	4	5	12	13	21	69	#
31	238.544	4	5	12	13	20	69	#
32	233.28	2	3	4	5	12	69	#
33	522.404	48	50	51	56	57	58	70	#
34	534.601	40	41	42	50	51	58	70	#
35	531.464	41	48	50	56	57	58	70	#
36	487.279	42	43	50	51	57	58	70	#
37	324.132	10	50	51	52	54	61	70	#
38	297.209	32	33	41	48	56	57	70	#
39	94.2278	18	#
40	1483.58	19	20	21	22	23	25	26	27	28	30	32	34	35	37	38	39	47	54	55	61	62	63	71	#
41	1905.63	22	23	28	30	31	34	37	38	39	42	43	44	45	47	50	52	55	59	60	61	62	63	71	#
42	1838.08	7	15	22	23	28	30	31	37	38	39	43	44	45	46	47	52	53	54	55	61	62	63	71	#
43	1830.35	11	13	19	21	22	26	27	28	29	30	31	35	37	38	39	43	47	52	55	61	62	63	71	#
44	1797.82	21	22	23	28	30	31	35	37	38	39	43	44	45	46	47	52	53	54	55	61	62	63	71	#
45	1775.34	29	30	31	35	36	37	38	39	42	43	44	47	49	50	52	53	54	55	60	61	62	63	71	#
46	451.396	1	2	10	18	19	52	72	#
47	538.221	40	42	50	51	52	53	72	#
48	366.372	0	1	2	3	9	10	72	#
49	343.67	8	9	10	18	19	26	72	#
50	303.448	18	19	25	26	34	35	72	#
51	294.692	0	1	2	3	9	11	72	#
52	672.068	21	22	27	28	29	30	35	36	43	73	#
53	735.143	14	15	21	22	29	30	38	46	47	73	#
54	686.861	14	15	22	23	28	29	30	36	44	73	#
55	651.966	12	13	14	15	21	22	27	29	30	73	#
56	650.275	21	29	30	44	45	46	53	54	62	73	#
57	607.109	5	13	27	28	35	36	43	51	59	73	#
58	224.649	14	15	23	74	#
59	269.625	7	15	23	74	#
60	257.003	6	7	14	74	#
61	1631.41	2	3	4	11	12	19	20	22	23	29	30	31	36	37	38	39	44	45	46	47	52	53	54	55	60	61	62	63	75	#
62	1949.47	5	6	7	13	15	22	23	24	25	26	29	32	33	35	36	37	38	39	40	44	45	46	47	53	54	55	62	63	75	#
63	1895.29	6	7	15	22	23	27	29	30	31	35	36	37	38	39	44	45	46	47	52	53	54	55	58	59	60	61	62	63	75	#
64	1856.64	20	27	28	29	30	33	34	35	36	37	38	40	44	45	46	47	48	49	52	53	54	55	58	59	60	61	62	63	75	#
65	1845.93	0	1	8	9	16	17	18	22	23	29	30	36	37	38	44	45	46	47	52	53	54	55	58	59	60	61	62	63	75	#
66	1841.39	15	16	22	23	24	25	28	29	30	31	32	33	34	36	37	38	39	40	44	45	46	47	52	53	54	55	62	63	75	#
67	211.398	6	13	#
68	272.238	5	6	14	76	#
69	242.853	6	13	14	76	#
70	1073.41	10	11	19	22	23	26	27	28	29	30	34	35	37	38	42	77	#
71	1311.77	18	26	27	28	29	34	36	37	38	41	42	43	45	46	51	77	#
72	1293.58	18	22	23	26	27	28	29	30	31	35	36	37	38	45	46	77	#
73	1240.78	22	26	27	28	29	30	35	36	37	45	46	54	61	62	63	77	#
74	1202.53	10	19	26	27	28	34	35	38	41	42	43	46	51	52	54	77	#
75	1189.89	26	27	34	35	36	41	42	47	52	53	54	55	61	62	63	77	#
76	364.444	22	30	38	46	54	62	78	#
77	487.734	14	22	30	31	38	39	78	#
78	477.812	20	28	36	37	38	46	78	#
79	457.458	22	29	30	38	39	46	78	#
80	425.294	14	15	22	29	54	62	78	#
81	349.419	38	46	54	55	62	63	78	#
82	683.071	6	10	11	19	20	27	28	34	35	42	43	44	45	79	#
83	1023.57	21	22	23	28	29	36	37	38	39	42	43	44	48	79	#
84	927.087	24	25	26	35	36	37	38	42	43	44	45	46	54	79	#
85	923.122	27	28	29	35	36	37	38	39	45	46	47	54	55	79	#
86	893.399	10	11	17	18	19	20	25	26	27	28	35	37	45	79	#
87	891.605	28	29	36	37	42	43	44	45	48	49	50	56	57	79	#
88	827.44	38	39	46	51	52	54	55	61	62	63	80	#
89	846.51	41	49	50	51	52	57	59	60	61	62	80	#
90	840.917	35	36	37	38	39	43	44	51	52	61	80	#
91	821.529	42	44	50	51	52	59	60	61	62	63	80	#
92	817.445	22	31	37	38	39	43	44	47	55	63	80	#
93	780.798	1	2	3	9	10	37	38	39	46	47	80	#
94	213.561	43	44	45	81	#
95	218.652	44	45	53	81	#
96	165.035	36	44	45	81	#
97	143.719	43	#
98	1179.8	5	6	11	12	13	14	19	20	21	22	23	26	28	29	35	36	82	#
99	1392.81	6	7	14	15	20	22	23	28	29	31	36	39	44	45	52	53	82	#
100	1327.59	5	6	7	13	14	15	20	21	22	28	29	30	36	38	40	48	82	#
101	1268.75	18	19	20	25	26	28	29	35	36	37	38	43	44	45	46	51	82	#
102	1193.62	17	18	19	20	21	22	25	26	28	29	35	36	43	44	45	52	82	#
103	1191.63	6	7	13	14	15	19	20	21	22	23	26	27	28	29	31	36	82	#
104	294.789	51	58	59	60	83	#
105	348.974	42	43	51	52	83	#
106	301.825	14	22	29	59	83	#
107	300.558	42	43	50	58	83	#
108	2273.66	0	4	5	6	7	13	14	15	19	20	21	22	23	24	25	29	30	32	33	34	36	37	38	44	45	46	47	50	52	53	55	58	61	84	#
109	2435.59	0	1	4	5	7	11	12	13	14	15	17	19	20	21	22	23	24	25	26	27	28	29	30	32	35	36	37	38	40	46	47	49	59	84	#
110	2411.53	21	22	23	24	25	26	27	28	29	30	31	32	33	34	35	36	37	40	44	45	46	47	49	50	51	52	53	54	55	58	61	62	63	84	#
111	2401.16	4	5	6	7	11	12	13	14	19	20	21	22	23	24	25	26	27	29	30	31	36	37	38	44	45	46	47	52	54	55	61	62	63	84	#
112	2360.02	5	7	8	10	13	14	16	17	18	19	20	21	22	25	26	27	28	29	30	31	33	34	35	36	37	38	41	44	45	46	48	51	52	84	#
113	2349.18	4	5	11	12	13	18	19	20	21	22	26	27	28	29	30	35	36	37	38	43	44	45	46	47	48	51	52	53	54	55	56	62	63	84	#
114	1123.96	22	25	26	27	28	29	30	32	34	35	36	37	43	44	45	52	61	85	#
115	1454.57	3	4	12	26	27	28	29	35	36	37	38	43	44	45	51	52	59	85	#
116	1424.17	20	21	22	26	27	28	29	30	36	38	39	43	44	45	46	52	53	85	#
117	1411.82	20	21	22	28	29	30	31	35	36	37	38	39	43	44	45	51	52	85	#
118	1408.84	10	19	20	21	22	26	27	28	29	30	35	36	38	39	42	43	44	85	#
119	1396.81	10	15	18	19	26	28	29	35	36	41	42	43	44	45	50	51	52	85	#
120	742.3	5	6	7	10	11	12	13	14	19	21	29	86	#
121	882.884	5	6	12	13	14	19	20	21	26	28	29	86	#
122	842.489	5	6	7	13	14	19	20	21	22	28	29	86	#
123	792.451	12	13	14	20	21	22	23	27	28	29	37	86	#
124	790.847	5	6	12	13	14	21	27	28	29	30	37	86	#
125	784.573	2	10	19	24	25	26	44	52	59	60	61	86	#
126	357.729	7	15	22	23	87	#
127	453.716	22	23	29	31	87	#
128	426.476	13	14	22	23	87	#
129	368.67	7	14	15	23	87	#
130	625.254	39	47	53	54	55	61	62	63	88	#
131	622.313	7	14	15	22	31	38	39	47	88	#
132	615.567	49	53	54	55	56	57	62	63	88	#
133	614.482	2	3	39	47	54	55	62	63	88	#
134	606.027	45	46	47	53	54	55	62	63	88	#
135	575.326	13	14	15	22	54	55	62	63	88	#
136	2583.02	0	1	2	3	4	5	6	7	9	10	11	12	13	14	15	17	18	19	20	21	22	23	24	25	26	27	28	29	30	31	32	36	37	43	44	52	61	89	#
137	2924.37	1	2	9	10	11	13	14	15	17	18	19	20	22	23	26	27	28	29	30	31	36	37	41	42	43	44	49	50	51	52	53	57	58	59	61	62	63	89	#
138	2872.14	13	17	18	19	20	21	23	24	27	28	29	30	31	33	36	37	38	40	41	42	43	44	46	47	49	50	51	52	53	54	55	58	59	60	61	62	63	89	#
139	2869.79	1	4	5	6	7	9	10	11	13	14	15	17	18	19	20	21	22	23	25	26	27	28	29	30	31	36	37	39	40	41	42	43	44	48	49	50	51	89	#
140	2836.96	4	5	6	10	11	13	14	15	17	18	19	20	22	23	26	27	28	29	30	31	33	36	37	38	39	40	41	42	43	44	46	47	52	53	55	60	61	89	#
141	2778.94	3	4	5	6	7	10	11	13	14	15	19	20	21	22	23	26	27	28	29	30	31	36	37	38	39	43	44	46	47	50	51	52	53	54	61	62	63	89	#
142	223.955	11	12	19	90	#
143	230.395	19	26	35	90	#
144	77.8505	4	12	20	90	#
145	907.528	10	12	18	19	20	27	28	30	38	39	46	47	91	#
146	1054.86	14	15	22	23	29	30	37	38	39	41	46	47	91	#
147	1046.14	21	22	23	29	30	31	36	37	38	39	46	47	91	#
148	1043.91	20	22	28	29	30	38	39	46	47	53	54	62	91	#
149	947.173	13	14	21	22	23	30	31	38	39	46	47	54	91	#
150	925.404	18	19	23	26	27	28	30	31	35	36	39	56	91	#
151	592.665	26	32	33	40	48	49	50	56	57	92	#
152	645.867	24	26	30	32	33	40	48	49	56	92	#
153	595.14	24	25	26	28	32	34	35	36	40	92	#
154	583.508	24	32	33	40	41	48	49	56	57	92	#
155	548.398	10	19	32	33	40	41	48	56	57	92	#
156	517.663	24	32	33	40	41	42	48	49	56	92	#
157	623.581	16	17	24	26	27	32	33	34	35	43	93	#
158	875.892	6	17	22	24	25	32	40	41	48	49	93	#
159	792.817	18	24	26	27	32	33	49	50	57	58	93	#
160	739.429	24	25	26	32	33	35	36	41	43	44	93	#
161	706.171	8	16	17	24	25	32	33	40	41	49	93	#
162	671.941	10	11	17	18	33	34	41	42	43	49	93	#
163	748.072	8	9	16	17	25	32	33	34	36	37	40	41	48	94	#
164	1109.61	28	34	36	37	41	42	43	48	50	51	57	58	59	94	#
165	1092.06	0	1	2	8	9	10	17	18	19	39	40	48	49	94	#
166	1060.14	32	33	40	41	42	43	48	49	50	51	56	57	59	94	#
167	1020.6	25	32	33	34	35	40	42	43	48	50	51	58	59	94	#
168	937.214	10	14	18	21	22	31	37	38	39	44	47	52	55	94	#
169	1212.95	0	1	2	3	5	6	8	9	10	11	12	13	17	18	19	20	21	22	27	95	#
170	1271.99	1	2	3	5	6	8	9	10	11	12	13	18	19	20	21	26	36	43	44	95	#
171	1221.74	0	1	2	3	8	9	10	11	17	18	19	20	21	26	27	33	34	41	49	95	#
172	1193.09	0	1	2	3	4	6	8	9	10	11	12	13	18	19	20	21	30	38	47	95	#
173	1182.07	0	1	2	3	4	5	6	8	9	10	11	12	13	17	18	19	20	21	26	95	#
174	1164.09	4	5	6	9	10	11	12	13	14	17	18	19	20	21	27	28	36	43	44	95	#
175	2934.36	9	10	11	16	17	19	20	21	23	24	27	28	29	30	31	34	35	36	37	38	39	41	42	43	44	45	47	49	50	51	52	53	54	55	57	60	61	62	96	#
176	3127.09	1	6	7	8	9	13	14	15	20	21	23	27	28	29	31	34	35	36	37	38	39	41	42	43	44	45	47	50	51	52	53	54	55	58	60	61	62	63	96	#
177	3032.19	5	6	13	14	15	17	19	20	21	23	26	27	28	29	33	36	37	38	40	41	42	43	44	45	48	49	50	51	52	53	54	56	57	58	59	60	62	63	96	#
178	3030.66	4	5	6	7	13	14	15	20	21	23	27	28	29	31	34	35	36	37	38	39	42	43	44	45	47	48	49	50	51	52	53	54	55	58	60	61	62	63	96	#
179	3027.57	1	4	5	6	7	9	13	14	15	17	19	20	21	22	23	27	28	29	31	34	35	36	37	39	41	42	43	44	45	50	52	53	54	55	60	61	62	63	96	#
180	3020.54	0	1	8	9	10	11	16	17	18	19	25	26	27	28	29	31	34	35	36	37	38	39	41	42	43	44	45	47	49	50	51	52	53	54	55	60	61	62	96	#
181	644.58	21	22	29	30	38	39	46	47	97	#
182	691.854	6	7	17	38	44	45	46	52	97	#
183	669.053	30	38	39	46	47	55	62	63	97	#
184	653.271	13	15	21	22	23	29	30	38	97	#
185	567.241	38	39	44	45	46	47	54	55	97	#
186	551.634	30	37	38	45	46	47	54	55	97	#
187	577.684	24	32	33	34	35	40	41	42	43	98	#
188	778.337	35	36	37	40	41	43	44	48	52	98	#
189	670.208	24	25	26	27	32	33	40	48	56	98	#
190	669.17	24	25	32	33	40	41	42	48	56	98	#
191	619.612	24	25	32	33	40	41	48	56	57	98	#
192	610.516	34	35	36	42	43	44	51	52	61	98	#
193	303.778	3	4	5	53	99	#
194	301.415	50	51	52	53	99	#
195	250.92	5	6	12	13	99	#
196	241.777	3	4	5	11	99	#
197	1456.07	11	12	19	20	22	23	25	26	27	28	30	31	36	37	38	39	42	43	44	45	50	55	100	#
198	1725.28	20	23	26	27	28	31	33	35	37	38	39	42	43	44	45	51	53	54	55	59	62	63	100	#
199	1705.63	22	23	26	27	28	30	31	36	37	38	42	43	44	45	46	50	51	53	54	59	62	63	100	#
200	1696.12	6	7	10	14	19	22	23	26	27	28	30	31	35	36	37	38	42	43	44	45	52	53	100	#
201	1643.39	28	33	36	37	41	42	43	44	45	47	49	50	51	53	54	55	56	57	58	59	62	63	100	#
202	1635.59	19	20	21	25	26	27	28	33	36	37	38	39	42	43	44	45	47	53	54	55	62	63	100	#
203	192.78	5	6	101	#
204	99.6173	5	20	101	#
205	172.882	51	59	60	102	#
206	250.212	26	27	59	102	#
207	233.322	43	44	51	102	#
208	119.587	60	61	62	102	#
209	438.184	39	47	54	55	62	63	103	#
210	545.812	36	37	44	47	55	63	103	#
211	490.981	22	31	39	46	47	55	103	#
212	459.503	39	46	47	54	55	63	103	#
213	426.124	39	44	45	46	47	54	103	#
214	424.465	39	46	47	54	55	62	103	#
215	1791.88	0	9	20	21	22	29	30	31	35	36	37	38	39	43	44	45	46	47	51	52	53	54	55	60	61	62	63	104	#
216	2110.48	12	16	17	18	19	20	26	28	29	30	31	33	34	35	36	37	38	39	40	41	42	43	44	47	48	51	55	104	#
217	2063.43	9	17	18	19	26	27	33	34	35	36	37	38	39	40	41	42	43	44	45	47	48	51	52	53	60	61	62	104	#
218	2060.89	7	26	28	29	33	34	35	36	37	38	39	41	42	43	44	45	46	47	51	52	53	54	55	60	61	62	63	104	#
219	2013.23	6	9	10	11	12	13	14	17	18	19	20	21	22	26	27	28	29	34	35	36	37	39	42	43	44	51	52	104	#
220	1966.21	3	14	18	19	20	22	26	28	29	31	34	35	36	37	38	39	42	43	44	45	46	47	52	53	54	55	63	104	#
221	453.681	46	47	53	54	55	61	63	105	#
222	583.713	43	44	46	53	54	55	63	105	#
223	522.409	16	24	27	39	47	55	63	105	#
224	489.689	45	46	47	53	54	55	63	105	#
225	483.818	32	45	46	53	54	55	63	105	#
226	445.356	54	55	59	60	61	62	63	105	#
227	559.515	45	51	52	53	55	60	61	62	63	106	#
228	801.585	41	43	45	48	49	53	54	61	62	106	#
229	702.501	28	37	44	45	46	53	54	55	63	106	#
230	676.098	37	45	52	53	54	60	61	62	63	106	#
231	617.462	21	28	29	37	44	45	46	52	61	106	#
232	608.729	10	18	26	33	34	35	43	51	59	106	#
233	1165.18	20	21	28	29	30	34	35	36	37	44	45	51	52	53	59	107	#
234	1165.98	0	20	28	29	30	35	36	37	43	44	45	46	51	52	53	107	#
235	1114.42	28	30	36	37	38	43	44	45	46	51	52	58	59	60	61	107	#
236	1107.36	16	28	29	34	35	36	37	38	43	44	45	51	52	53	59	107	#
237	1089.82	6	7	33	34	41	42	48	49	50	51	52	57	58	59	60	107	#
238	1046.34	20	21	22	28	29	34	35	36	37	44	45	46	52	53	60	107	#
239	1318.96	11	19	25	26	27	28	29	30	35	36	37	38	43	44	45	50	51	52	53	59	60	61	62	108	#
240	1873.11	1	2	7	10	14	22	28	29	30	31	37	38	39	44	45	46	47	52	53	54	55	62	63	108	#
241	1857.52	6	13	21	22	28	29	30	36	37	38	39	43	44	45	47	50	51	52	53	54	59	62	63	108	#
242	1792.05	4	5	6	10	13	21	22	28	29	30	31	36	37	44	45	51	52	53	54	59	60	62	63	108	#
243	1759.84	13	21	22	28	29	31	36	37	38	39	43	44	46	47	51	52	53	54	55	59	61	62	63	108	#
244	1713.96	1	18	28	29	34	36	37	41	42	43	44	45	49	51	52	53	54	55	59	60	61	62	63	108	#
245	449.287	15	21	22	23	29	31	109	#
246	561.261	22	23	28	29	31	43	109	#
247	545.22	15	22	23	31	39	62	109	#
248	538.351	22	31	38	39	47	53	109	#
249	430.114	21	22	23	29	30	48	109	#
250	420.806	13	21	22	29	30	31	109	#
251	655.167	8	16	17	24	25	26	27	32	34	53	61	110	#
252	804.408	16	17	18	25	26	27	28	29	35	36	43	110	#
253	794.414	17	18	26	27	28	29	34	35	36	37	42	110	#
254	777.501	16	17	24	25	26	32	33	40	41	42	48	110	#
255	734.498	11	36	37	44	45	46	53	54	55	62	63	110	#
256	719.506	16	17	18	24	25	26	32	33	34	40	48	110	#
257	109.866	52	61	111	#
258	137.83	61	62	111	#
259	108.752	44	52	111	#
260	1069.04	2	3	10	11	12	18	19	44	45	53	54	55	58	59	60	61	62	63	112	#
261	1324.12	20	28	29	37	39	44	45	46	47	51	52	54	55	59	60	61	62	63	112	#
262	1286.59	37	41	42	44	45	46	47	49	50	51	52	54	57	58	59	60	61	62	112	#
263	1284.3	20	28	29	30	31	35	36	37	38	39	44	45	46	47	54	55	62	63	112	#
264	1281.85	26	35	37	38	39	43	44	45	46	47	52	53	54	55	60	61	62	63	112	#
265	1280.53	24	28	32	35	36	37	38	42	44	45	47	50	51	53	55	61	62	63	112	#
266	349.02	1	2	3	4	9	17	113	#
267	437.094	0	1	2	8	9	17	113	#
268	395.197	0	1	2	3	4	12	113	#
269	366.8	0	1	2	3	8	9	113	#
270	340.593	0	1	2	8	9	16	113	#
271	329.314	8	9	16	17	18	60	113	#
272	541.092	26	34	35	42	43	49	50	114	#
273	601.607	18	26	34	35	43	50	51	114	#
274	587.501	25	26	32	34	35	43	51	114	#
275	584.688	24	32	49	50	51	57	58	114	#
276	527.274	26	34	35	42	43	51	52	114	#
277	508.298	25	26	28	32	34	35	36	114	#
278	416.541	0	1	2	3	4	9	10	12	18	115	#
279	560.007	3	4	5	6	12	13	14	15	21	115	#
280	549.378	0	1	2	8	9	17	25	26	32	115	#
281	523.978	3	4	5	6	11	12	13	14	21	115	#
282	484.167	0	1	8	9	10	16	17	24	25	115	#
283	473.622	0	1	2	3	9	10	17	18	19	115	#
284	149.815	44	45	116	#
285	223.301	38	45	116	#
286	155.825	43	44	116	#
287	835.898	6	12	13	21	22	28	29	30	37	38	46	117	#
288	873.239	3	11	12	13	20	21	22	29	30	40	41	117	#
289	842.992	6	22	29	30	31	36	37	38	43	45	46	117	#
290	840.24	29	30	35	36	37	38	43	45	46	51	53	117	#
291	824.187	21	22	28	29	30	36	38	39	45	46	47	117	#
292	818.113	20	21	22	27	28	29	30	31	38	40	41	117	#
293	661.495	42	43	49	50	51	52	58	59	118	#
294	665.957	12	13	41	42	43	48	49	50	118	#
295	649.996	48	49	50	51	52	58	59	60	118	#
296	648.501	4	6	12	13	14	21	58	59	118	#
297	616.953	18	26	35	42	43	50	51	59	118	#
298	565.649	49	50	51	52	59	60	61	62	118	#
299	642.871	43	51	52	53	54	62	63	119	#
300	651.391	36	37	45	52	53	62	63	119	#
301	546.111	35	36	37	42	43	51	59	119	#
302	530.462	42	43	45	51	52	53	61	119	#
303	511.745	46	47	53	54	55	62	63	119	#
304	486.457	2	10	18	19	39	62	63	119	#
305	455.832	6	14	22	23	25	120	#
306	494.401	6	7	13	14	22	120	#
307	484.761	14	15	21	22	23	120	#
308	389.599	5	6	12	13	14	120	#
309	386.736	20	21	22	29	37	120	#
310	281.226	17	24	25	32	33	120	#
311	172.355	28	29	121	#
312	201.67	28	38	121	#
313	127.896	21	29	121	#
314	469.294	19	24	25	26	32	34	40	41	122	#
315	547.024	41	48	49	50	56	57	58	59	122	#
316	546.515	25	32	40	41	48	56	57	58	122	#
317	484.909	27	28	34	35	36	37	42	45	122	#
318	457.38	8	16	17	18	19	24	25	32	122	#
319	425.718	17	19	24	25	26	27	32	34	122	#
320	5.67617	54	#
321	131.696	58	#
322	1721.03	0	1	2	3	4	8	9	10	11	12	16	18	19	20	24	25	26	27	28	29	32	33	35	40	44	52	59	60	61	123	#
323	2326.34	18	20	26	28	29	33	35	37	38	39	41	42	43	44	45	46	47	49	50	51	52	53	54	55	59	60	61	62	63	123	#
324	2199.69	18	19	20	26	28	29	35	36	37	38	42	43	44	45	46	47	50	51	52	53	54	55	57	58	59	60	61	62	63	123	#
325	2146.37	18	19	20	26	27	28	29	33	35	37	38	42	43	44	45	46	49	50	51	52	53	54	55	58	59	60	61	62	63	123	#
326	2116.24	3	5	6	11	12	16	20	24	26	27	28	29	35	36	37	38	42	43	44	45	49	50	51	52	53	54	57	58	59	123	#
327	2090.34	5	6	12	13	14	15	20	23	28	29	30	31	34	37	38	39	42	43	44	46	47	51	52	53	54	55	59	60	63	123	#
328	1945.89	22	26	27	29	30	31	33	34	35	36	37	41	42	44	45	46	47	49	50	51	52	53	54	55	57	58	59	60	61	62	63	124	#
329	2206.95	13	14	15	21	22	23	27	28	29	30	31	37	39	42	44	45	47	49	50	51	52	53	54	55	57	58	59	60	61	62	63	124	#
330	2179.77	14	15	17	18	21	22	23	28	29	30	31	36	37	39	44	45	47	48	49	50	51	52	53	54	55	58	59	60	61	62	63	124	#
331	2169.8	14	22	23	27	28	30	31	33	36	37	38	39	41	42	44	45	47	48	49	50	51	52	53	54	55	58	59	60	61	62	63	124	#
332	2158.87	14	19	20	22	23	26	27	28	30	31	34	36	37	39	42	44	45	46	47	49	50	51	52	53	54	55	58	59	60	62	63	124	#
333	2143.87	5	6	7	12	13	14	15	19	20	21	22	23	27	28	29	30	31	36	37	38	44	45	47	50	51	52	53	59	60	61	62	124	#
334	1221.78	26	33	34	35	37	43	44	45	51	52	53	54	59	60	61	62	63	125	#
335	1509.8	14	22	23	27	28	29	30	31	38	47	52	54	55	60	61	62	63	125	#
336	1427.74	25	26	30	31	38	47	49	50	51	52	54	55	59	60	61	62	63	125	#
337	1378.85	28	30	37	38	43	44	45	46	47	51	52	53	54	55	59	60	63	125	#
338	1364.72	27	28	37	44	45	47	50	51	52	53	54	55	59	60	61	62	63	125	#
339	1357.42	36	37	38	41	44	45	48	49	52	53	56	58	59	60	61	62	63	125	#
340	965.56	0	1	2	10	11	15	19	20	21	22	23	26	27	28	29	31	126	#
341	1209.91	10	16	17	18	19	24	25	26	27	34	49	50	51	57	58	59	126	#
342	1150.35	5	6	7	13	15	21	22	23	30	31	38	45	46	47	53	55	126	#
343	1061.45	8	10	16	18	19	20	21	24	25	26	27	28	36	37	48	49	126	#
344	1007.19	13	21	22	27	28	29	30	31	36	37	38	39	46	47	54	55	126	#
345	1001.32	13	14	20	21	22	23	28	29	30	31	36	38	46	47	54	55	126	#
346	439.042	3	4	11	12	19	20	27	28	127	#
347	595.94	19	20	28	35	36	37	44	45	127	#
348	510.505	4	6	10	11	12	14	19	20	127	#
349	466.74	2	3	4	11	12	19	20	28	127	#
350	391.401	10	11	17	18	19	20	26	27	127	#
351	383.485	11	18	19	26	27	34	35	42	127	#
352	48.571	2	3	4	#
353	246.169	31	39	47	128	#
354	281.887	22	31	39	128	#
355	260.224	39	47	55	128	#
356	225.624	23	31	39	128	#
357	168.691	5	13	129	#
358	171.857	12	13	129	#
359	787.125	1	2	4	10	11	12	16	17	18	19	20	24	25	26	27	35	130	#
360	1065.15	2	6	7	11	12	13	14	18	19	20	21	23	28	29	30	31	130	#
361	1060.28	0	1	2	10	11	19	20	21	22	26	29	30	31	35	37	39	130	#
362	1009.61	17	19	20	25	26	27	28	35	36	40	43	44	48	52	56	60	130	#
363	982.461	10	11	12	15	18	19	20	21	23	28	29	36	37	38	44	47	130	#
364	949.405	2	3	10	11	16	17	18	19	24	26	27	32	40	41	48	49	130	#
365	1846.46	17	18	20	24	25	26	27	28	32	33	34	35	36	40	41	42	43	44	45	46	47	48	49	50	56	57	58	59	131	#
366	2172.52	11	14	28	29	32	36	37	38	40	41	42	43	44	45	48	49	50	51	52	53	54	55	56	57	58	59	62	63	131	#
367	2142.42	12	17	19	20	21	22	23	28	29	30	31	36	38	39	42	43	45	46	47	51	52	53	54	55	59	61	62	63	131	#
368	2109.4	18	24	25	26	28	32	33	34	36	37	38	40	41	42	43	44	45	46	48	51	52	53	54	55	56	61	62	63	131	#
369	2096.07	10	17	18	24	25	26	28	32	34	36	40	41	42	43	44	45	48	49	50	51	52	53	56	57	58	59	61	62	131	#
370	2082.49	18	19	20	21	28	29	30	31	36	37	38	39	40	41	42	43	44	45	46	48	49	50	51	52	56	57	58	59	131	#
371	948.325	2	5	6	7	13	14	15	20	21	22	23	28	29	31	37	132	#
372	1192.76	0	4	18	19	20	27	28	36	37	44	45	46	52	53	54	132	#
373	1170.11	7	13	14	15	22	23	28	29	30	31	37	38	45	46	53	132	#
374	1128.73	11	18	19	20	24	26	27	28	29	32	33	34	37	40	45	132	#
375	1128.07	19	22	23	26	27	28	29	31	32	33	34	40	41	42	48	132	#
376	1045.06	4	5	13	19	20	21	22	27	28	29	31	45	46	53	54	132	#
377	703.984	7	13	14	21	22	23	29	30	31	133	#
378	787.783	15	22	23	28	29	30	31	38	39	133	#
379	779.056	20	21	22	23	29	30	31	38	39	133	#
380	758.702	13	20	21	22	23	28	29	30	31	133	#
381	756.248	20	21	22	28	29	30	31	36	38	133	#
382	753.322	14	21	22	23	28	29	30	31	38	133	#
383	115.224	32	33	40	#
384	1464.7	3	4	5	10	11	12	17	18	19	20	21	24	25	26	27	29	32	33	34	35	37	40	45	134	#
385	1659.35	5	6	10	11	12	13	14	19	20	21	22	23	26	29	30	31	37	38	39	45	46	47	55	134	#
386	1619.69	9	10	11	17	18	19	24	25	26	27	32	33	34	35	40	41	42	43	44	49	50	51	58	134	#
387	1584.44	4	5	8	9	10	11	12	17	18	19	20	24	25	26	27	34	35	36	37	43	44	45	52	134	#
388	1583.82	14	19	20	21	22	28	29	30	31	34	35	36	37	38	39	43	44	45	46	47	50	51	55	134	#
389	1573.49	4	9	10	11	12	17	18	19	20	24	25	26	27	33	34	35	36	41	42	43	50	51	58	134	#
390	263.938	28	29	30	31	135	#
391	302.236	15	23	30	31	135	#
392	290.636	27	28	36	37	135	#
393	280.321	28	29	30	37	135	#
394	261.694	22	29	30	37	135	#
395	575.97	5	12	13	14	15	20	21	22	29	136	#
396	738.447	10	18	20	21	22	26	29	30	33	136	#
397	729.962	14	20	21	22	29	30	53	54	55	136	#
398	656.645	20	21	22	28	29	30	31	37	44	136	#
399	649.876	5	6	7	13	14	15	21	29	37	136	#
400	643.69	12	20	21	22	29	30	38	46	47	136	#
401	200.119	19	20	27	137	#
402	235.651	6	20	28	137	#
403	231.93	18	19	27	137	#
404	206.654	10	19	20	137	#
405	1591.44	6	7	12	13	14	15	20	21	22	28	29	30	31	36	37	38	44	45	46	47	138	#
406	1686.61	5	6	7	12	13	14	15	20	21	22	23	28	29	30	36	37	41	42	43	45	138	#
407	1665.76	5	6	7	11	12	13	14	20	21	22	28	29	30	37	41	42	44	45	52	53	138	#
408	1657.45	12	14	20	21	22	27	28	29	30	35	36	37	38	42	43	44	45	47	52	53	138	#
409	1646.44	5	12	13	14	15	20	21	22	28	29	30	37	38	42	43	45	47	54	55	63	138	#
410	1634.01	20	22	28	29	30	36	37	42	43	44	45	46	50	51	52	53	54	55	61	63	138	#
411	552.157	5	13	18	21	25	26	27	32	33	139	#
412	599.175	17	18	24	25	26	27	32	33	34	139	#
413	595.395	24	25	26	27	32	33	35	40	41	139	#
414	543.375	17	19	20	24	25	26	27	28	33	139	#
415	541.713	16	18	24	25	26	27	28	34	35	139	#
416	516.061	25	26	27	30	31	32	33	34	35	139	#
417	1003.16	6	13	14	20	21	22	23	28	29	30	31	37	40	48	56	140	#
418	1268.77	10	26	33	35	41	47	48	49	50	51	55	58	59	60	63	140	#
419	1250.39	24	26	27	32	35	40	41	42	43	44	50	51	52	53	58	140	#
420	1210.61	5	6	7	14	15	21	22	23	30	31	38	39	47	55	63	140	#
421	1170.37	18	19	20	26	27	28	35	36	37	38	43	44	51	52	53	140	#
422	1159.78	10	12	17	18	19	20	21	22	23	26	28	30	31	37	38	140	#
423	642.267	37	38	45	46	47	54	55	62	63	141	#
424	779.273	44	45	51	52	53	54	60	62	63	141	#
425	741.023	37	38	44	45	47	51	52	59	61	141	#
426	720.992	28	35	37	43	44	45	51	52	61	141	#
427	686.737	37	38	39	45	47	54	55	62	63	141	#
428	649.105	31	37	38	39	47	54	55	62	63	141	#
429	241.319	6	7	#
430	1076.84	11	12	14	17	18	19	20	21	22	23	25	26	27	32	33	34	41	144	#
431	262.573	13	21	22	143	#
432	240.453	13	21	29	143	#
433	210.254	22	30	31	143	#
434	184.414	13	21	62	143	#
435	90.756	28	#
436	825.752	8	9	16	17	19	20	24	25	26	27	32	33	34	35	36	40	42	144	#
437	1218.92	17	18	24	25	26	27	28	32	33	34	37	40	41	42	48	49	50	144	#
438	1214.9	1	6	9	17	20	21	22	23	25	26	27	29	30	32	33	34	40	144	#
439	1193.28	17	18	19	24	25	26	32	33	34	35	40	41	42	43	48	49	50	144	#
440	1099.53	0	9	10	17	18	19	24	25	26	27	32	33	34	40	41	42	43	144	#
441	291.735	37	38	46	47	145	#
442	281.55	38	46	47	54	145	#
443	247.741	22	29	30	37	145	#
444	237.77	46	47	54	55	145	#
445	279.874	6	13	14	21	146	#
446	371.052	5	6	13	14	146	#
447	297.557	6	13	14	15	146	#
448	247.469	13	14	15	22	146	#
449	188.888	18	19	20	21	146	#
450	290.703	19	26	27	33	35	147	#
451	382.723	26	35	36	43	44	147	#
452	347.914	26	27	30	33	35	147	#
453	285.695	32	33	40	41	42	147	#
454	139.114	3	11	19	20	27	147	#
455	104.696	45	#
456	943.56	8	9	15	16	17	18	21	22	23	24	25	29	30	31	148	#
457	1166.7	14	17	20	21	22	23	25	28	29	30	36	37	44	52	148	#
458	1101.84	14	20	21	22	29	30	31	36	37	38	39	44	45	47	148	#
459	1101.05	21	22	23	29	30	31	36	37	38	39	44	45	46	47	148	#
460	1060.11	0	8	9	16	17	23	25	29	30	31	36	37	38	39	148	#
461	1049.65	12	13	20	21	22	27	28	29	30	31	53	57	58	59	148	#
462	155.397	24	25	32	149	#
463	191.97	24	32	40	149	#
464	129.077	1	#
465	264.073	8	16	17	18	25	150	#
466	371.365	17	18	25	26	34	150	#
467	333.467	8	9	10	17	18	150	#
468	305.407	8	9	16	17	52	150	#
469	277.928	18	19	25	26	27	150	#
470	235.731	0	1	8	9	16	150	#
471	776.87	20	21	22	28	29	30	35	36	43	151	#
472	792.445	28	29	35	36	37	43	44	47	52	151	#
473	780.3	21	22	23	28	29	30	36	40	44	151	#
474	723.229	21	22	28	29	30	36	37	41	42	151	#
475	707.605	20	22	27	28	29	35	36	43	44	151	#
476	705.268	27	28	35	36	43	44	45	52	53	151	#
477	311.421	38	46	47	54	152	#
478	375.111	46	47	53	54	152	#
479	346.558	46	47	54	62	152	#
480	294.009	46	54	61	62	152	#
481	187.744	30	38	45	46	152	#
482	643.401	28	35	36	44	46	54	55	62	63	153	#
483	723.185	38	46	47	48	53	54	55	62	63	153	#
484	719.751	38	46	47	53	54	55	61	62	63	153	#
485	674.778	38	39	45	46	47	53	55	61	63	153	#
486	667.487	38	44	45	46	47	54	55	62	63	153	#
487	646.696	19	20	26	28	29	30	34	35	36	153	#
488	324.16	52	53	60	154	#
489	275.139	45	53	61	154	#
490	204.971	59	60	61	154	#
491	464.66	7	13	14	15	22	25	155	#
492	541.555	7	14	15	22	23	31	155	#
493	494.426	7	15	21	22	23	29	155	#
494	487.776	7	13	14	15	22	30	155	#
495	416.448	4	5	6	7	12	13	155	#
496	414.939	15	21	22	23	30	31	155	#
497	1544.2	5	6	7	11	12	13	14	15	22	23	29	30	31	37	38	44	45	47	54	55	156	#
498	1699.59	3	4	5	6	7	12	13	14	15	22	23	29	37	44	45	50	51	53	59	60	156	#
499	1636.85	4	5	12	13	14	15	18	22	23	34	36	37	42	43	44	45	49	50	51	59	156	#
500	1623.4	14	16	19	22	24	25	26	29	32	35	36	37	38	42	43	44	45	50	57	58	156	#
501	1617.76	3	4	5	6	13	14	15	21	22	23	29	30	36	37	38	43	44	45	47	53	156	#
502	1605.09	5	6	12	13	14	15	21	22	23	36	37	44	45	51	52	53	54	58	59	61	156	#
503	762.65	28	36	37	38	44	45	52	53	61	157	#
504	829.414	28	31	37	38	39	45	46	47	53	157	#
505	744.951	5	36	37	38	39	42	43	44	47	157	#
506	743.722	36	37	44	45	52	53	61	62	63	157	#
507	718.953	7	36	37	44	45	52	53	61	62	157	#
508	681.733	37	44	45	52	53	59	60	61	62	157	#
509	236.717	10	11	18	19	32	158	#
510	336.337	10	11	12	13	18	158	#
511	323.481	16	24	32	40	41	158	#
512	311.5	10	18	35	36	43	158	#
513	231.797	11	12	13	19	20	158	#
514	168.628	11	12	19	20	27	158	#
515	162.436	23	31	159	#
516	175.474	31	39	159	#
517	116.499	15	23	159	#
518	116.194	52	60	160	#
519	73.9537	52	61	160	#
520	281.848	24	36	43	161	#
521	226.012	10	24	25	161	#
522	211.12	36	42	43	161	#
523	403.676	26	27	28	35	162	#
524	334.148	28	36	37	44	162	#
525	298.646	26	34	35	42	162	#
526	232.396	19	27	35	36	162	#
527	207.465	26	33	34	42	162	#
528	10.3599	20	#
529	192.736	33	41	49	163	#
530	274.993	49	50	58	163	#
531	198.266	33	41	48	163	#
532	195.285	24	32	33	163	#
533	111.453	13	#
534	133.252	26	#
535	75.2638	5	#
536	219.402	49	50	164	#
537	228.142	48	49	164	#
538	544.233	14	15	21	22	23	29	31	165	#
539	618.7	20	21	22	23	29	31	63	165	#
540	618.323	14	15	21	22	23	31	58	165	#
541	563.322	21	22	23	29	30	31	39	165	#
542	549.877	7	11	15	22	23	31	39	165	#
543	494.22	14	22	27	28	29	30	41	165	#
544	839.218	1	2	3	4	5	10	11	13	19	20	26	27	35	36	166	#
545	1228.07	4	5	7	13	14	15	20	21	22	23	28	29	50	51	166	#
546	1074.06	20	21	22	27	28	29	31	35	36	37	38	39	42	43	166	#
547	1036.6	1	2	3	4	5	6	7	13	14	15	21	22	26	29	166	#
548	1034.08	26	32	33	34	35	36	37	38	40	41	42	43	49	51	166	#
549	989.052	20	24	27	34	35	36	37	42	43	44	50	51	52	59	166	#
550	264.553	39	47	55	167	#
551	333.937	39	46	47	167	#
552	322.708	31	39	47	167	#
553	218.901	46	47	55	167	#
554	1089.49	2	11	41	42	48	49	50	51	52	57	58	59	60	168	#
555	1175.56	40	41	49	50	51	52	53	54	57	58	59	60	61	168	#
556	1152.59	2	3	22	29	37	44	45	51	52	53	58	59	60	168	#
557	1143.92	2	3	41	48	49	50	51	52	56	57	58	59	60	168	#
558	1122.41	4	48	49	50	51	52	53	54	56	57	58	59	61	168	#
559	1088.03	37	38	42	44	50	51	52	53	57	58	59	60	61	168	#
560	1408.39	21	29	30	36	37	38	39	45	46	47	51	52	53	54	60	61	63	169	#
561	1537.5	29	30	36	37	38	39	43	44	45	46	47	51	52	53	54	59	63	169	#
562	1491.8	13	14	19	20	21	22	23	27	28	29	30	37	38	45	46	47	53	169	#
563	1461.17	22	29	30	37	38	39	45	46	47	51	52	53	54	55	61	62	63	169	#
564	1458.38	3	11	12	13	21	22	29	30	37	38	39	46	47	53	54	55	63	169	#
565	1423.7	1	2	3	22	29	30	36	37	38	39	45	46	47	53	54	55	63	169	#
566	920.07	29	37	43	44	45	46	47	52	53	54	56	62	170	#
567	1053.9	36	37	38	43	44	45	46	47	51	52	53	60	170	#
568	1024.9	30	36	37	38	46	47	52	53	54	55	62	63	170	#
569	983.06	28	36	37	38	42	43	44	46	47	50	51	54	170	#
570	962.745	22	27	28	29	36	37	38	43	44	45	46	47	170	#
571	962.654	5	23	30	31	38	45	46	47	52	53	54	55	170	#
572	1190.25	0	1	8	9	11	12	16	17	18	19	24	25	26	27	28	32	33	34	35	40	48	171	#
573	1534.89	0	3	4	5	6	7	11	12	13	14	15	19	20	21	22	23	27	28	30	31	39	171	#
574	1531.36	3	11	12	16	17	19	20	24	25	26	27	28	29	32	34	35	37	38	40	48	49	171	#
575	1483.26	11	12	13	14	20	21	27	28	29	30	35	36	37	42	43	50	51	52	58	59	60	171	#
576	1427.11	3	7	11	12	19	20	26	27	28	29	30	32	33	34	35	37	40	42	43	44	48	171	#
577	1422.68	12	19	20	22	23	27	28	29	30	31	34	35	36	37	38	39	43	44	45	46	53	171	#
578	2078.43	0	9	10	11	16	17	18	19	20	26	27	28	34	35	36	37	43	44	45	46	49	50	51	52	53	54	58	59	60	61	172	#
579	2404.89	14	22	23	26	28	35	36	37	38	39	43	44	45	46	47	49	50	51	52	53	54	55	56	57	58	59	60	61	62	63	172	#
580	2348.51	7	10	11	19	26	27	28	29	35	36	37	41	42	43	44	45	46	49	50	51	52	53	54	55	58	59	60	61	62	63	172	#
581	2321.41	6	14	15	27	28	32	35	36	37	38	39	40	41	42	43	44	45	46	47	49	50	51	52	53	54	58	60	61	62	63	172	#
582	2320.52	1	4	5	6	7	14	15	23	28	29	31	36	37	38	39	44	45	46	47	50	51	52	53	54	55	59	60	61	62	63	172	#
583	2307.01	13	14	15	23	30	31	32	35	36	37	38	39	40	43	44	45	46	47	50	51	52	53	54	55	58	59	60	61	62	63	172	#
584	65.2781	31	#
585	1364.47	7	15	23	27	28	34	35	36	43	44	45	51	52	53	57	58	59	61	173	#
586	1481.07	6	7	12	13	15	21	23	41	42	43	48	49	50	51	56	57	58	59	173	#
587	1403.34	5	6	7	11	13	14	15	19	20	21	22	23	30	38	39	47	55	58	173	#
588	1378.64	12	19	20	27	28	35	36	40	41	43	48	49	50	51	56	57	58	59	173	#
589	1371.52	20	21	22	23	28	30	31	36	38	39	43	44	46	47	51	52	54	55	173	#
590	1345.72	4	5	10	12	13	18	19	20	21	28	35	36	42	43	44	51	58	59	173	#
591	1323.48	2	9	10	17	18	19	26	27	32	33	34	36	40	41	43	44	48	49	50	51	56	57	58	174	#
592	1629.66	5	6	7	13	21	22	24	29	30	31	36	37	38	44	45	46	52	53	54	55	61	62	63	174	#
593	1612.3	21	22	25	29	30	31	32	36	37	38	39	40	41	43	44	45	46	47	49	52	55	60	63	174	#
594	1596.55	21	22	29	30	31	35	36	37	38	39	43	44	45	46	47	48	49	50	51	52	53	55	60	174	#
595	1594.27	6	14	21	22	29	37	38	44	45	47	48	49	50	51	52	53	56	57	58	60	61	62	63	174	#
596	1542.63	0	1	2	3	4	5	8	9	10	12	13	14	16	22	37	38	44	45	49	50	51	52	58	174	#
597	176.515	26	34	42	175	#
598	245.08	18	19	26	175	#
599	220.215	34	42	43	175	#
600	184.721	19	26	34	175	#
601	881.524	12	16	17	18	19	20	24	25	26	27	32	33	34	35	40	176	#
602	1076.68	16	17	18	19	25	26	28	33	34	35	36	37	38	40	41	176	#
603	1045.36	16	17	18	24	25	26	32	33	34	35	40	41	42	49	57	176	#
604	1007.88	14	17	18	19	20	27	32	33	34	35	36	40	41	48	49	176	#
605	1007.62	18	19	20	26	27	28	32	33	34	35	37	38	40	41	42	176	#
606	1005.95	10	18	19	24	25	26	27	33	34	42	49	50	57	58	59	176	#
607	64.323	21	#
608	423.877	28	36	37	44	45	177	#
609	464.66	28	29	36	42	43	177	#
610	450.702	28	36	37	43	44	177	#
611	366.044	20	28	36	44	45	177	#
612	353.485	27	37	44	45	58	177	#
613	342.38	28	37	45	53	61	177	#
614	103.515	38	#
615	329.676	16	24	32	33	40	41	42	178	#
616	472.819	33	34	41	42	43	49	50	178	#
617	436.607	19	24	26	32	33	35	36	178	#
618	433.581	17	24	25	26	32	33	35	178	#
619	331.509	15	16	17	24	25	32	36	178	#
620	292.866	8	16	24	25	26	32	34	178	#
621	1418.7	0	1	2	3	4	5	6	8	9	10	11	12	13	14	17	19	22	24	25	26	27	28	35	36	43	179	#
622	1777.41	11	12	19	22	26	27	28	29	30	33	34	35	36	37	38	39	40	41	43	44	49	50	51	52	59	179	#
623	1767.69	7	12	13	14	15	21	22	23	28	29	30	31	36	37	38	39	42	43	44	46	50	51	52	59	60	179	#
624	1757.6	0	1	2	8	9	10	11	28	30	36	37	38	40	41	46	49	50	51	54	55	59	60	61	62	63	179	#
625	1751.11	4	5	6	7	14	21	22	27	28	29	30	31	36	37	38	39	43	44	45	46	53	54	55	62	63	179	#
626	1730.12	1	2	8	9	10	11	28	34	36	38	42	43	44	45	46	49	50	51	53	54	55	58	59	62	63	179	#
627	3512.42	5	6	7	10	12	13	14	15	17	18	19	20	21	22	23	24	27	28	29	30	31	32	34	35	36	37	38	39	40	41	43	44	45	46	47	48	49	50	51	52	53	54	55	56	57	58	59	61	62	63	180	#
628	3514.58	2	5	6	7	10	12	13	14	15	17	19	20	21	22	23	24	25	26	27	28	29	31	32	34	35	36	37	38	39	40	41	43	44	45	46	47	48	49	50	51	52	53	54	55	56	57	59	61	62	63	180	#
629	3476.01	0	1	7	9	12	13	14	15	16	17	18	19	20	21	22	23	24	25	26	27	28	29	30	31	32	34	36	37	38	39	41	42	44	45	46	47	48	49	50	51	52	53	54	55	56	57	59	61	62	63	180	#
630	3454.28	4	5	6	7	12	13	14	15	16	17	19	20	21	22	23	24	25	26	27	28	29	30	31	32	36	37	38	39	40	41	43	44	45	46	47	48	49	50	51	53	54	55	56	57	58	59	60	61	62	63	180	#
631	3441.63	0	7	9	10	13	14	15	16	17	18	19	21	22	23	24	25	27	28	29	30	31	32	34	37	38	39	40	41	42	43	44	45	46	47	48	49	50	51	52	53	54	55	56	57	58	59	60	61	62	63	180	#
632	3435.84	5	6	7	12	13	14	15	17	19	20	21	22	23	24	25	27	28	29	30	31	32	34	35	37	38	39	40	41	42	43	44	45	46	47	48	49	50	51	52	53	54	55	56	57	58	59	60	61	62	63	180	#
633	538.718	17	18	19	24	25	26	32	181	#
634	631.427	5	13	14	17	20	21	29	181	#
635	560.335	26	34	35	36	50	58	59	181	#
636	516.245	16	17	18	24	25	32	33	181	#
637	509.338	17	19	24	25	26	32	33	181	#
638	443.359	8	16	17	24	25	32	33	181	#
639	1489.58	14	18	19	26	27	28	29	30	31	33	34	35	36	37	38	39	42	44	45	46	47	49	52	55	56	57	182	#
640	1682.63	1	2	7	8	9	12	13	14	15	16	21	22	23	27	28	29	30	31	36	38	44	45	46	47	52	53	182	#
641	1681.92	13	14	15	21	22	23	30	31	36	37	38	39	44	45	46	47	49	50	51	52	53	55	57	60	61	62	182	#
642	1676.9	5	6	7	8	9	13	14	15	16	17	18	19	20	21	22	23	26	27	30	31	37	38	39	46	47	54	182	#
643	1652.1	11	25	26	31	34	37	38	39	40	41	42	45	46	47	48	49	50	52	53	54	55	57	58	61	62	63	182	#
644	1649	3	4	5	6	13	14	15	21	22	23	30	31	36	37	38	39	45	46	47	52	53	54	55	61	62	63	182	#
645	287.978	47	55	63	183	#
646	305.292	39	47	55	183	#
647	539.853	22	24	31	39	47	184	#
648	501.234	31	37	38	39	47	184	#
649	499.303	39	46	54	62	63	184	#
650	492.596	22	31	39	47	55	184	#
651	312.579	8	16	24	32	63	184	#
652	256.932	13	14	22	30	31	184	#
653	958.204	0	9	17	19	25	26	30	31	34	38	39	46	47	54	55	63	185	#
654	1348.59	22	28	31	36	38	39	43	44	45	46	47	53	54	55	62	63	185	#
655	1330.78	12	18	20	26	28	31	35	36	37	39	43	44	45	51	52	59	185	#
656	1175.57	23	28	31	37	38	39	44	45	46	47	53	54	55	61	62	63	185	#
657	1158.6	13	14	30	31	38	39	44	45	46	47	52	53	54	55	62	63	185	#
658	1133.27	36	38	39	43	44	45	46	47	52	53	54	55	60	61	62	63	185	#
659	294.828	20	28	37	186	#
660	301.728	22	29	37	186	#
661	282.956	24	28	36	186	#
662	186.644	20	21	29	186	#
663	304.615	0	1	2	3	4	8	9	11	187	#
664	399.539	2	3	4	9	10	11	17	18	187	#
665	386.167	2	3	4	11	17	18	19	20	187	#
666	378.842	0	8	9	10	11	17	18	19	187	#
667	377.69	8	9	10	16	17	18	25	26	187	#
668	613.634	3	4	5	6	12	13	14	15	23	188	#
669	654.192	4	5	6	7	12	13	14	15	23	188	#
670	644.561	5	6	7	13	14	15	21	23	31	188	#
671	639.081	5	6	7	13	14	15	21	22	23	188	#
672	592.868	5	6	7	8	13	14	15	16	21	188	#
673	577.83	0	2	3	9	10	11	17	18	19	188	#
674	682.278	0	22	23	28	29	30	31	37	189	#
675	729.526	6	7	13	14	21	22	29	30	189	#
676	711.901	14	15	22	23	28	29	30	37	189	#
677	676.127	6	7	14	15	21	22	23	31	189	#
678	584.549	22	23	31	34	35	42	46	50	189	#
679	575.702	20	21	22	27	28	29	35	37	189	#
680	218.939	40	41	190	#
681	184.809	41	49	190	#
682	778.603	29	33	35	36	37	43	44	45	52	53	191	#
683	887.47	6	14	22	23	29	30	31	36	37	38	191	#
684	829.007	27	28	29	35	36	37	38	39	44	52	191	#
685	790.508	12	20	21	22	28	29	30	31	37	39	191	#
686	716.779	35	36	37	44	45	51	52	59	61	62	191	#
687	689.857	19	21	26	28	29	35	36	37	43	51	191	#
688	743.884	35	36	42	43	50	51	58	59	192	#
689	741.862	18	26	28	30	31	35	36	43	192	#
690	740.542	28	29	35	36	37	43	44	51	192	#
691	733.849	26	34	41	42	43	50	51	58	192	#
692	710.89	28	29	34	35	36	37	42	43	192	#
693	705.778	35	36	37	42	43	50	51	59	192	#
694	181.304	23	31	193	#
695	138.302	22	31	193	#
696	106.2	15	23	193	#
697	85.2049	8	16	194	#
698	124.911	16	24	194	#
699	952.771	1	2	3	4	10	18	19	20	25	26	27	28	33	35	41	43	195	#
700	1345.65	27	28	35	36	42	43	44	45	46	47	50	52	53	58	59	61	195	#
701	1190.19	8	16	24	25	32	33	40	41	42	43	48	49	50	56	58	59	195	#
702	1155.24	4	12	13	20	22	27	28	29	30	31	35	39	42	43	47	50	195	#
703	1129.81	6	7	12	13	18	19	20	27	28	35	36	43	44	52	53	61	195	#
704	1123.24	12	19	20	22	27	28	29	30	35	36	41	42	43	48	50	63	195	#
705	117.382	15	23	196	#
706	165.289	23	31	196	#
707	1604.62	3	4	5	6	7	12	13	14	15	20	22	23	28	29	30	31	37	39	45	53	61	197	#
708	1759.16	5	6	7	13	14	15	17	20	21	22	23	26	28	29	30	31	35	36	37	44	45	197	#
709	1711.07	6	7	13	14	15	21	22	23	28	29	30	31	36	38	39	44	46	47	55	62	63	197	#
710	1710.36	5	6	7	13	14	15	21	22	23	28	29	30	31	36	37	38	39	44	45	47	55	197	#
711	1669.92	7	13	14	15	20	21	22	28	29	30	31	35	36	37	43	44	45	51	53	58	59	197	#
712	1662.03	5	6	7	13	14	15	20	21	28	29	35	36	37	43	44	45	53	60	61	62	63	197	#
713	1090.87	5	6	7	13	14	15	21	22	28	29	30	31	36	38	56	198	#
714	1357.92	6	7	13	14	15	21	22	23	28	29	30	31	38	46	47	198	#
715	1315.6	6	14	15	21	22	23	28	29	30	31	37	38	44	45	47	198	#
716	1256.8	5	6	7	14	21	22	28	29	30	31	37	40	43	44	52	198	#
717	1255.52	6	7	12	13	14	15	21	22	23	29	30	31	38	48	49	198	#
718	1210.38	5	6	7	12	13	14	15	21	22	23	30	31	38	46	47	198	#
719	51.0446	14	#
720	637.799	27	28	35	36	37	43	44	45	199	#
721	865.409	22	23	28	29	36	37	43	52	199	#
722	782.342	28	29	30	36	37	43	44	45	199	#
723	745.279	28	36	37	43	44	45	51	52	199	#
724	677.68	5	13	28	37	38	43	44	45	199	#
725	622.765	26	34	35	36	37	42	43	44	199	#
726	467.439	27	28	29	30	37	38	200	#
727	540.854	13	20	21	28	29	37	200	#
728	532.879	13	21	28	29	36	37	200	#
729	431.204	21	22	29	30	31	62	200	#
730	400.648	37	38	39	44	46	47	200	#
731	384.989	11	19	27	28	29	36	200	#
732	2284.11	21	28	29	30	31	33	34	35	36	37	38	39	40	41	42	43	44	45	47	48	49	50	51	52	53	54	55	56	57	58	59	60	61	63	201	#
733	2438.27	14	17	20	22	23	25	28	29	30	31	32	33	34	36	38	39	40	42	43	45	46	47	50	51	52	53	54	55	58	59	60	61	62	63	201	#
734	2396	6	7	8	12	13	14	15	16	17	20	21	22	23	24	29	30	31	32	39	40	45	46	49	52	53	54	55	56	57	58	59	60	61	63	201	#
735	2371.84	8	10	16	17	18	19	20	21	23	24	25	26	28	29	30	31	33	36	37	39	43	44	45	47	52	53	54	55	57	58	59	60	61	63	201	#
736	2282.17	3	17	18	19	20	27	28	29	33	34	35	36	37	38	39	40	41	42	43	44	45	47	49	50	51	52	53	54	55	58	59	60	61	63	201	#
737	2269.78	4	6	7	12	13	14	20	21	22	23	28	29	30	31	33	34	35	36	37	38	39	42	43	44	45	47	49	50	51	52	57	58	60	61	201	#
738	266.344	5	6	13	202	#
739	308.447	5	6	14	202	#
740	207.258	4	5	13	202	#
741	406.761	22	23	31	39	203	#
742	382.298	14	22	23	31	203	#
743	352.543	38	39	45	46	203	#
744	347.12	14	21	22	29	203	#
745	502.839	0	8	9	10	16	17	18	19	24	25	204	#
746	739.658	11	19	25	26	27	28	33	41	42	48	204	#
747	721.853	0	1	2	16	17	18	24	25	26	58	204	#
748	648.291	0	1	2	9	10	17	18	19	25	26	204	#
749	648.255	1	2	16	19	24	25	26	27	28	35	204	#
750	639.442	0	1	2	8	16	17	18	24	25	26	204	#
751	641.787	26	27	32	33	34	40	41	42	48	56	57	205	#
752	938.922	19	20	26	27	28	32	33	35	40	41	48	205	#
753	882.488	26	32	33	35	40	41	48	56	57	58	59	205	#
754	848.023	6	7	10	19	26	27	28	34	35	36	37	205	#
755	770.907	26	27	33	34	35	40	41	42	48	50	58	205	#
756	740.26	11	19	26	27	32	33	40	41	42	48	49	205	#
757	471.989	2	3	4	5	12	13	21	29	60	206	#
758	690.341	3	4	5	6	13	14	22	30	31	206	#
759	599.77	11	12	14	18	19	20	21	22	29	206	#
760	596.5	5	6	12	13	14	20	21	22	38	206	#
761	592.943	36	43	44	52	53	59	60	61	62	206	#
762	548.8	0	2	6	8	9	10	18	19	20	206	#
763	122.173	53	#
764	1104.94	8	16	17	24	25	26	32	33	34	35	36	43	44	45	46	51	52	53	207	#
765	1552.04	26	27	33	34	35	36	40	41	43	44	45	48	49	50	51	52	58	59	207	#
766	1522.6	8	16	17	24	40	41	43	44	45	48	49	50	51	52	56	57	58	59	207	#
767	1517.62	20	28	35	36	40	41	43	44	45	49	50	51	52	53	58	59	60	61	207	#
768	1459.84	35	36	40	41	43	44	45	48	49	51	52	53	54	58	59	60	61	62	207	#
769	1437.74	26	28	29	30	35	36	37	41	42	43	44	50	51	52	53	58	59	60	207	#
770	1448.37	2	3	4	5	8	9	10	11	12	13	15	16	17	18	19	20	25	26	27	28	29	32	33	34	35	36	37	38	40	45	208	#
771	2038.73	4	5	6	7	12	13	14	19	20	22	23	28	29	30	31	36	37	38	44	45	46	47	50	51	53	54	55	61	62	63	208	#
772	1983.7	3	4	5	6	7	11	12	13	14	15	20	21	22	23	28	29	31	36	37	38	44	45	46	51	52	53	54	55	61	63	208	#
773	1961.23	0	4	5	12	13	14	20	21	22	23	28	29	30	31	35	36	37	38	39	41	44	45	47	49	50	51	52	58	60	61	208	#
774	1933.16	12	18	20	25	26	28	29	33	34	35	36	37	38	44	45	46	47	49	50	51	52	53	54	55	58	59	60	61	62	63	208	#
775	1878.97	0	1	2	3	4	5	6	7	8	9	10	11	12	13	14	15	17	20	21	22	25	28	29	31	36	37	38	39	45	46	208	#
776	719.46	1	2	3	4	5	10	11	12	13	18	19	20	21	29	36	209	#
777	972.07	5	13	14	21	22	29	30	31	36	37	44	45	52	53	61	209	#
778	944.558	3	4	5	12	13	20	21	22	29	30	31	37	39	44	45	209	#
779	944.429	3	4	5	13	21	22	29	30	31	36	37	38	45	53	61	209	#
780	919.384	4	5	12	13	14	15	20	21	22	23	29	30	31	38	39	209	#
781	875.233	27	32	35	36	37	40	41	42	43	44	45	50	51	53	61	209	#
782	932.336	11	35	36	42	43	49	50	51	52	53	58	210	#
783	1014.71	16	17	25	26	28	35	36	37	43	44	52	210	#
784	903.308	28	35	36	40	41	42	43	44	48	50	51	210	#
785	855.012	4	5	6	13	21	22	48	49	56	57	58	210	#
786	847.263	37	43	44	45	51	52	53	54	60	61	63	210	#
787	790.272	23	25	26	28	33	35	36	42	43	44	51	210	#
788	229.98	39	47	211	#
789	245.921	17	39	211	#
790	146.265	46	47	211	#
791	1064.3	28	29	30	37	38	39	45	46	47	51	59	60	212	#
792	1183.69	28	30	36	37	38	39	43	45	46	47	55	63	212	#
793	1085.07	30	31	36	37	38	39	43	45	46	47	53	61	212	#
794	1064.92	14	15	22	23	29	30	31	36	37	38	45	46	212	#
795	1060.82	20	21	23	28	29	30	31	36	37	38	40	62	212	#
796	1058.64	29	30	37	38	39	45	46	47	54	55	62	63	212	#
797	77.9381	27	35	213	#
798	114.893	34	35	213	#
799	57.6393	19	#
800	519.723	18	38	46	54	55	62	63	214	#
801	656.15	28	36	37	38	44	46	47	214	#
802	540.675	31	39	46	47	55	62	63	214	#
803	524.728	38	47	54	55	61	62	63	214	#
804	521.072	15	38	46	54	55	62	63	214	#
805	500.162	13	21	29	60	61	62	63	214	#
806	2027.01	1	4	5	6	7	13	14	15	20	21	22	23	28	31	35	36	37	38	39	46	47	53	54	63	215	#
807	2024.06	14	15	22	23	28	31	35	36	37	38	39	44	45	46	47	52	53	54	58	59	60	61	62	63	215	#
808	1992.47	4	5	6	7	14	15	20	21	22	23	26	27	28	29	31	33	36	37	39	43	44	45	52	53	215	#
809	1988.68	21	22	27	28	29	36	37	38	41	42	44	45	46	50	51	52	53	54	58	59	60	61	62	63	215	#
810	1940.51	4	5	13	14	20	21	22	23	28	29	30	31	35	36	37	38	39	43	44	46	52	53	54	56	215	#
811	1910.19	2	15	20	23	27	28	38	42	44	45	46	47	48	49	50	52	53	54	58	59	60	61	62	63	215	#
812	424.736	2	10	18	19	57	58	216	#
813	469.081	41	49	50	51	57	58	216	#
814	413.571	42	50	51	57	58	59	216	#
815	388.571	10	17	18	19	25	26	216	#
816	386.417	2	3	10	18	19	20	216	#
817	315.388	2	10	32	33	40	48	216	#
818	223.334	26	27	33	35	217	#
819	319.934	19	27	28	29	217	#
820	275.766	18	26	27	35	217	#
821	270.784	35	42	43	50	217	#
822	188.175	33	34	41	42	217	#
823	1983.95	14	22	23	28	29	31	36	37	38	39	44	45	46	47	50	51	52	53	54	55	61	62	63	218	#
824	1975.11	6	21	22	23	29	30	31	36	37	38	39	43	44	45	46	47	51	52	54	55	57	58	63	218	#
825	1971.16	3	4	5	6	7	12	13	14	15	22	23	31	37	38	39	47	52	53	54	55	61	62	63	218	#
826	1959.63	35	36	37	38	39	43	44	45	46	47	49	50	51	52	53	54	55	57	58	59	61	62	63	218	#
827	1946.32	7	15	22	23	28	29	30	31	36	37	38	39	44	46	47	51	52	53	54	55	61	62	63	218	#
828	1925.96	7	15	22	23	29	30	31	36	37	38	39	41	44	45	46	47	49	52	54	55	61	62	63	218	#
829	1048.34	10	11	17	18	19	22	26	27	28	29	30	33	34	36	37	219	#
830	1206.18	18	19	24	26	27	28	32	33	35	36	37	40	41	43	44	219	#
831	1144.28	22	26	27	28	29	30	31	35	36	37	38	43	44	47	54	219	#
832	1141.78	14	22	23	26	27	28	29	30	31	34	37	38	39	47	51	219	#
833	1129.5	1	9	10	14	18	19	20	22	26	27	28	29	35	36	37	219	#
834	1128.75	17	18	19	26	27	33	34	35	38	41	43	50	51	52	59	219	#
835	228.562	17	18	#
836	141.447	39	#
837	207.71	62	63	#
838	990.683	7	15	23	25	26	34	35	40	41	42	48	49	220	#
839	1013.02	34	35	41	42	43	48	49	50	56	57	58	61	220	#
840	1011.31	8	34	36	37	40	41	42	43	48	49	56	57	220	#
841	1001.96	26	33	34	35	41	42	43	48	49	50	57	58	220	#
842	963.087	12	13	14	33	35	40	41	43	48	49	50	52	220	#
843	954.29	22	23	24	28	29	30	31	36	37	38	39	45	220	#
844	137.009	48	#
845	395.867	16	24	25	26	32	34	35	40	221	#
846	532.811	16	24	25	26	32	40	41	48	221	#
847	490.63	10	11	19	27	35	37	43	44	221	#
848	460.727	8	16	24	25	32	40	41	48	221	#
849	429.492	33	40	41	42	48	50	56	58	221	#
850	415.662	24	25	26	27	32	33	35	43	221	#
851	464.895	21	28	29	36	37	38	222	#
852	519.738	28	30	37	38	39	44	222	#
853	495.118	13	15	21	22	23	29	222	#
854	465.253	38	45	46	47	53	55	222	#
855	389.696	20	27	28	37	44	45	222	#
856	378.738	18	19	20	21	22	27	222	#
857	721.452	11	12	13	14	20	21	22	29	30	223	#
858	846.946	5	13	14	21	22	23	29	31	39	223	#
859	830.33	11	12	13	14	20	21	22	29	31	223	#
860	797.607	4	5	6	10	12	13	14	55	63	223	#
861	744.693	10	11	12	13	14	19	20	21	58	223	#
862	729.753	14	21	22	23	29	30	31	37	63	223	#
863	770.406	31	35	36	38	43	44	45	46	47	54	61	62	63	224	#
864	983.753	32	33	40	41	42	43	46	48	49	50	51	58	59	224	#
865	940.185	39	46	47	49	50	54	55	58	59	60	61	62	63	224	#
866	909.457	8	19	27	28	36	38	39	43	44	45	46	47	51	224	#
867	904.895	13	26	27	28	33	34	35	36	41	42	43	50	51	224	#
868	903.965	14	15	23	28	30	31	36	37	38	39	45	46	47	224	#
869	417.82	32	40	41	48	49	56	57	225	#
870	536.394	40	41	42	43	44	48	56	225	#
871	531.184	41	48	49	56	57	58	59	225	#
872	469.31	41	48	49	50	56	57	58	225	#
873	466.434	26	33	40	41	48	49	56	225	#
874	456.103	40	41	42	48	49	56	57	225	#
875	3265.59	3	4	5	6	7	8	11	12	13	14	15	16	18	19	20	21	22	23	24	25	26	27	28	29	30	31	32	33	34	35	36	37	38	39	40	42	43	44	45	46	47	48	49	50	51	52	54	55	56	57	58	59	60	61	62	63	226	#
876	3385.55	0	1	2	3	4	5	6	7	9	11	12	13	14	15	18	19	20	21	22	23	24	25	26	27	28	29	30	31	32	33	34	35	36	37	38	39	40	42	43	44	45	46	47	48	49	50	51	52	54	55	56	57	58	59	62	63	226	#
877	3384.78	0	1	2	3	4	5	6	7	8	9	10	11	12	13	14	15	18	19	20	21	22	23	24	25	26	27	29	31	33	34	35	36	37	38	39	40	41	42	43	44	45	46	48	49	50	51	52	54	55	56	57	58	59	61	62	63	226	#
878	3370.55	0	1	3	4	5	6	8	9	11	12	13	14	15	16	17	18	19	20	22	23	24	26	27	28	29	31	32	33	34	35	36	37	39	40	41	42	43	44	45	46	48	49	50	51	52	53	54	55	56	57	58	59	60	61	62	63	226	#
879	3361.21	3	4	5	6	7	11	12	13	14	15	16	18	19	20	21	22	23	24	25	26	27	28	29	30	31	32	33	34	35	36	37	38	39	40	41	42	43	44	45	46	47	48	49	50	51	52	53	54	55	56	57	58	59	61	62	63	226	#
880	3350.3	0	1	2	3	4	5	6	7	8	9	11	12	13	14	15	16	17	18	19	20	21	22	23	24	25	26	27	28	29	30	31	32	33	34	35	36	37	39	40	42	43	44	45	48	49	50	51	52	54	55	56	57	58	59	62	63	226	#
881	234.82	2	3	9	10	11	227	#
882	248.256	2	3	4	10	11	227	#
883	229.866	2	3	10	11	19	227	#
884	219.555	3	4	10	11	19	227	#
885	205.045	2	3	8	9	10	227	#
886	373.576	4	12	20	27	28	37	228	#
887	509.031	28	36	37	38	43	46	228	#
888	499.206	9	28	37	38	45	46	228	#
889	407.022	3	4	9	10	11	17	228	#
890	387.438	2	10	11	19	20	28	228	#
891	372.382	3	4	10	11	12	13	228	#
892	1609.4	10	17	18	19	24	25	26	27	28	32	33	34	36	37	38	39	40	41	42	43	44	48	49	50	51	56	58	59	229	#
893	1781.51	21	22	28	29	31	34	36	37	39	40	41	42	43	44	45	46	47	49	50	51	52	53	54	55	59	60	61	62	229	#
894	1724.62	13	21	22	26	28	29	31	32	33	34	36	37	40	41	42	43	44	48	49	50	51	52	53	54	56	57	58	59	229	#
895	1717.39	10	14	16	17	18	22	24	25	28	29	32	33	34	36	37	39	40	41	42	43	44	45	46	47	48	49	50	58	229	#
896	1716.16	13	14	15	21	22	25	27	28	29	30	31	32	36	37	38	39	44	45	46	47	52	53	54	55	59	60	61	62	229	#
897	1711.84	0	9	10	13	19	21	22	27	28	29	36	37	38	42	44	45	46	47	49	50	51	52	53	54	59	60	61	62	229	#
898	339.675	17	24	25	32	40	230	#
899	379.772	25	26	27	28	33	230	#
900	347.153	24	25	32	40	41	230	#
901	340.126	33	40	41	42	48	230	#
902	336.443	8	16	17	24	25	230	#
903	222.039	8	9	16	17	24	230	#
904	222.787	9	17	24	25	231	#
905	236.539	10	17	18	26	231	#
906	980.045	2	3	10	11	16	17	19	24	25	26	27	28	32	33	36	41	232	#
907	1072.48	21	22	23	25	26	27	28	29	30	31	36	37	44	45	46	52	232	#
908	1067.03	2	3	8	9	10	16	17	19	24	25	26	27	28	29	34	37	232	#
909	1048.7	2	3	4	5	6	8	9	10	12	13	17	19	21	22	25	27	232	#
910	1033.27	2	8	9	10	16	17	19	24	25	26	27	32	34	41	42	48	232	#
911	1023.96	2	3	4	8	9	10	12	16	17	19	20	24	25	27	28	36	232	#
912	180.248	11	19	26	233	#
913	246.319	24	26	33	233	#
914	229.323	10	19	26	233	#
915	131.785	4	11	12	233	#
916	328.788	0	1	2	9	10	11	234	#
917	373.108	0	1	2	8	9	17	234	#
918	369.155	0	1	8	9	10	11	234	#
919	355.652	4	9	10	11	12	17	234	#
920	353.654	4	6	11	12	13	21	234	#
921	329.858	1	2	3	4	9	10	234	#
922	132.262	20	21	235	#
923	90.2448	12	20	235	#
924	1089.15	10	11	12	18	19	26	32	33	34	36	40	41	42	43	48	49	63	236	#
925	1343.52	23	28	31	37	38	39	45	46	47	52	53	54	55	60	61	62	63	236	#
926	1315.68	17	25	26	32	33	34	40	41	42	48	49	50	51	52	58	59	60	236	#
927	1279.61	5	6	13	25	26	32	34	35	36	37	43	44	50	51	52	58	59	236	#
928	1276.01	32	33	36	37	38	40	41	42	43	44	48	49	50	51	57	58	59	236	#
929	1254.67	21	22	23	29	30	31	34	36	37	38	39	41	42	43	44	46	47	236	#
930	2051.21	1	16	17	19	20	24	25	26	27	28	33	35	36	37	40	42	43	44	45	48	49	50	52	53	54	55	57	59	60	61	237	#
931	2263.28	6	7	10	14	17	18	19	22	23	24	25	28	32	33	36	37	40	42	43	44	45	48	49	50	51	52	56	57	58	59	237	#
932	2218.28	5	6	13	14	20	21	27	28	31	36	37	38	39	43	44	45	46	47	48	49	50	52	53	54	55	57	58	59	60	61	237	#
933	2163.43	5	6	7	12	13	14	15	28	34	36	37	42	43	44	45	46	47	48	49	50	52	53	54	55	56	57	58	59	60	61	237	#
934	2070.31	19	20	27	28	36	37	38	39	40	42	43	44	45	46	47	48	49	50	52	53	54	55	56	57	58	59	60	61	62	63	237	#
935	2061.94	10	18	19	20	21	27	28	36	37	38	39	42	43	44	45	46	47	48	49	50	51	52	53	54	55	56	57	58	60	63	237	#
936	370.21	34	35	43	44	51	238	#
937	434.309	35	43	44	45	51	238	#
938	399.681	43	51	58	59	60	238	#
939	365.166	10	17	18	35	43	238	#
940	339.194	2	20	28	29	43	238	#
941	313.236	18	26	33	34	41	238	#
942	151.352	17	25	#
943	700.488	36	43	51	52	53	59	60	61	239	#
944	809.333	29	36	37	43	44	45	52	53	239	#
945	733.098	10	18	49	50	51	52	53	58	239	#
946	695.359	13	27	35	36	37	43	44	52	239	#
947	691.089	43	44	51	52	53	59	60	61	239	#
948	657.875	27	35	36	43	51	52	59	61	239	#
949	661.783	44	45	47	52	53	54	60	61	62	63	240	#
950	879.535	31	39	47	52	53	54	55	61	62	63	240	#
951	840.02	7	15	47	52	53	54	55	61	62	63	240	#
952	835.663	34	42	47	52	53	54	55	61	62	63	240	#
953	818.006	14	22	30	38	47	54	55	61	62	63	240	#
954	765.823	47	52	53	54	55	59	60	61	62	63	240	#
955	346.396	0	2	3	9	10	11	17	18	241	#
956	503.418	9	10	17	18	19	20	21	28	241	#
957	486.011	2	9	10	17	18	19	20	28	241	#
958	431.58	0	8	9	10	17	18	25	26	241	#
959	429.792	8	9	10	17	18	19	25	26	241	#
960	399.845	11	12	19	20	21	29	30	31	241	#
961	1662.76	2	3	5	6	7	10	11	12	13	14	18	19	20	22	27	28	29	30	35	36	37	43	44	51	52	242	#
962	1883.98	3	4	5	6	7	10	11	12	13	14	15	20	22	23	28	29	30	31	37	38	39	44	47	52	61	242	#
963	1876	4	5	6	7	10	11	12	13	14	15	19	22	23	29	30	31	37	38	39	44	47	52	53	61	62	242	#
964	1850.28	4	5	6	7	13	14	15	20	22	23	26	27	28	29	30	31	35	36	37	38	39	43	44	45	47	242	#
965	1785.4	2	3	4	5	6	7	9	10	11	12	14	17	19	20	25	26	34	35	41	42	48	49	56	57	58	242	#
966	1778.2	2	6	7	10	14	18	19	20	22	26	28	29	30	33	34	35	36	37	38	42	43	44	50	52	61	242	#
967	890.783	0	1	2	3	8	9	10	11	12	13	16	17	19	27	28	243	#
968	1118.84	0	1	2	9	10	11	12	13	17	19	20	25	26	41	48	243	#
969	1003.38	0	1	6	9	10	11	12	13	19	20	27	52	61	62	63	243	#
970	994.814	0	1	2	9	10	11	12	13	14	19	20	35	36	37	43	243	#
971	979.338	0	1	2	8	9	10	16	17	19	24	25	32	40	41	53	243	#
972	924.164	0	1	2	3	8	9	10	11	12	16	17	19	20	33	41	243	#
973	226.864	40	48	56	244	#
974	274.418	40	41	48	244	#
975	174.764	48	49	56	244	#
976	1461.1	19	20	21	26	27	29	30	35	36	37	43	44	46	51	52	53	54	59	60	61	62	63	245	#
977	1698.52	4	5	6	7	12	34	35	42	43	44	49	50	51	52	53	57	58	59	60	61	62	63	245	#
978	1688.13	5	6	7	14	15	38	39	43	44	46	50	51	52	53	54	55	58	59	60	61	62	63	245	#
979	1681.1	26	27	29	35	36	37	43	44	46	49	50	51	52	53	54	57	58	59	60	61	62	63	245	#
980	1677.75	6	14	21	22	29	30	38	39	46	47	48	49	52	53	54	56	57	58	59	61	62	63	245	#
981	1637.39	32	35	38	39	42	43	44	46	49	50	51	52	53	54	56	57	58	59	60	61	62	63	245	#
982	44.2982	46	#
983	561.602	4	6	12	13	21	29	37	246	#
984	702.707	6	7	13	14	22	23	29	246	#
985	627.161	12	13	14	21	22	29	30	246	#
986	614.327	21	22	28	29	30	37	45	246	#
987	518.126	6	12	13	14	15	21	23	246	#
988	495.803	37	38	39	44	45	46	47	246	#
989	702.811	22	30	38	39	46	47	54	55	63	247	#
990	714.998	30	38	39	45	46	53	54	55	63	247	#
991	684.82	38	44	46	52	53	54	55	61	63	247	#
992	673.176	30	38	39	46	47	54	55	62	63	247	#
993	672.804	22	30	38	46	53	54	55	61	63	247	#
994	672.31	22	30	31	36	38	39	43	46	54	247	#
995	550.632	18	26	27	28	35	36	248	#
996	583.794	17	18	25	26	27	35	248	#
997	514.455	21	26	27	28	35	36	248	#
998	475.623	26	27	28	33	35	36	248	#
999	428.279	24	25	26	27	34	35	248	#
1000	418.36	26	27	28	34	35	36	248	#
