%% File generated by CATS v.2.1Wed Jun 22 10:37:43 2022

%% The CATS webpage is http://robotics.stanford.edu/CATS

%% PARAMETER SETTINGS:
% Goods: 64; Bids: 1000; Distribution: regions; Runs: 1; Seed: 1656572930
% Regions Distribution Parameters:
% Max Substitutable Bids = 5
% Removing HV Neighbor   = 0.1
% Adding DIAG Neighbor   = 0.2
% Additional Location    = 0.9
% Jump Probability       = 0.05
% Additivity             = 0.2
% Budget Factor          = 1.5
% Resale Factor          = 0.5
% Normal Private Value:
%   Mean                 = 0
%   Standard Deviation   = 30



goods 64
bids 1004
dummy 184

0	1852.77	1	2	3	4	5	6	7	9	10	11	12	13	14	15	17	18	19	20	21	22	23	25	26	27	28	29	30	33	35	38	48	49	50	58	64	#
1	2168.13	1	5	6	9	10	11	12	13	14	16	17	19	20	21	22	25	26	27	28	30	31	33	34	35	36	37	38	42	43	44	45	46	50	51	64	#
2	2139.9	1	2	3	4	5	6	7	8	9	10	11	12	13	14	16	17	19	20	21	24	27	28	29	30	31	34	35	36	37	39	42	46	47	55	64	#
3	2087.24	1	2	8	9	13	16	17	18	20	21	24	25	26	27	28	29	30	31	33	34	35	36	38	39	43	44	45	46	53	54	55	61	62	63	64	#
4	2055.28	3	4	5	6	7	11	12	13	14	15	19	20	21	22	23	24	27	28	29	30	31	36	37	38	39	44	45	46	47	52	54	55	58	63	64	#
5	2045.39	2	3	4	5	6	10	11	12	13	14	19	20	21	23	27	28	29	30	31	33	34	35	36	37	38	39	40	41	44	45	46	48	49	56	64	#
6	656.723	18	26	27	32	33	34	40	41	42	65	#
7	768.154	26	27	28	29	33	34	35	46	47	65	#
8	697.908	10	11	16	17	18	26	27	33	34	65	#
9	679.208	10	17	18	25	26	27	33	34	35	65	#
10	670.825	4	11	12	25	32	33	34	41	42	65	#
11	649.9	26	33	34	41	49	56	57	58	63	65	#
12	197.955	57	58	#
13	118.25	58	#
14	186.673	25	26	67	#
15	155.408	26	27	67	#
16	377.759	5	6	7	12	13	14	15	20	21	29	68	#
17	554.977	1	2	6	14	15	20	21	22	23	31	68	#
18	536.702	5	6	7	15	23	30	31	38	39	47	68	#
19	536.052	5	6	7	14	15	22	23	30	38	39	68	#
20	514.008	5	6	7	14	15	21	22	23	29	30	68	#
21	392.711	3	4	5	6	12	13	20	27	28	37	68	#
22	1239.16	19	25	27	33	34	35	36	37	38	41	43	44	45	50	51	56	59	69	#
23	1370.64	12	13	19	20	26	27	28	34	35	37	43	44	45	46	51	53	61	69	#
24	1364.06	11	19	20	22	23	27	28	29	30	33	34	35	37	38	43	44	45	69	#
25	1300.83	26	27	28	34	35	37	41	42	43	44	45	51	52	54	55	61	62	69	#
26	1224.36	2	9	10	17	18	19	20	25	26	27	28	29	34	35	36	37	44	69	#
27	1171	18	21	25	26	27	28	29	33	34	35	36	42	43	44	47	50	51	69	#
28	191.383	23	30	31	39	70	#
29	285.166	28	29	30	31	70	#
30	277.206	39	47	55	63	70	#
31	247.706	22	23	29	30	70	#
32	240.539	4	5	6	7	14	15	71	#
33	348.026	3	4	5	7	11	12	71	#
34	241.149	5	6	7	14	15	21	71	#
35	227.052	6	7	14	15	20	21	71	#
36	186.088	4	5	6	13	14	15	71	#
37	155.728	5	6	13	14	37	49	71	#
38	240.021	28	29	37	72	#
39	325.673	27	28	37	72	#
40	240.781	37	38	46	72	#
41	217.985	20	28	29	72	#
42	277.637	29	30	31	39	73	#
43	349.955	21	28	29	30	73	#
44	278.051	15	23	30	31	73	#
45	263.259	12	13	21	29	73	#
46	205.55	31	38	39	47	73	#
47	405.731	21	22	23	30	38	39	45	46	47	54	55	74	#
48	582.654	38	39	46	47	52	53	54	55	59	62	63	74	#
49	558.638	22	23	30	31	37	38	39	45	46	47	55	74	#
50	551.748	14	15	22	23	25	30	31	37	38	39	47	74	#
51	548.373	6	7	14	15	19	27	38	39	45	46	63	74	#
52	514.754	5	11	12	13	20	21	22	24	30	31	32	74	#
53	105.867	43	#
54	625.608	45	46	47	52	53	54	55	59	60	61	62	75	#
55	923.788	38	39	45	46	47	53	54	55	61	62	63	75	#
56	915.934	30	31	39	46	47	53	54	55	60	61	62	75	#
57	905.387	26	32	33	34	38	46	47	54	55	62	63	75	#
58	887.734	31	39	45	46	47	52	53	54	55	62	63	75	#
59	874.662	38	39	46	47	53	54	59	60	61	62	63	75	#
60	174.443	34	#
61	172.567	42	43	#
62	640.359	1	8	9	10	16	17	25	26	27	32	33	40	48	235	#
63	1170.53	6	9	11	12	13	14	15	17	19	20	21	22	23	27	28	29	30	31	39	47	77	#
64	1411.3	2	3	4	5	6	7	12	13	14	15	19	20	21	22	23	28	34	35	42	43	77	#
65	1318.47	4	5	6	11	12	13	14	20	21	22	23	28	29	30	31	36	37	38	39	45	77	#
66	1310.52	10	11	12	13	14	19	20	21	22	27	28	29	30	31	35	36	42	43	44	51	77	#
67	1305.6	2	3	4	5	6	7	12	13	14	15	20	21	22	23	28	30	31	35	36	44	77	#
68	1290.22	4	5	10	11	12	14	19	20	21	27	28	29	33	34	35	36	44	52	53	54	77	#
69	133.356	29	#
70	151.954	13	21	29	78	#
71	142.139	21	22	30	78	#
72	73.6814	0	#
73	1369.69	5	6	11	17	18	25	26	27	32	33	34	35	36	40	41	42	43	44	48	49	50	51	56	57	58	59	60	61	62	79	#
74	1677.28	14	21	22	23	26	27	28	29	30	34	35	36	43	44	45	46	48	49	50	51	52	53	54	57	58	59	60	61	62	79	#
75	1663.89	19	20	21	26	27	28	29	32	33	34	36	37	38	39	41	43	44	45	46	47	52	53	54	55	56	57	60	61	62	79	#
76	1543.7	25	26	28	29	32	33	34	35	36	37	38	39	40	41	42	43	44	45	46	48	49	50	51	52	56	57	58	59	60	79	#
77	1535.01	26	27	28	29	32	33	34	35	36	37	42	43	44	45	46	48	49	50	51	52	53	54	56	57	58	59	60	61	62	79	#
78	1517.92	0	4	5	6	7	8	13	14	15	16	17	20	21	22	23	29	36	43	44	45	46	50	51	52	58	59	60	61	62	79	#
79	142.511	5	6	#
80	28.6604	51	59	80	#
81	42.2331	43	51	80	#
82	148.452	31	39	81	#
83	132.804	39	47	81	#
84	63.5086	24	31	81	#
85	944.925	9	11	16	17	19	25	26	27	33	34	35	36	40	41	42	48	82	#
86	1087.23	26	27	32	33	34	35	39	40	41	42	43	44	47	48	49	57	82	#
87	1077.85	16	17	18	26	27	28	29	33	34	35	36	37	38	39	43	44	82	#
88	1024.3	19	26	27	28	29	32	33	34	35	36	40	41	42	43	49	51	82	#
89	975.915	26	27	28	34	36	41	42	43	44	50	51	52	53	58	59	60	82	#
90	966.376	13	18	21	23	25	26	27	28	29	32	33	34	35	40	41	59	82	#
91	612.334	2	3	4	5	6	7	10	11	12	13	20	83	#
92	839.447	6	7	14	15	23	26	33	34	41	42	43	83	#
93	777.879	12	20	21	28	29	30	36	37	38	45	58	83	#
94	701.589	4	5	10	11	12	18	19	20	61	62	63	83	#
95	666.978	2	10	11	12	13	18	20	28	44	45	52	83	#
96	643.68	2	3	4	10	11	12	13	19	20	21	28	83	#
97	417.024	8	16	17	18	23	24	25	32	33	84	#
98	518.755	24	25	26	32	33	34	40	41	48	84	#
99	385.223	0	1	2	8	9	16	17	24	25	84	#
100	364.325	8	9	10	16	17	18	25	26	35	84	#
101	304.705	21	24	32	33	34	40	42	48	49	84	#
102	300.024	9	10	11	17	18	27	28	36	56	84	#
103	457.975	10	17	18	25	26	27	85	#
104	547.973	18	26	27	28	46	47	85	#
105	414.658	2	9	10	16	17	24	85	#
106	364.319	16	17	18	25	26	33	85	#
107	282.747	11	19	27	34	35	49	85	#
108	251.407	8	9	16	17	18	25	85	#
109	242.58	7	15	23	30	50	51	52	59	60	86	#
110	356.641	25	33	34	42	49	50	51	59	60	86	#
111	345.081	33	42	43	49	50	51	52	58	59	86	#
112	344.096	37	42	50	51	52	53	59	60	61	86	#
113	300.652	13	41	49	50	51	52	53	58	59	86	#
114	236.125	5	6	7	13	14	15	21	22	23	86	#
115	412.73	6	41	42	43	49	50	51	58	87	#
116	499.654	5	6	14	15	20	21	29	50	87	#
117	426.088	26	33	34	35	41	42	43	49	87	#
118	371.975	33	40	41	42	43	48	50	51	87	#
119	359.108	50	51	52	53	54	57	58	59	87	#
120	334.281	32	33	41	44	45	49	50	52	87	#
121	28.1195	21	#
122	401.871	8	9	16	36	45	46	88	#
123	523.072	35	36	37	38	43	44	88	#
124	492.072	44	45	46	52	53	59	88	#
125	465.611	38	39	45	46	47	54	88	#
126	386.548	0	2	8	9	10	17	88	#
127	322.138	8	9	10	16	17	24	88	#
128	571.865	26	32	33	34	41	42	49	50	59	89	#
129	624.291	11	19	25	26	27	28	33	34	41	89	#
130	579.336	27	28	33	34	35	41	42	43	50	89	#
131	574.29	26	32	33	34	40	41	42	43	49	89	#
132	532.426	17	19	25	27	33	34	40	41	42	89	#
133	493.261	16	24	32	33	41	42	49	50	59	89	#
134	285.607	21	22	23	31	90	#
135	348.244	21	38	46	47	90	#
136	287.746	31	39	54	62	90	#
137	247.592	15	23	31	39	90	#
138	222.412	20	21	22	23	90	#
139	364.375	10	17	25	26	27	33	34	35	91	#
140	539.392	16	18	26	27	28	33	34	42	91	#
141	523.922	25	26	30	33	34	40	41	42	91	#
142	476.899	32	33	34	40	41	42	43	44	91	#
143	385.132	27	35	43	50	51	58	59	60	91	#
144	357.996	10	16	17	25	34	47	54	55	91	#
145	588.433	23	31	32	33	34	39	40	41	42	48	50	92	#
146	844.836	28	37	39	45	46	47	53	54	55	62	63	92	#
147	697.569	11	17	19	25	26	27	33	34	35	41	43	92	#
148	659.705	14	15	21	22	23	30	37	38	39	46	47	92	#
149	646.618	17	31	39	46	47	53	54	55	59	62	63	92	#
150	604.46	26	32	33	34	35	41	42	43	50	51	57	92	#
151	180.729	0	1	#
152	2.16195	50	#
153	219.685	1	2	9	10	11	17	39	53	93	#
154	311.617	1	2	3	4	9	10	11	12	93	#
155	245.524	1	2	9	10	11	16	17	18	93	#
156	243.53	2	3	8	9	10	11	18	26	93	#
157	223.78	2	3	9	10	11	12	16	17	93	#
158	276.365	33	41	42	43	50	94	#
159	380.623	27	32	33	34	42	94	#
160	270.71	35	42	43	50	51	94	#
161	244.523	32	40	41	42	50	94	#
162	224.332	17	24	25	32	33	94	#
163	160	49	50	52	58	59	94	#
164	83.8441	0	13	14	20	21	95	#
165	162.763	1	9	10	17	18	95	#
166	145.977	0	6	8	9	14	95	#
167	168.898	5	6	12	13	96	#
168	231.732	4	5	12	13	96	#
169	162.425	4	5	6	14	96	#
170	90.9852	5	12	13	21	96	#
171	65.421	5	6	7	13	96	#
172	292.184	54	55	62	63	97	#
173	319.607	46	53	54	62	97	#
174	173.165	36	54	55	63	97	#
175	565.764	47	50	51	52	53	54	55	59	60	61	62	63	98	#
176	838.389	17	18	25	26	27	35	52	53	54	60	61	62	98	#
177	825.028	38	46	47	52	53	54	55	59	60	61	62	63	98	#
178	789.233	1	9	36	37	38	43	44	45	46	52	58	59	98	#
179	747.608	44	46	51	52	53	54	55	59	60	61	62	63	98	#
180	729.162	16	24	32	33	40	41	42	48	49	50	57	58	98	#
181	96.6638	1	2	10	11	17	19	#
182	713.999	25	26	32	33	34	40	41	42	48	49	50	51	56	57	58	59	99	#
183	1064.88	18	19	20	21	26	27	28	29	34	35	36	37	42	43	50	51	99	#
184	994.119	17	18	19	25	26	27	28	33	34	35	36	37	43	45	60	61	99	#
185	933.392	28	29	30	34	37	41	42	48	49	50	51	52	56	57	58	59	99	#
186	932.317	10	16	17	18	25	26	27	28	33	34	35	41	42	43	44	52	99	#
187	865.356	35	38	39	42	43	44	49	50	51	52	53	57	58	59	60	61	99	#
188	226.021	4	5	12	20	21	100	#
189	232.603	3	4	5	6	13	100	#
190	232.058	4	5	6	13	21	100	#
191	210.548	6	14	15	21	22	100	#
192	199.078	12	13	15	20	21	100	#
193	187.023	10	11	12	19	20	100	#
194	84.897	38	#
195	543.748	3	4	5	6	7	13	20	21	28	37	101	#
196	733.997	19	20	26	27	28	33	34	37	41	42	101	#
197	611.933	27	28	30	37	38	39	46	47	54	55	101	#
198	532.778	3	4	5	11	12	20	21	22	28	37	101	#
199	508.44	4	5	13	18	20	21	22	26	27	29	101	#
200	499.996	0	2	3	4	5	6	11	12	13	21	101	#
201	959.103	11	19	20	21	22	27	28	30	36	44	46	47	54	55	63	102	#
202	1283.71	27	28	30	36	37	38	45	46	47	53	54	55	61	62	63	102	#
203	1282.92	20	27	28	36	37	38	45	46	47	54	55	60	61	62	63	102	#
204	1258.02	20	21	26	27	28	34	36	37	38	43	44	45	52	60	61	102	#
205	1085.64	17	18	19	20	25	26	27	28	33	34	36	37	38	45	47	102	#
206	1080.39	10	17	18	28	30	36	37	38	45	46	47	54	55	62	63	102	#
207	937.395	28	33	34	36	37	41	42	43	44	50	51	52	57	58	59	61	103	#
208	1338.02	12	19	20	21	26	27	28	29	34	35	36	37	42	43	50	58	103	#
209	1296.66	12	20	23	25	26	27	28	29	31	32	33	34	37	38	41	42	103	#
210	1240.05	4	12	13	14	19	20	21	27	28	29	30	35	36	37	43	45	103	#
211	1216.94	11	12	20	21	26	27	28	29	30	31	37	38	39	45	46	47	103	#
212	1119.73	19	26	27	28	32	33	34	35	41	42	43	44	49	50	51	58	103	#
213	208.018	18	25	26	34	104	#
214	257.447	9	17	25	26	104	#
215	254.462	25	26	33	34	104	#
216	217.617	25	26	32	33	104	#
217	127.417	10	17	18	26	104	#
218	120.092	19	27	105	#
219	173.655	27	35	105	#
220	138.308	33	41	49	50	58	#
221	98.6363	32	#
222	567.637	20	26	27	28	34	106	#
223	483.042	27	28	34	35	37	106	#
224	397.803	12	19	20	28	36	106	#
225	361.874	32	33	34	41	42	106	#
226	322.134	17	25	26	33	34	106	#
227	809.043	20	28	36	37	42	43	44	50	51	52	56	57	58	59	107	#
228	995.968	4	12	20	26	27	28	34	35	36	37	38	43	44	45	107	#
229	907.846	7	14	15	19	20	21	22	23	26	27	28	29	36	37	107	#
230	906.856	19	20	26	27	34	35	43	44	45	46	47	51	52	59	107	#
231	887.105	20	27	28	30	36	37	38	44	45	46	47	54	55	58	107	#
232	824.975	9	10	16	17	18	22	24	26	27	33	34	35	41	42	107	#
233	443.752	23	30	31	38	39	46	47	55	108	#
234	505.916	30	31	37	38	39	40	46	48	108	#
235	501.319	22	29	30	31	38	39	46	54	108	#
236	457.313	30	37	38	46	47	54	55	62	108	#
237	456.565	13	21	22	28	29	30	31	38	108	#
238	409.693	6	14	15	22	23	28	29	30	108	#
239	1028.28	17	24	25	26	32	33	34	35	40	41	42	43	48	49	50	51	56	57	58	59	109	#
240	1401.84	27	28	35	37	38	43	44	45	46	47	49	50	51	52	53	54	57	58	59	60	109	#
241	1332.29	10	17	18	24	26	27	28	29	30	32	33	34	35	37	40	41	42	43	45	50	109	#
242	1281.56	0	1	8	9	10	16	17	24	25	26	27	32	33	34	35	42	43	44	45	50	109	#
243	1264.55	1	2	9	10	13	16	17	18	19	20	21	24	25	26	27	29	32	33	34	35	109	#
244	1249.74	24	26	27	28	29	32	33	34	35	40	41	42	43	48	49	50	51	57	58	59	109	#
245	604.045	26	27	34	35	43	48	49	50	51	56	57	110	#
246	858.847	19	20	25	26	27	28	32	33	34	35	43	110	#
247	809.135	25	26	32	33	40	41	42	48	49	56	57	110	#
248	780.694	19	27	28	35	36	37	43	44	45	46	51	110	#
249	763.852	10	19	20	25	26	27	28	29	33	34	36	110	#
250	746.73	18	25	26	27	33	34	35	41	42	43	51	110	#
251	929.666	28	29	36	37	39	44	45	46	47	52	53	54	55	63	111	#
252	1210.06	18	22	26	27	30	34	35	36	37	38	43	45	46	47	111	#
253	1194.7	28	29	36	37	38	39	41	42	43	44	45	46	47	50	111	#
254	1090.48	19	20	21	27	28	29	31	34	35	36	37	38	39	44	111	#
255	1072.88	7	20	21	28	29	35	36	37	38	43	44	45	46	51	111	#
256	964.86	28	34	35	36	37	42	43	44	45	46	52	53	54	55	111	#
257	168.824	43	44	112	#
258	113.788	44	52	112	#
259	81.8726	21	43	112	#
260	989.36	28	29	36	37	38	39	44	45	46	52	53	113	#
261	1108.69	19	21	26	27	28	29	30	31	36	39	44	113	#
262	937.377	25	26	27	28	35	36	37	44	45	52	60	113	#
263	926.313	12	19	20	27	28	29	35	36	43	44	51	113	#
264	882.409	27	28	36	37	38	44	45	46	52	53	60	113	#
265	806.719	16	21	24	28	29	30	36	38	39	55	63	113	#
266	142.796	39	47	55	114	#
267	189.951	46	47	55	114	#
268	120.434	47	55	63	114	#
269	277.344	4	5	11	12	13	21	115	#
270	324.901	3	4	10	11	12	13	115	#
271	279.708	4	5	11	12	13	19	115	#
272	268.046	4	5	6	7	12	13	115	#
273	236.955	5	11	12	13	19	20	115	#
274	213.615	13	20	21	22	29	30	115	#
275	289.783	38	41	42	50	51	52	58	59	116	#
276	367.076	25	43	44	49	50	52	58	59	116	#
277	332.219	33	34	41	42	50	52	58	59	116	#
278	324.221	42	50	51	52	56	57	58	59	116	#
279	262.435	49	50	51	52	53	57	58	59	116	#
280	245.741	44	49	50	51	52	58	59	60	116	#
281	304.765	5	6	7	14	15	21	22	29	117	#
282	410.556	13	19	21	22	27	28	29	34	117	#
283	397.152	4	5	6	7	14	15	23	31	117	#
284	387.1	6	7	12	13	14	15	20	21	117	#
285	384.508	2	3	4	5	6	7	14	15	117	#
286	374.738	4	5	12	13	14	21	22	30	117	#
287	1250.94	28	29	35	36	37	42	43	44	45	50	51	52	53	57	58	59	60	61	62	118	#
288	1609.96	17	19	20	25	26	27	28	33	34	35	36	37	41	42	43	44	45	46	51	118	#
289	1592.79	26	27	28	30	34	36	37	38	44	45	46	52	53	54	55	59	60	61	62	118	#
290	1557.28	19	20	27	28	30	33	34	35	36	37	38	42	43	44	45	46	52	54	55	118	#
291	1483.17	0	6	7	19	20	26	27	28	35	36	37	43	44	45	46	51	52	53	54	118	#
292	1416.48	14	19	20	21	22	23	27	28	29	30	31	36	37	38	39	44	45	46	54	118	#
293	50.2674	63	#
294	165.404	46	47	54	55	119	#
295	174.311	53	54	55	63	119	#
296	1052.27	9	17	18	25	26	33	34	35	36	41	42	43	44	51	58	59	120	#
297	1103.04	4	22	23	26	30	31	32	33	34	38	40	41	42	45	46	54	120	#
298	1076.61	22	25	30	33	34	38	39	42	45	46	49	50	54	57	58	59	120	#
299	1070.14	19	25	26	27	33	34	35	41	42	43	49	50	51	57	58	59	120	#
300	1063.87	17	18	25	26	34	38	44	45	46	47	52	53	54	61	62	63	120	#
301	1041.54	7	19	25	26	27	33	34	35	37	40	41	42	43	44	45	51	120	#
302	870.543	24	25	32	33	34	35	40	41	42	48	49	50	56	57	58	59	121	#
303	943.839	11	12	19	20	34	40	41	42	48	49	50	56	57	58	59	60	121	#
304	893.529	16	24	25	32	33	34	35	42	44	49	50	51	52	57	58	59	121	#
305	887.21	25	33	34	35	42	43	44	46	47	49	50	51	54	55	62	63	121	#
306	843.575	1	2	9	10	11	17	18	19	20	25	26	27	28	33	34	42	121	#
307	796.002	24	25	32	33	34	35	40	41	42	43	48	49	50	56	57	59	121	#
308	142.676	47	54	55	63	122	#
309	209.015	47	55	62	63	122	#
310	127.342	47	54	55	62	122	#
311	120.592	47	53	54	55	122	#
312	91.1543	15	#
313	284.29	5	6	12	13	123	#
314	302.255	4	5	6	14	123	#
315	252.931	5	12	13	63	123	#
316	157.296	11	12	20	21	123	#
317	152.737	5	6	7	13	123	#
318	155.304	43	44	51	124	#
319	145.447	43	44	52	124	#
320	1139.48	1	4	5	6	7	14	15	18	20	21	22	23	28	29	30	31	36	37	38	39	44	45	46	47	125	#
321	1414.56	5	9	16	17	18	26	27	28	29	32	34	35	36	37	38	40	41	42	43	45	46	48	49	61	125	#
322	1367.13	16	17	24	27	28	29	30	32	33	35	36	37	38	39	41	42	43	44	45	46	47	54	55	62	125	#
323	1355.41	17	18	19	20	26	27	28	30	33	34	35	36	37	38	42	43	44	45	46	50	51	54	58	59	125	#
324	1304.54	3	4	5	6	11	12	13	14	19	20	21	22	25	26	27	28	29	32	33	34	35	40	48	63	125	#
325	1291.81	5	12	13	14	20	21	22	23	25	26	27	28	29	30	31	33	34	36	37	38	42	44	45	46	125	#
326	78.0698	1	#
327	164.557	38	46	53	54	55	126	#
328	205.109	53	54	55	61	62	126	#
329	107.703	39	45	46	47	55	126	#
330	1254.49	27	34	35	42	43	44	45	46	47	48	49	50	51	52	53	54	55	57	58	59	60	61	62	63	127	#
331	1533.7	1	25	32	33	34	40	41	42	45	46	47	48	49	50	53	54	55	57	58	59	60	61	62	63	127	#
332	1421.62	17	18	25	26	28	32	33	34	37	38	40	41	42	43	45	46	48	49	50	54	56	57	58	59	127	#
333	1397.67	14	28	30	31	36	37	38	39	46	47	49	50	51	52	53	54	55	57	58	59	60	61	62	63	127	#
334	1385.6	24	32	33	34	35	37	38	40	41	42	43	48	49	50	51	53	54	55	56	57	58	59	60	63	127	#
335	1369.21	19	27	28	29	33	34	36	37	38	39	41	42	43	44	45	46	47	49	52	53	54	56	57	62	127	#
336	714.363	17	19	25	26	27	33	34	35	41	42	43	50	51	58	128	#
337	941.922	12	19	20	21	26	27	28	29	32	33	34	35	37	42	128	#
338	867.264	10	11	26	30	31	33	34	38	40	41	42	49	50	57	128	#
339	772.211	0	1	8	9	10	16	17	18	24	26	32	33	34	42	128	#
340	765.943	19	26	27	28	33	34	35	36	42	43	44	50	51	52	128	#
341	742.864	26	32	33	34	40	41	42	48	49	50	56	57	58	59	128	#
342	638.161	36	44	45	50	51	52	53	58	59	60	61	62	129	#
343	901.292	7	27	28	35	36	43	44	45	52	53	56	60	129	#
344	888.085	27	28	29	36	37	38	39	40	41	45	46	47	129	#
345	838.819	17	25	39	46	47	53	54	55	60	61	62	63	129	#
346	812.988	10	11	13	14	19	21	26	27	28	29	36	37	129	#
347	774.737	35	42	43	44	45	51	52	53	58	59	60	61	129	#
348	1035.2	0	1	2	8	9	10	16	17	18	24	25	26	32	33	35	42	43	44	45	130	#
349	1382.04	3	4	26	27	28	30	35	36	37	38	39	42	43	44	45	46	47	50	51	130	#
350	1254.93	2	3	4	5	9	10	16	17	18	24	25	26	27	28	32	33	34	42	46	130	#
351	1250.64	16	17	24	25	26	27	32	33	34	35	37	40	41	42	43	44	45	50	58	130	#
352	1200.07	0	1	2	3	4	5	6	8	9	10	13	17	25	26	27	28	33	42	43	130	#
353	1197.48	11	12	33	37	41	42	43	44	45	46	50	51	52	53	54	59	61	62	63	130	#
354	488.46	34	41	42	49	50	51	52	56	57	58	59	131	#
355	723.024	19	25	27	33	34	35	41	42	50	58	59	131	#
356	687.654	28	36	37	38	44	45	46	52	53	59	60	131	#
357	620.276	27	28	33	34	41	42	46	47	50	51	59	131	#
358	529.732	30	33	40	41	42	43	49	50	56	57	58	131	#
359	511.349	25	26	33	36	40	41	42	44	49	50	51	131	#
360	1304.11	27	28	30	31	37	38	39	45	46	47	53	54	55	62	63	132	#
361	1228.18	4	12	19	20	25	26	27	28	29	30	33	35	37	43	58	132	#
362	1184.23	11	19	21	22	26	27	28	29	30	31	33	34	35	37	42	132	#
363	1154.22	26	34	36	37	42	43	44	45	46	47	52	54	55	60	63	132	#
364	1150.6	26	34	36	37	38	39	45	46	47	53	54	55	61	62	63	132	#
365	1115.1	14	20	21	28	29	30	31	38	39	45	46	47	53	54	55	132	#
366	222.807	12	43	44	52	133	#
367	251.685	33	42	43	44	133	#
368	250.032	3	4	11	12	133	#
369	144.229	30	31	44	52	133	#
370	583.267	28	30	36	37	38	43	44	134	#
371	673.533	28	29	30	37	38	45	46	134	#
372	639.281	38	46	53	54	55	62	63	134	#
373	603.219	19	20	27	28	34	37	38	134	#
374	581.533	20	21	28	30	36	37	38	134	#
375	474.958	28	36	37	38	44	45	52	134	#
376	112.428	43	44	51	#
377	1166.62	4	7	12	25	27	34	41	42	44	48	49	50	51	52	53	58	59	60	135	#
378	1283.77	9	10	11	12	18	19	20	26	27	28	33	34	37	45	46	47	54	55	135	#
379	1229.13	4	5	6	7	12	13	14	15	19	20	21	22	23	29	30	31	38	39	135	#
380	1198.55	2	8	9	10	16	17	24	25	46	47	52	53	54	55	60	61	62	63	135	#
381	1193.45	4	5	6	7	11	12	13	14	15	19	20	21	22	27	28	29	30	39	135	#
382	1111.56	11	18	19	26	27	28	29	33	34	35	37	40	41	42	43	44	48	51	135	#
383	585.537	9	10	18	20	25	26	32	33	34	42	136	#
384	746.331	19	20	21	26	27	29	32	33	34	35	136	#
385	720.146	18	19	25	26	27	33	34	35	42	43	136	#
386	710.742	14	19	20	21	27	28	35	36	37	45	136	#
387	688.779	24	32	33	34	40	41	42	43	44	45	136	#
388	682.479	25	32	33	34	40	41	42	50	57	58	136	#
389	363.981	28	36	43	44	52	60	61	137	#
390	472.965	20	21	27	28	36	37	38	137	#
391	460.042	36	37	44	45	49	50	57	137	#
392	431.507	34	35	42	43	44	52	60	137	#
393	381.361	36	41	42	43	44	50	51	137	#
394	356.74	40	41	49	53	57	61	62	137	#
395	135.546	11	19	20	138	#
396	192.981	11	12	20	138	#
397	165.087	19	20	27	138	#
398	97.6902	20	21	28	138	#
399	221.599	2	9	10	16	17	18	139	#
400	254.8	0	1	2	8	9	16	139	#
401	372.171	10	11	12	13	14	19	20	21	22	28	140	#
402	551.66	4	5	11	12	13	14	21	22	29	30	140	#
403	397.766	2	10	11	16	17	18	19	26	27	35	140	#
404	395.508	3	4	11	12	19	44	52	53	58	59	140	#
405	321.165	1	2	8	9	10	11	17	18	19	25	140	#
406	270.336	2	3	4	9	10	11	12	17	18	25	140	#
407	868.608	33	34	41	42	43	49	50	51	52	53	57	58	59	60	61	62	141	#
408	1159.31	20	21	22	25	26	27	28	29	33	34	35	41	42	43	44	45	141	#
409	1137.96	17	18	20	25	26	27	28	31	33	34	35	36	39	41	42	43	141	#
410	1094.58	20	26	27	28	33	34	35	37	41	42	43	44	49	50	51	57	141	#
411	983.589	20	26	27	28	34	35	36	37	43	44	45	50	51	52	58	59	141	#
412	964.578	19	20	21	27	28	36	37	44	45	46	47	54	55	61	62	63	141	#
413	730.131	20	28	29	35	36	37	38	39	43	44	45	142	#
414	848.703	22	29	30	37	38	39	43	44	45	46	54	142	#
415	846.657	28	29	33	34	35	37	42	43	45	46	50	142	#
416	824.592	21	28	29	30	31	37	38	45	46	53	54	142	#
417	819.936	12	19	20	21	27	28	29	36	37	44	45	142	#
418	804.44	20	28	30	31	36	37	38	44	45	46	54	142	#
419	256.79	6	7	14	15	20	21	143	#
420	288.139	5	6	7	12	14	15	143	#
421	243.088	4	5	6	7	14	15	143	#
422	231.751	13	14	20	21	22	23	143	#
423	226.483	6	7	14	15	21	29	143	#
424	226.434	3	4	5	13	20	21	143	#
425	603.223	16	27	28	36	37	44	144	#
426	725.44	23	26	27	28	31	37	144	#
427	640.718	19	20	26	27	28	35	144	#
428	453.755	27	28	29	34	35	36	144	#
429	381.242	36	37	58	59	60	61	144	#
430	313.868	1	8	9	16	17	46	144	#
431	1636.71	0	4	8	9	10	12	16	17	18	19	20	21	22	24	25	26	27	28	30	31	33	34	35	41	42	43	44	145	#
432	1891.13	5	6	7	11	12	13	14	15	19	20	21	25	26	27	28	29	30	33	34	36	37	41	42	43	44	45	50	145	#
433	1863.34	12	18	19	20	21	22	25	26	27	28	30	33	34	35	36	37	38	39	40	41	42	44	45	46	47	48	63	145	#
434	1799.53	6	7	11	14	19	20	21	22	23	24	26	27	28	29	30	31	32	33	34	35	36	37	38	39	41	46	47	145	#
435	1792.07	11	12	13	18	19	20	21	22	26	27	28	29	30	31	33	34	35	36	37	38	39	43	44	45	46	60	61	145	#
436	1710.42	3	4	5	11	12	14	19	20	21	22	27	28	29	30	31	38	39	42	43	44	47	50	52	56	57	58	59	145	#
437	76.1299	4	#
438	410.919	0	1	2	8	9	10	11	17	18	26	146	#
439	523.546	9	17	18	26	27	33	34	35	41	42	146	#
440	501.809	0	1	2	3	4	8	9	12	13	16	146	#
441	493.672	1	2	8	9	10	11	16	17	22	30	146	#
442	473.01	0	1	2	3	4	9	10	17	18	26	146	#
443	413.258	0	1	2	3	4	8	9	10	16	17	146	#
444	1148.66	0	1	2	3	8	9	10	11	17	18	19	20	22	23	25	26	27	28	29	33	34	147	#
445	1434.13	10	16	17	18	19	20	25	26	27	28	29	30	31	33	34	35	36	37	38	45	46	147	#
446	1428.48	4	11	12	13	19	20	21	27	28	29	30	31	34	35	36	37	38	43	56	57	58	147	#
447	1373.03	3	11	12	13	16	19	20	21	27	34	38	39	44	45	46	52	53	54	60	61	62	147	#
448	1322.56	8	16	17	18	19	24	25	26	27	28	32	33	34	36	42	43	44	52	53	54	61	147	#
449	1289.09	10	11	12	18	19	20	23	26	27	28	29	30	31	33	34	35	36	37	41	42	43	147	#
450	67.3732	55	63	#
451	607.985	25	26	33	40	41	42	48	49	50	57	58	59	148	#
452	858.924	13	20	21	22	23	28	29	31	33	41	42	49	148	#
453	787.598	12	19	20	26	27	34	35	43	44	45	50	51	148	#
454	708.258	9	10	17	25	32	33	34	36	41	42	44	49	148	#
455	697.01	24	32	33	34	40	41	48	49	50	57	62	63	148	#
456	677.955	43	44	50	51	52	53	54	58	59	60	61	62	148	#
457	380.65	21	22	23	30	31	149	#
458	409.157	14	15	21	23	31	149	#
459	376.325	22	30	31	38	39	149	#
460	352.095	15	23	30	31	39	149	#
461	325.878	14	15	20	21	22	149	#
462	286.72	13	21	22	29	30	149	#
463	2024.5	16	17	19	20	23	24	25	26	27	28	29	30	31	32	33	34	35	36	37	38	39	40	41	42	43	44	48	49	50	51	52	56	57	58	59	60	150	#
464	2340.99	4	11	12	19	20	24	25	27	28	29	30	32	33	34	35	36	37	38	41	42	43	44	45	46	47	49	50	51	52	53	54	57	58	59	60	61	150	#
465	2174.76	12	13	14	17	19	20	21	25	26	27	28	29	32	33	34	35	36	37	38	41	42	43	44	45	46	49	50	51	52	53	54	57	58	59	60	62	150	#
466	2160.59	1	2	3	4	8	10	11	19	20	25	26	27	28	29	30	36	37	38	39	43	44	45	46	49	50	51	52	53	54	56	57	58	59	60	61	62	150	#
467	2131.96	1	2	3	9	10	11	12	16	17	18	19	20	21	24	25	26	27	28	29	30	32	33	34	35	36	37	38	39	41	42	43	44	45	54	61	62	150	#
468	2114.18	11	12	16	19	20	23	24	25	26	27	28	29	30	31	32	33	34	36	37	38	39	40	41	42	43	45	47	48	49	50	51	52	56	57	58	59	150	#
469	707.121	9	10	17	18	19	20	25	26	27	33	34	41	42	43	151	#
470	797.123	5	11	12	13	19	20	21	28	29	30	36	37	38	39	151	#
471	795.797	4	11	17	19	20	21	25	26	27	29	32	33	34	41	151	#
472	739.913	10	11	18	19	25	26	27	28	32	33	34	35	36	42	151	#
473	729.851	13	19	27	28	29	34	35	37	41	42	43	50	51	59	151	#
474	719.499	2	4	5	10	11	12	13	17	18	19	25	26	27	34	151	#
475	791.706	35	43	44	46	49	50	51	52	53	56	57	58	59	60	61	152	#
476	1120.3	18	20	26	27	28	34	35	37	42	43	44	45	46	47	51	152	#
477	1097.58	18	26	27	33	34	42	46	47	52	53	54	55	60	61	62	152	#
478	1063.5	10	17	24	25	27	32	33	34	40	41	48	49	56	57	58	152	#
479	1029.97	6	27	28	36	38	44	45	46	47	52	53	54	59	60	61	152	#
480	973.218	30	31	38	39	43	44	45	46	47	50	51	52	55	58	59	152	#
481	262.154	2	3	10	33	42	153	#
482	373.097	26	33	34	42	50	153	#
483	272.198	17	25	33	41	42	153	#
484	166.619	2	3	4	10	17	153	#
485	145.391	60	61	#
486	239.318	38	46	54	154	#
487	278.438	38	46	47	154	#
488	210.936	30	38	39	154	#
489	468.051	42	44	45	49	50	51	52	53	59	60	61	155	#
490	678.924	25	33	34	41	42	49	50	51	57	58	59	155	#
491	622.733	46	50	52	53	54	55	59	60	61	62	63	155	#
492	622.401	32	33	41	42	43	44	50	51	57	58	59	155	#
493	606.599	28	36	37	38	44	45	46	52	53	54	55	155	#
494	596.098	23	33	34	35	42	50	51	52	53	59	60	155	#
495	735.937	11	19	27	28	36	37	44	45	52	60	156	#
496	819.718	19	20	27	28	29	36	37	38	45	46	156	#
497	812.278	19	27	28	29	34	36	37	38	46	54	156	#
498	751.906	28	36	37	38	44	45	46	52	59	60	156	#
499	682.429	26	27	32	33	34	42	43	44	51	52	156	#
500	652.816	20	28	36	37	39	43	44	45	52	59	156	#
501	793.352	19	25	26	27	28	33	34	35	41	42	52	53	59	157	#
502	1007.64	2	12	20	21	28	29	36	37	38	43	44	46	54	157	#
503	887.206	10	11	12	18	19	20	26	27	33	34	35	41	42	157	#
504	853.315	11	12	13	18	19	20	21	26	27	29	34	35	43	157	#
505	825.27	4	25	26	27	33	34	35	41	42	49	50	57	59	157	#
506	683.104	38	39	44	45	46	50	51	52	53	54	59	60	61	157	#
507	965.671	16	17	18	25	32	33	40	41	42	43	44	48	49	50	51	52	53	56	57	58	59	60	61	63	158	#
508	1384.63	0	8	34	35	37	38	39	42	43	44	45	46	47	50	52	53	54	55	58	59	60	61	62	63	158	#
509	1351.99	1	8	9	10	16	17	18	19	25	26	27	28	32	33	34	35	36	37	38	41	42	43	45	46	158	#
510	1288.53	10	17	18	20	25	26	27	28	32	33	34	35	37	40	41	42	43	45	46	48	49	50	51	58	158	#
511	1282.24	2	3	9	10	11	12	16	17	18	19	24	25	26	27	28	32	33	34	35	37	40	41	42	43	158	#
512	1205.06	32	33	34	35	36	37	42	43	44	45	46	47	49	50	51	52	53	54	55	58	59	60	62	63	158	#
513	439.809	0	8	42	48	49	50	52	56	57	58	59	159	#
514	639.025	19	24	25	32	33	40	41	42	48	49	56	159	#
515	564.314	34	42	43	49	50	51	56	57	58	59	60	159	#
516	540.597	12	20	28	40	43	48	49	50	51	56	59	159	#
517	494.786	21	28	29	36	37	38	39	44	45	52	59	159	#
518	455.344	40	46	48	49	50	51	56	57	58	59	60	159	#
519	241.728	0	1	8	9	16	17	24	160	#
520	361.069	17	18	19	25	26	27	33	160	#
521	340.764	16	24	32	33	40	41	42	160	#
522	229.445	0	1	8	9	16	17	18	160	#
523	180.005	0	8	9	10	16	17	24	160	#
524	169.757	8	9	16	17	18	26	49	160	#
525	847.301	0	8	19	26	27	34	35	42	43	44	161	#
526	964.623	27	28	34	35	36	37	42	43	44	45	161	#
527	837.483	19	20	25	26	27	28	34	35	36	43	161	#
528	755.641	14	15	19	20	21	26	27	28	34	35	161	#
529	682.828	10	11	12	19	20	24	28	29	32	36	161	#
530	635.886	27	32	33	34	35	41	42	50	51	59	161	#
531	280.653	10	16	17	18	25	26	162	#
532	351.574	9	17	25	26	27	33	162	#
533	346.123	9	17	18	25	26	27	162	#
534	247.31	9	10	17	18	25	26	162	#
535	237.105	10	16	17	25	32	33	162	#
536	197.307	10	11	12	13	19	20	162	#
537	121.863	44	52	60	163	#
538	161.758	53	60	61	163	#
539	142.562	52	53	60	163	#
540	557.254	5	6	12	13	14	15	21	22	29	30	164	#
541	648.893	6	14	15	20	21	22	23	29	30	31	164	#
542	624.19	12	13	21	22	23	29	30	31	39	47	164	#
543	612.361	4	13	14	20	21	22	23	29	30	31	164	#
544	586.209	6	7	14	15	21	23	29	30	31	38	164	#
545	569.431	5	6	12	13	20	21	27	28	50	58	164	#
546	1029.2	16	24	27	32	33	34	40	41	45	48	49	50	51	56	57	58	59	165	#
547	1325.78	8	16	18	19	24	26	27	32	33	34	35	43	49	51	57	58	59	165	#
548	1192.24	16	17	24	25	26	27	28	29	32	33	34	35	37	40	41	48	49	165	#
549	1168.93	16	17	18	19	20	24	25	26	27	28	32	33	34	35	41	48	49	165	#
550	1164.92	2	10	18	19	25	26	27	28	32	33	34	35	36	40	41	49	57	165	#
551	1152.84	2	3	4	9	10	12	16	17	18	26	27	28	29	30	34	35	38	165	#
552	315.44	28	29	36	43	44	166	#
553	351.086	27	28	29	34	36	166	#
554	310.711	27	35	43	44	52	166	#
555	301.449	19	20	28	29	37	166	#
556	296.929	20	28	29	30	36	166	#
557	1106.25	10	17	18	19	20	21	25	26	27	28	29	30	32	33	34	35	36	42	43	50	51	167	#
558	1357.66	11	12	14	15	19	20	21	22	23	26	27	28	29	30	31	34	35	36	37	43	44	167	#
559	1331.69	6	7	14	15	20	21	22	23	28	29	30	31	36	37	38	39	45	46	47	54	62	167	#
560	1319.94	1	9	10	16	17	18	24	25	26	27	28	33	34	35	41	42	43	49	50	57	58	167	#
561	1314.2	5	12	13	14	20	21	22	23	25	26	27	28	34	35	36	37	43	44	45	52	59	167	#
562	1296.73	13	19	24	25	26	27	32	33	34	35	36	37	41	42	43	44	45	50	57	58	59	167	#
563	947.28	27	28	35	36	37	38	39	43	44	45	46	47	48	54	56	168	#
564	1207.49	4	12	19	20	28	29	30	31	36	37	38	43	44	45	46	168	#
565	1190.65	15	20	21	23	25	26	27	28	31	32	33	34	35	42	43	168	#
566	1058.61	19	20	24	26	27	32	33	34	35	42	43	50	51	59	60	168	#
567	1002.47	29	30	31	37	38	39	43	44	45	46	47	54	55	62	63	168	#
568	988.93	20	22	23	28	31	36	37	38	39	45	46	47	53	54	61	168	#
569	275.052	30	31	39	47	55	169	#
570	387.564	38	39	47	55	63	169	#
571	376.386	47	54	55	62	63	169	#
572	375.745	38	39	46	47	55	169	#
573	264.382	13	21	30	31	39	169	#
574	558.102	11	19	27	28	34	35	40	48	56	57	58	170	#
575	833.699	19	25	26	27	28	32	33	34	35	42	43	170	#
576	792.288	20	21	25	26	27	28	29	33	34	35	43	170	#
577	763.879	14	19	20	21	27	28	29	34	35	36	44	170	#
578	752.213	12	14	19	20	21	22	23	27	28	44	45	170	#
579	735.641	1	4	9	10	11	12	19	20	27	28	35	170	#
580	220.741	19	27	35	171	#
581	276.002	27	28	29	171	#
582	237.145	19	27	28	171	#
583	230.102	33	34	35	171	#
584	545.523	4	12	24	32	40	41	48	49	50	57	172	#
585	578.804	4	5	6	11	12	13	19	20	27	34	172	#
586	424.789	3	4	5	12	13	50	57	58	59	60	172	#
587	403.551	24	32	40	41	48	49	50	56	57	58	172	#
588	402.74	17	25	26	33	34	41	49	50	51	57	172	#
589	371.219	33	40	41	42	48	49	50	56	57	58	172	#
590	241.901	3	4	5	11	12	48	173	#
591	341.042	4	5	12	13	20	21	173	#
592	337.42	2	3	10	11	19	20	173	#
593	241.357	1	2	3	10	11	17	173	#
594	215.726	3	4	5	12	13	48	173	#
595	181.562	32	40	41	42	48	56	173	#
596	78.3615	57	#
597	370.187	3	4	11	12	19	20	21	174	#
598	526.258	19	26	27	34	42	43	50	174	#
599	497.583	11	12	13	19	27	34	35	174	#
600	453.307	4	12	20	21	28	29	30	174	#
601	418.945	2	3	4	5	12	13	20	174	#
602	370.798	10	11	12	18	19	20	26	174	#
603	26.0919	14	#
604	1002.58	2	3	4	16	17	24	25	32	33	40	41	42	48	49	54	55	56	57	58	63	175	#
605	1174.32	14	15	21	23	30	31	37	38	39	43	44	45	46	47	53	54	55	61	62	63	175	#
606	1107.6	11	19	26	27	33	34	35	40	41	42	43	48	49	50	56	57	58	59	60	61	175	#
607	1074.54	7	14	15	22	23	30	31	32	38	39	40	46	47	53	54	55	60	61	62	63	175	#
608	1062.69	8	9	10	11	16	17	18	19	24	25	26	27	28	32	33	34	35	36	41	42	175	#
609	1058.17	9	17	23	30	31	37	38	39	44	45	46	47	52	53	54	55	60	61	62	63	175	#
610	586.267	7	14	15	21	22	23	29	31	39	46	47	176	#
611	774.012	6	20	22	28	30	37	38	39	45	46	47	176	#
612	643.144	6	12	14	15	20	21	22	23	29	30	31	176	#
613	625.377	13	14	15	21	22	23	31	38	39	46	47	176	#
614	589.655	5	6	7	13	15	22	23	29	30	31	39	176	#
615	552.462	6	7	14	15	21	22	23	28	29	30	31	176	#
616	632.409	17	25	26	33	34	35	41	42	43	50	51	177	#
617	826.289	24	25	26	27	32	33	34	35	41	42	43	177	#
618	744.135	10	18	25	26	33	34	35	41	42	50	58	177	#
619	738.346	25	26	33	34	41	42	49	50	52	58	59	177	#
620	630.52	1	9	13	17	25	26	32	33	34	41	42	177	#
621	629.824	27	34	35	42	43	44	49	50	51	57	58	177	#
622	123.987	40	52	53	54	178	#
623	29.7174	52	53	59	60	178	#
624	285.787	0	1	9	10	16	17	25	180	#
625	385.201	8	9	17	25	26	27	42	180	#
626	304.195	1	2	3	9	10	62	63	180	#
627	276.401	0	1	9	10	11	18	26	180	#
628	188.191	9	10	11	16	17	18	19	180	#
629	166.446	0	1	8	9	10	16	17	180	#
630	1258.18	4	5	6	7	12	13	14	15	19	20	21	22	23	27	28	29	30	31	36	37	38	39	46	47	181	#
631	1557.94	20	22	27	28	29	30	31	34	36	37	38	39	41	42	43	44	45	46	47	52	53	54	62	63	181	#
632	1481.59	2	3	4	10	11	12	13	18	19	20	21	22	26	27	28	38	39	46	47	53	54	55	62	63	181	#
633	1481.07	7	13	14	15	20	21	22	23	28	29	30	31	36	38	39	46	47	53	54	58	59	60	61	62	181	#
634	1465.89	6	14	20	21	26	27	28	29	35	36	37	38	39	45	46	47	52	53	54	55	60	61	62	63	181	#
635	1449.26	2	3	19	20	21	22	23	27	28	29	30	31	36	37	38	39	42	46	47	50	57	58	59	60	181	#
636	444.236	5	30	36	38	39	43	44	45	46	51	182	#
637	626.162	11	12	19	22	23	26	28	29	30	31	182	#
638	620.261	22	23	30	31	37	38	39	46	54	55	182	#
639	613.725	18	26	33	34	35	42	43	50	51	58	182	#
640	613.684	23	30	31	38	39	46	47	54	55	63	182	#
641	593.421	28	36	37	44	45	46	47	52	54	55	182	#
642	75.9385	20	#
643	696.811	8	9	10	11	12	16	17	19	20	24	25	26	27	235	#
644	126.545	25	33	#
645	41.316	23	#
646	64.3936	47	#
647	22.384	40	#
648	142.338	23	31	39	184	#
649	173.182	38	39	47	184	#
650	143.988	25	26	#
651	22.458	5	13	#
652	878.509	27	28	34	35	42	44	45	46	47	49	50	51	52	56	57	58	59	185	#
653	1274.27	19	25	26	27	28	29	30	31	33	34	35	36	38	39	41	42	58	185	#
654	1138.59	5	13	20	21	25	26	27	28	29	34	35	36	37	43	45	46	54	185	#
655	1098.5	14	15	19	21	22	29	30	31	36	37	38	39	44	45	46	47	55	185	#
656	1091.13	11	19	21	27	28	29	32	33	34	35	36	37	43	44	45	52	60	185	#
657	1059.24	26	27	28	33	34	35	36	37	39	41	42	43	44	45	46	47	54	185	#
658	601.043	19	20	21	27	28	29	30	34	36	186	#
659	708.544	21	27	28	29	36	37	38	44	62	186	#
660	691.869	11	19	25	26	27	34	41	42	49	186	#
661	687.851	4	12	19	20	21	22	25	26	27	186	#
662	654.491	19	25	26	27	28	29	34	35	36	186	#
663	526.622	27	35	36	37	43	44	52	53	54	186	#
664	317.075	0	1	2	8	9	10	11	12	17	18	187	#
665	397.848	1	2	3	4	5	12	13	21	22	23	187	#
666	388.38	0	1	2	3	4	8	9	12	16	17	187	#
667	378.927	2	9	10	11	17	18	19	25	27	33	187	#
668	364.105	1	2	3	8	9	10	16	17	24	29	187	#
669	358.877	0	1	2	8	9	10	11	16	17	24	187	#
670	117.963	10	16	17	18	188	#
671	165.955	17	18	25	26	188	#
672	123.782	10	17	18	25	188	#
673	630.119	47	51	52	53	55	59	60	61	62	63	189	#
674	711.871	38	39	46	47	53	54	55	61	62	63	189	#
675	702.623	30	31	38	39	46	47	54	55	62	63	189	#
676	682.78	38	39	46	47	52	53	54	55	62	63	189	#
677	650.869	24	43	44	51	52	53	60	61	62	63	189	#
678	645.357	25	32	33	34	42	43	50	51	59	60	189	#
679	1643.09	22	23	27	28	29	30	31	33	34	35	36	37	38	39	43	44	45	46	47	52	53	54	55	60	61	62	63	190	#
680	1618.7	6	7	14	15	19	21	22	23	27	28	29	30	31	36	37	38	39	43	44	45	46	47	53	54	55	61	62	190	#
681	1573.3	15	17	19	22	23	25	26	27	28	29	30	31	34	35	36	37	38	39	41	42	43	45	46	47	53	54	55	190	#
682	1567.98	15	23	28	30	31	37	38	39	42	44	45	46	47	48	49	50	52	53	54	55	56	57	58	59	60	61	62	190	#
683	1565.61	2	3	4	5	6	7	10	14	15	21	22	23	29	30	31	37	38	39	45	46	47	53	54	55	61	62	63	190	#
684	1560.84	6	7	11	12	14	15	19	20	21	22	23	27	28	29	30	31	34	35	36	37	38	39	46	47	54	55	63	190	#
685	131.757	4	5	12	13	48	191	#
686	196.408	12	13	14	21	48	191	#
687	135.007	11	12	13	20	21	191	#
688	104.315	4	5	6	7	13	191	#
689	316.33	20	21	22	23	28	29	192	#
690	469.362	22	25	26	27	30	34	192	#
691	368.433	21	29	30	37	38	45	192	#
692	359.491	14	19	20	21	27	34	192	#
693	339.681	14	20	21	28	29	37	192	#
694	280.123	5	13	21	29	30	31	192	#
695	645.686	32	33	40	41	42	43	44	48	49	50	51	52	56	57	58	59	193	#
696	926.377	19	20	21	25	26	27	28	32	33	34	35	41	42	43	44	51	193	#
697	788.206	18	19	26	27	32	34	40	41	48	49	50	51	56	57	58	59	193	#
698	777.281	9	16	17	24	27	28	32	33	34	35	41	42	43	49	50	51	193	#
699	770.268	41	42	43	44	49	50	51	52	53	56	57	58	59	60	61	62	193	#
700	755.894	11	12	13	16	20	21	22	24	32	40	48	49	50	56	57	58	193	#
701	2585.29	6	7	14	15	17	18	21	22	23	24	25	26	27	28	29	30	31	32	33	34	35	36	37	38	40	41	42	43	44	45	46	47	48	50	51	52	53	54	55	57	58	59	60	61	62	63	194	#
702	2517.65	0	6	7	8	9	10	15	16	17	18	21	22	23	24	25	26	27	28	29	30	31	32	33	34	35	37	38	41	42	43	44	45	46	49	50	51	52	53	54	56	57	58	59	60	61	62	194	#
703	2445.88	2	8	10	11	12	16	17	18	19	24	25	26	27	28	29	32	33	34	35	36	37	38	39	40	41	42	43	44	45	46	48	49	50	51	52	53	54	55	56	57	58	59	60	61	62	63	194	#
704	2426.02	9	10	11	15	16	17	18	19	22	23	24	26	27	28	29	30	31	32	33	34	35	36	37	38	39	40	41	42	43	44	45	46	48	49	50	51	52	53	54	56	57	58	59	60	61	62	194	#
705	2419.54	0	1	6	8	9	10	11	13	14	15	16	17	18	21	22	23	24	25	26	28	31	34	35	36	37	38	39	42	43	44	45	46	47	49	50	51	52	53	54	55	58	59	60	61	62	63	194	#
706	2400.39	6	11	12	13	14	19	20	21	22	23	25	26	27	28	29	30	31	34	35	36	37	38	39	40	41	42	43	44	45	46	47	48	49	50	51	52	53	54	55	56	58	59	60	61	62	63	194	#
707	233.084	36	43	44	50	51	52	59	60	195	#
708	307.938	43	44	51	52	53	58	59	60	195	#
709	307.207	47	52	53	54	55	60	61	63	195	#
710	269.738	42	43	44	50	51	52	53	59	195	#
711	169.561	13	43	50	51	52	58	59	60	195	#
712	616.625	30	31	36	37	38	39	44	45	46	47	52	54	59	196	#
713	902.525	19	20	21	22	26	27	28	29	30	34	37	38	45	196	#
714	887.181	6	14	15	37	38	39	43	44	45	46	54	62	63	196	#
715	876.215	19	22	23	26	27	28	30	34	35	36	37	42	43	196	#
716	768.117	31	36	37	39	44	45	46	47	53	54	55	62	63	196	#
717	743.954	4	12	20	21	28	29	36	37	43	44	51	52	53	196	#
718	240.93	24	32	33	34	197	#
719	254.225	26	34	42	50	197	#
720	191.372	16	24	32	33	197	#
721	175.283	25	32	33	42	197	#
722	145.702	24	32	35	40	197	#
723	381.467	6	14	20	21	22	30	198	#
724	459.991	22	28	29	30	37	38	198	#
725	381.427	12	19	20	26	27	34	198	#
726	361.397	6	14	15	21	22	23	198	#
727	335.627	5	6	14	21	56	57	198	#
728	335.34	22	29	30	31	38	39	198	#
729	652.168	3	4	5	6	7	11	12	13	15	20	23	28	199	#
730	669.009	6	7	14	15	20	21	22	23	30	31	62	63	199	#
731	630.46	11	12	13	19	20	21	22	23	27	28	29	34	199	#
732	619.082	5	6	13	14	21	22	23	28	29	30	37	38	199	#
733	559.932	5	6	7	13	14	15	25	33	36	44	52	60	199	#
734	559.593	4	5	10	11	12	13	14	20	21	22	28	29	199	#
735	274.48	4	12	13	200	#
736	331.081	4	12	20	200	#
737	177.653	3	4	12	200	#
738	117.727	13	14	21	200	#
739	943.292	2	3	4	9	10	11	12	13	17	18	19	26	27	34	201	#
740	1178.15	4	12	19	20	26	27	28	34	36	37	42	45	50	58	201	#
741	953.124	2	10	18	25	26	27	28	33	34	35	36	37	40	41	201	#
742	951.187	2	4	5	6	10	11	12	13	19	20	21	28	36	37	201	#
743	935.92	19	25	26	27	28	34	35	42	43	44	49	50	58	59	201	#
744	877.982	1	2	3	4	9	10	11	15	16	17	18	19	24	32	201	#
745	1066.78	41	42	43	44	47	48	49	50	51	52	53	54	55	57	58	59	60	61	62	63	202	#
746	1382.09	28	30	36	37	38	43	44	45	46	50	52	53	54	55	58	59	60	61	62	63	202	#
747	1361.94	22	23	29	30	31	36	38	39	43	44	45	46	47	53	54	55	60	61	62	63	202	#
748	1283.49	20	27	28	29	36	37	38	42	43	44	45	46	49	50	52	53	54	55	58	59	202	#
749	1255.06	28	35	36	37	43	44	46	47	50	51	52	53	54	55	58	59	60	61	62	63	202	#
750	1238.53	34	35	36	37	38	44	45	46	47	50	52	53	54	55	57	58	59	60	61	62	202	#
751	416.324	30	37	38	39	45	47	203	#
752	472.245	29	30	31	37	38	39	203	#
753	458.011	21	22	30	31	38	39	203	#
754	387.575	27	28	36	37	44	45	203	#
755	329.273	37	38	39	45	46	47	203	#
756	266.414	43	44	45	46	52	54	203	#
757	1760.04	5	10	11	18	19	25	27	28	29	32	33	34	35	36	37	38	40	41	42	43	44	45	46	48	49	50	51	52	56	57	59	204	#
758	2043.96	17	19	20	25	26	27	28	29	33	34	35	36	37	38	40	41	42	43	44	48	49	50	52	53	56	57	58	59	60	61	62	204	#
759	1987.81	14	21	22	23	26	27	28	29	30	31	33	34	35	36	37	38	39	42	43	44	45	46	47	52	53	54	55	60	61	62	63	204	#
760	1872.99	2	3	10	11	18	19	20	21	27	28	29	30	31	32	33	34	35	36	37	38	39	40	41	42	43	44	45	46	48	50	59	204	#
761	1843.42	10	11	12	14	19	20	21	22	26	27	28	29	32	33	34	35	36	37	41	42	43	44	49	50	51	52	57	59	60	62	63	204	#
762	1839.41	12	18	19	20	26	27	28	29	36	37	38	39	44	45	46	47	48	49	50	51	52	53	54	55	56	57	58	59	60	61	62	204	#
763	967.812	26	32	33	34	40	41	42	48	49	50	51	55	57	58	62	63	205	#
764	1288.82	18	25	26	27	28	34	35	41	42	43	44	45	46	51	52	59	205	#
765	1055.16	2	10	38	46	51	52	53	54	55	57	58	59	60	61	62	63	205	#
766	983.498	1	2	33	34	41	42	43	48	49	50	51	57	59	60	61	62	205	#
767	981.841	25	33	37	41	42	45	46	48	49	50	51	52	56	57	58	59	205	#
768	976.165	19	20	27	34	35	42	43	44	50	51	52	55	57	58	59	63	205	#
769	16.1661	17	18	#
770	520.442	30	38	46	47	54	55	62	206	#
771	559.567	16	22	24	29	30	38	46	206	#
772	552.051	28	29	30	31	36	37	38	206	#
773	533.553	30	38	39	45	46	47	54	206	#
774	526.367	12	20	54	60	61	62	63	206	#
775	519.971	39	46	47	54	55	62	63	206	#
776	314.973	4	12	13	21	58	207	#
777	335.996	21	23	29	30	31	207	#
778	300.454	4	11	12	19	27	207	#
779	281.636	13	21	28	29	30	207	#
780	215.26	50	51	57	58	59	207	#
781	94.3673	3	4	5	42	50	207	#
782	24.011	56	#
783	255.264	52	53	54	61	62	208	#
784	308.707	38	45	46	54	55	208	#
785	289.277	52	53	60	61	62	208	#
786	264.755	44	52	53	60	61	208	#
787	257.403	52	57	58	59	60	208	#
788	168.562	52	53	59	60	61	208	#
789	579.303	1	8	9	10	11	17	18	19	20	25	27	60	209	#
790	836.352	1	4	9	10	11	12	17	19	20	27	28	35	209	#
791	745.795	13	14	20	21	27	28	29	34	35	37	42	50	209	#
792	717.722	0	1	2	9	10	17	18	25	26	27	33	34	209	#
793	673.662	7	11	14	18	19	20	21	22	26	27	28	35	209	#
794	673.346	9	10	11	17	18	19	25	26	27	34	35	43	209	#
795	1058.98	4	11	12	13	19	20	21	40	41	42	43	44	49	50	58	59	62	210	#
796	1317.4	0	1	11	12	19	20	27	28	29	33	34	35	36	37	41	42	43	210	#
797	1302.86	4	8	12	13	19	20	21	22	27	28	29	34	35	36	37	44	45	210	#
798	1290.01	4	5	7	11	12	13	15	19	20	21	25	26	27	34	35	42	43	210	#
799	1220.1	7	11	12	13	15	19	20	21	22	23	24	28	29	32	37	40	58	210	#
800	1100.63	1	2	3	4	6	7	11	12	13	14	15	19	20	21	22	23	29	210	#
801	1124.51	4	5	6	7	11	12	13	14	15	20	21	22	29	30	38	211	#
802	1312.01	4	5	11	12	13	20	21	27	28	29	30	37	38	45	46	211	#
803	1261.36	3	4	5	6	7	12	13	14	20	21	27	28	29	36	62	211	#
804	1228.04	7	11	12	14	15	19	20	21	23	26	27	28	34	36	37	211	#
805	1218.35	4	5	6	12	13	14	15	21	23	28	29	30	31	37	38	211	#
806	1216.92	11	12	13	20	25	26	27	28	29	30	33	34	36	38	42	211	#
807	2219.23	1	9	11	12	17	18	19	20	25	26	28	31	32	33	34	35	37	38	39	40	41	42	43	44	45	46	47	48	49	50	51	52	53	54	57	58	59	60	61	62	212	#
808	2393.81	4	10	12	17	20	25	26	28	29	32	33	34	35	36	37	38	39	40	41	42	43	44	45	46	47	48	49	50	51	52	53	54	55	57	58	59	60	61	62	63	212	#
809	2387.58	1	2	11	12	13	17	20	24	25	26	30	32	33	34	35	38	39	40	41	42	43	44	45	46	47	48	49	50	51	52	53	54	56	57	58	59	60	61	62	63	212	#
810	2348.22	0	1	2	3	4	11	12	13	14	15	19	20	21	26	27	28	29	30	34	35	36	37	38	39	43	44	45	46	47	50	51	52	53	54	57	58	59	60	61	62	212	#
811	2336.9	4	5	6	8	11	12	13	16	20	21	24	28	29	32	36	37	38	39	40	42	43	44	45	46	47	48	49	50	51	52	53	54	55	56	58	59	60	61	62	63	212	#
812	2324	6	14	19	20	21	22	23	26	27	28	29	30	31	35	36	37	38	39	41	42	43	44	45	46	47	48	49	50	51	52	53	54	55	56	57	58	59	60	61	62	212	#
813	244.597	50	51	52	53	59	60	61	213	#
814	361.785	51	52	53	58	59	60	61	213	#
815	359.161	44	52	53	54	58	59	60	213	#
816	308.634	42	49	50	51	57	58	59	213	#
817	301.213	28	36	43	44	50	51	59	213	#
818	189.235	11	12	13	20	214	#
819	174.656	4	12	13	21	214	#
820	156.352	12	13	20	21	214	#
821	93.7374	13	20	21	22	214	#
822	118.982	27	35	36	#
823	884.576	8	16	19	20	28	36	37	42	45	48	50	51	52	57	58	59	60	215	#
824	1175.86	19	20	26	27	28	29	34	36	37	38	41	42	44	45	46	49	54	215	#
825	986.165	1	2	3	4	5	10	11	12	13	19	20	21	28	29	30	36	37	215	#
826	921.096	20	27	28	29	33	34	37	41	42	48	49	50	51	52	58	59	60	215	#
827	889.245	27	28	29	30	33	34	35	36	37	38	44	45	46	47	52	55	60	215	#
828	859.082	4	11	12	13	19	20	21	22	23	27	28	29	34	35	48	49	50	215	#
829	93.3393	5	13	216	#
830	65.6643	13	21	216	#
831	533.839	20	27	28	36	37	45	217	#
832	564.028	28	29	37	38	44	45	217	#
833	533.76	27	28	36	37	38	45	217	#
834	500.132	19	26	27	34	35	42	217	#
835	492.881	36	37	38	43	44	45	217	#
836	479.043	28	36	37	43	44	58	217	#
837	339.097	54	61	62	63	218	#
838	377.025	53	61	62	63	218	#
839	354.14	55	61	62	63	218	#
840	118.503	61	#
841	753.146	11	12	13	19	20	21	22	27	29	35	36	43	44	45	219	#
842	1095.77	19	20	26	27	28	34	36	37	38	39	44	45	46	47	219	#
843	977.604	5	6	12	13	14	15	19	20	21	22	26	27	28	34	219	#
844	957.282	5	6	7	14	19	20	21	22	27	28	29	30	35	37	219	#
845	922.75	11	12	13	19	20	26	27	28	29	30	35	36	38	44	219	#
846	910.961	28	35	36	37	38	39	43	44	45	46	47	54	55	63	219	#
847	108.543	41	49	56	57	#
848	715.046	27	34	35	40	41	42	43	48	49	57	221	#
849	731.396	14	19	20	21	26	27	28	34	35	36	221	#
850	716.021	20	27	28	33	34	35	41	42	43	51	221	#
851	705.114	26	27	33	34	35	40	41	42	49	50	221	#
852	635.227	34	35	40	41	42	43	46	47	51	54	221	#
853	603.435	25	32	33	34	40	41	42	43	49	50	221	#
854	904.667	4	5	6	7	12	13	14	15	19	20	21	22	23	29	30	31	222	#
855	1175.54	11	12	13	14	20	21	27	28	29	30	34	35	36	37	43	44	222	#
856	1154.58	4	5	6	7	13	14	15	20	21	29	46	54	55	61	62	63	222	#
857	1062.69	22	27	28	29	30	31	34	35	36	37	42	43	44	45	50	51	222	#
858	1007.62	2	10	13	18	19	20	21	26	27	28	32	33	34	36	37	42	222	#
859	1001.87	22	23	28	29	30	31	37	38	39	45	46	47	53	54	61	62	222	#
860	388.12	5	6	7	14	15	20	21	22	30	223	#
861	567.002	14	15	21	22	23	31	36	38	39	223	#
862	554.544	4	12	13	21	22	29	30	31	38	223	#
863	525.124	6	14	15	21	22	23	29	30	38	223	#
864	487.329	5	11	12	13	16	19	20	21	24	223	#
865	444.002	6	7	14	15	21	22	23	30	31	223	#
866	1121.94	2	3	8	9	10	11	17	18	19	25	26	27	28	34	35	36	37	46	54	55	224	#
867	1679.55	21	22	23	26	27	28	29	30	34	36	37	38	39	43	44	45	46	47	52	53	224	#
868	1549.82	10	11	12	14	15	20	21	25	26	27	28	29	30	34	35	36	37	38	39	45	224	#
869	1498.38	27	28	29	30	31	35	36	37	38	39	44	45	46	47	53	54	55	61	62	63	224	#
870	1496.21	18	19	25	26	27	28	34	35	36	37	43	44	45	50	51	52	58	59	62	63	224	#
871	1466.92	10	11	16	17	18	19	20	21	22	23	25	26	27	28	30	34	35	37	41	42	224	#
872	605.48	11	12	19	20	28	29	30	225	#
873	593.527	3	4	12	13	20	28	29	225	#
874	537.443	22	28	29	30	38	46	54	225	#
875	503.501	27	28	35	36	37	44	52	225	#
876	471.294	21	22	23	28	29	30	31	225	#
877	468.536	4	10	11	12	13	19	20	225	#
878	439.882	9	10	11	12	13	19	20	21	226	#
879	644.266	2	10	11	12	13	19	27	28	226	#
880	551.141	2	3	4	5	11	12	13	19	226	#
881	526.677	11	12	13	14	20	28	37	45	226	#
882	482.398	1	2	3	4	12	13	58	59	226	#
883	466.903	4	9	10	11	12	17	19	27	226	#
884	939.928	24	32	33	34	39	40	41	42	43	44	49	50	51	52	57	58	59	227	#
885	1144.37	10	16	17	24	25	26	27	32	33	34	35	40	41	42	43	50	51	227	#
886	1129.48	16	24	25	32	33	34	35	40	41	42	43	49	53	59	60	61	62	227	#
887	1081.08	16	24	25	26	32	33	40	41	42	48	49	50	51	52	53	57	58	227	#
888	1068.62	29	30	32	33	36	37	38	39	40	42	43	44	45	46	50	51	54	227	#
889	1052.33	2	3	8	9	10	16	17	18	24	25	26	30	33	34	40	41	42	227	#
890	369.544	0	1	5	6	8	9	13	45	46	47	228	#
891	477.268	5	6	7	11	12	13	15	21	22	23	228	#
892	457.981	1	4	5	9	10	11	12	13	18	20	228	#
893	435.661	1	2	3	8	9	10	16	18	26	34	228	#
894	432.133	0	1	2	3	4	5	8	10	12	13	228	#
895	311.342	0	1	8	9	10	16	17	18	24	25	228	#
896	498.865	6	7	14	15	20	21	23	31	229	#
897	542.924	19	20	27	28	29	35	36	43	229	#
898	499.632	6	7	14	15	21	53	60	61	229	#
899	487.291	4	5	6	7	13	14	15	21	229	#
900	479.846	14	17	18	21	26	34	42	43	229	#
901	473.347	6	14	15	23	35	43	51	60	229	#
902	815.527	0	1	2	8	9	10	16	17	18	24	25	26	32	33	34	40	41	42	230	#
903	1101.89	9	25	31	33	34	35	38	39	40	41	42	43	44	45	46	50	52	53	230	#
904	1040.51	9	10	17	18	23	25	30	31	33	34	41	46	54	55	60	61	62	63	230	#
905	963.449	9	11	16	17	18	19	25	26	27	28	33	34	35	41	42	43	50	58	230	#
906	955.822	0	1	2	3	4	8	9	12	13	14	21	29	33	37	42	45	50	58	230	#
907	926.741	1	2	25	32	33	34	35	40	41	42	48	49	50	56	57	58	59	60	230	#
908	677.481	11	32	33	34	41	42	46	49	50	51	54	58	59	62	231	#
909	1009.34	22	28	29	30	37	38	46	47	54	55	60	61	62	63	231	#
910	932.366	28	36	37	38	39	44	45	46	47	52	54	55	59	60	231	#
911	859.216	8	12	16	17	19	20	25	26	27	28	33	34	41	42	231	#
912	844.823	4	5	11	12	13	14	19	20	21	27	28	35	43	63	231	#
913	836.364	14	16	24	32	35	40	41	42	43	44	45	48	49	50	231	#
914	348.187	3	4	5	6	7	9	11	12	13	14	17	21	232	#
915	512.245	4	5	6	7	13	14	15	19	20	21	23	29	232	#
916	488.491	1	2	8	9	10	17	18	25	26	32	33	41	232	#
917	306.245	3	4	7	9	10	11	12	13	15	17	18	19	232	#
918	360.449	38	46	47	55	62	63	233	#
919	442.45	41	46	49	50	57	58	233	#
920	437.966	30	35	37	38	45	46	233	#
921	334.915	52	54	60	61	62	63	233	#
922	296.627	38	46	53	54	55	63	233	#
923	283.636	47	54	55	61	62	63	233	#
924	540.065	42	43	44	49	50	51	52	57	58	59	234	#
925	617.41	37	38	41	42	43	49	50	51	57	58	234	#
926	537.272	42	43	48	49	50	51	56	57	58	59	234	#
927	535.435	42	43	44	50	51	52	57	58	59	60	234	#
928	510.911	43	44	50	51	52	53	54	60	61	62	234	#
929	472.272	25	33	34	35	42	43	50	52	58	59	234	#
930	596.257	0	1	2	8	9	16	17	24	25	32	33	42	50	235	#
931	840.717	25	26	27	32	33	34	35	42	43	50	51	58	59	235	#
932	716.906	2	9	10	11	13	19	20	21	22	27	28	29	35	235	#
933	697.56	3	4	17	22	25	27	32	33	34	35	40	41	42	235	#
934	1118.57	17	18	24	25	26	27	28	32	33	34	35	36	40	41	42	43	44	48	49	50	51	236	#
935	1330.59	14	20	21	22	23	27	28	29	31	36	37	38	39	45	46	53	54	55	61	62	63	236	#
936	1260.96	17	18	25	26	27	28	29	33	34	35	41	42	43	46	49	50	51	53	54	61	62	236	#
937	1214.2	7	20	21	27	28	29	36	37	38	42	43	44	45	46	50	51	52	53	54	60	61	236	#
938	1207.17	12	18	19	20	25	26	27	28	29	33	34	35	40	41	42	43	44	50	51	52	59	236	#
939	1176.79	17	25	26	27	28	33	34	35	40	41	42	43	44	48	49	50	52	56	57	59	60	236	#
940	793.868	1	9	25	26	27	28	31	33	34	35	237	#
941	777.982	12	14	20	21	27	28	29	30	37	45	237	#
942	753.718	19	20	27	28	29	30	36	37	38	45	237	#
943	674.877	25	26	27	33	34	35	42	43	50	51	237	#
944	597.934	2	9	10	11	17	18	25	26	33	34	237	#
945	589.08	2	10	17	18	25	26	30	31	39	47	237	#
946	541.516	2	3	4	5	12	13	19	20	238	#
947	682.453	19	20	25	26	27	28	34	35	238	#
948	521.685	2	3	4	5	12	19	20	21	238	#
949	463.156	3	4	5	6	12	13	20	21	238	#
950	449.917	0	1	2	3	4	9	38	39	238	#
951	440.921	2	3	4	12	20	21	22	47	238	#
952	645.825	10	16	17	18	25	26	27	33	34	41	42	43	239	#
953	840.15	19	25	26	27	28	32	33	34	40	41	42	48	239	#
954	767.15	8	16	22	23	24	29	30	31	32	39	46	47	239	#
955	663.635	16	17	18	19	25	26	27	28	35	36	44	45	239	#
956	652.229	25	32	33	34	35	38	40	41	42	48	49	50	239	#
957	643.326	25	26	27	32	33	34	35	41	42	49	50	57	239	#
958	401.822	0	1	2	8	9	10	16	24	240	#
959	452.674	1	2	8	9	10	14	16	24	240	#
960	375.261	0	1	8	29	30	38	44	52	240	#
961	315.807	8	9	16	24	32	40	41	49	240	#
962	304.901	2	3	4	10	11	12	18	20	240	#
963	304.689	0	1	2	3	8	9	10	11	240	#
964	177.028	1	2	3	9	241	#
965	252.077	0	1	9	10	241	#
966	129.493	2	3	9	10	241	#
967	75.927	3	4	5	13	241	#
968	629.399	33	35	41	42	43	44	48	49	50	51	56	57	58	59	242	#
969	879.639	27	34	35	41	42	50	51	55	57	58	59	61	62	63	242	#
970	850.846	20	27	28	36	37	42	44	50	51	52	57	58	59	60	242	#
971	842.107	25	33	34	36	37	38	39	42	43	44	45	46	50	52	242	#
972	841.987	24	26	32	33	34	35	40	41	42	43	48	49	56	57	242	#
973	814.984	20	25	26	27	28	33	34	35	41	42	43	49	50	59	242	#
974	1340.46	0	1	2	3	4	5	6	7	8	9	11	12	13	14	15	16	17	20	21	22	28	29	30	31	39	50	51	243	#
975	1771.44	0	1	8	9	10	11	15	16	17	18	20	22	23	24	25	26	27	28	29	30	31	34	38	39	45	46	47	243	#
976	1741.62	4	5	6	12	13	19	20	28	32	36	37	38	39	40	42	43	44	45	46	47	52	53	57	58	59	60	61	243	#
977	1728.54	5	6	7	12	13	14	15	20	21	22	23	27	29	30	31	34	35	37	38	39	45	46	47	54	55	62	63	243	#
978	1710.98	5	6	7	12	13	14	15	19	20	21	22	23	27	28	29	30	31	36	37	38	39	45	46	47	54	55	63	243	#
979	1691.49	1	2	3	4	5	6	7	11	12	13	15	20	21	22	23	28	29	30	31	36	37	38	39	45	46	47	54	243	#
980	814.604	6	7	13	14	15	19	20	21	22	23	28	29	30	36	244	#
981	1116.63	6	7	12	13	14	15	19	20	21	23	27	28	29	37	244	#
982	1114.8	5	6	12	13	19	20	21	27	28	29	37	43	44	45	244	#
983	1016.16	11	12	20	21	22	23	27	28	29	30	31	36	37	39	244	#
984	1014.15	19	20	28	29	30	31	36	37	38	39	44	45	46	54	244	#
985	990.749	19	20	27	28	29	33	34	35	36	37	43	45	55	63	244	#
986	907.323	4	5	13	36	44	46	47	52	53	54	55	60	61	62	63	245	#
987	1037.13	31	37	38	39	44	45	46	47	52	53	54	55	61	62	63	245	#
988	985.16	24	30	32	37	38	39	44	46	47	52	53	54	60	61	62	245	#
989	940.395	31	36	37	38	39	45	46	47	52	53	54	55	61	62	63	245	#
990	916.789	0	1	2	3	4	5	6	7	10	12	13	14	20	21	28	245	#
991	903.631	41	42	44	46	47	49	50	52	53	54	55	57	59	61	62	245	#
992	434.891	37	39	45	46	47	54	246	#
993	536.805	30	37	38	45	46	54	246	#
994	461.342	38	46	47	54	55	62	246	#
995	428.831	37	44	45	46	52	54	246	#
996	314.759	25	30	37	38	39	47	246	#
997	275.357	11	12	20	21	29	47	246	#
998	861.418	7	12	14	15	20	21	22	23	29	30	31	38	247	#
999	1056.86	20	21	23	28	29	30	31	36	37	38	39	44	247	#
1000	1013.47	14	15	23	31	37	38	39	43	44	45	46	47	247	#
1001	966.623	12	20	21	27	28	29	30	35	36	60	61	62	247	#
1002	959.649	7	15	23	30	31	38	39	43	46	47	53	61	247	#
1003	928.858	6	7	14	15	21	28	29	30	36	37	38	39	247	#
