%% File generated by CATS v.2.1Wed Jun 22 10:37:44 2022

%% The CATS webpage is http://robotics.stanford.edu/CATS

%% PARAMETER SETTINGS:
% Goods: 64; Bids: 1000; Distribution: regions; Runs: 1; Seed: 1656572937
% Regions Distribution Parameters:
% Max Substitutable Bids = 5
% Removing HV Neighbor   = 0.1
% Adding DIAG Neighbor   = 0.2
% Additional Location    = 0.9
% Jump Probability       = 0.05
% Additivity             = 0.2
% Budget Factor          = 1.5
% Resale Factor          = 0.5
% Uniform Private Value:
%   Deviation            = 0.5
%   Max Good Value       = 100



goods 64
bids 1005
dummy 193

0	166.643	19	27	#
1	155.33	49	57	64	#
2	135.54	41	49	64	#
3	198.533	19	20	27	65	#
4	247.404	20	27	28	65	#
5	121.421	24	32	#
6	192.863	49	56	57	58	66	#
7	258.698	41	49	56	57	66	#
8	230.834	49	57	58	59	66	#
9	472.155	11	12	19	20	21	26	27	28	29	67	#
10	577.568	6	13	14	15	21	27	28	29	55	67	#
11	562.652	4	5	8	9	11	12	13	17	19	67	#
12	535.618	4	11	12	20	21	28	29	37	38	67	#
13	503.63	11	12	19	20	26	27	28	29	35	67	#
14	494.303	11	13	19	21	25	26	27	28	29	67	#
15	657.92	33	41	42	44	49	50	51	52	53	57	58	59	60	68	#
16	957.816	35	43	45	46	51	52	53	54	59	60	61	62	63	68	#
17	919.573	14	22	30	37	38	44	46	52	53	54	60	61	62	68	#
18	904.227	46	50	52	53	54	55	57	58	59	60	61	62	63	68	#
19	898.355	17	41	43	44	49	50	51	52	53	57	58	59	61	68	#
20	894.143	1	2	3	11	19	27	42	43	49	50	57	58	59	68	#
21	270.745	10	12	13	69	#
22	274.802	12	13	20	69	#
23	254.085	2	10	11	69	#
24	228.491	13	20	21	70	#
25	261.708	12	13	21	70	#
26	255.128	12	20	28	70	#
27	131.035	13	21	29	70	#
28	192.28	1	2	#
29	237.625	0	1	#
30	815.486	6	7	14	15	22	23	30	31	38	39	48	50	56	57	72	#
31	1072.86	3	4	5	6	7	12	13	14	15	22	23	30	31	38	72	#
32	1058.82	6	7	12	13	14	15	20	21	22	23	28	30	31	38	72	#
33	1051.43	4	7	12	13	14	15	21	22	23	28	29	31	37	38	72	#
34	1016.03	4	6	7	10	11	12	13	14	15	21	22	23	30	31	72	#
35	998.679	6	7	14	15	20	21	22	23	28	29	30	31	37	38	72	#
36	1494.89	19	20	28	29	35	36	37	38	44	45	46	47	49	50	51	52	53	54	55	56	57	58	59	60	61	62	63	73	#
37	1760.28	27	28	29	30	37	38	40	41	42	44	45	46	47	49	50	51	52	53	54	55	56	57	58	59	60	62	63	73	#
38	1755.88	0	1	2	8	9	11	12	16	17	18	27	28	29	36	37	40	41	42	44	45	49	50	51	52	57	58	59	73	#
39	1751.75	7	14	15	22	23	30	31	37	38	39	40	41	42	44	47	49	50	51	52	54	55	56	57	58	59	60	62	73	#
40	1745.52	0	4	5	6	7	8	15	16	37	39	44	45	46	47	49	50	51	52	53	54	55	57	58	59	61	62	63	73	#
41	1726.22	0	3	4	5	11	12	16	17	18	19	27	28	29	37	38	44	45	46	51	52	53	54	55	59	61	62	63	73	#
42	630.552	42	43	46	47	51	52	53	54	59	60	74	#
43	701.394	17	25	33	34	35	41	42	43	51	59	74	#
44	631.612	35	36	42	43	44	51	52	58	59	60	74	#
45	596.628	29	30	31	37	38	39	46	47	53	54	74	#
46	591.291	35	41	42	43	44	51	52	58	59	60	74	#
47	578.909	44	46	47	51	52	53	54	55	59	60	74	#
48	523.244	6	7	14	15	22	23	30	31	55	75	#
49	651.285	14	15	21	22	23	30	37	38	46	75	#
50	626.949	20	21	22	23	30	31	38	46	53	75	#
51	588.252	7	12	13	14	15	21	22	23	31	75	#
52	566.616	7	12	14	15	21	22	23	37	45	75	#
53	562.852	6	7	13	14	15	21	22	23	31	75	#
54	711.247	38	44	46	47	52	53	54	59	61	62	76	#
55	703.71	44	47	51	52	54	55	59	60	61	62	76	#
56	667.891	38	39	44	45	46	52	53	54	61	62	76	#
57	655.889	37	44	45	51	52	54	55	61	62	63	76	#
58	605.557	36	42	44	50	51	52	57	58	59	60	76	#
59	598.914	44	45	52	53	56	57	59	60	61	62	76	#
60	113.151	60	61	77	#
61	92.9103	52	60	77	#
62	38.2428	44	52	53	#
63	1062.72	4	5	6	7	10	11	12	13	14	20	21	22	23	28	55	63	78	#
64	1383.91	2	4	5	6	7	10	11	12	13	18	19	20	27	34	35	42	78	#
65	1223.1	2	3	4	5	6	7	9	10	11	12	19	20	26	27	34	35	78	#
66	1200.55	2	4	5	6	7	10	11	12	14	15	19	20	22	23	26	27	78	#
67	1183.8	2	4	5	6	7	9	10	11	12	13	18	19	20	26	27	28	78	#
68	1183.38	1	2	9	10	11	12	18	19	20	26	27	28	29	34	35	37	78	#
69	129.411	1	#
70	360.557	13	19	20	21	27	29	79	#
71	498.659	13	20	21	29	37	45	79	#
72	434.787	12	13	14	20	21	22	79	#
73	347.05	17	18	19	20	21	27	79	#
74	341.819	6	13	14	15	21	22	79	#
75	321.782	12	18	19	20	27	28	79	#
76	343.933	8	9	16	17	52	60	80	#
77	464.042	0	8	9	10	16	17	80	#
78	458.226	0	8	9	16	17	25	80	#
79	423.141	44	51	52	58	59	61	80	#
80	406.434	16	17	24	25	32	33	80	#
81	393.145	8	9	16	17	18	25	80	#
82	1540.93	2	3	4	5	6	7	10	11	12	13	14	15	18	19	20	21	22	23	28	29	30	31	37	39	81	#
83	2027.72	0	1	2	3	4	6	10	11	12	13	14	16	17	18	19	20	26	27	28	29	34	40	41	43	81	#
84	1803.45	1	2	3	10	11	18	19	20	26	27	28	33	34	35	40	41	42	43	44	50	51	52	57	59	81	#
85	1784.77	1	2	3	4	5	6	7	9	10	11	12	13	14	15	19	21	22	26	27	28	30	34	41	42	81	#
86	1763.08	3	4	10	11	12	13	17	18	19	20	21	22	25	26	27	28	29	34	35	36	37	44	45	52	81	#
87	1740.92	2	3	4	5	6	7	10	11	12	13	14	15	19	20	21	22	23	28	29	30	35	37	43	51	81	#
88	205.332	51	52	53	61	62	82	#
89	254.277	19	50	51	58	59	82	#
90	226.958	51	52	53	59	60	82	#
91	226.434	55	60	61	62	63	82	#
92	213.271	46	53	54	60	61	82	#
93	174.096	52	54	60	61	62	82	#
94	94.9359	7	#
95	7.86101	3	#
96	240.815	34	41	49	83	#
97	207.807	33	41	49	83	#
98	68.6579	15	23	#
99	91.7256	31	#
100	1555.14	5	6	8	14	15	16	22	23	24	30	31	32	33	37	38	39	40	41	44	45	46	47	52	54	55	58	59	63	85	#
101	1896.24	0	8	9	10	16	17	18	19	24	26	27	30	31	32	33	34	35	37	38	39	40	41	42	43	45	46	48	50	85	#
102	1884.47	4	5	6	10	12	13	14	16	17	18	19	20	21	22	23	25	26	28	30	31	34	35	41	43	44	51	52	59	85	#
103	1860.15	4	5	6	7	8	12	14	15	16	17	18	19	20	21	22	23	24	26	27	28	29	30	31	32	35	36	39	40	85	#
104	1840.71	10	16	17	18	19	24	26	27	32	33	34	35	40	41	42	43	44	45	46	48	50	51	52	57	58	59	60	61	85	#
105	1831.13	13	14	18	19	20	21	22	23	26	27	28	29	30	31	34	35	36	37	38	39	44	45	46	47	51	52	59	61	85	#
106	818.883	29	37	47	50	52	53	54	55	58	59	60	61	62	63	86	#
107	972.431	29	30	37	38	39	43	47	49	50	51	52	55	58	59	86	#
108	945.068	7	12	15	20	21	22	29	37	38	52	53	58	59	60	86	#
109	902.851	22	23	30	31	37	38	39	47	52	53	54	55	60	61	86	#
110	883.487	33	34	40	41	42	43	49	50	51	52	58	59	60	61	86	#
111	872.318	17	25	40	41	42	50	51	52	53	58	59	60	61	62	86	#
112	120.963	29	37	#
113	605.445	4	6	12	13	14	22	87	#
114	587.278	6	7	14	22	30	31	87	#
115	496.819	4	5	6	13	14	21	87	#
116	454.456	3	4	5	10	11	12	87	#
117	446.416	4	5	9	10	11	12	87	#
118	439.707	12	13	20	59	60	61	87	#
119	185.952	32	33	41	42	88	#
120	269.133	25	32	33	34	88	#
121	177.31	25	32	33	40	88	#
122	173.682	24	32	33	41	88	#
123	819.912	2	8	9	10	16	17	18	19	25	26	33	38	39	41	89	#
124	1058.3	2	3	9	10	11	16	17	18	19	25	26	30	34	41	89	#
125	1023.9	1	2	3	9	10	11	17	18	19	26	27	34	41	43	89	#
126	1011.26	8	9	10	16	17	18	25	26	27	33	34	35	36	43	89	#
127	1008.53	17	18	19	20	25	26	32	33	34	35	40	41	43	51	89	#
128	989.702	2	3	9	10	11	17	18	19	20	26	27	28	34	41	89	#
129	217.716	27	28	#
130	3337.41	1	2	3	4	5	6	7	8	9	10	11	12	13	14	15	17	18	19	20	21	22	23	25	26	27	28	29	30	31	32	34	35	36	37	38	39	40	41	42	43	44	45	46	48	49	50	51	52	56	57	59	60	61	90	#
131	3531.05	0	1	2	3	4	5	6	8	9	10	11	12	13	14	15	17	18	19	20	21	22	25	26	27	28	29	30	31	34	35	36	37	38	39	41	42	43	44	45	46	49	50	51	52	54	55	56	57	59	60	61	62	63	90	#
132	3509.04	1	2	3	4	5	6	7	9	10	11	12	13	14	15	17	18	19	20	21	22	23	25	26	27	28	29	30	31	35	37	38	40	41	42	44	45	46	47	48	49	50	51	52	53	54	55	56	57	59	60	61	62	63	90	#
133	3450.99	0	1	2	3	4	5	6	8	9	10	11	12	13	14	17	18	19	20	21	22	24	25	26	27	28	29	30	31	32	34	35	37	38	39	40	41	42	43	44	45	46	48	49	50	51	52	54	56	57	59	60	61	62	90	#
134	3445.37	2	3	4	5	6	7	8	9	10	11	12	13	14	15	16	17	18	19	20	21	22	23	24	25	26	27	28	29	30	31	33	34	35	37	38	39	41	42	43	44	45	46	49	50	51	52	54	55	56	57	59	60	61	90	#
135	3444	0	1	2	3	4	5	6	7	8	9	10	11	12	13	14	15	17	18	19	20	21	22	23	25	26	27	28	29	30	31	34	35	37	38	39	40	41	42	44	45	46	47	48	50	51	52	55	56	57	59	61	62	63	90	#
136	76.7693	13	#
137	1606.66	0	1	2	3	8	9	11	12	16	17	18	19	20	25	26	27	28	32	33	34	41	42	49	50	56	57	91	#
138	2056.48	12	13	14	16	17	18	19	20	21	22	26	27	28	29	34	35	36	37	42	43	49	50	51	56	57	59	91	#
139	1961.33	3	4	6	7	11	12	13	14	18	19	20	21	22	23	25	26	27	28	29	33	34	37	43	45	50	51	91	#
140	1932.59	4	5	6	7	9	11	12	13	14	15	17	18	19	20	21	22	23	26	27	28	29	33	34	35	37	43	91	#
141	1891.49	3	4	5	6	7	12	13	14	15	16	20	21	22	24	26	28	32	34	41	42	43	49	50	51	56	57	91	#
142	1837.15	0	1	2	8	9	10	11	12	17	18	19	20	21	22	26	27	28	34	41	42	43	44	49	50	51	58	91	#
143	1133.2	19	20	21	29	32	33	37	40	41	42	45	46	48	49	50	51	52	53	54	58	59	60	61	92	#
144	1507.39	9	10	12	13	14	17	18	19	20	21	22	26	27	28	29	35	37	38	45	46	53	54	61	92	#
145	1504.74	7	14	15	16	20	21	22	23	24	29	30	37	38	39	45	46	52	53	54	55	60	61	63	92	#
146	1482.6	6	12	13	14	18	20	21	22	23	26	27	28	29	30	37	38	39	45	51	52	53	58	59	92	#
147	1480.61	19	27	28	29	30	37	38	42	43	45	46	49	50	51	52	53	54	55	56	58	59	60	61	92	#
148	1477.21	22	23	30	31	36	37	38	39	42	45	46	47	49	50	51	52	53	54	55	58	59	60	61	92	#
149	335.02	18	19	20	28	53	54	55	63	93	#
150	498.218	41	42	49	50	51	52	55	63	93	#
151	492.055	11	18	19	20	27	28	34	35	93	#
152	487.383	39	45	46	47	54	55	62	63	93	#
153	474.055	11	18	19	27	28	34	35	36	93	#
154	458.883	45	46	50	51	52	53	54	62	93	#
155	954.526	12	13	19	20	21	26	27	34	35	42	43	94	#
156	893.699	25	26	27	32	33	34	35	36	42	43	50	94	#
157	846.986	9	10	18	19	25	26	27	28	34	35	36	94	#
158	788.755	12	13	14	18	19	20	27	28	46	54	62	94	#
159	787.346	18	25	26	27	33	34	35	43	54	55	63	94	#
160	785.643	6	12	13	14	19	20	21	22	27	28	29	94	#
161	1514.28	25	30	31	33	34	35	36	38	40	41	42	44	45	48	49	50	51	52	53	56	57	58	61	62	63	95	#
162	1893.21	5	6	7	13	14	15	21	22	23	30	31	35	36	37	38	39	44	45	46	47	51	52	53	55	59	95	#
163	1695.22	5	6	7	14	25	26	27	28	32	33	34	35	36	40	41	42	44	49	50	51	52	57	58	59	60	95	#
164	1694.99	22	26	27	30	33	34	35	36	37	38	40	41	42	44	45	46	47	49	50	51	52	57	58	59	60	95	#
165	1679.18	5	6	12	14	20	22	25	32	33	34	37	40	41	42	44	45	46	49	50	51	52	53	57	58	59	95	#
166	1649.72	21	26	27	28	34	35	36	37	38	39	41	42	44	45	46	47	51	52	53	54	55	59	60	61	62	95	#
167	197.225	51	52	57	58	59	96	#
168	291.058	16	45	52	53	59	96	#
169	247.152	43	51	52	59	60	96	#
170	238.561	49	56	57	58	59	96	#
171	191.821	25	28	29	59	60	96	#
172	144.019	50	56	57	58	59	96	#
173	247.617	12	20	27	28	97	#
174	286.222	12	30	38	39	97	#
175	278.355	19	20	26	27	97	#
176	269.921	28	34	35	43	97	#
177	164.38	13	19	20	21	97	#
178	69.3137	22	23	98	#
179	59.7168	15	23	98	#
180	1242.71	13	14	21	22	23	30	31	37	38	39	45	46	47	54	55	61	62	63	99	#
181	1324.54	33	34	35	36	39	40	41	42	43	45	46	47	49	50	55	61	62	63	99	#
182	1316.23	7	12	13	14	15	21	22	23	30	31	37	38	39	45	47	55	62	63	99	#
183	1237.76	7	12	13	14	15	21	22	23	25	30	31	39	45	46	47	55	56	63	99	#
184	1222.62	14	22	23	30	37	38	39	45	46	47	52	54	55	58	59	61	62	63	99	#
185	1211.7	13	14	15	17	21	22	23	25	26	27	28	29	30	31	35	37	39	47	99	#
186	599.358	0	1	2	9	10	11	17	18	26	100	#
187	845.653	16	17	25	26	27	33	34	35	36	100	#
188	766.064	9	16	17	25	26	33	46	47	55	100	#
189	669.377	1	2	3	9	10	16	17	25	26	100	#
190	667.656	2	3	4	11	12	17	18	25	26	100	#
191	526.158	2	9	10	11	17	18	19	20	27	100	#
192	1765.23	0	2	3	8	9	10	11	12	16	17	18	19	25	26	27	33	34	35	36	40	41	42	43	44	45	50	51	52	53	59	60	61	101	#
193	2182.27	0	1	2	3	4	8	9	10	11	12	13	16	17	25	26	27	30	34	35	37	38	39	41	46	47	51	52	53	54	55	59	61	101	#
194	2133.61	3	4	6	7	9	10	11	12	13	14	15	21	29	34	35	36	37	42	43	44	45	46	47	50	51	52	53	54	59	60	61	62	101	#
195	2062.13	0	1	8	9	10	11	17	19	26	27	33	34	35	36	37	38	42	43	44	45	46	47	50	51	52	53	54	55	59	60	61	62	101	#
196	2062.04	0	1	2	3	4	5	6	7	8	9	10	11	12	13	14	15	17	19	21	22	27	30	34	35	36	40	41	42	43	50	51	59	101	#
197	2061.23	9	10	14	22	25	27	30	33	34	35	36	37	39	40	41	42	43	44	45	46	47	49	50	51	52	53	54	55	59	60	61	62	101	#
198	850.702	1	2	3	4	5	9	10	11	12	17	18	19	25	102	#
199	1003.39	16	17	18	19	25	26	33	34	38	40	41	46	49	102	#
200	968.616	1	2	3	4	5	6	7	9	10	16	17	18	25	102	#
201	958.44	1	2	3	4	5	10	11	12	13	30	38	39	46	102	#
202	945.766	0	1	2	3	4	9	10	11	12	17	18	25	33	102	#
203	866.435	0	1	2	3	4	9	10	11	16	17	18	19	26	102	#
204	270.29	46	47	55	103	#
205	355.642	38	46	47	103	#
206	233.602	46	47	54	103	#
207	343.544	40	45	48	53	54	56	57	62	104	#
208	476.436	24	25	32	33	40	48	56	57	104	#
209	457.373	33	34	40	41	48	49	56	57	104	#
210	453.862	30	38	39	46	47	53	54	62	104	#
211	437.966	24	32	33	40	48	56	57	58	104	#
212	373.043	27	35	48	49	50	56	57	58	104	#
213	62.3139	41	#
214	90.3325	3	4	105	#
215	135.123	4	5	105	#
216	940.522	4	5	6	7	14	15	19	20	21	22	23	28	29	30	31	37	106	#
217	1143.38	4	6	12	13	14	20	21	22	26	27	28	29	33	34	42	43	106	#
218	1032.75	0	1	3	4	5	6	9	10	11	12	16	17	18	19	20	27	106	#
219	1017.78	11	12	20	21	27	28	29	37	38	44	45	46	47	53	55	63	106	#
220	1003.49	4	5	6	7	12	14	15	20	21	22	23	28	29	30	31	37	106	#
221	1001.28	4	5	6	7	14	15	20	21	22	23	27	28	29	30	31	39	106	#
222	373.866	49	50	51	52	53	57	58	59	107	#
223	521.125	34	35	42	43	50	51	52	61	107	#
224	458.595	35	41	42	43	49	50	57	58	107	#
225	430.712	42	49	50	51	52	57	58	59	107	#
226	372.179	34	40	41	49	50	57	58	59	107	#
227	346.109	12	20	43	44	50	51	52	53	107	#
228	436.344	36	37	38	44	45	46	108	#
229	582.922	37	45	46	47	52	53	108	#
230	551.526	30	37	38	39	46	47	108	#
231	547.677	37	38	46	52	53	59	108	#
232	531.562	26	27	28	34	35	36	108	#
233	506.649	22	30	37	38	39	47	108	#
234	536.824	4	12	13	14	20	21	22	28	29	109	#
235	697.307	4	5	11	12	13	44	45	46	47	109	#
236	640.968	11	12	13	19	20	21	22	27	30	109	#
237	619.729	10	11	12	13	20	21	22	23	30	109	#
238	613.811	4	5	11	12	13	20	21	22	30	109	#
239	607.535	4	11	12	20	21	28	49	57	58	109	#
240	373.198	19	27	35	43	110	#
241	408.628	27	34	35	43	110	#
242	384.439	27	35	36	43	110	#
243	322.471	19	25	26	27	110	#
244	308.395	19	26	27	35	110	#
245	904.686	3	4	5	8	10	11	12	13	20	21	33	34	35	43	111	#
246	1093.71	0	1	26	27	33	34	35	41	43	49	50	51	58	59	111	#
247	1069.07	0	2	3	4	5	12	13	20	21	22	26	27	28	35	111	#
248	1056.42	4	6	7	10	11	12	13	14	20	21	28	29	37	45	111	#
249	1047.74	4	11	12	13	14	20	21	22	26	27	28	29	50	57	111	#
250	1033.31	3	4	5	6	11	12	26	27	28	33	34	35	41	43	111	#
251	1162.75	8	16	17	24	25	26	27	32	33	34	35	36	42	43	112	#
252	1215.75	2	3	4	10	12	13	18	25	26	27	34	35	36	43	112	#
253	1071.28	1	2	8	9	10	16	17	18	26	34	35	36	42	43	112	#
254	1058.38	16	17	24	25	26	27	28	29	32	33	34	35	40	43	112	#
255	1056.94	24	25	26	27	32	33	34	35	36	40	41	42	43	49	112	#
256	1052.51	2	10	16	17	18	25	26	27	33	34	35	36	43	49	112	#
257	563.244	12	13	20	21	22	29	30	37	38	113	#
258	725.313	4	12	13	20	21	27	28	29	35	113	#
259	615.439	2	3	4	5	12	13	20	21	24	113	#
260	590.209	4	5	6	12	13	20	21	28	29	113	#
261	571.808	3	4	12	13	20	21	28	29	37	113	#
262	535.717	7	35	37	38	45	46	53	54	55	113	#
263	745.02	4	7	12	13	14	15	20	21	23	28	114	#
264	759.453	4	6	7	12	13	14	15	20	23	31	114	#
265	755.709	3	4	5	6	7	12	14	15	20	23	114	#
266	724.711	10	11	12	18	20	26	27	28	34	35	114	#
267	692.792	4	6	7	11	12	13	14	15	21	23	114	#
268	685.14	3	4	5	6	10	11	12	19	20	28	114	#
269	379.725	25	26	27	28	29	115	#
270	427.729	19	26	27	34	35	115	#
271	384.898	21	26	27	28	29	115	#
272	338.364	17	25	26	33	34	115	#
273	290.393	25	26	32	33	34	115	#
274	204.167	19	20	21	28	29	115	#
275	637.565	19	20	21	26	27	28	34	35	36	43	116	#
276	833.641	17	18	25	26	27	28	34	35	38	43	116	#
277	770.718	26	27	28	34	35	36	37	43	51	59	116	#
278	729.034	25	26	27	28	33	34	42	43	50	51	116	#
279	680.967	3	4	11	12	20	21	27	28	34	35	116	#
280	665.22	14	21	22	23	30	31	38	39	46	54	116	#
281	154.1	28	29	117	#
282	223.048	27	28	117	#
283	153.023	13	21	118	#
284	185.586	13	14	118	#
285	115.054	21	22	118	#
286	517.314	10	11	17	18	19	26	27	34	41	119	#
287	717.282	25	26	27	33	34	42	43	51	52	119	#
288	636.246	25	26	33	34	41	42	49	50	51	119	#
289	604.463	24	25	26	32	33	34	41	42	50	119	#
290	600.79	1	2	10	11	12	18	26	34	41	119	#
291	576.922	19	20	26	27	28	33	34	41	42	119	#
292	932.493	7	13	14	15	21	22	23	30	31	38	46	47	49	120	#
293	1173.95	17	37	38	45	46	47	51	52	53	54	55	61	63	120	#
294	973.927	30	38	39	45	46	47	52	53	54	55	60	61	62	120	#
295	966.252	4	10	11	12	13	19	20	21	22	27	28	35	61	120	#
296	958.188	6	7	13	15	21	22	23	30	37	38	39	46	47	120	#
297	957.004	15	22	23	30	31	37	38	39	45	46	47	54	55	120	#
298	204.273	34	35	36	44	52	121	#
299	256.591	27	35	36	44	52	121	#
300	217.197	36	44	52	60	61	121	#
301	654.664	44	45	46	49	51	52	58	59	60	61	122	#
302	740.939	37	38	44	45	46	47	52	53	54	55	122	#
303	712.334	34	45	46	52	53	54	58	59	60	61	122	#
304	711.909	34	35	36	37	38	44	45	52	53	54	122	#
305	657.254	38	39	46	47	51	54	55	59	62	63	122	#
306	568.126	34	35	41	42	49	50	52	57	58	59	122	#
307	349.537	12	13	20	21	123	#
308	432.245	12	20	25	26	123	#
309	391.031	3	4	12	13	123	#
310	310.164	13	14	21	31	123	#
311	130.959	20	21	28	62	123	#
312	74.1153	3	11	19	#
313	939.281	0	1	2	3	4	5	6	7	8	9	12	15	16	17	23	25	33	124	#
314	1155.47	4	5	6	7	8	15	16	17	20	21	22	23	25	30	31	38	46	124	#
315	1121.72	4	5	6	7	12	13	19	20	21	22	23	26	27	30	31	52	59	124	#
316	1077.68	0	1	2	3	4	5	6	8	9	10	12	16	17	25	34	35	36	124	#
317	1032.37	12	13	15	19	20	21	22	23	27	28	29	30	31	37	38	39	56	124	#
318	1031.61	13	15	16	19	20	21	22	23	27	28	29	30	31	37	38	39	46	124	#
319	229.409	1	2	10	125	#
320	260.984	0	1	2	125	#
321	87.1145	10	11	19	125	#
322	637.306	46	47	52	53	54	55	58	59	60	61	62	63	126	#
323	929.178	12	13	20	28	29	37	44	45	46	52	60	61	126	#
324	921.666	22	30	37	38	39	44	45	46	47	52	53	60	126	#
325	875.225	29	37	38	44	45	46	47	52	60	61	62	63	126	#
326	839.853	20	37	38	44	45	46	47	52	53	54	60	61	126	#
327	802.462	35	43	44	45	46	51	52	53	59	60	61	62	126	#
328	151.318	7	15	#
329	376.937	17	18	19	27	127	#
330	349.036	18	19	27	28	127	#
331	342.864	20	27	28	29	127	#
332	300.575	17	18	19	25	127	#
333	276.373	9	10	17	18	127	#
334	208.791	52	61	128	#
335	164.636	60	61	128	#
336	440.81	0	1	2	3	9	10	17	18	129	#
337	529.427	0	8	16	17	18	24	25	26	129	#
338	511.492	3	4	10	11	19	45	46	53	129	#
339	465.506	1	2	3	10	11	12	18	20	129	#
340	456.598	2	10	11	18	19	27	45	53	129	#
341	450.196	0	1	2	3	8	9	10	16	129	#
342	126.165	34	63	130	#
343	180.42	34	42	130	#
344	283.058	12	20	21	131	#
345	226.15	4	11	12	131	#
346	203.078	20	21	29	131	#
347	177.599	52	53	59	60	132	#
348	231.921	51	52	53	59	132	#
349	183.339	1	43	52	53	132	#
350	162.056	44	52	59	60	132	#
351	92.0668	44	52	53	60	132	#
352	269.541	9	17	18	25	133	#
353	311.724	8	10	17	18	133	#
354	311.266	8	16	17	25	133	#
355	291.109	1	9	10	17	133	#
356	228.101	8	9	17	18	133	#
357	431.465	0	8	9	16	17	24	32	134	#
358	537.43	2	10	16	17	18	24	32	134	#
359	466.273	0	1	8	9	10	16	17	134	#
360	440.915	10	16	17	18	25	32	33	134	#
361	435.61	1	8	9	10	16	17	18	134	#
362	403.073	16	17	24	32	40	48	56	134	#
363	771.618	19	26	27	34	35	36	41	42	43	49	51	135	#
364	814.088	26	34	35	41	42	43	49	51	52	56	57	135	#
365	805.291	43	45	46	47	51	52	53	54	55	59	62	135	#
366	802.928	25	26	27	34	35	36	41	42	43	51	52	135	#
367	750.546	19	26	27	34	35	41	42	43	44	51	52	135	#
368	730.65	26	34	35	41	42	43	49	50	51	52	53	135	#
369	60.2544	29	#
370	403.033	20	21	22	23	29	30	37	38	39	136	#
371	550.129	14	22	23	30	31	38	46	53	54	136	#
372	547.512	29	30	31	37	38	39	45	46	53	136	#
373	532.674	29	30	37	38	44	45	46	47	54	136	#
374	491.046	29	37	38	40	45	48	50	51	58	136	#
375	472.522	13	14	15	22	23	30	31	39	47	136	#
376	245.783	0	1	2	137	#
377	224.503	1	9	42	137	#
378	576.859	28	29	37	38	44	45	46	54	233	#
379	580.056	24	34	41	46	47	54	55	63	233	#
380	410.736	26	27	32	33	34	35	36	138	#
381	560.328	10	18	26	34	35	36	41	138	#
382	547.147	25	33	34	35	36	41	42	138	#
383	525.199	25	26	33	34	35	36	43	138	#
384	474.302	17	18	19	25	26	33	34	138	#
385	445.094	18	19	27	28	29	35	36	138	#
386	832.036	4	5	6	12	13	14	15	20	21	29	37	49	50	57	139	#
387	954.741	0	1	2	3	4	5	6	8	9	12	13	17	18	20	139	#
388	941.725	4	5	6	13	20	21	26	27	28	29	33	34	37	38	139	#
389	876.084	14	19	21	26	27	28	29	35	37	38	45	46	54	55	139	#
390	866.265	4	11	12	13	17	18	19	20	21	25	26	27	28	29	139	#
391	842.517	4	5	6	7	12	14	15	20	21	22	23	30	38	46	139	#
392	351.501	0	1	2	8	9	140	#
393	421.01	0	1	2	3	10	140	#
394	371.988	0	1	2	8	16	140	#
395	353.436	0	1	8	17	18	140	#
396	299.998	2	3	9	10	18	140	#
397	275.186	2	8	9	10	11	140	#
398	503.177	26	33	34	35	36	43	141	#
399	457.049	33	34	35	36	43	51	141	#
400	434.196	25	26	30	33	34	35	141	#
401	434.031	24	32	33	34	35	43	141	#
402	420.284	34	35	36	43	50	51	141	#
403	398.85	26	33	34	40	41	43	141	#
404	301.924	25	26	42	49	50	142	#
405	343.498	35	42	43	50	51	142	#
406	327.276	17	18	25	26	34	142	#
407	282.363	34	41	42	49	50	142	#
408	241.434	10	18	25	26	34	142	#
409	170.292	49	50	56	57	58	142	#
410	401.291	12	20	21	22	29	37	45	143	#
411	594.41	4	10	11	12	13	14	20	143	#
412	585.037	29	37	38	45	46	53	61	143	#
413	489.588	5	6	14	15	22	23	30	143	#
414	387.313	20	21	22	29	37	45	53	143	#
415	382.158	3	4	11	12	19	20	28	143	#
416	77.4172	15	23	59	144	#
417	39.9512	15	62	63	144	#
418	186.703	35	36	44	145	#
419	247.14	36	44	45	145	#
420	238.286	44	45	53	145	#
421	262.214	7	14	15	146	#
422	204.305	6	14	15	146	#
423	200.738	7	15	23	146	#
424	167.574	14	15	23	146	#
425	794.234	0	1	2	8	9	10	16	17	18	26	34	147	#
426	934.939	0	1	9	10	16	17	18	26	27	33	34	147	#
427	906.866	1	9	10	11	12	16	17	18	25	26	34	147	#
428	793.264	0	1	2	8	9	10	11	16	17	18	24	147	#
429	785.697	27	34	35	36	41	42	43	50	51	61	62	147	#
430	758.03	1	9	10	11	17	18	33	37	38	45	53	147	#
431	588.025	16	17	18	19	25	26	29	37	45	148	#
432	633.361	8	10	17	18	25	26	34	42	43	148	#
433	603.781	0	8	9	16	17	18	24	26	27	148	#
434	600.58	19	20	26	27	28	29	37	38	50	148	#
435	598.425	18	25	26	27	28	29	34	35	42	148	#
436	577.942	16	17	18	25	26	27	34	41	54	148	#
437	1194.05	5	6	7	14	15	20	21	22	23	28	29	30	31	37	38	39	45	47	55	149	#
438	1398.97	4	5	6	7	12	13	14	15	19	20	21	22	23	30	31	37	38	39	47	149	#
439	1335.65	4	5	6	12	13	14	15	19	20	21	22	26	27	33	34	35	43	61	62	149	#
440	1332.73	4	5	6	7	12	13	14	15	19	20	21	22	23	28	29	30	31	37	38	149	#
441	1300.16	5	6	7	12	13	14	15	19	20	21	22	23	29	30	31	37	38	39	47	149	#
442	1247.53	5	6	12	13	14	15	18	19	20	21	22	23	27	28	29	30	31	37	38	149	#
443	197.678	19	26	34	150	#
444	236.197	19	26	27	150	#
445	219.41	11	19	27	150	#
446	142.171	25	33	34	150	#
447	307.378	18	26	29	33	34	42	151	#
448	448.809	18	25	26	27	28	34	151	#
449	405.332	2	10	18	19	27	35	151	#
450	385.901	26	33	34	40	41	42	151	#
451	245.571	13	20	21	28	29	37	151	#
452	743.853	14	22	23	34	41	42	49	50	57	58	59	152	#
453	838.797	4	5	6	7	12	13	14	21	22	23	31	152	#
454	821.902	41	46	49	50	51	52	53	57	58	59	61	152	#
455	793.792	5	6	7	12	13	14	21	22	23	30	31	152	#
456	736.574	30	31	34	35	36	39	41	42	43	49	50	152	#
457	692.598	36	44	45	46	51	52	53	59	60	61	62	152	#
458	445.033	26	27	28	35	55	63	153	#
459	467.177	8	17	18	19	25	26	153	#
460	435.703	18	19	20	26	27	28	153	#
461	400.058	17	27	28	34	35	36	153	#
462	355.274	47	54	55	61	62	63	153	#
463	286.62	46	47	53	55	62	63	153	#
464	450.406	1	2	3	8	9	10	11	17	18	154	#
465	641.017	1	8	9	10	11	16	17	27	35	154	#
466	637.314	0	1	8	9	16	17	24	25	33	154	#
467	621.354	0	1	2	3	4	11	12	20	28	154	#
468	599.362	1	2	8	9	10	16	17	18	25	154	#
469	553.053	0	1	2	8	9	10	11	17	18	154	#
470	164.496	42	50	51	155	#
471	225.642	43	51	59	155	#
472	139.813	50	51	59	155	#
473	356.938	3	4	11	12	156	#
474	410.803	4	5	12	13	156	#
475	385.361	4	12	13	21	156	#
476	254.259	2	3	11	12	156	#
477	1190.04	21	24	25	26	27	28	29	32	33	34	35	37	41	42	43	45	49	50	51	52	53	57	59	61	157	#
478	1570.37	1	2	3	4	9	10	11	12	18	19	21	27	28	29	30	37	38	39	45	46	47	53	54	55	157	#
479	1555.85	24	27	30	32	33	34	35	36	37	38	39	43	44	45	46	47	51	52	53	54	55	59	61	62	157	#
480	1495.42	14	15	21	22	25	27	28	29	30	32	33	34	37	38	39	43	44	45	46	47	53	55	61	62	157	#
481	1450.9	11	12	16	19	20	21	22	27	28	29	30	36	37	38	39	44	45	46	47	52	53	59	61	62	157	#
482	1439.74	25	29	30	33	34	36	37	38	39	41	43	44	45	46	47	50	51	53	54	55	59	61	62	63	157	#
483	1529.72	0	8	10	12	16	17	18	19	20	21	25	26	27	28	29	33	35	37	41	44	45	47	53	158	#
484	1778.54	0	1	3	4	8	9	10	12	16	17	18	20	25	26	27	28	33	34	35	41	42	43	51	158	#
485	1669.05	6	7	10	11	14	15	17	18	19	20	21	25	26	27	28	29	35	37	41	42	43	50	57	158	#
486	1635.47	0	4	8	16	17	25	26	33	34	35	37	41	43	47	51	52	53	54	55	60	61	62	63	158	#
487	1615.18	8	10	16	17	18	24	25	26	27	28	32	33	34	35	36	40	41	42	43	44	49	50	57	158	#
488	1606.29	0	4	5	6	7	8	11	12	13	14	15	16	17	20	21	22	23	25	28	30	39	47	59	158	#
489	252.186	16	43	51	159	#
490	265.456	35	36	43	159	#
491	255.779	16	17	24	159	#
492	147.485	51	52	60	159	#
493	276.226	48	49	50	56	57	160	#
494	329.985	42	43	49	50	57	160	#
495	302.956	49	50	51	56	57	160	#
496	262.398	48	49	56	57	58	160	#
497	250.443	42	48	50	56	57	160	#
498	227.013	49	50	57	58	59	160	#
499	67.1032	40	41	48	161	#
500	46.9074	32	40	48	161	#
501	25.9579	48	56	57	161	#
502	608.81	0	1	2	3	6	14	22	24	32	162	#
503	629.591	0	1	2	6	13	14	22	30	62	162	#
504	625.322	3	4	5	6	7	13	14	22	30	162	#
505	622.434	6	14	15	22	30	38	39	47	48	162	#
506	620.983	0	1	2	8	10	17	18	36	46	162	#
507	603.439	18	24	26	27	32	34	40	41	42	162	#
508	605.451	25	33	34	41	42	50	51	57	58	163	#
509	697.23	33	34	41	42	49	50	51	56	57	163	#
510	685.941	9	10	17	18	19	25	33	34	42	163	#
511	673.401	42	49	50	56	57	60	61	62	63	163	#
512	657.929	25	32	33	34	42	50	51	62	63	163	#
513	650.038	34	40	41	42	43	49	50	51	58	163	#
514	896.057	8	16	17	24	26	32	33	34	40	41	43	48	49	50	56	57	58	164	#
515	1300.41	1	2	3	4	5	6	7	8	9	10	11	12	13	14	16	17	24	164	#
516	1285.3	0	1	2	3	8	9	10	11	16	17	24	25	26	34	42	43	51	164	#
517	1274.97	0	8	16	17	24	25	26	34	37	38	45	46	53	54	55	61	62	164	#
518	1132	11	16	19	24	25	26	27	28	32	33	34	35	36	40	43	48	51	164	#
519	1082.81	2	3	8	10	16	17	24	32	40	46	48	51	52	53	54	61	62	164	#
520	183.339	25	26	34	165	#
521	220.718	34	42	43	165	#
522	215.234	18	26	27	165	#
523	202.787	18	25	26	165	#
524	584.949	2	3	4	8	9	10	17	18	19	26	27	56	57	166	#
525	866.678	10	11	18	19	20	26	27	28	34	35	36	42	43	166	#
526	839.073	2	3	4	5	6	10	11	14	15	18	19	26	27	166	#
527	838.017	0	8	16	17	24	25	26	27	28	33	34	41	42	166	#
528	809.795	10	11	12	17	18	19	20	25	26	33	34	41	42	166	#
529	802.894	2	3	4	5	6	11	12	14	19	20	21	27	29	166	#
530	1370.36	13	18	19	20	21	22	23	25	26	27	28	29	30	33	34	35	36	43	50	51	167	#
531	1505.2	0	8	9	10	11	16	17	18	19	24	25	26	27	33	34	35	36	42	43	51	167	#
532	1436.05	2	8	9	10	16	17	18	19	24	25	26	27	28	29	33	34	35	42	43	51	167	#
533	1425.07	8	12	13	16	17	18	19	20	21	22	25	26	27	28	29	34	35	36	43	51	167	#
534	1422.06	16	17	18	19	20	24	25	26	27	28	32	33	34	35	40	41	42	43	49	51	167	#
535	1370.06	10	18	25	26	27	34	35	36	42	43	49	50	51	52	53	54	57	58	59	63	167	#
536	379.569	6	7	15	23	30	31	168	#
537	437.155	7	12	13	14	15	22	168	#
538	315.643	21	22	23	30	31	38	168	#
539	309.357	15	23	30	31	38	39	168	#
540	302.18	5	6	7	14	15	23	168	#
541	291.16	7	14	15	21	22	23	168	#
542	510.626	0	1	5	6	7	13	14	169	#
543	538.868	6	7	11	12	13	14	15	169	#
544	472.294	5	6	7	13	14	15	22	169	#
545	467.509	5	6	7	9	10	56	57	169	#
546	426.239	0	1	2	3	9	10	11	169	#
547	413.101	13	14	15	52	58	59	60	169	#
548	195.434	54	61	62	170	#
549	292.737	46	47	54	170	#
550	288.709	52	59	61	170	#
551	238.953	61	62	63	170	#
552	279.768	30	38	39	47	171	#
553	296.897	30	37	38	39	171	#
554	278.864	29	37	38	39	171	#
555	206.368	39	47	55	63	171	#
556	598.472	42	50	51	52	57	58	59	60	61	172	#
557	648.665	19	20	26	27	33	34	35	36	42	172	#
558	626.022	46	51	52	53	58	59	60	61	62	172	#
559	625.13	38	46	51	52	53	54	59	61	62	172	#
560	617.01	46	51	52	53	54	55	60	61	62	172	#
561	525.53	25	26	33	34	42	50	57	58	59	172	#
562	860.313	3	10	11	12	13	14	18	19	20	21	26	27	28	173	#
563	945.519	10	11	18	19	20	26	27	28	33	34	35	41	42	173	#
564	940.349	10	11	18	19	20	25	26	27	28	33	34	35	36	173	#
565	913.622	9	10	11	14	18	19	26	27	28	33	34	35	41	173	#
566	894.395	9	10	11	12	13	18	19	20	21	26	27	28	35	173	#
567	892.947	10	12	18	20	25	26	27	28	33	34	41	42	60	173	#
568	457.006	51	52	53	59	60	61	174	#
569	499.738	45	52	53	59	60	61	174	#
570	475.856	6	13	14	18	33	61	174	#
571	458.861	29	30	38	46	53	54	174	#
572	457.918	44	45	51	52	60	61	174	#
573	305.798	51	58	59	60	61	62	174	#
574	2035.33	0	1	2	3	8	9	10	11	12	16	17	18	19	20	24	25	26	33	35	37	38	41	42	43	45	48	49	50	51	52	53	54	56	57	58	59	60	61	175	#
575	2566.42	0	1	2	3	4	5	6	7	8	9	10	11	12	13	14	15	16	17	18	19	20	21	22	25	26	27	28	29	30	35	36	37	38	39	43	47	48	56	175	#
576	2488.08	0	1	2	3	4	5	6	7	8	9	10	11	12	13	14	15	16	17	18	19	20	21	22	23	25	26	27	28	29	30	31	35	36	37	38	39	43	47	175	#
577	2476.63	0	1	2	3	4	5	6	7	8	9	10	11	12	13	14	15	16	17	18	19	20	21	22	23	24	25	26	27	28	29	30	31	35	37	38	39	43	45	175	#
578	2454.57	0	1	2	3	4	5	6	7	8	9	10	11	12	13	14	16	17	18	19	20	21	22	23	24	25	26	27	28	29	30	31	33	35	37	38	39	45	47	175	#
579	2291.38	0	1	2	3	4	5	6	7	8	9	10	11	12	13	14	16	17	18	19	20	21	22	23	24	25	26	28	29	30	31	37	38	45	52	54	60	61	62	175	#
580	12.252	9	#
581	244.793	19	27	35	176	#
582	286.985	27	28	35	176	#
583	187.237	19	27	28	176	#
584	130.58	10	11	19	176	#
585	286.445	41	42	43	177	#
586	245.296	40	41	42	177	#
587	226.06	41	49	57	177	#
588	114.244	29	35	43	177	#
589	310.193	52	53	54	55	62	63	178	#
590	423.846	44	51	52	53	59	61	178	#
591	370.17	38	46	54	55	62	63	178	#
592	366.002	46	52	53	54	61	62	178	#
593	363.651	52	54	55	61	62	63	178	#
594	353.99	44	46	52	53	54	55	178	#
595	3108.69	0	3	4	5	6	8	10	11	12	13	14	15	16	17	18	19	20	21	22	23	26	27	28	29	30	31	33	34	35	36	37	38	39	41	42	44	45	46	47	49	50	51	52	53	54	56	57	58	59	60	61	62	63	179	#
596	3456.77	0	1	2	3	4	5	6	7	9	10	11	12	13	14	15	16	17	18	19	20	21	23	24	26	28	29	30	31	32	33	34	35	37	38	39	40	41	42	45	46	47	49	50	51	52	53	54	57	59	60	61	62	63	179	#
597	3369.56	0	1	2	3	4	5	6	7	8	9	10	11	12	13	14	15	16	17	18	19	20	21	22	23	24	26	27	30	31	32	34	35	36	37	38	39	40	41	44	45	46	47	49	50	51	52	53	54	55	57	59	60	61	179	#
598	3347.59	1	2	3	4	5	6	7	9	10	11	12	13	14	15	16	17	18	19	20	21	22	23	24	26	27	28	29	30	31	33	34	35	36	37	38	39	41	42	43	44	45	46	47	51	52	53	54	55	59	60	61	62	63	179	#
599	3345.89	1	2	3	4	6	7	9	10	11	12	13	14	15	16	17	18	19	20	21	22	23	25	26	27	28	30	31	32	33	34	35	36	37	38	39	42	44	45	46	47	49	50	51	52	53	54	55	57	59	60	61	62	63	179	#
600	3334.62	0	1	2	3	4	5	6	7	8	9	10	11	12	13	14	15	16	17	18	19	20	21	22	26	27	30	31	32	33	34	35	36	38	39	40	41	42	43	45	46	47	49	50	51	52	53	54	56	57	58	59	60	61	179	#
601	78.3336	18	19	#
602	234.325	2	3	11	13	21	28	29	#
603	360.198	33	40	41	42	43	180	#
604	414.087	34	42	43	50	51	180	#
605	404.526	40	41	42	43	49	180	#
606	334.256	33	41	42	49	57	180	#
607	284.392	32	33	40	41	42	180	#
608	272.084	8	17	25	32	33	180	#
609	1003.24	30	31	34	37	38	39	44	47	52	53	54	55	60	62	63	181	#
610	1126.73	27	33	34	35	42	43	49	50	51	52	53	57	59	60	61	181	#
611	1088.04	33	34	38	39	43	46	51	52	53	54	59	60	61	62	63	181	#
612	1082.74	14	15	20	23	30	31	37	38	39	44	46	47	52	53	54	181	#
613	1074.8	27	33	35	41	42	43	49	50	51	52	53	59	60	61	62	181	#
614	1006.96	30	37	38	39	45	46	47	52	53	54	55	59	60	61	62	181	#
615	429.605	44	51	52	59	60	61	182	#
616	389.86	33	44	51	52	53	61	182	#
617	386.838	37	44	51	52	59	60	182	#
618	383.826	50	51	59	60	61	62	182	#
619	342.697	51	52	53	58	59	60	182	#
620	294.957	52	53	57	60	61	62	182	#
621	133.442	14	#
622	153.957	40	48	56	57	183	#
623	209.536	48	56	57	58	183	#
624	111.299	48	50	56	57	183	#
625	187.792	6	7	184	#
626	150.489	7	15	184	#
627	136.905	6	#
628	285.859	18	26	34	185	#
629	300.614	18	26	27	185	#
630	273.184	25	26	33	185	#
631	246.402	25	33	34	185	#
632	211.763	11	12	19	186	#
633	242.115	10	11	12	186	#
634	199.514	3	11	12	186	#
635	165.527	18	19	57	186	#
636	830.198	4	5	6	7	12	13	14	15	20	22	23	31	187	#
637	824.102	4	5	7	12	13	14	15	19	20	22	23	31	187	#
638	816.739	4	5	12	13	14	15	19	20	21	22	29	37	187	#
639	756.792	4	5	11	12	13	14	15	19	20	23	27	35	187	#
640	698.738	4	11	12	13	14	15	19	20	21	22	23	29	187	#
641	683.467	3	4	5	6	7	13	14	15	22	23	30	31	187	#
642	749.788	26	32	33	34	40	41	42	48	49	50	51	56	57	58	59	188	#
643	1000.95	2	6	7	10	35	36	44	49	50	51	52	58	59	60	61	188	#
644	981.974	3	4	5	6	11	12	13	14	32	33	34	35	36	41	44	188	#
645	946.52	27	34	35	36	43	49	50	51	52	53	56	57	58	59	61	188	#
646	940.05	4	5	6	7	13	14	15	21	25	32	33	34	40	48	56	188	#
647	899.054	4	12	13	20	21	26	27	28	29	32	33	34	35	40	41	188	#
648	223.829	0	8	9	16	189	#
649	269.485	0	8	16	17	189	#
650	262.036	0	1	9	10	189	#
651	207.673	8	9	16	17	189	#
652	152.634	2	8	9	10	189	#
653	397.68	15	21	22	23	29	31	37	190	#
654	468.849	20	21	22	35	36	44	52	190	#
655	448.099	5	6	14	15	21	22	23	190	#
656	444.648	5	6	14	15	22	23	60	190	#
657	419.147	21	29	37	44	45	52	61	190	#
658	411.754	2	8	9	17	22	30	31	190	#
659	120.405	46	#
660	271.593	26	34	35	191	#
661	247.044	34	35	43	191	#
662	193.033	18	26	34	191	#
663	1756.66	18	19	22	25	26	27	28	29	30	33	37	38	39	44	45	46	47	51	52	53	54	55	59	60	61	62	63	192	#
664	2044.65	0	8	17	18	26	27	30	34	37	38	39	42	43	44	45	46	47	51	52	53	54	55	59	60	61	62	63	192	#
665	2028.89	4	5	6	7	12	14	22	23	29	30	33	34	37	38	39	41	42	43	45	46	47	49	51	52	54	55	62	192	#
666	1969.77	5	6	11	12	13	14	20	22	23	26	27	28	29	30	37	38	39	44	45	46	47	51	52	53	54	55	59	192	#
667	1937.94	2	4	5	6	10	11	12	13	18	19	20	26	27	28	29	33	34	37	38	41	42	43	51	52	59	60	61	192	#
668	1932.69	4	9	10	11	12	22	26	29	30	37	38	39	43	44	45	46	47	51	52	53	54	55	58	59	61	62	63	192	#
669	296.38	6	14	15	39	193	#
670	417.01	39	46	47	55	193	#
671	340.269	7	13	14	15	193	#
672	328.239	6	7	14	15	193	#
673	256.128	6	7	15	23	193	#
674	49.4618	38	#
675	430.825	46	52	54	55	60	61	62	63	194	#
676	518.117	29	30	37	38	39	46	47	55	194	#
677	469.016	38	46	52	54	60	61	62	63	194	#
678	458.969	38	46	54	55	60	61	62	63	194	#
679	395.112	45	51	52	53	54	55	62	63	194	#
680	387.963	51	52	53	54	55	60	61	62	194	#
681	1131.05	5	6	7	14	15	22	23	28	29	30	37	38	39	45	46	47	53	60	61	195	#
682	1404.27	1	2	3	4	5	6	7	10	11	12	13	14	15	18	19	20	23	27	35	195	#
683	1384.24	4	6	7	11	12	13	14	15	18	19	20	22	23	26	27	30	35	39	47	195	#
684	1349.85	1	2	4	5	6	10	11	12	13	14	15	22	23	30	37	38	39	47	55	195	#
685	1343	2	22	27	28	30	33	34	35	37	38	39	40	41	42	43	46	47	49	55	195	#
686	1336.46	1	2	3	4	5	6	7	10	11	12	13	14	15	18	19	20	22	23	27	195	#
687	690.047	36	44	45	50	51	52	53	57	58	59	60	61	62	196	#
688	949.2	6	30	38	39	45	46	47	52	53	54	60	61	62	196	#
689	911.228	37	38	39	45	46	47	52	53	54	55	60	61	62	196	#
690	897.659	33	40	41	42	43	49	50	52	57	58	59	60	61	196	#
691	886.69	13	20	21	28	33	40	41	42	48	49	50	57	58	196	#
692	840.127	38	39	44	45	46	47	52	53	54	55	60	61	62	196	#
693	819.401	1	2	9	10	11	17	18	19	26	27	28	197	#
694	913.304	1	2	3	10	11	12	19	20	26	27	28	197	#
695	901.796	0	1	2	3	9	10	11	16	17	19	20	197	#
696	865.192	0	11	19	20	25	26	27	35	43	49	57	197	#
697	829.728	0	1	2	3	8	9	10	11	16	17	49	197	#
698	821.578	0	1	2	3	9	10	11	17	18	19	26	197	#
699	284.397	0	1	2	3	9	11	198	#
700	370.774	0	1	2	8	16	24	198	#
701	352.245	10	11	19	20	27	35	198	#
702	344.051	0	2	8	9	16	17	198	#
703	340.397	2	9	10	11	12	13	198	#
704	302.122	1	2	3	9	11	12	198	#
705	167.318	18	19	20	28	199	#
706	249.218	11	18	19	26	199	#
707	235.25	12	19	20	59	199	#
708	224.297	5	18	25	26	199	#
709	20.9628	33	#
710	310.165	49	50	51	59	200	#
711	419.984	51	52	60	61	200	#
712	332.343	51	52	59	60	200	#
713	295.361	50	51	52	59	200	#
714	287.265	49	50	51	58	200	#
715	103.318	36	44	45	201	#
716	144.994	37	44	45	201	#
717	140.847	44	52	59	201	#
718	132.377	16	24	202	#
719	68.8018	16	63	202	#
720	747.984	0	1	2	8	9	10	11	18	19	36	44	49	50	51	56	57	58	203	#
721	1065.55	34	35	36	41	42	44	45	46	47	50	53	54	55	57	58	61	63	203	#
722	968.223	34	35	36	44	45	46	47	52	53	54	55	58	59	60	61	62	63	203	#
723	919.744	18	26	30	34	39	40	41	42	43	49	50	51	53	58	59	60	61	203	#
724	909.895	0	1	2	8	9	10	11	12	13	17	18	19	20	21	26	34	35	203	#
725	888.802	24	25	26	32	33	34	35	36	40	41	42	43	49	50	51	57	58	203	#
726	327.871	44	46	52	53	54	62	204	#
727	436.748	38	46	47	54	55	62	204	#
728	401.289	41	46	52	53	54	55	204	#
729	394.703	44	45	52	53	60	61	204	#
730	388.552	44	46	52	53	54	55	204	#
731	362.422	52	53	59	60	61	62	204	#
732	565.519	22	23	30	37	38	39	46	54	205	#
733	670.446	18	30	37	38	39	46	54	55	205	#
734	614.145	30	37	38	39	46	53	54	55	205	#
735	606.95	30	37	38	39	46	52	53	54	205	#
736	545.447	38	44	46	52	53	54	55	60	205	#
737	507.257	22	23	29	30	37	38	39	46	205	#
738	1011.34	0	1	2	3	8	9	10	11	16	17	18	24	25	26	29	37	56	206	#
739	1238.42	21	29	30	37	38	39	44	45	46	47	52	53	54	55	59	60	61	206	#
740	1190.36	0	1	8	9	16	17	18	24	25	27	34	35	41	42	43	49	50	206	#
741	1156.88	0	1	3	4	8	9	10	11	12	16	17	18	20	24	25	26	34	206	#
742	1080.96	3	10	11	14	15	18	21	23	29	30	31	37	38	39	44	45	46	206	#
743	1074.34	9	10	11	17	18	19	20	21	25	39	45	46	47	54	55	62	63	206	#
744	904.678	36	39	43	44	45	46	47	51	52	53	61	207	#
745	945.205	9	16	17	42	43	51	52	58	59	60	61	207	#
746	873.515	25	26	33	34	35	40	42	43	50	51	52	207	#
747	847.382	7	35	42	43	50	51	52	53	60	61	62	207	#
748	822.78	39	45	46	47	51	52	53	54	59	60	61	207	#
749	818.924	28	29	36	42	43	44	45	50	51	52	60	207	#
750	520.966	2	3	10	11	18	26	29	37	208	#
751	734.946	29	37	38	45	46	47	53	61	208	#
752	676.458	2	10	11	17	18	25	26	27	208	#
753	669.473	27	28	29	30	37	38	45	46	208	#
754	634.609	18	26	27	34	35	36	41	42	208	#
755	502.762	2	3	4	5	6	10	11	14	208	#
756	547.174	1	2	3	9	11	12	13	14	17	18	209	#
757	680.834	0	1	2	8	9	16	17	24	25	26	209	#
758	668.846	0	1	2	9	17	18	25	27	28	29	209	#
759	654.596	0	1	2	3	4	9	11	12	17	25	209	#
760	637.175	0	1	2	8	9	16	17	18	24	25	209	#
761	635.153	1	2	3	9	10	11	12	16	17	24	209	#
762	260.298	7	14	15	36	210	#
763	352.602	12	13	14	15	210	#
764	307.353	36	44	51	52	210	#
765	270.078	7	14	15	22	210	#
766	176.943	7	15	22	23	210	#
767	1037.22	2	10	18	36	37	44	45	46	47	52	53	54	55	59	61	211	#
768	1273.22	10	17	18	25	26	27	34	35	36	37	42	44	45	52	53	211	#
769	1174.89	6	14	21	22	27	28	29	36	37	38	44	45	46	53	61	211	#
770	1119.49	17	18	24	25	26	32	33	34	35	36	40	41	42	44	49	211	#
771	1049.21	8	10	16	24	44	45	46	47	52	53	54	55	58	59	63	211	#
772	1024.61	2	3	4	10	11	12	13	14	18	19	20	21	26	27	28	211	#
773	585.511	2	8	9	10	17	18	26	34	43	212	#
774	602.787	2	8	9	16	17	18	26	34	41	212	#
775	573.77	0	8	9	10	16	17	18	24	26	212	#
776	561.16	0	2	8	9	16	17	18	19	26	212	#
777	497.819	2	3	4	5	9	10	16	17	18	212	#
778	494.508	32	34	40	41	42	43	50	51	58	212	#
779	922.429	3	4	5	6	12	13	14	15	19	20	21	22	23	30	213	#
780	1049.58	3	4	6	12	13	14	21	22	30	31	38	39	60	61	213	#
781	1008.39	6	7	11	12	13	14	15	21	22	23	30	31	37	38	213	#
782	996.324	4	11	12	18	19	20	21	27	28	29	35	36	43	44	213	#
783	993.359	0	1	3	4	5	8	9	10	11	12	17	18	19	20	213	#
784	984.393	1	6	7	9	10	15	17	18	19	22	23	30	38	46	213	#
785	173.573	13	20	21	214	#
786	122.573	20	21	28	214	#
787	52.4604	18	25	33	#
788	1225.34	18	26	27	32	33	34	35	36	40	41	42	43	44	49	50	57	58	59	215	#
789	1400.44	2	5	9	10	11	18	19	20	26	27	30	31	33	34	35	41	42	43	215	#
790	1400.31	26	30	33	34	35	36	37	38	39	40	42	43	44	45	47	48	56	57	215	#
791	1386.8	3	4	11	12	13	19	21	22	25	27	33	34	35	36	40	41	42	43	215	#
792	1384.07	2	9	10	17	18	20	26	27	28	29	32	33	34	35	36	40	42	43	215	#
793	1366.01	8	9	10	11	16	17	18	19	26	27	33	34	35	36	42	43	44	51	215	#
794	789.423	2	3	10	11	12	18	19	20	25	26	27	28	29	32	33	34	216	#
795	1129.33	3	6	7	11	12	13	14	21	22	26	34	42	43	51	52	59	216	#
796	1100.79	1	9	10	17	18	19	20	26	27	28	34	38	42	43	46	50	216	#
797	1059.16	1	2	3	4	5	6	9	10	11	12	13	15	19	21	26	27	216	#
798	1047.13	10	11	16	17	18	19	20	26	27	28	29	31	37	38	45	46	216	#
799	1038.25	4	5	6	11	12	13	14	18	20	21	22	26	27	28	29	47	216	#
800	2118.28	14	15	27	28	29	30	31	33	34	35	36	37	38	39	40	41	42	43	44	45	46	47	49	51	52	53	59	61	217	#
801	2169.65	4	5	6	10	11	12	15	19	20	23	26	27	28	29	30	31	34	37	38	39	45	46	47	52	53	54	59	61	217	#
802	2124.76	2	3	10	11	12	13	19	20	27	28	29	30	31	35	37	38	39	43	44	45	46	47	51	52	53	59	60	61	217	#
803	2122.45	17	20	25	26	27	28	29	30	34	35	36	37	38	39	40	41	42	43	45	46	47	49	50	51	52	53	59	61	217	#
804	2103.16	3	10	11	12	13	16	23	24	27	28	29	30	31	32	37	38	39	45	46	50	51	52	53	54	59	61	62	63	217	#
805	2070.12	10	11	12	19	20	27	28	29	30	33	34	35	36	37	38	39	42	43	44	45	46	47	50	51	52	53	54	61	217	#
806	528.62	12	35	36	41	43	49	50	51	57	218	#
807	619.897	33	34	35	37	44	45	46	52	53	218	#
808	615.215	2	3	4	10	11	12	19	20	27	218	#
809	614.803	25	26	27	28	35	43	44	51	52	218	#
810	572.698	29	35	36	37	40	44	45	46	53	218	#
811	550.205	33	41	42	49	50	51	56	57	59	218	#
812	265.537	1	2	9	10	219	#
813	337.306	10	30	31	39	219	#
814	201.142	1	2	8	9	219	#
815	175.762	2	3	10	18	219	#
816	411.276	0	2	8	9	10	17	18	25	220	#
817	462.663	0	1	8	10	17	18	19	25	220	#
818	455.434	0	1	2	8	9	10	17	18	220	#
819	450.465	0	1	2	3	8	10	11	18	220	#
820	422.246	0	1	2	3	8	9	10	18	220	#
821	393.93	3	4	5	11	12	17	20	25	220	#
822	178.762	20	21	22	221	#
823	253.75	6	14	22	221	#
824	247.022	12	20	28	221	#
825	207.62	13	20	21	221	#
826	747.821	32	37	38	39	40	45	46	48	49	56	57	58	59	222	#
827	1005.62	12	13	20	26	27	36	38	39	44	45	46	47	54	222	#
828	738.923	16	17	37	44	45	46	47	51	52	53	54	62	63	222	#
829	716.852	8	9	10	11	13	21	29	37	38	44	45	46	47	222	#
830	715.16	22	28	30	31	37	38	39	44	45	46	47	53	54	222	#
831	698.967	29	37	38	39	46	47	52	53	54	55	59	62	63	222	#
832	81.3376	2	#
833	558.216	7	16	24	32	33	34	40	41	42	48	49	56	223	#
834	827.198	24	32	33	34	35	36	40	41	42	43	50	51	223	#
835	770.343	26	32	33	34	40	41	42	43	50	51	52	53	223	#
836	769.854	26	32	33	34	40	41	42	43	48	50	51	59	223	#
837	739.399	0	1	2	8	9	10	16	17	18	19	20	25	223	#
838	731.448	18	26	32	33	34	35	40	41	42	43	48	49	223	#
839	967.032	21	22	27	28	29	30	34	35	36	37	40	41	43	49	224	#
840	1019.19	5	6	7	11	12	13	14	15	22	30	31	38	39	47	224	#
841	1012.42	11	18	19	26	27	34	35	36	43	44	51	52	59	61	224	#
842	993.97	5	18	19	26	27	34	35	36	41	42	43	49	50	51	224	#
843	981.428	12	13	14	19	21	22	26	27	28	29	30	34	35	41	224	#
844	964.521	11	12	13	14	19	20	21	22	30	38	39	46	47	53	224	#
845	305.198	50	51	52	59	60	225	#
846	431.547	26	34	42	49	50	225	#
847	378.128	51	52	59	60	61	225	#
848	303.254	42	50	52	58	59	225	#
849	977.647	7	10	11	15	16	22	23	30	31	34	39	46	47	54	55	226	#
850	1124.92	35	36	37	38	39	44	45	46	47	52	53	54	55	61	63	226	#
851	1026.67	1	2	38	40	41	42	46	47	49	50	53	54	55	57	63	226	#
852	1017.09	16	27	28	30	31	33	34	35	39	40	41	47	49	50	57	226	#
853	940.291	2	3	4	10	11	12	18	19	25	26	27	34	35	36	43	226	#
854	923.911	25	26	27	33	34	35	36	41	42	43	44	45	52	55	63	226	#
855	2269.91	4	5	6	9	10	11	12	13	14	15	19	20	21	23	25	28	29	30	33	34	35	36	37	38	39	41	43	44	45	46	47	49	50	51	52	53	54	55	57	58	59	60	61	62	63	227	#
856	2608.83	0	1	2	8	9	10	13	14	15	16	18	19	21	24	25	29	32	33	34	35	36	37	38	40	41	42	43	44	45	46	47	49	50	51	52	53	54	55	57	58	59	60	61	62	63	227	#
857	2583.43	0	1	2	8	9	10	12	13	16	17	18	19	20	21	24	25	27	29	32	33	34	35	37	38	40	41	42	43	44	45	46	47	49	50	51	52	53	55	57	58	59	60	61	62	63	227	#
858	2567.6	0	1	2	4	6	8	9	10	11	12	13	14	15	18	19	20	21	22	27	29	34	35	36	37	38	41	43	44	45	46	47	49	50	51	52	53	54	55	57	58	59	60	61	62	63	227	#
859	2486.9	0	1	2	4	5	6	7	8	9	10	11	12	13	14	15	16	18	19	21	22	24	27	29	32	34	35	36	38	39	40	41	44	45	46	47	52	53	54	55	57	58	59	60	61	62	227	#
860	2485.49	0	1	2	4	8	9	10	11	12	16	18	19	24	25	26	27	29	32	33	34	35	36	37	38	40	41	42	43	44	45	46	47	48	49	50	51	52	53	54	57	58	59	60	61	62	227	#
861	278.848	9	17	18	25	228	#
862	315.077	1	9	10	17	228	#
863	313.004	10	17	18	25	228	#
864	287.222	17	18	25	33	228	#
865	270.622	9	10	17	18	228	#
866	1717	3	4	5	6	7	11	12	13	14	18	19	20	21	22	26	27	28	29	30	35	37	38	45	46	48	52	53	54	56	229	#
867	1960.7	4	5	6	9	10	11	12	13	14	15	16	17	18	19	20	21	22	25	26	27	29	34	35	36	37	41	42	47	56	229	#
868	1953.61	0	1	2	3	4	9	10	11	12	13	17	18	19	20	21	22	26	27	28	29	30	34	35	36	37	38	41	42	50	229	#
869	1932.87	0	1	2	4	9	10	11	12	13	16	17	18	19	20	21	22	23	24	25	26	27	28	29	34	35	36	41	42	49	229	#
870	1893.25	2	3	4	9	10	11	12	13	17	18	19	20	21	22	25	26	27	28	29	30	34	35	36	41	42	46	47	53	54	229	#
871	1856.31	1	2	3	4	5	6	7	9	10	11	12	13	14	15	16	17	18	19	20	21	22	23	26	27	29	30	35	37	40	229	#
872	95.0346	20	#
873	275.058	8	9	17	20	25	28	29	230	#
874	406.508	0	1	2	8	9	17	18	230	#
875	403.289	2	8	9	17	18	55	63	230	#
876	91.1868	30	#
877	97.7054	57	58	#
878	951.782	6	14	22	30	31	37	38	39	46	47	54	55	231	#
879	958.779	4	5	6	7	12	13	14	15	20	21	22	29	231	#
880	914.634	13	14	15	20	21	22	30	38	39	45	46	47	231	#
881	909.388	4	5	6	7	12	13	14	15	21	22	30	39	231	#
882	907.336	13	14	21	22	29	30	31	37	38	39	45	46	231	#
883	894.338	6	7	13	14	15	16	21	22	24	32	40	48	231	#
884	423.786	45	52	53	54	55	59	60	61	62	232	#
885	620.853	38	39	46	47	53	54	55	62	63	232	#
886	612.678	30	38	44	45	46	52	53	54	59	232	#
887	611.065	37	38	44	45	52	53	54	59	60	232	#
888	609.816	38	39	46	47	52	53	54	55	62	232	#
889	578.016	37	39	44	45	46	52	53	54	55	232	#
890	800.468	30	37	38	39	45	46	47	55	233	#
891	664.04	39	43	45	46	47	54	55	63	233	#
892	620.921	16	17	18	25	26	27	38	39	233	#
893	601.894	6	21	29	30	37	38	39	46	233	#
894	87.0163	43	#
895	200.092	35	43	234	#
896	236.468	27	35	234	#
897	159.707	42	43	234	#
898	281.896	2	8	9	10	16	235	#
899	330.686	2	3	4	9	10	235	#
900	329.56	0	8	9	16	24	235	#
901	302.098	8	9	16	17	24	235	#
902	223.874	2	3	8	9	10	235	#
903	215.694	2	3	9	10	11	235	#
904	222.162	6	14	15	23	236	#
905	322.189	6	13	14	15	236	#
906	252.648	6	14	15	22	236	#
907	239.049	5	6	14	15	236	#
908	105.105	7	15	23	31	236	#
909	1661.57	0	8	10	16	17	18	19	21	24	26	27	32	33	34	35	40	41	42	43	44	45	48	49	52	56	57	58	237	#
910	2055.34	8	9	10	16	17	18	19	24	26	32	33	34	37	40	41	42	43	44	45	46	47	52	53	54	55	59	61	237	#
911	1987.76	0	8	11	12	16	17	18	19	20	26	32	33	34	35	36	41	42	43	44	45	46	52	53	54	55	61	62	237	#
912	1881.83	0	2	3	4	5	8	9	10	11	12	17	18	19	20	26	27	32	33	34	35	36	41	42	43	44	45	46	237	#
913	1877.78	26	27	29	33	34	35	36	37	41	42	43	44	45	46	47	49	52	53	54	55	57	58	59	60	61	62	63	237	#
914	1870.81	18	24	25	26	32	33	34	35	37	38	40	41	42	43	45	46	47	48	49	50	51	53	54	55	57	61	62	237	#
915	309.991	3	10	11	12	18	19	26	238	#
916	444.059	4	10	12	18	19	20	28	238	#
917	414.053	2	8	9	10	17	18	19	238	#
918	405.554	2	3	4	10	18	26	34	238	#
919	324.982	12	18	19	20	21	28	29	238	#
920	286.832	5	6	14	239	#
921	309.38	6	13	14	239	#
922	268.556	6	14	15	239	#
923	201.852	36	44	52	240	#
924	193.063	35	36	44	240	#
925	177.65	51	52	53	240	#
926	41.5556	49	#
927	191.048	23	30	31	38	241	#
928	206.839	38	46	54	62	241	#
929	151.234	10	23	30	31	241	#
930	139.863	6	14	15	23	241	#
931	270.261	0	8	16	17	18	24	242	#
932	347.371	8	16	17	18	24	26	242	#
933	309.109	2	9	10	18	26	27	242	#
934	304.401	16	17	24	30	32	33	242	#
935	283.778	8	9	10	16	17	21	242	#
936	225.029	0	2	8	9	10	16	242	#
937	376.628	25	26	34	43	63	243	#
938	503.877	17	25	26	27	33	243	#
939	396.414	25	26	33	34	43	243	#
940	377.791	26	34	35	41	43	243	#
941	321.536	33	34	40	41	43	243	#
942	267.694	47	54	55	62	63	243	#
943	1519.9	6	14	22	29	30	31	37	38	39	42	43	44	45	46	47	50	51	52	53	54	57	60	61	244	#
944	1650.78	0	1	2	3	4	6	7	15	26	27	35	36	37	43	44	45	46	51	52	53	54	60	61	244	#
945	1607.83	6	7	14	15	22	23	25	26	27	28	29	30	31	32	33	37	38	39	41	42	45	47	58	244	#
946	1580.24	6	7	13	14	15	20	21	22	27	28	29	30	31	37	38	39	44	45	46	47	53	54	61	244	#
947	1547.73	14	20	21	22	27	28	29	30	31	36	37	38	39	41	42	43	44	45	46	47	50	53	54	244	#
948	1545.97	2	6	7	9	10	13	14	15	20	21	22	23	27	28	30	31	37	38	39	44	45	47	51	244	#
949	713.925	8	16	24	25	26	27	32	33	34	41	42	245	#
950	846.515	0	1	8	16	17	24	25	32	33	41	49	245	#
951	806.564	0	1	8	16	17	18	19	24	27	32	40	245	#
952	805.342	12	13	14	18	19	20	21	22	27	28	29	245	#
953	718.885	8	9	16	17	24	27	32	51	52	59	60	245	#
954	715.659	8	10	17	18	19	25	26	27	33	41	49	245	#
955	298.039	8	16	17	24	246	#
956	319.539	16	17	24	25	246	#
957	298.637	8	16	17	25	246	#
958	282.294	8	16	17	18	246	#
959	93.3268	18	19	247	#
960	87.605	11	19	247	#
961	133.292	26	35	248	#
962	179.731	26	34	248	#
963	154.827	27	35	248	#
964	861.514	8	16	18	19	20	24	25	26	27	28	35	40	48	56	249	#
965	957.002	12	17	19	20	25	26	27	28	29	33	35	50	58	59	249	#
966	945.858	11	12	18	19	20	25	26	27	28	29	34	35	42	43	249	#
967	935.339	0	1	2	8	9	10	12	16	17	18	19	20	21	26	249	#
968	862.234	8	9	11	12	13	16	17	18	19	20	24	26	27	28	249	#
969	816.782	17	18	19	25	26	27	33	34	42	43	59	60	61	62	249	#
970	346.929	11	12	20	21	22	29	250	#
971	459.37	12	13	14	20	21	22	250	#
972	436.428	22	23	30	31	38	39	250	#
973	393.977	10	11	12	19	27	59	250	#
974	322.502	19	20	21	27	28	29	250	#
975	275.393	13	19	20	21	29	37	250	#
976	453.078	12	20	21	26	27	28	29	37	251	#
977	579.517	1	2	9	27	35	36	44	49	251	#
978	548.305	21	35	36	43	51	52	53	60	251	#
979	534.531	28	29	37	38	45	46	53	54	251	#
980	466.342	21	28	29	30	37	38	44	45	251	#
981	461.768	12	13	19	20	27	28	29	37	251	#
982	116.509	15	22	23	30	252	#
983	123.827	21	22	23	31	252	#
984	115.497	52	59	253	#
985	158.324	51	52	253	#
986	803.77	25	32	33	34	35	40	41	42	49	53	54	61	62	63	254	#
987	1011.53	10	11	12	16	17	18	25	26	27	28	32	33	34	42	254	#
988	989.434	22	23	30	31	32	33	37	38	39	46	47	54	55	63	254	#
989	954.562	19	25	27	28	33	34	35	36	41	42	43	49	50	58	254	#
990	926.683	7	30	38	39	46	47	50	51	52	53	54	59	60	61	254	#
991	923.591	11	19	26	27	28	32	33	34	35	36	41	42	43	51	254	#
992	1811.11	1	2	3	4	5	6	7	12	13	14	15	20	21	22	23	27	28	29	30	31	37	38	39	45	46	47	53	54	255	#
993	1891.16	6	7	13	14	15	21	22	23	30	31	33	35	36	37	38	39	40	41	42	45	46	49	52	53	54	59	60	61	255	#
994	1869.79	10	12	13	14	18	21	22	23	29	30	31	37	38	39	42	43	45	46	47	51	52	53	54	55	59	60	61	62	255	#
995	1861.29	5	6	12	13	14	15	21	22	23	28	29	30	31	37	38	39	45	46	47	52	53	54	55	59	60	61	62	63	255	#
996	1855.53	8	10	16	17	18	19	20	25	26	27	28	30	33	37	38	41	42	45	46	47	52	53	54	55	59	61	62	63	255	#
997	1851.01	5	6	7	12	13	14	15	19	20	21	22	23	27	28	29	30	37	38	39	45	46	47	52	53	54	61	62	63	255	#
998	27.5538	32	33	#
999	290.032	1	2	3	9	52	256	#
1000	401.201	0	1	2	8	9	256	#
1001	381.302	2	3	4	59	63	256	#
1002	379.386	1	2	3	13	14	256	#
1003	306.579	51	52	59	61	62	256	#
1004	303.546	8	9	16	17	18	256	#
