%% File generated by CATS v.2.1Wed Jun 22 10:37:44 2022

%% The CATS webpage is http://robotics.stanford.edu/CATS

%% PARAMETER SETTINGS:
% Goods: 64; Bids: 1000; Distribution: regions; Runs: 1; Seed: 1656572940
% Regions Distribution Parameters:
% Max Substitutable Bids = 5
% Removing HV Neighbor   = 0.1
% Adding DIAG Neighbor   = 0.2
% Additional Location    = 0.9
% Jump Probability       = 0.05
% Additivity             = 0.2
% Budget Factor          = 1.5
% Resale Factor          = 0.5
% Uniform Private Value:
%   Deviation            = 0.5
%   Max Good Value       = 100



goods 64
bids 1001
dummy 190

0	239.123	28	36	37	64	#
1	269.379	29	36	37	64	#
2	148.662	20	28	36	64	#
3	326.261	43	44	52	58	59	60	65	#
4	449.841	49	51	52	58	59	60	65	#
5	410.46	42	50	51	52	58	59	65	#
6	397.286	13	43	51	52	58	59	65	#
7	374.995	34	41	42	43	50	58	65	#
8	335.441	36	43	44	52	59	60	65	#
9	115.627	7	#
10	982.261	28	34	36	37	41	42	43	44	49	50	52	57	58	66	#
11	1082.85	27	28	29	33	34	36	41	42	43	44	45	52	53	66	#
12	1017.46	17	25	33	34	41	42	43	44	49	50	52	53	60	66	#
13	950.236	27	35	36	41	42	43	44	45	49	50	52	53	60	66	#
14	949.084	22	30	38	44	45	49	50	51	52	53	59	60	61	66	#
15	924.351	16	17	18	41	48	49	50	51	52	57	58	59	60	66	#
16	54.0031	57	#
17	1298.71	4	5	6	10	11	13	14	18	19	20	21	22	23	35	36	39	42	43	44	45	47	54	55	67	#
18	1621.53	2	3	4	5	6	10	11	18	25	33	34	35	36	37	41	42	43	49	50	51	52	58	59	67	#
19	1563.78	25	26	27	33	34	35	36	37	40	41	42	43	44	45	48	49	50	51	53	58	59	61	62	67	#
20	1541.77	22	26	27	29	30	31	33	34	35	36	37	40	41	42	43	44	45	48	49	50	51	59	60	67	#
21	1531.12	12	13	14	15	20	21	22	23	25	29	30	31	33	34	35	36	37	39	41	43	44	49	52	67	#
22	1512.18	25	26	27	28	29	33	34	35	36	37	40	41	42	43	44	45	48	49	50	51	58	59	60	67	#
23	764.162	4	9	10	11	12	13	16	17	18	19	20	21	27	28	68	#
24	979.337	19	20	28	29	30	36	37	42	44	46	50	52	53	54	68	#
25	900.42	9	10	16	17	24	25	26	34	40	41	42	48	49	56	68	#
26	895.274	9	10	11	12	17	18	19	20	27	28	35	36	51	63	68	#
27	891.006	9	10	11	12	17	18	19	20	22	25	26	27	28	30	68	#
28	855.41	8	9	10	11	12	16	17	18	19	20	21	24	25	29	68	#
29	181.632	36	43	52	69	#
30	183.184	46	52	60	69	#
31	106.171	36	43	44	69	#
32	58.3914	2	3	11	70	#
33	78.0151	11	18	19	70	#
34	817.414	5	6	35	40	42	43	48	49	50	51	56	57	58	59	60	71	#
35	986.05	0	4	5	6	7	8	9	12	13	14	16	21	22	24	29	71	#
36	910.912	5	6	7	12	13	14	15	20	21	29	48	49	56	57	58	71	#
37	892.194	29	30	35	36	40	42	43	48	49	50	51	56	57	58	59	71	#
38	882.2	5	12	13	35	40	43	44	48	49	50	51	52	56	57	58	71	#
39	868.044	20	28	29	35	36	43	44	50	51	52	53	54	57	58	59	71	#
40	339.478	5	6	7	13	15	21	72	#
41	493.359	13	21	22	29	38	45	72	#
42	382.991	4	5	12	13	20	21	72	#
43	345.148	13	15	21	22	23	31	72	#
44	281.652	4	5	6	7	13	15	72	#
45	230.197	6	7	13	14	15	23	72	#
46	345.142	43	50	51	59	60	73	#
47	478.851	36	37	43	50	51	73	#
48	459.914	0	8	9	17	51	73	#
49	403.382	34	42	49	50	51	73	#
50	334.624	42	43	51	59	60	73	#
51	293.687	42	50	51	59	60	73	#
52	318.341	29	30	37	74	#
53	254.623	29	30	38	74	#
54	238.913	21	29	37	74	#
55	178.772	29	31	38	74	#
56	160.872	6	7	15	75	#
57	202.941	7	14	15	75	#
58	199.379	15	33	34	75	#
59	181.159	5	6	7	75	#
60	209.007	51	52	76	#
61	243.495	52	53	76	#
62	163.168	51	59	#
63	343.962	0	1	8	9	77	#
64	306.063	0	1	8	16	77	#
65	210.145	8	9	16	24	77	#
66	195.513	9	17	18	19	77	#
67	1043.43	8	9	10	18	29	30	31	35	36	38	43	44	51	52	53	54	59	60	61	78	#
68	1334.14	27	28	29	30	31	35	36	37	38	39	43	44	45	46	51	52	53	54	55	78	#
69	1299.79	4	5	13	20	28	29	30	31	35	36	37	38	39	43	44	45	52	53	54	78	#
70	1261.39	15	22	23	28	29	30	31	35	36	37	38	39	43	44	45	46	47	52	55	78	#
71	1260.09	5	12	13	14	15	19	20	22	23	28	29	30	31	35	36	38	39	43	46	78	#
72	1244.96	4	12	22	23	27	28	29	30	31	35	36	38	43	44	45	52	53	54	60	78	#
73	399.833	3	11	12	18	19	20	21	28	79	#
74	544.505	13	20	21	22	28	29	37	38	79	#
75	535.858	12	13	19	20	21	27	28	29	79	#
76	488.746	11	12	19	20	21	28	43	47	79	#
77	455.916	3	22	30	31	38	39	45	46	79	#
78	433.446	10	11	12	18	19	20	27	28	79	#
79	52.5758	13	#
80	108.009	11	19	80	#
81	97.0635	3	11	80	#
82	114.768	45	53	81	#
83	122.116	44	45	81	#
84	93.0183	53	#
85	182.159	0	1	82	#
86	200.04	1	9	82	#
87	87.0206	0	8	#
88	526.109	1	3	8	9	10	11	16	17	19	20	28	83	#
89	787.976	0	1	2	3	8	9	10	16	17	24	25	83	#
90	712.42	19	27	28	29	31	35	36	37	38	43	51	83	#
91	682.774	0	1	2	3	8	9	10	16	17	18	24	83	#
92	667.795	0	1	2	8	9	10	16	17	24	32	40	83	#
93	659.473	1	2	9	10	11	16	17	24	25	32	40	83	#
94	538.126	1	2	3	4	11	12	13	14	20	84	#
95	703.755	0	1	2	8	16	17	25	26	33	84	#
96	661.648	4	11	12	19	20	21	25	26	27	84	#
97	631.352	12	13	14	17	18	20	21	29	37	84	#
98	508.301	3	4	11	12	20	21	28	29	30	84	#
99	491.783	3	4	11	12	13	14	20	21	29	84	#
100	1942.46	25	26	27	33	34	35	36	40	41	42	43	44	45	46	47	49	50	51	52	53	54	55	57	58	59	60	85	#
101	1941.53	19	25	26	27	28	33	34	35	36	37	38	41	42	43	44	45	49	50	51	52	53	54	55	57	58	59	85	#
102	1923.14	24	25	26	27	32	33	34	35	36	40	41	42	43	48	49	50	51	52	53	54	56	57	58	59	60	62	85	#
103	1902.86	25	26	27	28	30	31	33	34	35	36	38	39	40	41	43	44	45	49	50	51	52	53	56	57	58	59	85	#
104	1893.53	26	27	30	34	35	36	38	43	45	46	47	48	49	50	51	52	53	54	55	56	57	58	59	61	62	63	85	#
105	1853.05	0	1	27	33	34	35	36	38	41	42	43	44	45	46	47	49	50	51	52	53	54	57	58	59	60	61	85	#
106	632.775	25	26	32	33	40	41	48	56	62	63	86	#
107	751.676	14	15	23	46	47	53	54	55	62	63	86	#
108	744.448	25	26	27	33	35	36	37	41	44	49	86	#
109	723.528	17	25	26	27	33	35	41	51	52	60	86	#
110	702.121	24	32	40	48	49	50	51	52	53	56	86	#
111	654.208	24	25	26	32	33	34	40	41	42	48	86	#
112	823.131	23	27	28	29	31	36	37	38	44	45	53	87	#
113	826.739	27	28	29	31	36	37	38	44	45	46	53	87	#
114	775.395	19	20	22	23	27	28	29	30	31	38	39	87	#
115	764.8	11	19	23	27	28	29	31	36	38	50	51	87	#
116	758.852	3	20	28	29	31	36	37	38	43	52	53	87	#
117	750.435	16	24	29	31	36	37	38	43	44	45	53	87	#
118	2959.99	2	3	4	5	7	10	13	15	17	18	19	20	21	22	23	28	29	30	31	34	35	36	37	38	39	40	41	42	43	44	45	46	47	48	49	50	51	52	53	54	56	57	58	59	60	61	62	63	88	#
119	3098.55	0	2	3	4	5	7	8	9	10	13	14	15	16	17	18	19	21	22	23	24	25	28	29	30	31	32	33	34	36	37	38	39	40	41	42	43	44	45	46	47	48	49	50	51	54	56	57	58	88	#
120	3085.72	2	3	4	5	10	13	14	17	21	22	23	25	26	28	29	30	31	32	33	34	36	37	38	39	40	41	42	43	44	45	46	47	48	49	50	51	52	53	54	55	56	57	58	59	60	61	62	63	88	#
121	3075.94	2	3	4	5	7	13	14	15	19	20	21	22	23	25	28	29	30	31	32	33	36	37	38	39	40	41	42	43	44	45	46	47	48	49	50	51	52	53	54	55	56	57	58	59	60	61	62	63	88	#
122	3072.55	2	3	4	5	10	13	17	18	19	20	21	22	25	26	28	29	30	32	33	34	36	37	38	39	40	41	42	43	44	45	46	47	48	49	50	51	52	53	54	55	56	57	58	59	60	61	62	63	88	#
123	3064.89	5	8	9	10	13	14	15	16	17	21	22	23	24	25	26	28	29	30	31	33	34	36	37	38	39	40	41	42	43	44	45	46	47	48	49	50	51	52	53	54	56	57	58	59	60	61	62	63	88	#
124	210.844	16	24	26	32	89	#
125	312.383	1	9	16	24	89	#
126	284.525	9	16	24	32	89	#
127	254.659	17	25	26	34	89	#
128	196.355	8	9	16	24	89	#
129	498.923	5	6	7	13	14	15	22	23	31	38	90	#
130	708.586	28	30	31	36	37	38	39	44	45	53	90	#
131	685.966	7	8	14	15	23	30	31	38	39	45	90	#
132	685.821	14	22	30	38	43	44	45	52	53	61	90	#
133	633.526	14	21	22	23	30	31	38	39	45	46	90	#
134	578.799	6	7	15	22	23	30	31	38	39	45	90	#
135	454.59	3	4	11	12	13	14	15	19	27	91	#
136	602.141	9	17	18	19	27	28	35	36	37	91	#
137	595.974	6	7	15	23	31	39	46	47	55	91	#
138	579.502	19	26	27	28	29	35	36	44	45	91	#
139	547.162	6	7	13	14	15	23	31	39	47	91	#
140	544.014	3	11	12	19	26	27	28	29	35	91	#
141	289.493	8	9	10	16	92	#
142	364.288	0	8	9	16	92	#
143	322.351	1	9	16	24	92	#
144	294.101	9	10	16	18	92	#
145	208.343	9	10	11	12	92	#
146	830.438	19	20	26	27	34	35	41	42	43	44	45	51	52	58	59	60	61	93	#
147	1203.17	29	36	37	42	43	44	45	48	49	50	51	52	56	57	58	59	60	93	#
148	1177.71	16	24	32	35	42	43	44	45	48	49	50	51	52	56	57	58	59	93	#
149	1167.27	19	25	26	27	34	42	43	44	48	49	50	51	52	56	57	58	59	93	#
150	1165.41	3	10	11	17	18	19	42	48	49	50	51	52	56	57	58	59	60	93	#
151	1121.53	32	33	34	35	40	41	42	43	48	49	50	51	52	56	57	58	59	93	#
152	127.409	17	25	94	#
153	134.204	17	27	94	#
154	621.352	16	17	25	26	27	33	35	40	41	42	56	57	95	#
155	841.201	25	26	33	40	41	42	49	50	51	52	58	59	95	#
156	813.125	33	41	42	49	50	51	52	53	57	58	59	60	95	#
157	775.51	24	25	26	32	33	34	40	41	42	49	50	51	95	#
158	771.316	10	17	18	25	26	33	34	35	42	49	50	51	95	#
159	763.598	33	34	35	36	37	42	43	44	49	50	51	52	95	#
160	124.803	8	16	96	#
161	96.4426	8	9	96	#
162	967.111	5	6	7	12	13	14	15	21	22	29	30	36	43	44	45	53	61	97	#
163	1350.27	2	9	10	17	18	25	26	27	28	29	33	34	35	36	44	52	53	97	#
164	1298.38	0	1	2	18	19	25	26	27	29	33	34	35	36	37	43	44	45	97	#
165	1140.76	25	26	27	28	33	34	35	36	41	42	44	45	47	53	54	55	61	97	#
166	1125.5	12	13	21	22	26	27	28	29	30	34	35	36	37	43	44	45	53	97	#
167	1078.56	5	10	12	13	21	22	23	29	30	32	40	48	49	51	57	58	59	97	#
168	710.575	2	20	26	28	33	34	35	36	41	42	50	51	98	#
169	829.705	26	27	28	29	30	31	34	35	36	37	38	44	98	#
170	824.047	26	28	29	30	33	34	35	36	37	41	42	44	98	#
171	806.538	34	35	36	37	38	42	43	44	46	51	54	62	98	#
172	764.97	26	27	28	33	34	35	36	37	41	42	44	45	98	#
173	723.346	33	38	40	41	42	46	48	49	50	51	57	59	98	#
174	154.514	0	8	9	99	#
175	190.001	0	1	8	99	#
176	135.072	9	10	17	99	#
177	314.883	33	41	49	100	#
178	298.742	41	42	49	100	#
179	296.041	41	48	49	100	#
180	203.266	25	26	33	100	#
181	40.5227	0	#
182	178.025	2	3	10	11	101	#
183	194.723	10	11	12	20	101	#
184	123.933	10	11	18	19	101	#
185	123.151	2	3	4	11	101	#
186	870.509	30	31	38	39	45	46	47	53	54	55	61	62	63	102	#
187	998.902	16	17	24	25	26	32	34	38	39	46	47	54	55	102	#
188	992.35	22	30	38	39	45	46	47	53	54	55	61	62	63	102	#
189	990.314	2	10	18	28	29	36	37	38	39	46	47	54	55	102	#
190	916.563	7	15	22	23	28	30	36	37	38	45	46	53	61	102	#
191	913.442	8	9	16	17	18	24	25	32	39	47	54	55	63	102	#
192	598.683	14	19	20	21	22	27	28	29	30	103	#
193	650.729	13	14	21	22	28	29	30	31	39	103	#
194	600.543	14	21	22	28	29	30	31	38	46	103	#
195	559.298	13	21	22	26	27	28	29	35	37	103	#
196	496.345	19	20	21	22	26	27	28	29	35	103	#
197	468.358	3	9	10	11	17	18	19	26	27	103	#
198	791.602	32	33	40	41	42	48	49	50	58	59	104	#
199	860.286	17	18	25	33	40	41	48	49	50	58	104	#
200	838.795	41	43	48	49	50	51	52	58	59	60	104	#
201	836.871	25	33	40	41	48	49	50	56	58	59	104	#
202	808.889	41	42	48	49	50	52	56	58	59	60	104	#
203	794.036	11	19	20	21	29	37	40	48	49	50	104	#
204	1411.43	8	9	10	11	16	17	18	19	25	27	33	36	43	44	45	51	52	53	54	55	59	60	61	62	63	105	#
205	1643.29	7	9	10	13	15	16	17	18	21	24	25	27	28	29	30	33	38	44	45	46	54	55	61	62	63	105	#
206	1589.99	0	1	2	3	4	8	9	10	11	12	13	14	16	17	18	19	20	21	24	25	27	28	29	33	35	105	#
207	1525.21	0	1	3	4	8	9	10	11	12	13	14	15	16	17	18	20	21	22	23	24	25	28	29	33	36	105	#
208	1517.74	0	1	8	9	10	11	16	17	18	19	20	25	27	33	34	38	44	45	46	52	53	54	60	61	62	105	#
209	1515.9	12	13	14	20	21	22	23	27	28	29	30	35	38	43	44	45	46	51	52	54	55	56	61	62	63	105	#
210	1038.55	9	16	17	18	19	25	33	40	41	48	49	50	56	57	58	59	60	106	#
211	1297.41	0	1	8	9	16	24	26	27	32	33	34	40	41	42	48	49	50	106	#
212	1210.69	26	27	33	34	35	36	37	40	41	42	48	49	50	56	58	59	60	106	#
213	1206.09	32	33	34	40	41	42	46	47	48	49	50	54	56	58	61	62	63	106	#
214	1195.79	19	20	22	26	27	33	34	35	36	40	41	42	43	48	49	50	58	106	#
215	1174.5	11	19	25	26	27	33	34	35	40	41	42	43	48	49	50	51	56	106	#
216	735.822	28	38	45	46	51	52	53	54	56	60	61	107	#
217	837.178	21	28	29	38	45	46	47	52	53	54	55	107	#
218	784.736	29	38	45	51	52	53	54	59	60	61	62	107	#
219	750.086	3	4	12	38	44	45	51	52	53	54	62	107	#
220	740.694	38	39	45	46	47	53	54	55	61	62	63	107	#
221	727.048	19	20	21	22	28	29	35	36	37	38	46	107	#
222	453.227	35	43	50	51	52	58	60	108	#
223	578.209	43	44	52	53	54	59	60	108	#
224	508.114	34	35	42	43	51	52	60	108	#
225	502.753	1	36	37	43	44	45	53	108	#
226	485.854	43	44	52	53	59	60	61	108	#
227	461.702	35	36	37	43	44	51	52	108	#
228	212.595	29	37	109	#
229	187.221	36	37	109	#
230	155.71	21	29	109	#
231	289.285	41	42	49	50	110	#
232	351.41	41	49	56	57	110	#
233	313.22	34	41	42	43	110	#
234	256.689	34	42	43	50	110	#
235	239.262	40	41	49	58	110	#
236	958.404	13	20	21	22	23	28	29	30	31	35	36	38	39	45	46	53	61	111	#
237	1241.22	8	15	16	17	18	22	23	24	25	28	29	30	32	38	45	46	60	111	#
238	1230.14	16	20	22	28	29	30	31	36	38	39	45	46	47	53	54	55	63	111	#
239	1217.51	5	12	13	14	15	22	23	29	30	31	37	38	39	45	46	47	54	111	#
240	1171.94	2	10	11	12	18	22	23	29	30	38	45	46	47	54	55	62	63	111	#
241	1158.12	22	23	29	30	31	38	39	46	47	52	53	54	55	60	61	62	63	111	#
242	1453.74	14	15	20	22	23	28	29	30	31	36	37	38	41	42	43	44	45	49	52	58	112	#
243	1554.18	14	15	19	20	22	27	28	29	30	36	37	38	43	44	45	46	51	52	54	62	112	#
244	1509.84	14	20	26	27	28	35	36	37	41	42	43	44	45	48	49	50	51	52	56	58	112	#
245	1480.32	0	8	9	10	16	17	18	20	26	27	28	29	41	43	44	49	50	51	52	59	112	#
246	1441.2	26	27	28	29	34	35	36	37	41	42	43	44	45	48	49	50	51	52	57	58	112	#
247	1434.9	5	8	13	14	15	20	21	22	26	27	28	29	30	36	37	38	43	44	45	52	112	#
248	1142.24	4	11	12	13	20	21	22	23	29	30	31	37	38	39	45	46	47	54	55	113	#
249	1397.7	0	1	2	8	9	10	11	12	16	17	18	24	25	30	31	38	39	46	47	113	#
250	1330.59	7	14	15	20	21	22	23	28	29	30	31	33	34	38	41	42	46	47	49	113	#
251	1314.97	14	15	21	22	23	24	29	30	31	32	37	38	39	46	47	54	55	62	63	113	#
252	1302.93	14	15	21	22	23	29	30	31	33	34	38	41	42	43	44	45	46	48	49	113	#
253	1293.51	1	20	21	29	30	31	38	39	43	44	45	46	47	52	54	55	61	62	63	113	#
254	1262.6	3	4	5	6	7	9	10	11	13	15	18	19	20	21	23	26	27	28	29	30	31	34	38	39	114	#
255	1608.82	15	21	22	23	26	29	30	31	34	38	39	41	42	46	47	48	49	50	53	54	55	57	58	62	114	#
256	1548.59	19	20	21	23	25	26	27	28	29	30	31	34	35	37	38	39	44	46	47	53	54	55	62	63	114	#
257	1477.24	3	4	5	6	7	11	12	13	21	27	28	29	30	36	38	43	44	46	52	53	54	55	62	63	114	#
258	1471.16	0	8	9	16	17	20	22	24	27	28	29	30	31	38	39	44	46	47	53	54	55	61	62	63	114	#
259	1467.9	7	11	12	15	20	21	22	23	27	28	29	30	31	38	39	44	46	47	52	53	54	55	60	62	114	#
260	51.364	11	#
261	846.675	10	17	18	19	20	25	26	33	34	41	42	43	115	#
262	896.551	25	26	27	29	34	36	37	42	43	47	49	50	115	#
263	893.67	8	9	10	12	17	18	20	25	26	27	28	36	115	#
264	851.771	12	20	26	27	28	29	30	36	42	43	44	53	115	#
265	843.662	0	25	26	27	33	34	36	41	42	43	44	52	115	#
266	820.528	8	9	10	17	18	25	26	33	34	41	42	50	115	#
267	544.842	36	42	43	44	50	51	52	53	60	116	#
268	677.647	29	36	37	43	44	51	52	53	60	116	#
269	626.966	28	36	37	43	44	50	51	52	53	116	#
270	620.264	28	29	36	42	43	44	49	50	51	116	#
271	583.286	43	47	51	52	53	54	55	59	62	116	#
272	574.656	34	42	43	44	49	50	51	52	60	116	#
273	627.098	3	4	5	6	13	21	22	25	26	33	117	#
274	729.106	9	16	33	34	36	40	41	42	43	48	117	#
275	683.23	13	14	20	21	22	23	30	38	45	46	117	#
276	676.025	26	27	28	33	34	41	42	43	50	51	117	#
277	660.393	25	26	27	33	34	35	42	43	44	53	117	#
278	624.237	10	13	14	18	19	20	21	22	29	37	117	#
279	771.32	13	21	22	29	30	31	38	39	44	45	46	47	54	55	118	#
280	1025.09	13	21	22	29	30	37	38	44	45	46	52	53	54	61	118	#
281	941.671	13	21	29	30	31	37	38	44	45	51	52	53	60	61	118	#
282	913.857	29	30	31	36	37	38	43	44	46	51	52	53	54	61	118	#
283	905.913	5	12	13	14	15	21	22	29	30	31	38	44	45	52	118	#
284	896.442	3	29	38	39	44	45	47	52	53	54	55	60	61	63	118	#
285	338.961	33	40	41	48	56	57	119	#
286	440	48	49	50	56	57	58	119	#
287	409.106	10	49	50	56	57	58	119	#
288	402.709	41	48	49	56	57	58	119	#
289	387.817	40	48	49	56	57	58	119	#
290	374.26	7	15	17	18	25	33	119	#
291	304.731	9	16	24	32	120	#
292	296.423	0	1	8	9	120	#
293	291.258	16	22	24	32	120	#
294	238.006	1	8	9	16	120	#
295	164.912	16	24	32	40	120	#
296	284.153	53	54	55	61	62	121	#
297	367.917	39	47	55	62	63	121	#
298	294.47	36	44	45	53	54	121	#
299	248.229	54	55	61	62	63	121	#
300	678.814	30	32	36	38	40	42	43	44	45	48	122	#
301	718.468	29	30	37	38	39	45	46	47	54	62	122	#
302	705.912	32	39	40	41	42	43	44	48	49	52	122	#
303	682.32	36	38	43	44	45	46	51	53	54	59	122	#
304	680.608	16	24	32	33	40	41	42	48	49	58	122	#
305	669.535	32	33	40	41	42	43	48	51	56	57	122	#
306	1265.2	0	1	2	3	4	5	6	7	8	9	10	11	12	13	15	16	17	18	19	20	21	24	123	#
307	1462.2	2	3	4	5	6	7	11	12	13	14	15	19	20	21	23	27	28	29	31	38	39	45	123	#
308	1455.93	1	2	3	4	5	6	8	9	11	12	13	19	20	21	28	29	30	31	38	49	56	57	123	#
309	1416.4	0	1	4	5	8	9	10	12	13	16	17	18	19	20	21	28	29	33	38	41	45	52	123	#
310	1415.83	3	4	5	6	7	12	13	15	19	20	21	23	31	38	39	45	53	54	55	61	62	63	123	#
311	1394.19	3	4	5	6	11	12	13	19	20	21	22	27	28	29	30	31	36	38	44	45	53	54	123	#
312	244.473	51	58	59	60	124	#
313	332.576	51	52	59	60	124	#
314	332.068	51	52	53	60	124	#
315	255.049	49	58	59	60	124	#
316	174.181	17	43	44	58	124	#
317	501.801	22	25	33	40	41	42	48	49	56	125	#
318	596.95	9	16	21	24	32	40	41	48	49	125	#
319	557.24	25	33	40	41	42	43	48	49	58	125	#
320	554.081	9	16	17	18	25	26	27	28	33	125	#
321	542.329	9	16	17	24	25	26	33	40	41	125	#
322	535.842	16	24	25	32	33	40	41	48	56	125	#
323	65.8163	39	#
324	1106.38	14	26	27	33	34	35	36	42	43	44	45	50	51	52	53	54	60	61	62	126	#
325	1327.89	25	27	28	29	33	34	35	36	37	42	43	44	48	49	50	51	52	53	61	126	#
326	1307.35	0	1	9	10	11	16	17	18	25	26	27	33	34	35	36	43	44	52	63	126	#
327	1295.12	16	17	21	25	26	29	35	37	38	43	44	45	51	52	53	54	55	61	62	126	#
328	1280.03	16	24	27	29	33	35	36	37	41	43	44	45	48	49	50	51	52	58	59	126	#
329	1234.23	4	5	11	12	13	20	21	29	39	43	44	45	47	53	54	55	61	62	63	126	#
330	96.4763	34	35	127	#
331	87.5182	35	36	127	#
332	195.585	7	14	15	128	#
333	178.005	5	6	7	128	#
334	169.046	13	14	21	128	#
335	620.487	12	19	20	21	24	27	28	34	35	36	43	44	129	#
336	910.183	25	27	28	33	34	35	42	43	49	50	51	58	129	#
337	811.837	0	16	17	19	20	24	25	26	27	33	34	35	129	#
338	798.033	27	34	35	36	37	42	43	44	49	50	51	58	129	#
339	748.385	19	26	27	34	35	36	42	43	49	50	51	58	129	#
340	741.353	14	20	21	22	23	27	28	29	31	35	37	41	129	#
341	193.722	0	1	2	130	#
342	264.423	0	1	9	130	#
343	95.4313	2	3	10	130	#
344	64.7148	1	2	11	130	#
345	202.76	44	52	53	54	131	#
346	245.046	6	43	51	52	131	#
347	241.789	36	37	44	52	131	#
348	201.613	46	54	55	62	131	#
349	109.736	44	52	53	60	131	#
350	139.054	24	32	40	48	132	#
351	159.348	32	40	48	49	132	#
352	114.381	24	#
353	1150.56	0	1	2	10	14	20	21	22	23	26	27	28	29	30	31	37	38	45	53	198	#
354	1268.07	5	11	12	13	17	18	19	21	22	25	26	27	29	34	35	36	43	44	45	53	54	133	#
355	1495.1	1	9	11	17	18	19	22	25	29	30	36	37	38	43	44	45	46	47	51	52	53	133	#
356	1410.82	1	2	5	6	8	9	13	14	16	17	18	21	22	24	25	26	27	29	30	37	38	133	#
357	1319.28	1	6	9	10	17	18	25	26	29	33	34	35	36	37	40	41	42	43	44	52	57	133	#
358	1311.04	8	9	16	17	18	19	25	26	27	33	34	35	36	40	41	42	43	44	52	53	61	133	#
359	1308.23	3	4	9	11	12	13	14	18	19	20	21	22	23	25	26	27	29	30	33	34	35	133	#
360	1494.6	23	28	29	31	34	35	36	41	42	43	44	45	46	49	50	51	52	53	54	57	58	60	61	134	#
361	1661.76	11	12	19	20	21	26	28	29	34	35	36	37	41	42	43	44	45	51	52	53	54	59	61	134	#
362	1637.14	26	28	29	32	33	34	35	36	40	41	42	43	44	45	49	51	52	54	57	58	59	60	62	134	#
363	1578.47	24	25	26	32	34	35	36	37	40	41	42	43	44	45	48	49	50	51	52	57	58	59	60	134	#
364	1564.98	10	11	12	13	24	32	34	36	40	41	42	43	44	45	49	50	51	52	53	57	58	59	60	134	#
365	1532.08	19	20	23	27	28	29	30	31	34	35	36	40	41	42	43	44	45	48	49	50	51	52	58	134	#
366	764.544	21	24	29	30	32	38	44	45	46	53	54	61	62	135	#
367	848.389	6	7	15	29	30	31	38	39	45	46	53	54	62	135	#
368	844.132	21	22	23	29	30	31	37	38	39	45	46	47	54	135	#
369	840.62	7	29	30	31	36	38	39	43	44	46	51	52	59	135	#
370	836.867	5	6	7	13	14	15	21	22	29	38	45	46	54	135	#
371	782.044	19	29	30	31	38	39	44	45	46	53	54	61	62	135	#
372	962.406	0	1	2	3	4	5	6	9	10	11	12	13	20	21	22	28	29	30	36	136	#
373	1212.29	1	2	3	4	8	9	10	12	16	17	24	25	38	43	45	51	52	53	54	136	#
374	1211.43	12	13	20	21	27	28	29	30	31	35	36	38	43	44	52	53	54	59	60	136	#
375	1205.52	1	2	3	4	5	6	12	13	19	21	22	23	27	28	29	30	35	43	52	136	#
376	1193.64	1	5	8	9	15	16	17	24	34	35	36	40	41	42	43	44	48	52	53	136	#
377	1179.68	2	20	27	28	35	36	39	41	42	43	44	46	47	51	52	53	54	59	60	136	#
378	1304.54	1	2	3	4	30	31	38	39	43	44	46	47	50	51	52	53	54	55	60	61	62	63	137	#
379	1650.36	2	21	22	25	26	27	29	30	35	36	38	42	43	44	45	46	50	51	52	53	54	60	137	#
380	1625.24	14	22	23	27	29	30	31	34	35	36	38	42	43	44	46	49	50	51	52	53	54	57	137	#
381	1610.48	4	12	13	14	20	21	22	29	30	31	38	39	41	42	43	46	47	52	53	54	55	63	137	#
382	1589.03	13	14	20	21	22	23	25	27	28	29	30	33	34	35	36	38	42	43	44	45	52	53	137	#
383	1498.19	0	1	2	8	9	10	16	17	19	20	21	25	26	27	28	34	35	43	44	51	53	54	137	#
384	1066.74	4	11	12	19	20	21	27	28	29	30	35	36	37	38	45	46	54	138	#
385	1367.53	17	19	20	21	25	26	27	28	29	30	34	36	37	38	39	46	47	138	#
386	1165.19	1	2	10	13	19	20	21	22	27	28	29	30	33	34	35	36	37	138	#
387	1162.14	11	12	19	20	21	25	26	27	28	33	34	35	36	37	42	50	58	138	#
388	1159.69	1	2	9	10	18	20	21	22	27	28	29	30	36	37	38	45	46	138	#
389	1131.63	4	5	6	13	14	21	22	27	28	29	30	34	35	36	37	38	46	138	#
390	508.259	26	34	35	44	52	53	59	60	61	139	#
391	754.204	45	49	50	51	52	53	54	59	60	139	#
392	744.81	25	26	33	34	35	52	53	59	60	139	#
393	662.609	44	45	46	47	51	52	53	54	60	139	#
394	622.468	38	44	45	46	52	53	54	59	60	139	#
395	617.556	23	25	26	27	31	34	39	42	50	139	#
396	49.8345	47	#
397	68.8305	17	#
398	1526.58	17	19	25	26	27	28	29	33	34	35	38	42	43	44	45	47	51	52	53	55	61	62	63	140	#
399	1691.46	4	5	7	10	11	12	13	14	15	18	19	20	21	22	23	27	29	44	51	52	55	62	63	140	#
400	1607.87	5	12	13	18	19	20	21	22	25	26	27	28	29	33	34	35	36	40	41	42	43	52	53	140	#
401	1576.04	4	12	13	14	15	17	18	19	20	21	25	26	27	32	33	34	38	40	42	44	45	46	53	140	#
402	1559.4	1	2	4	5	10	11	12	13	18	19	20	21	22	26	27	28	29	30	34	35	41	42	49	140	#
403	1551.62	4	8	10	11	12	16	17	18	19	20	22	24	27	32	34	35	40	42	43	48	51	52	53	140	#
404	471.541	0	1	3	4	9	10	11	16	24	141	#
405	676.394	3	4	11	14	19	20	26	27	34	141	#
406	508.424	0	1	8	9	10	11	16	19	24	141	#
407	501.562	0	1	8	9	16	24	32	40	41	141	#
408	499.111	3	4	11	18	19	26	27	28	34	141	#
409	488.927	0	1	2	3	4	5	8	16	24	141	#
410	1385.12	28	29	30	34	35	36	37	38	39	42	43	44	45	46	47	50	51	52	53	54	55	58	59	60	61	62	142	#
411	1743.61	0	1	9	16	17	18	24	25	30	33	34	38	41	42	44	45	48	49	50	51	52	53	57	58	59	60	142	#
412	1696.69	13	14	17	18	20	21	22	23	29	30	33	34	36	37	38	41	42	43	44	45	50	51	52	53	54	61	142	#
413	1682.05	9	16	17	24	25	26	27	28	33	34	35	36	41	42	43	44	49	50	52	53	54	55	57	58	60	61	142	#
414	1669.56	9	13	17	18	19	20	21	25	26	27	28	33	34	35	36	37	41	42	43	44	49	50	52	53	61	62	142	#
415	1645.62	4	9	11	12	13	17	18	19	20	25	26	27	28	33	34	35	36	41	42	43	49	50	52	56	57	58	142	#
416	19.8878	23	#
417	286.989	26	34	35	36	143	#
418	381.263	25	26	33	34	143	#
419	366.147	25	26	34	35	143	#
420	299.32	26	27	34	35	143	#
421	251.724	34	35	36	42	143	#
422	143.517	4	5	#
423	75.8864	15	23	#
424	94.809	23	31	#
425	102.735	46	#
426	2278.18	17	18	19	20	25	27	28	29	31	32	33	36	37	38	40	41	42	44	45	46	47	48	49	50	51	52	53	54	56	57	58	59	60	61	62	145	#
427	2446.41	3	4	5	12	13	19	20	21	23	25	26	27	28	29	31	33	36	37	38	39	40	44	46	47	48	49	50	51	52	53	56	57	58	59	60	145	#
428	2383.75	0	1	4	9	12	13	17	19	20	21	22	23	25	26	27	28	29	31	33	34	36	37	38	39	44	46	47	48	51	52	53	54	55	59	60	145	#
429	2362.04	3	4	5	9	10	11	12	13	17	18	19	20	22	23	25	26	27	28	29	31	33	34	36	37	38	39	41	44	47	49	51	52	53	59	60	145	#
430	2337.79	3	4	12	13	18	19	20	25	26	27	28	31	33	36	37	38	44	46	47	48	49	50	51	52	53	54	55	56	57	58	59	60	61	62	63	145	#
431	2306.72	13	14	17	19	20	21	22	25	26	27	28	29	31	33	36	37	38	40	41	44	48	49	50	51	52	53	54	55	56	57	58	59	60	62	63	145	#
432	807.591	7	14	15	38	43	45	46	52	53	54	61	62	63	146	#
433	825.955	21	29	31	38	39	45	46	47	53	54	61	62	63	146	#
434	819.282	13	19	20	21	29	30	38	45	53	54	61	62	63	146	#
435	810.796	19	27	33	34	35	36	41	43	50	51	52	57	58	146	#
436	803.514	4	5	11	12	13	14	19	20	21	22	29	37	38	146	#
437	791.006	7	21	29	30	31	38	45	46	53	54	61	62	63	146	#
438	307.897	8	9	16	17	24	32	147	#
439	458.876	9	16	17	24	25	33	147	#
440	414.264	16	24	32	33	40	41	147	#
441	411.854	9	16	17	24	62	63	147	#
442	338.446	8	9	16	17	24	25	147	#
443	324.785	0	1	8	9	10	16	147	#
444	67.8236	26	#
445	690.505	0	1	34	41	42	43	49	50	56	57	148	#
446	741.527	25	33	34	42	43	49	50	51	52	60	148	#
447	730.982	26	33	34	35	42	43	44	51	52	53	148	#
448	714.083	33	34	37	40	41	42	48	49	50	51	148	#
449	656.379	26	33	34	35	42	43	50	51	52	58	148	#
450	633.975	36	41	42	43	44	48	49	50	51	56	148	#
451	683.388	34	42	43	44	45	46	53	54	55	62	63	149	#
452	978.235	20	21	27	28	34	35	36	41	42	49	50	149	#
453	936.995	27	28	34	35	36	42	43	44	45	51	52	149	#
454	922.051	25	26	27	28	34	35	36	41	42	43	44	149	#
455	852.83	3	11	19	27	28	34	35	42	43	44	45	149	#
456	846.868	36	40	41	42	43	44	48	49	50	51	58	149	#
457	453.245	3	4	5	6	7	11	12	13	14	15	150	#
458	650.08	1	2	3	9	10	11	12	16	62	63	150	#
459	631.138	4	5	12	13	14	15	20	28	36	44	150	#
460	628.255	1	2	3	4	8	9	10	11	12	13	150	#
461	601.449	5	11	12	13	14	15	19	20	22	45	150	#
462	601.119	3	4	5	11	12	13	14	20	53	61	150	#
463	697.49	14	19	20	26	27	28	33	34	41	151	#
464	825.884	20	22	26	27	28	29	34	43	52	151	#
465	740.103	8	9	14	15	16	22	23	30	31	151	#
466	687.583	11	20	21	22	26	33	34	41	49	151	#
467	683.892	12	19	20	21	22	23	26	27	31	151	#
468	663.315	0	1	9	26	27	28	35	36	37	151	#
469	401.646	52	53	54	61	62	152	#
470	471.57	38	46	47	54	55	152	#
471	341.271	44	45	52	53	61	152	#
472	305.154	54	55	61	62	63	152	#
473	304.822	8	44	52	53	54	152	#
474	121.037	0	1	8	153	#
475	151.086	0	1	2	153	#
476	127.493	0	8	16	153	#
477	120.82	28	36	154	#
478	138.967	20	28	154	#
479	88.4428	36	44	154	#
480	485.625	1	2	3	10	11	12	16	17	18	19	155	#
481	592.435	8	9	16	17	18	25	26	33	34	35	155	#
482	551.966	3	11	19	48	49	50	51	56	57	58	155	#
483	525.027	1	2	8	9	10	17	18	19	43	44	155	#
484	497.395	12	13	14	15	19	20	22	23	27	36	155	#
485	474.759	1	2	3	4	10	11	12	34	35	43	155	#
486	204.751	16	24	32	40	156	#
487	290.756	8	16	24	45	156	#
488	245.107	24	32	40	48	156	#
489	244.071	24	32	40	41	156	#
490	989.501	36	37	43	44	46	51	52	53	54	55	59	60	61	157	#
491	1155.17	29	36	37	38	45	46	50	51	52	53	54	55	61	157	#
492	1099.53	14	22	29	30	31	36	37	38	43	52	53	60	61	157	#
493	1057.22	9	29	30	31	38	43	45	51	52	53	54	55	62	157	#
494	999.559	29	35	36	37	38	43	44	45	46	52	53	54	55	157	#
495	992.562	36	37	41	42	43	49	50	51	52	57	58	59	60	157	#
496	402.938	23	31	38	45	46	47	158	#
497	484.16	7	15	22	23	30	45	158	#
498	457.81	30	31	39	46	47	55	158	#
499	449.948	22	23	30	31	38	46	158	#
500	438.623	30	31	38	45	46	53	158	#
501	394.274	23	31	39	46	47	55	158	#
502	381.14	22	23	30	31	38	159	#
503	481.668	14	22	29	30	38	159	#
504	455.055	29	38	45	46	47	159	#
505	399.617	22	30	31	38	45	159	#
506	345.775	15	22	23	31	41	159	#
507	325.083	15	21	22	23	31	159	#
508	42.8192	2	10	#
509	496.188	33	34	42	49	50	51	58	59	60	160	#
510	567.142	45	49	51	52	53	57	58	59	60	160	#
511	552.434	17	18	25	26	33	34	42	43	51	160	#
512	503.589	16	17	24	25	26	32	33	34	42	160	#
513	491.948	26	33	34	42	49	50	51	57	58	160	#
514	489.837	7	49	50	51	52	57	58	59	60	160	#
515	89.2258	22	#
516	1643.26	0	1	2	3	4	5	8	9	10	16	17	19	25	26	27	28	33	35	36	37	40	41	43	52	53	60	161	#
517	1730.32	0	1	2	3	7	8	9	11	12	16	17	18	19	24	25	26	27	29	33	34	35	36	37	42	43	50	161	#
518	1722.07	0	1	8	11	12	16	19	20	21	22	27	28	29	30	31	35	36	37	38	41	42	43	44	45	52	53	161	#
519	1710.63	3	4	5	10	11	12	18	19	20	21	22	27	28	29	30	31	35	36	37	38	39	45	46	53	54	59	161	#
520	1677.55	0	1	2	3	4	5	8	9	10	11	12	16	17	24	32	39	40	41	42	46	47	48	49	50	57	58	161	#
521	1675.13	0	1	2	3	4	5	6	8	9	11	12	16	19	20	21	22	24	26	27	28	29	35	36	42	43	53	161	#
522	1848.4	0	1	4	5	6	8	12	13	16	17	19	20	24	25	26	27	32	33	34	40	41	42	46	47	48	49	50	162	#
523	2222.4	8	16	17	18	19	20	24	25	26	27	28	29	30	33	40	41	46	48	49	51	52	53	54	55	61	62	63	162	#
524	2141.68	0	1	8	9	10	16	17	18	19	20	24	25	26	27	28	29	33	34	35	36	40	41	42	43	49	51	52	162	#
525	2047.7	0	8	16	17	24	25	26	27	28	29	32	33	34	35	40	41	42	43	48	49	50	51	52	53	56	57	58	162	#
526	2044.58	11	12	17	18	19	20	25	26	27	28	29	33	34	35	36	41	42	43	48	50	51	52	53	60	61	62	63	162	#
527	2027.26	8	16	17	25	26	27	28	33	34	38	40	41	42	43	46	48	49	50	51	52	53	54	57	58	61	62	63	162	#
528	474.122	24	32	40	41	42	48	163	#
529	535.537	17	25	33	41	42	50	163	#
530	499.816	24	32	40	41	48	56	163	#
531	486.741	17	25	33	40	41	42	163	#
532	352.927	8	9	10	16	24	32	163	#
533	3209.78	0	1	2	8	9	10	11	16	17	18	19	23	24	25	26	29	30	31	32	33	34	35	36	37	38	39	40	41	42	43	44	45	46	47	48	49	50	51	52	53	54	55	56	57	58	59	60	61	62	63	164	#
534	3357.43	0	1	3	4	5	9	11	12	13	16	17	18	19	22	24	25	26	29	30	31	33	34	35	36	37	38	39	40	41	42	43	44	45	46	47	48	49	50	51	52	53	54	55	56	57	58	59	60	61	62	164	#
535	3342	0	1	2	8	9	11	14	16	17	18	19	22	23	24	25	26	29	30	31	32	33	34	35	36	37	38	40	41	42	43	44	45	46	47	48	49	50	51	52	53	54	55	56	57	58	59	60	61	62	63	164	#
536	3338.1	0	1	3	5	9	11	13	14	16	17	18	19	21	22	25	26	28	29	30	33	34	35	36	37	38	39	40	41	42	43	44	45	46	47	48	49	50	51	52	53	54	55	56	57	58	59	60	61	62	63	164	#
537	3311.59	0	1	2	9	10	11	14	15	16	17	18	22	23	24	25	26	29	30	31	33	34	35	36	37	38	39	40	41	42	43	44	45	46	47	48	49	50	51	52	53	54	55	56	57	58	59	60	61	62	63	164	#
538	3291.26	0	1	2	4	9	11	12	16	17	18	19	21	22	23	24	25	26	28	29	30	31	33	34	35	36	37	38	40	41	42	43	44	45	46	47	49	50	51	52	53	54	55	56	57	58	59	60	61	62	63	164	#
539	95.0233	34	42	165	#
540	9.89103	42	50	165	#
541	604.669	0	1	2	8	9	16	17	18	19	24	32	40	166	#
542	822.259	32	33	40	41	42	43	48	51	52	56	57	60	166	#
543	711.683	0	1	2	3	8	9	16	17	24	25	26	33	166	#
544	676.648	1	8	9	16	17	24	25	32	40	41	48	56	166	#
545	660.203	0	1	2	8	9	16	17	23	24	25	33	34	166	#
546	650.786	3	11	12	13	14	19	20	21	27	28	29	35	166	#
547	358.468	25	33	41	42	167	#
548	431.149	25	26	27	33	167	#
549	387.308	17	25	26	33	167	#
550	309.364	33	34	41	42	167	#
551	1388.86	4	5	6	12	13	14	15	19	20	21	27	28	29	30	35	36	37	43	50	51	168	#
552	1525.91	13	14	19	20	21	22	27	28	29	30	33	34	35	36	37	42	43	49	50	51	168	#
553	1497.29	14	15	23	25	26	27	30	31	33	34	35	39	42	48	49	50	51	56	57	58	168	#
554	1449.34	9	13	14	15	19	20	21	22	23	25	26	27	28	29	30	31	33	35	36	37	168	#
555	1443.19	18	19	20	25	26	27	28	33	34	35	36	42	43	44	46	47	49	50	51	60	168	#
556	1414.08	5	13	14	15	18	19	20	21	22	23	28	29	30	31	37	38	39	46	47	54	168	#
557	780.251	8	9	16	17	18	25	26	34	41	42	169	#
558	768.991	9	17	25	26	34	42	49	50	58	59	169	#
559	749.598	8	9	16	17	24	25	26	27	33	34	169	#
560	720.867	8	9	10	11	12	16	17	25	33	41	169	#
561	682.905	0	1	8	9	10	16	17	18	24	25	169	#
562	608.031	17	19	25	26	27	34	35	42	43	53	169	#
563	441.017	4	5	6	13	21	29	38	46	47	170	#
564	615.102	6	7	14	15	29	38	46	47	54	170	#
565	563.124	5	6	7	15	26	27	33	54	55	170	#
566	562.76	14	15	21	22	23	28	29	30	38	170	#
567	553.873	4	5	11	12	13	14	21	29	30	170	#
568	499.121	3	4	5	6	11	12	20	27	28	170	#
569	882.132	20	21	28	29	30	36	37	38	43	46	52	171	#
570	829.218	28	29	35	36	42	43	44	45	52	53	54	171	#
571	810.665	15	21	22	23	29	30	31	36	37	38	45	171	#
572	781.733	20	21	28	29	34	35	36	38	43	44	52	171	#
573	772.684	28	35	36	37	38	43	44	45	52	53	61	171	#
574	756.423	20	28	35	36	37	43	44	45	52	53	61	171	#
575	727.347	0	1	2	8	9	10	11	16	40	41	48	172	#
576	901.695	2	25	26	33	34	35	41	42	43	49	50	172	#
577	822.305	1	2	9	10	26	34	35	41	42	49	50	172	#
578	745.315	24	32	39	40	41	46	47	48	49	55	57	172	#
579	734.999	10	17	32	33	40	41	42	43	48	53	61	172	#
580	733.838	0	1	2	8	9	10	16	17	24	25	32	172	#
581	336.432	4	5	12	13	14	21	173	#
582	468.801	5	13	38	39	46	47	173	#
583	393.057	5	12	13	14	21	63	173	#
584	341.495	3	4	5	12	13	56	173	#
585	315.024	4	12	20	28	29	63	173	#
586	314.42	5	13	14	15	22	23	173	#
587	332.528	46	54	55	62	63	174	#
588	445.647	46	47	54	62	63	174	#
589	413.938	31	39	46	47	54	174	#
590	359.221	45	52	53	54	55	174	#
591	279.823	53	54	55	62	63	174	#
592	249.025	15	23	54	55	63	174	#
593	1085.56	7	36	40	41	42	43	44	48	49	50	51	52	53	59	60	175	#
594	1221.35	23	28	29	36	37	41	42	43	44	45	49	51	52	53	57	175	#
595	1191.95	11	18	19	27	28	29	35	36	37	43	44	45	51	52	53	175	#
596	1184.41	7	13	14	15	22	23	28	29	30	31	38	39	45	51	59	175	#
597	1183.67	23	28	29	30	31	35	36	37	42	43	44	45	51	52	53	175	#
598	1177.84	29	34	35	36	37	38	40	41	42	43	45	49	50	51	57	175	#
599	1214.75	7	14	15	20	21	22	23	29	30	31	35	36	38	39	43	44	46	47	53	54	55	62	63	176	#
600	1625.23	9	17	18	25	26	27	33	34	35	36	39	43	44	47	51	52	53	54	55	59	60	62	63	176	#
601	1545.73	11	14	18	19	20	21	22	26	27	29	30	31	33	34	35	36	44	49	51	57	58	59	60	176	#
602	1485.26	7	12	14	15	18	19	20	21	22	26	27	29	34	36	37	38	39	46	47	54	55	62	63	176	#
603	1462.89	3	4	5	11	18	19	20	21	22	26	27	28	29	33	34	35	36	37	43	44	51	52	60	176	#
604	1460.07	1	2	14	18	19	20	21	22	23	26	27	29	30	31	33	34	35	38	39	46	47	54	55	176	#
605	135.328	14	22	23	177	#
606	128.345	7	15	23	177	#
607	127.941	13	14	21	177	#
608	89.3431	51	#
609	80.2561	45	#
610	53.4758	2	10	11	#
611	44.9519	40	#
612	859.911	3	4	36	40	41	43	48	49	50	51	52	56	57	58	179	#
613	950.239	25	33	34	36	41	42	43	48	49	50	51	56	57	58	179	#
614	920.001	26	34	41	42	43	48	49	50	51	52	53	54	57	58	179	#
615	903.828	17	25	33	36	40	41	43	48	49	50	51	56	57	58	179	#
616	898.632	24	32	38	40	41	42	43	45	48	49	50	51	56	58	179	#
617	896.185	27	28	29	36	40	41	43	48	49	50	51	56	57	58	179	#
618	188.859	54	55	61	62	63	180	#
619	279.702	44	45	46	54	55	180	#
620	178.539	3	11	54	55	63	180	#
621	563.593	30	38	46	47	54	59	181	#
622	536.175	38	46	47	54	55	63	181	#
623	521.259	39	46	47	53	54	55	181	#
624	451.803	46	47	53	54	55	60	181	#
625	419.209	20	28	29	38	46	54	181	#
626	381.078	20	21	22	23	30	31	181	#
627	774.016	26	27	33	34	40	41	42	43	48	49	58	182	#
628	796.653	33	41	48	49	50	51	56	57	58	59	60	182	#
629	794.37	32	40	41	46	48	49	54	56	58	62	63	182	#
630	792.655	22	30	32	33	40	41	42	48	49	56	62	182	#
631	761.858	33	34	35	41	42	43	48	49	52	56	57	182	#
632	741.068	32	33	34	40	41	42	43	48	49	56	57	182	#
633	378.471	18	19	25	26	27	35	183	#
634	505.085	0	1	9	17	25	33	183	#
635	384.51	26	27	34	35	42	50	183	#
636	348.065	19	20	25	26	27	35	183	#
637	330.43	9	10	16	17	18	25	183	#
638	320.207	26	33	34	35	42	43	183	#
639	398.91	11	12	14	20	21	22	184	#
640	483.189	14	21	22	30	38	45	184	#
641	429.493	20	21	22	28	29	38	184	#
642	414.564	20	21	22	28	32	36	184	#
643	358.183	14	15	20	21	22	23	184	#
644	255.984	2	3	10	11	18	19	184	#
645	572.971	24	32	40	41	42	43	48	49	50	51	58	185	#
646	722.993	21	22	28	29	35	36	37	38	43	44	51	185	#
647	699.143	21	28	29	32	34	35	36	42	43	44	51	185	#
648	683.183	33	34	36	41	42	43	44	50	51	58	59	185	#
649	673.036	42	49	50	51	53	54	55	58	59	62	63	185	#
650	636.037	25	33	34	35	36	40	41	42	44	49	57	185	#
651	133.973	1	9	186	#
652	142.224	0	1	186	#
653	121.154	8	9	186	#
654	187.141	8	9	16	187	#
655	220.543	9	10	16	187	#
656	177.604	1	9	16	187	#
657	142.849	8	16	17	187	#
658	1370.22	1	2	3	4	5	6	7	9	11	12	13	14	15	16	19	20	22	27	28	30	35	36	38	43	188	#
659	1724.71	1	2	3	4	5	6	7	8	9	12	13	14	20	22	27	28	29	30	36	37	38	42	43	45	188	#
660	1681.35	14	18	19	20	22	23	27	28	29	30	34	35	36	37	38	42	43	45	46	47	51	54	55	63	188	#
661	1641.89	1	2	3	4	5	6	7	9	12	13	17	20	22	26	27	28	29	30	34	35	36	37	38	45	188	#
662	1637.72	22	27	28	29	30	31	34	35	36	37	38	40	42	43	45	46	47	48	51	52	54	55	56	60	188	#
663	1515.33	4	5	6	7	12	13	14	22	23	24	28	29	30	31	32	36	37	38	40	41	43	45	46	54	188	#
664	415.166	43	44	45	51	53	189	#
665	429.867	36	37	43	51	59	189	#
666	367.259	30	38	43	44	45	189	#
667	324.72	28	36	44	45	53	189	#
668	291.87	35	43	44	51	59	189	#
669	263.046	43	44	45	53	61	189	#
670	782.476	29	31	36	38	43	44	45	46	53	54	55	61	62	63	190	#
671	942.69	0	27	28	31	35	36	38	43	44	45	46	53	54	62	190	#
672	939.378	14	27	33	34	35	36	43	44	45	46	53	54	61	62	190	#
673	924.819	19	20	26	27	28	34	35	36	38	44	45	46	53	54	190	#
674	919.994	0	1	8	9	10	11	27	28	29	30	31	38	46	54	190	#
675	894.729	1	7	9	14	15	21	22	23	28	29	30	31	37	38	190	#
676	324.594	13	14	21	22	30	191	#
677	402.866	21	28	29	30	37	191	#
678	366.814	14	21	22	23	30	191	#
679	317.679	13	14	22	23	30	191	#
680	306.778	13	21	22	23	30	191	#
681	236.158	3	11	12	13	14	191	#
682	25.0843	60	#
683	299.983	11	19	26	27	28	192	#
684	346.361	26	27	28	34	35	192	#
685	261.717	19	20	27	28	35	192	#
686	235.55	4	11	12	19	20	192	#
687	173.818	20	26	34	42	43	192	#
688	291.641	25	26	34	193	#
689	216.49	33	34	35	193	#
690	170.343	20	26	28	193	#
691	1058.76	16	24	32	34	40	41	42	43	44	45	48	49	50	51	52	59	60	194	#
692	1287.54	30	38	41	42	43	45	46	47	49	50	51	52	54	55	59	60	61	194	#
693	1217.28	34	38	41	42	43	45	46	48	49	50	51	52	53	54	59	60	61	194	#
694	1166.83	14	22	25	30	31	33	34	40	41	42	48	49	50	51	56	58	59	194	#
695	1166.35	30	31	34	38	39	40	42	43	47	48	49	50	51	52	58	59	60	194	#
696	1160.72	15	23	24	30	31	32	34	38	40	41	42	45	48	49	51	56	57	194	#
697	155.581	4	12	195	#
698	170.103	11	12	195	#
699	518.353	4	5	6	11	12	13	19	20	21	196	#
700	657.21	5	6	7	12	13	14	20	21	22	196	#
701	638.496	5	11	12	13	14	19	20	21	29	196	#
702	595.146	5	13	14	15	19	20	21	22	23	196	#
703	559.489	9	10	11	17	18	19	20	25	27	196	#
704	557.677	4	5	6	11	12	13	14	19	20	196	#
705	729.051	19	20	25	27	33	34	35	36	37	43	44	197	#
706	837.573	9	17	18	19	20	25	26	27	28	33	34	197	#
707	762.156	9	11	16	17	18	19	20	25	27	35	36	197	#
708	742.547	11	19	20	25	27	28	33	34	35	36	44	197	#
709	696.985	25	26	28	33	34	35	36	37	41	43	52	197	#
710	695.549	11	17	18	19	20	25	26	27	28	35	36	197	#
711	1133.63	12	14	20	21	22	23	28	29	30	31	37	38	45	46	53	54	61	62	63	198	#
712	1360.56	8	9	17	20	21	25	26	27	28	29	30	33	34	35	36	37	38	42	46	198	#
713	1230.01	20	21	22	26	27	28	29	30	32	34	35	40	41	42	48	50	51	58	59	198	#
714	1158.53	19	20	21	22	23	26	27	28	29	30	31	33	34	35	38	41	42	45	53	198	#
715	1157.17	5	12	13	14	15	20	21	22	23	26	27	28	29	30	31	34	38	42	46	198	#
716	98.4796	50	57	58	59	199	#
717	90.6987	50	56	57	58	199	#
718	665.189	24	26	32	33	34	40	41	42	48	200	#
719	782.379	25	29	33	34	35	36	37	42	43	200	#
720	756.378	13	14	22	25	26	34	35	41	42	200	#
721	746.282	17	25	26	33	34	41	42	49	58	200	#
722	715.468	25	33	34	35	36	41	42	50	58	200	#
723	655.421	33	34	35	36	41	42	43	49	57	200	#
724	477.11	44	52	53	54	55	60	61	62	63	201	#
725	698.626	5	6	12	13	14	15	22	52	53	201	#
726	676.096	38	46	47	53	54	55	61	62	63	201	#
727	668.777	38	46	52	53	54	55	61	62	63	201	#
728	663.558	38	39	46	47	54	55	61	62	63	201	#
729	587.381	41	43	44	52	53	54	55	61	63	201	#
730	315.15	1	2	3	4	8	9	202	#
731	376.434	1	9	16	17	18	25	202	#
732	342.934	0	1	2	3	8	9	202	#
733	311.236	1	8	9	16	24	40	202	#
734	282.002	1	2	3	10	11	19	202	#
735	261.467	2	3	4	10	11	49	202	#
736	444.701	15	27	28	35	36	42	43	51	203	#
737	567.911	18	35	42	43	50	51	52	58	203	#
738	534.78	7	15	22	23	29	30	31	39	203	#
739	519.567	38	44	45	50	51	52	53	61	203	#
740	511.533	12	19	26	27	33	34	35	42	203	#
741	510.117	19	20	26	27	28	29	35	37	203	#
742	540.555	44	49	52	57	58	59	60	204	#
743	651.89	51	52	53	54	59	60	62	204	#
744	592.093	43	50	51	52	53	54	62	204	#
745	574.547	44	50	51	52	53	59	60	204	#
746	476.854	41	48	49	50	57	58	59	204	#
747	436.559	41	42	43	49	50	57	58	204	#
748	2600.86	5	12	13	14	18	19	20	21	22	25	26	27	28	29	30	31	33	34	35	36	37	38	41	42	43	44	45	46	47	50	51	52	53	54	55	59	60	61	62	63	205	#
749	2663.11	3	5	6	7	11	12	17	18	19	20	21	25	26	27	28	29	30	33	34	35	36	37	41	42	43	44	46	47	48	49	50	51	52	54	55	57	59	60	61	62	205	#
750	2662.23	1	3	5	6	7	9	10	11	12	13	14	16	17	18	19	20	21	25	26	27	28	29	33	34	35	36	37	41	42	43	44	45	48	49	50	52	53	54	57	62	205	#
751	2635.27	2	5	6	7	9	10	11	12	13	14	18	19	20	21	22	25	26	27	28	29	30	33	34	35	36	37	41	42	43	44	45	48	49	50	51	52	53	57	59	60	205	#
752	2631.39	5	11	12	13	16	17	18	19	20	21	24	25	26	27	28	29	30	33	34	35	36	37	38	41	42	43	44	45	47	48	49	50	52	53	54	55	58	60	61	62	205	#
753	2631.38	9	10	16	17	18	19	20	21	25	26	27	28	29	30	31	32	33	34	35	36	37	40	41	42	43	44	45	48	49	50	52	53	54	55	57	58	59	60	61	62	205	#
754	767.127	6	7	8	13	14	15	21	22	23	29	31	37	38	206	#
755	967.028	12	13	14	15	22	31	38	43	44	45	46	52	53	206	#
756	966.108	12	13	21	28	29	36	37	38	43	44	45	46	53	206	#
757	950.028	15	22	23	31	36	38	42	43	44	45	46	52	53	206	#
758	934.336	1	28	31	36	37	38	39	43	44	45	46	47	53	206	#
759	899.191	3	4	28	29	31	37	38	43	44	45	52	53	61	206	#
760	208.816	8	16	17	24	207	#
761	306.476	8	9	16	24	207	#
762	210.791	9	10	16	17	207	#
763	188.695	16	24	32	40	207	#
764	423.261	48	49	50	56	57	58	59	208	#
765	470.161	43	49	50	51	56	57	58	208	#
766	456.162	48	49	50	51	57	58	59	208	#
767	454.478	49	50	51	56	57	58	59	208	#
768	444.763	48	49	50	51	52	57	60	208	#
769	417.875	24	32	40	48	49	56	57	208	#
770	157.804	39	47	209	#
771	201.164	47	55	209	#
772	122.016	32	40	210	#
773	124.721	40	41	210	#
774	213.469	33	41	60	211	#
775	267.995	17	25	33	211	#
776	226.699	43	52	60	211	#
777	163.233	28	40	41	211	#
778	397.163	43	49	50	51	57	59	212	#
779	552.27	41	42	49	50	51	52	212	#
780	473.297	42	43	46	51	52	60	212	#
781	402.915	40	41	42	48	49	50	212	#
782	382.557	42	43	51	52	58	59	212	#
783	342.752	51	52	57	58	59	60	212	#
784	875.959	3	11	19	20	26	27	28	34	35	36	42	43	44	50	52	58	213	#
785	1253.18	9	16	17	24	25	26	29	33	34	35	36	37	41	42	43	52	213	#
786	1220.1	24	32	34	35	41	42	43	48	49	50	51	52	56	58	59	60	213	#
787	1212.73	19	20	25	26	27	28	29	34	35	38	42	43	50	51	52	59	213	#
788	1183.23	4	11	12	14	19	20	21	22	26	27	28	34	35	42	43	52	213	#
789	1170.19	0	8	19	25	26	27	33	34	35	36	41	42	43	51	59	60	213	#
790	742.655	3	4	5	6	7	12	13	14	15	22	23	31	39	46	47	54	62	214	#
791	1090.27	20	28	29	36	37	44	45	46	47	51	52	53	54	55	61	62	63	214	#
792	1046.43	22	23	25	29	30	31	33	37	38	39	45	46	47	53	54	55	63	214	#
793	1012.59	2	3	4	5	12	13	14	19	20	22	27	28	29	34	35	36	37	214	#
794	998.677	19	20	27	36	42	43	44	45	46	47	51	52	53	54	61	62	63	214	#
795	977.367	4	7	12	13	14	15	20	21	22	23	27	28	29	30	36	37	43	214	#
796	295.146	37	38	46	47	55	215	#
797	364.531	38	45	52	53	61	215	#
798	284.824	28	35	36	37	43	215	#
799	272.56	38	45	46	53	54	215	#
800	233.261	46	47	53	54	55	215	#
801	189.582	47	53	54	55	62	215	#
802	431.993	1	9	26	33	34	216	#
803	417.472	1	2	8	9	10	216	#
804	402.44	0	1	8	9	10	216	#
805	364.11	27	33	41	42	49	216	#
806	304.374	26	33	34	40	41	216	#
807	296.965	17	25	26	33	60	216	#
808	3243.03	0	1	2	3	4	5	6	7	8	9	10	11	12	13	14	15	16	17	18	19	20	21	22	23	24	25	26	27	28	29	30	31	32	33	34	35	36	37	38	39	40	41	42	43	44	45	46	47	48	49	50	51	52	53	54	55	56	57	58	59	60	61	62	63	#
809	180.968	13	14	20	21	217	#
810	266.616	12	20	21	28	217	#
811	223.832	13	14	15	22	217	#
812	182.928	48	56	57	218	#
813	265.155	48	49	57	218	#
814	157.161	31	39	48	218	#
815	672.363	28	29	35	43	44	50	51	52	53	60	219	#
816	811.351	43	44	49	50	51	52	53	54	58	60	219	#
817	726.895	34	35	43	44	45	52	53	54	56	60	219	#
818	711.354	29	34	35	38	43	44	45	51	52	53	219	#
819	704.631	36	43	44	51	52	53	54	58	59	60	219	#
820	667.502	26	33	34	35	36	42	43	44	51	52	219	#
821	357.619	12	19	20	21	27	28	220	#
822	363.179	13	21	22	29	30	38	220	#
823	352.284	19	20	21	22	28	29	220	#
824	316.572	19	26	27	28	36	44	220	#
825	308.442	2	3	4	5	12	20	220	#
826	221.55	28	29	35	36	44	45	220	#
827	258.539	10	11	19	27	221	#
828	248.492	19	26	27	28	221	#
829	216.219	2	3	10	18	221	#
830	185.831	3	10	11	12	221	#
831	173.997	2	10	11	19	221	#
832	1201.99	5	13	15	21	22	23	30	31	34	38	39	42	43	44	45	46	51	52	53	54	55	222	#
833	1400.1	7	15	19	20	21	22	23	27	28	29	30	31	37	38	39	44	45	46	52	53	54	222	#
834	1390.7	18	19	20	25	26	27	28	30	34	35	38	40	41	42	43	44	45	48	49	50	57	222	#
835	1361.16	5	6	7	15	22	23	26	27	28	29	30	31	34	37	38	39	46	53	54	61	62	222	#
836	1331.84	7	25	27	33	34	35	41	42	43	44	45	48	49	50	51	52	53	56	58	59	60	222	#
837	1327.44	7	14	15	19	20	21	22	23	28	29	30	31	37	38	39	44	45	49	50	57	58	222	#
838	347.613	0	8	9	10	16	17	223	#
839	451.086	0	1	8	16	25	33	223	#
840	409.83	0	1	8	16	24	32	223	#
841	380.882	8	9	10	16	17	24	223	#
842	367.211	2	9	10	11	48	49	223	#
843	283.544	8	9	10	16	17	18	223	#
844	404.291	6	7	13	14	15	21	22	23	224	#
845	550.843	7	15	22	23	30	31	39	47	224	#
846	539.68	6	7	13	14	15	21	22	30	224	#
847	510.686	12	13	14	20	21	22	30	61	224	#
848	467.857	2	3	6	7	10	14	15	18	224	#
849	466.512	4	11	12	13	14	21	22	30	224	#
850	1298.26	14	15	22	23	28	29	30	31	38	39	43	44	47	52	53	54	55	58	59	60	62	63	225	#
851	1662.91	20	26	27	28	29	34	35	36	37	42	43	48	49	50	51	52	53	54	57	58	59	60	225	#
852	1655.82	5	9	11	16	19	24	26	27	28	29	30	34	36	37	38	43	44	50	51	52	58	59	225	#
853	1610.08	20	26	27	28	29	34	35	36	43	44	45	47	49	50	51	52	53	54	55	58	59	60	225	#
854	1554.06	0	2	11	19	20	26	27	28	33	34	35	36	43	44	45	50	51	52	53	58	59	60	225	#
855	1549.17	15	19	20	23	26	27	28	29	30	31	33	34	35	36	37	38	39	43	44	45	52	53	225	#
856	1371.51	0	1	2	3	11	12	19	20	26	28	29	30	31	33	34	37	38	39	42	43	46	226	#
857	1510.05	0	1	8	9	16	17	25	26	33	34	35	41	42	43	44	49	51	52	53	54	60	226	#
858	1467.45	13	14	21	22	28	29	30	31	37	38	39	44	45	46	47	52	53	54	55	62	63	226	#
859	1451.73	13	21	28	29	31	36	37	38	39	43	44	45	46	51	52	53	54	55	59	62	63	226	#
860	1428.91	17	20	25	26	28	33	34	35	36	37	42	43	44	45	46	51	52	53	54	59	60	226	#
861	1380.1	11	12	13	14	15	21	22	23	29	30	31	37	38	39	43	44	45	46	52	53	54	226	#
862	129.969	31	39	47	#
863	534.347	5	6	7	12	13	14	15	227	#
864	619.805	5	7	12	13	14	15	21	227	#
865	536.216	11	12	13	20	21	29	30	227	#
866	510.784	12	13	19	20	21	22	29	227	#
867	489.559	5	13	14	15	21	22	23	227	#
868	458.889	6	7	13	14	15	22	23	227	#
869	54.1769	62	#
870	1828.22	10	19	22	27	28	29	30	31	36	37	38	39	42	43	44	45	46	47	52	54	55	59	60	61	62	63	228	#
871	1912.99	19	20	21	22	27	28	29	30	31	35	36	37	38	39	43	45	46	47	52	53	54	55	59	60	61	62	228	#
872	1897.09	11	13	19	20	21	22	26	27	28	29	30	31	34	37	38	39	42	45	46	47	50	51	54	55	59	60	228	#
873	1883.53	6	7	15	19	20	22	27	28	30	31	34	36	37	38	39	42	43	44	45	46	47	51	54	55	59	62	228	#
874	1883.13	2	3	11	13	19	20	21	22	27	28	29	30	31	34	35	36	37	38	39	42	45	46	47	53	54	55	228	#
875	1856.91	20	26	27	28	30	31	34	35	36	37	38	39	42	43	44	45	46	47	51	52	53	54	59	60	61	62	228	#
876	629.464	26	27	28	29	31	33	34	41	229	#
877	649.279	1	5	6	7	29	33	38	40	229	#
878	625.446	20	21	28	29	31	38	46	54	229	#
879	560.945	19	20	21	27	28	29	36	44	229	#
880	556.347	21	23	29	31	38	39	47	55	229	#
881	546.395	12	18	19	20	26	27	33	34	229	#
882	132.256	8	9	230	#
883	110.156	8	32	230	#
884	85.8118	9	16	230	#
885	1654.36	1	2	3	4	10	11	12	17	18	19	25	26	27	28	33	34	35	41	42	43	49	50	51	52	53	58	231	#
886	1948.65	27	28	29	33	34	35	36	37	39	41	42	44	45	46	47	48	49	50	51	52	53	54	55	59	60	62	231	#
887	1903.75	8	9	17	25	26	27	28	33	34	35	36	37	41	42	43	44	45	46	49	51	52	53	54	60	61	62	231	#
888	1828.78	20	27	28	30	33	34	35	36	37	38	41	42	43	44	45	46	47	51	52	53	54	55	59	60	61	62	231	#
889	1816.62	6	10	11	18	19	25	26	27	28	33	34	35	36	41	42	44	45	48	49	50	51	52	53	54	61	62	231	#
890	1806.46	0	1	2	8	9	10	11	17	18	25	30	31	38	39	44	45	46	47	51	52	53	54	55	60	61	62	231	#
891	62.0023	9	10	#
892	486.853	1	2	8	9	10	11	16	17	18	19	232	#
893	713.869	0	1	8	9	16	17	25	26	46	47	232	#
894	631.614	1	3	8	9	10	11	12	17	18	19	232	#
895	614.404	1	8	9	10	16	17	18	19	24	32	232	#
896	611.489	1	3	4	9	11	12	16	17	18	19	232	#
897	596.491	0	3	8	9	10	11	12	13	16	17	232	#
898	499.717	3	4	5	10	11	12	13	14	19	27	35	233	#
899	715.66	5	6	13	14	21	22	29	44	53	59	61	233	#
900	699.466	4	5	11	12	13	14	21	22	28	29	37	233	#
901	693.848	4	5	10	11	12	13	19	21	29	36	37	233	#
902	646.998	2	8	9	10	11	16	17	19	27	28	35	233	#
903	625.38	1	2	8	9	10	11	16	19	26	27	35	233	#
904	387.284	30	31	39	47	55	63	234	#
905	517.252	22	28	29	30	31	37	234	#
906	433.353	22	23	28	29	30	37	234	#
907	382.671	31	39	47	54	55	63	234	#
908	328.779	47	54	55	61	62	63	234	#
909	315.354	39	47	55	61	62	63	234	#
910	1298.42	13	14	15	22	23	29	30	31	37	39	47	50	51	52	54	55	59	60	63	235	#
911	1521.08	21	22	23	29	30	31	37	38	39	42	45	46	47	49	50	51	52	53	60	235	#
912	1508.08	5	9	10	11	12	13	14	19	20	21	22	23	27	29	30	31	38	46	47	235	#
913	1503.99	2	4	5	7	9	10	12	14	15	18	19	20	21	22	23	30	31	38	39	235	#
914	1501.63	5	6	7	9	10	11	12	13	14	15	19	20	21	22	23	29	31	37	39	235	#
915	1466.28	5	12	13	14	15	20	21	22	23	26	27	28	29	30	31	34	37	38	45	235	#
916	1189.4	0	1	2	4	5	8	9	10	11	12	13	16	17	18	19	20	21	24	28	29	38	59	236	#
917	1376.36	12	13	14	20	21	22	25	26	28	29	30	31	33	37	38	40	41	45	46	47	53	54	236	#
918	1352.01	0	1	2	8	9	10	11	16	17	18	19	20	21	24	26	27	28	29	31	38	45	53	236	#
919	1343.58	0	1	2	4	8	9	10	11	12	16	17	18	19	20	24	29	30	31	38	39	46	47	236	#
920	1339.6	0	1	2	4	5	6	9	10	11	12	13	14	16	17	18	19	20	21	22	28	29	30	236	#
921	1336.18	0	1	2	4	8	9	10	11	12	16	17	18	19	20	21	24	26	27	32	34	40	41	236	#
922	235.016	6	7	13	14	15	23	31	237	#
923	302.152	0	6	7	15	23	31	39	237	#
924	281.884	7	13	14	15	21	23	29	237	#
925	228.615	10	11	12	13	14	15	21	237	#
926	668.544	42	43	44	50	51	52	53	54	58	60	238	#
927	871.252	39	46	47	51	52	53	54	61	62	63	238	#
928	697.637	33	34	42	43	44	50	51	52	58	59	238	#
929	692.902	25	26	27	33	34	35	42	50	51	58	238	#
930	682.582	36	37	42	43	44	50	51	52	59	60	238	#
931	680.562	39	42	44	49	50	51	52	58	59	60	238	#
932	547.161	19	20	21	26	27	28	34	36	239	#
933	625.318	19	20	21	27	28	29	36	37	239	#
934	610.173	10	12	19	20	27	28	29	37	239	#
935	557.564	25	26	33	34	40	41	42	48	239	#
936	551.601	21	25	26	27	28	29	30	35	239	#
937	543.045	18	19	20	21	22	28	29	30	239	#
938	474.686	36	38	43	45	52	53	240	#
939	499.433	38	39	45	46	47	59	240	#
940	482.765	36	43	45	51	52	53	240	#
941	442.879	28	36	37	43	52	60	240	#
942	422.968	43	51	52	53	59	61	240	#
943	412.304	3	4	45	52	53	60	240	#
944	370.074	35	36	42	43	51	52	241	#
945	507.991	36	43	44	52	53	60	241	#
946	413.233	35	36	41	42	43	49	241	#
947	412.196	29	36	37	42	43	44	241	#
948	396.954	13	36	43	44	52	53	241	#
949	381.801	30	31	38	43	46	51	241	#
950	108.051	50	57	58	242	#
951	101.463	42	50	58	242	#
952	445.761	28	33	36	41	44	52	53	243	#
953	529.799	5	6	33	40	41	48	49	243	#
954	437.904	21	28	29	34	35	36	37	243	#
955	433.541	12	19	20	28	29	36	37	243	#
956	427.283	36	44	51	52	53	61	62	243	#
957	413.326	10	11	12	18	19	33	34	243	#
958	2693.04	1	2	3	5	6	7	8	9	10	11	12	13	14	15	16	17	18	19	20	21	22	23	26	27	28	29	30	31	34	35	36	37	38	39	42	43	44	45	46	50	52	53	58	244	#
959	3197.1	1	2	3	5	6	7	12	13	18	19	20	21	22	23	25	26	27	28	29	30	31	33	34	35	36	38	39	41	42	43	44	45	46	47	49	50	52	53	54	55	59	62	63	244	#
960	3085.64	0	1	3	5	6	7	8	9	10	11	12	13	14	15	18	19	20	21	22	23	25	26	27	29	30	31	33	34	38	39	42	43	44	45	46	47	52	53	54	55	61	62	63	244	#
961	3073.8	1	2	3	5	6	7	11	12	13	14	15	19	20	21	22	23	25	26	27	29	30	31	33	34	35	36	37	38	39	41	42	43	44	45	46	47	49	50	52	53	54	61	62	244	#
962	3072.37	5	6	10	12	13	14	15	18	19	20	21	22	23	25	26	27	28	29	30	31	33	34	35	36	37	38	39	41	42	43	44	45	46	47	49	50	52	53	54	55	61	62	63	244	#
963	3062.55	0	1	2	8	9	10	11	16	17	18	19	22	23	24	25	26	27	29	30	31	32	33	34	35	36	38	39	40	41	42	43	44	45	46	47	48	49	50	52	53	54	55	56	244	#
964	111.44	61	62	63	#
965	551.282	19	35	36	43	44	49	51	57	58	59	246	#
966	770.565	29	35	36	37	41	42	43	44	49	51	246	#
967	705.019	27	28	29	35	36	37	38	42	43	44	246	#
968	682.373	29	36	37	38	43	44	51	58	59	61	246	#
969	679.604	41	42	43	44	48	49	50	51	57	58	246	#
970	657.15	25	33	35	36	41	43	44	50	51	52	246	#
971	63.3065	58	#
972	544.38	1	30	38	39	45	46	47	247	#
973	570.001	22	30	31	38	39	45	53	247	#
974	550.798	36	43	45	52	53	60	61	247	#
975	532.422	21	22	30	31	38	39	45	247	#
976	483.798	38	46	52	53	54	60	61	247	#
977	455.129	15	22	23	30	31	38	45	247	#
978	702.928	4	5	12	13	14	15	20	21	22	28	29	38	248	#
979	860.254	5	12	13	20	21	27	35	36	37	42	43	51	248	#
980	851.403	2	12	13	14	15	20	21	22	29	30	31	37	248	#
981	835.351	5	7	9	10	12	13	14	15	18	20	21	22	248	#
982	828.951	13	14	22	23	29	30	31	38	39	46	47	54	248	#
983	823.686	5	7	13	14	15	21	22	28	29	36	37	38	248	#
984	145.774	42	43	249	#
985	90.5943	35	43	249	#
986	1373.26	0	1	2	3	4	5	10	11	12	13	14	18	19	20	22	29	30	31	37	38	39	45	46	53	250	#
987	1490.12	5	12	13	14	22	29	30	31	36	37	38	39	43	44	45	46	50	51	53	54	55	59	61	63	250	#
988	1447.19	8	12	16	17	18	19	20	24	26	27	28	29	32	33	34	35	36	37	38	41	43	44	45	53	250	#
989	1444.24	16	17	24	25	26	29	30	31	33	34	36	37	38	39	41	44	45	46	49	53	54	55	61	62	250	#
990	1393.63	28	29	31	36	37	38	39	43	44	45	46	49	50	51	52	53	54	55	56	57	58	59	60	63	250	#
991	1348.75	19	27	29	31	34	35	36	37	38	39	43	44	45	46	47	51	52	53	54	55	59	61	62	63	250	#
992	146.561	20	21	29	251	#
993	201.414	29	30	31	251	#
994	99.0374	13	21	29	251	#
995	205.444	0	1	2	252	#
996	197.107	2	10	18	252	#
997	163.162	1	2	10	252	#
998	87.7741	38	#
999	94.3474	48	56	253	#
1000	78.4524	56	57	253	#
