%% File generated by CATS v.2.1Wed Jun 22 10:37:44 2022

%% The CATS webpage is http://robotics.stanford.edu/CATS

%% PARAMETER SETTINGS:
% Goods: 64; Bids: 1000; Distribution: regions; Runs: 1; Seed: 1656572942
% Regions Distribution Parameters:
% Max Substitutable Bids = 5
% Removing HV Neighbor   = 0.1
% Adding DIAG Neighbor   = 0.2
% Additional Location    = 0.9
% Jump Probability       = 0.05
% Additivity             = 0.2
% Budget Factor          = 1.5
% Resale Factor          = 0.5
% Normal Private Value:
%   Mean                 = 0
%   Standard Deviation   = 30



goods 64
bids 1001
dummy 190

0	24.9548	43	#
1	919.795	2	3	4	8	10	12	13	14	17	18	19	25	26	27	64	#
2	1118.75	2	4	9	10	11	12	17	18	19	25	27	33	41	49	64	#
3	1098.63	2	9	10	11	12	17	18	19	25	26	27	33	40	41	64	#
4	1063.88	9	10	11	12	16	17	18	19	24	25	26	27	32	34	64	#
5	1015.2	2	3	4	8	9	10	11	12	17	18	19	25	26	27	64	#
6	1013.24	4	5	6	7	11	12	13	14	15	22	29	30	37	39	64	#
7	320.481	3	4	11	19	26	27	65	#
8	425.086	2	4	10	11	12	21	65	#
9	370.643	3	4	5	6	13	14	65	#
10	346.52	26	27	34	42	43	51	65	#
11	315.937	18	26	27	34	35	42	65	#
12	308.896	3	4	5	11	12	13	65	#
13	208.105	42	50	58	66	#
14	154.263	58	59	60	66	#
15	69.9925	50	#
16	1526.49	13	14	20	21	22	23	26	28	29	30	31	34	35	36	37	38	39	42	43	44	45	46	52	53	54	61	62	67	#
17	1725.01	24	25	28	29	32	33	35	36	37	40	41	42	44	45	46	49	50	51	52	53	57	58	59	60	61	62	63	67	#
18	1717.51	9	10	11	16	18	19	24	25	26	33	34	35	41	42	44	45	48	49	50	51	53	54	56	57	58	59	61	67	#
19	1691.93	9	10	11	17	18	25	26	27	29	30	33	34	35	37	40	41	42	43	44	45	48	49	50	51	57	58	59	67	#
20	1690.96	11	19	20	21	25	26	27	28	29	30	34	35	36	37	40	41	42	43	44	45	49	50	51	52	53	58	60	67	#
21	1664.88	9	15	17	18	20	21	22	23	25	28	29	30	31	37	38	39	44	45	46	47	52	53	54	55	61	62	63	67	#
22	194.272	51	52	59	60	68	#
23	242.603	52	60	61	62	68	#
24	199.353	51	58	59	60	68	#
25	164.977	44	45	51	52	68	#
26	152.05	45	46	52	53	68	#
27	869.539	14	21	22	23	29	30	35	36	37	38	42	43	46	69	#
28	1024.79	7	12	13	14	21	22	23	28	29	30	31	35	36	69	#
29	911.14	14	20	21	22	23	24	28	29	30	31	32	38	46	69	#
30	902.377	21	35	41	42	43	49	50	51	52	57	58	59	60	69	#
31	834.681	28	29	30	33	36	44	45	51	52	59	60	61	62	69	#
32	808.862	29	30	37	38	45	46	47	52	53	54	60	61	62	69	#
33	104.941	62	63	#
34	95.6885	63	#
35	107.228	35	43	71	#
36	109.947	34	35	71	#
37	222.488	5	12	13	249	#
38	181.233	35	36	37	43	44	72	#
39	268.287	25	26	35	36	37	72	#
40	231.003	34	36	42	43	44	72	#
41	220.352	10	11	43	44	52	72	#
42	158.96	28	36	37	38	46	72	#
43	429.278	4	5	6	13	14	15	22	59	73	#
44	545.193	49	52	57	58	59	60	61	62	73	#
45	460.751	5	13	14	20	21	22	23	31	73	#
46	404.043	4	11	12	13	19	31	38	39	73	#
47	394.96	4	12	13	14	15	22	23	31	73	#
48	385.777	4	5	6	7	11	12	13	15	73	#
49	229.858	17	18	25	33	74	#
50	325.631	24	25	32	33	74	#
51	227.546	17	18	25	26	74	#
52	224.886	16	24	25	26	74	#
53	189.392	10	17	18	31	74	#
54	442.673	38	39	46	47	53	54	55	61	62	63	75	#
55	628.557	30	37	38	39	44	46	47	49	50	55	75	#
56	623.054	37	45	50	51	52	53	54	59	60	61	75	#
57	560.478	29	31	37	39	46	47	53	54	55	61	75	#
58	554.962	29	30	37	38	39	45	46	47	55	63	75	#
59	552.474	29	36	37	38	39	44	45	47	52	55	75	#
60	646.304	29	37	38	43	44	45	46	51	52	53	54	58	59	60	61	76	#
61	863.43	32	33	41	42	43	44	45	48	49	50	51	52	53	60	61	76	#
62	815.558	28	29	36	37	42	44	45	50	51	52	53	54	60	61	62	76	#
63	764.637	20	28	34	36	37	42	43	44	51	52	53	54	59	60	61	76	#
64	754.09	19	28	29	30	37	38	39	43	44	45	46	47	53	54	55	76	#
65	716.621	21	22	23	28	29	31	36	37	38	39	45	46	47	52	54	76	#
66	70.7022	26	34	77	#
67	96.4698	18	26	77	#
68	2260.25	2	3	4	5	9	10	11	12	13	17	18	19	20	21	26	28	29	30	34	35	36	37	38	39	42	43	44	45	46	48	49	50	51	52	53	54	56	57	58	59	60	78	#
69	2683.85	1	4	5	8	9	10	11	12	14	16	17	18	20	21	22	23	25	26	28	29	30	34	35	36	37	38	42	43	45	46	47	49	50	52	53	54	57	58	60	61	62	78	#
70	2683.4	1	2	3	4	8	9	10	11	12	16	17	18	19	21	24	25	26	27	28	29	30	31	32	33	34	35	36	37	38	40	41	42	43	44	45	46	47	52	53	55	63	78	#
71	2668.54	9	17	18	20	21	22	25	26	28	29	30	31	33	34	35	36	37	38	39	42	43	44	45	46	47	48	49	50	51	52	53	54	55	56	57	58	59	60	61	62	63	78	#
72	2629.79	1	2	3	4	5	6	7	8	9	10	11	12	13	14	15	16	17	18	19	21	22	23	24	25	26	27	28	29	30	31	32	33	34	35	37	38	40	41	42	46	50	78	#
73	2601.52	1	4	8	9	10	11	14	17	18	19	20	21	22	23	26	28	29	30	31	36	37	38	39	41	42	43	44	45	46	47	49	50	51	52	53	54	55	58	61	62	63	78	#
74	592.898	34	35	36	42	43	44	46	50	51	52	54	58	79	#
75	789.295	29	35	37	43	44	45	51	52	53	59	60	61	79	#
76	747.195	25	33	34	35	41	42	43	49	50	57	58	59	79	#
77	689.5	25	26	34	35	36	40	41	42	43	50	51	55	79	#
78	688.747	14	22	25	26	29	32	33	46	47	54	61	62	79	#
79	675.282	35	36	37	43	44	45	46	52	53	54	60	61	79	#
80	122.123	54	61	80	#
81	170.746	53	54	80	#
82	121.761	47	61	80	#
83	309.087	40	41	49	81	#
84	252.605	40	41	48	81	#
85	217.942	34	41	42	81	#
86	213.572	48	49	57	81	#
87	228.37	1	8	9	82	#
88	325.242	8	9	16	82	#
89	566.273	4	5	6	10	11	12	13	14	15	48	83	#
90	788.502	5	6	14	15	20	21	22	23	28	29	83	#
91	599.339	4	5	6	7	13	14	15	22	23	31	83	#
92	596.993	40	41	42	48	49	56	57	61	62	63	83	#
93	586.73	5	14	15	21	22	23	36	37	45	53	83	#
94	548.488	5	6	15	21	22	23	51	52	59	60	83	#
95	97.2936	17	18	25	26	84	#
96	128.602	26	34	35	36	84	#
97	64.3779	1	9	10	17	84	#
98	600.167	2	10	11	18	19	26	27	34	35	85	#
99	691.704	25	26	34	41	42	43	44	45	53	85	#
100	585.758	2	3	10	11	17	18	19	25	26	85	#
101	584.987	10	11	17	18	19	25	26	27	34	85	#
102	569.374	4	11	18	19	26	27	34	41	42	85	#
103	567.538	26	28	29	34	35	36	37	45	52	85	#
104	104.284	35	#
105	274.351	3	11	18	19	24	25	26	132	#
106	939.282	6	15	20	21	22	23	28	29	30	31	36	39	43	44	87	#
107	1060.03	5	6	7	13	14	15	20	23	30	31	32	39	40	41	87	#
108	1057.86	4	5	6	7	13	14	15	21	22	23	29	30	31	39	87	#
109	978.19	5	6	7	15	20	21	22	23	28	29	30	31	38	39	87	#
110	924.198	5	6	7	13	14	15	23	30	31	39	46	47	55	63	87	#
111	909.98	33	35	36	37	40	41	42	43	44	45	50	51	52	60	87	#
112	1165.64	1	2	3	4	8	9	10	11	16	17	18	24	25	26	32	33	34	35	40	42	43	44	52	88	#
113	1488.68	5	6	7	13	14	15	24	32	33	40	41	42	48	49	50	52	53	54	59	60	61	62	63	88	#
114	1390.74	0	1	2	3	4	9	10	12	14	17	18	19	20	21	22	24	25	26	27	28	29	32	33	88	#
115	1320.58	0	1	4	8	9	10	11	12	16	17	18	19	24	25	26	27	32	34	35	41	42	43	44	88	#
116	1316.39	2	3	4	5	6	10	11	12	13	14	15	17	18	19	21	22	23	26	27	28	29	30	37	88	#
117	1311.27	19	25	26	27	28	29	30	32	33	34	35	36	37	41	42	43	44	45	51	52	53	60	61	88	#
118	89.8281	23	#
119	956.23	0	1	2	3	4	5	6	9	10	11	12	13	14	17	18	19	25	27	32	33	89	#
120	1191.11	2	4	5	6	8	9	10	11	12	13	14	15	16	17	19	26	27	52	53	54	89	#
121	1077.67	8	9	10	11	16	17	18	24	25	26	27	34	41	42	49	50	51	56	57	58	89	#
122	1077.33	6	7	9	15	16	17	18	23	24	25	26	28	30	31	32	34	38	40	48	56	89	#
123	1053.77	3	4	5	6	11	13	14	15	18	19	20	21	22	23	28	29	30	31	37	38	89	#
124	1033.5	0	1	2	3	4	8	9	10	11	12	13	16	17	18	24	25	26	32	33	41	89	#
125	112.891	53	#
126	687.43	5	6	7	15	22	23	29	30	31	90	#
127	730.137	23	28	29	30	31	39	41	51	59	90	#
128	721.048	5	6	7	15	44	45	52	60	61	90	#
129	640.827	14	20	21	22	28	29	36	37	45	90	#
130	573.47	15	23	44	45	46	52	59	60	61	90	#
131	490.411	28	29	30	35	36	37	38	39	47	90	#
132	106.172	18	19	91	#
133	122.246	11	19	91	#
134	97.2468	10	18	91	#
135	1356.79	21	25	26	28	29	30	31	34	35	36	37	38	42	43	44	45	46	47	50	51	52	53	54	55	59	60	61	62	63	92	#
136	1686.86	5	6	7	14	15	20	21	22	23	28	29	30	31	37	38	39	43	44	45	46	47	51	52	53	55	60	61	62	63	92	#
137	1655.72	2	10	17	18	19	20	21	22	24	25	26	28	29	30	31	33	35	36	37	38	44	45	51	52	53	54	59	60	61	92	#
138	1650.75	0	1	2	3	4	5	6	7	9	10	11	12	13	15	17	18	19	21	23	24	25	26	27	29	32	33	34	40	41	92	#
139	1606.01	2	3	4	5	6	8	9	10	11	12	13	14	15	17	18	19	20	21	22	23	25	26	27	28	29	34	37	45	53	92	#
140	1561.83	16	17	18	24	25	26	31	32	33	34	37	39	40	41	42	43	44	45	48	49	50	51	52	53	54	56	58	60	61	92	#
141	452.317	2	3	4	5	12	13	14	21	22	23	93	#
142	661.162	4	5	13	14	20	21	22	28	29	63	93	#
143	601.557	4	5	11	12	13	14	20	21	22	29	93	#
144	591.822	21	22	23	26	29	31	34	37	39	47	93	#
145	481.421	2	3	4	6	7	10	11	12	15	18	93	#
146	454.754	2	4	5	10	11	12	13	14	19	22	93	#
147	196.902	23	31	39	94	#
148	269.603	15	23	31	94	#
149	145.383	37	38	39	94	#
150	59.8264	49	57	#
151	46.4982	58	#
152	551.449	0	1	8	9	17	18	20	25	96	#
153	684.331	20	21	28	29	35	36	43	44	96	#
154	522.906	0	1	2	3	9	10	11	17	96	#
155	512.196	0	1	9	10	17	18	21	27	96	#
156	495.277	2	3	8	9	10	16	24	25	96	#
157	484.533	0	1	9	10	11	17	18	25	96	#
158	167.575	51	58	59	97	#
159	208.39	44	51	59	97	#
160	167.821	58	59	60	97	#
161	644.797	5	6	13	14	15	42	49	50	57	58	59	98	#
162	773.849	4	10	11	12	13	14	19	21	22	27	35	98	#
163	742.792	5	6	14	15	20	21	22	23	28	29	36	98	#
164	725.859	25	32	33	40	41	42	48	49	50	57	58	98	#
165	700.927	5	6	7	14	15	20	21	22	23	31	39	98	#
166	619.9	4	5	6	12	13	14	15	20	21	22	23	98	#
167	864.982	3	4	21	22	29	30	36	37	43	44	45	46	52	53	54	55	60	61	99	#
168	1246.29	4	5	6	11	12	13	14	20	21	22	23	28	29	30	31	36	37	39	99	#
169	1157.97	2	3	4	5	10	11	12	13	14	17	18	19	20	21	22	28	29	36	99	#
170	1121.62	5	14	20	21	22	23	28	29	37	38	44	45	46	53	55	61	62	63	99	#
171	1088.3	30	31	32	38	39	41	42	43	44	45	47	51	52	53	54	60	61	62	99	#
172	1057.28	21	23	28	29	30	31	37	38	39	45	46	47	51	52	53	54	61	62	99	#
173	645.206	29	37	38	43	44	45	46	51	52	53	61	100	#
174	738.483	35	43	44	45	50	51	52	53	59	60	61	100	#
175	738.371	15	43	44	45	51	52	53	54	59	60	61	100	#
176	722.945	26	43	44	51	52	53	59	60	61	62	63	100	#
177	707.239	20	21	22	28	29	30	31	37	38	45	52	100	#
178	705.867	41	48	49	50	54	56	57	58	59	61	62	100	#
179	1351.05	0	1	2	3	4	5	9	10	11	12	13	14	19	27	42	43	44	51	52	60	101	#
180	1498	1	2	3	4	9	10	11	12	17	18	19	25	26	27	32	33	40	41	42	50	101	#
181	1463.38	3	4	10	11	12	18	19	26	27	34	35	40	41	42	48	49	50	56	57	58	101	#
182	1418.69	5	14	20	28	29	32	33	34	35	36	40	41	42	43	44	49	50	51	57	58	101	#
183	1412.46	2	3	4	5	6	8	9	10	11	12	13	14	16	17	18	19	24	25	26	27	101	#
184	1351.26	2	3	4	5	6	10	11	12	13	14	17	18	19	20	21	22	23	27	28	30	101	#
185	99.2092	32	40	#
186	113.863	41	#
187	183.229	47	48	49	50	56	103	#
188	268.76	38	46	47	55	63	103	#
189	249.616	34	41	42	48	49	103	#
190	221.563	40	41	48	49	56	103	#
191	2068.36	14	20	21	22	23	27	28	29	30	34	35	36	37	38	39	41	42	43	44	45	46	50	51	52	53	54	55	59	60	61	62	63	104	#
192	2071.07	0	1	4	9	17	20	21	22	25	29	30	33	34	35	36	37	41	42	43	44	45	46	49	50	51	52	53	54	59	60	61	62	104	#
193	2019.16	19	21	22	23	26	27	28	29	30	34	35	36	37	38	39	41	42	43	44	45	46	47	48	49	50	51	52	53	54	59	60	61	104	#
194	2005.84	2	10	11	14	18	19	25	26	27	28	29	30	31	33	34	35	36	37	38	41	42	43	44	45	48	49	50	51	52	57	58	59	104	#
195	1999.7	0	3	4	5	9	10	11	12	13	14	18	19	20	21	24	25	26	27	28	29	30	35	36	37	38	46	49	50	51	52	54	59	104	#
196	1985.27	17	18	19	21	25	26	27	28	29	30	31	34	35	36	37	38	39	40	41	42	43	44	45	46	47	51	52	53	54	55	59	61	104	#
197	126.592	9	17	105	#
198	175.237	17	25	105	#
199	530.766	3	11	12	19	25	26	27	34	106	#
200	558.632	18	25	26	32	33	34	42	43	106	#
201	485.971	24	25	26	27	32	33	40	41	106	#
202	476.812	3	4	8	11	12	16	19	24	106	#
203	421.098	4	11	12	13	19	25	26	27	106	#
204	383.534	0	1	2	3	4	11	12	13	106	#
205	532.713	28	34	35	36	42	43	44	50	51	52	59	60	107	#
206	768.219	20	21	28	29	30	35	36	38	43	44	46	51	107	#
207	761.01	37	38	39	45	46	47	52	53	54	59	60	61	107	#
208	740.701	1	8	9	16	28	29	35	36	37	44	51	61	107	#
209	680.082	35	37	42	43	44	45	46	49	50	51	52	60	107	#
210	657.649	20	28	33	34	35	36	41	42	43	44	50	51	107	#
211	89.5265	31	39	#
212	242.541	8	9	16	24	108	#
213	283.547	16	24	32	33	108	#
214	283.529	2	9	10	17	108	#
215	261.321	8	16	24	32	108	#
216	192.837	1	8	9	17	108	#
217	558.201	20	21	24	28	29	30	32	36	109	#
218	665.042	20	21	22	23	28	29	37	45	109	#
219	601.749	5	14	21	22	29	30	38	42	109	#
220	546.61	5	13	14	20	21	22	23	29	109	#
221	542.852	20	21	22	28	29	37	45	46	109	#
222	479.702	6	24	25	32	40	48	49	50	109	#
223	886.076	28	30	35	36	37	38	43	44	45	50	51	52	57	58	59	60	110	#
224	1062.5	14	24	28	32	33	40	41	42	43	49	50	51	57	58	59	60	110	#
225	1053.65	34	35	41	42	43	44	45	49	50	51	52	53	57	58	59	60	110	#
226	977.092	20	21	28	29	30	36	37	38	44	45	46	53	54	59	60	61	110	#
227	975.438	20	21	28	29	30	31	36	37	38	39	44	45	46	53	54	61	110	#
228	957.964	20	28	29	30	31	37	38	39	45	46	48	49	52	53	61	62	110	#
229	1367.36	2	10	17	18	24	25	26	30	32	33	34	35	40	41	42	43	46	48	49	50	52	53	54	56	57	58	111	#
230	1598.41	2	3	9	10	11	12	13	17	18	19	25	26	27	32	33	40	44	45	46	48	52	53	54	60	61	62	111	#
231	1573.5	1	2	3	4	5	6	9	10	11	12	13	15	16	17	18	19	24	25	26	27	32	33	34	35	41	42	111	#
232	1563.02	0	1	2	3	8	9	10	16	17	18	19	24	25	26	27	32	33	34	35	40	41	48	49	56	57	58	111	#
233	1556.99	0	1	2	3	4	8	9	10	11	12	16	17	18	19	24	25	26	27	30	32	33	38	40	41	48	49	111	#
234	1532.63	0	1	2	9	10	17	18	19	21	24	25	26	27	29	32	33	34	40	41	48	49	51	52	56	57	58	111	#
235	650.955	5	6	7	9	15	17	23	112	#
236	609.431	5	6	7	15	22	23	31	112	#
237	528.837	6	15	22	23	31	35	36	112	#
238	440.899	6	15	23	31	38	39	47	112	#
239	395.137	8	9	16	17	18	25	26	112	#
240	389.8	4	5	6	11	12	13	15	112	#
241	815.51	5	14	15	21	22	23	30	31	36	37	38	39	55	113	#
242	942.427	1	15	20	21	22	23	28	29	30	31	36	37	39	113	#
243	915.639	6	15	20	21	22	23	28	29	30	31	36	37	38	113	#
244	899.442	15	23	28	29	30	31	35	36	37	38	39	47	55	113	#
245	897.699	4	5	6	7	8	9	12	13	14	15	22	23	31	113	#
246	822.911	3	4	7	12	13	14	15	22	23	30	31	62	63	113	#
247	104.06	48	49	56	114	#
248	125.076	41	48	49	114	#
249	86.876	40	48	56	114	#
250	309.941	1	9	17	18	19	27	115	#
251	371.313	1	8	9	17	18	45	115	#
252	262.4	1	8	9	10	11	49	115	#
253	248.343	4	11	18	19	26	27	115	#
254	206.097	8	9	10	11	18	19	115	#
255	202.006	11	17	18	19	25	26	115	#
256	474.153	0	1	8	9	10	17	18	19	26	27	34	35	116	#
257	694.49	3	10	11	12	13	17	18	19	27	45	46	53	116	#
258	665.379	2	3	4	5	6	10	11	13	14	19	26	27	116	#
259	632.596	2	4	9	10	11	12	17	18	26	46	49	57	116	#
260	617.056	2	3	5	9	10	11	12	13	18	26	27	34	116	#
261	587.206	0	1	2	3	8	9	10	11	12	13	16	24	116	#
262	122.178	30	#
263	395.826	16	41	49	57	117	#
264	380.024	41	49	50	57	117	#
265	315.552	16	24	25	33	117	#
266	236.756	40	41	48	49	117	#
267	210.788	17	25	48	49	117	#
268	914.932	19	26	27	29	34	36	37	43	44	45	46	47	53	54	60	61	62	118	#
269	1080.15	20	21	23	29	30	31	36	37	38	39	44	45	46	50	51	53	54	118	#
270	991.792	22	23	30	31	36	37	38	39	45	46	47	53	54	55	61	62	63	118	#
271	985.916	29	30	31	36	37	38	43	44	45	46	47	50	51	52	53	54	61	118	#
272	985.229	29	34	36	37	38	41	42	43	44	45	46	47	49	50	51	52	53	118	#
273	985.225	5	14	22	23	28	30	31	36	37	38	44	45	46	47	53	54	55	118	#
274	1412.5	0	3	4	5	6	10	11	12	13	14	15	17	18	19	20	21	22	25	26	27	29	34	41	42	119	#
275	1610	2	3	4	5	6	10	11	13	14	27	34	42	44	45	50	51	52	53	55	58	59	60	61	62	119	#
276	1581.8	0	2	3	4	5	6	7	8	9	10	11	12	13	14	15	17	18	19	21	22	23	32	42	50	119	#
277	1570.95	0	1	2	3	4	8	9	10	12	16	17	18	19	20	25	26	27	28	32	33	34	35	36	42	119	#
278	1538.64	0	1	8	9	10	16	17	18	19	24	25	26	27	32	33	34	35	40	41	42	43	48	49	51	119	#
279	1472.26	7	10	15	18	22	23	24	26	32	33	34	35	40	41	42	43	44	48	49	50	51	57	58	59	119	#
280	572.83	28	29	30	31	36	37	43	44	45	51	52	60	120	#
281	761.423	18	24	25	26	27	34	42	43	52	54	60	61	120	#
282	680.93	5	13	14	15	21	22	23	28	29	30	36	38	120	#
283	628.435	5	20	21	22	28	29	30	36	37	38	45	52	120	#
284	602.878	11	21	29	30	31	38	44	45	46	52	53	54	120	#
285	599.682	20	23	28	29	30	31	36	37	38	44	45	46	120	#
286	358.008	3	4	11	19	27	43	44	121	#
287	449.73	35	36	43	52	58	59	60	121	#
288	398.247	35	36	37	43	44	45	51	121	#
289	373.532	4	8	9	10	11	12	17	121	#
290	363.045	2	10	17	18	19	26	27	121	#
291	338.083	2	10	18	19	26	27	47	121	#
292	2577.76	3	4	5	6	7	10	11	12	13	14	15	17	18	19	20	21	22	23	25	26	27	28	29	30	31	34	35	36	37	38	39	41	42	43	45	46	47	53	54	55	61	62	122	#
293	2817.43	0	1	2	3	4	5	6	8	9	10	11	12	13	14	16	17	18	19	21	22	24	25	26	27	28	29	32	33	34	35	36	37	40	41	42	45	48	49	50	56	57	58	122	#
294	2803.92	2	3	4	5	8	9	10	11	12	13	14	15	16	17	18	20	21	22	23	24	25	26	28	29	31	34	35	36	37	38	42	44	45	46	47	52	53	59	60	61	62	63	122	#
295	2785.25	3	4	5	6	7	9	10	11	12	13	14	15	16	17	18	19	21	22	23	24	25	26	27	29	37	40	41	42	44	45	48	49	50	51	52	56	57	58	59	60	61	62	122	#
296	2745.71	6	7	15	20	21	22	23	24	25	28	29	30	31	32	33	35	36	37	38	39	40	41	42	43	44	45	46	47	48	49	50	51	52	53	54	57	58	59	60	61	62	63	122	#
297	2733.63	1	2	3	4	5	6	8	9	10	11	12	13	14	16	17	18	19	21	22	23	24	25	26	27	28	29	31	32	33	34	35	36	37	38	39	40	41	42	48	49	50	58	122	#
298	287.109	24	25	32	40	48	56	123	#
299	408.012	16	17	24	25	37	38	123	#
300	314.266	24	32	40	41	48	49	123	#
301	313.856	17	18	25	33	40	41	123	#
302	280.583	48	49	56	57	58	59	123	#
303	251.429	1	8	9	17	32	33	123	#
304	1365.54	21	29	30	31	36	37	38	39	44	45	46	47	52	53	54	55	59	60	61	62	63	124	#
305	1463.94	23	27	28	29	30	31	37	38	42	43	44	45	46	47	52	53	54	60	61	62	63	124	#
306	1463.21	20	21	28	29	30	31	37	38	39	43	44	45	46	47	50	51	52	53	54	59	61	124	#
307	1391.34	28	29	30	31	37	38	39	44	45	46	49	50	51	52	53	54	58	59	60	61	62	124	#
308	1382.59	15	23	29	30	31	35	37	38	39	43	45	46	47	50	51	52	53	59	60	61	62	124	#
309	1362.22	6	7	15	33	35	36	37	41	43	44	45	46	47	51	52	53	54	59	61	62	63	124	#
310	468.36	5	8	9	16	24	25	125	#
311	451.193	8	9	17	18	25	56	125	#
312	440.197	8	9	16	24	32	40	125	#
313	307.766	1	8	9	16	17	24	125	#
314	295.67	4	5	11	13	14	22	125	#
315	295.169	17	24	25	32	33	40	125	#
316	394.105	2	3	10	20	28	36	126	#
317	457.675	20	21	28	29	30	36	126	#
318	369.504	20	28	29	36	37	45	126	#
319	357.929	8	9	10	11	17	18	126	#
320	339.389	2	3	9	10	17	18	126	#
321	325.562	2	3	4	10	11	12	126	#
322	187.784	29	30	37	127	#
323	275.763	21	29	37	127	#
324	122.605	30	31	39	127	#
325	74.1997	45	#
326	346.033	53	54	61	62	63	128	#
327	368.737	53	60	61	62	63	128	#
328	350.376	10	11	61	62	63	128	#
329	313.963	4	13	55	62	63	128	#
330	279.81	45	52	53	54	61	128	#
331	839.282	15	20	21	22	23	28	29	30	31	36	37	38	39	44	45	129	#
332	960.526	32	35	36	37	40	41	42	43	46	48	49	50	51	58	59	129	#
333	884.274	13	14	20	21	22	23	28	29	31	32	36	39	40	48	56	129	#
334	859.103	4	6	7	13	14	15	21	22	23	29	30	31	37	38	39	129	#
335	838.574	5	6	7	13	14	15	22	23	25	26	27	31	55	62	63	129	#
336	824.092	23	30	31	35	36	37	38	39	40	42	43	44	45	46	54	129	#
337	910.714	3	4	5	6	7	12	13	14	15	22	23	30	31	47	55	63	130	#
338	1241.53	6	7	15	20	21	22	23	29	30	31	37	38	39	45	47	55	130	#
339	1147.15	14	21	22	23	29	30	31	37	38	39	44	45	46	47	55	63	130	#
340	1131.72	4	5	6	7	13	14	15	20	21	22	23	28	29	31	36	37	130	#
341	1081.56	22	23	29	30	31	37	38	39	44	45	46	47	55	56	62	63	130	#
342	1038.32	2	3	4	5	6	7	10	11	13	14	15	21	22	23	30	31	130	#
343	1057.49	4	10	11	12	13	18	23	26	28	29	30	31	35	36	37	38	39	44	45	46	51	53	54	59	60	131	#
344	1489.8	2	3	4	5	6	9	10	11	12	13	15	16	17	18	19	23	24	25	26	27	32	33	34	35	42	131	#
345	1467.1	2	3	4	5	6	9	10	11	12	14	15	18	19	22	23	36	42	43	44	48	49	50	51	52	58	131	#
346	1463.92	15	33	34	35	37	38	39	41	42	43	44	45	46	47	50	51	52	53	54	55	58	59	60	61	63	131	#
347	1389.59	24	29	32	33	34	35	37	41	42	43	44	45	46	48	49	50	51	52	53	54	57	58	59	60	61	131	#
348	1349.61	1	2	3	8	9	10	11	17	18	19	24	25	26	27	34	35	42	43	44	45	50	51	58	59	60	131	#
349	327.28	8	16	17	18	24	25	26	132	#
350	439.039	9	17	24	25	26	32	34	132	#
351	346.242	8	9	17	18	25	26	27	132	#
352	335.33	4	11	17	18	19	26	27	132	#
353	427.237	0	1	8	9	10	14	17	18	19	133	#
354	625.543	8	9	16	17	18	19	24	25	27	133	#
355	579.382	0	1	8	9	16	17	24	25	33	133	#
356	470.681	8	9	17	18	19	25	26	27	33	133	#
357	460.973	17	18	24	25	26	27	32	33	40	133	#
358	460.644	1	8	9	10	16	17	18	25	26	133	#
359	363.442	2	10	17	18	19	26	27	34	35	134	#
360	544.52	10	17	18	24	25	26	32	33	41	134	#
361	534.018	4	10	11	18	35	42	43	50	58	134	#
362	518.703	2	8	9	10	17	18	24	25	26	134	#
363	503.722	2	3	4	8	9	10	11	12	18	134	#
364	487.337	17	18	19	25	26	27	33	34	42	134	#
365	786.064	3	4	6	7	12	13	14	15	22	23	31	135	#
366	858.433	5	6	7	14	15	21	22	23	30	31	36	135	#
367	793.892	3	4	12	13	14	20	21	22	28	29	30	135	#
368	769.556	4	5	6	7	11	12	13	15	21	22	23	135	#
369	752.37	5	13	14	20	21	22	23	29	30	31	38	135	#
370	747.25	3	5	6	11	12	13	14	15	21	22	23	135	#
371	160.197	20	28	#
372	189.96	45	52	53	136	#
373	208.077	52	53	60	136	#
374	153.163	44	51	52	136	#
375	136.827	45	53	54	136	#
376	32.3745	46	#
377	549.478	37	38	45	46	51	52	53	54	61	62	137	#
378	723.637	24	25	32	43	44	45	50	51	52	53	137	#
379	672.977	35	43	44	45	51	52	53	54	59	60	137	#
380	672.681	45	51	52	53	54	59	60	61	62	63	137	#
381	640.952	43	44	45	51	52	53	54	59	60	61	137	#
382	597.402	37	38	44	45	46	52	53	59	60	61	137	#
383	641.275	28	29	30	31	37	38	39	40	43	46	47	48	55	138	#
384	960.24	0	16	17	24	25	26	32	33	34	40	42	48	56	138	#
385	823.712	16	24	32	33	40	41	42	48	49	50	56	57	58	138	#
386	768.346	8	9	17	18	24	25	30	33	37	38	39	40	41	138	#
387	679.636	17	21	26	28	29	36	37	38	44	45	46	52	53	138	#
388	656.812	0	15	20	23	28	29	30	31	38	39	43	61	62	138	#
389	137.884	36	44	45	139	#
390	170.979	36	37	44	139	#
391	111.825	19	43	44	139	#
392	830.287	17	19	21	25	26	27	34	41	42	48	49	50	57	58	212	#
393	1686.41	25	26	32	33	34	36	37	40	41	42	43	44	45	46	48	49	50	51	52	53	56	57	58	59	60	140	#
394	1883.74	16	20	21	24	25	28	32	33	34	35	36	37	40	41	42	43	45	46	48	49	50	56	57	58	59	140	#
395	1849.96	16	20	24	25	26	28	32	34	35	36	40	41	42	43	44	45	48	49	50	51	53	56	57	58	59	140	#
396	1820.33	25	28	29	32	33	36	37	41	42	43	44	45	46	49	50	51	52	53	57	58	59	60	61	62	63	140	#
397	1798.14	0	1	2	3	9	10	17	18	24	25	26	27	32	33	34	40	41	42	43	48	49	50	51	56	57	140	#
398	1760.76	16	17	24	25	26	29	32	33	34	35	36	40	41	42	43	44	45	48	49	50	51	52	56	57	60	140	#
399	334.037	29	37	38	39	45	141	#
400	457.829	20	21	28	29	37	141	#
401	324.705	21	29	37	38	46	141	#
402	291.442	35	36	37	44	45	141	#
403	187.871	44	45	51	52	60	141	#
404	156.657	31	38	39	46	47	141	#
405	143.228	37	45	46	52	53	142	#
406	184.6	36	37	38	45	53	142	#
407	176.534	30	38	39	46	47	142	#
408	30.2579	28	#
409	558.308	1	8	9	16	17	18	19	24	25	26	32	33	34	35	36	143	#
410	824.795	8	16	17	24	25	31	32	33	40	41	48	49	50	51	52	143	#
411	787.866	16	24	25	26	27	32	33	37	40	41	45	52	53	57	58	143	#
412	776.818	8	18	19	24	25	26	33	40	41	44	45	49	52	57	60	143	#
413	772.438	0	1	2	8	9	10	11	16	17	24	25	26	33	36	41	143	#
414	763.373	0	1	8	9	17	18	35	43	45	48	49	50	51	52	58	143	#
415	814.63	20	28	29	30	35	36	37	43	44	45	46	50	51	53	144	#
416	956.458	17	25	33	35	36	41	42	43	44	50	51	52	58	59	144	#
417	903.103	19	27	35	36	42	43	44	45	48	49	50	51	52	59	144	#
418	896.136	33	36	37	41	42	44	45	48	49	50	51	52	58	59	144	#
419	841.45	20	21	22	28	35	36	37	42	43	44	45	50	51	52	144	#
420	812.828	17	18	26	27	34	35	41	42	43	44	45	49	50	51	144	#
421	375.948	25	33	41	48	49	145	#
422	410.429	16	24	25	32	33	145	#
423	375.088	23	25	33	41	42	145	#
424	322.928	2	3	48	49	57	145	#
425	313.35	33	40	41	48	56	145	#
426	298.697	3	11	19	32	33	145	#
427	1179.95	33	35	40	41	42	43	44	45	48	49	50	51	52	53	54	56	57	58	59	60	146	#
428	1307.92	25	26	27	32	33	40	41	42	43	45	46	48	49	50	51	52	56	57	58	59	146	#
429	1224.49	0	1	2	3	8	9	10	11	17	18	19	25	26	30	37	38	45	46	53	54	146	#
430	1207.35	25	26	32	33	39	40	41	42	46	47	48	49	50	51	55	56	57	58	59	60	146	#
431	1186.32	25	28	32	33	34	35	36	40	41	42	43	48	49	50	51	52	56	57	58	59	146	#
432	1185.78	17	25	26	27	32	33	34	35	40	41	42	43	48	49	50	51	52	56	57	58	146	#
433	318.367	0	1	8	9	16	54	147	#
434	419.554	8	9	16	17	24	25	147	#
435	366.78	1	8	9	16	17	18	147	#
436	359.315	0	1	8	9	16	17	147	#
437	287.225	29	46	53	54	60	61	147	#
438	224.662	1	8	9	10	16	24	147	#
439	69.5388	59	60	148	#
440	57.6138	58	59	148	#
441	47.5952	52	60	148	#
442	1114.04	24	25	26	27	32	33	34	35	36	41	42	43	44	48	49	51	56	57	58	149	#
443	1176.53	17	20	24	25	28	32	33	34	35	36	40	41	42	43	48	50	56	57	58	149	#
444	1155.5	1	2	8	9	10	11	16	24	25	26	32	33	34	40	41	42	43	49	57	149	#
445	1151.52	16	17	24	25	26	32	34	35	36	37	42	43	44	45	46	47	50	51	56	149	#
446	1146.98	2	10	20	21	28	34	35	36	37	38	42	43	44	45	51	54	59	60	61	149	#
447	1144.27	25	32	33	40	41	42	43	48	49	50	51	56	57	58	59	60	61	62	63	149	#
448	404.221	2	10	41	48	49	56	150	#
449	480.149	40	41	48	49	50	56	150	#
450	434.75	33	34	35	40	41	42	150	#
451	414.24	31	32	40	48	49	56	150	#
452	413.867	4	40	41	48	49	57	150	#
453	224.199	2	10	11	18	19	27	150	#
454	384.182	0	1	8	9	10	18	151	#
455	430.668	0	1	8	9	16	24	151	#
456	383.895	0	1	8	9	17	25	151	#
457	361.494	9	10	18	40	41	48	151	#
458	314.066	9	10	11	18	19	26	151	#
459	221.644	3	4	9	10	11	12	151	#
460	221.737	15	23	31	39	152	#
461	242.17	22	23	30	31	152	#
462	167.296	23	31	39	47	152	#
463	113.04	30	31	38	39	152	#
464	1505.51	2	3	4	5	6	8	9	10	11	12	13	14	16	17	18	19	24	25	26	27	32	33	34	40	41	42	49	153	#
465	1516.57	2	5	6	7	10	13	14	15	20	21	22	23	28	29	30	31	36	37	38	41	43	44	49	50	57	58	59	153	#
466	1501.4	0	1	2	3	8	9	10	16	17	18	25	26	32	33	34	40	41	42	48	49	50	52	57	58	59	60	61	153	#
467	1485.65	5	8	9	10	11	16	17	18	19	21	22	23	24	25	26	27	29	32	33	34	40	41	42	43	49	50	51	153	#
468	1483.72	2	3	6	7	10	11	15	18	19	21	22	23	26	27	32	33	34	35	36	37	38	40	41	42	43	44	49	153	#
469	1455.85	2	3	8	9	10	11	12	13	16	17	18	19	24	25	26	27	32	33	34	40	41	42	48	49	50	57	58	153	#
470	268.854	52	54	60	61	154	#
471	358.286	45	52	53	61	154	#
472	324.106	52	53	60	61	154	#
473	246.184	45	51	52	60	154	#
474	167.727	0	46	53	54	154	#
475	136.334	9	17	155	#
476	50.7035	1	9	155	#
477	109.238	36	57	58	#
478	296.034	33	40	41	156	#
479	342.035	32	33	41	156	#
480	341.44	32	40	41	156	#
481	229.482	17	25	33	156	#
482	83.1921	40	48	#
483	49.1808	37	#
484	81.4275	48	56	#
485	74.9676	48	49	158	#
486	112.406	49	50	158	#
487	404.276	30	38	46	53	54	61	246	#
488	1291.65	28	34	36	37	38	42	43	44	45	46	47	50	51	52	53	54	55	58	59	60	61	62	63	159	#
489	1625	6	7	15	20	21	23	28	29	30	31	35	36	37	38	39	44	45	46	47	53	54	55	61	159	#
490	1479.77	5	6	7	13	14	15	29	37	44	45	46	50	51	52	53	54	55	58	59	60	61	62	63	159	#
491	1439.29	2	3	4	5	6	10	11	12	13	14	15	28	35	36	37	38	43	44	45	46	47	51	54	159	#
492	1432.62	8	9	10	17	18	25	28	29	32	33	35	36	37	40	41	43	44	45	46	51	52	53	60	159	#
493	1425.41	9	20	21	28	29	34	35	36	37	38	43	44	45	46	47	51	52	53	54	59	61	62	63	159	#
494	1715.06	0	1	3	4	7	11	15	19	20	21	22	23	28	29	30	31	36	37	38	39	41	42	45	46	47	48	49	50	53	54	57	58	160	#
495	2052.47	1	20	21	22	28	29	30	32	33	35	36	37	40	41	42	43	44	47	48	49	50	51	52	53	54	55	58	59	60	61	62	63	160	#
496	1997.94	7	15	20	21	22	28	29	30	32	33	34	35	36	37	38	39	41	42	43	44	45	46	49	50	51	52	53	54	59	60	61	62	160	#
497	1986.11	16	20	21	22	23	24	25	26	28	29	30	31	32	34	35	36	37	38	39	42	43	44	45	46	50	51	52	53	54	59	60	61	160	#
498	1972.25	0	1	2	5	6	7	9	10	11	13	14	15	17	18	19	21	23	25	26	28	29	30	34	35	36	37	41	42	43	44	51	59	160	#
499	1943.74	9	14	17	19	20	21	22	24	25	28	29	30	31	35	36	37	38	39	40	41	42	43	44	46	47	48	49	50	51	52	60	61	160	#
500	1589.5	1	2	3	4	5	6	7	9	10	11	12	13	14	15	17	18	19	21	22	23	24	25	26	27	33	161	#
501	1637.82	0	1	2	3	4	5	9	10	11	12	13	17	18	19	24	25	26	27	28	29	30	31	33	34	35	161	#
502	1613.44	2	3	4	8	9	10	11	12	13	14	17	18	19	25	26	27	28	33	34	35	36	37	41	43	44	161	#
503	1608.33	8	9	10	16	17	18	19	26	28	34	35	36	37	41	42	43	44	45	46	50	51	52	53	59	60	161	#
504	1607.37	2	3	4	5	6	8	9	10	11	12	13	14	17	18	19	25	26	27	29	33	34	35	36	37	43	161	#
505	1595.52	2	9	10	17	18	19	20	25	26	27	28	32	33	34	35	36	37	40	41	42	43	44	48	49	56	161	#
506	29.1658	3	#
507	1501.44	4	13	16	24	25	26	27	34	35	36	37	42	43	44	45	46	47	48	49	50	51	52	53	54	55	57	58	59	60	61	63	162	#
508	2197.27	2	3	4	8	9	10	11	12	13	14	16	17	18	19	24	25	26	27	32	33	34	35	40	41	42	44	45	49	50	53	61	162	#
509	1986.41	8	16	20	21	24	28	29	30	32	33	36	37	39	40	41	42	44	45	46	47	48	50	51	52	53	54	55	59	61	62	63	162	#
510	1930.66	2	3	4	5	8	9	10	11	12	13	14	17	20	21	28	29	30	31	35	36	37	38	39	43	44	45	47	50	51	52	59	162	#
511	1908.9	1	2	3	4	8	9	10	11	12	13	15	16	17	18	19	24	25	26	27	34	35	36	41	42	43	44	49	50	51	59	60	162	#
512	1902.41	2	3	4	8	9	10	11	12	13	16	17	18	19	24	25	26	27	32	33	34	35	36	40	41	42	43	44	48	50	51	52	162	#
513	2216.15	3	4	5	6	7	10	11	12	13	14	15	18	19	20	21	22	23	26	28	29	30	31	34	35	36	37	38	39	40	41	42	43	44	45	46	47	52	53	55	59	60	61	163	#
514	2729.27	2	3	4	5	7	8	9	10	11	12	13	16	17	18	19	20	21	24	25	26	27	28	29	30	32	33	34	36	37	40	41	42	48	49	50	57	58	59	60	61	62	63	163	#
515	2658.9	3	8	9	11	12	16	17	18	19	20	21	24	25	26	27	28	29	32	33	34	35	36	40	41	42	43	44	45	48	49	50	51	52	53	54	56	57	58	59	60	61	62	163	#
516	2554.78	3	4	8	11	12	16	17	18	19	20	21	22	23	26	27	28	29	30	31	32	33	34	35	36	37	40	41	42	43	44	45	48	49	50	51	52	53	56	57	58	59	60	163	#
517	2553.55	0	1	2	3	4	8	9	10	11	12	16	17	18	19	24	25	26	27	28	32	33	34	35	36	40	41	42	43	44	45	48	49	50	51	52	53	54	57	58	59	60	61	163	#
518	2529.55	0	1	2	3	4	5	6	8	9	10	11	12	13	14	15	16	17	18	19	21	22	23	27	29	30	33	37	38	40	41	42	45	46	47	49	50	53	54	57	58	61	62	163	#
519	1201.85	3	4	5	6	13	14	22	33	34	35	36	37	38	40	41	42	43	44	45	46	50	52	53	60	164	#
520	1580.96	2	3	5	6	7	10	11	14	15	17	18	19	20	21	22	23	24	25	26	27	28	29	30	32	164	#
521	1524.39	18	21	25	26	29	30	33	34	35	37	41	42	43	44	46	48	49	50	51	52	53	60	61	62	164	#
522	1483.36	6	7	15	20	21	23	28	29	30	31	36	37	38	39	44	45	46	53	54	59	60	61	62	63	164	#
523	1466.98	2	3	4	5	6	7	10	11	12	13	14	15	18	19	22	23	30	31	37	38	40	41	42	46	164	#
524	1436.14	1	2	9	10	11	17	18	19	24	25	26	27	32	33	34	40	41	42	48	49	50	53	61	62	164	#
525	552.736	4	5	13	14	15	22	23	31	165	#
526	680.838	6	7	14	15	22	23	30	31	165	#
527	624.038	7	14	15	22	23	30	31	38	165	#
528	616.172	5	6	7	15	23	29	30	31	165	#
529	563.158	21	22	23	28	29	30	36	37	165	#
530	499.253	4	5	6	12	13	14	22	23	165	#
531	415.822	2	3	4	11	19	166	#
532	401.118	2	4	10	11	13	166	#
533	389.617	2	3	4	10	11	166	#
534	383.763	3	4	11	19	27	166	#
535	364.691	3	4	11	12	13	166	#
536	345.278	3	4	10	11	18	166	#
537	1006.44	21	29	36	37	39	44	45	46	47	53	54	55	61	62	63	167	#
538	966.136	28	29	30	36	37	38	39	46	47	53	54	55	61	62	63	167	#
539	926.883	29	30	36	37	38	39	45	46	47	53	54	55	61	62	63	167	#
540	908.219	36	37	38	39	44	45	46	47	52	53	54	55	61	62	63	167	#
541	905.104	6	21	28	29	36	37	42	43	44	51	52	53	54	59	60	167	#
542	879.234	9	27	29	30	36	37	38	39	45	46	47	49	50	53	55	167	#
543	619.858	6	15	21	22	23	29	30	31	168	#
544	560.376	14	16	20	21	22	23	28	31	168	#
545	554.425	21	22	23	28	29	30	31	37	168	#
546	535.359	0	1	9	17	21	22	25	29	168	#
547	514.424	5	6	7	14	15	22	23	31	168	#
548	484.843	5	13	14	21	22	29	30	62	168	#
549	457.619	8	16	24	25	32	169	#
550	369.727	8	16	24	25	33	169	#
551	315.069	32	40	41	48	56	169	#
552	314.645	25	26	33	55	63	169	#
553	266.588	8	9	24	25	54	169	#
554	207.011	8	9	10	17	18	169	#
555	1110.27	23	29	30	31	36	37	38	39	44	45	46	47	52	53	54	55	60	61	170	#
556	1160.17	20	28	34	40	42	43	44	48	49	50	51	52	53	54	56	59	60	61	170	#
557	1156.38	21	28	29	30	37	38	42	43	44	45	46	47	50	51	52	53	54	61	170	#
558	1155.76	28	29	30	31	36	37	38	39	44	45	46	47	52	53	54	55	60	61	170	#
559	1154.46	6	22	28	29	30	31	36	37	38	39	43	44	45	46	47	52	53	54	170	#
560	1146.26	5	6	13	14	15	21	22	23	29	31	37	38	39	44	45	46	47	55	170	#
561	76.2472	62	#
562	984.706	3	11	19	27	29	34	37	39	41	42	43	44	45	46	50	51	52	54	60	61	171	#
563	1234.09	29	30	31	37	38	39	42	45	46	47	50	51	52	53	54	59	60	61	62	63	171	#
564	1149.54	5	13	37	42	43	44	45	48	49	50	51	52	53	54	58	59	60	61	62	63	171	#
565	1094.71	7	14	15	20	22	23	28	29	30	31	37	38	39	45	46	47	53	54	60	61	171	#
566	1092.71	23	28	29	30	31	37	38	39	40	41	45	46	47	48	49	54	56	60	61	62	171	#
567	1069.68	25	26	34	35	40	41	42	43	44	48	49	50	51	52	56	57	58	59	60	61	171	#
568	258.763	7	15	23	31	172	#
569	297.71	23	30	31	38	172	#
570	255.344	23	31	38	39	172	#
571	204.148	6	7	15	23	172	#
572	150.932	9	17	173	#
573	142.132	17	25	173	#
574	82.5187	1	9	173	#
575	382.37	52	53	54	61	62	174	#
576	299.9	36	44	51	52	59	174	#
577	256.087	46	53	54	61	62	174	#
578	233.656	54	60	61	62	63	174	#
579	192.536	51	52	53	54	60	174	#
580	189.024	50	51	53	60	61	174	#
581	371.486	32	40	41	48	49	56	175	#
582	430.9	32	33	40	41	42	48	175	#
583	419.306	32	33	40	41	48	49	175	#
584	408.247	41	42	43	48	49	56	175	#
585	403.3	33	40	41	48	49	50	175	#
586	370.127	27	40	41	49	57	58	175	#
587	47.2402	0	1	#
588	2717.37	0	1	2	8	9	10	16	17	18	24	25	26	29	30	31	32	33	34	35	36	37	38	39	40	41	42	43	44	45	46	47	48	49	50	51	52	53	54	55	56	57	58	59	60	61	62	177	#
589	2907.44	0	1	6	8	9	10	11	12	18	19	20	21	22	27	28	29	30	31	34	35	36	37	38	39	40	41	42	43	44	45	46	47	49	50	51	52	53	54	55	57	58	59	60	61	62	63	177	#
590	2892.21	0	1	2	3	4	6	7	8	9	10	11	12	15	16	17	18	19	24	25	26	27	28	29	32	33	34	35	36	40	41	42	43	45	46	49	50	51	52	53	54	58	59	60	61	62	63	177	#
591	2833.8	2	3	10	11	12	17	18	19	20	21	25	26	27	28	29	30	31	32	33	34	35	36	37	38	39	40	41	42	43	44	45	46	47	48	50	51	52	53	54	55	57	58	59	60	61	62	177	#
592	2828.69	0	1	2	3	8	9	10	16	17	18	20	24	25	26	27	28	29	30	31	32	33	34	35	36	37	38	39	40	41	43	44	45	46	47	48	49	50	51	52	53	54	55	59	60	62	63	177	#
593	2822.85	4	10	11	12	17	18	19	20	21	22	24	25	26	27	28	29	31	32	34	35	36	37	38	39	40	41	42	43	44	45	46	47	48	49	50	51	52	53	54	57	58	59	60	61	62	63	177	#
594	2377.28	0	11	15	16	17	20	21	23	24	25	28	29	30	31	32	33	34	35	36	37	38	39	40	42	43	44	45	46	47	50	51	52	53	54	55	60	61	62	178	#
595	2482.68	6	7	14	15	16	20	21	22	23	28	30	31	32	33	35	36	37	38	39	40	41	42	43	44	45	46	47	49	50	51	52	53	54	58	59	60	61	62	178	#
596	2370.23	3	4	5	6	7	11	12	13	14	15	20	21	22	23	28	29	30	31	36	37	38	39	44	45	46	47	49	50	51	52	53	55	58	59	60	61	62	63	178	#
597	2357.41	5	6	7	14	15	20	21	22	23	25	28	29	30	31	33	34	35	36	37	39	40	41	42	43	44	45	46	47	48	49	50	51	52	53	55	60	61	63	178	#
598	2341.38	5	6	7	14	15	20	21	22	23	28	29	30	31	34	35	36	37	38	39	41	42	43	44	45	46	47	50	51	52	53	54	55	58	59	60	61	62	63	178	#
599	2328.86	6	10	11	15	19	20	21	22	23	28	29	30	31	34	35	36	37	38	39	41	42	43	44	45	46	47	49	50	51	52	53	54	55	58	59	60	61	62	178	#
600	794.476	17	18	26	34	35	41	42	43	44	49	50	51	52	57	58	59	60	179	#
601	1106.85	8	9	16	17	18	19	24	25	26	32	33	34	35	40	41	43	48	179	#
602	1072.77	8	9	35	43	45	49	50	51	52	53	54	57	58	59	60	61	62	179	#
603	959.191	34	40	41	42	45	48	49	50	51	52	53	56	57	59	60	61	62	179	#
604	952.377	9	17	24	25	26	32	33	34	40	41	42	43	48	49	50	58	62	179	#
605	919.745	1	9	11	17	18	19	20	24	25	26	27	33	34	40	41	42	50	179	#
606	162.054	22	23	31	180	#
607	229.729	14	22	23	180	#
608	167.654	44	51	52	60	181	#
609	207.162	43	44	45	52	181	#
610	193.336	52	55	59	60	181	#
611	170.312	45	52	53	54	181	#
612	133.083	50	51	52	58	181	#
613	34.9574	40	#
614	1349.37	5	13	14	15	20	21	22	23	28	29	31	37	45	46	51	52	53	54	59	182	#
615	1421.9	6	7	8	9	15	16	22	23	24	25	31	53	54	58	59	60	61	62	63	182	#
616	1401.19	5	6	7	12	13	14	15	20	21	22	23	28	29	35	36	37	44	46	47	182	#
617	1330.96	2	3	4	5	6	7	11	12	13	14	15	18	19	21	22	23	27	31	39	182	#
618	1323.86	4	5	6	7	12	13	14	15	20	21	22	23	28	29	31	36	37	38	46	182	#
619	1305.05	4	5	6	7	10	11	12	13	14	15	19	21	22	23	29	30	31	38	39	182	#
620	1661.54	16	19	26	27	29	30	31	34	35	36	37	38	39	41	42	43	44	45	48	50	51	52	53	54	56	59	60	61	183	#
621	1815.61	4	5	13	14	25	32	33	35	36	41	42	43	44	45	47	48	49	50	51	52	53	54	55	57	58	59	60	61	183	#
622	1808.69	16	21	24	29	30	35	36	37	42	43	44	45	46	48	49	50	51	52	53	54	55	57	58	59	60	61	62	63	183	#
623	1804.93	16	20	21	23	24	28	29	30	31	35	36	37	38	39	43	44	45	46	49	51	52	53	54	57	58	59	60	61	183	#
624	1741.42	9	30	31	35	36	37	38	39	41	42	43	44	45	46	47	49	50	51	52	53	54	55	58	59	60	61	62	63	183	#
625	1738.21	23	28	29	30	31	32	33	34	35	36	37	38	39	40	41	42	43	44	45	46	48	49	50	51	52	53	57	58	183	#
626	689.972	7	15	20	21	22	23	29	30	31	36	37	38	184	#
627	879.995	4	5	8	12	13	14	16	21	22	23	29	30	184	#
628	822.213	5	6	7	14	15	20	21	22	23	28	29	37	184	#
629	771.606	7	13	14	15	21	22	23	28	29	30	31	37	184	#
630	770.665	6	7	15	20	21	22	23	28	29	30	31	39	184	#
631	760.342	5	6	13	14	20	21	22	23	28	29	35	36	184	#
632	459.531	5	6	7	15	23	29	185	#
633	507.957	2	9	10	15	17	25	185	#
634	503.322	6	7	15	23	31	39	185	#
635	382.007	5	6	12	13	15	23	185	#
636	365.263	5	6	7	15	22	23	185	#
637	334.052	20	21	29	37	45	46	185	#
638	639.152	26	29	30	38	45	46	47	52	53	61	62	186	#
639	843.522	43	45	51	52	53	54	59	60	61	62	63	186	#
640	777.662	43	44	45	51	52	53	54	59	60	61	62	186	#
641	714.562	21	28	29	30	37	38	39	46	47	55	63	186	#
642	705.177	5	6	7	15	23	37	38	46	52	53	54	186	#
643	701.761	0	37	38	44	45	52	53	54	59	60	61	186	#
644	944.877	1	2	3	4	5	6	8	9	10	11	12	13	14	18	19	26	34	35	187	#
645	1052.21	5	12	13	14	21	22	42	43	48	49	50	51	53	54	57	59	61	62	187	#
646	1016.81	0	1	2	3	8	9	10	17	18	24	25	26	32	33	41	42	49	50	187	#
647	987.9	2	3	7	10	17	18	19	26	27	32	33	34	35	36	40	41	42	50	187	#
648	980.298	4	5	6	7	13	14	15	20	21	22	23	31	32	40	41	42	48	49	187	#
649	952.794	2	3	4	5	6	7	10	11	12	13	14	15	19	21	22	27	29	30	187	#
650	1031.25	0	1	24	25	26	32	33	34	35	40	41	42	48	49	50	56	57	58	188	#
651	1429.38	17	20	21	25	28	29	32	33	40	41	42	48	49	50	56	57	58	63	188	#
652	1247.12	24	25	32	33	37	40	41	42	44	45	48	49	50	51	52	53	57	58	188	#
653	1221.94	9	16	17	18	24	25	32	33	40	41	42	48	49	50	51	56	57	58	188	#
654	1199.4	28	29	32	33	34	35	36	37	40	41	42	43	44	48	49	50	55	57	188	#
655	1156.86	0	1	8	9	16	24	25	32	33	40	41	42	43	48	49	50	51	56	188	#
656	179.978	28	29	189	#
657	222.029	20	28	189	#
658	147.083	29	37	189	#
659	1063.62	1	3	4	5	8	9	10	11	12	13	14	16	18	19	24	25	27	33	190	#
660	1289.85	16	24	25	32	33	37	38	39	44	45	46	47	52	53	55	61	62	63	190	#
661	1187.06	8	16	24	25	32	33	36	37	38	44	45	46	52	53	54	61	62	63	190	#
662	1033.67	0	1	3	4	5	8	9	10	11	12	13	14	16	18	19	24	25	33	190	#
663	1024.95	1	8	9	10	16	17	18	24	25	32	33	40	41	42	43	48	49	50	190	#
664	1018.58	1	2	3	4	8	9	10	11	12	16	17	18	19	24	25	32	33	40	190	#
665	1128.33	2	8	9	10	16	18	24	28	30	31	35	36	37	38	39	44	45	46	47	51	52	55	63	191	#
666	1540.86	6	7	15	20	21	23	28	29	30	31	36	37	38	39	42	43	44	45	46	47	52	54	55	191	#
667	1487.13	1	8	9	10	16	17	18	20	24	26	28	29	30	32	33	37	38	41	42	43	45	50	53	191	#
668	1460.11	6	15	20	21	22	23	28	29	30	31	36	37	38	39	45	46	47	50	51	52	53	54	61	191	#
669	1420.18	20	21	28	29	30	34	35	36	37	38	41	44	46	48	49	50	51	52	54	55	57	58	61	191	#
670	1410.61	5	6	13	14	20	21	23	28	29	30	31	36	37	38	39	43	44	45	46	47	51	52	53	191	#
671	1466.64	3	4	11	12	17	18	19	24	25	26	27	32	33	34	35	36	37	40	41	42	43	44	46	48	49	50	51	52	56	57	58	59	60	192	#
672	2167.77	7	14	15	20	21	22	23	26	27	28	29	30	31	35	36	37	38	42	43	44	45	46	47	49	50	51	52	53	55	59	60	61	62	192	#
673	2122.1	6	7	15	18	20	21	23	26	28	29	30	31	34	35	36	37	38	41	42	43	44	45	46	50	51	52	53	58	59	60	61	62	63	192	#
674	2026.08	6	7	9	10	11	14	15	17	18	19	20	21	22	23	25	26	27	28	29	30	31	32	33	34	35	36	37	40	41	42	43	49	50	192	#
675	1948.71	3	4	11	12	20	21	22	28	29	30	33	35	36	37	38	40	41	42	43	44	45	46	48	49	50	51	52	53	57	58	59	60	61	192	#
676	1930.38	15	20	21	22	23	28	29	30	31	33	35	36	37	38	39	41	42	43	44	45	46	47	49	50	51	52	53	54	55	57	58	60	61	192	#
677	605.275	39	47	52	53	54	55	60	61	62	63	193	#
678	778.449	45	52	53	54	55	59	60	61	62	63	193	#
679	732.498	29	30	37	45	46	54	55	61	62	63	193	#
680	689.108	44	51	52	53	54	59	60	61	62	63	193	#
681	668.951	45	46	51	52	53	54	60	61	62	63	193	#
682	638.434	30	31	39	45	47	53	55	61	62	63	193	#
683	29.8005	55	#
684	231.941	8	9	10	16	24	194	#
685	271.134	8	9	16	24	32	194	#
686	264.436	0	1	8	9	17	194	#
687	234.47	8	16	24	25	33	194	#
688	221.353	1	8	9	10	16	194	#
689	158.592	9	10	17	18	26	194	#
690	148.911	62	63	195	#
691	116.375	55	63	195	#
692	33.6919	39	#
693	136.849	48	49	50	51	196	#
694	148	40	48	49	56	196	#
695	139.603	37	43	51	54	196	#
696	523.54	24	32	33	34	40	41	42	48	50	56	197	#
697	726.832	24	32	40	41	48	49	50	57	58	59	197	#
698	684.106	17	18	25	32	33	40	41	48	49	57	197	#
699	668.782	4	8	16	17	24	25	26	32	33	41	197	#
700	655.314	17	24	25	33	41	48	49	50	55	63	197	#
701	618.321	32	33	40	41	48	49	50	56	57	58	197	#
702	793.841	20	21	28	29	31	35	36	37	38	39	43	44	45	46	47	51	52	53	54	60	198	#
703	1100.07	4	5	6	13	21	23	28	29	35	36	37	44	45	51	52	53	58	59	60	61	198	#
704	1040.94	4	5	6	10	11	13	14	15	18	20	21	22	23	28	29	30	31	37	38	45	198	#
705	1021.35	2	4	9	10	11	17	18	24	25	26	32	34	47	52	55	59	60	61	62	63	198	#
706	1012.5	20	21	22	23	28	29	30	31	35	36	37	43	44	45	46	50	51	52	53	54	198	#
707	995.575	4	5	6	7	13	14	15	20	21	22	23	28	29	30	31	37	38	39	46	47	198	#
708	242.805	1	9	10	17	18	19	25	26	199	#
709	354.253	2	10	11	12	18	19	25	26	199	#
710	337.987	11	17	18	19	25	26	33	34	199	#
711	297.785	2	10	17	18	19	25	26	27	199	#
712	287.862	1	8	9	10	11	17	18	19	199	#
713	253.266	4	10	11	12	17	18	19	22	199	#
714	230.501	45	52	53	61	200	#
715	228.065	36	37	38	45	200	#
716	191.039	45	46	53	61	200	#
717	171.891	53	54	60	61	200	#
718	132.644	51	52	60	61	200	#
719	440.074	17	18	25	26	27	34	35	43	44	46	54	201	#
720	587.513	9	16	17	18	24	25	26	32	33	58	59	201	#
721	575.659	8	9	10	11	16	17	18	19	24	25	26	201	#
722	522.355	5	17	18	19	25	26	27	32	33	34	35	201	#
723	511.641	4	11	12	13	25	26	33	34	40	41	42	201	#
724	510.936	1	8	9	10	11	17	18	19	25	26	33	201	#
725	238.154	34	35	42	202	#
726	229.042	26	34	42	202	#
727	159.552	34	35	43	202	#
728	1288.54	1	7	8	9	15	16	17	18	23	24	25	26	27	31	32	33	34	39	47	55	203	#
729	1482.48	7	8	15	16	20	21	22	23	24	28	29	30	31	36	37	39	44	45	46	57	203	#
730	1444.75	16	19	23	24	25	26	27	28	29	30	31	32	33	37	38	39	42	45	46	47	203	#
731	1444.22	7	10	11	15	19	21	23	28	29	30	31	35	36	37	38	39	45	46	47	54	203	#
732	1407.13	1	2	9	10	11	17	18	19	21	26	29	30	35	36	37	44	45	46	47	51	203	#
733	1359.59	0	1	2	8	9	10	16	17	18	19	24	25	26	27	32	33	34	35	40	43	203	#
734	994.561	29	30	31	37	38	39	42	44	45	46	47	50	51	52	55	57	58	59	60	63	204	#
735	1351.29	32	33	35	36	40	41	42	43	44	45	48	49	50	51	52	53	57	58	59	60	204	#
736	1308.31	15	23	24	25	26	32	33	34	35	36	40	41	42	43	44	50	51	52	58	59	204	#
737	1263.41	0	1	9	33	34	35	40	41	42	43	44	45	48	49	50	51	57	58	59	60	204	#
738	1248.08	25	32	33	36	37	41	42	43	44	45	46	49	50	51	52	53	54	57	59	60	204	#
739	1243.62	5	14	22	29	33	35	36	37	41	42	43	49	50	51	52	57	58	59	60	61	204	#
740	1435.11	11	15	19	20	21	22	23	27	28	29	30	31	34	35	36	37	38	39	42	43	44	45	46	47	52	53	54	59	60	61	205	#
741	2061.36	2	3	4	5	6	7	10	11	12	13	14	15	17	18	19	21	23	27	28	29	30	31	36	37	38	43	44	45	46	53	205	#
742	1987.99	4	6	7	8	9	10	11	15	16	17	20	21	23	28	29	30	31	36	37	38	39	43	44	47	54	55	60	61	62	63	205	#
743	1891.65	2	3	4	5	6	8	9	10	11	12	13	14	16	17	18	19	24	25	26	27	32	33	34	40	41	42	43	44	49	52	205	#
744	1793.21	7	8	9	10	11	15	17	18	19	20	21	22	23	27	28	29	30	31	36	37	38	39	44	45	46	47	53	54	55	61	205	#
745	1747.58	5	6	7	13	14	15	21	22	23	28	31	32	33	34	36	38	39	40	41	42	46	48	49	50	51	56	57	58	59	60	205	#
746	130.038	46	47	55	63	206	#
747	153.477	39	47	55	63	206	#
748	147.838	37	45	46	47	206	#
749	1554.12	6	14	15	21	22	23	28	29	30	31	36	37	38	39	42	43	45	46	47	51	52	53	54	55	59	60	61	207	#
750	1849.75	3	4	5	6	7	9	10	11	12	13	14	15	17	18	22	23	24	25	28	29	30	31	32	33	41	42	56	207	#
751	1825.54	5	6	7	10	11	12	13	14	15	18	19	21	22	23	28	29	30	31	36	37	38	45	46	53	54	61	62	207	#
752	1803.45	7	15	18	23	24	25	26	29	30	31	32	33	37	38	39	41	42	43	44	45	46	51	52	59	60	61	62	207	#
753	1760.74	1	2	3	4	5	6	7	9	10	11	12	13	14	15	17	18	19	21	22	23	27	29	30	31	37	38	63	207	#
754	1707.29	20	21	22	23	28	29	30	31	35	36	37	38	39	41	42	43	45	46	49	50	51	53	54	58	59	61	62	207	#
755	942.886	34	35	41	42	43	44	49	50	51	58	59	208	#
756	905.303	17	25	26	27	34	35	42	43	44	50	51	208	#
757	890.189	34	35	41	42	43	44	48	49	50	51	59	208	#
758	870.879	37	42	43	44	45	50	51	52	58	59	60	208	#
759	855.406	34	35	42	43	45	49	50	51	52	58	59	208	#
760	837.544	2	3	10	26	34	35	40	41	42	43	50	208	#
761	503.309	18	19	20	21	28	29	30	209	#
762	512.98	21	29	30	37	38	45	46	209	#
763	486.443	14	20	21	22	23	28	29	209	#
764	478.467	9	10	11	12	18	19	27	209	#
765	434.193	28	29	36	37	44	45	52	209	#
766	414.946	21	28	29	36	37	45	46	209	#
767	233.198	17	18	25	210	#
768	262.22	17	24	25	210	#
769	190.319	17	18	19	210	#
770	170.939	17	25	26	210	#
771	569.787	36	44	45	50	51	52	53	57	58	59	211	#
772	595.927	41	42	44	45	48	49	50	51	52	53	211	#
773	594.195	20	37	42	44	45	50	51	52	53	58	211	#
774	560.678	14	22	35	43	44	45	50	51	52	53	211	#
775	540.252	36	37	43	44	45	46	52	53	54	55	211	#
776	498.362	28	35	36	37	44	46	47	51	52	55	211	#
777	735.51	26	33	34	35	41	42	43	44	49	50	51	52	58	59	212	#
778	982.882	16	19	24	25	26	27	33	34	35	41	42	48	49	56	212	#
779	868.589	33	34	35	41	42	43	44	45	50	51	52	53	58	61	212	#
780	868.085	24	25	26	32	33	40	41	42	43	44	45	49	50	58	212	#
781	848.444	2	10	11	17	18	19	25	26	27	32	33	34	40	42	212	#
782	635.794	4	11	12	36	37	40	43	44	46	48	51	54	213	#
783	900.669	16	17	18	24	25	26	32	33	40	41	49	57	213	#
784	810.706	16	24	32	33	40	41	44	48	49	50	51	52	213	#
785	803.724	21	28	29	30	31	36	37	38	45	46	53	54	213	#
786	776.787	2	10	11	12	17	18	19	25	26	33	34	35	213	#
787	757.036	29	30	31	36	37	38	39	41	42	46	47	55	213	#
788	664.489	16	28	29	34	35	36	37	38	42	43	44	45	46	51	52	214	#
789	995.006	23	28	29	30	31	36	37	38	44	45	46	52	53	60	61	214	#
790	924.393	7	19	22	23	28	29	30	31	37	38	39	45	46	47	55	214	#
791	846.12	20	21	22	28	29	30	35	36	37	38	44	46	47	53	54	214	#
792	823.399	30	35	36	37	38	43	44	45	46	50	51	52	53	60	61	214	#
793	820.277	29	34	37	41	42	43	44	45	46	50	51	52	53	54	61	214	#
794	1161.28	4	5	11	12	13	14	15	21	22	23	28	29	30	31	35	36	37	38	39	44	45	46	47	54	55	63	215	#
795	1581.17	2	3	4	5	6	7	10	11	12	13	14	15	17	18	19	20	21	22	23	24	25	28	29	30	32	33	215	#
796	1571.94	0	1	4	5	6	8	9	10	11	12	13	14	16	17	18	19	20	21	22	23	24	25	27	32	33	41	215	#
797	1541.25	2	3	4	5	6	8	9	10	11	12	13	14	16	17	18	19	22	24	25	32	33	35	41	42	43	50	215	#
798	1459.08	2	3	4	5	6	9	10	11	12	13	14	15	17	18	19	20	21	22	23	26	30	31	39	41	42	43	215	#
799	1437.14	3	4	5	6	11	12	13	14	15	16	17	20	21	22	23	24	25	28	29	30	36	37	38	45	46	54	215	#
800	588.956	1	8	9	10	11	16	24	25	216	#
801	762.587	16	24	25	26	32	33	41	43	216	#
802	605.892	24	25	26	32	33	34	40	41	216	#
803	578.627	0	1	8	9	16	17	24	25	216	#
804	559.447	1	8	9	10	16	17	25	33	216	#
805	490.08	8	9	10	16	17	18	19	24	216	#
806	1611.72	1	7	8	9	10	15	16	17	18	23	24	25	26	27	32	33	34	40	41	42	43	48	49	50	217	#
807	1580.71	3	4	8	9	11	12	16	17	18	19	21	24	25	26	27	32	33	34	35	42	43	44	49	50	217	#
808	1558.72	0	1	2	3	4	8	9	10	11	16	17	18	19	24	25	26	27	32	33	34	41	42	43	44	217	#
809	1531.4	0	1	8	9	10	11	16	17	18	24	25	26	27	32	33	34	40	41	42	48	49	50	57	58	217	#
810	1507.99	8	9	10	16	17	18	19	24	25	26	27	32	33	34	35	36	41	42	43	44	45	49	50	52	217	#
811	1481.27	6	9	10	15	17	18	19	23	24	25	26	34	41	42	45	46	49	52	53	54	60	61	62	63	217	#
812	421.591	26	34	35	42	43	44	50	218	#
813	446.562	10	11	18	26	27	28	34	218	#
814	425.593	35	36	37	43	44	51	52	218	#
815	420.544	18	25	26	34	42	43	50	218	#
816	415.221	25	26	34	35	36	43	44	218	#
817	393.16	36	37	38	44	45	46	53	218	#
818	97.2137	17	25	47	219	#
819	135.902	17	18	19	219	#
820	88.2421	39	47	55	219	#
821	540.377	1	8	9	16	17	24	25	26	34	220	#
822	693.266	2	8	9	10	16	17	24	25	32	220	#
823	685.677	4	8	9	10	11	16	17	24	25	220	#
824	647.925	8	9	10	11	12	16	17	18	25	220	#
825	629.247	11	18	19	24	25	26	32	33	40	220	#
826	611.231	0	8	9	16	24	32	40	48	49	220	#
827	883.129	2	3	4	10	11	12	18	19	24	25	26	27	32	33	34	221	#
828	1261.07	8	9	16	17	18	24	25	26	27	32	33	34	35	41	42	221	#
829	1195.05	8	9	17	24	25	26	28	29	32	33	34	35	36	41	42	221	#
830	1129.9	8	16	17	18	19	24	25	26	27	32	33	34	35	42	43	221	#
831	1074.81	2	3	8	9	10	11	16	18	19	24	25	26	27	42	63	221	#
832	1051.6	10	11	17	18	24	25	26	27	34	35	42	49	50	53	61	221	#
833	280.122	45	51	52	53	60	222	#
834	368.017	35	36	43	44	51	222	#
835	347.081	44	45	52	53	61	222	#
836	345.196	44	45	52	60	61	222	#
837	338.845	44	45	51	52	53	222	#
838	336.96	44	45	51	52	60	222	#
839	84.7868	9	10	223	#
840	106.37	9	31	223	#
841	124.722	22	23	224	#
842	169.838	15	23	224	#
843	127.671	14	22	224	#
844	551.734	6	29	30	31	37	38	39	44	45	46	52	53	54	225	#
845	755.101	35	37	42	43	44	45	50	51	52	53	54	59	60	225	#
846	754.48	1	8	9	11	12	19	29	30	37	38	44	45	46	225	#
847	660.155	5	6	14	15	22	23	31	40	48	49	61	62	63	225	#
848	649.436	41	42	43	44	45	49	50	51	52	53	54	57	61	225	#
849	647.104	37	38	44	45	46	47	52	53	54	60	61	62	63	225	#
850	1303.97	10	11	12	17	18	26	27	29	30	34	37	38	43	44	45	46	50	51	52	53	54	60	61	62	226	#
851	1555.85	0	1	2	3	4	5	8	9	10	11	12	13	14	16	17	18	19	24	25	26	27	32	33	41	226	#
852	1534.35	2	3	4	5	10	11	12	13	14	18	19	20	21	22	23	28	29	30	31	36	37	44	45	46	226	#
853	1473.51	2	3	4	5	8	9	10	11	12	13	14	16	17	18	19	22	23	24	25	26	27	32	33	34	226	#
854	1456.78	14	15	20	21	22	23	28	29	30	31	35	36	37	38	41	42	43	46	50	51	53	54	59	61	226	#
855	1421.55	1	2	3	4	9	10	11	12	13	14	17	18	19	24	25	26	27	32	33	34	41	42	50	58	226	#
856	191.219	58	59	60	227	#
857	227.551	60	61	62	227	#
858	147.36	51	59	60	227	#
859	141.051	51	58	59	227	#
860	819.148	1	9	28	29	32	33	36	37	43	44	45	46	47	51	52	55	59	228	#
861	1064.12	8	9	11	16	17	18	19	24	25	26	27	32	33	40	41	44	48	228	#
862	1036.4	0	1	2	6	8	9	10	11	16	17	18	24	26	32	35	40	41	228	#
863	1022.03	4	5	6	11	12	13	14	18	19	21	22	27	28	29	30	31	36	228	#
864	972.75	1	2	3	4	9	10	11	12	17	18	19	25	26	27	32	33	41	228	#
865	944.676	1	20	23	28	29	30	31	35	36	37	41	42	43	44	46	47	51	228	#
866	421.169	8	16	24	25	26	229	#
867	474.855	8	9	16	24	25	229	#
868	420.798	9	16	17	24	25	229	#
869	384.577	1	8	9	16	24	229	#
870	306.548	16	24	35	36	43	229	#
871	232.154	25	26	36	37	57	229	#
872	469.685	2	10	17	18	25	26	27	34	55	62	63	230	#
873	685.947	8	16	17	18	24	25	26	32	33	40	48	230	#
874	678.119	11	17	18	19	24	25	26	27	32	33	34	230	#
875	603.063	36	44	45	52	53	54	59	60	61	62	63	230	#
876	550.06	36	37	38	39	44	45	46	47	53	55	63	230	#
877	531.928	3	4	9	10	11	12	13	18	19	26	27	230	#
878	144.421	11	18	19	27	46	231	#
879	147.333	10	11	17	18	19	231	#
880	143.813	4	11	13	18	19	231	#
881	131.674	11	18	19	26	27	231	#
882	171.805	9	11	12	19	232	#
883	166.742	18	19	26	27	232	#
884	144.514	4	11	12	13	232	#
885	138.907	4	10	11	18	232	#
886	375.817	30	37	38	45	46	52	53	57	233	#
887	515.784	40	48	49	50	51	57	58	59	233	#
888	492.761	14	22	30	31	38	39	46	47	233	#
889	448.793	44	45	46	47	52	53	60	61	233	#
890	409.008	37	38	39	45	46	47	52	53	233	#
891	360.574	38	39	45	46	47	53	54	61	233	#
892	422.407	35	36	44	49	51	52	57	58	59	60	234	#
893	606.302	20	28	36	37	42	43	44	45	51	52	234	#
894	606.053	33	40	41	42	48	49	56	57	58	59	234	#
895	599.003	9	17	34	35	36	37	44	45	46	52	234	#
896	584.516	0	1	9	17	25	43	51	57	58	59	234	#
897	564.828	36	37	44	45	50	51	52	53	58	59	234	#
898	785.206	1	2	3	4	6	8	9	10	11	12	13	15	16	18	19	26	27	34	35	235	#
899	1076.28	2	3	8	9	10	16	17	24	25	29	30	31	32	33	40	41	49	51	61	235	#
900	1068.91	6	26	29	34	35	36	37	38	42	43	44	45	46	51	52	53	59	60	61	235	#
901	1045.89	0	1	2	3	4	8	9	10	11	12	17	18	24	25	26	32	33	40	41	235	#
902	983.199	5	6	7	13	14	15	20	21	22	23	29	31	34	35	37	42	43	45	46	235	#
903	972.279	0	1	2	3	8	9	10	16	20	21	28	29	30	31	37	38	45	46	47	235	#
904	923.37	8	9	16	34	41	42	43	44	48	49	50	51	52	57	58	59	60	236	#
905	1104.59	16	24	32	33	35	40	41	42	43	48	49	50	52	57	58	59	60	236	#
906	1092.15	5	14	15	16	22	23	24	31	32	33	40	41	42	48	49	56	57	236	#
907	1051.6	5	6	13	14	22	23	36	37	44	45	50	51	52	58	59	60	61	236	#
908	1030.82	8	9	16	17	24	25	26	32	33	40	41	42	48	49	50	57	58	236	#
909	1020.9	8	16	17	24	25	32	33	34	40	41	42	43	48	49	50	57	58	236	#
910	64.1323	33	#
911	1417.65	25	28	29	30	33	36	37	38	41	42	43	44	45	46	49	50	51	52	53	57	58	59	60	237	#
912	1382.21	17	24	25	26	27	33	34	35	41	42	43	44	45	49	50	51	52	54	57	58	59	60	61	237	#
913	1374.03	4	8	11	16	17	18	21	24	25	26	28	29	30	31	33	34	37	38	41	42	46	49	57	237	#
914	1369.69	8	24	25	26	29	34	35	36	37	41	42	43	44	45	46	49	50	51	53	57	58	59	61	237	#
915	1359.69	18	19	25	26	27	33	34	35	36	40	41	42	43	45	48	49	50	51	52	53	57	58	59	237	#
916	1345.63	2	3	10	17	25	32	33	40	41	42	43	44	45	48	49	50	51	52	56	57	58	59	60	237	#
917	30.6951	26	34	#
918	191.823	17	25	33	238	#
919	257.684	17	24	25	238	#
920	228.103	25	33	41	238	#
921	209.71	8	9	17	238	#
922	593.087	1	8	9	10	17	18	24	25	26	27	239	#
923	771.655	8	16	17	18	19	24	25	26	27	33	239	#
924	639.766	13	16	17	18	24	25	26	33	34	41	239	#
925	602.098	1	3	9	10	11	17	18	19	25	33	239	#
926	579.634	1	8	9	10	11	12	16	17	18	19	239	#
927	567.438	0	1	9	10	17	18	19	25	26	27	239	#
928	1164.81	0	1	2	3	4	8	9	10	11	12	16	17	18	22	23	24	25	41	42	240	#
929	1390.75	5	6	7	9	15	16	17	18	19	22	23	24	25	31	32	33	42	50	58	240	#
930	1380.35	4	5	6	12	13	14	15	20	21	22	23	28	29	30	31	34	35	36	37	240	#
931	1262.33	5	6	7	12	13	14	15	22	23	41	43	45	49	50	51	52	57	58	59	240	#
932	1197.57	0	1	3	4	8	9	10	11	12	13	16	17	18	19	24	32	33	40	41	240	#
933	1173.15	0	1	4	8	9	11	16	17	18	19	24	25	27	32	33	40	41	48	49	240	#
934	1334	17	25	26	27	28	32	34	35	36	40	41	42	43	44	49	50	51	52	57	58	59	241	#
935	1504.58	6	15	20	22	23	28	29	35	36	37	42	43	44	45	51	52	53	54	58	59	61	241	#
936	1467.72	14	18	21	22	23	28	29	30	36	37	43	44	45	46	50	51	52	53	58	59	60	241	#
937	1364.93	4	5	6	12	13	14	20	21	26	27	28	29	34	35	36	37	42	43	45	46	53	241	#
938	1322.14	15	20	23	28	29	35	36	37	38	42	43	44	45	46	47	52	53	54	55	60	61	241	#
939	1299.39	8	16	18	19	24	25	26	27	32	33	34	35	40	41	42	43	48	49	50	56	58	241	#
940	770.836	0	1	2	9	10	17	18	25	26	33	41	242	#
941	865.975	10	25	28	33	36	41	44	45	49	52	53	242	#
942	773.088	1	2	8	9	10	16	17	18	24	25	26	242	#
943	707.796	0	1	4	8	9	10	11	13	16	17	18	242	#
944	700.624	8	9	16	17	18	24	25	26	27	57	58	242	#
945	688.093	8	9	10	18	25	26	28	33	35	36	43	242	#
946	573.152	37	45	46	47	53	54	55	58	59	243	#
947	678.878	29	30	32	37	46	59	60	61	62	243	#
948	627.463	30	44	45	46	51	52	53	61	62	243	#
949	582.816	30	37	38	39	45	46	47	55	63	243	#
950	536.586	25	31	33	39	45	46	47	55	62	243	#
951	504.803	44	45	49	50	51	52	53	57	58	243	#
952	364.461	14	18	35	42	43	44	45	46	53	54	244	#
953	536.269	23	28	29	31	37	38	39	46	47	54	244	#
954	430.937	44	45	46	47	52	53	54	55	61	62	244	#
955	411.446	34	36	42	43	44	45	50	51	52	59	244	#
956	408.727	44	45	46	50	51	52	53	54	59	61	244	#
957	398.247	2	3	4	10	11	18	19	26	27	34	244	#
958	280.591	12	13	14	245	#
959	265.714	11	12	13	245	#
960	253.594	4	11	12	245	#
961	541.384	20	21	28	29	36	46	246	#
962	641.024	20	21	22	28	29	36	246	#
963	612.763	15	20	21	22	23	29	246	#
964	475.399	3	11	18	19	20	21	246	#
965	445.381	28	29	37	38	39	47	246	#
966	164.254	26	27	62	247	#
967	183.748	18	26	27	247	#
968	130.025	27	35	43	247	#
969	557.66	45	52	53	59	60	61	248	#
970	528.697	45	53	54	59	60	61	248	#
971	460.241	51	53	58	59	60	61	248	#
972	454.626	44	45	51	52	53	60	248	#
973	410.974	45	50	51	52	53	54	248	#
974	314.144	29	36	37	38	45	46	248	#
975	265.28	5	13	14	249	#
976	260.066	13	61	62	249	#
977	425.69	7	15	22	23	25	30	31	38	250	#
978	528.491	9	17	18	19	25	26	32	33	250	#
979	505.615	7	15	21	22	23	30	31	39	250	#
980	482.703	7	14	15	21	22	23	30	31	250	#
981	396.175	30	37	38	44	45	46	47	52	250	#
982	395.475	6	7	15	22	23	30	31	38	250	#
983	1356.83	0	1	4	8	9	10	11	12	16	17	18	19	20	21	25	28	29	34	35	36	37	38	43	46	51	251	#
984	1598.09	6	15	17	18	20	21	22	23	24	25	26	28	29	31	32	33	34	36	37	38	39	42	44	61	62	251	#
985	1592.62	0	1	7	8	9	15	16	17	20	23	24	25	28	29	30	31	32	33	36	37	38	39	45	46	47	251	#
986	1558.38	5	6	7	14	15	22	23	28	29	30	31	35	36	37	38	39	42	43	44	45	46	47	54	55	63	251	#
987	1549.53	0	1	2	3	4	5	8	9	10	11	12	13	14	16	17	18	19	22	23	25	26	27	34	35	42	251	#
988	1543.27	0	1	8	9	11	12	16	17	18	19	24	25	26	27	28	32	33	36	37	38	40	41	45	46	49	251	#
989	1291.47	3	4	5	6	7	12	13	14	15	20	21	22	23	29	30	31	37	38	39	46	47	53	54	55	61	63	252	#
990	1692.26	17	20	21	22	23	25	30	31	33	39	40	41	42	43	44	48	49	50	51	52	54	59	60	61	62	63	252	#
991	1558.19	7	15	22	23	30	31	34	35	36	37	38	39	41	42	43	44	45	46	50	51	52	53	54	59	61	62	252	#
992	1552.08	5	6	7	14	15	20	21	22	23	24	25	28	29	30	31	35	36	39	43	44	45	50	51	52	53	60	252	#
993	1512.8	2	25	26	28	34	35	36	39	42	43	44	45	46	47	50	51	52	53	54	55	58	59	60	61	62	63	252	#
994	1475.23	4	5	6	7	9	13	14	15	17	20	21	22	23	24	25	28	29	31	32	33	36	37	39	44	47	51	252	#
995	167.478	10	18	19	26	27	253	#
996	246.843	19	24	25	26	27	253	#
997	234.765	10	11	18	19	27	253	#
998	224.698	2	9	10	17	18	253	#
999	208.422	2	10	17	18	19	253	#
1000	172.548	26	27	34	35	36	253	#
