%% File generated by CATS v.2.1Wed Jun 22 10:37:46 2022

%% The CATS webpage is http://robotics.stanford.edu/CATS

%% PARAMETER SETTINGS:
% Goods: 64; Bids: 1000; Distribution: regions; Runs: 1; Seed: 1656572962
% Regions Distribution Parameters:
% Max Substitutable Bids = 5
% Removing HV Neighbor   = 0.1
% Adding DIAG Neighbor   = 0.2
% Additional Location    = 0.9
% Jump Probability       = 0.05
% Additivity             = 0.2
% Budget Factor          = 1.5
% Resale Factor          = 0.5
% Normal Private Value:
%   Mean                 = 0
%   Standard Deviation   = 30



goods 64
bids 1005
dummy 183

0	133.071	15	23	31	#
1	126.194	30	#
2	2064.44	0	1	2	3	4	5	6	7	8	9	10	11	12	13	14	16	17	18	19	20	21	25	26	27	32	33	34	42	43	50	51	65	#
3	2184.08	3	4	5	6	7	8	10	11	12	13	14	15	16	17	19	20	21	22	23	24	28	29	30	31	32	36	37	39	45	47	55	65	#
4	2162.73	1	2	3	4	5	8	9	10	11	12	13	16	17	18	19	20	21	22	24	25	26	28	29	30	32	35	38	39	61	62	63	65	#
5	2162.46	0	1	2	3	4	5	6	7	8	9	10	11	12	13	14	16	17	18	19	20	21	22	24	25	26	28	30	32	33	34	36	65	#
6	2093.57	0	1	2	3	4	5	6	7	8	9	10	11	12	13	14	16	17	18	19	20	22	25	26	29	30	33	35	39	46	47	54	65	#
7	2075.62	1	2	3	4	5	6	7	8	9	10	11	12	14	16	17	18	19	22	25	26	27	33	34	35	41	42	43	44	45	51	52	65	#
8	253.942	5	6	7	15	23	31	38	39	66	#
9	375.294	24	30	31	37	38	39	46	60	66	#
10	364.146	6	7	15	23	30	31	49	50	66	#
11	347.503	15	23	31	39	42	47	50	51	66	#
12	326.469	22	30	31	38	39	46	47	54	66	#
13	295.413	4	5	6	7	12	15	23	31	66	#
14	495.666	8	9	10	16	17	67	#
15	467.071	9	16	17	24	25	67	#
16	435.26	2	3	10	16	17	67	#
17	425.55	1	8	9	16	17	67	#
18	415.548	8	16	17	18	26	67	#
19	381.53	8	9	10	17	26	67	#
20	379.378	16	24	32	40	48	68	#
21	410.002	40	41	42	49	50	68	#
22	385.26	24	32	33	40	41	68	#
23	370.396	32	33	34	40	58	68	#
24	359.262	40	41	42	48	49	68	#
25	270.302	10	16	17	18	25	68	#
26	38.4588	14	#
27	820.273	1	8	16	17	18	19	24	25	26	32	33	34	35	41	42	43	51	59	69	#
28	1196.17	8	9	10	17	18	19	24	25	26	27	32	33	34	40	41	42	49	50	69	#
29	1127.61	2	3	8	9	10	11	16	17	18	24	25	32	33	34	40	41	48	49	69	#
30	1111.2	17	24	25	26	27	28	32	33	34	35	36	40	41	42	43	48	49	50	69	#
31	1108.4	3	4	5	7	10	11	16	17	18	19	24	25	26	27	33	34	41	50	69	#
32	1098.57	3	8	9	10	11	16	17	18	24	25	26	27	32	33	34	40	41	50	69	#
33	245.891	17	18	25	26	33	34	42	70	#
34	353.201	25	26	33	34	41	42	51	70	#
35	352.895	3	10	18	25	26	34	35	70	#
36	319.476	3	8	10	11	16	17	18	70	#
37	143.557	23	31	39	71	#
38	204.931	23	30	31	71	#
39	146.639	38	#
40	191.799	41	49	57	72	#
41	245.022	41	42	49	72	#
42	135.81	56	57	58	72	#
43	515.929	26	34	41	42	50	51	57	58	59	73	#
44	639.598	42	49	50	51	52	57	58	59	60	73	#
45	625.099	35	36	42	43	44	51	52	53	54	73	#
46	566.813	40	41	42	48	49	50	56	57	58	73	#
47	564.935	34	42	49	50	51	56	57	58	59	73	#
48	563.704	9	10	16	17	18	19	25	26	35	73	#
49	116.645	8	9	74	#
50	160.711	9	17	74	#
51	262.067	2	10	11	19	75	#
52	381.124	0	2	9	10	75	#
53	235.517	3	10	11	18	75	#
54	212.154	0	1	2	3	75	#
55	199.742	3	11	19	26	75	#
56	169.478	58	59	76	#
57	88.0822	51	59	76	#
58	211.822	17	26	77	#
59	170.471	17	18	77	#
60	151.638	19	26	77	#
61	403.277	12	13	14	22	30	78	#
62	393.064	6	13	14	21	22	78	#
63	356.951	13	14	20	21	22	78	#
64	341.329	3	4	5	6	12	78	#
65	328.928	6	7	13	14	22	78	#
66	310.24	22	23	30	31	39	78	#
67	527.277	14	21	22	29	30	38	39	43	46	51	52	53	54	55	60	61	62	63	79	#
68	786.19	0	1	8	9	10	16	17	22	30	31	38	39	44	46	47	53	54	55	79	#
69	777.166	18	20	23	26	27	28	29	30	31	35	36	37	38	43	44	45	52	60	79	#
70	744.081	3	4	10	11	12	13	14	20	21	22	28	29	31	37	38	39	45	46	79	#
71	722.824	18	24	26	27	32	33	38	40	41	46	47	48	49	54	55	56	57	62	79	#
72	722.628	12	23	30	31	36	37	38	44	46	47	53	54	55	59	60	61	62	63	79	#
73	229.463	11	12	13	19	80	#
74	214.481	12	13	20	21	80	#
75	203.551	11	17	18	19	80	#
76	187.904	11	12	13	21	80	#
77	89.8958	2	3	11	12	80	#
78	123.272	17	25	81	#
79	181.238	17	26	81	#
80	754.888	6	16	17	18	24	25	26	33	34	35	41	42	50	58	82	#
81	929.957	8	9	16	17	24	25	26	27	32	35	36	37	42	43	82	#
82	921.289	26	34	41	42	43	48	49	50	51	52	57	59	62	63	82	#
83	917.964	41	42	49	50	51	52	53	56	57	58	59	60	61	62	82	#
84	830.433	0	1	8	9	10	11	16	17	18	19	25	26	27	34	82	#
85	815.225	40	41	42	43	44	48	49	50	51	52	57	58	59	60	82	#
86	463.683	8	9	17	25	26	27	34	83	#
87	496.197	3	4	10	11	16	17	18	83	#
88	463.595	8	9	17	26	33	34	35	83	#
89	457.842	1	8	9	10	11	17	18	83	#
90	456.135	8	16	17	24	25	26	34	83	#
91	426.608	17	19	25	26	27	36	37	83	#
92	587.301	26	33	36	41	42	49	50	84	#
93	574.752	34	41	42	49	50	57	58	84	#
94	570.148	27	28	29	30	36	37	44	84	#
95	539.54	32	33	40	41	42	48	50	84	#
96	534.817	16	17	24	25	26	27	36	84	#
97	367.196	8	9	17	25	26	33	34	84	#
98	2245.25	2	7	8	9	10	12	13	14	15	16	17	18	19	20	21	22	23	24	25	26	27	28	29	30	31	32	33	34	35	36	38	39	40	42	43	44	46	47	85	#
99	2388.96	2	3	5	6	7	8	9	10	11	14	15	16	17	18	19	22	23	24	25	26	27	32	33	34	35	36	40	41	42	43	44	45	48	50	52	53	56	58	85	#
100	2373.05	17	21	24	25	26	27	29	30	31	32	33	34	35	36	37	38	39	40	41	42	43	44	45	47	48	49	50	51	52	53	55	56	57	59	60	61	62	63	85	#
101	2316.59	3	4	5	6	7	11	12	13	14	18	19	21	22	24	25	26	27	29	30	31	34	35	36	42	43	44	45	50	51	52	53	55	58	59	60	61	62	63	85	#
102	2291.63	1	2	3	4	5	6	7	8	9	10	15	16	17	18	19	23	24	25	26	31	32	33	34	40	41	42	43	44	45	48	49	50	51	52	53	58	59	60	85	#
103	2282.6	0	1	2	3	8	9	10	11	16	17	18	19	20	24	25	26	27	28	29	30	32	33	34	35	36	37	38	40	41	42	43	44	45	48	49	50	58	59	85	#
104	208.088	26	34	86	#
105	228.879	19	26	86	#
106	145.805	12	41	87	#
107	203.836	4	12	87	#
108	132.303	41	49	87	#
109	225.277	20	29	30	38	39	88	#
110	290.979	22	29	30	36	37	88	#
111	241.16	23	29	30	31	38	88	#
112	141.731	39	43	44	46	47	88	#
113	103.785	20	21	22	28	29	88	#
114	270.054	48	49	56	57	58	59	89	#
115	376.816	4	12	13	20	21	57	89	#
116	323.658	9	42	43	51	59	60	89	#
117	314.999	41	48	49	50	57	58	89	#
118	263.741	32	40	48	49	50	56	89	#
119	147.254	6	40	48	49	56	57	89	#
120	232.273	13	20	21	22	90	#
121	243.658	12	13	21	29	90	#
122	179.111	13	14	21	29	90	#
123	155.444	6	14	21	22	90	#
124	111.455	37	#
125	110.619	41	50	#
126	357.785	49	50	56	57	58	59	91	#
127	427.716	41	48	49	50	56	58	91	#
128	360.578	17	26	27	48	49	57	91	#
129	358.078	40	41	48	49	56	57	91	#
130	350.228	2	3	4	50	58	59	91	#
131	258.485	40	48	56	57	58	59	91	#
132	1553.85	3	10	17	18	19	26	27	33	34	35	36	41	42	43	44	49	50	51	52	53	59	60	61	92	#
133	1598.44	17	25	26	27	29	34	35	36	37	40	41	42	43	44	45	48	49	51	52	53	58	59	60	92	#
134	1568.96	34	35	36	37	41	42	43	44	45	49	50	51	52	53	54	56	57	58	59	60	61	62	63	92	#
135	1562.65	8	12	16	17	20	24	25	26	27	29	35	36	37	43	44	45	51	53	54	59	60	61	62	92	#
136	1530.87	27	34	35	36	41	42	43	44	45	46	49	50	51	52	53	54	55	58	59	60	61	62	63	92	#
137	1509.43	29	34	35	37	41	42	43	44	45	48	49	50	51	52	53	54	55	56	57	58	59	60	61	92	#
138	377.54	30	38	46	54	55	62	63	93	#
139	495.666	52	53	54	55	60	61	62	93	#
140	379.031	46	47	53	54	55	62	63	93	#
141	337.389	38	46	53	54	55	61	62	93	#
142	321.563	29	30	31	37	38	46	47	93	#
143	298.39	3	7	41	53	54	55	62	93	#
144	877.854	18	20	24	26	27	32	33	34	40	41	42	48	49	50	51	56	57	58	59	94	#
145	1189.74	8	10	11	12	16	17	20	24	25	26	27	33	34	35	36	37	41	50	58	94	#
146	1096.97	7	8	9	10	11	12	15	17	18	19	20	24	25	26	27	33	34	35	43	94	#
147	1065.32	10	17	25	26	27	33	34	35	36	41	42	43	44	49	50	51	53	54	60	94	#
148	1025.75	9	16	17	18	19	24	25	26	27	28	32	33	34	35	36	37	42	43	44	94	#
149	1003.95	20	26	27	28	29	33	34	35	36	37	40	42	44	48	53	54	55	61	62	94	#
150	711.467	8	10	16	17	18	19	25	26	32	33	34	35	95	#
151	898.266	8	9	16	17	18	19	25	26	27	35	36	37	95	#
152	853.697	8	9	16	17	18	25	34	35	42	43	51	52	95	#
153	835.954	18	26	27	29	30	35	36	37	45	51	59	60	95	#
154	787.966	9	10	17	18	19	25	26	27	28	33	35	36	95	#
155	777.201	2	8	9	10	11	16	17	18	19	24	25	26	95	#
156	2668.91	8	9	17	18	19	24	25	26	27	28	29	30	31	32	33	34	35	36	37	38	39	41	42	43	44	45	46	47	49	50	51	52	53	54	55	57	58	59	60	61	62	63	96	#
157	2990.29	3	4	5	8	9	10	11	12	13	16	17	18	19	21	24	25	26	27	28	29	30	32	33	34	35	36	37	38	39	41	42	43	44	45	46	49	50	51	52	58	60	61	96	#
158	2900.66	0	2	3	4	8	10	11	17	18	20	21	24	25	26	27	28	29	30	32	33	34	35	36	37	38	41	42	43	44	45	46	49	50	51	52	53	56	57	58	59	60	61	96	#
159	2864.67	2	3	4	8	9	10	11	12	13	17	18	19	20	21	25	26	27	28	29	33	34	35	36	37	38	39	41	42	43	44	45	46	49	50	51	52	53	57	58	60	61	62	96	#
160	2857.96	2	3	10	11	17	18	19	24	25	26	27	28	29	30	32	33	34	35	36	37	38	39	40	41	42	43	44	45	46	47	48	49	50	51	52	53	55	58	60	61	62	63	96	#
161	2829.68	0	1	2	3	4	5	9	10	11	12	13	17	18	19	25	26	27	32	33	34	35	36	40	41	42	43	44	45	46	48	49	50	51	52	53	54	55	57	58	60	61	62	96	#
162	195.522	62	63	97	#
163	160.114	54	62	97	#
164	90.7688	63	#
165	141.949	23	30	31	#
166	1950.12	1	2	3	4	6	7	8	9	10	11	12	13	14	16	17	18	19	20	21	22	24	25	26	27	28	29	32	33	34	35	36	40	41	42	43	44	45	48	50	51	52	58	59	60	99	#
167	2460.63	1	2	3	4	8	9	10	11	16	17	18	19	20	21	24	25	26	27	28	32	33	34	35	36	37	40	41	43	44	45	48	49	50	51	52	53	54	55	56	57	58	60	61	63	99	#
168	2460.33	0	3	4	5	6	7	8	9	10	12	13	16	17	18	20	22	24	25	26	27	28	30	32	33	35	36	37	38	40	41	43	44	48	49	50	51	52	53	56	57	58	59	60	61	99	#
169	2397.08	0	1	2	3	8	9	10	16	17	18	19	23	24	25	26	27	29	32	33	34	35	37	38	40	41	42	43	44	45	48	49	50	51	52	53	54	55	56	57	58	59	60	61	63	99	#
170	2396.96	0	1	2	3	4	5	8	9	10	11	12	13	14	16	17	18	19	20	21	22	24	25	26	27	28	32	33	34	35	36	37	38	39	43	44	45	47	52	53	54	55	61	62	63	99	#
171	2392.88	4	5	8	9	10	11	12	13	16	17	18	19	20	21	24	25	26	27	28	29	32	33	34	35	36	37	38	39	40	41	43	44	45	47	48	49	51	52	53	54	56	57	60	61	99	#
172	282.035	41	42	49	50	100	#
173	217.793	41	48	49	57	100	#
174	211.245	42	43	50	51	100	#
175	196.14	41	42	43	50	100	#
176	192.09	33	40	41	49	100	#
177	707.648	8	9	16	17	18	19	24	26	34	35	42	101	#
178	768.236	8	9	16	24	32	40	41	42	45	48	49	101	#
179	673.625	13	14	22	25	30	34	35	36	37	42	50	101	#
180	673.208	8	9	17	18	19	26	27	32	33	35	40	101	#
181	643.553	10	17	18	26	27	33	34	36	41	48	49	101	#
182	634.181	0	1	2	3	8	9	10	16	17	18	26	101	#
183	1293.65	0	1	2	3	4	5	9	10	11	12	16	17	18	19	20	24	25	26	32	33	34	35	41	42	58	102	#
184	1509.74	0	1	2	3	4	5	8	9	10	11	12	13	16	17	19	20	21	24	25	26	27	32	33	34	36	102	#
185	1453.14	0	1	2	3	4	8	9	10	11	12	16	17	18	19	24	25	26	27	32	33	34	41	42	50	58	102	#
186	1408.2	0	1	2	3	4	5	6	7	9	10	11	12	13	14	20	21	22	29	30	43	44	52	53	54	61	102	#
187	1401.32	0	1	8	9	10	11	16	17	24	25	26	27	32	33	34	35	40	41	48	51	52	56	60	61	62	102	#
188	1398.25	0	1	2	3	8	9	10	11	16	17	18	19	24	25	26	27	32	33	35	36	43	44	45	52	53	102	#
189	524.114	40	41	42	48	49	50	51	59	103	#
190	702.877	42	49	50	51	52	59	60	61	103	#
191	660.047	32	40	41	42	48	49	50	58	103	#
192	634.714	42	43	50	51	52	58	60	61	103	#
193	598.254	41	42	48	49	50	57	58	59	103	#
194	596.362	24	32	33	40	41	49	50	57	103	#
195	2977.77	2	3	4	5	6	8	9	10	11	12	13	14	16	17	18	19	20	21	22	24	25	26	27	28	29	30	31	32	33	34	35	36	37	38	39	40	41	42	43	44	45	46	47	48	49	50	51	52	53	54	55	56	57	58	59	60	61	62	63	104	#
196	3118.43	0	1	2	3	4	5	6	7	8	9	10	11	12	13	14	16	17	18	19	20	21	22	24	25	26	27	28	29	30	32	33	34	35	36	37	38	39	40	41	42	43	44	45	46	47	48	49	50	51	52	53	54	56	57	58	59	60	61	62	104	#
197	3094.96	0	1	2	3	4	5	6	7	8	9	10	11	12	13	14	15	16	17	18	19	20	21	22	24	25	26	27	28	29	30	32	33	34	35	36	37	38	40	41	42	43	44	45	46	47	48	49	50	51	52	53	54	56	57	58	59	60	61	62	104	#
198	3094.95	0	1	2	3	4	5	8	9	10	11	12	13	14	16	17	18	19	20	21	22	24	25	26	27	28	29	30	32	33	34	35	36	37	38	39	40	41	42	43	44	45	46	47	48	49	50	51	52	53	54	55	56	57	58	59	60	61	62	63	104	#
199	3092.26	0	1	2	3	4	5	6	8	9	10	11	12	13	14	15	16	17	18	19	20	21	22	24	25	26	27	28	29	30	32	33	34	35	36	37	38	39	40	41	42	43	44	45	46	47	48	49	50	51	52	53	54	56	57	58	59	60	61	62	104	#
200	3074.7	0	1	2	3	4	8	9	10	11	12	15	16	17	18	19	20	21	22	23	24	25	26	27	28	29	30	31	32	33	34	35	36	37	38	39	40	41	42	43	44	45	46	47	48	49	50	51	52	53	54	55	56	57	58	59	60	61	62	63	104	#
201	789.082	18	25	26	33	34	35	41	49	50	58	59	105	#
202	895.502	16	17	24	25	26	27	32	33	34	35	36	105	#
203	844.628	9	10	11	17	18	25	26	27	33	34	35	105	#
204	828.926	9	10	17	18	26	33	34	35	36	43	51	105	#
205	811.159	34	35	36	40	41	42	49	50	51	58	59	105	#
206	753.959	26	33	34	35	40	41	42	43	49	50	58	105	#
207	539.141	28	29	36	37	44	45	53	106	#
208	483.51	17	25	42	43	44	45	52	106	#
209	468.751	14	36	44	52	53	61	62	106	#
210	414.637	20	28	29	36	37	38	45	106	#
211	405.536	29	30	31	36	37	38	39	106	#
212	369.561	20	27	28	32	33	36	44	106	#
213	480.634	29	38	39	46	47	53	54	55	61	62	63	107	#
214	717.996	15	36	44	51	53	54	55	60	61	62	63	107	#
215	701.977	36	43	44	46	51	52	53	54	59	61	62	107	#
216	676.829	36	44	45	46	47	52	53	54	55	61	62	107	#
217	621.313	32	40	46	47	48	53	54	55	61	62	63	107	#
218	585.51	29	30	37	38	41	46	50	51	57	58	59	107	#
219	754.369	24	25	26	28	31	33	34	35	36	37	39	42	43	44	47	108	#
220	1000.94	9	22	26	27	28	29	30	34	35	36	37	42	43	44	51	108	#
221	980.391	19	26	27	29	30	34	35	36	37	38	39	42	46	47	60	108	#
222	915.563	11	17	18	19	25	26	27	33	34	35	41	42	43	49	50	108	#
223	889.099	8	9	10	11	16	17	18	19	24	25	26	32	33	34	41	108	#
224	866.352	12	13	20	21	22	28	29	30	31	38	39	46	53	54	55	108	#
225	399.201	13	14	21	22	29	30	109	#
226	473.219	12	13	21	22	29	30	109	#
227	450.623	13	21	29	30	38	39	109	#
228	413.295	14	22	28	29	30	38	109	#
229	302.733	6	13	14	21	22	62	109	#
230	296.272	3	12	13	20	21	29	109	#
231	359.677	1	9	10	11	19	27	110	#
232	360.982	1	3	9	10	11	19	110	#
233	327.182	2	9	10	11	16	17	110	#
234	318.756	3	4	11	12	13	19	110	#
235	317.015	1	9	17	41	50	58	110	#
236	310.479	1	2	9	10	48	49	110	#
237	345.966	39	46	47	53	54	55	61	62	63	111	#
238	501.967	35	43	44	52	55	60	61	62	63	111	#
239	495.316	38	46	47	52	55	60	61	62	63	111	#
240	446.053	22	29	30	31	38	39	46	47	55	111	#
241	403.846	36	43	44	52	53	54	55	62	63	111	#
242	391.243	46	47	54	55	57	58	61	62	63	111	#
243	738.935	1	2	8	9	10	11	17	18	19	25	26	34	38	46	54	112	#
244	1059.25	2	3	4	8	10	11	12	13	17	18	19	27	35	36	44	112	#
245	994.513	2	3	8	9	10	11	16	17	18	19	24	26	32	35	43	112	#
246	989.081	1	2	3	4	5	8	10	11	16	17	18	19	24	26	38	112	#
247	946.243	0	1	2	3	4	5	8	9	10	11	12	17	18	20	21	112	#
248	928.647	22	30	31	35	36	37	38	45	46	47	54	55	60	62	63	112	#
249	316.668	42	43	50	52	60	113	#
250	354.149	43	44	45	52	53	113	#
251	328.414	27	35	43	44	52	113	#
252	285.381	42	43	50	51	58	113	#
253	245.286	43	52	53	54	60	113	#
254	114.55	33	34	41	42	51	113	#
255	251.425	44	53	54	61	114	#
256	316.155	44	52	53	61	114	#
257	244.655	53	54	55	61	114	#
258	230.222	47	55	61	62	114	#
259	217.13	43	44	52	53	114	#
260	93.8119	21	29	115	#
261	73.7364	28	29	115	#
262	534.068	10	11	12	17	18	19	26	34	116	#
263	515.095	17	18	19	26	44	45	52	53	116	#
264	462.553	6	11	12	13	14	19	20	28	116	#
265	438.491	0	1	2	8	10	16	17	25	116	#
266	435.371	3	4	11	12	19	20	25	26	116	#
267	402.745	3	10	17	18	19	25	26	27	116	#
268	260.45	16	24	25	32	40	117	#
269	366.534	10	17	18	25	26	117	#
270	311.021	32	40	48	49	56	117	#
271	303.25	19	26	27	32	33	117	#
272	302.927	9	16	17	24	25	117	#
273	293.185	8	16	24	25	32	117	#
274	425.028	4	11	12	28	29	37	45	118	#
275	561.593	3	9	10	11	16	17	18	118	#
276	504.586	21	29	30	36	37	44	45	118	#
277	486.643	3	4	5	10	12	13	21	118	#
278	474.456	4	5	10	11	12	13	21	118	#
279	463.65	27	29	35	36	37	44	45	118	#
280	387.523	18	25	26	27	34	42	119	#
281	377.021	25	26	33	34	41	49	119	#
282	370.393	19	24	25	26	27	36	119	#
283	301.787	17	18	19	24	25	26	119	#
284	295.921	18	24	25	26	33	41	119	#
285	291.121	8	9	17	18	24	25	119	#
286	721.703	2	3	4	5	9	10	12	13	17	20	21	120	#
287	794.548	12	14	20	21	22	28	29	30	38	57	58	120	#
288	751.732	2	3	4	5	9	10	11	12	20	21	22	120	#
289	694.83	1	2	3	4	9	10	12	17	18	19	26	120	#
290	660.382	0	1	3	4	5	9	10	17	19	26	35	120	#
291	628.627	2	3	4	12	13	14	20	21	28	29	38	120	#
292	577.514	17	18	24	25	26	33	34	35	41	43	49	50	121	#
293	730.386	27	35	36	42	43	44	52	53	54	55	61	63	121	#
294	664.174	33	35	40	41	42	43	44	49	50	52	57	58	121	#
295	651.842	17	18	25	26	27	29	35	36	37	39	43	52	121	#
296	621.797	18	26	33	34	41	42	49	50	51	52	57	58	121	#
297	619.631	8	9	10	16	17	24	25	32	33	34	40	41	121	#
298	947.72	35	40	41	42	43	44	45	48	49	50	51	52	56	57	58	60	122	#
299	1076.52	27	34	35	36	41	42	43	48	49	50	51	52	53	56	58	60	122	#
300	1073.18	27	34	35	36	38	39	40	41	42	43	44	51	52	53	60	61	122	#
301	1044.65	26	27	35	36	37	41	42	43	44	45	50	51	52	53	59	60	122	#
302	1041.37	19	26	27	34	41	42	43	49	50	51	52	57	58	59	60	61	122	#
303	1027.67	19	26	27	32	33	35	40	41	42	43	51	52	57	58	59	60	122	#
304	84.441	53	#
305	198.865	1	2	3	10	123	#
306	289.385	3	9	10	18	123	#
307	244.113	9	10	11	19	123	#
308	225.014	1	2	3	9	123	#
309	126.847	1	2	3	11	123	#
310	3072.65	1	2	3	4	8	9	10	11	12	16	17	18	19	20	24	25	26	27	28	29	32	33	34	35	36	37	38	39	40	41	42	43	44	45	46	47	48	49	50	51	52	53	54	55	56	57	58	60	124	#
311	3320.96	1	2	3	4	6	8	9	10	11	12	13	14	16	17	18	19	20	24	25	26	27	28	29	32	33	34	35	36	37	40	41	42	43	44	45	48	49	50	51	52	53	56	58	59	60	61	62	63	124	#
312	3299.87	1	2	3	8	9	10	11	12	16	17	18	19	20	21	22	24	25	26	27	28	29	30	32	33	34	35	36	37	38	39	40	41	42	43	48	49	50	51	52	53	55	56	58	59	60	61	62	63	124	#
313	3262.15	0	1	2	3	8	9	11	12	16	17	18	19	20	21	24	25	26	27	28	29	30	32	33	34	35	36	37	38	40	41	42	43	44	45	46	48	49	50	51	52	53	56	57	58	60	61	62	63	124	#
314	3258.88	1	2	3	4	8	9	10	11	12	16	17	18	19	20	21	22	24	25	26	27	28	29	30	32	33	34	35	36	37	38	39	40	41	42	43	44	48	49	50	51	52	53	56	57	60	61	62	63	124	#
315	3240.85	0	1	2	3	4	5	8	9	10	11	12	13	16	17	18	19	24	25	26	27	28	29	32	33	34	35	36	37	38	40	41	42	43	44	45	46	48	49	50	51	52	53	56	57	58	59	60	61	124	#
316	257.146	13	20	21	34	125	#
317	380.388	3	4	12	13	125	#
318	330.942	21	28	29	38	125	#
319	282.87	13	20	21	28	125	#
320	259.896	18	19	26	34	125	#
321	117.212	58	#
322	1345.64	17	20	21	22	26	28	29	33	34	35	36	37	38	44	45	51	52	53	58	59	126	#
323	1348.11	19	26	27	33	34	35	37	38	40	41	42	43	44	45	48	50	51	52	53	63	126	#
324	1344.16	18	26	27	34	35	36	41	42	43	44	45	50	51	52	53	58	59	60	61	62	126	#
325	1337.9	20	26	27	28	29	34	35	36	37	38	39	42	43	44	45	47	52	53	55	61	126	#
326	1331.12	4	5	10	11	12	20	21	27	28	29	30	34	35	36	43	44	45	52	53	60	126	#
327	1324.3	17	25	26	27	28	29	32	33	34	35	36	40	41	42	43	44	48	51	52	53	126	#
328	983.027	2	10	11	15	20	22	23	26	28	29	30	31	34	35	36	38	39	44	127	#
329	1075.88	8	16	21	26	27	28	29	30	31	35	36	37	38	39	43	46	51	59	127	#
330	1071.67	13	21	22	28	29	30	35	36	37	38	39	43	44	45	46	50	51	52	127	#
331	1031.37	3	6	10	11	17	18	19	26	31	33	34	35	39	43	44	51	52	53	127	#
332	1019.88	0	1	2	3	8	9	10	11	16	17	18	19	24	26	32	40	41	48	127	#
333	1019.83	6	13	14	20	21	22	26	27	28	29	30	34	35	36	37	38	43	52	127	#
334	534.432	0	17	24	26	32	33	34	128	#
335	475.531	16	23	24	25	32	33	40	128	#
336	446.551	0	1	8	10	17	24	25	128	#
337	408.144	24	25	32	33	34	40	41	128	#
338	406.026	17	26	27	33	34	35	63	128	#
339	326.166	2	10	17	18	19	26	34	128	#
340	120.831	28	36	129	#
341	122.126	36	37	129	#
342	57.9457	48	#
343	432.676	22	29	30	36	37	45	130	#
344	457.405	29	30	36	37	44	45	130	#
345	394.05	28	35	36	37	44	45	130	#
346	313.577	21	22	29	36	37	38	130	#
347	300.964	29	36	37	38	41	49	130	#
348	261.587	14	21	22	29	30	31	130	#
349	1632.51	1	2	4	5	6	7	12	13	14	15	20	21	22	28	29	30	31	36	37	38	39	40	46	47	48	49	54	57	58	131	#
350	1986.65	1	2	3	4	5	6	8	9	10	11	12	13	14	16	17	18	19	20	21	22	24	25	26	28	36	40	48	49	50	131	#
351	1932.51	0	1	2	3	4	8	9	10	11	12	13	14	16	17	18	19	20	21	22	24	25	26	28	34	35	36	42	50	61	131	#
352	1859.79	0	1	2	3	4	5	8	9	10	11	12	13	16	17	18	19	20	24	25	26	32	34	40	48	52	54	56	57	58	131	#
353	1854.7	1	2	3	4	5	6	7	9	10	11	12	13	14	15	16	17	18	20	21	22	25	28	29	30	31	37	38	39	46	131	#
354	1854.55	1	2	3	4	5	6	8	9	10	11	12	13	14	16	17	18	19	20	21	22	28	29	30	36	37	38	39	45	46	131	#
355	1402.05	10	11	12	17	18	19	20	25	26	27	28	29	33	34	35	36	37	41	42	43	44	50	51	52	56	57	60	132	#
356	1741.37	0	1	9	16	17	24	25	26	27	30	31	32	33	34	35	40	41	42	43	44	48	49	50	52	56	57	58	132	#
357	1738.8	6	9	10	16	17	21	22	25	26	29	33	34	36	37	38	41	42	43	44	45	50	51	52	53	59	60	61	132	#
358	1717.27	3	4	10	11	12	13	16	17	18	19	20	21	24	25	26	27	32	33	34	35	36	37	41	42	45	49	50	132	#
359	1710.27	0	1	3	5	8	9	10	16	17	18	19	24	25	26	27	28	33	34	35	36	40	41	42	43	44	50	53	132	#
360	1694.63	10	11	16	17	18	19	24	25	26	27	32	33	34	35	36	37	40	41	42	43	44	48	49	50	52	53	56	132	#
361	203.175	54	61	62	133	#
362	242.015	61	62	63	133	#
363	204.443	53	60	61	133	#
364	199.287	46	53	54	133	#
365	1412.69	24	25	26	27	28	32	33	34	35	36	40	41	42	43	44	47	50	51	52	53	54	55	57	58	60	61	62	63	134	#
366	1875.66	8	9	10	16	17	24	25	27	32	33	34	35	36	37	38	40	41	42	43	44	45	48	49	51	52	53	57	61	134	#
367	1814.13	15	23	32	33	34	36	37	39	41	42	43	44	45	47	48	49	50	51	52	53	55	57	58	59	60	61	62	63	134	#
368	1722.73	1	9	10	11	12	13	16	17	18	19	20	21	24	25	26	27	32	33	34	35	36	40	41	42	43	51	52	53	134	#
369	1673.85	22	27	30	32	33	34	35	36	40	41	42	43	44	45	46	49	51	52	53	54	55	57	58	59	60	61	62	63	134	#
370	1664.09	10	11	17	18	19	26	27	29	32	33	34	35	36	37	38	39	40	41	42	43	47	49	50	51	52	57	58	59	134	#
371	276.605	7	15	23	31	135	#
372	281.682	23	30	31	39	135	#
373	252.464	30	31	39	47	135	#
374	181.535	6	7	15	23	135	#
375	149.946	6	7	15	20	135	#
376	630.892	8	10	16	17	18	24	25	32	40	136	#
377	686.057	8	9	10	16	17	18	24	25	26	136	#
378	641.417	2	3	8	9	10	16	17	26	50	136	#
379	640.23	3	8	10	16	17	18	25	26	61	136	#
380	638.504	8	16	17	18	19	24	25	26	27	136	#
381	574.811	0	1	2	9	10	17	18	26	27	136	#
382	1904.24	3	10	16	17	18	24	26	29	31	32	33	34	35	38	39	40	41	42	43	44	46	47	48	49	50	51	52	53	54	55	56	57	58	59	60	61	62	63	137	#
383	2100.14	0	9	10	11	12	14	17	18	19	22	25	26	29	30	31	32	33	36	37	38	39	40	41	42	43	44	46	47	48	49	51	52	54	55	56	57	58	62	137	#
384	2096.34	9	15	16	17	20	21	22	23	24	25	27	28	29	30	31	32	33	35	36	37	38	39	40	41	42	46	47	48	49	50	51	54	55	56	57	58	59	62	137	#
385	2089.08	0	1	2	3	4	5	6	9	10	11	12	13	14	16	17	18	19	20	21	22	24	25	26	28	29	32	33	35	38	39	40	41	42	49	50	51	57	59	137	#
386	2075.03	0	1	9	10	11	14	15	16	17	18	19	20	21	22	23	24	25	26	27	28	32	33	34	35	36	37	38	40	41	42	43	44	45	49	51	52	53	60	137	#
387	2071.95	2	3	4	5	6	7	8	9	10	11	12	13	14	15	16	17	18	19	20	23	24	25	26	27	32	33	34	35	36	40	41	42	49	50	51	57	58	59	137	#
388	310.315	20	21	22	29	30	138	#
389	380.327	22	29	30	38	39	138	#
390	321.343	11	12	20	21	22	138	#
391	287.052	23	29	30	31	38	138	#
392	229.58	21	28	29	30	38	138	#
393	228.111	12	20	21	28	29	138	#
394	270.362	16	24	32	41	42	139	#
395	325.75	26	33	34	40	41	139	#
396	310.066	2	9	10	16	17	139	#
397	292.416	32	33	40	41	48	139	#
398	244.402	16	17	24	25	33	139	#
399	237.521	42	43	44	51	52	139	#
400	1002.07	2	3	4	10	11	19	34	40	42	48	49	50	51	56	57	58	59	60	61	62	140	#
401	1076.26	9	10	14	16	17	19	22	24	25	26	34	35	43	44	45	51	52	53	60	61	140	#
402	1020.69	21	22	29	30	37	38	39	41	42	43	48	49	50	51	52	57	58	59	60	61	140	#
403	999.046	25	26	33	37	40	41	42	43	44	45	48	49	50	51	52	55	57	58	60	62	140	#
404	971.697	1	2	3	4	6	9	10	11	12	13	14	15	17	19	21	22	23	29	42	43	140	#
405	934.778	0	1	8	9	10	16	17	18	25	26	36	43	44	52	53	54	55	60	61	62	140	#
406	248.058	21	29	30	37	38	141	#
407	363.191	12	13	20	21	22	141	#
408	314.194	22	30	31	38	39	141	#
409	287.452	21	22	29	30	38	141	#
410	213.116	29	30	37	38	46	141	#
411	1442.53	11	12	13	15	20	21	23	25	26	27	28	29	30	31	36	37	38	39	43	44	45	46	47	49	52	59	142	#
412	1605	0	1	2	3	4	5	9	10	11	12	13	16	17	19	24	25	26	27	28	29	32	33	34	36	37	42	142	#
413	1599.06	3	10	11	16	17	18	19	25	26	27	32	33	34	35	36	37	40	41	42	43	44	48	49	51	52	60	142	#
414	1565.71	1	2	9	11	12	13	17	18	19	20	21	22	25	26	27	28	29	32	33	34	35	36	37	38	45	50	142	#
415	1548.07	17	18	24	26	32	33	34	35	36	40	41	42	43	44	48	49	50	51	52	53	54	56	58	59	60	62	142	#
416	1533.23	13	17	21	22	25	26	28	29	31	35	36	37	38	39	40	41	42	43	44	45	46	47	48	49	52	54	142	#
417	167.16	34	35	36	143	#
418	220.941	35	41	50	143	#
419	127.489	25	26	34	143	#
420	105.408	6	28	36	143	#
421	689.103	6	14	20	21	22	28	29	30	37	38	41	42	50	144	#
422	923.957	1	8	9	10	17	22	25	26	28	29	30	38	39	144	#
423	861.145	0	1	2	3	9	10	11	17	27	28	36	37	44	144	#
424	812.927	6	12	13	14	21	22	29	30	31	37	38	39	45	144	#
425	808.104	6	7	12	13	14	20	21	22	28	29	30	38	39	144	#
426	787.674	13	15	21	22	23	28	29	30	31	37	38	39	45	144	#
427	855.927	24	25	26	27	33	34	35	36	41	42	44	45	50	145	#
428	1006.88	34	35	41	42	43	48	49	50	51	52	58	59	60	145	#
429	983.49	21	22	27	29	30	31	35	36	37	38	39	44	45	145	#
430	980.71	16	24	26	27	32	33	34	35	36	40	41	48	49	145	#
431	975.335	16	26	27	34	35	36	42	43	44	51	52	60	61	145	#
432	887.84	10	17	18	24	26	32	33	34	35	40	41	48	49	145	#
433	531.672	5	6	7	14	19	22	30	146	#
434	625.673	14	22	29	30	37	38	45	146	#
435	565.706	29	30	37	38	39	46	61	146	#
436	551.109	5	6	7	13	14	15	22	146	#
437	518.242	5	6	7	14	15	22	23	146	#
438	476.782	4	5	6	7	15	23	31	146	#
439	1128.37	4	12	27	28	29	31	36	37	38	39	43	44	51	52	53	54	58	60	61	147	#
440	1194.99	16	17	26	32	34	37	42	43	44	45	49	50	51	52	53	56	57	58	59	147	#
441	1009.79	17	19	26	27	34	35	36	42	43	44	45	51	52	53	54	55	60	61	62	147	#
442	996.371	0	1	2	3	4	5	6	8	9	10	11	12	13	16	17	18	19	26	35	147	#
443	992.519	10	11	18	19	26	27	28	29	34	35	36	37	42	43	44	45	51	52	53	147	#
444	980.714	34	35	36	38	41	42	43	44	45	47	50	51	52	53	54	59	60	61	62	147	#
445	104.629	48	56	#
446	38.0762	27	#
447	517.767	8	9	10	17	18	26	35	148	#
448	509.664	8	9	16	17	24	26	33	148	#
449	481.916	8	10	11	17	19	26	27	148	#
450	481.823	8	10	17	18	19	26	35	148	#
451	478.807	5	6	8	9	10	16	17	148	#
452	347.998	1	2	3	8	10	11	17	148	#
453	1750.81	4	12	14	17	19	22	26	28	29	32	34	35	36	37	38	39	42	43	44	47	51	52	53	54	60	61	62	149	#
454	1738.67	3	8	10	17	18	26	27	28	30	32	33	34	35	36	37	38	39	41	42	43	44	51	52	53	59	60	61	149	#
455	1726	2	3	4	5	6	7	10	11	12	13	15	16	36	41	42	43	44	45	51	52	53	54	59	60	61	62	63	149	#
456	1702.67	2	3	8	10	16	17	18	19	24	25	26	32	33	34	35	36	40	41	42	43	44	45	48	51	52	59	61	149	#
457	1694.95	17	26	31	34	35	36	37	38	39	42	43	44	45	46	47	51	52	53	54	55	57	58	59	60	61	62	63	149	#
458	1681.82	2	8	10	11	16	17	18	24	26	27	34	35	36	43	44	47	50	51	52	53	54	55	58	59	60	61	63	149	#
459	341.412	15	32	33	40	41	48	49	150	#
460	377.68	36	37	40	41	44	45	49	150	#
461	368.478	32	40	48	49	50	56	57	150	#
462	297.116	18	26	32	33	34	35	48	150	#
463	296.303	5	6	7	14	15	22	30	150	#
464	292.206	33	40	41	48	49	56	57	150	#
465	437.423	40	41	42	49	50	51	56	57	58	151	#
466	523.449	42	50	51	52	53	56	58	59	60	151	#
467	518.201	1	2	40	41	42	48	49	50	58	151	#
468	494.99	42	43	44	51	52	53	54	55	60	151	#
469	422.525	27	33	36	40	41	48	49	56	57	151	#
470	407.232	26	34	40	41	42	43	44	49	50	151	#
471	1393.31	11	12	17	18	19	20	25	26	27	28	29	30	33	35	36	37	43	44	45	52	53	61	152	#
472	1475.25	20	21	22	26	27	28	29	30	32	33	34	35	36	37	42	43	44	45	47	50	51	52	152	#
473	1474.12	12	13	14	20	21	22	28	29	30	31	35	36	37	38	39	43	44	46	47	51	52	59	152	#
474	1434.55	2	3	4	5	6	7	8	9	10	11	12	13	14	16	17	19	20	21	22	28	29	57	152	#
475	1416.12	4	5	6	24	33	34	36	37	41	42	43	44	45	51	52	53	54	58	59	60	61	62	152	#
476	1397.85	4	6	12	13	14	21	22	28	29	30	35	36	37	38	43	44	45	46	47	53	54	62	152	#
477	1417.02	2	3	4	6	11	12	13	14	17	18	19	20	21	22	26	28	29	30	31	32	33	34	36	37	38	42	46	153	#
478	1670.55	3	9	10	17	18	19	20	24	25	26	27	28	33	34	35	36	41	42	43	48	49	50	51	52	56	57	59	153	#
479	1644.08	1	2	3	4	5	9	10	11	12	15	17	18	19	25	26	27	28	35	36	42	43	44	46	50	51	53	54	153	#
480	1620.27	0	1	2	3	8	9	10	11	12	16	17	18	19	24	25	26	27	28	32	33	34	35	36	41	42	49	50	153	#
481	1616.36	10	17	18	19	20	21	23	25	26	27	28	29	30	31	34	35	36	37	38	39	42	43	44	46	49	50	58	153	#
482	1572.82	11	12	13	14	19	20	21	22	26	27	28	29	30	34	36	37	38	42	43	44	45	46	50	51	52	53	55	153	#
483	991.464	5	6	7	12	13	14	20	21	22	28	29	30	36	37	38	46	53	54	154	#
484	1211.08	2	5	6	10	11	12	13	14	17	20	22	27	28	35	36	49	50	58	154	#
485	1011.82	3	4	5	6	7	12	13	14	15	23	29	30	31	37	38	39	46	47	154	#
486	974.486	3	9	10	11	12	17	18	19	20	26	27	28	29	35	36	37	38	39	154	#
487	970.886	5	6	7	12	13	14	21	22	29	30	37	38	39	46	47	52	53	54	154	#
488	960.259	3	4	5	6	7	8	10	11	12	13	14	15	17	22	23	25	31	51	154	#
489	1239.87	6	17	19	26	27	28	33	34	35	36	40	41	42	44	45	50	51	52	53	58	59	60	61	62	155	#
490	1404.44	3	9	10	11	12	13	16	17	19	24	25	26	27	32	33	34	35	40	41	42	49	50	57	62	155	#
491	1389.74	1	10	18	19	20	25	26	33	34	40	41	42	48	49	50	51	52	53	54	57	58	59	61	62	155	#
492	1331.25	2	3	8	9	10	11	12	16	19	24	25	26	32	33	34	35	40	41	42	46	48	49	53	54	155	#
493	1313.33	9	10	11	17	18	19	25	26	27	28	35	36	38	43	44	45	46	51	52	53	54	59	61	62	155	#
494	1308.36	25	26	30	31	34	35	38	39	42	43	44	45	46	47	49	50	51	52	53	54	55	61	62	63	155	#
495	1665.47	3	4	10	11	17	18	19	23	25	26	27	31	32	33	34	35	39	40	41	42	43	48	49	50	51	52	56	57	58	59	156	#
496	2088.88	14	22	26	27	29	30	32	33	35	36	37	38	41	42	43	44	45	49	50	51	52	53	54	55	58	59	60	61	62	63	156	#
497	1982.24	17	18	19	24	25	26	27	34	35	36	37	38	41	42	43	44	45	46	49	50	51	52	53	54	55	58	60	61	62	63	156	#
498	1844.26	4	5	11	12	20	26	27	28	33	34	35	36	37	40	41	42	43	44	45	47	49	50	51	52	53	54	55	60	61	62	156	#
499	1827.31	0	18	25	26	32	33	34	35	36	40	41	42	43	44	45	48	49	50	51	52	53	54	55	57	58	59	60	61	62	63	156	#
500	1814.76	5	6	7	9	14	15	23	27	29	30	31	35	37	38	39	41	42	43	44	46	47	49	50	51	52	53	55	57	58	60	156	#
501	790.23	2	3	4	9	10	11	12	13	18	19	157	#
502	751.122	1	2	3	4	9	10	11	34	62	63	157	#
503	738.731	3	4	5	9	10	12	13	20	21	28	157	#
504	709.257	1	2	3	4	10	11	12	19	26	34	157	#
505	693.441	2	3	9	10	11	17	18	25	26	27	157	#
506	689.734	2	3	4	5	9	10	11	12	19	20	157	#
507	87.5805	18	19	26	158	#
508	89.0451	17	18	19	158	#
509	87.0108	19	26	33	158	#
510	43.197	25	26	34	158	#
511	158.487	55	62	63	159	#
512	185.544	61	62	63	159	#
513	161.009	54	62	63	159	#
514	775.238	32	33	34	40	41	42	43	48	49	50	51	56	57	58	59	160	#
515	1053.1	35	36	37	42	43	44	45	49	50	51	52	53	58	59	60	160	#
516	912.152	2	3	4	10	11	12	18	33	41	42	48	49	50	57	58	160	#
517	906.267	32	40	41	42	43	44	45	48	49	50	51	52	53	57	60	160	#
518	840.874	29	36	37	38	40	41	42	43	44	45	49	51	52	53	60	160	#
519	840.619	26	33	34	42	43	44	46	50	51	52	53	54	58	59	60	160	#
520	163.119	4	12	161	#
521	128.698	12	20	161	#
522	102.309	3	4	161	#
523	571.611	0	1	2	8	9	10	17	26	162	#
524	611.955	0	1	2	9	10	11	17	18	162	#
525	561.1	2	10	11	17	18	26	27	33	162	#
526	540.124	11	18	26	27	32	33	34	35	162	#
527	510.524	0	1	2	3	4	8	9	10	162	#
528	506.996	2	9	10	48	50	56	57	58	162	#
529	61.2928	29	#
530	272.477	16	17	18	24	163	#
531	309.348	8	10	16	17	163	#
532	300.484	17	18	19	26	163	#
533	214.281	10	11	18	19	163	#
534	184.59	8	16	24	32	163	#
535	144.906	4	12	164	#
536	158.477	12	45	164	#
537	59.2742	35	#
538	28.5134	8	#
539	1522.41	7	8	9	10	11	12	13	14	16	17	18	19	20	21	22	24	25	26	27	29	33	34	55	62	63	165	#
540	1617.98	2	3	4	5	6	7	9	10	11	12	13	14	17	19	20	21	22	26	27	29	30	31	37	38	39	165	#
541	1617.52	3	4	5	8	9	10	11	12	13	14	17	20	21	22	25	26	27	33	35	49	50	56	57	58	59	165	#
542	1582.64	0	1	2	8	9	10	11	12	13	16	17	18	19	20	21	24	25	26	27	32	35	36	40	41	48	165	#
543	1580.61	3	8	9	10	16	17	18	24	25	26	27	32	33	34	35	36	40	41	42	43	48	49	50	56	57	165	#
544	1577.18	2	3	4	8	9	10	11	12	13	14	16	17	18	19	20	22	24	25	26	27	33	36	53	60	61	165	#
545	1475.45	0	3	9	10	11	12	13	17	18	19	20	25	26	27	33	34	35	36	37	41	42	43	44	45	50	58	166	#
546	1522.97	3	4	8	9	10	11	12	13	14	16	17	18	19	20	22	24	25	26	30	33	34	35	36	38	42	43	166	#
547	1460.58	4	12	13	14	20	21	22	26	27	28	29	30	34	35	36	37	38	42	43	44	45	50	51	52	59	60	166	#
548	1445.5	1	9	10	17	18	27	29	30	33	34	35	37	38	39	41	42	43	44	45	50	51	52	53	58	60	61	166	#
549	1444.17	2	3	4	8	9	10	11	12	13	16	17	18	19	20	24	25	26	27	34	35	42	43	44	45	51	52	166	#
550	1414.2	1	2	3	4	5	9	10	11	12	13	16	17	18	19	20	21	22	25	26	27	29	35	36	37	44	56	166	#
551	2476.95	2	3	4	5	8	10	11	12	17	18	19	25	26	27	28	29	30	31	33	34	35	36	37	38	39	41	42	43	44	45	46	48	49	50	51	52	53	54	55	56	57	60	61	62	63	167	#
552	2894.51	0	1	2	3	4	5	8	9	10	11	12	13	16	17	18	19	20	21	22	24	25	26	27	29	30	32	33	34	35	38	40	41	42	43	44	45	48	49	51	52	53	56	57	58	59	167	#
553	2816.23	0	1	2	3	4	8	9	10	11	12	16	17	18	19	20	24	25	26	27	28	29	30	32	33	34	35	36	37	38	40	41	42	43	44	45	49	50	51	52	53	54	57	58	60	62	167	#
554	2789.06	0	3	4	5	8	9	10	11	12	13	16	17	18	19	20	24	25	26	27	28	32	33	34	35	38	39	40	41	42	43	44	46	47	48	49	51	52	54	55	56	57	58	59	61	62	167	#
555	2787.54	0	1	2	3	4	8	9	10	11	12	16	17	18	19	24	25	26	27	32	33	34	35	36	37	40	41	42	43	44	45	48	49	50	51	52	53	55	56	57	58	59	60	61	62	63	167	#
556	2757.04	0	1	2	3	4	8	9	10	11	12	13	16	17	18	19	20	25	26	27	30	31	32	33	34	35	36	37	38	39	40	41	42	43	44	46	47	48	49	51	52	53	54	55	62	63	167	#
557	1070.09	1	2	17	21	22	25	26	28	29	30	31	33	36	37	38	41	44	45	46	51	52	53	54	60	168	#
558	1372.88	0	1	8	17	18	20	21	22	24	25	26	27	29	32	33	35	36	37	40	41	44	45	49	53	168	#
559	1358.28	0	1	8	9	16	17	18	24	25	26	27	32	33	34	35	36	37	40	41	43	49	51	52	59	168	#
560	1354.06	9	17	18	19	24	25	26	32	33	34	35	36	40	41	42	43	48	49	50	51	55	61	62	63	168	#
561	1270.12	5	6	7	13	14	17	18	20	21	22	24	25	26	28	29	30	32	33	36	37	40	41	42	48	168	#
562	1268.43	20	27	28	35	36	38	39	41	42	43	44	46	47	50	51	52	53	54	55	58	59	61	62	63	168	#
563	1843.58	8	9	10	16	17	18	19	25	26	27	30	32	33	34	35	36	40	41	42	43	44	45	48	49	50	51	52	53	61	169	#
564	1883.94	2	3	4	8	9	10	16	17	18	19	24	25	26	27	28	32	33	34	36	40	41	42	44	48	49	50	51	52	58	169	#
565	1875.28	3	9	10	15	23	25	26	27	28	29	31	32	33	34	35	36	37	38	39	42	43	44	45	47	49	50	51	52	53	169	#
566	1826.37	1	2	8	9	10	16	17	18	19	20	21	24	25	26	27	28	29	30	32	33	34	35	36	37	41	42	44	49	50	169	#
567	1815.99	3	8	9	10	11	16	17	18	19	24	25	26	27	29	32	33	34	35	36	37	42	43	44	49	50	51	52	58	59	169	#
568	1811.08	0	1	2	7	9	10	17	18	19	24	25	26	32	33	34	35	41	42	48	49	50	51	52	56	57	58	59	60	61	169	#
569	179.29	6	13	14	19	21	22	29	170	#
570	266.278	4	5	6	7	12	14	15	170	#
571	251.734	6	14	21	22	28	29	30	170	#
572	230.115	3	4	11	12	13	14	19	170	#
573	86.888	11	12	13	14	20	21	25	170	#
574	181.458	4	5	171	#
575	204.502	4	12	171	#
576	82.1993	5	6	171	#
577	1348.89	9	11	12	13	17	18	19	25	26	28	32	33	34	35	36	40	41	42	43	44	45	48	50	51	52	60	172	#
578	1582.2	0	1	2	3	4	6	7	8	9	10	11	12	13	14	15	16	17	18	22	23	24	25	26	30	32	33	172	#
579	1540.05	21	22	24	26	27	29	30	32	33	34	35	38	40	41	42	43	44	48	49	50	52	53	58	59	61	62	172	#
580	1529.59	2	3	4	5	6	9	10	11	12	13	14	17	18	19	20	21	22	26	27	28	29	34	42	43	50	52	172	#
581	1523.99	0	1	2	3	4	8	9	10	11	12	13	17	18	19	21	24	25	26	29	30	32	33	35	40	48	49	172	#
582	1513.13	3	11	12	13	14	20	21	22	26	28	29	30	33	34	35	36	37	38	40	41	42	44	45	49	50	58	172	#
583	585.094	34	35	41	42	43	49	50	57	58	59	173	#
584	781.249	33	34	41	42	43	49	50	52	53	58	173	#
585	712.241	8	17	18	25	26	27	28	34	35	36	173	#
586	710.714	27	33	34	35	36	41	42	43	49	50	173	#
587	708.048	41	44	45	49	50	53	57	58	60	61	173	#
588	706.354	26	32	33	34	41	42	43	49	50	57	173	#
589	921.975	26	34	40	41	42	43	44	50	51	52	53	58	59	60	174	#
590	1141	24	26	27	35	36	37	42	43	44	45	49	50	52	58	174	#
591	1021.79	36	41	42	43	44	45	48	49	50	51	52	57	58	59	174	#
592	963.799	32	40	41	42	44	48	50	51	52	56	57	58	59	60	174	#
593	923.555	27	29	36	37	39	44	45	47	52	53	55	60	61	62	174	#
594	906.413	26	27	33	34	41	42	43	48	49	50	56	57	58	59	174	#
595	278.861	3	4	5	6	14	175	#
596	278.988	5	6	7	14	15	175	#
597	249.693	5	6	7	14	22	175	#
598	208.504	4	11	12	13	14	175	#
599	198.518	4	12	13	14	20	175	#
600	172.487	2	3	10	11	19	175	#
601	381.891	0	1	3	9	10	17	18	26	176	#
602	487.178	0	1	8	9	10	17	18	19	176	#
603	484.086	3	4	5	10	11	12	18	19	176	#
604	457.718	0	1	8	9	10	16	17	18	176	#
605	442.562	8	9	10	11	16	17	18	19	176	#
606	417.407	1	3	9	10	11	12	17	18	176	#
607	618.705	7	8	9	10	15	16	17	18	25	26	33	177	#
608	814.73	9	10	11	12	17	18	19	20	22	30	44	177	#
609	797.973	2	9	10	16	17	18	24	25	26	27	32	177	#
610	790.11	0	1	2	3	4	8	9	10	17	18	25	177	#
611	768.603	3	4	5	6	7	9	10	11	13	14	19	177	#
612	763.564	9	17	25	26	32	33	34	50	51	58	59	177	#
613	2341.25	0	1	2	3	4	5	8	9	10	11	12	16	17	18	19	20	21	24	25	26	27	28	32	34	35	36	38	40	41	42	43	44	45	48	49	50	51	52	57	58	178	#
614	2267.09	1	2	3	4	5	8	9	10	11	12	16	17	18	19	24	25	26	27	28	29	30	32	33	34	35	36	38	39	41	42	43	44	49	50	51	52	53	60	61	62	178	#
615	2235.14	1	2	3	4	5	8	9	10	11	12	16	17	18	19	24	25	26	27	32	33	34	35	36	40	41	42	43	44	45	48	49	50	51	52	56	57	58	59	60	61	178	#
616	2221.15	1	2	3	4	5	6	7	8	9	10	11	12	15	16	17	18	19	24	25	26	27	32	33	34	35	36	40	41	42	43	44	45	49	50	51	52	53	58	59	60	178	#
617	2212.54	0	1	2	3	4	5	6	7	8	9	10	11	12	13	14	15	16	17	18	19	20	21	22	24	25	26	27	28	29	30	32	33	34	35	36	37	49	50	57	58	178	#
618	2211.58	0	1	2	3	4	5	6	8	9	10	11	12	15	16	17	18	19	20	21	23	24	25	26	27	28	29	30	31	33	34	35	36	37	38	39	43	44	45	52	60	178	#
619	837.427	2	3	6	10	11	13	14	19	21	22	28	29	30	35	36	38	39	46	47	179	#
620	1174.55	2	3	4	10	11	12	13	14	17	18	19	21	26	29	30	34	35	38	39	179	#
621	1163.73	13	21	22	28	29	30	31	37	38	39	41	42	44	45	47	49	52	62	63	179	#
622	1155.16	4	5	11	12	13	19	20	21	22	23	28	29	30	31	37	38	39	47	55	179	#
623	1093.02	3	4	9	10	11	12	13	16	17	18	19	24	25	26	33	34	41	42	43	179	#
624	1091.08	4	5	6	7	12	13	14	15	21	22	23	29	30	31	36	37	38	39	45	179	#
625	868.059	8	9	16	21	24	26	32	33	34	40	41	50	180	#
626	964.404	0	1	9	17	18	25	26	32	33	40	41	50	180	#
627	960.125	1	3	5	8	9	10	16	17	18	25	26	34	180	#
628	911.61	2	8	9	10	16	17	19	24	25	26	32	40	180	#
629	903.682	17	25	26	27	32	33	34	35	36	40	41	50	180	#
630	903.573	1	3	4	8	9	10	16	17	18	24	25	26	180	#
631	1222.47	20	21	22	28	29	30	31	35	36	37	38	39	43	44	45	46	47	51	52	53	54	55	60	61	62	181	#
632	1794.83	3	4	5	6	10	11	12	14	17	18	19	20	21	22	28	29	30	36	37	38	39	44	45	52	53	181	#
633	1722.96	2	10	11	12	17	19	20	21	22	25	26	27	28	29	30	33	35	36	37	38	44	45	53	54	61	181	#
634	1668.05	2	3	4	5	10	11	12	13	14	16	17	18	19	20	21	22	26	28	29	34	35	36	38	42	46	181	#
635	1666.01	2	8	10	11	16	17	24	26	32	34	35	36	37	43	44	45	50	51	52	53	54	58	59	60	61	181	#
636	1599.4	3	10	11	12	17	20	21	22	23	26	27	28	29	30	31	33	34	35	36	37	38	39	45	46	47	181	#
637	1881.35	0	1	2	3	4	5	6	8	9	10	11	12	14	16	17	18	19	20	24	25	26	32	33	34	35	36	41	42	48	49	50	51	59	182	#
638	1972.43	0	1	2	3	4	8	9	10	11	12	13	14	16	17	18	19	22	24	25	26	27	29	30	31	33	35	36	40	41	49	50	58	59	182	#
639	1951.77	1	3	4	8	9	10	11	12	13	16	17	18	19	24	25	26	33	34	35	36	41	42	43	49	50	51	52	53	57	58	59	60	62	182	#
640	1920.91	0	1	2	3	4	8	9	10	11	12	13	16	17	18	19	20	23	24	25	26	32	33	34	40	41	42	43	49	50	51	52	53	60	182	#
641	1918.48	0	1	2	3	4	10	11	12	16	17	18	19	20	24	25	26	27	32	33	34	35	36	39	40	41	42	47	48	49	50	56	57	58	182	#
642	1886.26	0	1	2	3	4	8	9	10	11	12	16	17	18	19	20	21	22	24	25	26	27	28	32	33	34	36	40	41	42	49	50	57	58	182	#
643	85.3578	36	#
644	892.498	3	11	12	13	14	18	19	20	21	22	27	28	29	35	36	37	38	48	183	#
645	1254.18	3	4	5	8	9	10	11	12	13	17	18	20	26	47	50	57	58	59	183	#
646	1245.47	3	4	9	10	11	12	13	14	16	17	18	19	25	26	33	34	41	42	183	#
647	1239.63	9	10	11	17	18	19	25	26	27	33	35	40	41	42	43	44	50	51	183	#
648	1217.03	0	8	16	17	25	26	27	28	33	34	35	36	42	43	44	51	52	60	183	#
649	1176.82	27	28	35	36	37	38	39	41	42	43	44	45	50	51	52	58	59	60	183	#
650	1634.75	0	1	2	3	4	9	10	11	12	13	14	16	17	18	19	20	21	22	24	25	26	27	28	29	32	33	34	36	37	38	43	44	45	63	184	#
651	2069.59	15	22	23	26	27	28	29	30	31	33	34	35	36	37	38	39	41	42	43	44	45	46	47	49	50	52	53	54	55	58	60	61	62	63	184	#
652	2008.89	1	2	3	4	8	9	10	11	12	13	17	18	19	20	21	22	26	27	28	29	30	33	34	35	36	42	44	52	53	54	60	61	62	63	184	#
653	1959.15	0	1	2	9	10	11	12	13	17	18	19	21	24	25	26	27	28	32	33	34	35	36	40	41	42	43	44	45	48	49	50	53	62	63	184	#
654	1925.98	9	10	12	13	14	17	18	19	20	21	22	24	25	26	27	28	29	33	34	35	36	37	41	42	43	44	45	50	52	53	58	59	60	61	184	#
655	1918.26	3	11	17	18	19	25	26	27	28	32	33	34	35	36	37	40	41	42	43	44	45	46	47	48	50	51	52	53	54	55	60	61	62	63	184	#
656	1489.96	5	6	7	8	9	10	15	17	18	26	27	46	51	52	53	54	55	59	60	61	62	63	185	#
657	1669.37	1	2	3	4	8	9	10	11	16	17	18	24	25	26	32	33	34	35	41	50	58	59	185	#
658	1635.59	8	9	10	16	17	18	24	25	26	32	33	34	35	40	41	42	43	50	51	52	59	60	185	#
659	1622.41	8	10	16	17	25	26	32	33	34	35	40	41	42	43	49	50	51	52	53	58	59	60	185	#
660	1596.19	3	4	5	8	9	10	11	16	17	18	19	24	25	26	32	33	34	35	36	41	42	44	185	#
661	1554.11	1	3	8	9	10	11	16	17	18	19	24	25	26	32	33	34	35	40	41	42	43	50	185	#
662	358.056	24	25	26	33	34	41	42	186	#
663	478.873	17	18	19	25	26	27	36	186	#
664	464.477	32	33	34	41	42	50	51	186	#
665	458.223	17	24	25	26	32	33	34	186	#
666	456.578	16	24	25	26	32	33	34	186	#
667	439.753	9	17	24	25	26	33	35	186	#
668	900.53	5	6	7	11	12	13	14	35	44	46	51	52	53	54	55	60	61	62	187	#
669	1235.71	0	1	2	3	4	5	6	8	9	10	11	12	14	16	17	18	19	26	187	#
670	1218.45	2	4	5	6	7	9	10	11	12	13	14	15	17	18	21	22	29	30	187	#
671	1093.18	2	3	4	5	6	8	9	10	11	12	13	14	16	17	20	21	28	29	187	#
672	1077.78	4	5	6	7	10	11	12	13	14	15	19	20	21	23	28	30	31	39	187	#
673	1056.29	9	11	12	13	14	16	17	18	20	21	22	24	42	43	51	52	60	61	187	#
674	114.234	21	28	29	188	#
675	159.242	21	22	29	188	#
676	154.645	20	28	29	188	#
677	1039.36	14	18	19	20	21	22	26	27	28	29	30	37	38	39	45	46	47	189	#
678	1310.53	3	10	11	12	16	17	18	19	24	25	26	27	28	33	34	36	37	189	#
679	1142.7	8	9	10	11	16	17	18	25	26	27	33	34	35	42	43	50	52	189	#
680	1120.32	12	20	27	28	29	34	35	36	37	42	44	45	46	53	54	60	61	189	#
681	1075.69	20	26	27	28	29	34	35	36	37	38	39	43	44	45	51	52	60	189	#
682	1066.13	20	23	28	29	30	31	36	37	38	44	45	46	47	51	52	60	61	189	#
683	333.681	4	5	11	12	190	#
684	328.273	3	4	5	11	190	#
685	226.211	10	11	18	19	190	#
686	212.393	3	11	12	20	190	#
687	204.333	5	6	32	33	190	#
688	751.765	26	32	33	40	41	48	49	50	51	56	57	58	59	191	#
689	901.631	35	36	37	41	42	43	44	45	50	51	52	58	59	191	#
690	898.083	27	34	35	36	42	43	44	45	51	52	53	60	61	191	#
691	888.738	32	33	34	35	36	37	40	41	42	49	50	57	58	191	#
692	885.793	8	9	10	16	17	24	25	26	32	33	34	35	41	191	#
693	870.472	18	24	26	32	33	35	36	40	41	42	43	48	49	191	#
694	487.589	8	9	16	17	24	48	56	192	#
695	462.083	8	9	16	17	18	25	33	192	#
696	444.176	1	7	9	10	17	55	62	192	#
697	431.088	8	9	16	24	25	32	46	192	#
698	417.304	32	40	41	48	49	50	56	192	#
699	372.562	42	48	49	50	56	57	58	192	#
700	204.309	24	32	193	#
701	198.247	16	24	193	#
702	1749.26	9	10	17	18	19	24	25	26	27	32	33	34	35	40	42	43	44	50	51	52	53	54	62	63	194	#
703	1869.75	9	10	11	16	17	18	19	22	25	26	27	28	29	30	34	35	36	41	42	43	44	50	52	58	194	#
704	1846.25	9	12	20	27	28	29	34	35	36	37	42	43	44	45	48	49	50	51	52	56	57	58	60	61	194	#
705	1781.12	0	1	2	3	4	5	8	9	10	11	12	16	17	18	19	25	26	27	40	41	49	50	57	58	194	#
706	1775.34	8	9	17	18	23	25	26	32	33	34	35	36	37	40	41	42	48	49	50	51	56	57	58	59	194	#
707	1729.22	1	2	8	9	10	11	16	17	18	19	24	25	26	27	32	33	34	35	36	37	40	41	49	50	194	#
708	974.947	24	25	26	33	34	41	42	43	44	50	51	52	53	54	55	58	59	60	61	62	195	#
709	1408.33	1	2	3	9	10	16	17	24	25	32	33	34	41	42	43	48	49	50	51	52	195	#
710	1310.47	10	17	18	19	24	25	26	32	33	34	40	41	42	43	48	49	50	51	52	59	195	#
711	1292.13	3	4	8	10	11	12	13	16	17	19	26	32	33	34	35	40	41	42	48	49	195	#
712	1286.72	0	1	2	3	8	9	10	11	12	16	17	18	19	24	25	26	32	33	34	40	195	#
713	1283.18	4	8	9	11	12	17	18	19	20	24	25	26	32	33	34	35	36	37	41	49	195	#
714	183.864	53	54	55	61	196	#
715	249.465	36	44	52	53	196	#
716	230.067	55	61	62	63	196	#
717	210.417	53	54	55	63	196	#
718	204.546	46	54	55	62	196	#
719	609.546	21	29	30	31	37	38	39	53	54	55	61	62	63	197	#
720	757.243	13	20	21	22	27	28	29	30	31	36	37	38	39	197	#
721	739.864	30	31	33	34	42	43	44	51	52	53	54	59	60	197	#
722	671.704	19	27	28	36	44	46	47	53	54	55	61	62	63	197	#
723	659.8	12	13	14	20	21	22	23	28	29	30	31	37	38	197	#
724	656.4	18	20	24	25	26	28	29	30	33	34	35	37	38	197	#
725	315.892	11	12	20	28	29	51	198	#
726	437.452	3	11	12	13	19	20	198	#
727	402.525	12	13	14	20	21	28	198	#
728	370.378	42	43	51	52	59	60	198	#
729	331.488	28	29	36	37	44	45	198	#
730	285.652	11	12	20	28	29	38	198	#
731	743.123	25	27	34	35	43	44	45	52	60	61	199	#
732	860.11	35	42	43	49	50	51	52	53	60	61	199	#
733	787.115	26	34	35	42	43	44	49	50	51	52	199	#
734	732.46	27	35	36	43	44	51	52	53	60	61	199	#
735	726.918	18	26	27	34	35	41	42	43	50	51	199	#
736	706.663	26	27	34	35	36	43	44	51	52	60	199	#
737	233.414	24	27	32	200	#
738	285.285	24	32	40	200	#
739	169.65	24	25	32	200	#
740	100.344	27	36	46	200	#
741	444.078	26	33	34	40	41	48	49	56	201	#
742	656.063	23	31	39	41	48	49	50	57	201	#
743	631.745	24	32	33	40	41	42	49	50	201	#
744	625.428	41	42	49	50	56	57	58	59	201	#
745	488.133	40	41	42	43	48	49	50	56	201	#
746	427.729	19	24	25	26	32	33	40	58	201	#
747	1316.91	27	29	35	36	37	38	42	43	45	46	47	50	51	52	53	54	55	60	62	63	202	#
748	1340.82	23	26	27	31	35	37	38	39	40	41	42	43	47	48	49	50	56	57	58	59	202	#
749	1285.93	29	30	31	35	37	38	39	43	44	45	46	47	52	53	54	55	60	61	62	63	202	#
750	1276.37	27	33	34	35	40	41	42	43	44	45	48	49	50	52	53	54	55	56	57	63	202	#
751	1263.78	12	13	20	21	26	27	28	29	30	31	35	36	37	38	39	44	45	46	54	62	202	#
752	1242.6	0	8	9	17	30	31	38	39	45	46	47	51	52	53	54	55	60	61	62	63	202	#
753	533.991	0	42	43	44	45	51	52	60	203	#
754	514.855	42	43	44	50	51	52	53	60	203	#
755	490.77	33	41	42	43	50	51	52	60	203	#
756	477.306	28	36	42	43	44	51	52	53	203	#
757	474.776	42	43	44	51	52	53	60	61	203	#
758	432.407	35	43	44	51	52	53	60	61	203	#
759	703.117	34	36	42	43	44	50	51	52	53	59	60	61	204	#
760	851.266	10	16	17	18	25	26	34	35	43	52	60	61	204	#
761	830.095	26	32	33	35	41	42	43	49	51	52	53	61	204	#
762	767.33	32	40	41	42	43	44	49	50	51	52	53	59	204	#
763	738.907	26	34	35	41	42	49	50	51	57	58	59	60	204	#
764	725.654	36	42	43	44	45	50	51	52	53	59	60	61	204	#
765	1852.19	8	10	16	17	18	19	24	25	26	27	28	30	31	32	33	34	35	36	37	38	40	41	42	43	46	48	49	50	51	60	205	#
766	1797.02	8	9	16	17	18	24	25	26	27	30	33	34	35	36	37	38	39	41	42	43	44	46	49	50	51	52	53	54	60	61	205	#
767	1754.2	2	3	8	9	10	11	12	13	14	16	17	18	19	20	21	22	25	26	27	33	34	36	38	40	41	46	47	48	49	50	205	#
768	1726.49	9	17	25	26	27	28	29	30	31	32	33	34	35	36	37	39	40	41	42	43	44	47	48	49	50	51	52	53	59	60	205	#
769	1719.65	6	18	19	26	27	28	29	30	31	33	34	35	36	37	38	41	42	43	44	45	46	48	49	50	51	52	53	58	59	60	205	#
770	1717.05	0	1	4	8	9	10	11	12	13	16	17	18	19	20	24	25	26	33	34	35	40	41	42	43	48	49	50	51	52	60	205	#
771	499.515	1	2	8	9	16	17	28	29	31	37	206	#
772	698.283	2	3	4	5	9	10	11	12	17	18	206	#
773	649.96	8	9	10	17	26	34	35	42	43	48	206	#
774	647.708	2	3	8	9	10	16	17	18	19	26	206	#
775	612.124	2	8	9	10	16	17	18	24	25	26	206	#
776	567.444	13	21	28	29	30	38	40	41	48	58	206	#
777	976.839	1	2	4	9	11	12	13	14	19	20	21	22	28	29	30	38	46	47	53	54	207	#
778	1219.84	26	28	34	35	36	41	42	43	44	49	50	51	52	53	54	55	60	61	62	63	207	#
779	1211.91	0	1	2	3	4	8	9	10	11	12	16	17	18	19	24	25	26	32	34	35	207	#
780	1207.21	20	28	29	35	36	37	38	39	42	44	45	46	47	50	52	54	55	58	62	63	207	#
781	1194.96	4	7	12	13	14	15	20	21	22	23	29	30	31	36	37	38	39	44	45	46	207	#
782	1190.74	0	1	2	3	4	8	9	10	11	12	13	14	16	17	18	19	20	22	24	28	207	#
783	750.021	1	2	6	7	10	13	14	15	17	20	21	22	23	28	29	30	42	43	208	#
784	1089.8	28	32	33	34	37	38	41	42	43	44	49	50	51	52	53	58	59	60	208	#
785	1079.51	19	26	27	32	33	34	35	42	43	44	51	52	53	55	59	60	61	62	208	#
786	1028.46	0	1	2	3	4	5	6	7	9	10	12	14	17	19	24	25	26	27	208	#
787	975.315	2	8	9	10	11	16	17	18	19	24	25	26	27	32	35	40	43	57	208	#
788	951.047	5	6	7	8	11	12	13	14	17	18	19	26	27	35	43	44	47	52	208	#
789	376.515	27	35	42	43	44	51	52	209	#
790	434.621	26	33	34	41	42	61	62	209	#
791	434.037	44	51	52	53	60	61	62	209	#
792	405.049	28	36	37	44	52	53	60	209	#
793	375.426	4	25	26	27	35	36	44	209	#
794	355.224	20	25	26	27	28	35	36	209	#
795	238.372	44	45	52	210	#
796	193.034	23	44	45	210	#
797	189.508	37	44	45	210	#
798	90.3688	51	52	60	210	#
799	2447.33	3	4	10	11	12	18	19	21	24	25	26	27	29	32	33	34	35	38	39	40	41	42	43	44	45	47	48	49	50	51	52	53	54	55	56	58	59	60	61	62	211	#
800	2593.67	0	1	3	8	9	10	11	16	17	18	19	20	24	25	26	27	32	33	34	35	36	37	40	41	42	43	44	45	48	49	50	51	52	53	56	58	59	60	61	62	211	#
801	2576.85	0	1	2	3	8	9	10	11	12	16	17	18	19	20	21	24	25	26	27	28	29	32	33	34	35	36	40	41	42	43	44	48	49	50	52	53	54	58	60	61	211	#
802	2550.1	0	1	2	3	4	5	8	9	10	11	12	16	17	18	19	24	25	26	27	28	32	33	34	35	36	40	41	42	43	49	50	51	52	53	54	57	58	60	61	62	211	#
803	2542.51	0	1	2	3	4	8	9	10	11	16	17	18	19	24	25	26	27	32	33	34	35	36	40	41	42	43	44	45	46	48	49	50	51	52	53	54	59	60	61	62	211	#
804	2533.78	0	1	2	3	4	8	10	11	12	13	16	17	18	19	20	21	24	25	26	27	28	29	32	33	34	35	36	37	39	40	41	42	43	44	45	48	49	50	51	56	211	#
805	356.144	28	29	30	36	37	44	212	#
806	479.672	36	37	44	45	52	53	212	#
807	460.244	27	28	35	36	37	45	212	#
808	425.049	13	21	29	30	37	45	212	#
809	355.472	28	29	30	31	36	37	212	#
810	334.141	13	21	22	28	29	30	212	#
811	82.3584	47	#
812	58.7758	20	#
813	1203.53	3	4	5	6	7	11	12	13	14	15	18	19	20	21	22	23	26	27	28	29	30	31	36	37	38	39	47	213	#
814	1642.07	12	13	20	21	22	26	29	30	33	34	35	36	37	38	39	42	44	46	47	50	52	53	54	55	61	62	63	213	#
815	1562.19	10	12	13	16	17	19	20	21	24	25	26	27	29	30	32	33	34	35	36	37	38	41	42	44	45	46	47	213	#
816	1550.51	12	13	14	20	21	22	28	29	30	34	35	36	37	38	39	41	42	43	44	46	47	50	51	52	53	60	61	213	#
817	1542.04	7	12	13	14	15	17	18	19	20	21	22	24	25	26	27	28	29	30	34	35	36	37	38	42	44	45	53	213	#
818	1518.31	2	3	9	10	16	17	18	24	25	26	27	28	29	30	33	34	35	36	37	38	42	43	44	45	51	52	53	213	#
819	1946.35	1	2	3	4	5	6	7	8	9	10	11	12	15	16	17	18	19	23	24	25	26	29	30	31	32	33	34	35	39	46	47	54	55	60	61	62	63	214	#
820	2289.17	1	2	3	4	8	9	10	11	12	13	16	17	20	21	27	28	29	30	34	35	36	37	38	39	42	43	44	45	46	49	50	52	53	54	55	57	62	214	#
821	2253.24	0	1	2	3	4	8	9	10	11	12	13	14	16	17	18	19	24	25	26	27	32	33	34	35	36	40	42	43	44	48	49	50	52	56	57	58	59	214	#
822	2222.64	1	2	3	4	5	6	9	10	11	12	13	14	16	17	18	19	20	21	22	24	25	26	28	33	34	35	36	42	43	44	45	49	50	52	53	58	61	214	#
823	2221.44	1	2	3	4	5	8	9	10	11	12	16	17	18	19	24	25	26	28	29	32	33	34	35	36	40	41	42	43	44	45	48	49	50	51	53	58	59	214	#
824	2198.83	0	1	2	3	4	8	9	10	11	12	13	16	17	18	19	20	21	24	25	26	27	28	34	35	36	42	43	44	45	48	49	50	51	52	56	57	60	214	#
825	255.968	6	7	15	23	215	#
826	179.083	15	23	31	39	215	#
827	148.684	5	6	56	57	215	#
828	13.1385	15	#
829	277.576	21	22	29	30	37	216	#
830	344.691	22	30	38	39	46	216	#
831	332.902	29	30	37	38	60	216	#
832	316.042	21	28	29	30	38	216	#
833	212.175	21	22	29	30	31	216	#
834	176.567	12	13	14	21	22	216	#
835	508.347	19	20	26	28	29	35	36	37	38	217	#
836	704.975	17	18	19	25	26	27	33	34	35	217	#
837	704.481	16	17	19	25	26	27	33	34	35	217	#
838	700.046	27	28	34	35	36	43	44	52	53	217	#
839	691.402	27	34	35	36	43	44	51	52	53	217	#
840	616.357	12	20	25	26	27	28	35	36	44	217	#
841	1600.21	4	5	6	7	12	13	14	15	20	21	22	23	26	27	28	29	30	31	35	36	37	38	39	43	44	52	53	60	61	218	#
842	1990.73	3	4	5	6	7	9	10	11	12	13	14	15	17	19	20	21	22	23	29	30	31	37	38	39	47	49	53	54	62	218	#
843	1913.31	2	3	4	5	6	7	9	10	11	12	13	14	15	16	17	20	21	22	23	24	25	28	29	30	31	37	38	39	47	218	#
844	1850.98	1	3	4	5	6	7	9	10	11	12	13	14	15	17	20	21	22	23	27	28	29	30	31	36	37	38	39	45	47	218	#
845	1814.67	4	5	6	7	10	11	12	13	14	15	20	21	22	23	28	29	30	31	37	38	39	41	42	43	44	45	49	50	58	218	#
846	1809.69	9	10	12	13	17	18	20	21	22	24	27	28	29	30	32	35	36	37	38	39	43	44	46	51	52	53	54	60	61	218	#
847	635.767	7	15	23	26	27	28	33	35	36	43	52	219	#
848	875.557	3	4	10	11	12	17	18	36	37	44	52	219	#
849	791.421	4	12	18	20	21	22	26	27	28	29	35	219	#
850	775.109	26	27	35	36	42	43	44	50	51	52	60	219	#
851	741.631	15	22	23	30	31	36	37	38	39	44	47	219	#
852	719.707	13	18	21	22	26	34	35	43	44	51	52	219	#
853	153.799	37	38	46	220	#
854	161.062	37	38	39	220	#
855	617.228	23	30	31	36	37	38	39	44	52	241	#
856	401.054	0	1	9	10	17	221	#
857	426.978	1	8	9	16	24	221	#
858	400.02	0	1	8	9	16	221	#
859	392.621	8	9	16	17	18	221	#
860	318.174	1	8	9	10	18	221	#
861	303.958	1	9	10	11	17	221	#
862	313.72	21	27	28	29	35	36	222	#
863	459.244	13	21	29	37	38	45	222	#
864	450.538	21	28	29	30	37	38	222	#
865	434.806	18	19	25	26	27	34	222	#
866	409.978	9	10	17	26	34	35	222	#
867	304.883	12	20	21	28	29	36	222	#
868	399.041	3	4	5	6	43	52	223	#
869	536.251	3	4	5	10	12	18	223	#
870	478.614	4	5	7	12	13	21	223	#
871	446.864	34	35	43	51	52	53	223	#
872	359.157	28	36	43	44	52	53	223	#
873	357.457	5	6	14	22	56	57	223	#
874	612.703	1	3	8	9	10	17	18	19	26	59	224	#
875	886.531	9	10	17	18	24	25	26	27	34	35	224	#
876	821.345	17	25	26	27	33	35	36	37	52	60	224	#
877	776.431	3	4	8	9	10	12	17	18	19	26	224	#
878	771.116	1	9	10	17	18	24	25	26	27	33	224	#
879	741.119	9	10	11	17	18	19	26	34	35	49	224	#
880	1060.4	13	30	37	38	39	46	48	49	50	53	54	57	61	225	#
881	913.177	39	44	45	47	51	52	53	54	55	60	61	62	63	225	#
882	837.983	28	29	30	37	38	43	44	45	46	47	52	54	55	225	#
883	814.923	26	27	33	41	42	43	48	49	50	51	52	56	57	225	#
884	800.258	27	35	36	37	42	43	44	45	51	52	53	54	62	225	#
885	790.178	1	2	30	36	42	43	44	45	51	52	53	60	61	225	#
886	222.67	43	52	226	#
887	167.151	20	52	226	#
888	159.042	35	43	226	#
889	389.809	4	5	12	17	20	227	#
890	346.429	8	17	26	53	61	227	#
891	336.779	3	4	5	12	13	227	#
892	327.508	2	4	10	12	13	227	#
893	278.219	13	20	21	22	58	227	#
894	273.399	4	5	6	12	13	227	#
895	694.361	3	8	9	16	24	25	32	33	41	42	62	228	#
896	762.837	36	37	41	42	43	44	45	50	51	52	58	228	#
897	737.622	8	9	16	17	18	24	25	26	32	33	35	228	#
898	730.947	42	43	44	45	50	51	53	58	59	61	62	228	#
899	691.412	16	24	25	26	32	33	34	35	36	37	42	228	#
900	674.575	16	24	25	31	32	33	40	41	42	49	51	228	#
901	688.515	13	14	21	22	29	30	38	40	48	49	50	56	57	58	229	#
902	1020.98	8	9	10	16	17	18	26	32	33	41	49	50	56	57	229	#
903	976.573	16	18	24	25	26	27	32	33	34	35	36	40	48	49	229	#
904	914.048	26	32	33	34	35	40	41	42	43	48	49	50	51	57	229	#
905	910.783	12	20	40	41	42	43	48	49	50	51	52	57	58	59	229	#
906	907.54	24	25	26	27	32	33	34	35	36	40	41	49	57	58	229	#
907	191.283	43	44	52	60	230	#
908	284.573	36	43	44	52	230	#
909	279.339	41	42	43	52	230	#
910	277.636	42	43	44	45	230	#
911	246.598	52	53	60	61	230	#
912	330.221	49	57	58	59	231	#
913	283.077	43	51	52	59	231	#
914	263.29	27	49	57	62	231	#
915	261.039	41	48	49	57	231	#
916	180.38	48	56	57	58	231	#
917	919.868	1	2	3	4	8	9	10	11	12	13	16	17	18	26	27	232	#
918	936.354	3	8	9	10	16	17	18	23	44	52	53	55	61	62	63	232	#
919	913.958	0	1	2	3	4	5	9	10	11	12	17	18	20	26	28	232	#
920	895.612	1	8	9	10	16	17	18	24	25	26	27	32	33	34	36	232	#
921	884.747	1	2	3	4	10	12	17	18	26	27	33	35	41	45	49	232	#
922	868.723	8	11	12	17	18	19	20	26	27	28	29	30	33	36	37	232	#
923	1866.87	0	1	2	3	4	5	6	8	9	10	11	12	13	14	16	17	18	20	21	24	26	27	32	33	35	36	43	233	#
924	1808.01	2	3	8	9	10	16	17	18	20	21	24	25	26	27	32	34	36	40	41	42	43	44	48	49	50	51	52	233	#
925	1731.97	8	9	16	17	18	24	25	26	27	29	30	32	33	35	36	37	38	40	43	51	52	58	59	60	61	62	63	233	#
926	1725.03	0	1	2	3	4	5	6	8	9	10	11	12	13	16	17	18	19	24	25	26	27	32	33	34	35	36	49	233	#
927	1707.53	0	1	2	3	4	5	6	8	9	10	11	12	14	17	18	22	25	26	27	32	33	34	35	36	37	40	43	233	#
928	1650.56	0	1	2	3	4	10	11	12	13	14	16	17	18	19	20	21	26	27	28	32	33	34	36	40	41	42	48	233	#
929	238.794	20	21	28	34	51	59	234	#
930	316.849	26	27	33	34	35	43	234	#
931	300.017	11	12	13	14	20	21	234	#
932	250.172	11	13	14	20	21	22	234	#
933	243.335	42	43	44	51	52	60	234	#
934	190.872	20	28	29	37	38	51	234	#
935	516.939	8	17	18	19	25	26	27	33	34	35	36	41	235	#
936	761.03	2	8	9	10	11	12	17	18	19	26	27	35	235	#
937	739.456	1	2	8	9	17	26	27	34	35	36	44	53	235	#
938	724.989	9	10	16	17	18	19	24	25	26	27	33	35	235	#
939	700.397	26	27	28	34	35	36	42	43	51	52	59	60	235	#
940	678.546	2	10	16	17	19	24	25	26	33	34	35	41	235	#
941	552.699	31	44	45	52	53	61	236	#
942	478.323	22	35	43	52	60	61	236	#
943	473.737	35	36	43	44	45	52	236	#
944	469.59	52	53	54	55	61	62	236	#
945	447.207	44	52	53	54	55	62	236	#
946	374.398	43	44	51	52	60	61	236	#
947	1476.29	3	4	8	9	10	11	12	17	18	19	26	27	35	36	37	38	43	44	45	46	51	52	53	59	237	#
948	1790.34	0	1	2	3	4	8	10	11	16	17	18	19	26	27	34	35	36	44	45	51	52	53	58	59	237	#
949	1756.2	3	4	9	10	17	18	19	26	27	34	35	36	37	42	44	45	50	51	52	53	54	59	60	61	237	#
950	1596.5	2	3	10	14	18	21	22	26	27	30	34	35	36	37	42	43	44	45	50	51	52	53	60	61	237	#
951	1545.77	0	1	2	3	4	8	9	10	11	16	17	18	19	24	25	26	27	29	30	31	32	34	36	39	237	#
952	1519.27	2	3	8	9	10	11	16	17	18	19	24	25	26	27	32	34	35	36	42	43	44	51	52	53	237	#
953	231.391	47	54	55	62	63	238	#
954	333.367	30	31	39	47	55	238	#
955	299.965	39	47	55	62	63	238	#
956	281.968	7	15	47	55	63	238	#
957	244.71	43	47	54	55	62	238	#
958	195.317	38	46	47	54	55	238	#
959	403.179	26	27	29	34	35	38	41	42	239	#
960	571.72	8	9	10	17	18	19	26	49	239	#
961	550.522	15	27	34	35	43	44	51	53	239	#
962	470.415	24	32	40	41	42	48	49	51	239	#
963	462.298	20	21	22	28	29	30	37	38	239	#
964	458.877	27	34	35	36	41	42	51	60	239	#
965	387.107	43	44	52	53	54	60	61	240	#
966	419.022	52	53	54	55	58	60	61	240	#
967	409.19	17	44	53	54	55	62	63	240	#
968	403.986	29	36	37	44	45	52	53	240	#
969	391.313	36	44	45	52	53	54	61	240	#
970	379.2	44	52	53	54	55	60	62	240	#
971	589.216	37	44	45	51	52	53	54	60	61	241	#
972	723.671	17	20	26	27	28	29	36	44	45	241	#
973	685.88	26	35	36	43	44	51	52	60	61	241	#
974	658.521	27	35	36	42	43	44	45	51	52	241	#
975	634.914	35	36	44	51	52	53	54	60	61	241	#
976	738.228	8	9	10	11	16	17	18	19	26	35	242	#
977	777.28	0	1	2	8	9	10	11	16	17	18	242	#
978	753.701	8	9	16	17	19	24	25	26	32	40	242	#
979	747.594	1	2	8	9	10	11	17	18	19	53	242	#
980	742.87	8	9	17	18	19	24	25	26	27	35	242	#
981	717.179	8	9	16	17	18	24	26	32	33	40	242	#
982	235.501	49	50	56	57	243	#
983	254.412	49	50	57	58	243	#
984	219.349	39	41	49	50	243	#
985	210.401	48	49	50	57	243	#
986	158.2	48	49	56	57	243	#
987	425.059	6	35	43	44	51	52	53	54	60	61	244	#
988	603.868	14	27	36	37	42	43	44	51	52	53	244	#
989	541.996	31	42	43	44	51	52	53	54	60	61	244	#
990	522.485	19	26	34	42	44	53	54	60	61	62	244	#
991	510.845	2	3	29	30	38	39	44	46	53	54	244	#
992	491.307	3	4	5	6	7	13	14	15	21	22	244	#
993	537.502	16	17	19	26	27	36	245	#
994	519.812	10	12	17	18	26	34	245	#
995	475.688	26	27	34	36	37	45	245	#
996	453.223	10	17	18	25	26	27	245	#
997	435.851	10	17	18	19	25	26	245	#
998	426.902	10	17	23	25	26	34	245	#
999	847.273	18	26	34	35	40	41	42	48	49	50	56	57	58	59	246	#
1000	897.265	2	3	4	9	10	11	17	18	19	25	26	45	56	57	246	#
1001	840.538	21	22	28	29	30	37	38	42	45	50	51	52	58	59	246	#
1002	838.296	32	33	34	35	36	41	42	43	44	49	50	51	52	58	246	#
1003	832.381	25	26	32	33	41	42	45	49	50	51	52	57	58	59	246	#
1004	795.855	4	11	19	26	33	34	35	41	49	50	56	57	58	59	246	#
