%% File generated by CATS v.2.1Wed Jun 22 10:37:47 2022

%% The CATS webpage is http://robotics.stanford.edu/CATS

%% PARAMETER SETTINGS:
% Goods: 64; Bids: 1000; Distribution: regions; Runs: 1; Seed: 1656572970
% Regions Distribution Parameters:
% Max Substitutable Bids = 5
% Removing HV Neighbor   = 0.1
% Adding DIAG Neighbor   = 0.2
% Additional Location    = 0.9
% Jump Probability       = 0.05
% Additivity             = 0.2
% Budget Factor          = 1.5
% Resale Factor          = 0.5
% Normal Private Value:
%   Mean                 = 0
%   Standard Deviation   = 30



goods 64
bids 1000
dummy 182

0	587.306	9	10	11	18	19	27	28	29	30	34	35	64	#
1	685.455	27	28	29	30	34	35	42	44	52	53	61	64	#
2	638.234	13	27	28	34	35	41	42	43	44	52	56	64	#
3	584.62	14	20	22	28	29	30	36	37	38	44	45	64	#
4	556.367	0	1	2	8	9	10	11	16	18	19	26	64	#
5	545.699	12	17	18	19	20	25	26	27	28	29	34	64	#
6	110.488	28	#
7	107.908	39	#
8	178.881	52	53	60	#
9	483.732	29	30	37	44	45	46	52	53	54	58	65	#
10	684.757	18	19	27	45	46	47	53	54	61	62	65	#
11	640.897	5	6	14	15	22	23	30	31	42	43	65	#
12	537.255	27	35	44	45	52	53	54	61	62	63	65	#
13	528.835	16	36	37	44	45	46	52	53	54	62	65	#
14	527.254	12	14	15	20	21	22	23	29	30	57	65	#
15	1425.81	13	14	22	27	29	30	34	35	36	38	42	44	45	48	50	51	52	53	56	57	58	59	60	61	66	#
16	1540.39	5	6	7	12	13	14	20	21	22	28	29	30	35	36	37	38	39	44	45	47	53	54	61	62	66	#
17	1459.76	4	5	6	10	11	12	13	18	19	20	21	22	26	27	28	29	30	34	35	36	37	38	42	45	66	#
18	1399.44	3	4	5	6	7	10	11	12	13	14	15	19	20	21	22	29	30	31	38	39	45	46	47	53	66	#
19	1394.06	3	4	5	6	11	12	13	19	20	21	22	23	28	29	30	34	36	37	38	39	40	41	42	47	66	#
20	1385.36	24	25	26	27	28	29	30	34	35	36	38	39	45	46	47	48	49	50	51	52	53	54	61	62	66	#
21	139.478	50	51	58	59	60	67	#
22	196.438	23	50	51	52	59	67	#
23	135.681	51	52	58	59	60	67	#
24	134.05	28	36	44	52	60	67	#
25	109.344	35	42	43	68	#
26	151.57	41	42	43	68	#
27	97.9355	34	35	44	68	#
28	72.3391	43	46	47	68	#
29	189.671	22	30	69	#
30	169.016	16	22	69	#
31	1492.43	15	20	22	23	27	28	29	30	31	34	35	36	38	39	43	44	45	46	47	52	53	54	55	59	60	61	62	63	70	#
32	1829.77	11	19	25	26	27	28	32	33	34	35	40	41	42	43	44	45	46	47	48	49	52	53	54	57	58	59	61	62	70	#
33	1747.27	5	6	7	12	13	14	15	22	23	26	27	30	31	34	35	36	38	39	44	45	46	47	52	53	54	61	62	63	70	#
34	1674.72	26	27	28	30	32	33	34	35	36	38	39	41	42	43	44	45	46	47	49	52	53	54	55	59	60	61	62	63	70	#
35	1671.37	19	22	23	25	26	27	28	30	31	33	34	35	36	38	39	41	42	43	44	45	46	47	52	53	54	55	61	63	70	#
36	1616.62	6	25	27	28	32	33	34	35	36	38	41	42	43	44	45	46	47	50	51	52	53	54	55	58	60	61	62	63	70	#
37	47.0105	8	9	#
38	199.163	6	7	14	22	71	#
39	273.895	20	21	22	23	71	#
40	255.517	6	7	15	23	71	#
41	248.988	6	14	22	23	71	#
42	200.994	5	6	7	14	71	#
43	1457.11	2	3	8	10	11	16	17	18	24	25	26	32	33	34	40	41	42	46	49	50	51	52	55	60	62	63	72	#
44	1764.07	24	26	29	32	33	34	35	36	37	41	42	44	45	46	49	50	51	52	53	54	57	58	59	60	61	62	72	#
45	1729.93	6	13	21	22	29	30	33	36	37	38	39	44	45	46	47	50	51	52	53	54	55	56	60	61	62	63	72	#
46	1639.79	17	18	19	24	25	26	27	32	33	34	35	36	40	41	42	44	49	50	51	52	53	54	57	58	60	61	72	#
47	1591.29	8	16	17	18	24	25	26	27	28	32	33	34	40	41	42	48	49	50	51	52	56	57	58	59	60	61	72	#
48	1589.51	20	28	29	32	33	34	36	37	40	41	42	43	44	45	46	47	48	49	50	51	52	53	54	57	58	59	72	#
49	286.904	42	43	50	51	58	73	#
50	315.547	49	50	56	57	58	73	#
51	263.176	33	34	42	43	50	73	#
52	258.222	33	41	42	49	50	73	#
53	220.168	41	42	49	50	51	73	#
54	214.789	50	51	52	58	60	73	#
55	453.153	2	9	10	18	50	57	58	74	#
56	496.458	0	1	8	9	15	16	23	74	#
57	432.956	0	1	3	8	9	10	18	74	#
58	423.303	6	7	14	34	50	58	59	74	#
59	420.464	2	3	9	10	11	12	18	74	#
60	290.304	2	10	17	18	25	26	34	74	#
61	391.727	27	28	29	30	31	75	#
62	440.853	28	29	30	31	62	75	#
63	435.477	22	23	30	31	51	75	#
64	433.226	22	23	31	38	39	75	#
65	260.094	20	21	22	28	29	75	#
66	188.08	33	41	49	50	76	#
67	224.106	32	33	40	41	76	#
68	209.548	32	33	34	41	76	#
69	138.674	42	49	50	57	76	#
70	295.919	45	51	52	53	59	60	61	77	#
71	436.605	51	52	56	57	58	59	60	77	#
72	385.584	44	52	53	54	58	59	60	77	#
73	358.456	44	51	52	53	56	59	60	77	#
74	314.239	45	52	53	54	59	60	61	77	#
75	256.252	44	50	51	52	58	59	60	77	#
76	719.465	0	1	8	9	16	44	45	50	51	52	53	61	78	#
77	784.807	0	1	8	9	16	24	25	32	33	41	49	51	78	#
78	720.065	0	1	2	3	4	8	9	10	11	19	27	28	78	#
79	712.424	0	1	8	9	16	29	30	37	38	44	45	46	78	#
80	693.438	0	1	8	9	16	17	24	25	26	27	32	33	78	#
81	658.739	0	1	8	12	13	16	24	25	32	33	40	41	78	#
82	144.07	26	27	28	36	44	45	79	#
83	177.285	4	5	36	37	44	45	79	#
84	159.139	35	44	45	46	52	53	79	#
85	153.974	17	18	26	27	34	35	79	#
86	98.7463	17	19	25	26	27	35	79	#
87	94.3014	48	#
88	478.666	28	29	30	36	37	38	44	46	80	#
89	516.378	13	20	21	27	28	29	30	36	80	#
90	479.281	13	21	28	29	30	35	36	37	80	#
91	433.262	19	20	21	27	29	30	31	39	80	#
92	420.618	7	14	15	23	29	36	37	38	80	#
93	349.502	34	35	37	38	39	44	45	46	80	#
94	607.877	18	20	25	26	27	28	29	36	37	45	81	#
95	632.284	18	26	27	28	34	35	36	44	48	56	81	#
96	621.881	11	18	19	20	26	27	28	29	30	36	81	#
97	614.109	5	13	21	22	27	28	29	30	35	36	81	#
98	590.262	11	12	18	19	25	26	27	28	33	34	81	#
99	517.021	18	19	20	26	27	28	35	36	44	45	81	#
100	550.345	2	10	11	18	19	21	29	30	82	#
101	586.264	1	2	8	9	10	16	18	45	82	#
102	458.716	21	22	23	29	30	31	38	39	82	#
103	455.045	13	14	20	21	22	29	30	31	82	#
104	435.56	9	10	11	12	13	17	18	19	82	#
105	397.745	2	9	10	11	17	18	19	26	82	#
106	32.7816	36	#
107	588.249	3	4	5	6	7	10	11	12	13	14	15	21	22	29	83	#
108	786.136	2	3	4	5	11	12	13	19	20	21	25	27	29	33	83	#
109	778.889	2	3	4	5	9	10	11	12	13	18	19	20	21	26	83	#
110	775.523	2	3	4	5	9	10	11	12	13	17	18	19	21	29	83	#
111	755.66	2	3	4	9	10	11	12	13	19	20	21	51	58	59	83	#
112	728.35	3	4	5	9	10	11	12	17	18	19	24	25	26	32	83	#
113	1711.72	3	9	10	11	16	18	19	21	24	25	26	27	28	29	32	33	34	40	41	48	49	50	56	57	58	84	#
114	1520.32	2	3	9	10	11	14	19	20	21	22	26	27	28	29	32	33	34	37	40	41	48	49	55	56	57	84	#
115	1499.4	2	19	20	21	24	26	28	29	30	31	32	33	34	40	41	42	48	49	50	56	57	58	59	60	61	84	#
116	1477.69	4	5	8	11	12	13	16	19	20	21	24	25	26	28	29	32	33	40	41	48	49	54	56	57	58	84	#
117	1442.55	0	1	2	3	8	9	10	11	12	13	16	17	18	19	20	21	24	25	27	28	29	32	35	36	57	84	#
118	1441.38	18	20	21	26	27	28	29	30	32	33	34	36	38	39	40	41	42	48	49	50	51	56	57	58	59	84	#
119	594.547	0	2	3	4	8	9	10	11	12	17	18	19	20	21	26	85	#
120	871.03	0	1	3	8	9	10	18	26	27	33	34	38	47	48	56	85	#
121	786.546	3	4	5	6	7	10	11	12	13	14	20	21	22	23	29	85	#
122	722.688	2	3	4	5	9	10	11	12	13	18	19	20	21	28	29	85	#
123	706.75	0	1	2	3	8	9	10	11	12	16	20	24	28	32	53	85	#
124	706.634	2	3	4	5	9	10	11	12	17	25	26	33	34	35	41	85	#
125	923.323	13	14	15	22	23	30	31	38	39	46	47	53	54	55	62	63	86	#
126	1060.34	4	5	6	13	14	15	18	19	20	21	22	23	28	30	31	38	86	#
127	981.418	4	5	6	7	11	13	14	15	19	20	21	22	23	28	30	31	86	#
128	929.333	12	16	20	21	24	30	31	37	38	39	44	45	53	54	62	63	86	#
129	912.112	22	30	37	38	44	45	46	47	51	53	54	55	59	61	62	63	86	#
130	908.801	6	14	22	23	28	30	31	36	37	38	39	45	46	47	53	55	86	#
131	446.626	12	20	28	29	30	38	87	#
132	442.845	13	20	21	22	30	31	87	#
133	396.522	28	29	30	36	37	38	87	#
134	371.662	4	5	12	13	20	21	87	#
135	364.176	11	12	13	19	20	34	87	#
136	340.638	20	21	28	29	37	38	87	#
137	1368.87	2	9	10	18	24	25	26	32	33	34	40	41	42	43	48	49	50	51	52	56	57	58	59	60	61	88	#
138	1400.53	22	23	26	30	31	34	37	38	39	42	43	45	46	47	50	52	53	54	55	58	59	60	61	62	63	88	#
139	1334.94	2	8	9	10	29	30	31	36	37	38	39	42	44	47	48	49	50	51	52	53	56	57	58	59	60	88	#
140	1330.46	24	25	26	30	31	32	33	34	36	37	38	39	40	41	42	45	46	47	48	49	50	53	56	57	58	88	#
141	1326.24	8	16	24	32	33	34	38	40	41	42	43	46	47	48	49	50	51	52	54	56	58	59	60	61	62	88	#
142	1304.92	0	2	3	7	8	9	10	11	12	14	15	16	18	22	24	25	26	27	28	32	33	34	40	48	49	88	#
143	938.291	0	1	2	3	8	9	10	11	16	17	18	24	32	40	41	42	43	89	#
144	1019.23	16	18	24	25	26	32	33	40	41	46	48	49	53	54	56	57	61	89	#
145	984.556	0	2	3	8	9	10	11	16	18	19	24	32	33	34	38	40	41	89	#
146	966.818	0	1	2	3	8	9	10	11	16	19	24	27	32	33	34	35	49	89	#
147	952.169	2	3	4	5	10	11	12	13	14	21	22	23	28	29	30	31	39	89	#
148	889.034	0	1	2	3	8	9	10	11	16	19	27	32	35	40	41	48	49	89	#
149	222.496	35	44	52	53	59	60	90	#
150	308.619	28	33	34	35	36	43	90	#
151	272.913	51	52	53	59	60	61	90	#
152	185.267	28	29	35	36	44	52	90	#
153	138.954	44	50	51	52	59	60	90	#
154	987.751	27	32	33	34	35	36	40	41	42	43	44	45	46	48	49	50	51	52	53	56	57	58	60	61	91	#
155	1452.58	0	7	8	15	16	22	23	24	31	32	34	40	42	43	47	48	49	50	51	56	57	58	59	60	91	#
156	1269.1	23	27	28	31	35	38	39	44	45	46	47	51	52	53	54	55	56	57	58	59	60	61	62	63	91	#
157	1254.5	13	20	21	23	29	30	31	37	38	39	44	45	46	50	51	52	53	54	58	59	60	61	62	63	91	#
158	1220.19	6	24	25	26	27	32	33	34	35	40	42	43	44	45	48	50	51	52	53	56	57	58	59	60	91	#
159	1201.23	16	24	25	26	32	33	34	35	40	41	42	43	48	49	50	51	53	54	56	57	58	59	60	61	91	#
160	87.3648	29	#
161	340.687	18	24	25	26	27	33	34	92	#
162	410.767	8	16	24	25	32	33	34	92	#
163	406.575	17	25	32	33	40	48	49	92	#
164	314.743	24	25	26	32	33	34	35	92	#
165	256.226	3	10	17	18	19	25	27	92	#
166	251.28	18	25	26	33	34	42	50	92	#
167	80.8016	47	55	63	#
168	88.6589	62	#
169	135.014	19	20	21	93	#
170	106.894	11	19	27	93	#
171	85.5268	20	28	29	93	#
172	91.0165	17	25	94	#
173	122.871	17	23	94	#
174	75.5272	25	26	94	#
175	234.601	37	45	60	61	95	#
176	345.274	52	53	60	61	95	#
177	303.544	10	11	19	45	95	#
178	419.521	41	42	43	48	49	55	96	#
179	586.763	48	49	50	54	58	62	96	#
180	510.86	24	25	33	41	48	49	96	#
181	378.814	46	47	54	55	62	63	96	#
182	352.924	4	11	12	19	48	49	96	#
183	286.891	31	39	41	42	50	58	96	#
184	445.183	1	3	4	9	10	17	18	25	26	33	97	#
185	653.281	1	2	3	4	9	10	11	12	13	20	97	#
186	593.653	0	1	2	3	4	8	9	10	11	18	97	#
187	582.124	3	4	5	10	11	12	13	19	20	28	97	#
188	573.846	17	18	24	25	32	33	41	48	49	50	97	#
189	520.963	2	3	10	11	12	18	19	20	28	36	97	#
190	252.634	13	14	20	21	98	#
191	332.911	13	21	22	29	98	#
192	315.48	13	14	15	22	98	#
193	308.806	13	14	15	23	98	#
194	213.533	4	12	20	28	98	#
195	139.903	50	51	52	99	#
196	190.047	44	45	52	99	#
197	141.03	42	43	50	99	#
198	109.942	44	51	52	99	#
199	699.899	23	29	30	31	37	38	39	45	46	47	54	55	63	100	#
200	1004.28	20	21	23	28	29	30	31	37	38	39	45	48	56	100	#
201	899.343	5	6	13	14	22	23	30	31	37	38	44	45	46	100	#
202	824.784	5	6	7	12	13	20	21	31	38	39	47	55	63	100	#
203	816.367	12	20	21	29	30	31	37	38	39	44	45	47	55	100	#
204	745.391	23	30	31	37	38	39	45	46	47	54	55	62	63	100	#
205	556.988	13	20	21	27	28	35	43	44	45	101	#
206	584.002	10	11	15	17	18	19	20	24	27	101	#
207	583.592	4	11	12	13	14	19	20	21	29	101	#
208	535.538	4	5	12	13	14	19	20	21	22	101	#
209	516.442	11	19	20	27	28	35	49	57	58	101	#
210	493.829	4	12	19	20	21	27	29	36	37	101	#
211	248.608	48	49	56	102	#
212	298.316	48	56	57	102	#
213	208.022	40	48	49	102	#
214	181.704	48	49	50	102	#
215	557.068	41	48	49	50	51	52	53	57	58	59	103	#
216	779.824	2	3	4	10	11	48	49	54	58	62	103	#
217	679.101	24	32	33	40	41	42	48	49	50	56	103	#
218	590.882	30	32	38	40	41	46	48	49	56	57	103	#
219	552.551	0	1	32	33	40	41	42	49	50	58	103	#
220	516.614	18	24	25	26	32	33	34	40	41	42	103	#
221	125.196	32	40	#
222	473.758	5	6	7	13	14	15	21	29	104	#
223	485.432	6	7	15	23	31	38	39	56	104	#
224	476.055	0	8	13	14	15	22	23	31	104	#
225	467.34	14	20	21	22	29	30	37	38	104	#
226	440.075	5	6	7	13	14	15	21	22	104	#
227	425.552	22	23	29	30	36	37	38	39	104	#
228	561.162	6	7	14	15	21	22	23	29	30	63	105	#
229	802.81	22	23	30	31	38	46	48	49	56	57	105	#
230	603.799	14	21	22	23	28	29	30	37	38	46	105	#
231	602.437	7	13	14	15	21	22	27	30	31	38	105	#
232	583.52	15	22	23	28	29	30	35	42	43	50	105	#
233	528.204	5	13	21	28	29	51	57	58	59	63	105	#
234	65.1977	20	#
235	52.8888	55	#
236	1221.27	0	1	2	3	4	5	6	8	9	10	11	12	13	14	17	18	19	21	25	26	27	33	35	36	40	41	44	47	106	#
237	1724.51	0	1	3	4	7	8	9	10	11	12	13	14	15	16	22	23	24	30	31	32	33	34	35	36	40	41	48	56	106	#
238	1661.9	4	10	12	13	17	18	19	20	21	22	24	25	27	28	29	30	31	33	34	38	39	40	41	48	49	50	56	57	106	#
239	1594.19	0	1	2	3	4	5	8	9	10	11	12	16	18	19	20	24	25	26	27	29	32	37	45	53	54	61	62	63	106	#
240	1574.66	0	1	2	3	4	5	6	8	9	10	11	12	13	14	16	17	18	19	20	24	25	26	32	33	34	40	41	48	106	#
241	1534.12	3	4	5	11	12	16	17	18	19	20	21	24	25	26	27	29	32	33	34	35	41	44	45	50	53	54	58	61	106	#
242	535.491	2	3	4	10	11	12	17	18	19	20	107	#
243	672.78	3	5	6	10	13	17	25	26	33	34	107	#
244	654.068	2	3	4	5	9	10	11	13	18	19	107	#
245	630.05	3	4	5	12	13	20	21	28	29	30	107	#
246	582.413	10	11	17	18	19	20	27	28	29	35	107	#
247	551.588	2	3	4	10	11	17	18	19	20	26	107	#
248	395.379	41	48	49	50	51	57	108	#
249	412.652	40	41	42	48	49	57	108	#
250	401.494	51	56	57	58	59	61	108	#
251	389.164	44	48	49	50	56	57	108	#
252	374.172	49	50	51	57	58	59	108	#
253	329.462	32	40	48	49	56	57	108	#
254	115.038	56	#
255	1396.13	13	20	21	22	28	29	30	31	35	36	37	38	39	44	45	46	47	51	52	53	54	55	59	60	61	62	63	109	#
256	1712.54	2	10	11	12	13	14	15	17	19	20	21	22	23	27	28	29	30	36	37	38	39	45	46	53	54	61	62	109	#
257	1673.48	0	1	11	12	13	15	18	19	20	21	22	23	26	27	28	29	30	36	37	44	45	46	53	54	60	61	62	109	#
258	1620.43	5	13	14	20	21	22	23	26	27	28	29	30	34	35	36	37	38	39	43	44	45	46	47	53	54	61	62	109	#
259	1616.74	6	7	12	13	14	15	19	20	21	22	23	28	29	30	36	37	38	39	45	46	47	53	54	55	61	62	63	109	#
260	1609.55	3	10	11	12	13	14	15	19	20	21	22	23	27	28	29	30	34	37	40	41	42	43	48	49	50	57	58	109	#
261	222.895	2	3	10	11	18	110	#
262	242.648	2	3	4	9	10	110	#
263	227.917	2	3	4	10	20	110	#
264	226.969	2	9	10	18	26	110	#
265	215.81	3	11	12	13	19	110	#
266	121.627	10	17	18	19	27	110	#
267	146.351	5	6	111	#
268	143.478	6	14	111	#
269	694.264	5	6	7	13	14	15	20	21	27	28	29	37	112	#
270	744.14	3	4	5	6	7	11	12	13	14	15	20	21	112	#
271	726.151	6	7	12	13	14	15	20	21	22	23	29	34	112	#
272	716.413	3	4	5	6	11	12	13	14	15	16	23	31	112	#
273	711.735	5	6	7	12	13	14	15	19	20	21	22	23	112	#
274	696.533	12	18	19	20	21	29	31	34	35	37	43	45	112	#
275	112.914	33	#
276	113.899	27	34	35	44	113	#
277	169.679	34	41	42	43	113	#
278	111.845	26	27	28	29	113	#
279	59.8704	36	44	52	60	113	#
280	486.101	9	10	16	18	19	24	26	27	34	35	36	114	#
281	717.648	1	2	3	5	9	10	11	13	18	21	22	114	#
282	650.607	2	3	9	10	11	18	19	26	27	28	34	114	#
283	643.029	0	1	8	9	10	16	24	25	32	33	34	114	#
284	575.108	2	3	4	5	8	9	10	11	12	13	14	114	#
285	545.427	8	11	16	18	19	24	25	26	32	33	40	114	#
286	1505.37	10	12	13	17	18	19	20	24	25	26	27	28	29	32	33	34	35	36	41	42	43	44	49	50	51	52	57	58	59	60	115	#
287	1755.84	16	17	18	24	25	29	32	33	34	35	37	38	41	45	46	47	48	49	50	51	52	53	54	57	58	59	60	61	62	63	115	#
288	1750.36	2	3	4	5	11	12	13	14	15	19	20	21	22	23	27	28	29	35	36	40	41	43	45	46	48	49	53	54	62	63	115	#
289	1740.68	0	1	2	3	4	9	10	11	12	13	16	17	18	19	20	21	24	25	26	27	28	32	33	34	35	42	43	44	52	53	115	#
290	1739.05	0	1	8	9	16	24	25	26	32	33	34	35	38	40	41	45	46	48	49	50	51	52	53	54	57	58	59	60	61	62	115	#
291	1712.93	0	1	2	3	9	10	11	12	17	18	19	20	21	24	25	26	27	28	29	32	34	35	36	37	38	42	43	44	50	51	115	#
292	825.095	24	32	33	40	41	42	48	49	50	56	57	58	116	#
293	858.885	8	16	24	25	26	32	33	40	48	49	56	57	116	#
294	824.409	16	17	24	25	32	33	40	41	48	49	57	58	116	#
295	780.011	32	33	34	40	41	48	49	56	57	58	59	60	116	#
296	766.342	18	32	33	34	40	41	42	48	49	50	56	57	116	#
297	755.867	25	26	33	34	40	41	48	49	50	56	57	58	116	#
298	136.917	8	9	25	117	#
299	154.139	1	8	9	117	#
300	98.9107	25	26	33	117	#
301	214.132	13	14	21	22	118	#
302	318.749	6	14	22	30	118	#
303	238.569	14	20	21	22	118	#
304	198.789	13	20	21	28	118	#
305	174.518	5	12	13	21	118	#
306	1445.42	2	3	4	5	6	9	10	13	14	15	17	18	19	20	21	22	23	25	26	27	28	29	30	34	35	37	42	43	119	#
307	1869.62	3	4	5	6	7	12	13	14	15	20	21	22	23	40	41	42	45	49	50	51	52	53	54	56	57	59	60	61	119	#
308	1607.17	2	3	4	5	6	10	11	12	13	14	15	18	19	20	21	22	23	26	28	29	30	31	36	37	39	41	42	56	119	#
309	1576.29	4	5	6	7	8	9	12	13	14	15	16	20	21	22	23	30	31	38	39	45	46	47	53	54	55	61	62	63	119	#
310	1575.25	19	20	21	26	27	28	29	35	36	37	38	42	43	44	45	46	47	48	49	50	51	52	53	56	57	58	59	60	119	#
311	1547.48	10	11	14	15	17	18	19	20	21	22	23	26	27	28	29	30	34	35	36	41	42	43	49	50	56	57	58	59	119	#
312	731.262	40	42	43	48	49	50	51	52	56	57	58	59	120	#
313	789.43	44	49	50	51	52	53	56	57	58	59	60	61	120	#
314	766.441	27	35	42	43	44	45	49	50	51	52	58	59	120	#
315	738.293	19	27	34	35	42	43	44	45	50	51	52	60	120	#
316	731.502	6	7	14	15	22	23	35	42	43	49	50	58	120	#
317	678.122	16	42	49	50	51	56	57	58	59	60	61	62	120	#
318	1769.63	2	3	4	5	6	7	9	10	11	12	13	14	15	19	20	21	23	26	27	29	30	31	33	34	35	36	37	38	39	41	42	44	45	49	50	51	52	53	121	#
319	2142.63	0	1	2	4	5	6	9	12	13	15	19	20	21	22	23	26	27	28	29	30	34	35	36	37	38	41	42	43	44	45	51	52	53	54	59	60	61	62	121	#
320	2020.3	0	1	2	3	4	5	6	9	10	11	12	13	14	15	17	18	19	20	21	25	26	27	28	29	34	35	36	41	42	44	48	49	53	54	56	57	62	63	121	#
321	2009.28	0	2	3	4	5	6	7	8	10	11	12	13	14	15	16	17	19	20	21	22	23	24	25	26	27	28	29	33	34	35	36	37	38	39	44	52	53	61	121	#
322	1996.15	12	13	16	20	21	22	23	24	25	26	27	28	29	30	31	32	33	34	35	36	37	40	41	42	43	44	45	48	49	50	51	52	53	56	57	59	60	61	121	#
323	1964.08	3	4	5	6	7	12	13	14	15	17	18	19	20	21	22	23	24	25	26	27	29	30	31	32	33	34	35	37	39	40	45	46	47	48	53	55	62	63	121	#
324	1441.57	4	5	6	7	10	11	12	13	14	15	18	21	22	23	29	30	31	34	35	40	41	42	48	49	56	57	122	#
325	1573.71	15	20	21	22	23	27	28	29	30	31	35	36	37	40	41	42	45	48	49	53	54	56	57	58	60	61	122	#
326	1533.31	16	20	21	22	24	25	29	30	32	33	40	41	42	44	45	48	49	50	51	52	53	56	57	58	59	60	122	#
327	1505.5	3	4	5	6	7	12	13	14	15	21	23	28	29	30	31	36	37	38	39	45	46	47	53	54	55	62	122	#
328	1499.51	12	13	14	15	20	21	22	23	27	28	29	30	31	33	34	35	36	37	38	41	44	45	46	52	53	61	122	#
329	1455.32	2	3	4	5	10	11	12	13	14	17	18	19	20	26	28	34	35	36	44	52	53	54	55	61	62	63	122	#
330	104.394	2	#
331	193.14	46	47	49	50	54	55	57	123	#
332	275.15	42	50	51	52	53	57	58	123	#
333	250.263	41	42	49	50	51	57	58	123	#
334	249.28	37	38	44	45	46	47	55	123	#
335	614.128	5	6	13	21	47	54	55	62	63	124	#
336	612.602	3	4	5	6	7	12	13	14	21	124	#
337	582.11	4	5	6	7	11	12	13	14	21	124	#
338	565.135	4	5	6	12	13	14	20	21	22	124	#
339	540.411	13	14	21	22	23	29	30	31	39	124	#
340	461.605	38	39	45	46	47	52	53	54	55	124	#
341	34.9803	10	#
342	178.416	62	63	#
343	1176.95	4	5	6	7	13	14	15	20	21	22	23	28	29	30	31	36	37	38	39	46	47	52	53	54	55	125	#
344	1210.45	5	6	13	14	15	20	21	23	28	29	31	34	35	36	37	38	39	44	45	46	47	52	53	54	61	125	#
345	1189.61	2	3	4	5	6	7	8	9	10	11	12	13	14	15	17	18	19	20	21	22	23	29	31	37	38	125	#
346	1169.01	13	14	15	21	22	23	24	25	26	27	29	30	31	34	35	37	38	39	44	45	46	47	52	53	54	125	#
347	1166.32	4	5	6	13	14	21	22	23	27	28	29	30	31	35	37	38	39	44	45	46	47	53	54	62	63	125	#
348	1154.72	8	16	19	24	25	26	27	32	33	34	35	40	41	42	44	48	49	50	51	52	53	56	58	59	60	125	#
349	132.4	59	60	61	126	#
350	156.321	58	59	60	126	#
351	27.7329	44	52	60	126	#
352	448.166	3	4	12	19	20	21	29	37	127	#
353	550.143	4	5	12	13	20	21	28	29	127	#
354	536.192	2	3	4	5	11	12	13	19	127	#
355	482.313	2	3	4	5	9	10	11	12	127	#
356	404.899	21	28	29	30	36	37	38	45	127	#
357	386.843	9	10	11	12	15	19	20	28	127	#
358	105.704	9	10	128	#
359	153.718	2	10	128	#
360	109.531	1	9	128	#
361	107.436	18	19	27	129	#
362	160.441	20	21	28	129	#
363	2837.15	0	1	2	3	4	5	6	7	8	9	10	11	12	13	14	15	16	17	18	19	20	21	22	23	25	26	27	28	29	30	31	32	33	34	35	36	37	38	39	40	41	42	43	44	45	46	47	48	49	50	51	52	53	54	55	56	57	58	59	60	61	62	63	130	#
364	2955.61	0	1	2	3	4	5	6	7	8	9	10	11	12	13	14	15	16	17	18	19	20	21	22	23	24	25	26	27	28	29	30	31	32	33	34	35	36	37	38	39	40	41	42	43	44	45	46	47	48	49	50	51	52	53	54	55	56	57	58	60	61	62	63	130	#
365	2953.61	0	1	2	3	4	5	6	7	8	9	10	11	12	13	14	15	16	17	18	19	20	21	22	23	24	25	27	28	29	30	31	32	33	34	35	36	37	38	39	40	41	42	43	44	45	46	47	48	49	50	51	52	53	54	55	56	57	58	59	60	61	62	63	130	#
366	2926.04	0	1	2	3	4	5	6	7	8	9	10	11	12	13	14	15	16	17	18	19	20	21	22	23	24	25	26	27	28	29	30	31	32	33	34	35	36	37	39	40	41	42	43	44	45	46	47	48	49	50	51	52	53	54	55	56	57	58	59	60	61	62	63	130	#
367	2917.86	0	1	2	3	4	5	6	7	8	9	10	11	12	13	14	15	16	17	18	19	20	21	22	23	24	25	26	27	28	29	30	31	32	33	34	35	36	38	39	40	41	42	43	44	45	46	47	48	49	50	51	52	53	54	55	56	57	58	59	60	61	62	63	130	#
368	2912.38	0	1	2	3	4	5	6	7	8	9	10	11	12	13	14	15	16	18	19	20	21	22	23	24	25	26	27	28	29	30	31	32	33	34	35	36	37	38	39	40	41	42	43	44	45	46	47	48	49	50	51	52	53	54	55	56	57	58	59	60	61	62	63	130	#
369	587.638	7	14	15	23	40	41	48	49	56	57	131	#
370	672.323	24	25	32	33	34	35	40	41	48	49	131	#
371	654.14	24	25	33	34	40	41	42	48	49	57	131	#
372	651.805	25	33	40	41	48	49	50	56	57	58	131	#
373	638.919	16	24	25	32	33	34	40	41	42	49	131	#
374	566.855	40	41	42	48	49	50	53	56	57	58	131	#
375	380.575	5	6	13	14	15	23	132	#
376	368.777	22	23	31	38	39	47	132	#
377	352.461	4	5	6	7	15	23	132	#
378	336.215	4	5	6	13	21	22	132	#
379	327.061	5	6	7	13	14	22	132	#
380	311.705	7	14	15	23	31	39	132	#
381	1809.72	0	2	3	4	5	6	7	8	9	10	11	12	13	14	15	16	17	18	19	20	21	22	23	24	25	26	27	29	30	31	33	50	58	62	63	133	#
382	1911.81	2	3	4	5	6	7	9	10	11	12	13	14	15	19	20	21	22	23	24	25	26	27	29	31	35	39	43	45	46	47	53	54	55	61	62	133	#
383	1890.83	0	2	3	4	5	6	7	8	9	10	11	12	13	14	15	16	18	19	20	21	22	23	24	25	26	27	29	30	31	32	38	39	46	54	62	133	#
384	1884.06	0	1	2	3	4	5	8	9	10	11	12	13	16	20	24	25	35	36	42	44	45	46	49	50	51	52	53	54	56	57	58	59	60	61	62	133	#
385	1875.92	4	5	6	7	10	11	12	13	14	15	19	20	21	22	23	29	30	31	32	33	36	37	38	39	40	44	45	46	48	49	52	53	54	56	62	133	#
386	1819.34	0	1	2	3	4	5	6	7	8	9	10	11	12	13	14	15	19	20	21	22	23	28	30	31	35	36	37	38	39	44	46	47	48	56	58	133	#
387	470.313	3	4	5	10	11	12	13	44	45	134	#
388	571.302	2	9	10	11	40	48	49	56	57	134	#
389	565.177	2	3	4	5	6	12	13	21	25	134	#
390	483.139	2	3	4	5	10	11	12	13	19	134	#
391	460.766	0	1	2	3	4	8	9	10	11	134	#
392	431.126	4	5	6	12	13	14	21	22	59	134	#
393	515.201	12	13	14	19	20	26	27	33	34	42	47	135	#
394	771.164	6	7	13	14	15	16	20	21	22	23	30	135	#
395	755.082	2	3	4	5	6	10	11	12	13	14	20	135	#
396	709.556	3	4	5	6	10	11	12	13	14	15	20	135	#
397	593.143	16	24	25	33	34	40	41	42	43	48	58	135	#
398	589.312	5	11	12	13	19	20	21	22	28	29	36	135	#
399	484.075	53	54	55	61	62	63	136	#
400	492.996	37	45	53	54	61	62	136	#
401	399.589	51	53	58	59	60	61	136	#
402	341.69	23	47	54	55	62	63	136	#
403	330.699	38	39	47	55	62	63	136	#
404	264.113	46	47	54	55	62	63	136	#
405	897.636	20	28	34	35	36	37	42	43	44	45	46	51	52	53	54	59	60	61	137	#
406	1141.34	24	30	31	39	44	45	46	47	51	52	53	54	55	59	60	61	62	63	137	#
407	1139.89	11	12	13	18	19	20	21	26	28	29	36	44	52	53	54	60	61	62	137	#
408	1058.82	29	31	35	36	37	39	43	44	45	46	47	52	53	54	55	61	62	63	137	#
409	1051.2	28	29	30	37	38	44	45	46	47	52	53	54	55	59	60	61	62	63	137	#
410	1048.89	24	28	29	35	36	37	41	42	43	48	49	50	53	56	57	58	59	61	137	#
411	718.71	0	1	2	8	9	10	11	16	19	20	24	25	26	32	34	138	#
412	810.956	8	9	10	16	24	25	32	33	34	40	41	42	48	49	56	138	#
413	769.999	0	1	2	8	9	10	11	16	18	20	24	26	29	37	38	138	#
414	752.16	15	19	20	21	22	23	29	30	31	37	39	47	59	60	61	138	#
415	749.163	0	1	2	3	4	5	8	9	10	11	12	13	14	19	20	138	#
416	728.868	8	9	10	16	18	24	25	26	32	33	34	40	48	56	57	138	#
417	750.549	2	10	12	17	18	19	20	25	26	27	28	33	34	35	40	41	42	43	48	49	50	56	57	139	#
418	1064.13	4	5	6	7	12	13	15	19	20	27	28	36	37	40	44	45	48	49	56	57	58	59	60	139	#
419	1006.5	28	36	37	41	42	43	45	46	48	49	50	51	52	53	54	56	57	58	59	60	61	62	63	139	#
420	936.15	10	19	20	27	28	34	35	40	41	42	43	45	48	49	50	51	53	56	57	58	59	60	61	139	#
421	920.117	0	8	10	16	18	24	25	26	27	33	34	40	41	42	43	45	46	48	49	53	54	62	63	139	#
422	914.916	2	3	4	5	6	7	12	13	18	19	20	21	23	26	27	28	29	33	34	35	36	37	44	139	#
423	1149.63	17	18	25	26	32	33	34	35	36	37	40	41	42	44	45	46	49	50	51	52	53	54	56	57	62	140	#
424	1593.15	5	6	13	14	15	21	22	23	28	30	35	36	44	45	46	49	50	51	52	53	54	58	60	61	62	140	#
425	1555.27	13	14	20	21	22	23	30	31	32	38	39	40	41	42	45	46	49	52	53	54	57	58	61	62	63	140	#
426	1467.65	0	8	9	16	17	18	24	25	26	27	28	32	33	34	35	40	41	48	49	50	51	56	57	58	62	140	#
427	1459.85	0	1	33	34	35	38	40	41	42	43	45	46	48	49	50	51	52	53	54	56	57	58	59	60	61	140	#
428	1459.13	4	12	13	14	20	21	22	23	26	28	29	30	34	35	36	37	38	39	44	45	46	50	51	54	62	140	#
429	91.1517	32	#
430	217.155	27	28	29	35	36	37	44	45	213	#
431	220.873	33	34	35	142	#
432	140.997	17	25	33	142	#
433	976.45	16	18	19	20	21	24	25	26	27	28	29	32	33	34	35	36	40	41	44	48	49	52	143	#
434	1148.34	15	19	20	21	23	27	28	29	31	34	35	36	37	38	39	44	45	46	47	52	54	62	143	#
435	1043.99	2	9	10	11	18	19	20	24	25	26	27	28	32	33	34	35	36	37	44	45	52	53	143	#
436	1041.91	2	3	9	10	11	12	17	18	19	20	25	26	27	33	34	35	36	37	44	45	52	53	143	#
437	1009.54	0	1	3	8	9	10	11	12	15	17	18	19	20	21	23	29	31	46	50	51	52	59	143	#
438	990.758	11	13	18	19	20	21	26	27	28	34	35	36	41	42	43	44	45	49	50	51	53	59	143	#
439	90.9273	30	#
440	608.662	3	20	21	22	23	28	30	31	38	39	144	#
441	649.936	7	13	14	15	20	21	22	23	27	28	144	#
442	565.112	5	6	13	14	22	23	30	31	38	39	144	#
443	528.256	13	14	19	20	21	22	27	28	29	36	144	#
444	512.276	4	5	13	14	20	21	22	29	30	37	144	#
445	469.757	7	15	22	23	30	31	38	39	47	55	144	#
446	124.587	0	#
447	0.167214	4	#
448	903.71	7	13	15	21	22	23	29	30	31	36	37	38	39	42	46	47	50	55	145	#
449	1162.41	0	1	8	9	10	16	18	19	20	28	29	30	38	46	47	55	62	63	145	#
450	1145.82	4	5	6	7	12	13	14	15	21	22	23	29	30	31	38	39	45	46	145	#
451	1126.79	3	4	5	6	7	12	13	14	15	20	21	22	23	28	29	30	31	36	145	#
452	1097.71	14	15	22	28	29	30	31	36	37	38	39	44	45	46	48	53	60	61	145	#
453	1092.45	8	16	22	23	29	30	31	37	38	39	44	46	47	52	53	55	60	61	145	#
454	155.104	35	42	43	146	#
455	180.935	42	43	50	146	#
456	163.623	41	42	43	146	#
457	99.9408	34	35	43	146	#
458	832.245	0	1	2	3	4	8	9	10	11	17	18	19	25	26	27	28	31	33	34	39	47	147	#
459	1246	4	5	6	7	13	14	15	22	23	30	31	36	37	38	39	44	46	52	53	54	62	147	#
460	1168.71	0	1	2	3	4	5	6	7	8	9	10	11	14	15	18	19	22	23	26	36	56	147	#
461	1100.61	0	1	2	3	8	9	10	11	16	19	24	25	26	27	28	32	33	41	42	46	54	147	#
462	1045.93	0	1	2	3	4	5	6	7	8	9	10	11	12	13	16	17	18	19	20	21	26	147	#
463	994.087	2	3	4	5	6	9	10	11	13	17	18	19	27	30	31	36	37	38	39	42	43	147	#
464	165.457	14	22	30	38	148	#
465	178.153	14	22	23	31	148	#
466	127.707	31	38	39	46	148	#
467	289.259	10	17	18	25	33	149	#
468	323.668	2	24	25	32	49	149	#
469	322.988	17	25	33	55	63	149	#
470	304.421	33	34	40	41	42	149	#
471	232.967	2	3	4	10	11	149	#
472	225.049	10	17	18	19	27	149	#
473	380.565	10	11	19	27	34	35	42	43	50	150	#
474	525.63	2	3	4	5	8	11	12	13	20	150	#
475	517.243	33	34	41	42	43	49	50	57	58	150	#
476	443.555	4	10	11	12	13	19	20	21	27	150	#
477	430.653	2	3	10	18	24	25	26	34	35	150	#
478	401.805	12	20	25	26	27	28	34	35	52	150	#
479	717.261	19	31	38	39	45	46	47	54	55	62	63	151	#
480	751.95	28	29	31	36	37	38	39	46	47	54	62	151	#
481	741.979	22	23	31	32	38	39	45	46	47	53	54	151	#
482	681.718	15	23	31	38	39	46	47	52	53	54	55	151	#
483	652.409	31	37	38	39	45	46	47	54	55	62	63	151	#
484	646.527	31	36	37	38	39	45	46	47	51	52	53	151	#
485	216.291	47	55	62	63	152	#
486	229.415	15	46	54	62	152	#
487	175.112	31	39	47	55	152	#
488	128.714	39	47	55	63	152	#
489	182.923	16	24	32	153	#
490	224.407	24	32	33	153	#
491	177.235	8	16	24	153	#
492	151.701	8	9	16	153	#
493	281.607	5	6	7	14	154	#
494	286.837	6	14	22	23	154	#
495	265.163	4	5	6	14	154	#
496	258.104	13	14	21	22	154	#
497	216.029	6	7	14	15	154	#
498	66.4964	17	22	155	#
499	2.66599	14	22	155	#
500	949.111	5	13	19	20	21	23	28	29	30	31	36	37	38	44	156	#
501	941.663	1	5	11	12	13	14	19	20	21	22	23	29	30	56	156	#
502	918.489	5	6	13	14	15	21	22	23	29	30	31	38	39	46	156	#
503	879.639	0	1	4	8	9	11	12	13	19	20	21	27	28	29	156	#
504	872.757	4	5	12	13	14	21	22	28	29	30	31	37	38	39	156	#
505	830.103	4	5	6	11	12	13	14	19	20	21	26	27	28	29	156	#
506	226.185	39	46	47	54	157	#
507	228.639	31	38	39	47	157	#
508	185.013	38	39	46	47	157	#
509	181.457	46	47	54	55	157	#
510	140.864	46	54	62	63	157	#
511	527.338	24	32	33	34	35	40	41	42	48	49	50	51	52	56	158	#
512	767.753	24	32	40	46	48	49	50	54	56	57	58	59	62	63	158	#
513	704.377	9	10	11	16	17	18	24	25	32	33	34	35	41	42	158	#
514	659.985	3	8	16	24	25	29	32	33	37	40	41	42	45	48	158	#
515	589.496	8	16	24	25	29	33	40	41	42	49	50	57	58	59	158	#
516	543.992	25	32	33	34	40	41	42	48	49	50	51	52	57	58	158	#
517	305.946	50	56	57	58	159	#
518	360.091	48	49	56	57	159	#
519	240.771	49	50	57	58	159	#
520	132.022	42	50	51	58	159	#
521	804.348	3	4	5	10	11	12	13	18	19	20	21	25	26	27	29	38	45	46	160	#
522	1005.67	2	3	4	5	9	10	11	12	13	19	27	48	50	51	56	57	58	59	160	#
523	983.222	13	21	22	23	29	30	31	37	38	39	45	46	47	53	54	55	62	63	160	#
524	918.427	13	14	18	20	21	22	23	28	29	30	31	37	38	39	45	46	53	54	160	#
525	911.973	11	12	13	18	19	20	25	26	27	28	29	35	36	37	38	48	56	62	160	#
526	858.303	8	9	11	16	17	18	19	24	25	26	32	33	34	40	41	46	54	63	160	#
527	35.5005	23	#
528	384.371	8	15	16	22	23	31	39	161	#
529	441.683	0	1	8	9	16	24	53	161	#
530	394.309	14	21	22	23	31	39	47	161	#
531	385.366	22	29	30	31	38	39	52	161	#
532	355.936	30	31	38	39	46	47	55	161	#
533	350.617	7	14	15	23	31	39	47	161	#
534	171.517	2	8	9	10	11	162	#
535	215.168	0	1	8	9	16	162	#
536	185.414	2	3	4	10	12	162	#
537	173.424	2	10	11	18	19	162	#
538	88.4943	10	11	12	20	41	162	#
539	203.875	12	13	14	15	23	163	#
540	296.708	6	13	14	21	39	163	#
541	257.803	14	15	22	23	31	163	#
542	225.146	3	4	11	12	21	163	#
543	580.895	4	5	6	8	11	12	16	20	24	28	36	164	#
544	741.735	16	24	25	26	32	33	34	40	41	48	49	164	#
545	709.128	2	3	6	7	10	11	18	19	20	27	50	164	#
546	629.323	2	3	4	5	6	10	13	14	21	22	30	164	#
547	612.551	4	5	6	7	13	14	15	20	21	22	30	164	#
548	547.035	1	8	9	10	11	16	17	18	19	24	27	164	#
549	346.084	5	30	31	37	38	39	45	46	47	54	55	165	#
550	517.591	49	51	52	53	54	55	59	60	61	62	63	165	#
551	479.425	23	29	30	31	37	38	39	46	47	54	55	165	#
552	462.723	37	38	39	45	46	47	53	54	55	62	63	165	#
553	458.52	39	46	47	52	53	54	55	60	61	62	63	165	#
554	437.712	13	14	15	21	22	29	30	37	38	45	46	165	#
555	599.92	10	18	19	20	21	22	23	25	26	27	28	29	35	36	37	42	44	49	50	56	57	166	#
556	889.793	10	16	17	18	24	25	26	27	33	34	35	42	50	51	52	53	54	58	59	60	61	166	#
557	870.729	3	11	12	13	19	20	21	26	27	28	29	33	34	35	36	37	42	43	44	51	52	166	#
558	807.969	3	4	11	12	16	17	18	19	20	24	25	26	27	28	34	35	36	43	44	45	52	166	#
559	796.359	16	17	19	24	25	26	27	32	33	34	40	41	42	43	49	50	51	56	57	58	59	166	#
560	781.064	7	14	15	20	21	22	23	27	28	29	30	31	36	37	38	39	46	47	54	62	63	166	#
561	211.448	19	35	40	41	42	43	49	167	#
562	305.56	26	27	28	35	36	42	43	167	#
563	273.999	27	34	35	41	42	43	44	167	#
564	261.916	19	27	35	36	42	43	50	167	#
565	258.797	19	20	26	27	34	35	42	167	#
566	241.955	32	33	40	41	42	49	57	167	#
567	424.322	12	18	20	26	27	28	33	34	35	36	41	42	44	49	50	51	168	#
568	611.234	21	23	29	30	31	35	36	37	38	39	42	43	44	46	47	54	168	#
569	606.492	27	32	33	34	35	40	41	42	43	48	49	50	51	57	58	59	168	#
570	581.704	11	17	18	19	24	25	26	27	32	33	35	40	41	47	48	56	168	#
571	581.122	18	26	27	34	35	41	42	43	44	45	49	50	51	52	53	58	168	#
572	561.014	9	10	17	18	19	24	25	26	27	28	33	34	35	41	43	44	168	#
573	912.649	19	27	28	35	36	41	42	43	44	48	49	50	52	53	54	57	58	60	169	#
574	986.188	2	3	10	11	12	13	19	20	21	22	25	26	27	28	34	35	36	43	169	#
575	970.585	25	32	33	40	41	42	43	48	49	50	51	52	53	56	57	58	59	60	169	#
576	941.725	40	41	42	44	45	46	48	49	50	51	52	53	54	57	58	59	60	61	169	#
577	901.609	18	19	24	25	26	27	28	32	35	36	37	40	43	44	45	52	53	61	169	#
578	874.505	16	17	18	24	25	26	32	33	34	40	41	42	48	49	50	51	57	58	169	#
579	632.627	2	3	10	11	17	18	19	25	26	27	28	33	34	35	36	42	44	170	#
580	912.124	1	2	8	9	10	16	17	18	19	24	26	27	28	32	33	34	40	170	#
581	910.836	13	14	19	21	22	23	26	27	28	29	34	35	36	37	43	44	45	170	#
582	853.175	1	4	8	9	10	16	17	18	19	23	25	26	27	28	30	31	38	170	#
583	845.685	0	1	2	3	8	9	10	11	12	16	18	19	20	21	24	28	29	170	#
584	826.41	1	2	3	8	9	10	11	22	23	24	25	26	27	32	33	34	41	170	#
585	274.275	6	14	22	23	171	#
586	282.624	21	22	23	30	171	#
587	278.853	15	22	23	31	171	#
588	272.268	6	7	14	15	171	#
589	250.189	6	14	21	22	171	#
590	571.194	29	37	41	44	45	49	50	51	52	53	59	60	61	172	#
591	716.515	30	31	37	38	45	46	51	52	53	54	59	60	61	172	#
592	709.406	15	22	23	25	26	33	45	50	51	52	53	59	61	172	#
593	683.052	23	31	35	37	38	39	44	45	46	53	54	61	62	172	#
594	586.486	5	6	7	12	13	17	18	45	52	53	59	60	61	172	#
595	580.984	2	3	4	27	28	29	30	31	36	37	38	39	47	172	#
596	456.231	3	4	5	10	11	12	13	20	26	27	28	29	30	31	35	173	#
597	641.394	0	22	28	29	30	36	37	38	44	45	46	47	54	62	63	173	#
598	606.981	9	10	17	18	24	25	26	27	32	33	34	35	40	48	49	173	#
599	598.254	4	5	6	7	13	14	15	20	21	22	23	29	31	42	47	173	#
600	577.54	2	3	9	10	11	17	18	19	20	25	26	33	34	35	36	173	#
601	554.076	5	6	13	14	21	22	23	27	28	29	30	31	35	36	39	173	#
602	1254.64	0	1	2	3	4	5	6	7	8	9	10	14	15	16	18	24	32	40	41	48	49	56	174	#
603	1342.85	4	5	12	13	14	15	16	21	24	29	32	40	42	45	48	49	50	51	52	53	56	57	174	#
604	1251.75	0	1	2	3	8	9	10	16	18	24	25	26	27	28	32	33	34	35	40	42	43	48	174	#
605	1232.69	27	28	29	30	34	35	36	37	44	45	48	49	50	51	52	53	56	57	58	59	60	61	174	#
606	1214.93	3	4	5	6	7	10	11	13	14	15	21	22	23	28	29	30	31	37	38	48	49	50	174	#
607	1180.16	0	1	2	8	9	10	16	17	18	20	21	24	25	29	30	32	33	34	35	40	48	49	174	#
608	212.924	8	9	10	16	24	175	#
609	227.74	3	8	9	10	21	175	#
610	217.767	2	8	9	10	16	175	#
611	175.059	24	25	32	40	41	175	#
612	129.349	3	11	#
613	1202.84	2	3	4	5	6	7	8	9	10	11	12	13	14	15	20	21	22	29	30	176	#
614	1205.47	2	3	5	6	7	10	11	12	13	14	15	21	22	23	28	29	30	37	45	176	#
615	1178.86	0	1	2	3	4	8	9	10	11	12	16	18	19	26	32	54	55	62	63	176	#
616	1150.28	3	4	5	6	7	13	14	15	21	22	23	28	29	30	31	37	39	45	48	176	#
617	1127.34	2	3	4	5	6	9	10	11	12	13	17	18	21	24	25	26	27	33	39	176	#
618	1067.94	0	1	2	3	4	5	6	7	8	9	10	11	12	13	14	19	20	21	22	176	#
619	272.92	2	3	10	11	18	28	52	60	177	#
620	395.093	2	3	9	10	11	18	19	27	177	#
621	387.17	2	8	9	10	17	18	25	26	177	#
622	265.55	17	18	19	20	26	27	28	39	177	#
623	188.71	0	1	16	24	32	40	178	#
624	211.64	16	24	25	26	32	40	178	#
625	132.049	0	1	2	8	9	10	178	#
626	116.268	0	1	8	16	24	25	178	#
627	110.811	0	1	8	9	10	16	178	#
628	1631.48	8	16	24	28	31	32	33	34	35	36	37	38	39	41	42	43	44	45	46	47	51	52	53	54	55	56	59	60	61	62	63	179	#
629	1784.48	2	3	4	8	10	11	12	13	16	18	19	21	24	25	26	27	28	29	33	34	35	36	37	38	42	43	44	45	51	52	53	179	#
630	1752.51	5	13	14	15	21	22	23	24	25	28	29	30	31	32	33	34	35	36	37	38	40	41	42	43	44	45	46	51	52	53	54	179	#
631	1715.99	5	10	13	14	15	18	21	22	23	26	27	28	29	30	31	35	36	37	38	39	42	43	44	45	46	52	53	54	57	58	61	179	#
632	1663.53	2	6	7	9	10	11	17	18	19	20	21	27	28	29	35	36	38	39	42	43	44	45	46	51	52	53	54	57	58	59	61	179	#
633	1654.7	18	19	24	26	27	28	29	31	32	33	34	35	36	37	38	39	40	41	42	43	44	45	46	48	49	51	52	53	56	57	58	179	#
634	1268.39	11	19	20	27	28	32	33	35	36	40	41	42	43	44	45	46	48	49	50	51	52	53	54	56	57	58	59	60	61	180	#
635	1543.75	3	4	5	7	10	12	13	14	15	20	21	22	23	28	29	30	31	35	36	37	38	39	45	46	47	54	55	62	63	180	#
636	1537.22	5	11	12	13	14	18	19	20	21	22	23	24	25	26	27	28	30	31	32	34	35	36	39	42	43	49	56	57	58	180	#
637	1523.58	0	4	5	8	12	13	14	15	16	19	20	21	22	24	25	27	28	29	30	37	38	40	41	45	46	49	52	53	61	180	#
638	1414.08	2	3	4	5	9	10	11	12	19	20	21	22	23	29	30	38	44	45	46	50	51	52	53	54	59	60	61	62	63	180	#
639	1410.32	7	15	22	23	27	30	31	32	35	36	37	38	39	43	44	45	46	47	51	52	53	54	55	58	59	60	61	62	63	180	#
640	1389.66	3	4	5	6	7	10	11	12	13	14	15	18	19	20	21	22	23	28	29	30	31	36	37	38	39	45	49	56	57	181	#
641	1494.28	3	4	5	6	7	10	11	12	13	18	19	20	21	22	24	26	27	29	35	37	38	44	45	46	52	53	54	60	62	181	#
642	1472.04	3	4	5	6	10	11	12	13	14	16	17	18	19	20	21	22	24	25	26	27	29	30	32	33	34	35	43	54	62	181	#
643	1460.51	5	13	21	22	23	28	29	30	31	32	33	34	35	36	37	38	39	42	43	44	45	46	47	50	54	55	58	62	63	181	#
644	1447.65	2	3	4	5	6	7	9	10	11	12	13	14	17	18	19	20	21	22	23	28	29	30	31	38	39	46	53	54	62	181	#
645	1436.39	3	4	5	6	7	9	10	11	12	13	14	15	17	18	19	20	21	22	23	26	30	31	38	44	45	46	53	54	62	181	#
646	175.799	26	27	34	35	42	182	#
647	222.547	41	42	48	49	50	182	#
648	201.096	19	27	35	39	43	182	#
649	616.436	17	25	33	34	35	40	41	42	48	49	50	51	56	57	58	59	183	#
650	805.591	20	21	26	27	28	33	34	35	41	42	43	44	51	52	53	54	183	#
651	738.189	20	21	25	26	27	28	33	34	35	36	37	41	42	43	48	49	183	#
652	735.744	33	34	40	41	42	43	48	49	50	51	56	57	58	59	60	61	183	#
653	726.548	25	33	34	35	40	41	42	43	48	49	50	51	52	56	57	58	183	#
654	721.379	0	1	8	10	17	18	19	20	24	25	26	27	28	34	35	43	183	#
655	898.118	2	3	10	11	18	28	42	50	51	53	55	58	59	60	61	184	#
656	988.699	1	2	3	5	9	10	11	12	13	18	19	20	26	27	28	184	#
657	951.902	40	41	48	49	50	52	53	54	56	57	58	59	60	61	62	184	#
658	912.621	0	1	2	3	8	9	10	17	18	24	25	26	27	28	62	184	#
659	865.935	5	6	7	11	12	13	14	15	21	49	50	51	59	60	61	184	#
660	864.439	1	2	3	8	9	10	11	18	19	26	27	52	59	60	61	184	#
661	558.107	40	48	49	50	51	56	57	58	185	#
662	602.079	33	41	48	49	50	51	57	58	185	#
663	586.661	30	37	38	45	51	52	53	60	185	#
664	579.866	24	26	32	33	34	40	41	48	185	#
665	574.172	16	24	32	40	41	48	49	56	185	#
666	571.44	42	48	49	50	51	56	57	58	185	#
667	311.345	32	33	40	41	48	49	50	186	#
668	382.297	23	49	50	51	56	57	58	186	#
669	349.119	24	25	32	33	40	41	48	186	#
670	340.406	40	48	49	50	56	57	58	186	#
671	304.069	17	18	25	26	32	33	34	186	#
672	284.389	41	42	48	49	50	51	57	186	#
673	620.123	24	26	32	34	40	41	42	49	50	57	58	187	#
674	720.716	24	32	40	41	42	48	49	50	56	57	58	187	#
675	602.859	17	18	24	25	32	33	38	40	46	54	62	187	#
676	596.142	32	40	41	42	48	49	50	56	57	58	59	187	#
677	590.437	31	40	41	42	48	49	50	51	52	57	61	187	#
678	583.206	24	32	33	40	41	48	49	57	59	60	61	187	#
679	741.426	18	25	26	33	34	41	42	43	48	49	50	56	188	#
680	759.072	48	49	50	51	52	53	56	57	58	59	60	61	188	#
681	734.1	33	41	42	43	48	49	50	51	52	57	58	59	188	#
682	653.472	33	34	41	42	49	50	51	56	57	58	59	60	188	#
683	617.406	27	35	42	43	48	49	50	51	58	59	60	61	188	#
684	613.608	33	34	35	36	40	41	48	49	50	56	57	58	188	#
685	69.4484	12	20	#
686	352.305	2	3	4	5	8	9	10	60	61	189	#
687	509.489	45	51	52	53	54	59	60	61	62	189	#
688	488.821	2	3	4	9	10	11	12	48	49	189	#
689	478.578	3	5	6	7	11	12	13	20	21	189	#
690	427.747	0	1	9	19	20	26	27	28	35	189	#
691	419.843	2	3	10	11	18	19	20	21	27	189	#
692	8.14324	11	#
693	222.6	2	3	190	#
694	246.965	3	6	190	#
695	50.5737	2	10	190	#
696	709.692	4	12	20	21	22	28	29	30	31	37	38	45	46	191	#
697	782.488	15	22	23	28	29	30	31	37	38	39	44	45	53	191	#
698	775.142	2	11	18	19	20	28	29	32	37	40	41	48	56	191	#
699	751.277	5	6	13	14	21	22	29	30	31	37	38	56	57	191	#
700	750.306	35	39	44	45	46	47	51	52	53	54	55	62	63	191	#
701	716.249	12	13	18	19	20	21	24	29	37	38	44	45	46	191	#
702	375.341	18	26	32	33	34	41	42	192	#
703	467.823	33	34	40	41	42	43	49	192	#
704	407.251	33	34	41	42	43	49	50	192	#
705	330.298	1	10	11	17	18	25	33	192	#
706	275.14	24	25	26	27	32	33	41	192	#
707	74.0211	17	18	25	26	27	34	35	192	#
708	147.365	0	8	193	#
709	143.868	8	16	193	#
710	689.744	8	9	10	16	17	18	20	24	25	26	27	28	29	33	34	35	36	44	53	194	#
711	1008.32	0	1	3	4	5	8	9	10	11	13	16	19	21	26	27	29	34	49	57	194	#
712	1002.3	5	6	12	13	14	15	18	19	20	21	22	23	27	28	29	30	31	38	39	194	#
713	975.667	0	1	2	3	4	5	6	7	8	9	10	11	12	17	18	25	26	33	34	194	#
714	968.036	14	15	22	23	30	38	39	42	43	44	45	46	47	51	52	53	54	60	61	194	#
715	932.974	0	1	2	3	4	5	8	9	10	11	12	16	17	18	20	24	25	26	33	194	#
716	294.225	8	16	24	25	33	195	#
717	300.585	16	17	24	25	33	195	#
718	238.57	8	16	48	56	57	195	#
719	181.351	20	21	24	25	35	195	#
720	169.173	16	17	24	25	26	195	#
721	149.332	33	34	35	42	43	195	#
722	1226.54	14	20	21	22	23	28	30	31	35	36	37	38	43	44	45	46	53	54	61	196	#
723	1245.29	14	22	23	27	28	29	30	31	37	38	39	45	46	47	53	54	55	61	63	196	#
724	1235.39	13	14	20	21	22	23	28	29	30	31	37	38	39	46	47	54	55	62	63	196	#
725	1190.73	22	23	29	30	31	37	38	39	45	46	47	53	54	55	59	60	61	62	63	196	#
726	1137.72	30	38	45	46	48	49	50	51	52	53	54	56	57	58	59	60	61	62	63	196	#
727	1120.3	6	14	21	22	29	30	37	38	39	42	43	44	45	46	47	50	53	54	55	196	#
728	299.95	24	25	33	34	35	36	37	44	52	197	#
729	444.329	21	22	30	31	36	37	38	39	47	197	#
730	427.473	35	36	43	44	49	50	51	52	53	197	#
731	389.941	34	35	36	42	43	44	49	51	52	197	#
732	364.034	17	24	25	32	33	34	35	44	62	197	#
733	357.368	18	26	28	34	35	36	43	44	52	197	#
734	212.471	17	25	40	48	198	#
735	221.973	10	17	18	19	198	#
736	218.94	40	48	49	50	198	#
737	166.911	25	26	32	33	198	#
738	702.37	1	26	27	34	35	36	37	41	42	44	45	49	52	53	54	61	199	#
739	917.137	18	29	37	44	45	50	51	52	53	54	56	57	58	59	60	61	199	#
740	915.673	5	12	13	20	21	22	23	28	29	30	36	37	38	45	53	54	199	#
741	816.234	34	35	36	37	39	44	45	46	47	52	53	54	60	61	62	63	199	#
742	776.941	18	20	25	26	27	28	29	34	35	36	37	44	45	52	53	60	199	#
743	775.388	0	1	2	3	8	9	10	17	18	19	25	26	27	34	35	42	199	#
744	448.035	7	15	23	40	41	48	49	200	#
745	455.085	40	41	42	48	49	50	56	200	#
746	425.282	6	14	15	21	22	23	29	200	#
747	422.763	26	33	34	41	42	49	50	200	#
748	405.177	32	40	41	48	49	50	57	200	#
749	400.97	32	33	40	41	42	49	50	200	#
750	1.60753	40	#
751	262.306	48	56	57	201	#
752	213.029	48	49	56	201	#
753	176.832	50	57	58	201	#
754	141.188	40	48	49	201	#
755	308.463	0	1	8	9	10	202	#
756	346.84	0	1	8	9	16	202	#
757	324.726	0	8	16	24	32	202	#
758	265.839	5	8	9	12	13	202	#
759	260.449	2	3	9	10	11	202	#
760	108.536	31	#
761	617.822	20	22	23	26	27	28	29	30	31	36	37	38	44	203	#
762	884.681	4	5	11	12	13	14	21	22	23	28	29	30	38	203	#
763	822.466	6	7	13	14	15	21	22	23	28	29	30	31	39	203	#
764	806.512	4	5	6	12	13	14	15	21	22	23	29	30	37	203	#
765	793.755	4	5	6	11	12	13	14	19	20	53	54	61	62	203	#
766	786.429	14	22	23	27	28	29	30	31	37	38	39	47	55	203	#
767	333.301	5	10	11	12	13	14	15	204	#
768	491.307	7	12	13	14	15	20	23	204	#
769	474.873	11	12	13	14	15	19	20	204	#
770	440.104	3	11	12	18	19	20	21	204	#
771	400.627	2	3	4	10	11	18	19	204	#
772	393.878	11	12	13	14	15	20	21	204	#
773	1050.29	7	15	21	22	23	28	30	31	36	37	38	39	45	46	47	53	54	55	61	62	63	205	#
774	1173.66	2	4	5	6	7	13	14	15	21	22	30	31	38	45	46	47	53	54	55	62	63	205	#
775	1092.16	6	13	14	21	22	28	29	30	31	35	36	37	38	39	44	45	46	53	54	61	62	205	#
776	1081.85	3	4	5	6	7	12	13	14	15	19	20	21	22	23	27	33	34	41	42	48	50	205	#
777	1056.24	13	21	22	28	29	30	36	37	38	39	44	45	46	47	52	53	54	60	61	62	63	205	#
778	1013.44	7	15	22	29	30	37	38	39	44	45	46	50	51	52	53	54	55	60	61	62	63	205	#
779	534.397	4	5	6	7	11	12	13	14	20	21	29	206	#
780	754.748	4	12	13	14	20	21	22	28	29	30	38	206	#
781	682.634	15	21	22	23	28	29	30	31	36	37	38	206	#
782	674.269	4	5	12	13	20	21	22	28	29	30	31	206	#
783	671.112	6	7	13	14	15	22	23	28	29	30	36	206	#
784	658.823	12	20	21	22	29	30	36	37	38	46	54	206	#
785	330.317	11	12	13	29	36	37	207	#
786	415.151	11	19	26	27	28	29	207	#
787	379.831	21	28	29	30	38	39	207	#
788	308.887	28	29	36	37	44	62	207	#
789	300.727	4	5	6	12	13	14	207	#
790	298.059	3	4	11	12	20	21	207	#
791	182.118	19	27	35	208	#
792	191.076	11	19	27	208	#
793	302.836	18	19	26	27	28	29	209	#
794	401.967	11	19	20	28	29	30	209	#
795	351.124	5	6	20	21	28	29	209	#
796	293.583	10	18	25	26	33	34	209	#
797	286.063	19	20	26	27	28	29	209	#
798	204.02	20	21	27	28	29	36	209	#
799	423.007	42	48	49	50	56	57	58	59	210	#
800	467.711	40	41	42	48	49	56	57	58	210	#
801	410.822	48	49	51	56	57	58	59	60	210	#
802	407.093	41	48	49	50	51	56	57	58	210	#
803	292.655	48	50	51	56	57	58	59	60	210	#
804	280.422	40	41	42	49	50	51	57	58	210	#
805	390.238	8	12	13	14	16	22	211	#
806	448.853	13	20	21	22	23	30	211	#
807	418.82	2	8	9	10	11	16	211	#
808	417.809	9	12	13	14	19	20	211	#
809	401.544	13	14	21	22	29	30	211	#
810	292.85	4	5	6	12	13	14	211	#
811	257.695	27	28	29	35	36	37	43	44	212	#
812	361.249	14	21	22	29	30	35	36	37	212	#
813	312.199	19	27	35	36	37	43	44	45	212	#
814	311.434	27	34	35	36	42	43	50	58	212	#
815	310.738	25	26	27	28	34	35	36	44	212	#
816	306.621	35	36	44	45	46	52	53	60	212	#
817	36.6433	47	#
818	156.216	7	14	15	27	28	35	36	37	213	#
819	220.987	26	27	28	34	35	42	43	63	213	#
820	574.679	6	13	14	15	21	22	23	29	30	214	#
821	601.765	13	14	21	22	23	29	30	31	38	214	#
822	592.144	13	14	21	22	29	30	31	38	46	214	#
823	469.899	4	5	12	13	52	53	54	60	61	214	#
824	451.895	6	12	13	14	22	23	31	38	39	214	#
825	445.127	20	21	28	29	30	36	37	38	46	214	#
826	64.2947	16	#
827	1429.61	1	2	3	8	9	10	16	17	18	19	24	26	27	32	33	34	35	40	41	42	43	48	49	50	56	57	58	59	60	215	#
828	1835.5	1	6	7	12	13	14	15	18	19	20	21	22	23	28	29	30	31	47	48	51	52	53	54	57	58	59	60	61	62	215	#
829	1568.56	0	1	2	3	4	8	9	10	11	12	13	14	15	16	18	19	20	21	22	23	24	27	28	29	32	43	44	45	53	215	#
830	1541.13	0	1	2	3	4	5	6	8	9	10	11	12	13	14	20	21	22	26	27	28	29	35	43	44	50	51	52	57	58	215	#
831	1482.39	1	8	13	16	17	18	21	24	25	26	27	32	33	34	35	40	41	42	43	48	49	50	51	52	54	56	57	58	62	215	#
832	1444.29	5	13	21	28	29	30	31	35	36	37	38	39	42	43	44	45	46	47	50	51	52	53	54	56	57	58	59	60	61	215	#
833	645.799	3	4	9	11	12	18	19	20	21	29	216	#
834	824.216	0	1	2	8	9	10	16	18	19	24	216	#
835	728.891	0	1	2	3	4	8	9	10	11	12	216	#
836	606.906	3	4	5	6	11	12	13	14	20	21	216	#
837	590.78	11	12	19	20	21	22	23	29	30	31	216	#
838	585.343	2	3	10	11	18	19	20	27	28	29	216	#
839	176.086	27	28	36	37	217	#
840	190.02	28	29	36	37	217	#
841	185.527	19	20	21	28	217	#
842	173.864	29	35	36	37	217	#
843	123.945	26	27	28	36	217	#
844	217.289	3	4	5	10	218	#
845	303.223	4	5	6	13	218	#
846	182.873	3	9	10	20	218	#
847	167.246	2	3	4	11	218	#
848	741.568	14	16	22	24	32	33	40	41	42	48	49	50	51	57	219	#
849	1027.08	8	9	10	16	17	24	25	26	33	41	48	49	56	57	219	#
850	1017.05	3	16	24	25	26	32	33	40	41	48	49	56	57	58	219	#
851	1014.03	0	8	9	16	24	25	32	33	34	40	41	48	49	56	219	#
852	878.546	17	24	25	26	32	33	34	40	41	48	49	56	57	58	219	#
853	859.428	16	17	19	25	26	27	32	33	40	41	48	49	56	57	219	#
854	376.653	20	27	28	34	35	42	44	47	55	62	63	220	#
855	544.986	4	5	6	12	13	20	21	28	29	30	36	220	#
856	535.85	39	44	45	46	47	53	54	60	61	62	63	220	#
857	535.04	24	25	26	32	33	34	35	36	42	43	44	220	#
858	495.809	17	39	45	46	47	51	52	53	54	62	63	220	#
859	443.763	3	28	29	37	38	39	46	47	55	62	63	220	#
860	372.531	23	31	38	39	47	55	221	#
861	382.294	30	31	39	47	55	63	221	#
862	366.311	31	39	47	55	62	63	221	#
863	303.557	14	15	21	22	23	31	221	#
864	255.433	12	23	29	30	31	37	221	#
865	206.037	31	38	39	45	46	47	221	#
866	664.802	0	1	2	3	8	9	10	11	22	51	222	#
867	812.653	0	1	8	9	10	16	24	32	40	48	222	#
868	756.777	0	1	2	8	9	10	11	12	13	18	222	#
869	733.783	0	1	2	8	9	10	11	18	62	63	222	#
870	716.296	0	1	2	3	8	9	10	11	18	19	222	#
871	692.335	14	15	20	21	22	23	28	29	30	31	222	#
872	1626.59	1	6	7	14	21	22	23	29	30	31	38	39	44	45	46	47	50	51	52	53	54	55	57	58	59	60	61	62	63	223	#
873	1735.86	3	4	6	7	10	11	12	13	14	15	19	21	22	23	25	26	27	29	30	31	33	34	39	41	42	48	49	50	57	223	#
874	1628.63	15	21	22	23	25	30	31	33	34	35	38	39	40	41	42	46	47	48	49	50	51	52	54	56	57	58	59	60	62	223	#
875	1613.55	4	5	6	7	12	13	14	15	21	22	23	28	29	30	31	32	36	37	38	39	40	41	45	46	47	48	54	55	62	223	#
876	1599.56	13	14	19	20	21	22	23	28	29	30	31	35	36	37	38	39	40	45	46	47	48	51	52	53	54	55	61	62	63	223	#
877	1550.68	11	12	14	20	21	22	23	28	29	30	31	35	36	37	38	44	45	46	47	48	51	52	53	54	55	56	61	62	63	223	#
878	264.599	7	15	23	30	31	224	#
879	325.754	21	22	28	29	30	224	#
880	319.612	22	23	30	31	39	224	#
881	290.207	22	23	31	40	48	224	#
882	276.011	5	7	13	14	15	224	#
883	391.508	39	46	47	52	53	54	225	#
884	508.446	44	45	52	53	54	61	225	#
885	404.627	51	52	53	59	60	61	225	#
886	378.226	21	22	29	44	52	53	225	#
887	360.38	22	30	37	38	39	47	225	#
888	347.131	37	38	39	45	46	53	225	#
889	449.161	2	10	11	12	17	18	19	20	27	29	226	#
890	611.589	2	3	9	10	11	18	19	20	27	35	226	#
891	559.475	3	4	5	10	11	12	13	19	20	21	226	#
892	524.3	21	22	23	29	30	31	38	39	46	47	226	#
893	513.842	17	18	19	24	25	26	27	33	34	41	226	#
894	507.351	0	1	2	3	4	8	9	10	11	18	226	#
895	769.447	49	53	54	56	57	58	59	60	61	62	227	#
896	695.085	2	3	10	38	46	47	54	55	62	63	227	#
897	639.267	8	9	16	49	51	56	57	58	59	60	227	#
898	637.136	7	15	45	46	52	53	54	60	61	62	227	#
899	633.226	40	48	49	51	52	56	57	58	59	60	227	#
900	618.171	30	37	38	39	46	47	53	54	62	63	227	#
901	268.127	6	7	13	14	15	23	228	#
902	397.33	21	22	23	29	30	31	228	#
903	257.682	6	7	14	15	23	24	228	#
904	250.773	5	6	7	14	22	23	228	#
905	246.139	7	13	14	15	23	31	228	#
906	222.193	6	7	14	15	23	31	228	#
907	150.232	0	1	229	#
908	56.0038	1	9	229	#
909	436.371	33	34	41	42	50	57	58	230	#
910	399.697	24	32	33	34	41	42	49	230	#
911	381.06	34	41	42	43	49	50	58	230	#
912	379.078	49	50	51	56	57	58	59	230	#
913	337.138	25	26	32	33	34	41	42	230	#
914	316.625	41	42	49	50	51	58	59	230	#
915	961.673	11	12	19	20	21	22	24	25	26	28	29	30	37	38	39	45	231	#
916	1168.48	18	19	20	21	22	23	28	29	30	31	33	37	38	39	46	47	231	#
917	1092.98	15	21	22	23	28	29	30	31	36	37	38	39	45	46	47	54	231	#
918	1016.13	21	22	23	29	31	35	37	38	39	44	45	46	47	52	53	54	231	#
919	1014.43	13	15	21	22	23	28	29	30	31	36	37	38	39	47	55	63	231	#
920	941.179	22	28	29	30	31	36	37	38	39	44	45	47	52	53	60	61	231	#
921	181.217	4	5	13	21	232	#
922	200.715	3	4	11	19	232	#
923	166.266	5	6	7	49	232	#
924	160.687	4	5	6	13	232	#
925	1787.12	5	12	13	14	15	19	20	21	22	23	25	26	27	28	29	30	31	36	37	38	39	41	42	44	45	46	47	48	49	50	51	52	54	55	56	57	58	59	60	63	233	#
926	2263.23	0	1	2	3	4	5	6	8	9	10	11	12	13	17	19	21	22	23	27	29	30	31	35	36	37	38	44	45	46	50	51	52	53	54	57	58	59	61	62	63	233	#
927	2156.38	3	4	5	6	7	11	12	13	14	18	19	20	21	22	23	26	27	28	29	30	31	34	35	36	37	38	39	43	44	49	51	52	53	54	57	58	59	60	62	63	233	#
928	2125.92	3	4	5	6	12	13	14	15	17	18	19	20	21	22	23	25	26	27	28	29	30	31	33	35	36	37	38	39	42	44	45	50	51	52	53	54	58	59	60	61	233	#
929	2120.89	0	1	2	3	4	5	6	9	10	11	12	13	17	18	19	20	21	22	23	25	26	27	28	29	30	40	41	42	44	48	49	50	51	52	53	56	57	58	59	60	233	#
930	2115.54	0	1	2	3	4	5	9	10	11	12	13	14	18	19	20	21	22	23	26	28	29	30	31	36	37	38	39	41	42	44	45	49	50	51	52	53	57	58	59	60	233	#
931	813.544	4	5	7	8	15	16	21	22	23	24	28	29	30	31	38	39	234	#
932	889.181	4	5	6	7	13	14	15	21	22	23	29	31	39	51	58	59	234	#
933	861.821	4	5	6	7	11	12	13	14	15	20	21	22	23	29	30	36	234	#
934	841.517	7	13	14	15	19	21	22	23	29	30	31	38	39	46	47	55	234	#
935	831.8	4	5	6	7	10	11	12	13	14	15	20	21	22	23	29	30	234	#
936	811.369	5	13	20	21	22	23	27	33	34	35	42	43	44	45	52	53	234	#
937	975.533	18	19	24	25	26	27	32	33	34	35	36	40	41	42	43	44	48	49	50	51	57	235	#
938	1122.74	17	18	20	21	25	28	32	33	34	35	36	37	38	40	41	42	43	44	45	48	49	235	#
939	1122.45	0	1	16	18	24	25	26	27	32	33	34	40	41	42	43	48	49	50	56	57	58	235	#
940	1088.06	2	3	4	10	17	18	19	20	21	24	25	26	27	32	33	34	35	36	38	40	44	235	#
941	1061.46	3	9	10	11	18	24	25	26	32	33	34	40	41	42	48	49	50	51	52	58	59	235	#
942	1056.25	3	9	10	11	12	13	17	18	19	20	21	25	26	27	28	34	35	40	41	42	43	235	#
943	434.84	3	10	18	34	40	41	42	48	49	50	236	#
944	615.294	33	40	41	48	49	50	56	57	58	59	236	#
945	606.877	33	41	42	48	49	50	51	52	57	58	236	#
946	506.016	3	4	5	6	10	12	13	18	26	27	236	#
947	495.499	33	34	35	40	41	42	43	48	52	56	236	#
948	492.976	32	33	34	41	42	49	50	51	56	57	236	#
949	731.488	32	40	41	42	48	49	51	52	53	54	56	59	237	#
950	735.651	16	24	32	33	40	41	42	48	50	56	57	58	237	#
951	708.616	26	33	34	35	40	41	44	48	49	56	57	58	237	#
952	700.89	25	32	33	40	41	42	48	49	50	56	57	58	237	#
953	675.214	40	41	42	48	49	50	51	56	57	58	59	60	237	#
954	588.124	28	35	36	37	44	51	52	53	58	59	60	61	237	#
955	820.073	27	28	29	30	35	36	37	38	42	43	44	45	52	238	#
956	988.52	16	24	25	28	29	30	31	37	38	43	53	54	62	238	#
957	848.565	13	20	21	22	23	28	29	30	31	33	37	38	45	238	#
958	801.097	21	22	34	41	42	43	49	50	51	56	57	58	59	238	#
959	779.476	9	10	25	26	27	28	33	36	37	44	53	54	62	238	#
960	778.37	21	29	30	37	38	44	45	46	47	52	53	54	55	238	#
961	871.721	16	24	25	26	32	33	40	41	42	48	56	239	#
962	811.036	16	32	33	34	40	41	42	48	49	56	57	239	#
963	794.025	1	9	25	33	40	41	42	43	48	49	56	239	#
964	776.285	15	24	25	32	33	40	41	48	49	50	56	239	#
965	701.419	17	24	25	32	33	34	40	41	42	50	53	239	#
966	680.901	35	40	42	43	44	48	49	50	51	56	58	239	#
967	448.25	2	3	24	32	33	240	#
968	421.4	2	3	4	5	10	240	#
969	410.543	0	8	9	16	24	240	#
970	366.725	24	25	32	33	34	240	#
971	322.116	2	3	10	11	18	240	#
972	312.013	24	25	32	33	40	240	#
973	574.356	35	44	45	51	52	53	58	59	60	61	241	#
974	543.32	30	31	36	37	38	39	44	45	46	52	241	#
975	521.393	2	36	37	45	46	47	53	59	60	61	241	#
976	518.885	35	36	44	45	46	51	52	53	60	61	241	#
977	508.166	28	35	36	44	45	51	52	53	59	60	241	#
978	505.813	35	36	43	44	45	46	52	53	54	60	241	#
979	1153.59	8	18	19	20	21	28	29	34	35	36	40	44	45	46	48	49	50	51	52	53	54	56	58	59	60	61	242	#
980	1491.74	3	6	7	14	15	21	22	23	29	30	31	33	35	37	38	39	43	44	45	46	47	52	53	54	62	63	242	#
981	1476.54	6	14	19	20	21	22	23	26	27	28	29	30	31	34	35	36	37	38	43	44	45	46	47	53	54	55	242	#
982	1469.68	3	10	11	19	20	21	26	27	28	29	30	31	33	34	35	36	37	38	42	43	44	45	51	52	53	61	242	#
983	1451.79	3	4	12	13	14	15	19	20	21	22	23	28	29	30	31	36	37	38	44	45	46	47	52	53	54	55	242	#
984	1424.81	15	21	23	26	28	29	30	31	33	34	35	36	37	38	42	43	44	45	47	50	51	52	53	58	60	61	242	#
985	125.679	9	10	17	18	243	#
986	153.961	0	8	9	10	243	#
987	132.961	17	25	32	33	243	#
988	559.668	3	16	17	18	24	25	26	27	32	33	34	35	36	44	244	#
989	823.193	5	6	10	13	17	18	19	25	26	27	32	33	41	42	244	#
990	793.572	10	17	18	25	26	32	33	34	40	41	42	48	49	56	244	#
991	774.297	17	24	25	26	32	33	34	35	41	42	43	48	49	56	244	#
992	755.784	8	16	18	24	25	26	32	33	34	40	41	42	48	49	244	#
993	751.644	2	3	10	17	18	24	25	26	27	32	33	34	41	42	244	#
994	460.165	3	4	5	12	38	39	46	47	55	245	#
995	645.951	30	31	38	39	45	46	47	54	55	245	#
996	634.727	37	38	39	46	47	53	54	55	61	245	#
997	623.182	30	37	38	39	45	46	47	54	55	245	#
998	599.054	12	13	14	20	21	28	29	35	36	245	#
999	541.404	2	3	4	5	11	12	13	20	21	245	#
