%% File generated by CATS v.2.1Wed Jun 22 10:37:48 2022

%% The CATS webpage is http://robotics.stanford.edu/CATS

%% PARAMETER SETTINGS:
% Goods: 64; Bids: 1000; Distribution: regions; Runs: 1; Seed: 1656572984
% Regions Distribution Parameters:
% Max Substitutable Bids = 5
% Removing HV Neighbor   = 0.1
% Adding DIAG Neighbor   = 0.2
% Additional Location    = 0.9
% Jump Probability       = 0.05
% Additivity             = 0.2
% Budget Factor          = 1.5
% Resale Factor          = 0.5
% Uniform Private Value:
%   Deviation            = 0.5
%   Max Good Value       = 100



goods 64
bids 1000
dummy 187

0	226.676	14	15	64	#
1	234.511	7	15	64	#
2	1799.74	7	9	10	16	17	24	25	26	32	33	34	35	36	38	39	40	41	42	43	44	48	49	50	51	57	58	60	65	#
3	1948.22	9	16	17	18	24	25	29	30	31	32	33	34	35	36	40	41	42	43	48	49	50	51	56	57	58	59	60	65	#
4	1935.06	1	7	8	9	15	16	17	18	19	24	25	26	27	32	34	40	42	43	48	49	50	51	52	53	57	58	60	65	#
5	1898.85	9	16	17	18	19	20	24	25	26	27	28	32	33	34	35	36	40	43	48	49	50	51	52	57	58	59	60	65	#
6	1865.44	3	11	16	17	18	24	25	26	27	32	33	34	35	40	41	42	43	44	48	49	50	51	52	53	54	57	60	65	#
7	1845.41	3	5	6	7	8	11	15	16	17	18	19	21	24	25	27	29	32	33	40	41	42	48	49	50	56	57	58	65	#
8	773.104	9	17	18	25	34	36	42	43	44	52	53	66	#
9	814.355	25	26	34	43	44	52	53	54	59	60	61	66	#
10	797.377	13	14	21	29	30	36	37	43	44	52	60	66	#
11	750.914	20	28	29	36	37	44	52	53	54	60	61	66	#
12	737.119	2	3	4	8	9	10	11	12	13	18	26	66	#
13	736.38	19	20	28	29	36	44	52	53	54	60	61	66	#
14	275.018	36	44	52	53	67	#
15	297.969	34	35	36	37	67	#
16	247.157	52	53	60	61	67	#
17	358.818	16	24	32	33	34	40	68	#
18	367.536	24	32	40	41	42	48	68	#
19	342.737	25	26	27	34	35	42	68	#
20	322.22	25	26	27	32	33	34	68	#
21	319.654	1	8	9	16	17	24	68	#
22	308.332	16	24	32	33	40	41	68	#
23	493.465	32	33	40	41	48	49	60	69	#
24	559.999	24	32	40	41	48	49	50	69	#
25	485.626	32	33	34	40	41	48	49	69	#
26	484.801	32	33	40	41	42	48	49	69	#
27	473.369	44	50	51	52	53	54	60	69	#
28	422.648	34	40	41	42	48	49	57	69	#
29	1248.81	2	8	9	10	12	13	16	17	18	19	20	21	22	23	26	27	28	29	30	31	34	35	39	70	#
30	1482.07	10	17	18	19	21	22	23	25	29	30	31	33	34	38	44	46	50	51	52	53	54	58	59	70	#
31	1463.77	3	10	11	12	16	17	18	19	20	21	24	25	26	27	29	32	33	34	40	48	51	56	57	70	#
32	1355.66	0	2	5	8	9	10	15	16	17	18	19	20	22	23	25	26	27	29	30	31	33	34	39	70	#
33	1330.31	0	5	6	8	16	17	18	19	24	25	26	27	32	33	34	35	40	42	43	48	49	51	59	70	#
34	1312.95	15	20	21	22	23	26	27	28	29	30	31	34	35	37	38	39	45	46	51	52	53	54	55	70	#
35	751.159	18	25	28	32	33	34	35	36	40	41	48	57	71	#
36	977.791	33	36	40	44	48	49	50	51	52	57	59	60	71	#
37	894.755	10	17	18	24	25	26	32	33	40	48	50	57	71	#
38	851.252	13	14	21	28	29	30	37	48	49	50	56	57	71	#
39	790.917	0	1	6	7	8	9	10	16	18	24	25	26	71	#
40	781.761	24	32	33	34	40	41	42	48	49	50	51	57	71	#
41	723.703	18	25	26	27	28	33	34	35	36	37	42	43	44	72	#
42	968.929	7	17	18	19	24	25	27	34	35	36	43	44	51	72	#
43	910.398	9	12	16	17	18	24	25	26	27	33	34	35	43	72	#
44	893.045	9	10	16	17	18	24	25	26	32	33	40	48	49	72	#
45	876.997	2	3	25	27	33	34	35	36	42	43	44	51	52	72	#
46	872.273	9	16	17	18	20	21	26	27	28	29	35	36	43	72	#
47	100.838	48	#
48	357.85	13	14	21	23	73	#
49	349.081	5	13	14	15	73	#
50	327.411	6	13	14	23	73	#
51	314.042	12	13	14	21	73	#
52	254.067	12	13	21	30	73	#
53	535.303	11	18	19	21	22	26	29	30	31	74	#
54	635.164	16	17	18	21	29	30	31	38	39	74	#
55	596.808	19	20	21	24	25	26	27	29	34	74	#
56	571.29	5	13	20	21	29	30	36	37	45	74	#
57	546.836	5	6	13	19	20	21	29	30	31	74	#
58	529.919	7	19	20	21	22	29	30	31	38	74	#
59	416.182	36	42	43	44	52	53	75	#
60	525.89	52	53	54	59	60	61	75	#
61	477.348	26	34	42	43	45	51	75	#
62	398.549	42	43	44	52	53	60	75	#
63	380.26	5	6	13	45	46	53	75	#
64	279.665	2	34	35	42	43	44	75	#
65	1293.28	2	4	5	10	11	12	13	19	20	25	26	27	28	34	35	43	49	50	51	52	57	58	76	#
66	1621.6	4	5	13	24	26	32	34	35	40	41	42	43	48	49	50	51	52	53	56	57	58	60	76	#
67	1471.78	24	32	34	35	40	42	43	44	45	46	48	49	50	51	52	53	54	56	57	58	59	60	76	#
68	1436.18	9	10	11	12	19	20	26	27	32	34	35	40	42	43	48	49	50	51	52	56	57	58	76	#
69	1434.98	5	13	14	18	21	25	26	27	29	30	31	34	35	42	43	49	50	51	52	57	58	60	76	#
70	1412.47	8	10	11	12	16	17	18	19	20	24	25	26	27	32	34	35	40	48	49	50	51	57	76	#
71	493.867	16	17	24	25	26	34	77	#
72	506.602	24	25	26	33	34	41	77	#
73	452.48	0	1	8	9	16	24	77	#
74	426.443	9	17	25	26	34	42	77	#
75	423.459	9	16	24	25	34	43	77	#
76	416.011	19	25	26	27	28	34	77	#
77	206.415	29	30	38	78	#
78	272.705	20	21	29	78	#
79	235.921	38	46	54	78	#
80	222.329	30	31	38	78	#
81	252.201	5	6	7	79	#
82	261.433	3	4	5	79	#
83	181.483	6	7	51	79	#
84	1602.58	3	4	5	6	10	11	12	13	14	15	17	18	19	20	21	24	25	26	27	28	29	33	52	61	80	#
85	1749.56	3	4	5	6	10	11	12	13	14	17	18	21	24	25	31	32	33	34	41	42	43	44	49	52	80	#
86	1745.07	2	3	4	5	6	7	10	11	12	13	14	15	17	18	20	21	25	34	41	42	43	50	51	58	80	#
87	1670.91	2	3	4	5	9	10	11	12	13	14	15	17	18	21	22	23	26	29	30	31	34	38	41	42	80	#
88	1659.53	3	4	5	7	10	11	12	13	14	15	20	21	22	23	28	29	31	34	37	39	42	47	50	52	80	#
89	1635.04	2	3	4	5	6	7	9	10	11	12	13	14	15	17	18	19	20	21	25	28	30	31	38	39	80	#
90	1228.49	0	1	8	9	10	16	17	18	20	24	25	26	28	32	33	34	36	40	41	49	81	#
91	1483.73	5	6	9	10	11	13	17	18	19	20	25	26	27	31	32	33	34	35	39	40	81	#
92	1431.14	8	16	17	18	25	26	32	33	34	35	36	40	41	42	43	49	51	52	57	60	81	#
93	1430.68	16	17	18	24	25	26	32	33	34	35	36	37	40	41	42	43	48	49	51	60	81	#
94	1368	1	9	16	17	18	19	25	26	27	31	32	33	34	39	40	41	46	47	49	57	81	#
95	1366.35	11	16	17	18	19	20	21	24	25	26	27	32	33	34	35	36	37	40	44	52	81	#
96	1205.31	1	9	12	13	17	18	20	21	22	26	27	28	29	30	31	36	37	44	82	#
97	1329.92	6	7	14	15	20	21	22	23	28	29	30	31	36	37	38	44	45	53	82	#
98	1317.1	4	5	6	7	12	13	14	15	20	21	22	23	28	29	30	31	37	38	82	#
99	1283.76	6	12	13	14	15	20	21	23	25	28	29	30	31	36	37	39	45	47	82	#
100	1230.07	6	11	12	13	14	17	20	21	25	26	27	28	29	30	34	36	37	53	82	#
101	1192.19	6	12	13	14	20	21	22	23	27	28	29	30	31	36	37	38	44	53	82	#
102	714.256	2	11	12	13	14	18	19	20	21	28	29	30	31	39	83	#
103	962.941	12	13	19	20	21	28	36	37	44	45	50	51	52	60	83	#
104	913.429	6	7	13	14	15	20	21	22	23	30	31	38	39	47	83	#
105	891.136	19	20	21	28	29	30	31	36	38	39	45	46	47	53	83	#
106	885.731	0	1	6	8	9	13	14	23	25	26	34	35	36	43	83	#
107	884.708	5	6	7	14	21	22	23	29	30	31	38	46	54	55	83	#
108	568.375	8	9	10	11	16	17	18	24	25	26	32	84	#
109	830.218	24	25	26	32	33	34	40	41	42	43	48	84	#
110	799.646	17	25	26	27	28	32	33	34	36	40	41	84	#
111	765.149	11	17	23	25	26	31	32	33	40	41	49	84	#
112	736.831	5	11	12	13	14	20	22	23	28	29	36	84	#
113	698.88	8	9	16	17	18	24	25	32	33	40	41	84	#
114	404.15	15	22	23	29	30	31	85	#
115	514.845	21	23	29	30	31	37	85	#
116	494.029	15	23	29	30	31	39	85	#
117	437.37	21	23	28	29	30	31	85	#
118	431.457	7	14	15	23	30	31	85	#
119	356.993	21	22	23	29	30	37	85	#
120	829.307	6	7	13	14	15	21	22	23	29	30	31	38	39	45	46	47	86	#
121	1153.94	4	5	6	7	12	13	14	15	23	31	51	52	57	58	59	60	86	#
122	1097.64	4	5	6	7	11	12	13	18	19	20	21	27	28	35	36	37	86	#
123	1090.81	12	13	20	21	28	29	35	36	37	39	45	46	47	52	53	60	86	#
124	1073.62	4	5	6	7	13	14	15	21	22	29	30	37	45	46	52	53	86	#
125	1031.99	4	5	6	7	11	12	13	14	15	19	20	21	22	23	28	29	86	#
126	411.028	14	22	23	29	30	31	38	39	87	#
127	532.254	14	15	21	22	23	29	30	31	87	#
128	530.984	6	7	14	22	25	33	40	41	87	#
129	518.29	14	15	22	23	29	30	31	38	87	#
130	505.671	22	23	36	43	44	51	53	54	87	#
131	464.851	14	15	17	22	23	30	31	39	87	#
132	1116.38	3	9	10	11	18	19	26	27	34	35	42	49	50	51	52	57	58	88	#
133	1325.81	5	34	35	43	44	45	46	48	49	50	51	52	53	57	58	59	60	88	#
134	1222.84	13	14	23	26	30	31	34	35	38	39	41	42	46	49	50	57	58	88	#
135	1219.65	12	18	20	26	28	33	34	35	40	41	42	48	49	50	57	58	59	88	#
136	1194.66	18	25	26	27	33	34	35	42	43	49	50	51	52	57	58	59	60	88	#
137	1150.58	6	14	25	26	27	28	34	35	41	42	43	44	45	51	53	59	60	88	#
138	2011.32	0	1	2	3	4	5	6	8	9	10	11	13	14	16	17	18	19	21	22	23	24	25	26	27	30	31	33	34	35	42	43	89	#
139	2332.83	3	4	5	6	7	13	14	15	21	22	23	29	30	31	35	36	37	38	39	44	45	46	47	52	53	54	55	60	61	62	63	89	#
140	2324.89	3	5	6	7	11	13	14	15	21	22	23	26	28	29	30	31	34	35	36	37	38	39	43	44	46	49	50	51	52	53	60	89	#
141	2314.51	0	1	8	9	10	11	14	15	16	17	18	19	22	23	24	25	26	33	34	42	43	44	45	46	50	51	52	53	60	61	62	89	#
142	2302.29	0	1	2	3	5	6	7	8	9	10	11	13	14	15	18	19	21	22	23	29	30	31	36	37	38	39	44	45	46	47	53	89	#
143	2300.49	1	2	3	8	9	10	11	13	14	15	16	17	18	19	23	26	27	28	33	34	35	36	40	43	44	45	50	51	52	53	60	89	#
144	433.835	33	41	42	43	48	49	50	56	57	58	90	#
145	644.319	26	33	34	40	41	49	50	56	57	58	90	#
146	603.402	26	33	34	41	48	49	50	56	57	58	90	#
147	593.743	24	25	26	32	33	34	40	41	48	49	90	#
148	541.23	25	26	27	33	34	41	43	49	50	58	90	#
149	540.869	17	19	20	25	26	27	33	34	40	42	90	#
150	1561.06	0	1	8	9	10	16	24	25	26	27	32	33	34	35	36	40	41	42	43	50	51	58	62	91	#
151	1847.26	0	1	2	5	8	9	10	13	16	24	27	33	34	35	36	40	41	42	43	50	51	52	60	91	#
152	1737.32	0	1	2	3	4	8	9	10	11	12	16	19	24	25	34	42	43	50	51	52	58	59	60	91	#
153	1665.55	1	2	3	4	5	8	9	10	11	16	18	19	24	25	26	27	28	33	34	35	36	40	43	91	#
154	1579.59	1	9	10	11	16	17	18	19	25	27	28	29	34	35	36	37	42	43	45	50	51	58	59	91	#
155	1571.72	19	25	26	27	28	29	33	34	35	36	40	41	42	43	44	49	50	51	52	57	58	59	60	91	#
156	94.5065	32	#
157	196.421	43	44	52	53	92	#
158	211.836	44	52	53	61	92	#
159	193.935	36	37	43	44	92	#
160	1512.46	14	15	21	22	23	29	30	31	38	39	40	41	42	45	46	47	48	49	50	55	57	58	93	#
161	1530.67	6	7	14	15	21	22	23	29	30	31	36	38	40	41	44	45	46	47	48	49	56	57	93	#
162	1463.75	5	6	14	15	21	22	23	28	30	31	38	40	41	42	48	49	50	51	57	58	59	60	93	#
163	1433.73	0	8	16	18	24	25	26	32	40	41	42	48	49	50	51	52	53	56	57	58	59	60	93	#
164	1423.86	4	5	6	7	14	15	16	22	23	24	32	40	41	42	48	49	50	51	56	57	58	59	93	#
165	1418.22	16	24	25	32	40	41	42	45	46	47	48	49	50	51	52	53	55	56	57	58	59	60	93	#
166	175.612	21	30	94	#
167	163.615	20	21	94	#
168	128.55	2	10	11	12	20	95	#
169	185.527	2	9	10	17	61	95	#
170	142.101	11	12	19	20	27	95	#
171	295.601	26	36	37	45	96	#
172	333.647	45	46	47	55	96	#
173	292.192	36	37	45	46	96	#
174	185.76	36	37	43	44	96	#
175	176.813	24	25	26	27	96	#
176	1424.89	12	13	20	21	22	28	29	30	31	34	35	36	37	38	39	42	43	44	45	46	47	54	55	56	63	97	#
177	1642.11	22	31	33	34	35	36	38	39	41	42	43	44	46	47	49	50	51	54	55	57	58	59	60	62	63	97	#
178	1525.64	28	31	34	35	36	37	38	39	41	42	43	44	45	46	47	49	50	51	53	54	55	58	59	60	63	97	#
179	1518.41	0	8	16	17	24	25	32	33	34	35	36	40	41	42	43	44	49	50	51	53	56	57	58	61	62	97	#
180	1505.82	0	2	5	8	10	11	12	13	16	17	18	19	20	21	25	28	29	36	46	47	51	55	59	62	63	97	#
181	1497.14	0	1	5	8	11	12	13	17	18	19	20	21	27	28	29	34	35	36	37	42	43	44	51	53	54	97	#
182	115.265	9	16	98	#
183	147.476	16	31	98	#
184	1130.7	0	8	9	10	16	17	24	25	26	32	33	34	35	36	40	43	44	99	#
185	1175.47	26	27	34	35	36	43	44	45	46	47	52	53	54	55	60	62	63	99	#
186	1170.96	10	11	12	13	14	18	19	20	21	26	27	33	34	35	36	37	40	99	#
187	1157.9	8	16	17	24	25	26	27	33	34	35	36	40	41	43	48	50	63	99	#
188	1129.39	2	3	6	9	10	11	12	13	19	20	21	25	26	27	34	35	43	99	#
189	1128.98	9	17	19	24	25	26	27	33	34	35	36	37	43	44	52	53	60	99	#
190	514.246	44	52	53	54	55	61	62	63	100	#
191	696.328	50	51	52	53	58	59	60	61	100	#
192	645.284	26	33	34	35	40	42	62	63	100	#
193	544.22	44	46	51	52	53	54	61	62	100	#
194	497.193	45	46	53	54	55	61	62	63	100	#
195	482.819	44	47	51	52	53	54	55	61	100	#
196	101.224	54	#
197	312.595	43	44	51	59	101	#
198	365.297	36	44	53	54	101	#
199	323.592	51	58	59	60	101	#
200	242.611	43	44	51	63	101	#
201	215.912	35	43	44	51	101	#
202	633.48	24	25	26	32	33	34	40	43	102	#
203	716.492	24	25	26	32	33	34	40	48	102	#
204	597.383	11	19	20	25	26	27	34	60	102	#
205	563.518	0	1	8	9	17	25	32	33	102	#
206	556.781	17	25	26	33	34	40	41	42	102	#
207	531.434	25	26	34	43	44	50	51	52	102	#
208	742.323	5	6	13	14	15	21	22	28	29	30	37	103	#
209	833.671	3	4	5	6	13	14	15	21	22	30	31	103	#
210	808.031	4	5	6	14	21	22	23	30	38	45	46	103	#
211	743.773	6	13	14	15	21	22	29	30	38	39	46	103	#
212	736.92	6	14	15	21	22	26	27	28	29	30	35	103	#
213	731.896	5	6	14	15	21	22	23	28	29	30	37	103	#
214	437.067	24	25	34	42	48	49	57	104	#
215	546.229	32	40	42	48	49	57	58	104	#
216	462.513	32	33	40	41	42	48	49	104	#
217	417.355	27	34	35	36	41	42	49	104	#
218	413.4	9	16	17	24	25	34	42	104	#
219	394.717	17	18	24	25	26	32	37	104	#
220	878.047	0	2	8	9	10	11	17	18	24	25	26	33	34	35	43	105	#
221	1061.58	2	10	17	18	26	27	33	34	35	43	48	49	51	57	60	105	#
222	1016.93	8	9	16	17	18	24	25	26	32	33	34	43	50	51	60	105	#
223	1013.31	16	17	24	25	26	27	32	33	34	35	40	42	43	51	60	105	#
224	974.185	17	25	26	27	32	33	34	35	36	42	43	44	49	51	52	105	#
225	973.389	6	7	8	14	15	16	17	24	25	32	33	47	54	55	63	105	#
226	274.81	24	25	32	40	106	#
227	331.169	24	32	40	41	106	#
228	306.664	9	16	24	32	106	#
229	235.313	17	25	26	34	106	#
230	247.332	32	40	48	49	107	#
231	258.546	32	33	40	41	107	#
232	238.644	48	49	57	58	107	#
233	217.159	48	49	50	57	107	#
234	198.299	25	32	33	34	107	#
235	1262.18	7	14	15	19	23	31	43	44	45	50	51	52	53	54	59	60	108	#
236	1383.72	24	32	33	34	36	41	42	43	44	45	51	52	53	54	60	61	108	#
237	1253.15	15	36	38	39	40	42	43	44	45	46	47	51	52	53	59	60	108	#
238	1186.46	8	9	10	34	35	42	43	44	45	50	51	52	53	58	59	60	108	#
239	1183.91	2	4	8	9	10	17	36	42	43	44	50	51	52	53	59	60	108	#
240	1142.36	36	38	41	42	43	44	45	46	47	49	50	52	53	54	61	62	108	#
241	110.526	50	57	109	#
242	156.678	42	50	109	#
243	788.688	0	8	16	24	25	32	33	34	40	41	110	#
244	830.386	0	8	16	17	24	25	32	33	40	45	110	#
245	762.786	8	16	17	24	25	32	33	34	40	41	110	#
246	753.701	0	8	16	24	25	32	33	40	41	42	110	#
247	752.685	27	34	42	43	44	49	50	51	52	60	110	#
248	734.291	17	24	25	32	33	34	40	41	42	43	110	#
249	776.32	24	25	32	33	34	40	41	42	43	48	49	50	51	111	#
250	1019.26	33	34	36	37	42	43	44	45	50	51	52	53	60	111	#
251	999.323	24	25	32	33	34	36	40	42	43	44	45	53	54	111	#
252	933.713	29	30	34	36	37	42	43	44	45	52	53	54	61	111	#
253	863.226	21	25	30	31	32	33	34	40	41	42	43	44	53	111	#
254	821.355	25	33	34	35	36	40	41	42	43	44	50	51	60	111	#
255	403.238	21	30	32	38	40	112	#
256	382.983	20	21	29	30	31	112	#
257	372.707	21	22	30	31	38	112	#
258	318.742	21	22	23	30	38	112	#
259	311.926	25	33	34	35	40	112	#
260	300.985	8	16	24	25	32	112	#
261	1800.77	0	1	2	3	4	8	9	10	11	12	16	17	18	19	20	21	24	25	26	27	28	32	33	34	35	40	42	43	44	50	56	113	#
262	2057.1	0	1	2	3	4	6	7	8	9	10	14	16	17	18	23	24	26	34	42	43	44	45	46	47	50	52	53	58	59	60	62	113	#
263	1894.46	0	1	3	8	9	10	11	16	17	18	19	21	24	25	26	27	28	29	32	33	34	35	37	40	42	49	50	51	58	59	60	113	#
264	1879.12	0	1	2	3	4	6	7	8	9	10	11	12	14	15	16	17	18	19	20	24	25	26	27	28	32	33	34	35	40	41	42	113	#
265	1826.63	3	5	8	9	11	12	16	17	19	20	21	24	25	26	27	28	29	33	34	35	40	41	42	43	44	49	50	51	52	58	60	113	#
266	1814.43	0	1	2	3	8	9	10	11	12	16	17	18	19	20	21	24	25	26	27	32	33	34	35	40	41	42	49	50	56	57	58	113	#
267	74.5671	21	#
268	522.658	35	36	38	39	47	54	55	62	63	114	#
269	652.289	14	21	22	23	30	31	38	39	47	114	#
270	613.43	21	23	28	29	30	31	38	39	47	114	#
271	606.255	30	31	38	39	45	46	47	55	63	114	#
272	581.974	44	47	51	52	53	55	61	62	63	114	#
273	576.004	44	45	47	52	53	54	55	61	63	114	#
274	181.617	41	42	43	44	49	115	#
275	266.376	25	26	33	40	41	115	#
276	254.954	36	41	42	43	44	115	#
277	241.817	42	43	49	53	57	115	#
278	163.439	58	59	#
279	1157.62	0	1	2	3	4	5	8	9	10	11	13	16	17	18	19	20	21	27	30	116	#
280	1433.98	3	4	5	6	7	8	9	10	11	12	13	16	20	21	23	24	26	45	62	116	#
281	1403.16	0	1	8	9	10	11	16	17	18	24	32	36	44	50	51	52	58	59	60	116	#
282	1392.33	2	5	8	9	10	16	17	18	24	25	29	30	32	33	34	36	37	45	46	116	#
283	1364.49	2	8	9	10	16	17	18	24	25	26	32	33	34	35	36	43	51	59	60	116	#
284	1292.05	0	1	8	9	16	21	29	30	31	34	35	36	37	43	44	45	51	52	53	116	#
285	310.224	22	26	34	42	43	49	117	#
286	421.058	25	34	43	44	51	59	117	#
287	378.419	34	41	42	43	49	50	117	#
288	375.306	25	34	35	42	49	50	117	#
289	326.718	19	25	26	27	34	43	117	#
290	315.153	14	22	23	29	30	37	117	#
291	565.291	13	20	21	28	36	37	44	45	118	#
292	615.276	36	37	44	45	46	53	54	61	118	#
293	610.338	12	20	36	44	46	53	54	61	118	#
294	564.53	28	29	36	37	44	45	53	61	118	#
295	554.951	14	22	45	46	47	53	54	55	118	#
296	517.001	12	19	20	21	28	29	36	44	118	#
297	832.369	28	29	36	37	43	45	46	51	54	59	119	#
298	858.489	42	45	46	49	50	52	53	57	58	59	119	#
299	778.702	20	21	28	29	34	35	36	37	43	45	119	#
300	748.392	28	34	35	36	41	42	43	50	51	52	119	#
301	743.053	28	29	35	36	37	38	45	46	53	54	119	#
302	743.006	4	5	13	14	21	29	30	37	45	46	119	#
303	982.804	15	19	20	21	23	28	29	31	37	38	39	45	46	47	54	120	#
304	1149.76	23	31	37	38	39	45	46	47	50	51	54	55	59	60	63	120	#
305	1027.49	7	14	15	22	23	31	37	38	39	45	46	47	53	54	55	120	#
306	1006.95	21	23	30	31	32	33	38	39	40	41	46	47	48	49	55	120	#
307	972.004	2	7	12	13	14	15	21	22	23	29	31	38	39	47	60	120	#
308	941.379	6	7	12	14	15	20	21	22	23	28	29	30	31	38	46	120	#
309	881.795	0	1	2	8	9	10	11	12	16	24	25	26	33	34	121	#
310	984.647	25	26	27	33	34	35	41	42	43	49	51	52	59	60	121	#
311	930.34	1	2	8	9	10	16	18	25	26	34	42	49	50	51	121	#
312	844.457	0	1	2	8	9	10	11	16	24	32	33	34	53	54	121	#
313	843.724	1	8	9	10	11	16	24	25	26	27	32	33	34	43	121	#
314	833.112	0	1	2	8	9	10	11	16	18	21	24	25	26	32	121	#
315	524.948	5	6	7	13	14	15	21	22	23	122	#
316	506.067	6	7	13	14	15	21	22	23	30	122	#
317	500.592	4	5	13	14	21	22	29	30	31	122	#
318	493.843	7	13	14	15	18	22	23	30	31	122	#
319	491.367	4	5	13	14	15	22	23	29	30	122	#
320	486.647	6	7	13	14	15	22	23	30	31	122	#
321	258.746	53	54	61	123	#
322	265.833	45	53	61	123	#
323	243.137	53	54	55	123	#
324	191.341	44	53	54	123	#
325	912.05	5	13	14	15	21	22	23	29	30	31	37	38	39	45	46	124	#
326	1055.09	4	5	6	7	13	14	15	19	20	21	22	23	27	30	31	124	#
327	1052.98	29	36	37	43	44	45	50	51	52	53	54	55	58	59	60	124	#
328	1042.02	5	13	14	15	21	22	23	29	30	31	36	37	39	44	45	124	#
329	1036.64	3	4	5	6	7	13	14	15	21	22	23	29	30	31	39	124	#
330	1029.57	5	6	12	13	14	15	21	22	23	29	30	31	36	37	39	124	#
331	83.6406	13	#
332	1453.39	5	6	18	19	24	25	26	27	32	33	34	40	41	42	43	48	49	50	51	56	57	58	59	60	125	#
333	1810.76	3	4	5	12	13	16	21	24	25	26	29	32	33	34	40	41	42	43	49	50	51	52	58	60	125	#
334	1767.08	21	24	25	26	29	33	34	36	37	40	41	42	43	44	48	49	50	51	53	54	56	57	58	60	125	#
335	1744.26	25	26	32	33	34	40	41	42	43	45	46	48	49	50	51	52	53	54	56	57	58	59	60	61	125	#
336	1708.84	2	10	17	18	25	26	32	33	34	40	41	42	43	48	49	50	51	52	53	56	57	58	60	61	125	#
337	1707.3	0	2	8	9	10	16	17	18	24	25	26	33	34	40	41	42	43	48	49	50	51	53	61	62	125	#
338	1799.99	5	6	7	13	14	15	21	22	23	24	25	29	30	31	32	33	35	36	37	38	39	42	43	44	45	46	47	49	53	54	55	57	61	126	#
339	2292.01	1	3	4	5	6	7	9	10	11	12	13	14	15	17	18	19	20	21	22	23	27	31	34	35	39	43	44	45	48	53	54	55	61	126	#
340	2249.28	0	1	4	9	10	11	12	18	19	27	33	34	35	36	37	38	39	42	43	44	45	46	47	48	49	51	52	53	54	55	57	59	60	126	#
341	2236.91	5	6	13	18	19	20	27	28	31	33	34	35	36	37	38	39	42	43	44	45	46	47	49	51	52	53	54	55	59	60	61	62	63	126	#
342	2232.27	3	4	5	6	10	11	12	13	14	15	18	19	20	21	23	27	31	34	35	36	37	39	43	44	45	46	52	53	54	55	61	62	63	126	#
343	2200.87	4	5	6	7	10	11	12	16	17	18	19	20	21	27	28	34	35	36	37	41	42	43	44	45	49	51	52	53	57	59	60	61	62	126	#
344	132.564	26	27	127	#
345	161.037	26	34	127	#
346	844.848	34	38	39	43	44	45	46	47	52	53	54	55	61	62	128	#
347	1147.31	13	14	22	23	24	32	33	34	40	43	48	51	52	60	128	#
348	1002.27	5	6	7	13	15	21	22	23	38	39	46	47	54	55	128	#
349	971.522	1	8	9	18	21	22	29	30	38	39	45	46	47	55	128	#
350	959.803	36	37	43	44	45	46	50	51	52	53	59	60	61	62	128	#
351	945.554	6	7	22	23	29	30	31	38	39	45	46	47	54	55	128	#
352	252.796	27	28	29	35	36	43	129	#
353	290.478	12	20	28	29	36	37	129	#
354	289.605	20	27	28	34	35	36	129	#
355	251.872	18	19	20	28	29	30	129	#
356	248.234	20	27	28	35	36	43	129	#
357	209.772	12	13	19	20	27	28	129	#
358	226.26	32	33	34	130	#
359	247.055	32	33	40	130	#
360	236.251	33	34	35	130	#
361	123.082	7	#
362	1178	8	16	19	24	25	27	32	33	34	35	40	41	42	43	48	49	50	51	57	60	131	#
363	1402.97	7	15	18	26	27	28	33	34	35	36	37	40	41	42	43	44	49	51	52	61	131	#
364	1400.13	24	26	32	33	34	37	40	41	42	43	45	49	50	51	52	53	54	57	59	60	131	#
365	1352	16	17	18	19	24	25	26	33	34	40	41	42	43	49	50	51	52	57	58	59	131	#
366	1350.5	15	16	17	18	23	24	25	26	27	28	29	30	31	33	34	40	41	48	49	53	131	#
367	1331.32	18	19	26	27	28	29	30	33	34	35	36	40	41	43	44	49	51	52	59	60	131	#
368	296.38	14	22	23	30	31	38	39	132	#
369	360.917	22	30	31	38	39	47	55	132	#
370	359.617	21	23	30	31	38	39	49	132	#
371	354.895	14	15	21	22	23	30	31	132	#
372	331.532	6	13	14	15	22	23	30	132	#
373	295.954	21	22	30	38	39	46	47	132	#
374	600.231	4	5	13	20	21	27	28	29	30	37	45	133	#
375	803.251	26	29	34	37	43	44	45	50	51	58	59	133	#
376	672.398	13	18	19	20	21	28	29	30	31	37	45	133	#
377	667.728	5	6	7	13	14	15	20	21	22	23	30	133	#
378	630.029	20	21	22	23	28	29	30	31	37	38	45	133	#
379	615.098	3	4	5	11	12	13	14	15	22	23	32	133	#
380	84.954	10	11	134	#
381	103.687	9	10	134	#
382	99.4084	3	11	134	#
383	1495.15	18	19	25	26	27	28	29	32	33	34	35	37	40	41	42	43	48	49	50	51	52	56	57	58	59	60	135	#
384	1806.47	1	17	18	19	25	26	32	33	34	40	41	42	44	45	48	49	50	51	52	53	57	58	59	60	61	62	135	#
385	1801.78	17	21	25	26	27	32	33	34	35	40	41	42	44	45	48	49	50	51	52	53	56	57	58	59	60	61	135	#
386	1790.73	2	3	10	11	12	17	18	19	26	27	32	33	34	40	42	44	49	50	51	52	56	57	58	59	60	63	135	#
387	1759.73	2	7	10	11	17	18	20	21	24	26	32	34	40	42	43	44	48	49	50	51	52	56	57	58	59	60	135	#
388	1744.08	2	10	17	18	26	32	33	34	35	37	40	41	42	43	44	45	46	48	49	50	52	53	57	58	60	61	135	#
389	425.295	16	17	18	25	26	136	#
390	414.307	8	9	16	17	18	136	#
391	364.908	17	18	26	38	46	136	#
392	346.248	8	9	16	17	25	136	#
393	318.199	9	17	25	26	33	136	#
394	307.199	51	55	61	62	63	137	#
395	407.421	38	39	47	55	63	137	#
396	326.215	47	55	61	62	63	137	#
397	307.118	54	55	61	62	63	137	#
398	298.355	13	42	49	50	51	137	#
399	155.681	47	54	55	138	#
400	197.271	47	55	63	138	#
401	189.065	38	46	47	138	#
402	62.9821	43	44	139	#
403	68.3478	35	43	139	#
404	50.8232	9	#
405	1314.98	7	15	22	23	27	28	29	30	31	37	38	39	42	43	44	45	46	47	51	52	53	54	55	62	63	140	#
406	1585.7	5	6	7	13	14	15	17	18	19	22	23	26	29	30	37	42	43	44	45	50	51	52	53	54	55	140	#
407	1550.93	3	5	6	7	11	12	13	18	19	20	26	27	28	36	37	43	44	45	47	51	52	53	54	55	63	140	#
408	1522.63	5	6	7	11	12	13	14	15	18	19	20	21	22	23	26	27	28	29	30	35	38	42	43	51	59	140	#
409	1485.46	5	6	7	11	13	14	15	18	19	21	22	23	26	27	28	29	30	31	38	39	46	47	52	53	54	140	#
410	1472.08	6	7	11	12	13	15	18	19	20	21	22	23	26	27	28	29	30	35	36	37	38	40	45	53	61	140	#
411	874.389	25	32	33	34	35	40	41	42	43	49	50	51	59	60	141	#
412	1063.16	34	36	41	42	43	44	48	49	50	51	52	58	59	60	141	#
413	1018.91	41	42	43	44	45	49	50	51	52	53	58	59	60	61	141	#
414	941.865	25	32	33	34	40	41	42	43	48	49	50	51	58	60	141	#
415	923.379	6	7	17	25	32	33	34	40	41	42	43	47	48	51	141	#
416	889.056	8	9	16	17	18	43	44	49	50	51	52	58	59	60	141	#
417	492.144	5	6	7	13	14	15	22	142	#
418	595.126	3	4	5	6	7	15	23	142	#
419	582.229	5	6	7	12	13	21	30	142	#
420	519.708	5	6	7	14	15	23	31	142	#
421	518.753	5	6	7	11	12	13	14	142	#
422	424.108	5	6	7	12	13	14	28	142	#
423	1348.46	3	4	37	38	39	44	45	46	47	49	50	51	52	53	54	55	57	58	59	61	63	143	#
424	1440.21	24	25	26	27	33	34	40	41	42	48	49	50	51	52	53	54	55	57	58	59	61	143	#
425	1401.06	1	2	3	4	5	6	8	9	10	11	14	15	16	17	22	23	24	25	30	31	61	143	#
426	1391.56	1	3	8	9	10	11	17	35	37	38	43	44	45	46	51	52	53	54	55	61	63	143	#
427	1331.48	37	38	39	40	44	45	46	47	48	49	50	51	52	53	54	55	57	58	59	60	61	143	#
428	1285.35	14	15	17	22	23	25	26	27	34	35	41	42	43	48	49	50	51	52	57	58	59	143	#
429	434.721	13	14	15	23	31	39	144	#
430	417.811	14	23	30	31	38	39	144	#
431	379.694	7	14	15	22	23	31	144	#
432	370.974	5	13	14	15	22	23	144	#
433	353.02	22	23	30	31	38	39	144	#
434	344.261	13	21	34	43	44	53	144	#
435	207.375	3	11	50	57	145	#
436	278.473	3	4	5	33	145	#
437	271.911	42	50	51	58	145	#
438	249.735	40	48	56	57	145	#
439	161.716	10	11	12	19	145	#
440	476.396	29	30	42	48	49	50	57	146	#
441	529.55	42	43	48	49	50	51	57	146	#
442	519.029	40	42	48	49	50	57	58	146	#
443	509.048	15	23	29	30	31	38	56	146	#
444	465.158	38	46	50	51	52	56	57	146	#
445	435.214	5	6	11	12	49	50	57	146	#
446	748.49	2	3	4	10	11	12	13	17	18	20	26	40	48	147	#
447	898.357	17	25	32	33	34	41	48	49	50	51	56	57	59	147	#
448	828.149	0	8	16	17	24	25	26	33	34	40	41	42	49	147	#
449	817.903	16	17	18	24	25	32	33	34	40	41	43	48	57	147	#
450	799.937	7	15	17	20	24	25	26	27	28	29	30	33	38	147	#
451	753.279	2	3	10	11	16	17	18	19	20	24	25	26	32	147	#
452	1006.32	15	23	36	43	44	45	50	51	52	53	55	60	61	62	63	148	#
453	1090.32	17	24	25	34	42	43	44	48	49	50	51	52	53	59	60	148	#
454	1089.09	21	28	29	34	36	37	42	43	44	45	53	54	55	62	63	148	#
455	1048.4	20	21	28	29	32	33	34	35	36	37	42	43	44	45	53	148	#
456	999.769	31	32	33	34	39	40	42	43	48	49	50	51	57	58	60	148	#
457	931.141	9	16	17	24	25	34	35	42	43	44	48	49	50	56	57	148	#
458	79.4006	1	#
459	834.502	1	39	45	47	50	51	52	53	54	55	61	62	63	149	#
460	970.278	37	40	44	45	48	49	51	52	53	54	60	61	62	149	#
461	908.86	31	39	45	46	47	48	49	52	53	54	55	57	60	149	#
462	886.02	33	41	42	43	49	50	51	52	59	60	61	62	63	149	#
463	858.406	21	29	37	44	45	46	47	52	53	54	60	61	62	149	#
464	854.42	23	24	29	31	37	39	45	46	47	53	54	55	61	149	#
465	55.0629	44	#
466	734.864	32	33	34	40	41	42	43	48	50	51	150	#
467	800.597	26	27	33	34	35	41	43	51	59	60	150	#
468	793.257	34	43	48	50	51	52	57	58	59	60	150	#
469	731.651	1	15	33	40	41	48	49	50	51	57	150	#
470	729.866	18	26	32	33	34	40	41	46	48	54	150	#
471	646.243	26	32	33	34	40	41	48	49	50	57	150	#
472	2668.04	1	3	4	5	6	7	9	11	12	13	14	15	16	17	18	19	20	21	22	23	24	25	26	27	28	29	30	31	33	35	36	38	39	40	41	42	45	46	47	52	53	54	55	63	151	#
473	2924.36	0	1	5	6	7	11	12	13	14	15	17	18	19	20	21	22	23	26	28	29	30	31	32	38	39	40	41	42	43	45	46	47	49	51	52	53	54	55	57	58	59	61	62	63	151	#
474	2819.17	7	11	12	13	14	15	17	18	19	20	21	22	23	26	27	29	30	31	32	33	34	35	38	39	41	42	43	45	47	48	49	50	51	52	53	54	55	57	58	59	60	61	62	63	151	#
475	2809.78	0	1	7	8	9	11	12	13	14	15	16	17	18	19	20	21	22	23	24	25	26	27	28	29	30	31	32	33	34	36	38	39	40	42	45	46	47	48	52	53	54	55	62	63	151	#
476	2796.03	4	5	7	11	12	13	14	15	19	20	21	22	23	27	28	29	30	31	32	33	35	36	38	39	40	41	42	43	45	46	47	48	49	50	51	52	53	54	55	58	59	61	62	63	151	#
477	2750.96	4	5	6	7	11	12	13	14	15	17	18	19	20	21	22	23	25	28	29	30	31	32	35	36	38	39	42	43	46	47	48	49	50	51	52	53	54	55	57	58	59	60	62	63	151	#
478	901.221	34	38	43	46	47	50	51	52	53	54	55	58	59	60	152	#
479	1166.45	18	19	27	34	43	48	50	51	52	56	57	58	59	60	152	#
480	1072.88	24	25	32	33	41	48	49	50	51	52	57	58	59	60	152	#
481	1068.5	40	41	43	48	50	51	52	53	56	57	58	59	60	61	152	#
482	1056.64	2	28	36	44	45	48	50	51	52	53	57	58	59	60	152	#
483	1008.58	18	25	26	27	33	34	43	44	50	51	52	58	59	60	152	#
484	697.059	35	40	41	42	43	48	49	50	51	56	57	58	153	#
485	885.873	6	7	14	15	23	41	42	48	49	50	57	58	153	#
486	833.854	18	26	43	44	48	49	50	51	56	57	58	60	153	#
487	814.134	34	40	41	42	48	49	50	51	56	57	58	60	153	#
488	805.345	42	43	48	49	50	51	52	56	57	58	59	60	153	#
489	772.912	25	26	34	38	39	41	42	43	45	49	50	53	153	#
490	210.853	22	23	31	39	154	#
491	287.261	31	34	38	39	154	#
492	165.136	14	22	23	31	154	#
493	97.6233	55	#
494	1387.95	17	19	25	26	27	34	35	38	42	43	45	46	50	51	52	53	54	58	59	60	61	62	63	155	#
495	1678.91	4	5	6	12	13	14	15	20	22	23	33	34	35	36	43	50	51	52	53	54	59	60	61	155	#
496	1675.68	4	5	13	21	29	32	33	34	35	40	42	43	45	46	47	50	51	52	53	54	59	60	61	155	#
497	1581.33	12	17	18	20	21	23	25	26	27	33	34	35	36	42	43	50	51	52	53	57	59	60	61	155	#
498	1559.26	23	26	29	31	34	36	37	38	39	42	45	46	47	50	51	52	53	54	59	60	61	62	63	155	#
499	1495.55	23	25	26	31	34	38	39	42	43	45	46	47	50	51	52	53	54	55	57	59	60	61	63	155	#
500	706.537	0	1	2	3	4	5	8	9	10	11	12	13	18	156	#
501	789.568	1	2	3	4	5	6	9	10	11	12	13	30	31	156	#
502	788.13	0	8	9	16	24	25	26	27	33	34	35	40	43	156	#
503	777.491	3	4	11	12	20	27	28	35	36	43	44	52	53	156	#
504	775.739	0	1	8	9	10	11	16	24	32	33	34	41	42	156	#
505	747.219	0	1	8	9	10	16	24	25	26	27	32	33	41	156	#
506	1566.89	20	21	22	25	26	27	28	29	30	32	33	34	35	36	37	40	41	42	43	44	45	48	49	50	51	53	54	57	59	61	157	#
507	1985.64	5	6	9	11	12	13	18	20	21	25	26	27	28	29	30	31	34	36	41	42	43	44	49	50	51	52	53	57	59	61	157	#
508	1967.14	1	6	7	8	9	14	15	16	17	18	23	24	25	26	31	32	33	34	35	40	41	43	48	49	50	51	52	57	59	60	157	#
509	1955.94	5	6	11	14	17	18	19	22	25	26	28	29	34	36	37	41	43	44	45	48	49	50	51	52	53	56	57	59	60	61	157	#
510	1941.98	4	5	6	7	11	12	13	14	15	20	22	23	28	31	38	39	42	43	44	46	47	51	52	53	54	55	59	61	62	63	157	#
511	1925.41	8	9	16	17	24	25	26	33	34	35	36	40	41	43	44	47	48	49	50	51	52	53	54	55	57	59	60	61	62	63	157	#
512	47.1712	2	#
513	308.505	34	35	42	49	50	158	#
514	381.515	3	4	26	34	35	158	#
515	340.208	40	41	49	50	51	158	#
516	262.261	25	34	41	42	49	158	#
517	261.538	42	43	44	50	51	158	#
518	195.111	27	28	35	36	37	158	#
519	502.204	2	10	11	12	19	20	26	27	28	29	30	35	36	159	#
520	749.054	11	12	13	14	15	19	20	21	27	28	29	30	36	159	#
521	706.555	6	13	14	21	22	23	27	28	29	30	31	35	36	159	#
522	703.471	11	12	13	20	21	28	29	30	31	34	35	36	43	159	#
523	683.111	2	3	9	10	11	12	13	14	20	21	28	29	30	159	#
524	668.739	17	18	19	24	25	26	27	28	32	33	34	40	43	159	#
525	60.8219	10	#
526	220.612	14	22	23	29	30	160	#
527	320.763	22	23	30	38	39	160	#
528	291.825	22	23	29	30	34	160	#
529	258.272	14	22	23	30	38	160	#
530	235.029	0	20	21	29	30	160	#
531	1077.49	3	6	7	11	12	13	14	15	21	22	23	29	30	31	161	#
532	1229.21	2	5	6	7	13	14	15	50	51	52	53	58	59	60	161	#
533	1159.41	5	6	7	14	15	22	23	28	29	30	52	53	59	60	161	#
534	1141.08	3	4	5	6	7	13	14	15	21	22	23	29	30	31	161	#
535	1095.09	4	5	6	7	13	14	15	21	22	23	28	29	30	31	161	#
536	1068.87	3	4	5	6	7	11	12	13	19	20	21	28	29	36	161	#
537	723.721	0	1	2	9	10	11	12	13	41	42	49	50	162	#
538	880.117	0	1	2	8	9	10	16	17	24	25	26	32	162	#
539	874.73	41	42	43	44	45	48	50	51	53	57	58	59	162	#
540	868.952	0	1	2	8	9	10	16	17	18	24	25	26	162	#
541	841.051	0	1	8	9	10	16	17	24	25	32	33	40	162	#
542	829.164	0	1	2	8	9	10	11	16	17	18	25	26	162	#
543	251.473	44	45	53	163	#
544	220.606	36	44	53	163	#
545	202.791	44	52	53	163	#
546	157.57	45	46	47	163	#
547	359.555	40	41	48	49	50	57	58	164	#
548	449.875	48	49	50	51	57	58	60	164	#
549	416.271	33	34	35	40	48	49	50	164	#
550	409.211	48	49	50	51	56	57	58	164	#
551	401.302	40	48	49	50	56	57	58	164	#
552	370.307	34	35	42	48	49	50	57	164	#
553	492.493	2	21	23	28	29	30	31	39	165	#
554	689.31	5	6	13	14	21	23	31	39	165	#
555	611.379	2	5	6	7	10	11	18	26	165	#
556	568.004	6	14	23	31	38	39	45	46	165	#
557	565.262	21	30	38	39	45	46	53	54	165	#
558	507.483	13	21	28	29	30	31	38	39	165	#
559	345.88	33	34	35	41	43	166	#
560	386.743	34	35	36	42	49	166	#
561	383.173	33	34	40	41	42	166	#
562	349.896	28	33	36	40	41	166	#
563	277.732	34	35	43	44	53	166	#
564	268.637	25	26	32	33	34	166	#
565	637.266	2	3	4	10	11	12	19	20	26	27	28	29	34	35	37	43	167	#
566	928.624	19	25	26	27	33	34	35	41	42	43	44	45	52	53	54	55	167	#
567	910.19	9	12	17	18	19	20	26	27	28	29	30	31	34	37	38	39	167	#
568	905.201	12	19	22	26	27	28	29	30	36	37	38	44	46	54	55	63	167	#
569	872.211	25	26	32	33	34	40	41	42	43	44	49	51	52	53	57	58	167	#
570	803.302	3	4	5	6	7	11	12	13	15	19	20	21	26	27	28	29	167	#
571	188.798	55	62	63	168	#
572	197.534	54	55	63	168	#
573	120.17	61	62	63	168	#
574	209.735	15	23	#
575	701.651	5	13	14	20	21	22	23	26	27	28	29	30	38	46	169	#
576	1032.18	13	21	22	24	28	29	30	31	32	33	38	39	40	48	169	#
577	924.269	7	13	14	15	20	21	22	23	29	30	31	38	39	46	169	#
578	860.836	13	20	21	23	28	29	30	31	37	42	49	50	56	57	169	#
579	848.612	13	14	15	20	21	23	28	29	30	31	38	39	46	47	169	#
580	844.708	26	27	28	29	34	35	36	41	42	43	51	52	53	59	169	#
581	1309.64	16	24	25	32	33	34	40	41	42	44	48	49	50	51	52	53	54	57	58	59	60	170	#
582	1517.42	6	7	13	14	22	32	33	40	41	42	45	48	49	50	51	52	53	57	58	59	60	170	#
583	1402.99	25	33	35	36	37	40	41	44	45	48	49	50	51	52	53	57	58	59	60	61	62	170	#
584	1392.73	20	28	29	30	31	36	37	38	39	43	44	45	46	50	51	52	53	54	59	60	61	170	#
585	1392.09	38	41	43	45	46	47	48	49	50	51	52	53	54	55	57	58	59	60	61	62	63	170	#
586	1365.59	26	32	33	34	36	40	41	42	43	44	48	49	50	51	52	53	54	57	58	59	60	170	#
587	180.795	3	10	11	171	#
588	230.129	3	11	12	171	#
589	525.816	2	3	9	10	11	12	16	17	18	25	172	#
590	671.151	1	9	17	24	25	33	40	41	42	50	172	#
591	619.601	2	3	9	10	11	12	13	14	21	35	172	#
592	583.234	1	3	8	9	10	11	17	18	19	27	172	#
593	576.029	12	18	19	20	27	28	36	41	42	50	172	#
594	571.278	1	8	9	10	11	12	16	17	18	24	172	#
595	1441.09	2	9	10	18	19	20	21	28	29	30	33	34	35	36	37	38	39	40	41	42	43	45	46	47	49	54	55	62	63	173	#
596	2041.71	3	5	6	7	11	12	13	14	20	21	22	23	29	30	32	33	34	38	40	41	45	46	48	50	54	55	58	62	63	173	#
597	1971.81	0	1	3	4	5	8	9	10	11	12	13	16	17	18	19	20	21	24	26	28	29	30	33	34	35	36	38	40	41	173	#
598	1883.26	5	6	7	12	13	14	15	18	19	20	21	22	23	26	28	29	30	31	33	34	35	38	43	45	46	47	51	54	55	173	#
599	1838.65	4	5	6	7	12	13	14	15	18	19	20	21	22	23	28	29	30	31	36	38	39	44	45	46	53	54	55	61	62	173	#
600	1837.5	3	4	5	6	7	8	9	10	12	13	14	16	17	18	19	20	21	22	23	26	28	29	30	33	34	38	39	46	47	173	#
601	590.702	2	5	9	10	11	12	13	16	18	20	174	#
602	738.971	1	2	7	9	10	15	16	17	18	56	174	#
603	690.882	9	10	16	17	18	25	32	33	34	40	174	#
604	639.803	5	6	7	12	13	20	21	29	30	38	174	#
605	616.981	12	13	14	15	20	21	23	30	52	60	174	#
606	596.86	2	9	10	16	17	24	32	33	40	41	174	#
607	1068.03	0	8	16	17	22	23	24	25	26	32	33	34	40	41	48	49	57	175	#
608	1308.12	0	1	8	9	16	17	24	26	32	33	34	40	41	48	49	50	51	175	#
609	1243.1	0	1	8	9	16	17	24	32	33	34	40	41	42	48	49	50	51	175	#
610	1241.16	0	1	8	9	10	16	17	18	24	26	32	33	34	35	40	41	51	175	#
611	1233.15	16	17	24	25	26	32	33	34	41	45	48	49	50	55	61	62	63	175	#
612	1227.54	0	1	3	4	5	8	9	10	11	12	13	16	17	19	24	32	40	175	#
613	292.796	11	12	20	28	29	176	#
614	300.492	10	11	12	18	20	176	#
615	300.242	20	28	29	36	37	176	#
616	274.986	28	35	36	37	45	176	#
617	274.378	12	20	27	28	29	176	#
618	273.121	3	10	11	12	20	176	#
619	326.272	9	16	17	61	177	#
620	328.518	0	8	9	17	177	#
621	265.743	16	17	18	19	177	#
622	244.495	8	9	10	16	177	#
623	173.841	55	61	62	63	177	#
624	487.557	19	21	26	27	28	29	34	178	#
625	525.522	19	20	21	27	35	58	59	178	#
626	449.678	13	19	20	21	27	28	29	178	#
627	417.742	17	18	19	25	26	27	34	178	#
628	399.916	19	20	26	27	28	35	36	178	#
629	389.749	17	25	26	33	34	35	43	178	#
630	745.64	1	9	16	17	18	25	26	32	33	34	42	43	179	#
631	799.592	17	18	24	25	26	32	34	40	48	49	56	57	179	#
632	768.827	3	4	11	18	19	25	26	32	33	40	50	57	179	#
633	756.115	17	18	25	26	32	33	40	41	48	49	57	58	179	#
634	746.343	0	1	8	9	16	17	18	25	26	33	34	41	179	#
635	745.029	0	1	8	9	16	18	24	25	26	32	33	41	179	#
636	303.624	0	1	2	8	9	180	#
637	388.881	0	1	8	16	17	180	#
638	336.81	0	8	9	16	17	180	#
639	333.699	0	1	8	9	16	180	#
640	290.442	0	1	9	10	18	180	#
641	166.982	2	9	10	11	19	180	#
642	1180.56	3	4	11	14	33	34	40	41	42	50	51	56	57	58	59	60	61	181	#
643	1151.95	10	18	26	32	33	34	40	41	42	48	49	50	51	56	57	58	59	181	#
644	1150.55	5	6	33	34	40	41	42	43	49	50	51	52	53	57	58	59	60	181	#
645	1135.06	2	3	4	10	11	17	18	19	20	26	28	29	30	34	36	37	44	181	#
646	1118.98	10	11	19	24	33	34	40	41	42	43	44	48	49	51	52	59	60	181	#
647	1115.98	10	18	19	20	26	27	34	35	40	41	42	43	50	51	52	59	60	181	#
648	293.245	20	21	29	37	182	#
649	387.936	5	13	21	29	182	#
650	371.527	21	29	37	45	182	#
651	341.024	12	13	20	21	182	#
652	338.245	13	21	29	37	182	#
653	669.697	12	17	18	19	24	40	41	48	49	56	57	58	183	#
654	844.772	24	27	32	33	34	40	41	42	48	49	56	57	183	#
655	827.343	33	34	41	42	49	50	51	52	56	57	58	60	183	#
656	819.131	24	25	26	32	33	34	40	41	42	48	49	50	183	#
657	811.991	20	21	32	33	40	41	42	48	49	50	57	58	183	#
658	797.669	25	33	41	42	44	49	50	51	52	57	58	60	183	#
659	336.889	40	41	48	56	57	58	184	#
660	493.247	48	49	51	57	58	59	184	#
661	476.926	36	48	50	51	57	58	184	#
662	396.19	40	41	42	48	57	58	184	#
663	391.187	42	48	50	51	56	57	184	#
664	380.719	40	41	42	48	50	51	184	#
665	162.043	41	49	50	57	185	#
666	216.605	5	40	41	49	185	#
667	210.541	40	48	57	58	185	#
668	2151.96	0	3	4	9	11	14	15	16	17	18	19	23	24	25	26	27	28	29	32	33	34	35	36	37	41	42	43	44	48	49	50	51	53	54	55	59	186	#
669	2421.77	5	6	13	14	15	16	17	18	19	20	21	24	28	29	32	33	34	35	40	41	42	43	44	45	48	49	50	51	52	53	54	56	57	58	59	60	186	#
670	2366.21	17	21	24	25	27	28	29	32	33	34	35	36	37	40	41	42	43	44	45	47	48	49	50	51	52	53	54	55	56	57	58	59	60	61	62	63	186	#
671	2327.16	4	5	9	13	17	21	24	25	27	28	29	30	33	34	35	36	37	38	42	43	44	45	46	47	48	49	51	52	53	54	55	59	60	61	62	63	186	#
672	2326.38	0	16	17	23	24	25	31	32	33	34	35	38	39	40	41	42	43	44	45	47	48	49	50	51	52	53	54	55	56	57	58	59	60	61	62	63	186	#
673	2316.07	9	16	17	21	24	25	26	27	28	29	32	33	34	35	36	37	40	41	42	43	44	45	48	49	50	51	52	53	54	55	56	57	58	59	60	63	186	#
674	1923.98	7	12	13	14	15	19	20	21	22	23	27	28	29	30	31	35	37	39	42	43	45	46	47	49	50	51	52	54	57	58	59	60	187	#
675	2171.47	8	9	10	16	17	24	25	26	28	29	30	31	32	33	34	37	40	41	42	43	45	46	48	49	50	51	52	56	57	58	59	60	187	#
676	2167.15	9	13	14	15	17	18	22	23	24	25	27	28	30	31	32	33	34	35	40	41	42	43	48	49	50	51	52	56	57	58	59	60	187	#
677	2022.11	0	3	4	8	9	10	11	12	19	25	27	28	29	30	33	34	35	40	41	42	43	45	49	50	51	52	53	56	57	58	59	60	187	#
678	2020.67	2	3	4	8	9	10	11	13	14	16	17	19	21	22	27	28	29	30	31	34	35	37	42	43	45	49	50	51	52	53	57	60	187	#
679	2011.55	7	10	14	15	17	18	19	22	25	27	28	29	30	31	34	35	41	42	43	44	45	47	48	49	50	51	52	53	56	57	58	60	187	#
680	301.995	38	39	58	59	188	#
681	341.2	52	58	59	60	188	#
682	302.355	43	51	59	60	188	#
683	283.898	21	30	38	39	188	#
684	196.855	22	30	38	39	188	#
685	267.042	52	59	60	189	#
686	217.985	36	44	52	189	#
687	176.417	6	14	190	#
688	150.424	13	14	190	#
689	163.813	23	55	191	#
690	204.309	7	15	191	#
691	776.708	12	20	21	22	29	30	31	37	38	39	46	47	54	192	#
692	995.631	30	31	37	38	39	45	46	47	52	53	54	55	61	192	#
693	968.183	29	37	38	39	44	45	46	47	52	53	54	55	61	192	#
694	850.879	22	29	30	31	34	35	36	37	38	39	45	46	47	192	#
695	844.977	11	19	20	21	22	29	30	31	37	38	39	45	47	192	#
696	828.727	14	21	22	28	29	30	31	37	38	45	46	52	53	192	#
697	192.013	32	33	41	49	193	#
698	273.17	24	25	32	33	193	#
699	271.929	25	32	33	34	193	#
700	240.82	25	33	34	41	193	#
701	218.504	42	48	49	57	193	#
702	671.682	25	27	32	33	34	35	36	42	43	48	49	194	#
703	828.186	8	9	10	16	17	24	25	26	32	33	40	194	#
704	757.426	32	33	34	40	41	42	46	48	54	57	58	194	#
705	711.945	0	8	16	17	24	25	26	27	32	33	56	194	#
706	687.283	29	35	36	37	39	44	45	46	47	52	53	194	#
707	642.611	43	44	48	50	51	52	56	57	58	59	60	194	#
708	792.136	24	25	33	34	42	43	44	48	49	50	51	57	195	#
709	928.351	7	15	40	42	43	48	49	50	51	52	56	57	195	#
710	911.725	24	32	33	34	40	42	48	49	50	51	56	57	195	#
711	867.648	18	26	33	34	40	41	42	48	49	50	51	57	195	#
712	857.768	36	42	44	46	50	51	52	53	54	59	61	62	195	#
713	827.967	36	37	42	44	50	51	52	53	57	58	59	61	195	#
714	1371.84	9	16	17	22	24	25	26	28	29	30	32	33	34	40	41	42	48	49	50	51	57	58	196	#
715	1617.43	4	5	12	13	20	24	25	26	28	32	33	34	41	42	48	49	50	51	57	58	59	60	196	#
716	1515.47	2	4	5	6	7	10	11	12	13	14	15	19	22	23	48	49	50	51	57	58	59	60	196	#
717	1496.89	16	17	24	25	32	33	40	41	42	43	44	48	49	50	51	52	53	56	57	58	59	60	196	#
718	1472.47	24	25	26	27	32	33	34	41	42	43	44	48	49	50	51	53	57	58	59	60	62	63	196	#
719	1469.2	2	8	9	10	16	17	24	25	26	32	33	40	41	42	43	48	49	50	51	57	58	59	196	#
720	94.2053	8	9	197	#
721	109.993	8	16	197	#
722	102.338	9	17	197	#
723	376.361	36	37	44	45	53	198	#
724	394.48	35	36	44	52	53	198	#
725	364.004	0	8	44	45	53	198	#
726	336.616	28	36	44	53	61	198	#
727	301.814	27	28	29	36	37	198	#
728	256.852	38	45	46	47	54	198	#
729	1022.41	17	20	25	26	28	33	34	35	36	37	40	41	42	43	44	45	51	52	59	199	#
730	1296.73	6	7	14	15	28	33	34	35	36	37	42	43	44	45	52	53	54	60	61	199	#
731	1272.62	4	5	6	9	13	14	15	17	23	24	25	33	34	35	40	41	42	43	44	199	#
732	1237.42	6	7	11	13	14	15	19	20	21	23	27	28	30	31	35	36	39	44	52	199	#
733	1229.73	17	24	25	26	27	33	34	35	36	37	40	41	42	43	44	48	50	52	57	199	#
734	1195.71	0	1	5	8	9	10	13	17	24	25	26	31	33	34	38	39	42	47	55	199	#
735	427.183	25	32	33	34	40	41	42	200	#
736	514.382	32	33	40	48	53	54	61	200	#
737	480.531	33	38	41	42	48	49	50	200	#
738	439.989	25	32	33	34	41	42	50	200	#
739	427.202	25	32	33	34	41	42	60	200	#
740	410.152	26	33	34	40	41	42	43	200	#
741	142.064	29	30	201	#
742	111.139	21	30	201	#
743	85.5115	29	37	201	#
744	312.706	17	25	33	34	202	#
745	277.806	33	34	35	43	202	#
746	264.559	17	18	19	27	202	#
747	251.438	33	34	41	43	202	#
748	117.75	50	56	57	203	#
749	165.784	40	48	57	203	#
750	126.993	56	57	58	203	#
751	687.601	22	30	31	33	34	37	38	39	45	46	204	#
752	808.291	14	15	23	31	38	39	45	46	47	55	204	#
753	795.682	6	7	14	15	22	23	31	39	47	55	204	#
754	762.682	13	14	15	23	31	38	39	45	46	53	204	#
755	731.304	15	23	25	31	32	33	34	42	43	49	204	#
756	685.564	19	20	21	27	28	29	36	37	45	56	204	#
757	256.14	48	56	57	205	#
758	289.089	33	40	48	205	#
759	235.704	40	48	57	205	#
760	227.622	12	13	14	206	#
761	242.456	5	12	13	206	#
762	235.477	14	15	23	206	#
763	219.113	12	13	20	206	#
764	634.049	29	34	36	42	43	44	49	50	58	207	#
765	682.617	3	4	5	11	40	42	48	49	50	207	#
766	679.9	41	48	49	51	52	57	58	59	60	207	#
767	674.862	29	42	48	50	57	58	61	62	63	207	#
768	660.307	26	27	34	35	36	37	42	44	52	207	#
769	603.368	27	35	36	37	44	52	53	54	60	207	#
770	634.055	18	19	27	28	50	56	57	58	59	60	208	#
771	711.147	40	48	50	51	52	56	57	58	59	60	208	#
772	687.519	18	19	26	27	48	50	56	57	58	59	208	#
773	644.432	43	48	50	51	52	56	57	58	59	60	208	#
774	627.791	16	17	18	19	25	26	27	34	35	36	208	#
775	569.446	36	39	43	44	47	52	53	54	59	60	208	#
776	613.057	19	22	26	27	29	30	35	36	37	43	63	209	#
777	796.379	13	14	21	22	29	30	31	36	37	38	39	209	#
778	771.588	16	17	24	25	26	27	32	33	35	36	37	209	#
779	765.427	13	14	19	20	21	27	29	30	38	39	46	209	#
780	756.984	19	24	25	26	27	32	33	35	36	38	40	209	#
781	745.078	20	21	22	29	30	31	36	37	38	39	44	209	#
782	205.663	38	45	46	210	#
783	195.796	45	46	53	210	#
784	146.787	46	47	55	210	#
785	134.082	30	38	46	210	#
786	1752.85	4	13	21	24	25	26	27	28	29	30	32	34	35	36	37	40	41	42	43	44	45	46	47	49	50	53	57	58	60	211	#
787	2042.22	0	1	6	8	9	13	14	16	17	18	21	23	24	25	26	27	29	30	32	34	35	36	37	38	40	41	44	46	59	211	#
788	1865.86	0	1	9	16	17	18	21	26	27	28	29	30	31	34	35	36	37	38	42	43	44	45	46	49	50	51	53	59	60	211	#
789	1843.34	0	1	9	16	24	25	26	27	28	29	32	33	34	35	36	37	40	41	42	43	44	48	49	51	56	57	58	60	63	211	#
790	1816.02	5	6	13	14	15	18	26	27	28	29	30	31	34	35	36	37	38	39	43	44	45	46	47	51	52	53	58	59	60	211	#
791	1812.71	3	4	5	6	7	12	13	14	15	18	21	22	23	26	27	28	29	30	31	34	35	36	37	38	39	45	46	47	61	211	#
792	133.676	2	9	10	212	#
793	155.535	2	10	18	212	#
794	78.0097	2	10	11	212	#
795	1758.11	9	17	18	19	20	26	27	33	34	35	36	40	41	42	43	44	48	50	51	52	53	57	58	59	60	213	#
796	1775.92	4	18	19	20	26	27	28	29	33	34	35	36	41	42	43	45	50	51	52	53	56	57	58	59	60	213	#
797	1686.23	17	18	24	25	26	27	32	33	34	35	40	41	42	43	44	45	50	51	52	53	56	57	58	59	60	213	#
798	1683.95	6	12	13	14	21	22	23	24	25	26	27	29	33	34	35	42	43	44	45	51	52	53	59	60	61	213	#
799	1655.38	13	20	21	28	29	34	35	36	37	42	43	44	45	50	51	52	53	54	55	57	58	59	60	62	63	213	#
800	1654.68	10	17	18	19	26	27	28	29	33	34	35	40	41	42	43	44	48	50	51	52	53	54	57	58	59	213	#
801	229.734	45	46	54	214	#
802	237.92	46	53	54	214	#
803	229.155	45	46	53	214	#
804	1013.36	17	24	25	29	32	33	34	40	42	48	49	50	51	57	215	#
805	1068.99	16	17	25	34	42	43	48	49	50	51	52	57	59	60	215	#
806	1053.73	8	9	12	16	17	24	25	32	33	34	40	42	48	50	215	#
807	1053.72	24	32	33	34	40	41	42	43	48	49	50	51	57	59	215	#
808	1045.01	26	34	43	47	48	50	51	52	55	59	60	61	62	63	215	#
809	1016.27	17	18	25	26	32	33	34	40	42	43	48	49	50	57	215	#
810	1991.12	1	3	4	5	6	7	8	9	10	11	12	13	14	15	16	19	20	21	22	23	24	25	28	29	30	31	37	38	39	45	216	#
811	2109.47	1	3	4	5	6	7	8	9	10	11	12	13	14	15	16	20	21	22	23	24	27	28	29	30	31	36	37	38	39	45	216	#
812	2087.59	3	4	5	6	7	11	12	13	14	15	21	22	23	25	29	30	31	33	37	38	39	40	44	45	46	47	48	52	53	55	216	#
813	2083.92	1	3	4	5	6	7	9	10	11	12	13	14	15	16	19	20	21	22	28	29	30	31	32	33	34	36	39	40	41	42	216	#
814	2067.01	1	4	5	6	7	9	10	12	13	14	15	16	17	18	20	21	22	23	24	29	30	31	32	36	37	38	39	47	55	63	216	#
815	2032.64	0	1	3	4	5	6	7	8	9	10	11	13	14	15	16	17	18	20	21	22	23	29	30	31	38	39	46	47	55	63	216	#
816	371.634	2	10	16	17	18	19	27	28	217	#
817	536.001	0	1	8	9	16	17	24	32	217	#
818	534.595	2	9	10	16	17	18	52	60	217	#
819	501.253	2	9	10	17	18	25	34	51	217	#
820	465.722	16	17	18	25	26	27	34	54	217	#
821	448.088	1	8	9	16	17	18	19	24	217	#
822	920.009	11	12	13	14	19	21	27	29	30	31	35	38	39	45	46	47	54	218	#
823	1178.93	5	6	13	14	21	29	37	41	42	43	44	45	49	53	54	55	63	218	#
824	1065.84	1	6	7	9	12	13	14	16	17	21	23	29	30	31	37	38	39	218	#
825	1050.06	8	16	21	29	32	33	35	36	37	41	42	43	44	45	49	53	63	218	#
826	1020.08	3	5	6	7	10	11	12	13	14	15	21	22	23	28	29	30	37	218	#
827	1014.37	13	14	15	21	22	23	29	30	31	38	39	47	53	54	55	62	63	218	#
828	271.209	9	10	17	59	219	#
829	328.144	1	9	10	18	219	#
830	292.929	43	51	59	60	219	#
831	262.046	10	11	12	19	219	#
832	253.834	17	25	26	34	219	#
833	233.374	52	53	61	220	#
834	240.456	53	61	62	220	#
835	112.153	44	52	53	220	#
836	794.658	1	3	8	9	10	11	16	17	18	19	20	25	28	29	33	37	40	221	#
837	1065.35	0	2	3	4	5	6	7	8	9	10	11	15	16	17	18	19	26	221	#
838	979.551	21	23	28	29	30	31	36	37	38	39	44	45	46	47	52	53	54	221	#
839	970.58	1	3	4	8	9	10	11	12	16	17	18	19	20	24	32	33	40	221	#
840	967.432	32	33	34	35	36	40	41	42	43	44	48	49	51	52	53	56	57	221	#
841	964.724	0	1	2	3	5	6	7	8	9	10	11	12	15	16	17	19	20	221	#
842	1953.92	4	10	11	17	18	24	25	26	27	28	32	33	34	35	38	40	41	42	43	44	46	48	49	51	52	53	54	56	57	58	59	60	222	#
843	2164.18	6	7	14	15	22	23	24	32	33	34	36	37	38	40	41	42	43	45	46	48	49	51	52	53	54	56	57	58	59	60	61	62	222	#
844	2103.23	8	9	10	11	17	18	24	25	26	27	32	33	34	35	36	40	41	42	43	44	48	49	50	51	52	53	54	56	57	58	59	60	222	#
845	2089.61	10	11	12	18	19	20	24	26	27	28	32	33	34	35	36	40	41	42	43	45	48	49	50	51	52	53	54	56	57	58	59	60	222	#
846	2077.44	0	1	2	8	9	10	11	12	16	17	18	19	24	26	27	28	29	32	33	34	37	41	42	43	45	46	48	49	53	54	57	58	222	#
847	2059.14	1	16	18	24	26	27	28	29	30	32	33	34	35	36	37	38	39	40	41	42	43	45	48	49	51	52	53	56	57	58	59	60	222	#
848	165.364	55	63	223	#
849	129.392	62	63	223	#
850	1055.33	45	46	47	50	51	52	53	54	55	58	59	60	61	62	63	224	#
851	1205.7	3	4	11	41	43	45	48	49	50	51	52	57	58	59	60	224	#
852	1153.24	34	43	45	49	50	51	52	53	54	57	58	59	60	61	62	224	#
853	1112.45	34	35	38	42	43	45	46	50	51	52	53	54	58	59	60	224	#
854	1084.69	34	36	37	38	43	44	45	46	47	50	51	52	53	54	60	224	#
855	1080.16	30	37	38	43	44	45	46	50	51	52	53	54	58	59	60	224	#
856	348.017	21	22	29	30	38	39	46	225	#
857	422.285	12	13	20	21	29	30	38	225	#
858	388.439	21	28	29	30	36	37	44	225	#
859	347.72	38	39	46	47	52	53	54	225	#
860	290.566	30	31	38	39	46	47	54	225	#
861	276.081	8	14	15	16	22	23	30	225	#
862	555.587	25	26	27	28	33	34	35	36	42	43	226	#
863	788.803	1	8	9	16	17	25	33	42	50	51	226	#
864	755.533	42	43	48	49	50	51	52	58	59	60	226	#
865	725.855	1	8	9	10	11	17	25	33	40	60	226	#
866	677.807	17	25	26	33	34	35	42	43	52	53	226	#
867	675.87	18	25	26	27	28	33	36	40	48	49	226	#
868	1750.96	5	6	7	11	12	13	14	15	16	18	19	20	21	22	23	27	28	29	30	31	36	39	40	44	47	52	53	60	227	#
869	1994.92	9	16	17	24	25	27	28	32	33	34	35	36	40	41	42	43	44	45	48	49	50	51	52	53	54	56	57	60	227	#
870	1994.47	10	11	12	19	20	24	25	27	28	29	32	33	34	35	36	40	41	42	43	44	45	50	51	52	53	54	55	60	227	#
871	1983.21	2	9	10	11	12	16	17	24	25	27	32	33	34	35	36	40	41	42	43	44	48	49	50	51	52	57	59	60	227	#
872	1981.23	17	19	20	21	25	27	28	29	34	35	36	40	41	42	43	44	45	48	50	51	52	53	54	57	58	59	60	61	227	#
873	1903.58	11	12	19	20	21	25	26	27	28	29	30	31	34	35	36	40	41	42	43	44	45	48	49	50	51	52	53	54	227	#
874	353.375	8	22	28	29	30	31	36	228	#
875	448.427	29	30	31	38	39	47	55	228	#
876	384.385	30	31	38	39	46	47	55	228	#
877	344.01	11	12	13	19	20	28	29	228	#
878	336.524	0	1	8	9	16	24	32	228	#
879	333.251	26	27	28	29	35	36	37	228	#
880	394.508	10	11	12	18	19	26	229	#
881	428.19	9	10	11	18	21	55	229	#
882	396.967	12	13	19	20	21	61	229	#
883	358.087	10	11	12	18	19	20	229	#
884	350.672	1	9	10	11	18	19	229	#
885	331.673	11	18	19	20	26	28	229	#
886	142.356	38	39	230	#
887	90.5031	39	47	230	#
888	35.9582	30	38	230	#
889	173.117	9	10	16	17	231	#
890	229.722	1	9	16	17	231	#
891	94.756	2	10	11	19	231	#
892	306.227	34	39	42	46	47	232	#
893	334.403	37	45	46	47	54	232	#
894	317.718	31	38	39	46	47	232	#
895	315.934	38	39	47	54	55	232	#
896	286.141	42	43	49	51	59	232	#
897	269.412	25	26	34	43	44	232	#
898	1347.1	11	19	20	23	26	27	28	30	31	33	34	35	36	37	38	39	43	44	45	46	47	51	52	53	54	55	61	62	63	233	#
899	1827.38	3	4	6	7	9	10	11	14	15	16	17	18	19	22	23	24	25	26	27	30	31	32	33	34	39	42	49	50	57	233	#
900	1808.55	3	4	8	9	10	11	12	16	17	18	19	25	26	27	28	34	35	36	37	42	43	44	48	49	52	53	54	57	58	233	#
901	1804.33	0	3	4	5	8	9	10	11	12	14	16	17	18	19	20	21	22	24	25	27	28	30	31	32	33	34	35	40	49	233	#
902	1758.57	3	7	8	9	10	11	12	16	17	18	19	20	21	24	25	26	27	28	30	33	34	35	36	37	43	44	52	53	56	233	#
903	1744.75	3	4	5	11	12	16	17	19	20	24	27	28	29	35	37	42	43	44	45	50	51	52	53	54	58	59	60	61	62	233	#
904	608.084	0	1	8	9	10	12	16	18	24	25	33	40	234	#
905	843.866	3	4	11	18	19	27	28	34	35	36	42	43	234	#
906	833.668	0	1	3	4	8	9	11	16	24	32	33	40	234	#
907	754.178	0	1	8	9	10	16	24	32	33	34	40	42	234	#
908	742.183	8	16	24	32	33	34	40	41	42	43	44	50	234	#
909	713.228	0	1	6	8	9	16	24	25	32	33	34	40	234	#
910	98.1258	24	#
911	2041.04	0	2	3	4	5	8	9	10	11	12	13	16	17	18	19	20	21	24	28	29	32	36	37	43	44	45	46	51	53	54	61	62	235	#
912	2212.58	8	9	12	16	19	20	21	28	29	30	31	34	35	36	37	42	43	44	48	49	50	51	52	53	54	55	56	57	58	61	62	63	235	#
913	2174.91	0	2	3	4	5	8	9	10	11	12	13	16	17	18	19	20	21	24	28	34	35	36	37	43	44	51	52	53	54	61	62	63	235	#
914	2166.35	8	13	14	16	18	20	21	24	25	26	27	28	29	34	35	36	41	42	43	44	48	49	50	51	52	53	54	56	57	58	59	60	235	#
915	2153.84	13	20	21	27	28	29	30	31	34	35	36	37	40	41	42	43	44	48	49	50	51	52	53	54	56	57	58	59	60	61	62	63	235	#
916	2128.87	2	3	8	9	10	11	16	17	18	19	20	24	27	28	29	35	36	37	41	42	43	44	48	49	50	51	52	53	54	58	61	63	235	#
917	594.12	42	43	49	50	51	52	58	59	60	236	#
918	754.143	17	25	32	33	34	41	48	49	50	236	#
919	668.924	8	9	16	17	49	50	51	52	60	236	#
920	574.9	33	41	42	43	48	49	50	51	58	236	#
921	549.217	46	47	51	52	53	54	55	59	60	236	#
922	530.273	42	43	50	51	52	53	58	59	61	236	#
923	800.899	10	11	12	19	20	21	28	29	30	35	36	42	49	50	57	237	#
924	1166.65	5	6	12	13	14	15	20	21	23	28	29	38	46	47	55	237	#
925	1059.62	5	13	20	21	22	23	28	29	30	31	36	38	39	46	54	237	#
926	997.556	3	5	6	11	12	13	20	21	25	28	29	37	54	55	63	237	#
927	977.759	28	35	36	37	41	42	43	44	49	50	51	52	56	59	60	237	#
928	958.518	2	18	19	33	41	42	43	44	49	50	51	52	57	59	60	237	#
929	626.797	0	1	9	10	11	12	16	18	19	53	61	62	238	#
930	896.421	25	34	35	36	43	44	51	52	53	59	61	62	238	#
931	833.331	10	11	18	19	27	28	34	35	36	43	51	52	238	#
932	811.476	9	10	16	17	24	25	26	32	33	34	40	48	238	#
933	691.779	5	11	12	13	36	44	46	52	53	54	61	62	238	#
934	649.183	2	3	4	10	11	12	13	18	19	20	23	31	238	#
935	68.098	12	#
936	639.986	5	6	7	14	15	22	30	31	239	#
937	692.66	3	4	5	6	7	14	15	22	239	#
938	668.919	4	5	6	7	14	22	23	31	239	#
939	665.074	4	5	6	12	13	14	20	21	239	#
940	626.322	4	5	6	14	15	22	23	30	239	#
941	531.176	7	14	15	22	23	29	30	31	239	#
942	1111.19	14	15	21	22	23	28	29	30	31	37	38	39	45	46	47	54	55	62	63	240	#
943	1381.55	6	7	12	14	15	20	21	22	23	28	29	30	31	35	36	37	38	43	45	240	#
944	1363.36	6	12	14	15	20	21	22	23	28	29	30	31	34	35	36	37	38	39	45	240	#
945	1323.14	6	7	14	15	21	22	23	28	29	30	31	35	36	37	38	55	61	62	63	240	#
946	1276.72	15	20	21	22	23	25	27	28	29	30	31	33	34	36	37	38	41	45	49	240	#
947	1252.16	7	14	15	20	21	22	23	26	27	28	29	30	31	35	36	37	38	39	45	240	#
948	130.012	15	#
949	160.856	45	46	241	#
950	197.687	45	53	241	#
951	200.235	50	58	59	242	#
952	253.255	58	59	60	242	#
953	84.2128	50	57	58	242	#
954	75.9765	23	#
955	1033.18	34	35	36	42	43	44	49	50	51	52	56	57	59	60	243	#
956	1064.43	28	29	36	37	43	44	45	51	52	53	54	59	60	61	243	#
957	1024.7	34	35	36	40	41	43	44	49	50	51	52	57	59	60	243	#
958	991.448	34	41	43	44	49	50	51	52	53	56	57	59	60	61	243	#
959	990.138	33	34	37	43	44	45	47	51	52	53	55	59	60	63	243	#
960	975.089	26	28	29	34	35	36	37	42	43	44	51	52	59	60	243	#
961	2584.81	1	5	6	7	9	10	13	14	15	16	17	18	19	20	22	23	24	25	26	30	31	32	33	34	35	36	40	41	42	43	48	49	50	51	56	57	58	59	60	244	#
962	2717.67	4	5	6	7	8	9	13	14	15	16	17	23	24	26	32	33	34	35	36	37	41	42	43	44	45	46	47	48	49	50	51	53	54	55	56	57	58	59	60	244	#
963	2682.01	0	1	2	5	6	7	9	10	11	12	13	17	18	19	20	25	26	27	32	33	34	35	36	41	42	43	47	48	49	50	51	53	54	55	56	57	58	59	60	244	#
964	2667.04	3	5	6	7	9	10	14	15	16	17	18	23	24	25	26	27	31	32	33	34	35	36	37	41	42	43	44	45	48	49	50	51	53	56	57	58	59	60	61	244	#
965	2603	3	5	6	7	10	11	12	13	14	15	18	19	20	22	23	24	26	27	30	31	32	33	34	35	36	41	42	43	47	48	49	50	51	55	56	57	58	59	60	244	#
966	2576.28	6	7	13	14	15	22	23	24	26	29	30	31	32	33	34	36	37	38	39	41	42	43	44	45	46	47	48	49	50	51	53	54	55	56	57	58	59	61	63	244	#
967	118.42	19	26	27	35	245	#
968	159.059	8	25	26	27	245	#
969	113.736	10	11	19	20	245	#
970	108.963	27	28	35	36	245	#
971	256.714	39	45	46	47	246	#
972	344.41	29	37	45	46	246	#
973	326.474	36	37	45	46	246	#
974	243.071	46	47	54	55	246	#
975	199.536	38	39	46	47	246	#
976	3182.85	0	1	2	4	5	6	7	8	9	10	11	12	13	14	15	16	17	18	19	20	21	22	23	24	25	26	27	28	29	31	32	33	34	35	36	37	38	39	40	42	43	44	45	46	47	48	49	50	51	52	53	54	55	57	58	59	60	61	62	63	247	#
977	3259.42	0	1	3	4	5	6	7	8	9	10	11	12	13	14	15	16	17	18	20	21	22	23	24	25	26	28	29	31	32	33	34	35	36	37	38	39	40	41	42	43	44	45	46	47	48	49	50	51	52	53	54	55	56	57	58	59	60	61	62	63	247	#
978	3227.47	0	1	2	3	4	5	6	7	8	9	10	11	12	13	14	15	16	17	18	19	20	21	22	23	24	25	26	28	29	31	32	33	34	35	36	37	38	39	40	42	43	44	45	46	47	48	49	50	51	52	53	54	55	57	58	59	60	61	62	63	247	#
979	3225.84	0	1	2	3	4	5	6	7	8	9	10	11	12	13	14	15	16	17	18	19	20	21	22	23	24	26	28	29	31	32	33	34	35	36	37	38	39	40	41	42	43	44	45	46	47	48	49	50	51	52	53	54	55	57	58	59	60	61	62	63	247	#
980	3218.94	0	1	3	4	5	6	7	8	9	10	11	12	13	14	15	16	17	18	19	20	21	22	23	24	25	26	27	28	29	31	32	33	34	35	36	37	38	39	40	42	43	44	45	46	47	48	49	50	51	52	53	54	55	57	58	59	60	61	62	63	247	#
981	3214.4	0	1	4	5	6	7	8	9	10	11	12	13	14	15	16	17	18	19	20	21	22	23	24	25	26	27	28	29	31	32	33	34	35	36	37	38	39	40	42	43	44	45	46	47	48	49	50	51	52	53	54	55	56	57	58	59	60	61	62	63	247	#
982	535.268	12	13	19	20	21	28	29	30	38	248	#
983	711.183	21	29	30	38	39	45	46	47	55	248	#
984	609.485	5	6	11	12	13	14	20	21	23	248	#
985	601.08	3	4	5	10	11	12	13	14	23	248	#
986	563.837	12	19	20	21	26	28	29	30	38	248	#
987	562.473	5	12	13	19	20	21	28	29	30	248	#
988	411.784	10	18	20	26	27	28	249	#
989	455.498	10	17	18	26	27	35	249	#
990	448.197	17	18	24	25	26	32	249	#
991	387.294	17	18	19	25	26	27	249	#
992	332.906	20	27	28	35	36	44	249	#
993	281.129	2	10	11	18	19	36	249	#
994	399.528	42	43	44	51	52	60	250	#
995	422.048	43	44	51	52	59	60	250	#
996	398.649	42	50	51	52	53	60	250	#
997	383.804	43	44	51	52	53	60	250	#
998	343.206	26	34	35	42	43	50	250	#
999	339.608	36	37	42	43	44	51	250	#
