%% File generated by CATS v.2.1Wed Jun 22 10:37:38 2022

%% The CATS webpage is http://robotics.stanford.edu/CATS

%% PARAMETER SETTINGS:
% Goods: 64; Bids: 1000; Distribution: regions; Runs: 1; Seed: 1656572877
% Regions Distribution Parameters:
% Max Substitutable Bids = 5
% Removing HV Neighbor   = 0.1
% Adding DIAG Neighbor   = 0.2
% Additional Location    = 0.9
% Jump Probability       = 0.05
% Additivity             = 0.2
% Budget Factor          = 1.5
% Resale Factor          = 0.5
% Uniform Private Value:
%   Deviation            = 0.5
%   Max Good Value       = 100



goods 64
bids 1005
dummy 188

0	164.289	20	28	#
1	1567.7	25	26	28	34	35	36	42	43	44	45	46	48	49	50	51	52	53	54	55	56	57	58	59	60	61	62	63	64	#
2	1914.41	21	22	23	26	28	29	30	31	34	35	36	37	42	43	44	45	48	49	50	51	52	56	57	58	59	60	61	64	#
3	1877.92	21	26	28	32	34	35	36	37	38	40	42	43	44	48	49	50	51	52	54	55	56	57	58	59	60	61	62	64	#
4	1824.59	17	21	25	26	28	29	30	35	36	37	38	42	43	44	45	50	51	52	53	56	57	58	59	60	61	62	63	64	#
5	1824.35	20	21	22	29	30	35	37	38	43	44	45	46	47	48	49	50	53	54	55	56	57	58	59	60	61	62	63	64	#
6	1813.61	21	28	29	30	34	35	36	37	38	42	43	44	45	46	49	50	51	52	54	56	57	58	59	60	61	62	63	64	#
7	209.14	48	49	56	57	65	#
8	284.795	2	3	4	57	65	#
9	214.116	41	48	49	56	65	#
10	99.3199	49	54	57	62	65	#
11	853.049	1	9	16	17	18	24	25	26	27	33	35	40	41	43	67	#
12	984.589	26	27	33	34	35	41	42	43	44	50	51	52	58	60	67	#
13	967.059	5	13	19	20	26	27	33	34	35	40	41	43	44	52	67	#
14	964.584	4	9	12	17	19	20	25	26	27	28	33	35	41	47	67	#
15	905.229	19	20	25	26	27	32	33	34	35	40	41	42	43	51	67	#
16	872.788	1	8	9	10	16	17	24	25	26	32	33	34	40	41	67	#
17	1445.47	11	19	25	26	27	32	34	35	36	40	41	42	43	44	45	46	49	50	51	52	57	68	#
18	1490.05	25	32	33	35	36	40	41	42	43	44	45	46	48	49	50	51	52	53	56	57	59	68	#
19	1483.38	8	10	11	16	17	18	19	20	25	26	32	33	34	40	41	42	43	48	50	52	56	68	#
20	1459.66	9	10	19	34	35	41	42	43	44	45	48	49	50	51	52	53	56	57	58	59	61	68	#
21	1459.53	0	9	17	25	26	33	34	35	40	41	42	43	45	46	48	49	50	51	56	57	58	68	#
22	1442.67	5	6	7	12	13	14	15	20	23	25	32	33	40	41	42	48	49	50	56	57	58	68	#
23	247.264	47	55	63	69	#
24	202.687	47	54	55	69	#
25	174.246	61	62	63	69	#
26	785.692	5	6	9	10	11	12	13	15	18	20	23	28	31	70	#
27	899.187	4	6	15	23	30	31	36	39	51	52	58	59	60	70	#
28	827.837	12	20	23	27	28	29	30	31	35	36	37	39	47	70	#
29	823.749	4	5	11	12	13	18	19	20	27	28	29	37	48	70	#
30	813.52	4	10	11	12	18	19	20	23	27	28	29	31	35	70	#
31	808.057	4	5	6	7	11	12	13	19	20	27	28	59	60	70	#
32	343.518	2	3	10	11	18	71	#
33	372.06	9	10	11	18	26	71	#
34	321.215	2	10	11	44	45	71	#
35	320.585	3	4	5	12	13	71	#
36	273.978	10	17	18	32	60	71	#
37	257.203	1	9	10	11	17	71	#
38	257.077	43	44	61	72	#
39	228.841	36	43	44	72	#
40	197.229	52	60	61	72	#
41	177.707	43	44	51	72	#
42	855.339	0	1	2	4	5	6	8	9	10	16	17	18	19	24	73	#
43	1003.71	2	3	4	5	6	11	12	13	14	15	21	22	23	31	73	#
44	933.419	3	4	5	6	7	9	10	11	12	13	19	20	21	28	73	#
45	910.938	0	1	2	8	9	10	16	17	18	19	20	21	22	29	73	#
46	884.583	2	3	4	5	6	12	34	35	41	42	43	44	51	59	73	#
47	831.425	0	1	2	3	4	8	9	10	11	12	13	16	17	24	73	#
48	122.106	5	13	74	#
49	148.926	4	5	74	#
50	88.2224	12	13	74	#
51	738.201	12	18	19	20	26	27	29	33	34	35	43	51	75	#
52	828.037	41	43	44	45	48	49	50	51	57	58	59	60	75	#
53	748.756	12	14	15	20	22	23	26	27	29	30	37	38	75	#
54	735.27	3	12	20	25	26	27	28	29	33	34	35	41	75	#
55	725.805	19	25	26	27	32	33	34	35	40	41	43	49	75	#
56	712.479	0	1	2	8	9	16	17	18	26	34	35	43	75	#
57	465.009	6	14	53	54	60	61	62	76	#
58	564.567	48	49	53	54	55	56	61	76	#
59	521.656	45	46	53	54	61	62	63	76	#
60	514.354	37	45	46	53	54	61	62	76	#
61	466.424	34	42	50	58	59	60	61	76	#
62	445.722	43	44	45	53	54	61	62	76	#
63	91.8664	63	#
64	133.442	5	20	60	77	#
65	99.1826	12	20	28	77	#
66	81.2351	32	#
67	715.217	2	3	4	5	6	7	10	12	14	15	22	78	#
68	818.011	2	3	4	5	6	7	12	13	14	20	22	78	#
69	811.946	1	2	3	4	5	6	7	11	12	14	22	78	#
70	805.484	0	1	2	3	4	5	11	12	19	20	27	78	#
71	773.984	0	1	2	3	4	9	10	11	12	17	18	78	#
72	739.785	1	2	3	4	5	10	11	12	13	17	18	78	#
73	132.958	49	57	58	#
74	1269.83	7	11	12	13	14	15	22	23	31	38	39	42	43	48	49	50	51	56	57	79	#
75	1466.24	6	13	14	15	19	20	21	22	23	29	31	36	37	38	39	45	46	47	55	79	#
76	1415.99	6	11	13	14	19	20	21	22	23	27	29	30	31	32	37	38	39	46	47	79	#
77	1402.47	23	29	31	36	37	38	39	41	42	43	44	45	46	47	48	49	51	56	57	79	#
78	1398.93	2	6	7	12	14	15	20	21	22	23	29	30	31	37	38	39	46	48	56	79	#
79	1373.44	10	21	23	29	30	31	36	37	38	39	42	43	44	45	46	50	51	52	53	79	#
80	1611.02	1	3	9	10	11	14	15	16	18	19	20	21	23	26	27	28	29	30	31	33	34	35	39	59	80	#
81	1759.86	4	5	6	7	14	15	18	19	20	21	22	23	27	28	29	30	31	33	37	41	42	43	44	45	80	#
82	1736.23	9	14	15	16	17	18	19	20	21	23	24	25	26	27	28	29	30	31	33	34	35	40	41	42	80	#
83	1720.17	2	3	4	10	11	16	17	18	19	20	21	22	25	26	27	28	29	30	31	33	34	36	42	50	80	#
84	1705.04	0	1	2	3	4	9	10	11	16	17	18	19	20	21	22	23	24	25	26	27	28	29	37	45	80	#
85	1702.39	6	7	14	15	18	19	20	21	22	23	26	27	28	29	30	31	34	37	38	39	44	45	47	52	80	#
86	1728.66	2	3	4	5	9	10	11	12	13	14	18	19	20	21	25	26	27	29	30	31	34	37	38	42	81	#
87	1886.94	2	3	4	5	6	8	9	10	11	12	13	16	17	18	20	21	28	29	36	37	38	44	45	52	81	#
88	1858.35	3	4	5	6	12	13	20	21	28	29	30	33	36	37	38	40	41	44	45	52	53	54	59	60	81	#
89	1829.3	4	9	12	20	21	23	28	29	30	31	34	36	37	38	39	40	41	42	43	44	50	51	52	53	81	#
90	1813.72	2	3	4	8	11	12	13	16	18	20	24	25	26	32	33	34	40	41	42	43	48	49	52	56	81	#
91	1733.8	11	12	18	19	20	21	26	27	28	29	30	31	33	34	36	37	38	39	41	44	45	52	53	60	81	#
92	969.909	14	15	21	23	28	29	31	37	38	39	46	47	55	82	#
93	1051.64	3	4	12	20	21	28	29	30	31	37	38	39	46	82	#
94	1033.91	3	12	20	28	29	36	37	43	44	45	51	52	57	82	#
95	1011.46	4	12	19	20	28	29	36	37	38	39	44	45	46	82	#
96	970.544	10	11	18	19	20	25	26	28	29	37	44	45	46	82	#
97	950.977	11	12	19	20	28	29	30	31	37	38	39	45	46	82	#
98	486.482	51	52	58	59	60	61	83	#
99	524.422	50	51	52	58	59	60	83	#
100	516.592	27	35	36	43	44	52	83	#
101	460.03	44	50	51	52	58	59	83	#
102	437.764	44	45	52	60	61	62	83	#
103	378.941	54	55	56	57	58	59	83	#
104	139.88	27	28	84	#
105	184.831	26	27	84	#
106	120.447	20	28	84	#
107	526.949	22	23	30	31	38	39	47	85	#
108	544.274	6	14	15	20	21	22	23	85	#
109	519.229	14	20	21	22	23	27	31	85	#
110	516.026	22	23	29	30	31	38	39	85	#
111	508.697	20	22	23	29	30	31	38	85	#
112	454.772	20	29	30	37	38	39	47	85	#
113	45.9739	47	#
114	350.314	12	20	43	44	51	52	86	#
115	461.687	2	3	4	5	12	20	86	#
116	393.425	27	35	36	43	44	52	86	#
117	385.029	36	43	44	52	53	54	86	#
118	345.322	17	36	43	44	51	52	86	#
119	331.455	19	20	21	27	28	29	86	#
120	881.542	1	2	3	4	5	9	10	11	12	13	17	18	19	20	87	#
121	1072.3	3	10	11	12	13	14	15	20	22	23	27	29	35	37	87	#
122	1056.23	3	4	9	10	11	12	13	17	19	20	21	27	29	37	87	#
123	1025.67	2	3	4	5	9	10	11	12	19	20	21	24	26	27	87	#
124	994.482	2	3	4	5	9	10	11	12	13	17	19	20	27	28	87	#
125	983.193	3	4	5	6	7	11	12	13	14	15	22	23	30	31	87	#
126	549.279	15	50	51	52	57	58	59	88	#
127	644.653	6	13	14	15	23	42	50	88	#
128	576.231	42	43	44	50	52	59	60	88	#
129	546.834	4	51	52	56	57	58	59	88	#
130	541.478	42	50	51	52	53	59	60	88	#
131	529.198	34	42	50	51	52	53	60	88	#
132	1876.47	0	1	2	3	4	6	8	9	10	11	12	14	15	16	17	18	19	20	22	23	25	26	27	28	29	33	34	35	41	42	49	57	89	#
133	2285.32	2	3	4	8	9	10	11	12	16	17	18	19	20	21	25	26	27	28	29	30	31	34	35	36	38	39	42	43	44	47	52	55	89	#
134	2278.67	0	2	3	4	8	9	10	11	12	13	16	17	18	19	20	21	25	26	27	28	29	33	34	35	36	43	44	50	51	52	53	54	89	#
135	2269.45	0	2	3	4	5	8	9	10	11	12	13	16	17	18	19	20	21	25	26	27	28	32	34	35	40	42	43	48	49	51	56	57	89	#
136	2269.33	0	2	3	4	8	9	10	11	12	13	16	17	18	19	20	21	25	26	27	28	29	34	35	36	42	43	44	45	50	51	52	53	89	#
137	2238.92	0	2	3	4	8	9	10	11	12	16	17	18	19	20	21	25	27	28	29	33	34	35	36	37	42	43	49	50	51	57	58	60	89	#
138	969.193	5	6	13	14	15	21	22	23	28	29	31	36	37	43	44	45	90	#
139	1165.8	2	3	4	9	10	11	12	13	18	19	21	22	26	27	28	29	90	#
140	1100.25	2	3	7	15	22	23	29	30	31	38	39	46	53	54	55	62	90	#
141	1073.46	15	21	22	23	29	31	37	38	39	46	47	51	53	54	55	62	90	#
142	1047	6	7	14	21	22	23	28	29	31	36	39	43	44	51	52	59	90	#
143	1040.95	5	6	7	12	13	15	21	22	23	29	31	39	47	54	55	62	90	#
144	350.558	43	44	51	52	60	91	#
145	425.133	35	36	43	44	52	91	#
146	371.518	36	43	44	45	52	91	#
147	351.54	42	43	44	51	52	91	#
148	345.647	43	44	51	52	59	91	#
149	252.138	51	58	59	60	61	91	#
150	668.904	20	21	29	30	36	37	38	44	45	53	92	#
151	844.35	11	18	19	20	21	27	28	29	30	31	92	#
152	806.906	20	21	22	23	28	29	36	37	44	45	92	#
153	780.565	19	20	21	22	28	29	36	37	45	46	92	#
154	780.207	6	7	13	14	15	21	22	23	29	31	92	#
155	779.586	19	27	28	29	30	36	37	38	44	45	92	#
156	455.143	0	1	2	8	16	24	25	93	#
157	499.33	0	1	2	8	10	16	24	93	#
158	457.279	0	1	2	8	9	10	16	93	#
159	453.623	0	1	8	16	24	25	26	93	#
160	443.045	0	1	2	8	10	16	18	93	#
161	439.328	0	8	16	24	25	33	41	93	#
162	209.751	43	52	53	61	94	#
163	187.873	35	42	43	52	94	#
164	175.878	44	52	59	60	94	#
165	171.253	53	54	60	61	94	#
166	981.824	32	33	34	40	41	42	43	48	49	56	57	58	59	95	#
167	1067.13	1	2	3	4	10	12	13	32	33	34	40	41	49	95	#
168	922.182	32	33	34	40	41	48	49	50	51	56	57	58	59	95	#
169	893.432	30	31	35	43	48	49	50	51	52	56	57	58	59	95	#
170	848.823	32	33	34	35	40	43	50	51	52	57	58	59	60	95	#
171	841.278	10	17	18	24	25	32	33	40	41	48	49	56	57	95	#
172	244.675	45	53	54	61	96	#
173	365	52	53	60	61	96	#
174	349.175	45	52	53	60	96	#
175	293.316	44	45	52	53	96	#
176	244.221	46	53	54	62	96	#
177	170.388	51	58	59	97	#
178	196.52	44	51	52	97	#
179	511.538	13	14	42	50	57	58	98	#
180	539.72	40	41	42	50	57	58	98	#
181	510.58	12	34	42	50	57	58	98	#
182	500.44	50	51	52	53	57	58	98	#
183	492.905	33	34	42	43	44	50	98	#
184	398.675	3	4	5	6	12	13	98	#
185	398.939	21	29	30	38	99	#
186	393.379	28	29	30	31	99	#
187	338.477	29	37	38	46	99	#
188	297.635	21	38	46	54	99	#
189	202.474	20	28	29	36	99	#
190	1139.32	9	16	17	19	20	21	27	28	29	30	36	37	38	39	43	44	45	51	52	100	#
191	1529.08	0	1	2	3	4	6	10	11	12	14	15	19	20	21	22	26	27	28	34	100	#
192	1465.6	21	22	28	29	30	36	37	38	39	43	44	45	47	51	52	53	55	60	61	100	#
193	1438.37	2	3	4	12	20	21	22	27	28	29	30	36	37	38	44	45	46	52	54	100	#
194	1405.64	0	1	2	3	4	5	8	9	10	11	12	16	18	19	24	25	26	34	58	100	#
195	1398.19	3	4	5	6	11	12	13	14	18	19	24	25	26	27	28	29	34	36	37	100	#
196	158.076	3	11	101	#
197	196.137	3	4	101	#
198	121.661	10	11	101	#
199	775.358	1	9	20	21	22	46	47	54	55	61	62	102	#
200	780.868	4	5	6	12	13	14	20	21	22	28	29	102	#
201	762.389	39	41	42	43	47	49	50	55	56	57	58	102	#
202	759.421	5	6	13	14	15	21	22	23	29	30	31	102	#
203	702.137	30	31	38	41	44	45	46	47	54	55	62	102	#
204	679.588	31	36	39	47	52	53	54	55	61	62	63	102	#
205	148.83	46	53	54	62	#
206	418.652	6	7	14	15	23	36	37	103	#
207	464.315	18	26	27	28	34	36	37	103	#
208	410.338	5	6	7	14	21	22	23	103	#
209	385.853	4	5	6	7	14	15	23	103	#
210	383.827	7	14	15	23	29	30	31	103	#
211	298.832	5	6	7	14	15	22	23	103	#
212	41.8761	49	#
213	68.6691	51	#
214	187.328	37	38	104	#
215	150.735	36	37	104	#
216	824.066	20	21	29	37	39	46	47	53	54	55	61	62	63	105	#
217	853.656	20	21	29	30	36	37	38	39	46	52	60	61	62	105	#
218	812.034	20	21	22	27	29	36	37	38	43	44	45	52	60	105	#
219	799.503	28	36	37	38	39	46	47	53	54	55	61	62	63	105	#
220	785.928	4	11	12	19	20	21	27	28	29	30	36	37	38	105	#
221	765.574	29	36	37	38	39	45	46	47	54	55	61	62	63	105	#
222	1093.56	2	8	9	10	11	16	17	18	20	25	26	27	33	34	35	37	38	42	45	46	54	106	#
223	1426.33	4	5	6	14	15	20	21	22	23	29	30	31	39	43	45	46	50	51	53	54	62	106	#
224	1423.34	0	1	2	3	4	9	12	13	14	20	25	26	27	33	34	35	41	42	43	49	50	106	#
225	1407.5	2	3	4	5	9	10	11	12	13	17	18	19	20	21	25	26	27	29	30	33	35	106	#
226	1390.43	0	1	2	3	4	5	6	7	8	11	12	13	15	20	29	35	41	43	50	51	59	106	#
227	1385.16	20	21	22	23	25	26	27	29	30	31	35	36	37	38	39	45	46	47	53	54	61	106	#
228	227.278	23	31	39	107	#
229	323.942	22	23	31	107	#
230	299.328	6	14	15	22	23	108	#
231	359.741	14	15	21	22	23	108	#
232	308.816	6	14	15	23	31	108	#
233	223.806	5	6	14	15	22	108	#
234	203.227	6	7	14	15	23	108	#
235	118.872	38	39	#
236	1030.96	36	38	41	44	45	46	49	51	52	53	57	58	59	60	61	62	109	#
237	1070.79	5	6	7	44	45	46	51	52	53	54	55	58	59	60	61	62	109	#
238	1032.17	28	36	43	44	45	46	51	52	53	54	55	58	59	60	61	62	109	#
239	1021.36	36	38	39	44	45	46	51	52	53	54	55	58	59	60	61	62	109	#
240	982.316	30	36	38	39	44	45	46	47	51	52	53	54	55	59	60	61	109	#
241	953.983	36	38	39	44	45	46	47	52	53	54	55	59	60	61	62	63	109	#
242	1910.8	1	8	9	16	17	18	19	24	25	32	33	34	35	38	40	41	42	46	48	49	50	51	53	54	56	57	58	59	60	61	62	110	#
243	2163.81	10	11	17	18	26	29	32	33	34	35	37	38	40	41	42	45	46	48	49	50	51	53	54	55	56	57	58	59	60	61	62	110	#
244	2143.07	10	11	24	25	30	32	33	34	35	37	38	40	41	44	45	46	48	49	50	51	52	53	54	55	56	58	59	60	61	62	63	110	#
245	2130.36	0	8	9	10	11	15	16	17	18	19	20	23	24	25	26	29	31	32	33	34	35	40	41	42	48	49	50	51	56	58	59	110	#
246	2107.6	2	3	4	8	9	10	11	16	17	18	19	24	25	26	27	32	33	34	35	40	41	43	48	49	50	51	56	57	58	59	60	110	#
247	2097.55	2	3	4	9	10	11	16	17	18	24	25	32	33	34	35	40	41	42	48	49	50	51	53	54	56	58	59	60	61	62	63	110	#
248	1050.01	1	8	9	10	16	17	18	19	20	21	22	25	26	27	33	41	111	#
249	1176.38	1	2	9	10	17	18	25	26	27	34	36	37	44	50	52	60	111	#
250	1134.42	36	37	38	41	42	43	44	45	50	51	52	53	54	58	59	61	111	#
251	1122.54	1	2	8	9	10	13	14	15	16	17	18	19	23	25	26	27	111	#
252	1098.94	0	1	2	3	12	13	18	19	20	21	22	23	25	26	27	28	111	#
253	1090.55	12	18	19	20	21	27	28	29	35	36	37	38	43	44	45	52	111	#
254	323.696	30	31	38	39	46	112	#
255	400.174	15	23	30	31	38	112	#
256	383.452	38	46	53	54	62	112	#
257	330.79	6	14	23	31	39	112	#
258	299.338	14	22	23	31	39	112	#
259	139.586	55	61	62	63	113	#
260	48.4242	54	55	62	63	113	#
261	20.6941	53	54	55	63	113	#
262	713.394	13	14	20	23	28	29	30	31	37	114	#
263	876.697	14	21	22	23	29	37	48	49	50	114	#
264	795.093	12	13	14	20	21	22	23	29	37	114	#
265	776.954	14	18	19	20	21	22	23	29	37	114	#
266	745.307	4	12	19	20	28	29	30	31	37	114	#
267	723.164	4	12	19	20	21	27	28	29	30	114	#
268	781.135	24	25	26	33	40	41	48	49	115	#
269	745.594	24	25	33	40	41	48	49	57	115	#
270	688.568	25	26	32	33	34	40	41	49	115	#
271	647.458	25	33	41	42	48	49	57	58	115	#
272	642.803	41	48	49	50	56	57	58	59	115	#
273	574.971	8	16	17	18	24	25	26	33	115	#
274	1479.82	0	1	2	3	4	8	10	11	12	19	27	38	43	46	52	53	54	55	61	62	63	116	#
275	1658.91	21	29	34	38	39	40	41	42	43	44	46	47	51	52	53	54	55	59	61	62	63	116	#
276	1641.6	30	36	37	38	43	44	46	47	51	52	53	54	55	56	57	58	59	60	61	62	63	116	#
277	1621.62	19	20	21	28	29	34	36	37	38	39	42	43	44	46	51	52	54	55	58	59	63	116	#
278	1617.32	28	29	36	37	38	39	41	42	43	44	46	47	51	52	53	54	55	59	61	62	63	116	#
279	1611.9	6	14	29	36	37	38	39	43	44	46	47	51	52	53	54	55	58	59	61	62	63	116	#
280	155.107	42	49	50	#
281	291.775	46	54	61	62	118	#
282	296.044	53	60	61	62	118	#
283	283.495	32	38	45	46	118	#
284	207.145	53	54	61	62	118	#
285	493.666	0	1	2	8	9	16	17	24	25	119	#
286	725.171	0	1	2	3	4	9	10	27	28	119	#
287	685.607	1	2	3	4	6	9	14	23	63	119	#
288	589.46	0	1	2	3	4	8	9	16	24	119	#
289	580.347	18	25	26	27	33	34	35	42	43	119	#
290	566.63	0	8	9	16	17	18	25	26	27	119	#
291	261.853	36	37	45	120	#
292	205.183	2	37	38	120	#
293	172.808	5	13	36	120	#
294	160.554	37	45	53	120	#
295	1006.48	0	1	2	3	4	5	6	8	12	13	14	16	19	20	28	121	#
296	1132.57	12	19	20	21	22	26	27	28	29	34	35	37	42	43	52	121	#
297	1131.6	2	3	10	11	12	13	19	20	21	22	26	27	28	29	36	121	#
298	1060.83	0	1	2	3	4	5	6	9	10	12	13	14	18	19	20	121	#
299	1032.19	1	2	3	9	10	12	13	14	17	18	19	20	26	27	28	121	#
300	1020.21	3	11	12	19	20	21	27	28	29	30	31	35	36	37	43	121	#
301	1659.61	2	3	4	5	6	7	11	12	14	15	21	22	23	31	38	39	45	47	49	53	54	57	58	59	60	61	62	122	#
302	1919.05	2	3	4	11	12	18	19	20	21	26	27	28	29	32	36	37	38	39	40	45	47	52	53	54	59	60	61	122	#
303	1823.29	18	20	21	26	27	28	29	30	33	34	35	37	38	40	42	44	45	48	49	50	52	53	56	57	58	59	61	122	#
304	1804.99	4	12	19	20	21	22	26	27	28	29	32	34	35	36	37	44	45	49	50	51	52	53	58	59	60	61	62	122	#
305	1785.38	2	3	4	11	12	17	18	19	20	21	22	23	26	27	28	29	30	31	33	34	35	36	37	39	42	44	50	122	#
306	1780.23	3	4	5	6	7	11	12	14	15	18	19	20	21	22	23	26	27	29	30	31	33	35	38	39	47	55	59	122	#
307	1418.92	0	1	2	3	4	8	9	12	13	16	19	24	25	26	27	29	30	33	40	123	#
308	1428.76	4	5	8	9	10	11	12	13	14	16	18	19	26	27	28	29	30	34	37	123	#
309	1381.62	1	2	3	4	5	6	7	9	10	12	13	14	15	18	22	23	30	37	45	123	#
310	1310.9	3	4	5	6	7	11	12	13	14	15	19	21	22	23	27	28	29	30	31	123	#
311	1267.38	0	1	2	3	4	7	8	9	10	11	12	13	14	15	16	18	19	20	23	123	#
312	1250.43	1	2	3	9	10	11	18	19	24	25	26	27	28	29	30	31	35	37	61	123	#
313	1163.3	10	17	18	24	25	26	27	32	33	34	35	40	41	42	43	49	50	51	52	60	61	124	#
314	1507.32	2	3	10	11	12	13	18	19	20	24	25	26	27	28	29	30	32	33	40	41	42	124	#
315	1507.29	20	26	28	29	33	34	35	36	37	41	43	45	46	50	51	52	53	54	58	59	60	124	#
316	1448.8	7	28	29	30	31	36	37	38	42	43	44	45	46	50	51	52	53	54	60	62	63	124	#
317	1429.56	8	16	24	25	26	32	33	34	40	41	43	48	49	50	51	52	53	56	58	59	60	124	#
318	1407.3	3	11	12	13	14	17	24	25	30	32	38	43	44	46	49	50	51	52	58	59	60	124	#
319	1145.62	25	33	34	36	37	40	41	42	43	44	45	46	49	50	51	52	53	60	61	125	#
320	1383.92	15	22	23	28	29	30	31	34	36	37	38	39	42	43	44	45	46	53	61	125	#
321	1315.56	21	28	29	30	31	36	37	38	39	43	44	45	46	49	50	51	53	61	62	125	#
322	1293.94	14	21	22	23	28	29	30	31	36	37	38	39	45	46	47	53	54	55	61	125	#
323	1273.37	14	22	23	29	30	31	37	38	39	43	44	45	46	53	54	55	60	61	63	125	#
324	1255.7	26	28	32	33	34	36	40	41	42	43	44	45	46	49	50	51	53	56	57	125	#
325	487.348	29	31	37	38	39	47	54	55	126	#
326	597.06	47	55	58	59	60	61	62	63	126	#
327	567.128	19	20	29	32	36	37	38	40	126	#
328	506.885	6	15	23	31	38	39	47	55	126	#
329	505.863	4	5	38	39	46	47	54	55	126	#
330	502.693	7	14	15	21	22	23	31	59	126	#
331	878.637	2	3	4	9	10	11	12	13	14	17	18	19	34	127	#
332	987.647	26	33	34	41	42	43	44	48	49	50	51	56	59	127	#
333	944.88	3	4	9	10	11	12	13	14	17	18	26	27	34	127	#
334	912.324	3	4	9	10	11	12	13	14	15	19	22	23	27	127	#
335	855.127	3	4	6	10	11	12	13	14	15	19	22	23	34	127	#
336	835.974	17	18	19	26	27	28	29	30	34	35	41	42	58	127	#
337	3.12	53	#
338	800.207	25	26	34	35	36	40	41	42	43	44	45	50	51	52	128	#
339	1095.27	27	28	29	30	35	36	37	43	44	45	50	51	52	60	128	#
340	1023.33	20	28	29	30	35	36	37	43	44	45	51	52	60	61	128	#
341	929.572	19	20	21	22	23	28	29	30	36	37	38	39	44	45	128	#
342	900.302	35	41	43	44	48	49	50	51	52	56	57	60	61	62	128	#
343	856.587	6	15	28	36	37	41	44	45	50	51	52	53	59	60	128	#
344	192.52	40	41	129	#
345	123.147	33	40	129	#
346	634.741	0	1	2	8	9	10	11	16	17	130	#
347	701.703	0	1	8	9	10	16	17	46	57	130	#
348	678.417	0	2	8	9	10	11	16	17	19	130	#
349	656.296	2	3	9	10	11	18	19	42	50	130	#
350	610.547	0	1	2	8	9	10	16	17	25	130	#
351	567.921	1	2	3	8	9	10	11	16	17	130	#
352	491.689	1	2	8	9	16	17	24	25	131	#
353	719.68	0	1	2	10	11	12	13	18	131	#
354	637.951	0	1	9	10	17	18	25	26	131	#
355	623.884	0	1	2	8	9	10	11	16	131	#
356	576.907	1	2	9	10	11	16	17	18	131	#
357	575.396	0	1	8	9	10	16	17	24	131	#
358	195.389	15	22	23	31	132	#
359	239.087	14	15	22	23	132	#
360	347.852	34	41	42	50	133	#
361	381.197	41	42	50	60	133	#
362	296.535	25	33	34	42	133	#
363	237.025	15	23	42	43	133	#
364	560.47	27	35	43	51	52	58	59	60	134	#
365	689.818	41	48	49	56	57	58	59	60	134	#
366	671.638	43	51	52	57	58	59	60	61	134	#
367	634.405	35	43	51	52	58	59	60	61	134	#
368	615.884	52	54	58	59	60	61	62	63	134	#
369	593.691	35	43	51	52	57	58	59	60	134	#
370	1395.95	28	29	35	36	42	43	44	48	49	50	51	52	53	54	57	58	59	60	61	135	#
371	1612.8	3	10	11	12	19	20	23	26	27	28	29	30	31	36	44	51	52	53	61	135	#
372	1581.56	3	10	11	19	27	33	40	41	42	43	48	49	50	51	52	56	57	58	59	135	#
373	1512.83	4	27	28	36	42	43	44	46	50	51	52	53	54	55	58	59	61	62	63	135	#
374	1489.48	3	4	11	12	19	20	21	27	28	29	35	36	42	43	44	51	52	53	61	135	#
375	1460.62	3	4	10	11	12	13	14	19	20	21	23	26	27	29	30	31	34	35	42	135	#
376	227.444	30	31	39	136	#
377	240.811	23	30	31	136	#
378	192.549	39	46	47	136	#
379	1721.54	1	2	3	9	12	20	23	28	30	31	36	38	39	43	44	45	46	47	52	53	54	55	60	62	137	#
380	1912.9	2	3	4	5	6	7	9	10	11	12	13	14	15	22	23	30	31	38	39	46	47	54	55	62	137	#
381	1795.71	2	6	8	9	10	11	12	13	14	15	16	17	20	21	22	23	30	31	36	37	38	39	44	47	137	#
382	1715.89	0	1	2	3	8	9	10	11	12	13	14	19	20	24	25	26	27	28	29	34	36	42	44	50	137	#
383	1712.91	3	10	11	12	16	17	18	19	20	22	23	26	27	28	29	30	31	36	37	38	39	47	50	58	137	#
384	1707.19	2	3	5	6	7	9	10	11	12	13	16	17	18	19	20	26	27	29	30	31	34	38	39	47	137	#
385	141.632	6	7	#
386	166.857	6	14	15	22	138	#
387	155.692	7	14	15	22	138	#
388	718.398	29	30	35	36	37	43	44	45	46	51	52	59	145	#
389	748.375	28	29	36	37	38	43	44	45	46	52	53	61	145	#
390	444.393	35	43	44	45	46	51	52	53	139	#
391	627.256	33	40	41	43	50	51	52	59	139	#
392	602.046	23	24	25	27	33	34	35	43	139	#
393	562.534	37	43	44	45	50	51	52	61	139	#
394	519.018	42	43	44	50	51	57	58	59	139	#
395	464.147	14	43	45	51	52	53	59	60	139	#
396	436.188	1	2	29	30	33	140	#
397	471.035	0	1	2	9	10	140	#
398	401.31	4	12	20	21	29	140	#
399	375.56	29	30	31	38	39	140	#
400	363.486	0	1	9	45	46	140	#
401	293.027	33	34	35	42	43	140	#
402	1131.9	4	5	11	12	14	17	18	19	20	21	22	23	25	27	28	29	30	31	35	38	39	43	141	#
403	1513.97	0	2	3	4	8	9	10	11	12	16	17	18	20	21	22	23	27	28	29	30	31	38	141	#
404	1461.55	3	6	9	10	11	12	13	14	15	18	19	20	21	22	23	27	28	29	55	61	62	63	141	#
405	1395.55	9	10	11	12	18	19	20	21	22	23	27	28	29	30	31	36	38	39	44	45	46	52	141	#
406	1349.44	6	7	12	13	14	15	21	22	23	29	30	31	38	39	44	45	46	47	51	52	53	61	141	#
407	1339.13	2	3	4	5	6	7	9	10	12	13	14	15	16	17	20	21	22	23	29	30	31	39	141	#
408	1120.1	33	41	42	43	44	45	48	49	50	52	53	56	57	58	142	#
409	1112.87	13	21	28	29	41	42	48	49	50	51	52	56	57	58	142	#
410	1085.76	3	22	26	33	34	41	42	46	48	49	50	55	56	58	142	#
411	1049.9	4	5	28	36	42	43	44	45	50	52	53	58	60	63	142	#
412	1039.53	28	36	38	39	44	45	46	47	52	53	54	60	61	62	142	#
413	1013.51	26	33	34	40	41	42	48	49	50	56	57	58	62	63	142	#
414	199.201	11	18	19	20	143	#
415	273.404	10	11	19	20	143	#
416	254.958	19	20	27	28	143	#
417	211.502	11	12	19	27	143	#
418	111.411	17	18	19	36	143	#
419	110.443	61	#
420	194.069	26	27	34	144	#
421	244.464	34	42	43	144	#
422	200.96	19	26	27	144	#
423	617.946	27	35	43	44	45	46	51	52	53	59	60	61	145	#
424	904.992	3	4	5	6	10	11	12	15	20	27	28	36	145	#
425	779.82	0	1	8	28	34	36	37	44	45	46	47	55	145	#
426	777.885	36	43	44	45	50	51	52	57	58	59	60	61	145	#
427	208.328	50	58	146	#
428	179.167	42	50	146	#
429	177.924	58	59	146	#
430	897.563	10	17	18	24	25	33	34	40	41	42	50	58	63	147	#
431	1019.69	25	33	40	41	42	48	49	50	51	56	57	58	59	147	#
432	995.809	32	33	34	40	41	42	48	49	50	51	58	59	60	147	#
433	989.732	1	9	10	17	18	19	25	32	33	40	41	42	49	147	#
434	922.275	33	34	37	38	40	41	42	45	46	48	49	50	53	147	#
435	915.514	33	34	40	41	42	48	49	50	51	56	58	62	63	147	#
436	105.641	0	1	8	148	#
437	138.714	4	5	8	148	#
438	703.971	34	41	42	43	44	52	60	61	149	#
439	663.274	30	43	44	51	52	60	61	62	149	#
440	659.159	23	36	43	44	45	52	53	61	149	#
441	655.88	36	44	45	46	51	52	60	61	149	#
442	652.042	43	44	45	52	53	54	60	61	149	#
443	606.404	18	35	37	43	44	45	51	52	149	#
444	786.537	3	5	6	12	13	20	21	27	28	29	150	#
445	731.919	12	13	20	28	29	30	38	44	45	46	150	#
446	721.888	2	3	4	5	6	12	13	14	20	28	150	#
447	710.033	2	3	4	5	6	12	13	14	15	22	150	#
448	709.041	1	2	3	4	12	14	19	20	21	22	150	#
449	707.568	3	4	5	10	11	12	13	19	20	21	150	#
450	1224.81	0	1	3	4	11	12	19	20	27	28	29	30	32	35	37	151	#
451	1257.2	3	4	5	11	12	13	14	18	19	20	21	28	29	30	57	151	#
452	1252.43	3	4	10	11	12	13	14	18	20	21	27	28	29	30	36	151	#
453	1221.22	3	4	5	11	12	13	14	19	21	22	23	31	61	62	63	151	#
454	1165.66	2	3	4	5	11	12	13	19	20	21	22	28	29	36	37	151	#
455	1165.19	10	11	12	19	20	21	28	29	36	37	45	52	53	54	61	151	#
456	306.811	3	4	44	152	#
457	286.094	2	3	4	152	#
458	228.157	43	44	45	152	#
459	222.683	2	3	27	152	#
460	95.0322	8	#
461	872.541	3	4	5	7	15	23	29	30	31	37	39	47	153	#
462	968.947	2	3	4	6	7	9	10	14	15	23	30	31	153	#
463	844.459	1	2	6	7	9	10	14	15	16	23	24	31	153	#
464	823.222	2	3	4	5	6	7	14	15	23	25	33	40	153	#
465	813.891	10	15	18	19	20	23	27	29	30	31	37	45	153	#
466	810.047	3	4	5	6	13	14	15	16	23	24	25	31	153	#
467	1204.97	0	1	2	3	8	9	10	11	12	13	16	17	19	20	21	24	25	26	27	154	#
468	1366.21	2	3	4	10	11	12	19	20	21	26	27	28	29	30	36	37	38	44	46	154	#
469	1296.02	2	3	4	10	11	12	18	19	20	21	26	27	28	29	30	31	34	36	44	154	#
470	1288.33	0	1	2	3	4	5	6	8	9	10	11	12	13	16	17	25	26	30	44	154	#
471	1286.96	3	4	5	6	7	8	9	10	11	12	13	14	16	17	19	24	25	26	27	154	#
472	1286.5	1	2	3	4	5	6	7	9	10	11	12	13	14	15	19	20	23	27	31	154	#
473	95.0138	17	18	#
474	434.37	36	43	44	50	51	58	59	60	155	#
475	570.4	32	40	41	42	49	50	58	59	155	#
476	514.539	36	37	38	43	44	45	53	61	155	#
477	510.129	3	11	19	27	28	29	36	62	155	#
478	508.806	32	43	49	50	51	57	58	59	155	#
479	494.129	48	49	53	57	58	59	60	61	155	#
480	285.046	39	47	53	54	55	61	62	156	#
481	424.852	50	53	58	59	60	61	62	156	#
482	395.982	31	36	37	38	39	46	47	156	#
483	370.036	18	46	54	55	59	60	62	156	#
484	1857.19	10	12	16	17	18	19	20	22	25	26	27	28	29	30	34	36	37	38	39	43	44	45	46	47	52	54	55	60	61	62	63	157	#
485	2317.28	8	9	10	11	12	13	14	16	17	18	19	20	21	22	23	25	26	27	28	29	30	31	33	36	37	43	44	45	52	60	61	157	#
486	2158.27	0	1	2	3	4	6	9	10	11	12	13	14	16	17	18	19	20	21	22	23	24	25	26	27	28	29	30	33	34	36	50	157	#
487	2118.19	11	12	14	18	19	20	21	22	23	25	26	27	28	29	30	31	33	36	37	43	44	45	47	52	53	54	55	60	61	62	63	157	#
488	2102.23	6	7	10	11	12	13	14	15	18	19	20	21	22	23	27	28	30	31	36	37	43	44	45	46	50	51	52	53	58	60	61	157	#
489	2100.24	4	10	11	12	18	19	20	21	22	23	27	28	29	30	31	36	37	43	44	45	48	49	50	51	52	54	55	60	61	62	63	157	#
490	501.256	1	2	8	9	10	14	16	17	56	158	#
491	579.278	3	4	5	6	7	12	14	15	23	158	#
492	561.709	0	1	2	3	8	9	10	17	18	158	#
493	538.117	0	1	2	3	8	9	10	17	25	158	#
494	537.405	2	9	10	16	17	18	26	39	47	158	#
495	518.622	0	1	8	9	10	16	17	18	26	158	#
496	3448.07	1	2	3	4	5	6	7	9	10	11	12	13	14	15	17	18	19	20	21	22	23	25	26	27	28	29	30	31	33	34	36	37	38	39	40	41	42	43	44	45	46	47	48	49	50	51	52	53	54	55	56	57	58	59	60	62	63	159	#
497	3663.69	0	1	2	3	4	5	6	7	8	9	10	11	12	13	14	15	18	19	20	21	22	23	24	25	26	27	28	29	30	31	33	34	36	37	38	39	40	41	43	44	45	46	47	48	49	50	51	52	53	55	56	57	58	59	60	61	62	159	#
498	3636.81	0	1	2	3	4	5	6	9	10	11	12	13	15	18	19	20	21	22	23	24	25	26	27	28	29	30	31	33	34	35	36	37	38	39	40	41	43	44	45	46	47	48	49	50	51	52	53	54	55	56	57	58	59	60	61	62	63	159	#
499	3630.12	0	1	2	3	4	5	6	7	8	9	10	11	12	13	14	15	18	19	20	21	22	23	25	26	27	28	29	30	31	33	34	36	37	38	39	40	42	44	45	46	47	48	49	50	51	52	53	54	55	56	57	58	59	60	61	62	63	159	#
500	3620.23	0	1	2	3	4	5	6	7	9	11	12	13	14	15	18	19	20	21	22	23	24	25	26	27	28	29	30	31	33	34	36	37	38	39	40	41	42	43	44	45	46	47	48	49	50	51	52	53	54	55	56	57	58	59	60	61	63	159	#
501	3604.65	0	1	2	3	4	5	6	7	8	10	11	12	13	14	15	18	19	20	21	22	23	25	26	27	28	29	30	31	33	34	35	36	37	38	40	41	42	43	44	45	46	47	48	49	50	51	52	53	54	55	56	57	58	59	60	61	62	159	#
502	125.485	15	23	160	#
503	81.3857	6	15	160	#
504	229.197	19	20	28	36	37	161	#
505	330.702	11	19	20	21	29	161	#
506	311.116	20	28	29	36	37	161	#
507	285.455	20	27	28	29	36	161	#
508	201.78	19	20	27	29	37	161	#
509	174.543	25	48	162	#
510	201.395	25	26	162	#
511	87.5036	48	49	162	#
512	592.409	2	19	20	28	36	37	42	43	44	45	46	52	53	163	#
513	847.534	0	1	2	3	4	9	10	11	12	13	18	20	21	163	#
514	830.562	12	14	20	21	22	28	29	30	31	37	44	45	52	163	#
515	778.894	3	4	12	15	19	20	21	22	23	27	28	29	31	163	#
516	757.507	3	4	5	11	12	40	41	42	43	50	52	60	61	163	#
517	754.518	4	10	12	17	18	19	20	21	25	27	28	30	31	163	#
518	1265.45	21	22	23	29	30	31	37	38	39	44	45	46	52	53	54	55	60	61	62	63	164	#
519	1487.33	21	22	29	30	31	33	34	35	36	37	38	42	43	44	45	46	50	51	52	59	164	#
520	1445.35	3	4	9	10	11	12	16	19	20	21	27	29	30	31	36	37	38	44	45	46	164	#
521	1415.45	27	32	33	34	35	36	37	38	40	42	43	44	45	46	50	51	52	59	60	61	164	#
522	1395.42	9	17	19	21	22	25	26	27	28	29	30	31	34	35	36	37	38	39	44	46	164	#
523	1380.76	19	20	21	26	27	28	29	30	31	36	37	38	39	44	45	46	47	54	55	63	164	#
524	210.916	0	1	2	165	#
525	256.689	0	1	9	165	#
526	229.839	2	9	10	165	#
527	1664.84	4	5	6	8	9	13	14	15	16	17	18	22	23	24	25	31	32	33	34	35	36	37	38	39	40	41	42	43	50	51	166	#
528	2084.37	13	14	15	22	23	28	29	30	31	36	37	38	39	44	45	46	47	48	50	51	52	53	54	55	56	57	58	59	60	62	166	#
529	2071.55	2	3	5	8	9	10	13	14	15	16	22	23	24	30	31	36	38	39	43	44	45	46	50	51	52	54	60	61	62	63	166	#
530	1943.98	1	3	4	5	6	7	9	10	11	12	13	14	15	22	23	30	31	34	38	39	40	41	42	46	47	48	49	55	56	57	166	#
531	1941.16	2	3	4	5	6	7	9	10	11	12	13	14	15	20	22	23	30	31	38	39	45	46	52	53	54	58	59	60	61	62	166	#
532	1897.9	1	2	3	5	7	9	10	13	14	15	18	22	23	26	28	30	31	36	37	38	39	44	45	46	47	53	54	60	61	62	166	#
533	1366.18	0	1	2	3	8	9	10	11	16	17	18	19	20	21	22	25	26	27	35	42	43	52	167	#
534	1604.85	0	1	2	8	9	13	14	16	17	18	19	20	21	22	23	26	27	29	30	31	35	63	167	#
535	1571.25	0	1	2	3	4	8	9	10	11	12	13	14	16	17	18	19	20	21	22	23	26	27	167	#
536	1486.88	0	1	2	3	4	5	6	8	9	10	11	12	14	16	17	18	19	20	21	22	23	29	167	#
537	1479.49	0	1	2	8	9	10	11	12	13	14	16	17	18	19	20	21	22	24	26	28	29	59	167	#
538	1463.18	0	1	2	3	4	8	9	10	11	16	17	18	19	20	21	26	29	30	31	37	38	39	167	#
539	57.9076	42	#
540	458.214	2	3	7	9	10	11	15	168	#
541	487.885	1	2	3	4	10	18	19	168	#
542	484.851	2	3	4	11	12	19	27	168	#
543	429.412	2	3	10	11	12	18	19	168	#
544	408.881	1	2	10	11	18	19	42	168	#
545	379.854	0	1	8	9	10	16	17	168	#
546	58.9563	3	#
547	1880.83	3	4	5	6	10	11	12	13	17	18	19	20	21	27	28	29	30	35	36	37	38	41	42	43	44	45	46	47	49	50	52	53	54	55	61	62	63	169	#
548	2206.87	2	3	11	12	13	14	19	20	21	22	23	27	28	29	33	34	36	37	38	41	42	43	46	47	49	50	51	52	53	54	55	58	59	60	61	62	63	169	#
549	2171.11	11	12	14	20	23	25	27	28	29	30	31	33	34	36	37	38	40	41	42	43	44	45	46	48	49	50	51	52	53	54	55	57	58	59	61	62	63	169	#
550	2127.34	2	3	5	6	11	12	13	14	15	19	20	21	22	23	25	26	27	28	29	30	31	33	34	36	37	38	41	42	43	47	49	50	54	55	57	58	63	169	#
551	2112.88	8	11	12	16	20	24	25	27	28	29	30	31	33	34	36	37	38	39	41	42	43	44	45	46	47	48	49	50	52	53	54	55	57	58	61	62	63	169	#
552	2097.57	3	11	12	14	15	19	20	21	22	23	27	28	29	30	31	33	34	36	37	38	41	42	43	44	45	48	49	50	52	53	54	57	58	59	60	61	62	169	#
553	277.486	31	39	47	52	170	#
554	305.471	52	59	60	61	170	#
555	301.121	22	23	31	39	170	#
556	276.806	23	31	39	47	170	#
557	86.36	9	17	39	47	170	#
558	367.721	31	38	39	47	55	171	#
559	400.045	31	37	38	39	46	171	#
560	376.205	5	6	47	55	63	171	#
561	359.882	31	37	38	39	47	171	#
562	356.131	31	38	39	46	47	171	#
563	355.887	29	30	38	39	47	171	#
564	535.138	0	1	2	3	10	11	12	172	#
565	543.932	0	1	2	3	10	11	19	172	#
566	542.374	0	1	8	9	10	11	16	172	#
567	538.474	2	8	9	10	11	18	19	172	#
568	537.217	2	10	11	18	19	27	35	172	#
569	530.236	10	11	12	13	14	20	28	172	#
570	306.315	5	12	13	20	28	36	173	#
571	435.449	4	5	12	13	14	15	173	#
572	421.023	20	21	28	29	30	36	173	#
573	418.919	3	5	6	7	11	15	173	#
574	395.527	6	11	12	14	15	20	173	#
575	337.318	20	27	28	29	30	38	173	#
576	2243.47	3	4	5	6	7	10	11	12	13	14	15	22	23	30	31	35	36	37	38	39	43	44	45	46	47	51	52	53	54	55	58	59	60	61	62	63	174	#
577	2436.56	1	2	3	4	5	6	7	10	13	14	15	18	20	21	22	23	29	30	31	37	38	39	44	45	46	47	52	53	54	55	58	59	60	61	62	63	174	#
578	2435.11	2	3	4	10	11	12	13	17	18	19	20	21	22	25	26	27	28	29	30	32	36	37	38	39	40	41	42	44	45	46	47	53	54	55	62	63	174	#
579	2395.77	3	4	5	6	7	9	10	11	12	13	14	15	16	18	19	20	21	22	23	26	27	29	30	31	36	37	38	39	43	44	45	47	52	53	55	63	174	#
580	2373.18	0	1	2	3	4	5	6	7	8	9	10	12	13	16	17	18	20	32	33	38	39	40	41	45	46	47	51	52	53	54	55	58	60	61	62	63	174	#
581	2360.25	3	4	9	10	11	12	18	19	20	21	22	23	26	27	28	29	30	34	35	36	37	38	43	45	46	47	51	52	53	54	55	59	60	61	62	63	174	#
582	411.542	17	25	32	33	40	175	#
583	425.207	32	33	34	40	41	175	#
584	396.634	32	33	40	41	42	175	#
585	337.687	25	33	52	53	61	175	#
586	322.114	9	10	17	25	38	175	#
587	278.509	17	25	33	41	42	175	#
588	113.396	36	37	176	#
589	128.196	36	44	176	#
590	601.703	13	14	15	22	23	31	39	47	54	55	177	#
591	749.739	14	23	30	31	39	46	47	54	55	63	177	#
592	733.539	4	5	12	13	14	15	22	23	30	31	177	#
593	706.516	12	13	14	15	23	31	38	39	46	47	177	#
594	631.697	6	7	14	15	18	23	26	27	30	31	177	#
595	614.11	45	46	47	51	52	53	54	55	61	63	177	#
596	223.269	21	22	23	178	#
597	210.807	13	14	22	178	#
598	205.007	20	21	29	178	#
599	182.736	22	23	31	178	#
600	765.74	5	6	13	14	15	21	22	28	29	179	#
601	828.511	6	13	14	15	21	22	23	31	32	179	#
602	783.853	6	14	21	22	23	31	41	42	50	179	#
603	767.813	4	5	6	13	14	15	22	23	31	179	#
604	722.717	20	21	28	29	36	37	43	44	45	179	#
605	663.699	6	7	14	15	21	22	23	29	31	179	#
606	1890.11	3	4	10	11	18	19	20	26	27	28	33	34	36	37	40	42	43	44	45	48	49	50	51	52	53	56	57	59	60	180	#
607	2022.19	3	4	10	11	12	16	17	18	19	20	21	22	24	25	26	27	28	29	33	36	37	38	40	43	44	45	51	52	60	180	#
608	2019.88	3	4	11	12	13	14	16	19	20	22	23	24	25	26	27	33	34	36	40	42	43	44	49	50	51	52	53	57	60	180	#
609	2004.29	3	4	10	11	12	19	24	25	26	27	33	34	36	37	40	42	43	44	45	48	49	50	51	52	56	57	58	59	60	180	#
610	1940.11	4	10	11	12	16	18	19	20	21	24	25	26	27	28	33	34	36	40	41	42	43	44	49	50	51	52	53	58	60	180	#
611	1938.04	1	2	3	4	8	9	10	11	12	16	17	18	19	21	22	24	25	26	27	28	29	33	34	36	37	38	39	40	42	180	#
612	622.17	29	30	31	37	38	39	45	46	181	#
613	683.567	21	29	30	31	38	39	45	46	181	#
614	637.849	36	37	38	43	44	45	46	52	181	#
615	631.297	21	22	29	36	37	38	44	45	181	#
616	589.514	29	30	31	36	37	39	45	47	181	#
617	584.002	30	36	38	39	44	45	46	47	181	#
618	383.742	19	27	28	39	46	47	182	#
619	532.664	30	38	46	47	54	55	182	#
620	506.133	30	38	39	46	47	55	182	#
621	474.365	12	20	28	29	30	37	182	#
622	379.444	11	17	18	19	20	21	182	#
623	342.282	23	31	39	47	54	55	182	#
624	56.1342	57	#
625	382.311	16	17	19	20	24	25	26	27	183	#
626	571.291	24	25	26	33	40	41	42	50	183	#
627	521.214	19	20	26	27	28	34	36	42	183	#
628	459.235	19	20	24	25	26	27	28	34	183	#
629	456.399	1	2	3	9	16	17	24	25	183	#
630	371.349	9	16	17	24	25	26	27	34	183	#
631	763.178	6	7	14	15	20	21	23	29	30	31	47	184	#
632	841.053	15	21	23	29	30	31	39	47	55	62	63	184	#
633	830.599	3	4	11	12	19	20	27	29	30	34	35	184	#
634	825.902	3	4	5	6	12	13	14	15	23	31	39	184	#
635	823.654	4	6	7	12	13	14	15	20	23	47	55	184	#
636	788.023	4	5	6	7	13	14	15	23	30	31	39	184	#
637	1818.93	1	3	8	9	11	12	13	16	17	18	19	20	24	25	26	27	29	33	34	35	36	40	41	42	43	48	49	52	56	185	#
638	2175.33	3	4	11	12	13	18	19	20	27	28	32	33	34	35	36	40	41	42	43	44	50	51	52	53	58	59	60	61	62	185	#
639	2101.01	4	11	12	13	19	20	23	25	26	27	28	29	33	34	35	36	37	38	40	41	42	43	44	45	46	51	52	53	60	185	#
640	2060.75	3	4	5	11	12	13	14	17	18	19	20	23	25	26	27	28	29	32	33	34	35	36	40	41	42	43	44	51	52	185	#
641	2057.02	4	9	11	12	13	14	17	18	19	20	24	25	26	27	28	29	32	33	34	35	36	40	41	42	43	50	51	52	59	185	#
642	2028.95	4	9	11	12	13	16	17	18	19	20	24	25	27	28	29	32	33	35	36	39	40	41	43	44	47	51	55	58	62	185	#
643	307.674	2	3	11	186	#
644	326.198	3	9	11	186	#
645	271.521	1	2	3	186	#
646	253.468	3	11	12	186	#
647	3.78202	62	#
648	653.38	1	9	30	38	46	54	61	62	63	187	#
649	706.257	32	45	46	47	54	55	61	62	63	187	#
650	702.859	30	37	38	46	53	54	56	57	62	187	#
651	690.905	30	36	37	38	45	46	53	54	55	187	#
652	686.321	28	29	30	31	37	38	46	54	55	187	#
653	669.428	4	45	46	47	53	54	55	62	63	187	#
654	622.836	6	7	14	15	22	23	27	28	29	31	188	#
655	846.409	6	14	15	21	22	23	29	37	38	45	188	#
656	752.622	7	14	15	21	22	23	29	45	46	54	188	#
657	696.433	5	6	7	14	15	21	22	23	29	31	188	#
658	662.41	4	5	6	13	14	15	22	23	24	31	188	#
659	656.116	18	20	21	26	27	28	29	37	38	45	188	#
660	261.255	25	32	33	40	189	#
661	313.109	32	40	41	42	189	#
662	262.124	7	32	40	41	189	#
663	243.392	25	33	40	41	189	#
664	187.317	17	25	33	41	189	#
665	739.528	17	25	33	34	41	42	48	49	50	56	57	190	#
666	842.496	5	13	17	25	33	41	42	48	49	56	57	190	#
667	821.035	25	33	35	36	41	42	43	44	49	56	57	190	#
668	815.953	19	24	25	29	33	41	42	48	49	56	57	190	#
669	748.13	24	25	33	34	41	42	48	49	50	56	57	190	#
670	707.314	8	11	16	17	18	19	25	33	41	42	43	190	#
671	718.585	8	9	16	17	40	41	48	49	50	57	191	#
672	785.273	26	32	34	40	41	42	48	49	56	57	191	#
673	738.842	26	34	35	42	43	48	49	50	57	58	191	#
674	702.863	2	3	4	8	9	10	11	16	17	19	191	#
675	688.225	42	43	48	49	50	51	52	56	57	58	191	#
676	674.895	33	34	40	41	42	48	49	50	56	57	191	#
677	614.213	26	33	34	42	43	44	50	192	#
678	600.402	42	43	44	45	52	60	61	192	#
679	572.468	26	33	34	35	42	43	50	192	#
680	548.521	25	26	33	34	42	43	50	192	#
681	537.663	12	33	34	40	42	43	50	192	#
682	520.22	26	33	34	40	41	42	50	192	#
683	831.252	0	1	2	3	4	9	10	11	12	17	18	19	193	#
684	916.299	2	3	4	9	10	11	12	13	41	49	50	57	193	#
685	882.551	1	2	3	4	7	9	10	13	14	15	17	23	193	#
686	843.056	1	2	3	4	5	9	11	12	13	14	18	19	193	#
687	831.094	1	2	3	4	9	10	11	12	13	18	19	20	193	#
688	775.818	1	2	3	4	5	9	11	12	13	14	17	19	193	#
689	482.668	9	17	19	20	24	25	26	27	33	34	194	#
690	689.788	24	25	26	33	34	42	49	50	57	58	194	#
691	665.898	24	25	33	34	41	42	49	50	57	58	194	#
692	651.23	0	10	18	26	34	35	40	41	42	43	194	#
693	639.159	19	20	21	26	27	29	30	34	37	38	194	#
694	597.517	2	3	9	10	11	18	19	20	37	39	194	#
695	577.619	19	27	33	34	35	41	42	43	50	51	195	#
696	767.162	19	20	21	29	30	33	34	38	41	42	195	#
697	749.913	35	41	42	43	45	46	50	52	53	60	195	#
698	749.274	27	33	34	35	41	42	43	50	52	60	195	#
699	717.938	18	19	20	21	26	27	29	33	34	35	195	#
700	698.937	18	19	20	21	27	28	29	34	35	36	195	#
701	314.683	25	26	27	46	196	#
702	300.105	24	25	26	27	196	#
703	269.066	17	18	26	27	196	#
704	156.981	12	19	20	27	196	#
705	116.779	45	46	53	54	196	#
706	504.447	3	4	5	6	7	11	12	13	14	197	#
707	727.069	3	4	12	13	20	21	22	29	30	197	#
708	712.364	3	4	11	12	19	20	21	27	29	197	#
709	660.682	2	3	4	11	12	13	19	27	60	197	#
710	650.986	4	5	6	12	13	14	22	23	31	197	#
711	636.975	5	6	13	14	21	22	23	30	31	197	#
712	1381.36	1	2	3	8	9	10	11	12	13	14	16	17	18	19	20	21	22	24	25	26	27	198	#
713	1580.71	2	3	9	10	11	12	13	14	18	19	20	21	22	26	27	28	29	30	31	33	41	198	#
714	1523.15	3	7	9	10	11	12	13	14	15	19	20	21	22	23	26	27	28	29	30	31	35	198	#
715	1519.95	7	11	12	13	14	15	19	20	21	22	23	24	27	28	29	30	31	37	38	46	54	198	#
716	1510.25	1	8	9	10	11	12	14	16	17	18	19	20	21	22	24	26	27	28	29	35	37	198	#
717	1494.16	0	3	10	11	12	16	18	19	20	21	26	27	28	29	34	35	37	43	44	51	52	198	#
718	975.808	1	2	3	4	5	9	10	11	12	13	16	18	19	20	24	26	27	199	#
719	1187.97	1	2	3	4	5	8	9	10	16	17	18	25	26	36	43	44	45	199	#
720	1144.55	1	2	3	4	5	6	7	8	9	13	14	16	17	24	25	33	40	199	#
721	1131.15	2	3	4	5	9	10	12	13	17	18	20	26	27	28	29	36	37	199	#
722	1130.05	1	2	3	4	5	8	9	10	12	13	16	17	18	20	24	28	29	199	#
723	1129.81	1	2	3	8	9	10	16	17	18	24	25	26	27	33	40	42	43	199	#
724	515.149	11	18	19	20	21	22	26	27	28	200	#
725	653.252	2	3	4	11	18	19	20	27	28	200	#
726	627.882	3	10	11	19	20	21	27	59	60	200	#
727	564.09	4	5	6	7	14	15	21	22	23	200	#
728	544.722	3	11	19	20	25	26	27	33	34	200	#
729	525.29	6	14	15	21	22	23	30	31	39	200	#
730	885.358	4	5	6	7	13	14	15	19	20	21	22	23	62	63	201	#
731	1012.4	2	3	4	5	6	10	11	12	13	14	15	20	21	23	201	#
732	999.903	2	3	4	5	6	7	9	10	11	13	14	15	22	23	201	#
733	999.196	3	4	5	6	7	12	13	14	19	20	21	23	28	31	201	#
734	994.617	3	4	5	6	7	12	13	14	20	21	22	23	27	28	201	#
735	971.541	9	10	11	12	14	18	19	20	21	22	23	26	27	28	201	#
736	200.007	36	37	38	202	#
737	276.969	37	38	46	202	#
738	264.434	38	45	46	202	#
739	182.168	36	37	44	202	#
740	31.7653	59	#
741	331.088	18	19	26	27	33	34	35	203	#
742	492.888	10	11	18	19	26	34	43	203	#
743	480.398	19	26	27	28	29	34	37	203	#
744	407.787	2	10	17	18	20	26	34	203	#
745	312.314	19	20	27	29	33	34	35	203	#
746	293.621	34	42	43	44	49	50	51	203	#
747	1096.42	32	33	40	44	48	49	50	51	52	53	54	56	57	58	59	204	#
748	1200.75	26	27	33	34	35	42	43	48	49	50	51	56	57	58	59	204	#
749	1194.17	26	27	35	42	43	48	49	50	51	52	56	57	58	59	60	204	#
750	1174.39	4	5	12	20	29	34	35	43	50	51	52	53	57	58	59	204	#
751	1138.46	19	26	27	34	35	42	43	49	50	51	52	56	57	58	59	204	#
752	1131.47	34	35	42	43	44	48	49	50	51	52	56	57	58	59	60	204	#
753	254.215	44	52	53	61	205	#
754	253.041	43	44	52	53	205	#
755	248.11	45	46	53	61	205	#
756	500.126	4	5	6	7	12	13	14	20	206	#
757	563.431	2	3	4	5	6	7	13	14	206	#
758	558.743	2	3	4	10	12	20	27	29	206	#
759	535.276	4	6	12	13	14	20	22	28	206	#
760	532.956	3	4	5	10	11	12	20	29	206	#
761	526.547	3	4	5	11	12	13	26	34	206	#
762	210.69	30	37	38	45	53	207	#
763	260.029	30	38	45	46	53	207	#
764	249.046	53	54	61	62	63	207	#
765	1987.63	9	10	11	12	13	14	16	17	18	19	20	21	22	26	27	28	29	30	31	35	36	37	39	40	43	45	47	51	52	53	54	62	208	#
766	2210.06	0	1	2	4	8	9	10	11	12	13	16	17	18	19	20	21	22	24	26	27	28	29	30	31	36	37	38	39	44	45	52	53	208	#
767	2179.91	2	3	8	9	10	11	12	13	16	18	19	20	21	24	26	27	28	29	30	31	35	36	37	38	39	43	45	47	51	52	53	54	208	#
768	2170.64	1	2	3	8	9	10	11	12	13	16	18	19	20	21	24	27	28	29	30	36	37	44	45	47	51	52	53	54	55	61	62	63	208	#
769	2142.76	0	1	2	3	9	10	11	12	18	19	20	21	26	27	28	29	30	31	35	36	37	43	44	45	51	52	53	54	55	59	61	62	208	#
770	2132.98	0	1	2	5	6	7	8	9	10	11	12	14	17	18	19	20	21	26	27	28	29	30	31	35	36	37	38	42	43	45	51	52	208	#
771	1596.28	25	26	28	29	33	34	35	36	37	38	40	41	42	43	44	49	50	51	52	53	54	58	59	60	209	#
772	1793.49	0	1	2	3	9	25	26	28	29	33	34	35	36	41	42	43	44	50	52	53	54	58	61	62	209	#
773	1775.24	21	26	28	29	30	33	34	35	37	38	42	43	44	46	50	51	52	53	54	58	59	60	61	62	209	#
774	1774.87	21	22	23	25	26	28	29	33	34	35	41	42	43	44	48	49	50	51	52	53	56	58	59	60	209	#
775	1708.03	3	12	13	20	26	28	29	30	31	34	35	36	37	38	42	43	44	49	50	51	52	58	59	60	209	#
776	1696.91	24	25	26	33	34	35	41	42	43	44	48	49	50	51	52	53	54	56	58	59	60	61	62	63	209	#
777	61.8468	45	#
778	1284.92	0	3	4	5	6	7	8	11	12	14	15	19	20	22	23	31	54	55	210	#
779	1546.92	3	4	5	6	7	9	10	11	13	14	15	19	20	21	22	23	28	29	210	#
780	1528.6	3	4	5	6	7	9	10	11	12	13	14	20	21	27	28	29	30	37	210	#
781	1503.34	0	1	2	3	4	8	9	10	11	12	13	19	20	21	25	27	28	29	210	#
782	1429.85	3	4	5	6	7	13	14	15	20	21	22	23	28	29	31	54	55	63	210	#
783	1390.84	4	5	6	7	12	13	14	15	20	21	22	23	27	28	29	30	31	38	210	#
784	89.7842	38	#
785	206.41	11	19	27	211	#
786	281.112	3	11	12	211	#
787	147.636	19	20	27	211	#
788	124.256	20	27	35	211	#
789	1446.09	0	1	2	3	4	8	9	10	12	16	17	18	20	21	22	29	37	42	50	51	52	59	212	#
790	1644.68	0	2	3	12	13	19	20	21	22	23	24	25	26	27	28	29	33	36	37	41	45	53	212	#
791	1615.98	0	1	2	3	6	12	13	15	17	18	19	20	21	22	23	26	28	29	30	36	37	44	212	#
792	1590.78	0	1	2	3	4	5	6	7	9	12	13	15	16	20	21	23	24	28	29	30	31	36	212	#
793	1552.52	2	3	4	5	6	10	12	13	16	17	18	19	20	24	25	26	28	29	33	44	45	53	212	#
794	1547.36	16	18	24	25	26	32	33	35	36	40	41	42	43	44	45	50	51	52	53	59	60	61	212	#
795	1099.92	33	34	35	36	41	42	43	44	45	48	49	50	51	52	53	56	57	58	59	60	213	#
796	1389.45	4	12	13	14	22	23	24	25	26	27	32	33	34	35	40	41	42	49	50	58	213	#
797	1331.53	3	4	5	6	12	13	14	24	25	32	33	40	41	44	45	46	49	54	55	63	213	#
798	1331.01	25	33	34	35	40	41	42	43	48	49	50	51	52	56	57	58	59	60	61	62	213	#
799	1327.41	24	25	26	33	34	35	40	41	42	43	48	49	50	51	52	56	57	58	59	60	213	#
800	1324.99	1	25	30	31	33	38	41	42	45	46	48	49	50	51	52	53	57	58	59	60	213	#
801	308.131	49	51	56	57	58	59	214	#
802	410.903	13	14	51	52	58	59	214	#
803	376.095	50	51	52	53	58	59	214	#
804	358.72	35	42	43	44	50	51	214	#
805	339.797	48	49	50	56	57	58	214	#
806	309.032	14	25	48	49	56	57	214	#
807	158.984	30	31	#
808	974.335	0	1	2	3	5	8	9	10	12	13	14	16	19	20	215	#
809	1152.73	3	4	5	12	13	14	15	22	23	30	31	37	38	46	215	#
810	1041.28	3	4	5	6	7	13	14	15	22	23	30	31	38	46	215	#
811	1025.2	0	1	2	3	8	9	10	12	13	16	18	52	53	60	215	#
812	976.107	3	4	5	11	12	13	14	15	19	20	23	30	31	38	215	#
813	945.457	0	1	2	3	4	8	9	12	16	17	18	19	25	33	215	#
814	25.826	16	17	25	216	#
815	29.4358	17	18	25	216	#
816	229.88	32	33	40	41	217	#
817	297.633	41	42	43	50	217	#
818	187.261	32	40	41	49	217	#
819	174.886	33	41	49	50	217	#
820	535.221	35	43	44	48	49	50	51	63	218	#
821	779.744	42	43	48	49	50	56	57	58	218	#
822	685.049	34	42	48	49	50	56	57	58	218	#
823	572.742	34	35	42	43	44	49	50	58	218	#
824	491.71	27	34	35	42	43	44	50	51	218	#
825	487.041	36	41	42	43	44	45	49	52	218	#
826	193.822	20	21	27	219	#
827	217.114	19	20	21	219	#
828	171.097	15	20	21	219	#
829	107.538	27	28	35	219	#
830	1108.16	20	21	22	23	27	28	33	34	35	39	44	45	47	53	54	55	61	62	63	220	#
831	1393.11	2	3	4	5	10	11	12	13	14	19	20	21	22	27	28	29	38	50	58	220	#
832	1376.71	2	3	4	10	11	12	13	14	17	19	20	21	22	28	29	36	37	44	45	220	#
833	1332.75	0	1	2	10	11	19	20	21	22	26	27	28	29	34	35	41	42	43	51	220	#
834	1332.09	20	26	27	32	33	34	35	40	41	42	43	44	48	49	50	51	52	56	59	220	#
835	1306.46	1	2	3	4	10	11	12	13	19	20	21	22	27	28	29	30	35	38	39	220	#
836	1921.88	3	4	5	6	7	12	13	14	15	20	21	22	23	27	28	29	30	31	33	34	35	36	37	38	39	40	42	43	47	51	55	63	221	#
837	2245.41	9	10	11	12	13	14	17	18	24	25	26	27	32	33	34	40	41	42	43	44	48	50	51	52	55	56	57	58	59	60	61	63	221	#
838	2206.06	3	4	5	11	12	13	14	15	18	19	20	21	23	24	25	26	29	30	31	33	34	35	37	42	45	50	51	52	59	60	61	62	221	#
839	2176.19	3	4	9	10	12	14	18	20	21	25	26	27	28	29	30	35	36	37	38	39	43	44	45	48	49	50	51	52	58	59	60	61	221	#
840	2117.93	3	5	6	9	10	11	12	13	14	15	18	20	21	22	23	24	25	26	27	28	29	30	31	32	33	34	38	39	40	41	42	47	221	#
841	2117.31	3	4	5	6	7	9	10	12	13	14	15	17	20	21	22	23	24	25	26	27	28	30	31	33	34	37	38	39	40	41	45	47	221	#
842	2182.24	14	20	21	22	24	25	26	27	28	29	30	33	34	36	37	38	39	41	42	43	44	45	46	48	49	50	51	52	53	54	55	57	58	59	60	61	62	63	222	#
843	2675.77	0	1	2	3	5	6	9	10	11	12	13	18	19	20	21	26	27	28	29	30	31	36	37	38	43	44	45	46	50	51	52	53	54	55	58	59	60	61	222	#
844	2612.66	3	4	5	6	7	11	12	13	14	20	21	23	26	27	28	29	30	31	36	37	38	43	44	45	46	48	50	51	52	53	54	55	57	58	59	60	61	62	222	#
845	2539.24	0	1	2	5	8	9	10	12	13	18	19	20	21	26	27	28	29	30	31	36	37	38	41	42	43	44	45	46	49	50	51	52	54	57	58	59	60	61	222	#
846	2511.73	1	2	3	5	6	10	11	12	13	14	18	19	20	21	26	27	28	29	30	31	36	37	38	39	43	44	45	46	50	51	52	54	55	58	59	60	62	63	222	#
847	2502.24	1	2	3	4	5	6	7	9	10	12	13	14	15	19	20	21	26	27	28	29	30	36	37	38	43	44	45	46	47	51	52	53	54	55	59	60	61	63	222	#
848	194.328	38	45	46	54	55	63	223	#
849	260.52	46	54	55	61	62	63	223	#
850	251.586	30	38	39	45	46	54	223	#
851	228.478	38	39	46	54	55	62	223	#
852	170.743	44	45	53	54	61	62	223	#
853	150.734	35	36	43	224	#
854	189.415	36	37	44	224	#
855	135.786	34	35	43	224	#
856	87.9091	35	43	44	224	#
857	76.7896	31	#
858	1233.36	4	10	11	12	13	17	18	19	20	21	27	28	29	30	35	36	37	38	46	54	225	#
859	1480.37	2	4	9	10	12	13	17	18	19	20	26	27	28	29	30	35	36	43	45	46	225	#
860	1467.28	2	8	9	10	12	16	17	20	24	28	29	30	36	37	38	39	47	55	62	63	225	#
861	1416.99	1	2	3	4	9	10	12	13	14	16	17	18	20	21	24	28	29	37	45	46	225	#
862	1411.07	2	3	4	12	13	19	20	21	27	28	29	35	36	37	38	42	43	51	58	59	225	#
863	1369.42	4	5	12	13	18	19	20	21	25	26	27	28	29	30	35	37	38	43	56	57	225	#
864	2885.28	1	2	3	4	6	7	9	10	11	12	13	14	15	16	17	18	19	20	21	22	24	25	26	27	28	29	30	35	36	37	38	42	43	44	45	46	50	51	52	53	54	57	58	59	60	61	226	#
865	3043.82	1	7	9	10	13	14	15	17	18	19	20	21	22	24	25	26	27	28	29	30	31	36	37	38	39	43	44	45	46	47	48	49	50	51	52	53	54	55	56	57	58	59	60	61	62	63	226	#
866	3041.59	0	4	6	7	8	9	10	12	13	14	15	16	18	20	21	25	26	27	28	29	30	31	37	38	39	42	43	44	45	46	47	48	49	50	51	52	53	54	55	57	58	59	60	61	62	63	226	#
867	3032.86	9	10	13	14	15	16	17	18	19	20	21	22	24	25	26	27	28	29	32	35	36	37	38	40	41	42	43	44	45	46	48	49	50	51	52	53	54	55	56	57	58	59	60	61	62	63	226	#
868	3005.08	6	7	9	10	13	14	15	17	18	19	20	21	22	23	24	25	26	27	28	29	30	31	34	35	36	37	38	42	43	44	45	46	47	50	51	52	53	54	55	56	57	58	59	60	61	63	226	#
869	2988.54	1	2	4	5	8	9	10	11	16	17	18	19	20	21	22	24	25	26	27	28	29	30	31	32	33	34	35	36	37	38	41	42	43	44	45	46	48	49	50	51	52	56	57	58	59	60	226	#
870	363.768	28	36	50	57	58	227	#
871	440.486	44	50	56	57	58	227	#
872	367.685	28	29	36	44	52	227	#
873	356.226	36	37	43	44	45	227	#
874	336.609	50	51	57	58	59	227	#
875	298.53	42	49	50	51	57	227	#
876	390.602	1	9	46	54	55	56	62	63	228	#
877	524.543	21	29	37	38	45	46	53	54	228	#
878	467.805	34	41	42	49	50	56	57	58	228	#
879	372.949	55	57	58	59	60	61	62	63	228	#
880	352.6	16	37	45	46	54	55	62	63	228	#
881	347.239	0	1	8	16	17	18	24	25	228	#
882	151.094	22	23	229	#
883	116.6	14	22	229	#
884	145.89	14	23	#
885	795.206	30	31	37	38	39	44	45	46	47	53	54	62	63	230	#
886	1150.64	21	28	29	30	31	36	37	38	39	44	46	47	52	230	#
887	1031	21	22	28	29	30	36	37	38	39	40	45	46	59	230	#
888	1020.88	12	20	21	28	29	31	36	37	38	39	44	45	46	230	#
889	1002.98	37	38	44	45	46	49	50	52	53	56	57	58	59	230	#
890	960.935	6	28	36	37	41	42	43	44	45	46	50	51	52	230	#
891	181.15	48	49	56	57	231	#
892	250.125	48	56	57	58	231	#
893	164.035	51	57	58	59	231	#
894	323.708	5	6	41	42	49	57	58	232	#
895	477.199	33	40	41	48	49	50	51	232	#
896	471.491	3	5	6	12	13	20	21	232	#
897	467.717	17	25	33	40	41	42	43	232	#
898	458.724	0	1	41	42	43	44	45	232	#
899	418.363	5	6	7	13	15	23	32	232	#
900	117.13	36	37	233	#
901	154.339	37	45	233	#
902	109.016	36	44	233	#
903	271.922	3	4	12	234	#
904	299.762	2	3	12	234	#
905	285.849	2	3	10	234	#
906	259.554	19	20	26	27	235	#
907	328.622	19	20	29	30	235	#
908	234.972	5	6	11	26	235	#
909	227.538	12	19	20	27	235	#
910	1103.79	5	33	34	35	36	37	41	42	43	44	49	51	52	57	58	60	61	236	#
911	1202.02	0	1	9	27	35	43	48	49	50	51	52	56	57	58	59	60	61	236	#
912	1110.7	1	3	4	5	6	7	9	10	11	12	13	14	15	17	18	22	23	236	#
913	1096.79	35	38	43	45	46	48	51	52	53	56	57	58	59	60	61	62	63	236	#
914	1072.18	24	33	34	35	41	42	43	47	51	52	53	54	55	60	61	62	63	236	#
915	1048.06	17	28	29	34	35	36	37	38	42	43	44	45	46	52	53	60	61	236	#
916	1055.21	17	19	23	25	26	27	32	33	34	40	41	42	50	51	58	237	#
917	1161.74	25	32	33	40	41	42	43	44	48	49	50	51	52	57	58	237	#
918	1105.4	1	33	40	41	42	48	49	50	51	52	56	57	58	60	61	237	#
919	1058.58	16	17	24	25	32	33	40	41	42	48	49	50	51	58	59	237	#
920	1037.58	36	40	41	42	43	44	48	49	50	51	52	56	57	58	60	237	#
921	1014.87	17	18	19	25	26	27	28	32	33	40	41	42	49	50	51	237	#
922	604.345	10	20	21	26	27	28	29	37	238	#
923	643.941	21	29	30	31	36	37	44	45	238	#
924	612.478	3	12	20	21	29	30	37	45	238	#
925	594.938	0	3	12	19	20	21	29	30	238	#
926	594.149	1	2	9	10	17	24	25	26	238	#
927	533.666	7	12	19	20	21	29	37	45	238	#
928	1209.48	1	9	10	11	16	17	18	19	24	25	27	28	32	33	40	41	42	48	49	50	239	#
929	1474.91	3	4	5	6	7	10	11	12	16	19	20	21	24	25	26	27	28	29	33	37	239	#
930	1443.59	1	2	3	4	5	6	7	9	10	11	12	16	19	20	21	22	27	28	29	36	239	#
931	1427.32	1	9	10	11	12	19	20	21	27	28	29	30	36	37	38	44	45	48	49	57	239	#
932	1416.72	1	2	3	4	5	6	9	10	11	12	17	19	20	21	27	28	29	36	44	55	239	#
933	1396.83	1	3	4	5	6	9	10	12	14	16	17	21	22	23	29	31	36	37	39	44	239	#
934	37.439	13	#
935	449.719	45	46	53	54	55	61	62	240	#
936	598.59	43	46	52	54	60	61	62	240	#
937	541.853	2	3	11	48	49	54	62	240	#
938	469.312	46	53	54	59	60	61	62	240	#
939	437.574	26	27	34	35	55	61	62	240	#
940	405.616	37	38	39	46	47	55	56	240	#
941	780.351	24	25	32	33	40	41	49	50	57	58	241	#
942	780.019	18	24	25	26	33	40	41	42	43	57	241	#
943	776.179	24	25	32	33	40	41	42	49	50	58	241	#
944	741.941	17	25	32	33	40	41	48	49	50	58	241	#
945	725.289	32	40	41	42	48	49	50	57	58	59	241	#
946	718.006	26	32	33	34	40	41	42	49	50	57	241	#
947	503.735	21	29	37	38	44	45	53	242	#
948	515.244	21	22	28	29	37	41	45	242	#
949	485.327	29	37	44	45	51	52	53	242	#
950	478.588	42	43	44	45	50	52	53	242	#
951	474.343	28	29	30	37	38	39	47	242	#
952	464.79	37	44	45	49	57	58	59	242	#
953	293.561	9	17	18	25	26	243	#
954	350.105	24	25	33	34	41	243	#
955	294.387	17	18	24	25	26	243	#
956	241.197	9	16	17	24	25	243	#
957	239.934	1	9	10	11	18	243	#
958	233.355	17	25	26	33	39	243	#
959	586.958	1	9	17	18	19	25	32	33	40	244	#
960	695.791	0	1	2	10	11	12	19	27	28	244	#
961	675.668	0	1	9	17	18	25	32	33	40	244	#
962	622.568	0	1	2	9	10	11	19	20	27	244	#
963	550.573	1	2	9	10	17	18	25	33	43	244	#
964	545.17	25	32	33	34	35	40	41	42	50	244	#
965	1035.17	3	4	5	12	13	14	15	19	20	21	27	29	36	37	245	#
966	1289.52	2	3	4	12	13	20	21	22	29	31	36	37	38	39	245	#
967	1162.06	2	3	4	5	6	9	10	11	12	13	14	17	18	26	245	#
968	1085.51	3	4	5	6	7	12	13	14	15	21	22	23	31	39	245	#
969	1057.15	4	5	6	7	13	14	15	21	22	23	31	38	39	47	245	#
970	1045.48	3	4	5	12	14	15	23	30	31	36	37	38	39	47	245	#
971	228.995	36	37	38	246	#
972	243.542	28	36	44	246	#
973	211.941	30	37	38	246	#
974	786.787	24	33	35	37	41	42	43	44	45	49	52	53	247	#
975	993.37	19	26	27	28	29	35	36	40	41	42	43	52	247	#
976	976.065	27	32	35	40	41	42	43	49	50	52	53	57	247	#
977	961.705	32	33	40	41	42	43	48	49	50	51	56	58	247	#
978	925.912	18	26	27	35	41	42	43	48	49	50	57	58	247	#
979	894.875	17	18	24	25	32	33	40	41	42	48	49	56	247	#
980	1010.07	12	20	28	29	30	36	37	38	43	44	47	52	53	54	248	#
981	1142.98	4	5	12	13	20	21	22	28	29	30	36	37	38	46	248	#
982	1123.03	41	46	48	49	52	53	54	55	56	57	58	61	62	63	248	#
983	1120.04	36	37	38	41	46	48	49	53	54	55	56	61	62	63	248	#
984	1084.91	3	4	20	28	29	35	36	37	42	43	44	48	49	50	248	#
985	1079.17	20	27	28	29	30	31	36	37	38	44	46	52	61	62	248	#
986	1281.69	25	28	33	34	36	40	41	42	43	44	48	49	50	51	52	53	54	57	58	59	61	62	249	#
987	1599.8	4	5	11	12	13	19	20	40	41	42	43	48	49	50	51	52	53	54	57	58	59	61	249	#
988	1582.46	2	4	9	10	12	16	17	19	20	26	27	28	29	35	41	42	43	49	50	51	58	59	249	#
989	1564.65	20	21	26	27	29	30	31	35	37	38	40	41	42	43	49	50	51	57	58	59	60	61	249	#
990	1524.62	4	10	11	12	13	14	17	18	19	20	21	22	26	28	29	30	31	37	38	41	49	57	249	#
991	1522.75	8	12	16	17	20	24	25	26	27	33	34	35	40	41	42	43	48	49	50	57	58	59	249	#
992	86.1279	22	#
993	556.727	56	57	58	59	60	61	62	250	#
994	564.403	46	47	54	55	61	62	63	250	#
995	551.787	0	8	54	55	61	62	63	250	#
996	540.294	52	54	55	59	60	61	62	250	#
997	539.827	54	55	59	60	61	62	63	250	#
998	390.531	41	48	49	56	57	58	59	250	#
999	382.911	10	11	12	18	19	20	27	251	#
1000	442.851	11	12	19	20	21	27	29	251	#
1001	439.025	10	11	19	20	21	27	28	251	#
1002	428.281	11	12	19	20	26	27	28	251	#
1003	418.132	10	18	19	20	26	27	28	251	#
1004	414.243	8	9	10	16	17	18	26	251	#
