%% File generated by CATS v.2.1Wed Jun 22 10:37:50 2022

%% The CATS webpage is http://robotics.stanford.edu/CATS

%% PARAMETER SETTINGS:
% Goods: 64; Bids: 1000; Distribution: regions; Runs: 1; Seed: 1656572999
% Regions Distribution Parameters:
% Max Substitutable Bids = 5
% Removing HV Neighbor   = 0.1
% Adding DIAG Neighbor   = 0.2
% Additional Location    = 0.9
% Jump Probability       = 0.05
% Additivity             = 0.2
% Budget Factor          = 1.5
% Resale Factor          = 0.5
% Normal Private Value:
%   Mean                 = 0
%   Standard Deviation   = 30



goods 64
bids 1002
dummy 194

0	370.317	27	34	35	42	43	64	#
1	416.622	34	35	41	42	43	64	#
2	389.702	32	33	41	42	50	64	#
3	375.579	27	34	35	43	44	64	#
4	320.092	3	11	19	27	35	64	#
5	298.249	18	26	27	34	35	64	#
6	195.64	23	61	65	#
7	188.82	61	62	65	#
8	129.873	23	31	65	#
9	1024.54	8	16	17	18	24	25	26	32	33	34	40	41	42	48	56	66	#
10	1035.92	21	24	30	32	33	40	41	42	48	49	50	51	56	57	63	66	#
11	1026.25	24	27	32	33	35	36	40	41	42	43	44	49	50	56	57	66	#
12	1016.77	33	34	35	38	40	41	42	43	44	45	48	49	50	51	56	66	#
13	1014.08	0	1	2	3	4	8	9	10	11	16	17	18	24	32	40	66	#
14	1000.86	25	33	34	35	40	41	42	43	48	49	50	51	56	57	59	66	#
15	69.0372	50	58	67	#
16	45.3382	50	51	67	#
17	1197.04	0	1	3	4	8	10	16	17	18	19	24	25	26	34	43	51	59	61	62	63	68	#
18	1361.05	3	4	5	6	7	8	10	11	12	17	18	19	20	25	26	32	34	35	40	43	68	#
19	1337.04	1	2	3	4	5	6	7	10	11	12	13	14	18	19	20	22	25	28	32	40	68	#
20	1332.91	13	20	21	22	28	30	31	34	35	36	37	38	43	44	51	52	58	59	60	61	68	#
21	1291.18	0	1	2	8	10	11	16	17	18	24	25	26	32	34	38	40	43	44	45	48	68	#
22	1283.17	26	34	43	44	45	48	49	50	51	52	53	54	55	57	58	59	60	61	62	63	68	#
23	438.871	33	40	41	42	48	49	50	58	69	#
24	615.172	18	25	26	32	33	57	58	59	69	#
25	589.753	33	41	42	50	51	58	59	60	69	#
26	560.793	40	48	49	50	56	57	58	59	69	#
27	555.338	24	25	26	32	33	34	40	41	69	#
28	546.289	16	24	40	41	48	56	57	58	69	#
29	426.855	26	28	29	30	37	38	39	70	#
30	613.38	6	14	22	23	30	31	39	70	#
31	575.09	22	29	30	36	37	45	53	70	#
32	574.123	15	22	23	28	29	30	36	70	#
33	565.803	29	30	31	37	38	44	45	70	#
34	463.446	12	20	28	29	35	36	37	70	#
35	1066.61	3	10	11	18	19	25	26	32	33	34	41	42	48	49	50	57	71	#
36	1197.96	3	4	5	10	11	12	43	44	45	48	49	50	51	56	59	60	71	#
37	1183.6	14	25	33	34	35	41	42	43	44	48	49	50	51	57	58	59	71	#
38	1156.97	26	32	33	34	40	41	42	48	49	50	51	56	57	58	59	60	71	#
39	1153.84	25	33	34	35	41	42	43	44	48	49	50	51	56	57	58	59	71	#
40	1147.96	24	26	27	32	33	34	35	40	41	42	43	44	50	51	58	59	71	#
41	1268.42	2	3	4	10	11	12	18	19	20	21	22	23	25	26	32	33	34	41	42	43	49	50	72	#
42	1489.44	2	3	8	9	10	11	18	19	25	26	27	32	33	35	36	41	42	47	49	53	54	55	72	#
43	1483.22	3	8	10	11	17	18	19	25	26	27	28	32	33	34	40	41	42	48	49	50	51	57	72	#
44	1466.54	3	10	11	18	19	20	25	26	27	28	29	30	32	33	37	41	42	49	50	51	57	58	72	#
45	1431.6	3	4	10	11	12	18	19	20	21	22	25	27	28	29	32	33	41	42	49	50	56	57	72	#
46	1383.92	4	11	12	18	19	20	21	22	23	26	27	28	29	30	31	33	37	38	42	43	49	57	72	#
47	418.993	30	52	53	54	59	60	61	73	#
48	525.289	4	12	20	21	22	28	30	73	#
49	423.919	0	1	2	10	44	45	53	73	#
50	379.642	52	54	59	60	61	62	63	73	#
51	337.66	43	50	51	58	59	60	61	73	#
52	300.029	52	54	55	60	61	62	63	73	#
53	282.603	20	21	22	30	74	#
54	294.522	21	22	29	30	74	#
55	256.93	21	29	30	31	74	#
56	219.516	12	20	21	30	74	#
57	1851.68	7	25	32	33	34	35	36	37	38	41	42	43	44	45	48	49	50	51	52	53	59	60	61	62	63	75	#
58	1999.93	5	6	7	14	15	20	21	22	23	28	29	30	31	34	36	39	40	41	42	43	44	45	51	52	59	75	#
59	1897.73	13	14	15	19	20	21	22	23	25	27	28	29	30	32	33	34	35	36	37	40	41	42	43	44	45	75	#
60	1839.29	19	25	27	28	32	33	34	35	36	38	41	42	43	44	45	48	49	50	51	52	56	57	58	59	60	75	#
61	1808.38	12	14	15	20	21	22	28	29	30	35	36	37	38	44	45	46	47	52	53	54	55	59	60	61	62	75	#
62	1709.54	17	20	21	25	28	30	33	34	35	36	37	38	41	42	43	44	45	46	51	52	53	54	59	60	61	75	#
63	22.5651	16	#
64	564.225	27	28	29	34	35	36	37	42	43	76	#
65	689.557	12	15	20	21	23	28	29	30	44	76	#
66	677.168	6	7	11	12	18	19	20	27	35	76	#
67	664.122	32	33	34	40	41	42	43	55	63	76	#
68	660.02	21	28	29	32	35	36	37	40	41	76	#
69	659.615	33	34	35	41	42	43	44	45	49	76	#
70	98.5448	26	34	#
71	74.3926	26	#
72	1046.6	27	29	34	35	36	37	38	41	42	43	44	45	46	50	51	52	53	60	61	78	#
73	1357.13	21	22	27	29	30	33	34	35	36	37	41	42	43	44	45	51	52	59	60	78	#
74	1263.16	26	27	28	29	30	31	34	35	36	37	38	39	43	44	45	51	52	53	59	78	#
75	1241.02	23	26	30	31	33	34	35	36	37	41	42	43	44	45	49	51	53	56	57	78	#
76	1235.15	19	26	27	28	29	30	32	33	34	35	36	38	41	42	43	44	45	49	52	78	#
77	1217.25	29	36	37	38	40	41	43	44	45	46	47	49	50	51	52	53	54	59	61	78	#
78	166.24	4	12	79	#
79	234.91	4	11	79	#
80	119.926	12	20	79	#
81	1610.15	9	16	17	19	25	26	27	28	29	30	32	33	34	35	36	37	38	40	42	43	44	45	46	47	49	50	54	55	57	58	59	80	#
82	2014.91	0	1	5	6	7	8	9	10	14	15	16	17	18	22	23	24	25	26	27	32	33	34	40	41	42	48	49	50	51	56	57	80	#
83	1966.74	0	1	3	4	8	9	10	11	16	17	18	19	20	24	25	26	27	28	32	33	34	35	40	42	43	48	49	51	56	62	63	80	#
84	1927.33	4	12	21	22	23	25	27	32	33	34	35	36	40	41	42	43	44	45	46	47	48	49	50	51	52	54	56	57	58	59	60	80	#
85	1905.19	0	1	2	3	4	8	9	10	11	12	16	17	18	19	20	21	24	25	26	27	28	32	33	34	35	40	41	42	43	48	56	80	#
86	1895.39	3	9	10	11	15	16	17	18	19	24	25	26	32	34	40	41	42	48	49	50	52	53	54	56	57	58	59	60	61	62	63	80	#
87	1412.95	13	21	22	23	28	29	30	31	36	37	38	39	44	45	46	47	52	53	54	55	61	62	63	81	#
88	1819.67	3	4	5	6	7	10	12	14	20	21	22	23	28	29	30	31	39	40	41	48	49	56	57	81	#
89	1637.74	3	4	6	7	8	10	11	12	13	14	17	20	21	22	23	28	30	31	39	41	49	57	58	81	#
90	1630.39	5	6	13	14	21	22	23	25	26	27	28	29	30	32	33	34	35	36	40	42	43	44	51	81	#
91	1599.66	12	21	22	29	30	31	36	37	38	39	43	44	45	46	47	48	49	52	53	54	59	60	61	81	#
92	1593.86	27	28	34	35	36	37	38	41	42	43	44	45	46	47	51	52	53	54	55	59	60	61	62	81	#
93	2260.16	0	1	2	3	4	5	6	8	9	10	11	12	14	16	17	18	19	20	24	25	26	27	32	33	34	35	39	40	41	42	43	44	48	49	82	#
94	2427.68	2	3	4	5	6	7	9	10	11	12	13	14	19	20	21	27	32	33	34	35	36	37	40	41	42	43	44	48	49	50	51	52	58	60	82	#
95	2376.28	0	1	2	3	4	5	8	9	10	11	12	16	17	18	19	20	21	24	25	26	27	28	32	33	34	35	36	40	41	42	43	48	49	56	82	#
96	2348.27	0	2	3	4	8	9	10	11	16	17	18	19	20	21	24	25	26	28	29	30	32	33	34	35	36	37	38	40	42	43	45	48	53	54	82	#
97	2336.34	0	1	2	4	5	6	8	9	10	12	16	17	18	19	20	24	25	26	32	33	34	40	41	42	43	44	48	49	50	51	56	58	59	60	82	#
98	2314.57	1	2	3	4	5	6	7	10	11	12	13	14	15	18	19	20	21	22	23	27	28	29	30	31	32	33	34	35	36	37	43	44	45	53	82	#
99	204.524	33	34	35	42	83	#
100	224.109	25	33	42	43	83	#
101	215.391	26	27	34	35	83	#
102	185.695	26	34	35	36	83	#
103	1967.89	0	1	2	3	4	5	6	7	8	10	11	12	13	14	15	17	18	19	20	21	22	23	29	30	31	35	36	37	38	45	46	52	54	57	58	84	#
104	2328.66	0	1	2	3	4	5	6	7	8	9	10	11	12	13	14	15	16	17	18	19	21	22	23	24	26	27	31	32	33	34	36	42	43	44	63	84	#
105	2221.07	8	9	10	16	17	18	24	25	26	27	28	32	33	34	36	38	40	41	42	43	44	45	46	47	48	49	50	51	52	56	57	58	59	60	61	84	#
106	2218.39	6	7	13	15	21	22	23	25	27	29	30	32	33	34	35	36	37	41	42	43	44	45	46	47	51	52	53	54	56	57	58	59	60	61	62	84	#
107	2192.59	0	1	2	3	8	9	10	16	17	18	24	25	26	27	32	33	34	35	36	40	41	42	43	44	48	49	50	51	52	56	57	58	59	60	61	84	#
108	2179.79	2	3	4	5	6	8	10	11	12	13	14	15	16	17	18	19	20	21	22	23	24	25	26	27	28	31	32	33	34	35	41	42	43	44	51	84	#
109	1269.35	14	20	21	22	23	28	29	30	31	36	37	38	39	43	44	45	85	#
110	1435.67	4	5	6	7	12	13	14	21	22	23	29	30	31	36	37	39	85	#
111	1353.96	6	7	14	15	20	21	22	23	28	29	30	31	36	37	38	39	85	#
112	1328.46	5	6	14	20	21	22	23	28	29	30	31	35	36	37	38	45	85	#
113	1274.59	3	4	7	11	12	13	14	15	21	22	23	30	31	39	41	49	85	#
114	1229.07	13	14	15	20	21	22	23	28	29	30	31	35	36	37	45	46	85	#
115	274.344	16	24	30	49	57	58	86	#
116	384.15	16	24	25	32	33	40	86	#
117	311.036	48	49	50	56	57	58	86	#
118	307.989	41	49	50	56	57	58	86	#
119	287.78	21	22	23	29	30	31	86	#
120	974.856	18	24	25	32	33	34	40	41	42	48	49	50	57	58	87	#
121	1086.43	24	32	33	34	40	41	48	49	50	51	56	57	59	60	87	#
122	1075.38	24	25	32	33	34	40	41	42	48	49	50	56	57	58	87	#
123	1044.65	10	17	18	25	32	33	34	35	40	41	42	43	48	49	87	#
124	992.996	3	8	9	10	16	17	18	24	25	26	27	32	34	41	87	#
125	986.903	26	27	33	34	40	41	42	48	49	50	56	57	58	59	87	#
126	268.11	36	42	43	44	50	51	88	#
127	373.823	32	40	41	42	49	50	88	#
128	358.868	41	42	49	50	51	59	88	#
129	342.342	3	10	19	20	27	36	88	#
130	315.96	27	35	41	49	50	51	88	#
131	312.742	33	34	35	42	43	51	88	#
132	1052.95	3	4	5	9	10	11	12	19	20	21	27	29	30	37	45	89	#
133	1105.51	3	4	5	6	7	11	12	14	20	21	28	29	30	37	45	89	#
134	1082.78	6	14	21	22	23	28	29	30	33	34	36	37	42	43	51	89	#
135	1024.72	3	4	5	6	7	10	11	12	13	15	20	21	29	30	37	89	#
136	985.21	4	5	12	13	14	21	22	29	30	36	37	38	45	46	53	89	#
137	966.442	4	12	15	19	20	21	22	23	27	28	29	30	35	37	43	89	#
138	1172.74	29	30	34	35	36	37	38	40	41	42	43	44	45	46	49	50	51	52	53	54	59	60	90	#
139	1557.31	6	14	15	16	17	18	24	25	26	27	28	29	32	33	34	35	36	40	41	42	43	59	90	#
140	1323.8	3	4	5	6	11	12	14	18	19	20	21	22	23	28	29	30	31	35	36	37	39	43	90	#
141	1304.24	12	20	21	25	28	29	30	32	33	34	35	36	37	40	41	42	43	48	49	50	56	57	90	#
142	1280.7	16	21	22	24	25	26	27	29	30	32	33	34	35	36	37	40	41	42	43	44	49	50	90	#
143	1276.18	4	11	12	19	20	27	28	29	35	36	37	38	44	45	52	53	54	59	60	61	62	63	90	#
144	511.347	32	40	41	42	48	91	#
145	443.408	32	40	41	42	50	91	#
146	375.464	40	41	48	49	50	91	#
147	349.369	35	42	43	50	51	91	#
148	274.372	48	49	56	57	58	91	#
149	537.004	47	53	54	55	59	60	61	62	63	92	#
150	677.977	12	21	47	53	55	60	61	62	63	92	#
151	548.522	33	34	35	36	43	44	50	51	59	92	#
152	454.531	50	51	53	54	55	59	60	61	62	92	#
153	438.146	37	45	46	47	53	54	55	62	63	92	#
154	431.753	45	46	47	53	54	55	61	62	63	92	#
155	1296.56	2	3	4	5	6	7	10	11	12	13	14	15	19	20	21	22	23	28	29	30	31	39	93	#
156	1537.97	3	4	5	10	11	12	13	15	20	21	22	23	27	28	29	30	31	35	36	37	38	45	93	#
157	1514.53	1	2	3	4	8	9	10	11	12	16	19	26	27	34	35	43	44	51	57	59	60	61	93	#
158	1478.74	4	5	6	7	12	13	14	15	20	21	22	23	30	31	35	36	37	38	39	44	45	46	93	#
159	1473.14	2	3	4	5	6	9	10	11	12	13	17	19	20	21	24	25	26	27	28	30	34	35	93	#
160	1468.83	5	6	7	11	12	13	14	15	20	21	22	23	27	28	29	30	31	35	36	37	43	44	93	#
161	98.5739	24	#
162	220.698	9	10	11	18	94	#
163	293.881	3	4	10	11	94	#
164	287.637	0	8	9	16	94	#
165	192.322	11	19	27	35	94	#
166	142.325	37	38	45	95	#
167	183.141	30	36	37	95	#
168	142.512	36	37	45	95	#
169	305.854	20	28	36	96	#
170	251.979	4	12	20	96	#
171	208.601	36	37	44	96	#
172	504.986	1	2	8	9	16	17	24	47	49	55	63	97	#
173	728.25	1	9	34	43	44	45	51	52	58	59	60	97	#
174	641.889	36	37	43	44	45	46	47	53	54	55	63	97	#
175	641.335	18	19	20	27	28	32	35	40	41	48	49	97	#
176	591.375	37	44	45	46	47	53	54	55	61	62	63	97	#
177	573.459	8	16	18	24	25	26	32	33	34	43	44	97	#
178	42.2478	36	37	38	#
179	183.738	3	10	98	#
180	180.48	9	10	98	#
181	158.92	3	4	98	#
182	432.307	24	25	26	33	34	41	43	99	#
183	474.008	28	29	36	43	44	51	52	99	#
184	442.065	24	25	32	33	40	41	49	99	#
185	376.797	18	25	26	27	33	34	43	99	#
186	314.477	21	22	26	33	34	42	50	99	#
187	293.378	18	19	20	24	25	26	34	99	#
188	797.581	30	36	37	38	44	45	46	51	52	53	54	55	60	62	63	100	#
189	1085.98	6	14	15	22	23	28	34	35	36	43	44	45	46	52	53	100	#
190	1003.89	6	14	21	22	23	29	30	31	35	36	39	44	51	52	60	100	#
191	991.681	14	22	23	29	30	31	32	33	41	42	49	50	56	57	58	100	#
192	911.499	6	14	22	29	30	31	36	37	38	44	45	46	52	53	61	100	#
193	892.308	4	12	14	19	20	22	23	27	28	29	30	32	36	37	40	100	#
194	151.545	4	11	101	#
195	164.42	4	12	101	#
196	723.318	0	1	2	6	7	8	9	14	15	17	102	#
197	727.642	0	1	3	4	5	9	10	11	17	18	102	#
198	727.054	4	5	6	7	12	14	15	20	23	28	102	#
199	665.492	5	6	7	14	15	21	22	23	30	31	102	#
200	658.376	1	2	3	8	9	10	11	17	18	19	102	#
201	615.856	1	2	3	10	11	18	19	26	27	35	102	#
202	2462.65	4	8	9	12	16	17	18	20	24	25	26	28	32	33	34	35	36	37	40	41	42	43	44	45	48	49	50	51	52	53	54	56	57	58	59	60	61	62	103	#
203	2581.48	0	1	2	3	4	5	6	7	8	9	10	11	12	13	14	15	16	17	18	19	20	21	22	23	24	25	26	27	32	33	34	35	36	40	41	42	48	56	103	#
204	2577.51	3	4	5	6	10	11	12	13	18	19	20	21	24	25	26	28	29	32	33	34	35	36	37	38	40	41	42	43	44	45	48	51	53	54	58	59	60	61	103	#
205	2574.57	0	4	5	6	7	8	10	11	12	16	17	18	19	20	21	22	23	24	25	26	27	28	32	33	34	35	40	41	42	43	48	49	50	56	57	58	59	60	103	#
206	2511.21	1	6	8	9	12	14	16	17	18	19	20	21	22	24	25	26	27	28	29	30	32	33	34	35	36	40	41	42	43	44	45	48	49	50	51	56	57	58	103	#
207	2501.38	2	3	10	12	16	17	18	19	20	21	24	25	26	28	29	32	33	34	35	36	38	40	41	42	43	44	45	48	49	50	51	52	53	56	57	58	59	60	103	#
208	266.189	15	23	31	39	104	#
209	396.537	6	14	15	22	104	#
210	348.798	7	14	15	23	104	#
211	184.401	2	30	31	39	104	#
212	134.706	21	29	30	31	104	#
213	665.504	17	18	26	29	34	35	36	41	42	47	49	50	105	#
214	983.088	8	9	10	18	26	27	33	34	35	41	43	51	105	#
215	916.502	32	33	34	40	41	42	48	49	50	51	56	57	105	#
216	871.751	26	29	30	33	34	35	36	37	38	43	44	45	105	#
217	852.643	1	4	8	9	10	11	17	18	19	20	27	35	105	#
218	832.84	3	9	10	16	17	25	43	44	45	52	53	60	105	#
219	193.087	20	27	28	106	#
220	209.602	13	20	21	106	#
221	126.312	27	28	35	106	#
222	469.199	36	44	45	46	47	54	55	63	206	#
223	1503.93	1	8	9	16	22	24	25	26	27	30	33	34	35	40	41	42	43	44	45	46	47	49	54	107	#
224	1556.19	3	4	5	6	11	12	13	14	15	18	19	20	21	22	23	29	30	31	37	39	44	52	60	107	#
225	1544.98	1	2	3	6	8	9	10	11	17	18	19	20	21	24	25	26	27	28	29	32	33	45	53	107	#
226	1520.2	11	12	14	15	20	21	22	23	27	28	29	30	31	35	36	37	38	45	46	47	53	54	61	107	#
227	1451.17	1	2	3	4	8	9	10	11	12	16	17	18	19	20	24	25	26	27	28	29	32	33	40	107	#
228	1440.79	0	1	2	3	8	9	10	16	17	18	24	25	26	27	32	34	35	36	37	38	40	45	48	107	#
229	292.176	7	14	15	108	#
230	318.313	7	15	23	108	#
231	260.352	14	15	22	108	#
232	239.705	6	14	15	108	#
233	1044.19	5	6	7	13	14	15	21	22	23	29	30	31	39	43	44	49	50	51	52	57	58	59	109	#
234	1442.34	3	9	10	11	16	18	19	24	26	27	32	33	34	35	40	41	42	43	48	49	50	56	109	#
235	1439.96	3	4	5	6	7	10	11	12	13	14	15	19	21	24	25	26	27	29	30	32	33	38	109	#
236	1387.2	1	3	4	5	6	7	9	10	11	12	14	19	20	21	22	23	28	29	30	31	39	47	109	#
237	1315.66	8	9	17	24	25	26	32	33	34	40	41	42	43	44	48	49	50	51	58	59	60	61	109	#
238	1301	2	3	4	5	6	7	11	12	14	15	20	21	23	24	25	30	31	32	33	34	37	39	109	#
239	605.719	25	27	33	34	35	43	44	51	110	#
240	506.045	23	34	35	41	42	43	49	51	110	#
241	477.499	11	18	19	26	27	28	34	35	110	#
242	473.558	44	45	46	51	58	59	60	63	110	#
243	468.632	10	17	18	24	25	32	33	41	110	#
244	466.063	35	36	37	43	44	51	52	60	110	#
245	630.774	4	5	6	12	13	20	21	22	29	30	111	#
246	793.103	13	14	15	21	22	23	29	30	31	39	111	#
247	778.863	3	4	5	6	7	11	12	13	14	15	111	#
248	746.937	3	4	5	6	7	11	12	14	21	30	111	#
249	661.728	13	20	21	22	23	27	28	29	30	31	111	#
250	651.303	3	4	5	6	7	11	12	20	21	30	111	#
251	2018.37	1	2	3	4	8	9	10	11	12	16	17	18	19	20	21	24	25	26	27	29	32	33	34	35	40	41	42	43	48	49	50	51	56	57	58	112	#
252	2329.7	0	1	2	3	4	9	10	11	12	19	20	26	27	32	33	34	35	37	40	41	42	43	44	45	46	47	48	49	50	51	56	57	58	59	60	112	#
253	2277.07	0	1	2	3	6	7	8	9	10	18	33	34	35	38	40	41	42	43	44	45	46	47	48	49	50	51	52	53	54	56	57	58	59	60	61	112	#
254	2269.65	1	3	9	10	11	20	21	26	27	28	29	30	32	33	34	35	36	37	38	40	41	42	43	44	45	46	49	50	51	54	57	58	59	60	61	112	#
255	2232.89	3	5	6	7	14	20	21	22	23	26	27	28	29	30	31	32	33	34	35	36	37	40	41	42	43	44	45	48	49	50	51	52	57	58	60	112	#
256	2172.43	3	6	7	8	9	10	11	12	13	14	15	17	19	20	21	22	23	26	27	28	29	30	31	34	35	36	37	43	46	47	53	54	55	61	62	112	#
257	1548.75	0	1	2	3	10	18	24	25	26	27	29	32	33	34	35	36	37	38	41	42	43	44	45	46	47	48	49	50	51	52	53	54	55	60	61	62	63	113	#
258	2288.14	0	3	5	6	7	8	9	10	11	12	13	14	16	17	18	19	20	21	22	24	25	26	27	28	32	33	34	35	40	41	42	43	44	48	49	51	56	113	#
259	2200.01	0	6	7	8	9	11	12	14	15	17	18	19	20	21	22	23	24	25	26	27	28	29	30	31	32	33	34	35	36	37	42	43	44	51	59	60	62	113	#
260	2190.47	10	11	18	19	20	21	22	25	27	28	29	30	32	33	34	35	36	37	40	41	43	44	45	48	49	50	51	52	53	54	56	57	58	59	61	62	63	113	#
261	2177.68	1	3	8	9	10	11	12	14	15	16	17	18	19	20	21	22	24	25	26	27	28	30	32	33	34	35	36	40	41	42	43	44	45	48	49	50	51	113	#
262	2176.04	11	12	13	14	16	21	22	23	28	29	30	31	32	33	34	35	36	37	38	39	40	41	43	44	45	46	47	52	53	54	55	57	59	60	61	62	63	113	#
263	1567.86	3	4	5	11	13	20	21	22	26	27	28	29	30	34	35	36	37	38	39	43	44	45	46	47	51	52	53	54	55	61	62	63	114	#
264	2094.67	3	4	5	6	7	14	15	18	23	24	25	26	27	28	30	31	32	33	34	35	38	40	42	43	44	45	46	47	48	53	54	55	114	#
265	2008.09	7	10	11	12	15	19	21	22	23	24	25	26	27	28	29	30	31	32	34	35	36	37	38	42	43	44	45	51	52	53	55	60	114	#
266	1925.14	3	4	6	7	10	11	12	13	15	20	21	22	23	27	28	29	30	31	35	36	37	38	44	45	46	47	50	51	53	57	58	59	114	#
267	1897.3	2	3	4	5	6	7	10	11	12	13	14	15	18	19	21	22	25	26	27	29	30	33	37	45	46	52	53	54	55	59	60	61	114	#
268	1884.2	2	3	4	5	6	7	10	11	12	14	15	16	17	18	19	20	22	23	24	25	26	27	32	33	34	35	40	41	42	43	48	51	114	#
269	171.6	53	61	62	115	#
270	167.927	54	61	62	115	#
271	89.8993	53	60	61	115	#
272	915.165	25	32	33	34	40	41	42	43	48	49	50	56	57	58	116	#
273	1050.28	34	35	36	37	40	42	43	48	50	51	56	57	58	59	116	#
274	964.752	33	34	40	41	42	43	48	49	50	51	56	57	58	59	116	#
275	930.273	34	41	42	43	48	49	50	51	52	56	57	58	59	60	116	#
276	928.201	25	32	33	34	40	41	42	48	49	50	51	56	57	58	116	#
277	915.697	24	25	26	32	33	34	35	40	41	43	50	51	56	59	116	#
278	559.562	19	24	25	26	27	32	33	34	35	41	42	54	117	#
279	802.14	28	32	33	34	35	36	41	42	43	44	51	52	117	#
280	794.729	16	17	24	25	32	33	34	40	41	42	43	51	117	#
281	774.788	4	5	10	11	12	20	32	33	40	41	42	49	117	#
282	748.615	10	16	17	18	24	25	26	32	33	34	40	41	117	#
283	681.7	17	24	25	26	32	33	34	40	41	42	43	50	117	#
284	331.896	4	5	6	7	118	#
285	352.407	6	7	15	24	118	#
286	319.932	5	6	7	13	118	#
287	121.251	2	3	4	11	118	#
288	137.521	24	25	119	#
289	193.445	25	33	119	#
290	174.878	24	32	119	#
291	639.489	41	49	50	51	56	57	58	59	60	120	#
292	664.152	32	40	41	42	48	49	50	56	57	120	#
293	656.957	40	48	49	50	56	57	58	59	60	120	#
294	640.577	43	44	46	52	53	54	59	60	61	120	#
295	636.397	27	28	29	35	36	37	44	56	57	120	#
296	628.414	20	27	28	35	36	43	44	51	52	120	#
297	1648.44	0	1	2	3	4	5	6	7	8	9	10	11	13	14	15	16	17	18	19	20	21	22	23	25	26	30	37	38	45	46	121	#
298	2000.05	0	1	5	6	7	8	9	10	11	13	14	15	16	17	18	20	21	22	23	24	25	26	30	31	32	33	39	40	41	42	121	#
299	1930.17	1	2	3	5	6	7	8	10	11	13	14	15	16	17	18	19	20	21	22	23	24	25	26	30	31	32	39	40	41	48	121	#
300	1767.36	1	2	3	4	5	6	7	9	10	11	12	13	16	17	18	19	20	21	22	24	25	26	27	32	33	34	41	42	58	59	121	#
301	1761.89	2	3	4	5	10	11	12	13	14	15	20	21	22	23	28	29	30	31	36	37	38	39	43	44	45	52	59	60	61	62	121	#
302	1752.66	3	7	8	9	10	15	16	17	18	21	23	24	25	30	31	32	33	37	39	40	41	42	45	46	50	53	54	55	60	61	121	#
303	357.781	1	2	9	10	19	122	#
304	425.893	0	1	8	9	10	122	#
305	420.449	3	10	11	18	19	122	#
306	366.641	0	1	2	3	10	122	#
307	359.481	0	8	9	10	16	122	#
308	356.176	8	9	10	16	19	122	#
309	473.098	38	45	46	53	54	60	61	62	206	#
310	311.999	3	11	12	20	21	123	#
311	363.936	4	10	11	12	15	123	#
312	335.775	1	2	3	10	18	123	#
313	277.996	12	20	21	22	29	123	#
314	256.352	3	10	11	18	19	123	#
315	206.016	13	20	21	27	28	123	#
316	262.345	46	47	54	61	124	#
317	292.414	45	46	47	55	124	#
318	230.982	45	46	53	54	124	#
319	223.743	45	53	61	62	124	#
320	614.932	5	6	7	14	15	23	125	#
321	544.64	14	15	22	23	30	31	125	#
322	509.762	7	15	19	23	43	44	125	#
323	490.378	15	21	23	29	30	31	125	#
324	350.334	5	6	7	13	15	21	125	#
325	215.66	4	5	13	21	29	30	125	#
326	756.308	11	18	25	32	33	34	35	42	43	44	126	#
327	734.996	27	28	34	35	36	42	43	44	50	51	126	#
328	723.81	20	21	27	28	29	34	35	36	37	41	126	#
329	713.868	28	33	34	35	36	42	43	44	50	51	126	#
330	698.692	12	28	29	35	36	37	38	43	44	45	126	#
331	656.825	3	4	8	9	10	11	17	18	25	63	126	#
332	483.712	4	5	6	7	13	14	15	127	#
333	723.433	5	6	7	14	15	22	23	127	#
334	672.777	6	14	15	22	25	26	32	127	#
335	653.704	6	14	15	21	22	23	30	127	#
336	544.609	5	6	7	13	14	15	21	127	#
337	408.727	13	20	21	22	30	62	63	127	#
338	462.035	36	37	44	45	46	47	52	54	128	#
339	678.531	35	43	44	45	51	52	53	61	128	#
340	615.273	45	46	53	54	55	60	61	62	128	#
341	564.343	46	47	53	54	55	61	62	63	128	#
342	544.394	23	35	36	37	43	44	50	51	128	#
343	520.042	51	52	57	58	59	60	61	62	128	#
344	402.606	30	37	38	45	53	129	#
345	441.391	30	37	38	44	45	129	#
346	403.686	22	30	37	38	45	129	#
347	387.27	36	37	38	45	53	129	#
348	307.555	45	46	47	53	54	129	#
349	280.37	12	21	22	30	37	129	#
350	1668.43	1	8	9	12	19	21	22	27	28	29	30	36	37	38	43	44	45	46	47	51	52	53	54	58	59	60	61	62	130	#
351	2142.21	1	7	9	14	15	20	21	22	23	24	33	36	41	42	43	44	46	47	50	51	53	54	58	59	60	61	62	63	130	#
352	1820.59	3	4	5	6	7	9	10	11	12	13	17	18	19	20	21	24	25	26	29	30	31	32	33	34	41	42	62	63	130	#
353	1795.12	1	8	9	12	17	18	25	27	28	29	30	36	37	38	41	42	43	44	45	51	53	54	55	59	60	61	62	63	130	#
354	1788.15	12	15	18	19	20	21	22	23	27	34	35	38	42	43	44	45	46	47	51	53	54	55	58	59	60	61	62	63	130	#
355	1778.08	29	32	34	36	37	38	40	41	42	43	44	45	46	48	49	50	51	52	53	54	56	57	58	59	60	61	62	63	130	#
356	263.305	44	51	52	60	131	#
357	388.685	44	45	52	53	131	#
358	247.58	43	44	50	51	131	#
359	222.506	58	59	60	61	131	#
360	588.71	2	3	10	19	39	49	50	58	59	60	132	#
361	801.356	40	41	48	49	50	56	57	58	59	60	132	#
362	753.806	0	8	9	17	24	25	52	59	60	61	132	#
363	723.848	34	41	42	43	48	49	50	56	57	58	132	#
364	702.518	3	4	10	11	12	19	21	22	27	30	132	#
365	701.202	43	44	47	51	55	59	60	61	62	63	132	#
366	103.077	43	#
367	800.89	19	20	26	27	28	29	32	33	34	35	36	40	41	42	133	#
368	1052.39	26	27	33	34	35	40	41	42	43	44	45	46	52	60	133	#
369	895.129	10	12	19	20	21	22	26	27	29	30	35	36	47	52	133	#
370	856.819	26	33	34	35	36	40	41	42	43	49	50	51	56	59	133	#
371	853.87	12	13	21	22	23	29	30	31	34	35	36	37	44	45	133	#
372	853.784	21	26	27	28	29	33	34	35	36	40	41	43	44	58	133	#
373	228.688	0	14	15	134	#
374	307.62	14	15	22	134	#
375	259.599	5	7	15	134	#
376	200.048	0	1	9	134	#
377	217.673	11	12	135	#
378	220.311	10	11	135	#
379	164.481	4	12	135	#
380	490.751	37	38	44	45	46	52	53	54	59	60	136	#
381	614.963	41	42	43	44	48	49	50	51	52	60	136	#
382	572.127	21	29	30	37	38	44	45	47	52	53	136	#
383	519.079	18	22	26	30	37	38	43	44	45	46	136	#
384	506.544	20	21	28	29	30	36	37	38	45	46	136	#
385	483.444	36	37	38	43	44	45	51	53	54	61	136	#
386	54.6452	10	#
387	717.666	26	27	28	34	35	36	37	43	44	50	51	52	59	137	#
388	873.607	3	9	10	17	18	19	20	25	26	27	34	35	42	137	#
389	862.517	18	19	24	25	26	27	34	35	36	41	42	43	44	137	#
390	861.967	6	12	14	15	21	22	23	30	31	37	39	45	52	137	#
391	854.608	9	10	17	18	19	20	25	26	27	34	35	36	43	137	#
392	832.61	25	26	32	33	34	41	42	43	50	52	58	59	60	137	#
393	200.461	21	22	30	46	138	#
394	292.74	28	29	30	31	138	#
395	277.574	21	22	23	29	138	#
396	209.022	45	46	47	55	138	#
397	203.442	21	22	30	37	138	#
398	1163.98	17	18	25	32	33	34	35	36	40	41	42	43	44	45	50	51	58	59	139	#
399	1297.35	0	33	35	36	40	41	42	43	44	45	46	47	50	51	53	58	59	60	139	#
400	1280.22	33	35	36	40	41	42	43	44	48	49	50	51	52	56	57	58	59	60	139	#
401	1262.23	22	33	35	36	40	41	42	44	48	49	50	51	52	56	57	58	59	60	139	#
402	1237.13	28	35	36	40	41	42	43	44	48	49	50	51	52	56	57	58	59	60	139	#
403	1224.1	25	32	33	40	41	42	43	46	47	48	49	51	53	54	55	56	57	59	139	#
404	669.803	33	34	35	40	41	42	43	44	51	140	#
405	742.73	3	10	38	43	44	45	48	51	53	140	#
406	638.015	33	34	35	37	41	42	43	44	45	140	#
407	636.324	33	34	35	43	44	50	51	52	60	140	#
408	599.198	8	9	25	26	32	33	40	42	43	140	#
409	581	11	12	18	19	20	27	34	35	46	140	#
410	1013.98	1	2	3	4	10	11	12	18	19	20	25	26	27	28	141	#
411	1198.36	4	6	10	11	12	14	17	18	19	25	26	27	32	33	141	#
412	1161.52	10	16	17	18	19	24	25	26	32	33	34	35	42	43	141	#
413	1146.87	2	3	4	10	11	17	18	19	25	26	27	32	33	34	141	#
414	1141.47	3	10	11	16	17	18	19	24	25	26	32	33	40	42	141	#
415	1138.4	10	19	20	26	27	28	29	33	34	35	36	37	43	44	141	#
416	393.382	4	10	11	18	19	25	32	142	#
417	487.458	3	9	10	11	18	19	25	142	#
418	459.027	9	10	11	12	19	24	27	142	#
419	426.952	14	16	17	24	32	33	40	142	#
420	376.828	3	4	10	11	18	25	26	142	#
421	366.66	3	10	11	19	27	28	35	142	#
422	253.194	53	54	55	60	61	62	63	143	#
423	347.095	34	35	47	54	55	62	63	143	#
424	341.381	31	38	48	53	54	61	62	143	#
425	311.546	26	34	43	54	55	61	63	143	#
426	280.711	47	54	55	60	61	62	63	143	#
427	200.379	45	46	47	54	55	61	63	143	#
428	1354.17	0	1	2	3	4	5	8	9	10	11	16	17	19	20	24	25	32	33	40	41	42	48	49	144	#
429	1610.44	0	2	3	4	5	8	9	10	11	15	17	22	23	25	26	27	33	34	35	36	42	43	44	144	#
430	1574.87	0	1	2	3	8	9	10	11	16	17	24	25	26	27	32	33	34	35	40	41	42	43	51	144	#
431	1531.92	3	4	8	9	10	11	14	16	17	18	22	25	32	33	34	35	40	42	43	44	50	51	59	144	#
432	1475.67	0	1	2	4	8	9	10	11	12	14	15	16	17	19	21	22	24	25	26	29	30	33	41	144	#
433	1414.29	2	3	9	10	11	16	17	18	19	20	24	25	32	33	34	35	36	41	42	43	44	51	59	144	#
434	656.114	32	33	40	41	42	48	49	50	56	57	145	#
435	788.764	24	32	33	34	40	48	49	56	57	58	145	#
436	689.819	16	24	32	34	40	41	42	43	49	57	145	#
437	677.674	33	34	41	42	43	49	50	51	59	60	145	#
438	644.025	40	46	47	48	49	50	54	56	57	61	145	#
439	634.975	21	24	25	29	30	32	40	41	48	49	145	#
440	504.104	32	40	41	48	49	146	#
441	576.913	40	41	48	56	57	146	#
442	520.551	24	32	33	40	41	146	#
443	395.054	41	48	49	50	57	146	#
444	393.231	40	48	49	50	51	146	#
445	222.57	18	24	25	32	33	146	#
446	109.285	48	49	147	#
447	153.73	40	48	147	#
448	271.496	4	5	13	148	#
449	245.004	5	6	7	148	#
450	196.309	5	13	21	148	#
451	756.328	36	43	44	50	51	52	53	58	59	60	61	149	#
452	859.919	28	34	35	36	44	51	52	59	60	61	62	149	#
453	859.266	34	35	36	43	44	51	52	57	58	59	60	149	#
454	822.108	33	40	41	42	43	48	50	51	57	58	59	149	#
455	766.797	45	46	47	53	54	55	59	60	61	62	63	149	#
456	742.728	34	46	50	51	52	53	54	59	60	61	62	149	#
457	185.771	10	48	150	#
458	120.453	9	10	150	#
459	108.733	48	49	150	#
460	342.252	14	15	22	23	151	#
461	415.489	5	6	7	14	151	#
462	387.368	7	15	22	23	151	#
463	174.524	13	21	22	30	151	#
464	174.473	15	21	23	31	151	#
465	165.117	43	51	152	#
466	163.761	51	59	152	#
467	114.641	34	43	152	#
468	185.782	2	3	4	11	153	#
469	238.536	4	11	12	21	153	#
470	212.027	4	5	6	13	153	#
471	156.47	1	2	10	11	153	#
472	127.74	54	61	154	#
473	135.442	61	62	154	#
474	336.77	36	43	44	51	57	58	59	155	#
475	426.887	47	54	55	56	57	60	61	155	#
476	414.603	5	6	7	14	15	22	44	155	#
477	413.722	27	34	35	42	43	50	51	155	#
478	400.545	23	29	30	31	36	37	38	155	#
479	390.57	42	50	51	58	59	60	61	155	#
480	167.742	38	45	53	156	#
481	163.523	37	38	45	156	#
482	132.028	53	54	61	156	#
483	120.287	45	53	58	156	#
484	1267.61	4	5	6	7	9	10	11	13	14	15	17	20	21	22	23	30	37	157	#
485	1201.97	3	4	5	10	11	12	13	14	19	20	21	22	27	28	30	31	35	157	#
486	1193.31	4	12	14	20	26	27	28	29	30	33	34	35	36	37	38	43	45	157	#
487	1174.52	4	5	6	7	13	14	15	20	21	22	23	29	30	36	37	38	45	157	#
488	1161.51	5	6	7	12	14	15	20	21	22	23	27	28	29	30	31	36	37	157	#
489	1160.86	6	7	12	14	15	20	21	22	23	27	28	29	30	31	37	39	45	157	#
490	1212.34	3	4	11	12	13	20	21	24	28	29	30	32	33	36	37	40	41	45	53	158	#
491	1319.22	4	5	7	12	13	14	15	17	20	21	22	23	24	25	28	32	33	41	49	158	#
492	1286.62	0	3	4	6	10	11	12	13	14	15	20	21	22	23	29	30	31	37	38	158	#
493	1227.68	11	12	14	15	20	21	22	23	28	29	30	31	36	37	38	39	44	45	53	158	#
494	1137.91	10	18	19	24	26	32	33	34	35	40	41	42	43	44	45	49	50	52	57	158	#
495	1108.13	12	13	14	18	19	20	21	22	23	28	29	30	31	35	36	37	43	44	51	158	#
496	375.855	11	12	13	21	30	159	#
497	447.101	21	22	29	30	53	159	#
498	399.57	21	22	28	29	30	159	#
499	345.634	5	13	33	34	42	159	#
500	326.955	3	10	11	12	21	159	#
501	312.43	3	4	11	12	20	159	#
502	99.3649	44	45	160	#
503	103.262	44	52	160	#
504	88.185	45	46	160	#
505	283.345	44	45	46	53	161	#
506	318.209	36	37	45	53	161	#
507	304.474	36	43	44	45	161	#
508	232.887	45	46	54	61	161	#
509	207.326	45	46	50	51	161	#
510	2044.73	2	3	4	8	10	16	17	18	19	24	25	26	27	28	29	32	33	34	35	36	37	38	40	41	42	43	44	47	48	49	50	51	52	53	54	55	56	57	58	59	60	61	62	63	162	#
511	2373.09	2	3	4	5	6	7	9	10	12	13	14	15	18	19	20	21	22	23	24	25	26	28	29	30	31	32	33	34	35	36	37	38	40	41	42	43	45	48	49	50	56	57	58	59	162	#
512	2354.73	0	1	2	3	8	9	10	11	12	13	16	17	18	19	20	21	22	23	24	25	26	27	28	29	30	31	32	33	34	35	36	37	38	40	41	42	44	45	46	47	48	50	56	57	162	#
513	2339.17	3	4	5	6	7	9	10	11	12	13	14	15	17	18	19	20	21	22	23	24	25	26	27	28	30	31	32	33	34	35	39	40	41	42	43	47	48	49	50	51	56	57	58	59	162	#
514	2337.38	1	2	3	4	5	6	8	9	10	11	12	13	17	18	19	20	21	22	23	24	25	26	27	28	29	30	31	32	34	35	36	37	39	40	41	42	47	48	49	55	56	57	62	63	162	#
515	2256.59	2	3	4	5	6	7	10	11	12	13	14	15	17	18	19	20	21	22	23	25	26	27	28	29	30	31	32	33	34	35	36	37	38	40	41	42	43	44	45	46	47	50	51	58	162	#
516	380.764	0	8	16	17	18	24	25	32	163	#
517	564.617	1	8	9	17	18	25	32	33	163	#
518	523.347	10	16	17	18	24	25	32	33	163	#
519	506.804	16	17	24	25	32	33	40	62	163	#
520	500.645	8	9	10	16	17	24	25	39	163	#
521	498.209	8	9	16	17	18	24	25	33	163	#
522	452.587	40	42	48	49	50	51	56	57	58	164	#
523	571.941	16	24	40	41	48	49	50	56	57	164	#
524	556.782	40	41	48	49	50	51	56	57	58	164	#
525	528.49	25	28	32	40	41	42	48	49	50	164	#
526	516.095	3	4	11	12	21	49	50	56	57	164	#
527	514.746	25	33	41	48	49	50	51	56	58	164	#
528	223.59	7	15	165	#
529	274.871	14	15	165	#
530	2964	0	1	2	3	4	5	6	8	9	10	11	12	16	17	18	19	20	21	25	26	27	28	29	30	31	32	33	34	35	36	37	38	39	40	42	43	44	45	46	48	50	51	52	53	54	55	56	57	58	59	60	61	63	166	#
531	3334.39	1	2	3	4	5	6	7	9	10	11	12	13	14	15	18	19	20	21	22	23	27	28	29	30	31	32	33	34	35	36	37	38	39	40	41	42	43	44	45	46	47	49	51	52	53	54	55	56	59	60	61	62	63	166	#
532	3248.96	1	3	4	6	7	9	10	11	12	13	14	15	19	20	21	22	23	24	25	27	28	29	30	31	32	33	34	35	36	37	38	40	41	42	43	44	45	46	47	48	49	50	51	52	53	54	55	56	58	59	60	61	62	166	#
533	3231.45	4	5	6	7	8	9	13	14	15	17	18	20	21	22	23	24	25	26	27	28	29	30	32	33	34	35	36	37	38	40	41	42	43	44	45	46	47	48	49	50	51	52	53	54	55	56	57	58	59	60	61	62	63	166	#
534	3222.63	0	1	3	4	5	6	7	8	9	10	11	12	13	14	15	17	18	19	20	21	22	23	25	26	27	28	29	30	31	32	33	34	35	36	37	38	39	40	41	42	43	44	45	48	51	52	53	54	57	59	60	61	62	166	#
535	3203.13	1	3	4	5	8	9	10	11	12	17	18	19	20	21	22	23	25	27	28	29	30	31	32	33	34	35	36	37	38	39	40	41	42	43	44	45	46	47	48	49	50	51	52	53	54	55	56	57	58	59	60	61	62	166	#
536	231.31	47	54	55	167	#
537	94.9791	54	60	61	167	#
538	301.363	51	52	59	60	168	#
539	304.637	52	58	59	60	168	#
540	269.421	50	51	58	59	168	#
541	256.784	50	58	59	60	168	#
542	786.947	3	4	5	6	7	12	13	14	15	20	21	22	169	#
543	937.751	5	10	11	12	13	20	21	22	23	29	30	31	169	#
544	884.775	5	6	7	12	13	21	22	34	35	52	54	60	169	#
545	843.162	5	6	7	13	14	15	21	22	23	30	31	38	169	#
546	771.086	2	3	4	5	10	11	12	13	20	21	29	30	169	#
547	761.543	12	13	14	15	20	21	22	23	29	30	31	37	169	#
548	129.896	0	8	16	17	170	#
549	193.782	8	17	18	47	170	#
550	88.1547	8	16	17	24	170	#
551	446.155	12	21	22	29	30	31	171	#
552	507.813	6	12	14	20	21	22	171	#
553	494.207	7	14	15	21	22	30	171	#
554	473.872	12	20	21	22	29	30	171	#
555	444.704	22	23	29	30	31	39	171	#
556	414.151	12	13	21	29	30	41	171	#
557	875.789	2	3	4	5	6	7	9	10	11	12	14	19	21	22	23	172	#
558	997.278	3	4	5	6	7	8	11	12	14	15	19	23	27	46	47	172	#
559	922.992	3	4	5	6	7	9	10	11	12	14	19	21	23	27	35	172	#
560	921.155	3	4	5	6	7	9	10	11	12	13	14	15	20	21	22	172	#
561	897.61	0	1	8	9	10	16	17	18	24	25	26	33	34	42	43	172	#
562	851.757	3	4	5	9	10	11	12	13	18	20	21	22	29	30	31	172	#
563	1553.24	2	3	6	7	14	15	21	22	23	33	40	41	45	46	47	48	49	53	55	61	62	63	173	#
564	1547.47	3	4	8	10	11	12	13	14	15	17	18	21	22	24	25	29	30	32	33	37	40	48	173	#
565	1468.42	6	7	10	11	12	13	14	15	19	20	21	22	23	27	28	29	30	31	37	38	45	53	173	#
566	1399.77	3	9	10	11	12	17	18	19	21	22	25	26	38	45	52	53	54	55	60	61	62	63	173	#
567	1390.93	4	5	6	9	10	11	12	13	14	15	17	18	19	20	21	22	23	27	28	29	30	31	173	#
568	1390.9	0	1	2	3	5	6	7	8	9	10	11	13	14	15	17	19	21	22	23	29	30	37	173	#
569	580.763	7	15	20	21	22	23	30	174	#
570	585.377	6	14	15	21	22	23	30	174	#
571	551.851	14	15	21	22	23	29	30	174	#
572	534.467	6	7	14	15	21	22	23	174	#
573	488.163	21	22	23	28	29	30	31	174	#
574	421.519	19	20	21	28	29	51	59	174	#
575	859.303	28	29	30	33	34	35	36	37	38	42	43	44	45	46	47	53	54	61	175	#
576	1243.21	4	5	6	11	12	14	25	26	32	33	34	35	42	43	44	45	51	52	175	#
577	1235.72	1	3	8	9	10	16	17	24	25	32	33	40	41	42	48	50	51	59	175	#
578	1168.05	24	32	33	34	35	36	40	41	42	43	44	48	49	50	51	59	62	63	175	#
579	1045.84	32	33	34	35	36	37	40	41	42	43	44	45	48	49	50	51	56	58	175	#
580	1012.18	17	18	24	25	26	27	33	34	35	41	42	43	44	49	50	51	58	59	175	#
581	2033.52	2	3	4	5	6	7	8	9	10	12	13	14	15	16	17	18	19	20	21	22	23	24	25	26	27	28	29	30	31	32	33	35	36	37	38	39	40	43	44	58	176	#
582	2391.04	4	5	6	7	10	11	12	13	14	15	17	18	19	20	21	22	23	26	27	28	29	30	31	32	33	34	35	36	37	38	40	41	42	43	44	45	48	49	56	57	176	#
583	2376.25	5	6	7	8	10	11	12	13	14	15	16	17	18	19	20	21	22	23	24	25	26	27	28	29	30	31	32	33	34	35	36	37	38	39	40	41	42	43	48	49	176	#
584	2355.08	4	5	6	7	10	11	12	13	14	15	18	19	20	21	22	25	26	27	28	29	30	32	33	34	35	36	40	41	44	48	49	52	53	56	57	58	59	60	61	62	176	#
585	2256.98	3	4	5	6	7	8	10	11	12	13	14	15	16	17	18	19	20	21	22	23	24	25	26	28	29	30	31	34	36	37	38	39	40	43	44	45	51	52	56	60	176	#
586	2244.01	4	5	6	7	11	12	13	14	15	17	18	19	20	21	22	23	24	25	26	27	29	30	31	32	33	34	35	36	37	38	39	41	42	44	50	51	56	57	58	59	176	#
587	74.2234	20	#
588	845.604	19	26	27	28	29	35	36	43	44	45	51	52	53	58	59	177	#
589	1026.37	33	34	40	41	42	43	48	49	50	51	56	57	58	59	60	177	#
590	987.447	33	35	41	42	43	46	48	49	50	51	54	56	57	58	59	177	#
591	973.807	35	38	43	44	45	51	52	53	56	57	58	59	60	61	62	177	#
592	963.011	33	34	35	36	38	42	43	44	45	46	47	51	53	54	59	177	#
593	852.344	13	14	15	21	22	23	28	29	30	31	36	37	38	39	45	177	#
594	122.319	6	#
595	212.829	44	45	51	53	61	178	#
596	300.642	44	45	51	52	59	178	#
597	276.085	36	37	44	45	46	178	#
598	253.231	46	54	60	61	62	178	#
599	251.442	44	45	46	47	54	178	#
600	173.74	29	45	53	61	62	178	#
601	127.175	5	6	179	#
602	187.994	6	7	179	#
603	661.03	3	4	5	9	10	11	17	18	19	26	27	28	180	#
604	899.583	2	3	9	10	17	18	19	25	26	33	34	43	180	#
605	823.931	0	1	8	9	16	17	24	25	32	33	34	40	180	#
606	768.347	17	18	24	25	26	27	32	33	34	35	41	42	180	#
607	739.373	3	10	11	12	16	18	19	24	25	26	32	33	180	#
608	720.741	1	2	3	10	11	17	18	25	26	27	33	46	180	#
609	5.23023	19	#
610	261.327	5	6	7	181	#
611	310.47	6	14	22	181	#
612	303.26	7	14	15	181	#
613	105.631	41	42	49	182	#
614	145.319	33	42	49	182	#
615	126.82	41	49	57	182	#
616	458.391	25	26	32	33	34	43	183	#
617	544.867	34	36	42	43	44	52	183	#
618	485.993	26	33	34	35	42	43	183	#
619	451.817	26	32	33	34	35	41	183	#
620	442.838	25	26	32	33	40	42	183	#
621	430.763	25	32	33	34	40	41	183	#
622	234.423	21	22	23	31	184	#
623	331.557	14	15	22	32	184	#
624	295.226	15	22	23	31	184	#
625	244.808	21	23	30	31	184	#
626	219.747	21	29	30	37	184	#
627	2271.62	3	4	5	11	12	13	16	17	21	24	25	26	27	28	29	30	33	34	35	36	37	38	40	41	43	44	45	46	48	49	51	53	54	55	59	60	61	62	63	185	#
628	2501.89	1	7	9	10	11	12	13	15	21	22	25	26	27	28	29	30	32	33	34	35	36	37	38	42	43	44	45	46	47	50	51	52	54	55	58	59	60	61	62	185	#
629	2414.76	5	6	12	13	14	21	25	26	27	28	29	30	32	33	34	35	36	37	38	42	43	44	45	46	47	49	50	51	52	53	54	55	57	58	59	60	61	62	63	185	#
630	2398.92	3	4	5	10	11	12	13	14	15	20	21	22	23	27	28	29	30	35	36	37	38	42	43	44	45	48	49	50	51	52	53	54	55	56	59	60	61	62	63	185	#
631	2335.13	5	12	13	14	20	21	22	26	27	28	29	32	33	34	35	36	37	38	40	42	43	44	45	46	47	48	49	50	51	52	53	54	56	57	58	59	60	61	62	185	#
632	2309.99	4	5	12	13	19	21	27	28	29	30	32	33	34	35	36	37	38	40	42	43	44	45	46	47	48	49	50	51	52	53	54	55	57	58	59	60	61	62	63	185	#
633	106.606	62	#
634	103.497	46	54	55	61	#
635	1892.51	0	8	9	10	17	18	19	24	25	26	32	33	34	35	40	41	42	43	44	45	48	49	50	51	56	59	60	61	62	63	249	#
636	183.34	3	10	17	18	187	#
637	126.836	9	16	17	18	187	#
638	43.5809	27	28	29	#
639	1054.88	24	25	32	33	34	35	42	43	44	45	51	52	59	60	188	#
640	1077.13	16	18	24	25	26	32	33	34	36	40	42	43	44	45	188	#
641	1068.56	2	8	9	10	11	16	17	18	24	25	26	32	40	48	188	#
642	956.733	33	35	36	37	38	42	43	44	45	51	52	53	59	60	188	#
643	909.547	35	36	37	38	44	45	51	52	53	59	60	61	62	63	188	#
644	908.896	10	11	19	27	28	34	35	36	37	43	44	45	51	59	188	#
645	119.184	11	19	189	#
646	170.366	3	11	189	#
647	541.874	5	13	14	21	22	30	31	44	190	#
648	715.543	5	6	13	14	21	22	29	30	190	#
649	681.734	4	5	6	7	13	14	15	23	190	#
650	581.835	13	14	15	21	22	23	30	31	190	#
651	505.312	21	22	29	30	31	37	38	45	190	#
652	418.193	2	4	5	10	11	12	13	19	190	#
653	461.888	38	44	45	46	52	59	60	191	#
654	576.044	34	35	36	43	44	52	60	191	#
655	516.467	27	28	34	35	42	43	44	191	#
656	453.428	42	43	44	45	52	53	54	191	#
657	428.729	38	44	45	46	52	53	60	191	#
658	410.151	53	54	58	59	60	61	62	191	#
659	181.727	4	11	192	#
660	138.701	4	12	192	#
661	124.786	11	19	192	#
662	116.972	15	#
663	151.912	44	45	193	#
664	151.845	43	44	193	#
665	88.6262	37	45	193	#
666	965.437	0	1	8	9	10	16	17	18	19	20	25	26	27	28	32	34	36	40	194	#
667	1248.06	28	32	33	34	35	36	41	42	43	44	45	48	49	51	52	56	57	60	194	#
668	1216.23	1	2	3	4	5	6	7	8	9	10	11	15	17	18	19	20	25	26	194	#
669	1199.35	1	2	3	9	10	11	12	18	19	20	26	27	33	34	35	41	43	51	194	#
670	1187.7	8	9	17	18	25	26	27	32	33	40	41	42	48	49	50	51	56	57	194	#
671	1145.74	10	11	16	18	19	20	23	24	25	29	30	32	33	40	41	42	48	49	194	#
672	366.086	11	12	19	20	195	#
673	352.416	3	11	12	21	195	#
674	343.966	12	13	20	21	195	#
675	334.631	4	12	20	28	195	#
676	1247.98	14	20	21	22	23	26	27	28	29	30	34	36	43	44	45	46	47	53	196	#
677	1397.01	7	12	13	14	15	19	20	21	22	23	28	29	30	31	37	39	45	53	196	#
678	1386.77	7	14	15	22	23	29	30	31	36	37	38	39	44	45	51	52	59	60	196	#
679	1300.96	0	6	7	8	9	14	15	16	21	22	23	27	28	29	30	31	36	37	196	#
680	1205.6	6	10	11	12	13	14	15	19	21	22	23	28	29	30	31	37	45	46	196	#
681	1199.5	26	28	29	34	36	37	38	42	43	44	45	50	51	52	53	54	59	60	196	#
682	171.165	5	6	13	197	#
683	232.79	6	7	14	197	#
684	200.499	5	6	14	197	#
685	676.91	9	10	17	18	19	20	21	26	27	28	29	31	34	36	37	198	#
686	957.859	0	1	2	4	8	9	10	11	12	17	18	19	25	26	32	198	#
687	929.353	6	7	14	15	22	23	29	30	31	37	38	44	45	46	53	198	#
688	893.142	3	4	5	6	10	11	12	13	14	19	20	21	22	29	30	198	#
689	891.704	10	18	24	25	26	27	32	33	35	40	41	42	44	45	46	198	#
690	878.682	8	9	16	17	18	25	26	34	41	42	43	44	50	51	59	198	#
691	500.216	7	13	14	15	21	22	23	31	199	#
692	605.963	6	7	14	15	22	23	29	30	199	#
693	595.865	5	6	7	13	14	15	22	53	199	#
694	574.345	6	7	14	15	22	30	37	38	199	#
695	509.448	7	14	15	21	23	29	30	31	199	#
696	461.526	14	15	21	22	23	30	31	39	199	#
697	209.766	46	47	54	55	61	200	#
698	251.167	45	46	54	55	62	200	#
699	235.774	44	45	46	53	54	200	#
700	206.283	53	54	55	60	61	200	#
701	206.137	46	54	55	61	62	200	#
702	49.5063	34	#
703	516.001	0	4	5	6	8	9	17	18	201	#
704	543.476	3	4	5	6	7	11	15	19	201	#
705	512.544	0	1	8	9	16	17	24	32	201	#
706	512.089	5	6	7	12	13	15	20	21	201	#
707	466.055	4	9	11	12	17	18	19	27	201	#
708	454.523	2	3	4	9	10	18	19	20	201	#
709	496.223	35	36	42	43	44	47	51	55	202	#
710	489.209	46	47	53	54	55	61	62	63	202	#
711	471.707	44	45	46	47	53	54	55	61	202	#
712	468.198	29	34	35	37	43	44	45	52	202	#
713	418.602	11	41	42	43	44	49	51	59	202	#
714	389.323	34	41	42	43	49	50	51	59	202	#
715	255.971	46	47	54	55	203	#
716	261.77	45	46	54	55	203	#
717	246.794	54	55	62	63	203	#
718	230.662	46	47	55	63	203	#
719	180.444	54	60	61	62	203	#
720	279.114	2	3	4	204	#
721	216.624	1	2	3	204	#
722	246.102	41	48	49	205	#
723	288.998	32	40	48	205	#
724	219.214	40	41	49	205	#
725	167.531	48	49	57	205	#
726	538.276	37	38	44	45	46	47	53	54	206	#
727	558.626	22	29	30	37	38	44	45	52	206	#
728	543.449	24	44	45	46	47	53	54	61	206	#
729	543.427	20	28	36	46	47	53	54	55	206	#
730	1601.62	14	15	20	23	27	28	29	30	31	36	37	38	39	42	43	44	45	50	51	52	53	54	59	60	207	#
731	1617.15	3	10	11	18	25	26	32	33	34	35	40	41	42	44	48	49	50	51	56	57	58	59	62	63	207	#
732	1616.27	5	6	14	27	28	29	30	33	34	35	38	41	42	43	44	45	46	49	50	51	52	53	59	61	207	#
733	1593.23	3	4	5	6	7	9	10	11	12	13	14	15	17	18	19	20	21	22	23	25	27	28	31	32	207	#
734	1582.29	0	3	8	10	11	18	19	20	24	25	26	27	28	30	31	32	33	34	35	36	37	41	42	49	207	#
735	1556.95	3	4	5	6	7	11	14	15	19	20	21	22	23	27	28	29	30	31	36	37	39	43	44	45	207	#
736	335.731	6	14	15	23	31	208	#
737	414.721	7	14	15	23	31	208	#
738	395.264	5	6	7	14	15	208	#
739	375.986	23	29	30	31	39	208	#
740	356.056	5	6	14	22	23	208	#
741	322.786	14	15	23	49	50	208	#
742	142.354	10	19	209	#
743	141.795	11	19	209	#
744	1382.02	22	27	28	29	30	34	35	36	37	38	43	44	45	46	51	53	54	55	58	59	60	61	63	210	#
745	1572.63	9	10	11	12	18	19	20	21	22	23	27	28	29	30	31	34	35	36	37	38	43	44	45	210	#
746	1527.61	2	3	4	5	6	7	10	11	12	13	14	15	19	20	21	22	23	27	28	29	30	31	35	210	#
747	1480.94	3	4	8	9	10	11	12	17	18	19	20	25	26	27	28	29	30	35	42	43	50	51	56	210	#
748	1409.05	5	6	7	13	14	22	23	34	35	36	40	42	43	44	48	49	50	51	52	58	59	60	61	210	#
749	1408.03	20	21	22	27	28	29	34	35	36	38	42	43	44	45	46	47	52	53	54	55	61	62	63	210	#
750	433.17	1	2	3	9	10	17	211	#
751	544.074	3	9	10	11	18	56	211	#
752	530.231	3	9	10	14	18	19	211	#
753	414.369	9	10	11	17	18	19	211	#
754	402.736	1	2	3	8	9	46	211	#
755	340.344	0	1	8	9	17	18	211	#
756	352.487	42	49	50	56	57	58	212	#
757	427.428	33	34	42	43	50	51	212	#
758	424.264	33	42	50	56	57	58	212	#
759	392.513	44	50	51	57	58	59	212	#
760	375.325	50	51	57	58	59	60	212	#
761	372.376	49	50	51	56	57	58	212	#
762	1236.42	15	20	23	28	29	30	31	35	36	37	38	39	40	41	42	43	44	45	46	48	49	50	51	52	213	#
763	1575.1	5	7	13	14	15	20	21	22	23	30	31	33	37	38	40	41	42	43	44	45	48	49	56	57	213	#
764	1540.24	2	3	4	6	7	11	12	13	14	15	18	19	20	21	22	23	28	29	30	31	35	36	37	38	213	#
765	1495.29	4	10	11	12	13	14	18	19	20	21	22	23	28	29	30	31	34	35	36	37	38	39	42	60	213	#
766	1474.14	3	4	10	11	12	13	14	15	18	19	20	21	22	26	28	29	30	31	36	37	45	46	53	61	213	#
767	1452.59	6	13	14	15	20	21	22	29	30	31	37	38	45	46	47	51	53	54	55	59	60	61	62	63	213	#
768	75.8361	55	63	214	#
769	59.3062	16	63	214	#
770	1764.17	6	7	15	20	26	27	28	29	33	34	35	36	37	40	41	42	43	44	48	49	50	51	56	57	58	59	215	#
771	1637.5	4	10	11	12	18	19	20	25	26	32	33	34	40	41	42	43	44	45	48	49	50	51	56	57	58	59	215	#
772	1636.93	18	20	25	26	27	28	29	32	33	34	35	36	37	40	41	42	43	44	48	49	50	51	56	57	58	59	215	#
773	1607.13	2	3	4	10	11	12	19	20	24	25	27	32	33	34	35	40	41	42	43	48	49	50	51	57	59	63	215	#
774	1595.63	24	29	32	33	34	35	37	38	40	41	42	43	44	45	48	49	50	51	52	53	56	57	58	59	60	61	215	#
775	1577.16	1	3	4	5	8	9	11	12	17	18	19	20	24	25	26	27	28	29	32	33	34	35	42	43	53	54	215	#
776	174.601	12	20	216	#
777	138.035	4	12	216	#
778	636.878	25	32	33	34	41	42	49	50	57	217	#
779	687.592	9	16	17	24	25	32	33	41	42	217	#
780	620.26	12	21	40	41	48	49	50	56	57	217	#
781	559.893	25	26	27	28	33	34	35	42	50	217	#
782	533.685	31	33	40	41	42	43	49	50	57	217	#
783	513.606	17	18	24	25	26	27	32	33	40	217	#
784	402.898	34	35	36	43	44	45	218	#
785	432.098	25	26	34	35	43	44	218	#
786	407.267	12	34	39	43	44	51	218	#
787	335.388	26	34	42	43	44	51	218	#
788	334.035	12	21	44	45	51	52	218	#
789	252.79	27	28	29	35	37	38	218	#
790	139.492	36	44	51	219	#
791	201.95	28	36	37	219	#
792	201.339	50	51	59	219	#
793	118.347	36	44	52	219	#
794	661.28	44	45	46	47	53	54	55	61	62	63	220	#
795	700.54	45	46	53	54	55	59	60	61	62	63	220	#
796	696.271	26	34	35	36	37	43	44	45	51	52	220	#
797	672.243	34	37	43	44	45	46	47	51	53	54	220	#
798	667.785	45	46	47	53	54	55	60	61	62	63	220	#
799	637.456	29	30	37	38	44	45	46	53	54	61	220	#
800	417.345	13	21	22	29	30	31	37	38	39	45	221	#
801	609.654	35	36	38	44	45	46	52	53	54	61	221	#
802	546.446	7	14	15	20	21	22	23	30	31	39	221	#
803	536.692	10	11	19	21	26	27	28	29	35	36	221	#
804	529.239	14	21	22	23	29	30	31	37	38	39	221	#
805	462.023	21	22	23	30	31	37	38	39	55	63	221	#
806	2374.66	0	1	2	3	4	5	7	8	9	10	11	12	13	14	16	17	18	19	20	21	22	24	25	26	27	28	29	30	31	33	34	37	39	41	42	43	45	46	50	222	#
807	2772.33	1	3	4	8	9	10	11	12	16	17	18	19	20	25	26	27	28	32	33	34	35	38	40	41	42	43	44	45	46	47	48	49	51	54	55	56	57	58	59	222	#
808	2749.42	9	10	11	18	19	21	27	28	29	30	33	34	35	36	37	38	40	41	42	43	44	45	46	47	48	49	50	51	52	53	54	55	56	57	58	60	61	62	63	222	#
809	2726.57	1	2	3	8	9	10	11	12	13	16	17	18	19	20	21	22	24	25	26	28	29	30	32	33	34	35	40	41	42	43	44	48	49	50	51	56	57	58	59	222	#
810	2718.7	5	7	13	14	15	20	21	22	23	24	26	27	28	29	30	31	32	33	34	35	36	37	39	40	41	42	43	44	46	47	51	52	53	54	55	58	59	62	63	222	#
811	2705.87	4	10	11	12	17	18	19	21	24	25	26	30	32	33	34	35	36	37	40	41	42	43	44	46	47	48	49	50	51	52	53	54	55	56	57	58	59	60	61	222	#
812	336.887	44	46	52	53	54	60	61	62	63	223	#
813	440.131	34	35	36	37	43	44	51	52	60	223	#
814	431.43	0	1	8	9	45	46	54	60	61	223	#
815	425	21	28	29	37	45	46	53	60	61	223	#
816	387.598	29	37	38	44	45	52	53	60	61	223	#
817	319.586	38	45	46	47	53	54	60	61	62	223	#
818	438.782	18	24	25	32	34	41	42	224	#
819	569.537	32	33	34	40	41	42	48	224	#
820	552.683	24	25	32	33	40	41	48	224	#
821	547.416	4	33	34	35	41	42	43	224	#
822	532.302	41	42	43	44	49	51	62	224	#
823	449.322	33	34	40	41	42	45	49	224	#
824	439.54	6	7	15	23	31	225	#
825	415.691	5	6	7	14	15	225	#
826	355.009	4	5	6	12	13	225	#
827	346.631	15	22	23	31	39	225	#
828	298.044	14	15	21	22	29	225	#
829	260.647	23	25	31	33	39	225	#
830	439.569	40	41	42	48	226	#
831	427.739	40	41	42	43	226	#
832	369.035	40	41	42	49	226	#
833	345.951	33	41	42	49	226	#
834	244.244	48	49	50	57	226	#
835	436.876	18	19	20	21	22	23	227	#
836	422.036	12	21	22	23	29	30	227	#
837	391.638	18	19	20	25	26	34	227	#
838	386.813	14	15	21	22	23	31	227	#
839	366.833	14	20	21	22	30	31	227	#
840	359.964	11	12	20	28	29	30	227	#
841	142.269	49	57	228	#
842	148.11	48	49	228	#
843	2428.53	3	4	7	10	11	12	13	14	15	19	20	21	22	23	27	28	29	30	31	34	36	37	38	42	43	44	45	46	48	49	50	51	52	56	57	58	59	60	229	#
844	2672.64	4	5	9	10	11	12	13	18	19	20	21	22	23	26	27	28	29	30	31	34	35	36	37	38	41	42	43	45	46	47	48	52	53	54	56	57	60	61	229	#
845	2613.46	4	5	10	11	12	18	19	20	21	22	25	26	27	28	29	30	31	32	33	34	35	36	37	38	41	42	43	44	45	46	47	51	52	53	54	59	60	61	229	#
846	2531.84	2	10	11	12	18	19	21	22	23	24	25	26	27	28	29	30	31	33	34	35	36	37	38	39	43	44	45	46	47	51	52	53	54	58	59	60	61	62	229	#
847	2521.61	1	2	3	4	5	6	7	8	9	10	11	12	13	15	18	19	20	21	22	23	27	28	29	30	31	35	36	37	38	43	44	45	46	52	53	54	60	61	229	#
848	2485.6	1	2	5	6	10	11	13	18	19	21	22	25	26	27	29	30	31	32	33	37	38	39	40	41	44	45	48	49	50	51	52	53	56	57	58	59	60	61	229	#
849	899.415	6	7	14	15	21	22	23	29	30	31	37	39	44	45	46	47	230	#
850	1095.4	3	4	5	6	7	11	12	14	15	19	20	21	22	23	29	30	230	#
851	995.153	3	4	5	6	7	10	11	12	13	14	15	21	22	23	30	31	230	#
852	926.705	4	5	6	13	14	15	22	25	26	30	32	33	34	40	41	42	230	#
853	889.675	12	14	15	21	22	23	28	29	30	31	34	35	36	37	38	45	230	#
854	887.059	3	4	5	7	10	11	12	14	15	18	19	21	22	23	31	39	230	#
855	433.662	51	52	53	59	60	61	231	#
856	530.987	37	40	45	48	49	53	231	#
857	366.363	44	45	52	60	61	62	231	#
858	361.661	44	51	55	58	59	60	231	#
859	337.385	50	51	57	58	59	60	231	#
860	295.678	49	50	51	58	59	60	231	#
861	248.097	4	12	19	20	232	#
862	360.726	3	4	12	20	232	#
863	358.852	3	4	5	6	232	#
864	275.791	20	28	29	30	232	#
865	130.563	18	19	25	59	232	#
866	639.039	0	1	8	9	10	12	16	17	18	19	20	25	26	27	233	#
867	951.073	0	1	2	3	8	9	10	12	18	19	20	28	35	36	233	#
868	898.371	0	2	8	9	10	17	18	19	25	26	33	40	41	42	233	#
869	847.586	0	4	8	10	11	12	19	20	21	22	28	29	30	36	233	#
870	814.396	1	2	9	10	12	18	19	20	28	35	36	44	50	51	233	#
871	757.331	0	8	11	16	17	18	19	24	25	32	33	41	48	49	233	#
872	34.4246	5	#
873	70.2191	0	8	#
874	545.915	14	29	34	35	36	37	42	43	44	45	46	50	51	234	#
875	785.763	4	11	19	24	25	26	27	28	29	33	34	35	46	234	#
876	685.154	0	27	28	36	38	43	44	45	51	52	54	60	61	234	#
877	675.555	3	11	12	21	22	23	28	29	30	31	37	38	45	234	#
878	671.701	16	17	36	44	45	47	50	51	52	58	59	60	61	234	#
879	494.756	13	19	20	21	22	27	28	29	30	31	37	60	61	234	#
880	1513.46	0	1	2	8	9	10	16	17	18	19	20	24	25	26	27	32	33	34	35	40	41	42	43	48	49	50	56	57	58	235	#
881	1906.89	1	3	4	8	9	10	11	12	14	16	17	18	19	20	21	22	23	24	25	26	27	30	32	33	34	35	36	43	51	235	#
882	1857.66	3	10	15	18	19	20	21	23	26	27	28	29	30	32	33	34	35	36	40	41	42	43	50	58	59	60	61	62	63	235	#
883	1841.93	0	1	2	3	4	5	6	8	9	10	11	12	13	14	15	16	17	18	19	20	24	25	26	30	32	33	34	40	48	235	#
884	1816.39	3	4	5	6	9	10	11	12	13	14	18	19	20	21	22	23	24	25	26	27	28	30	32	34	35	36	37	42	43	235	#
885	1800.37	4	10	11	12	13	16	17	18	19	20	21	22	23	24	25	26	27	28	29	30	32	34	35	36	40	48	50	51	58	235	#
886	313.771	26	34	35	42	43	236	#
887	463.814	32	33	34	42	43	236	#
888	401.227	26	33	34	43	44	236	#
889	354.521	35	36	43	44	51	236	#
890	296.456	26	33	34	41	49	236	#
891	292.749	26	27	28	35	43	236	#
892	613.984	24	25	32	35	40	41	42	43	48	49	50	51	58	237	#
893	811.223	8	9	10	11	17	18	24	25	26	32	33	34	40	237	#
894	712.392	4	5	12	23	26	31	32	33	34	39	40	41	49	237	#
895	692.607	8	16	17	24	25	32	40	41	48	49	56	57	58	237	#
896	689.362	18	20	25	26	27	28	32	33	34	35	42	43	60	237	#
897	685.692	1	8	9	18	19	24	25	26	32	34	40	41	42	237	#
898	174.355	32	33	42	238	#
899	258.271	25	32	40	238	#
900	253.87	25	32	33	238	#
901	260.441	4	10	11	18	19	27	239	#
902	388.687	3	4	11	12	20	52	239	#
903	358.653	27	28	36	37	44	51	239	#
904	338.226	2	3	10	11	18	19	239	#
905	303.087	1	2	3	10	18	26	239	#
906	57.6418	3	#
907	304.045	32	33	34	240	#
908	298.318	33	34	42	240	#
909	280.234	34	35	43	240	#
910	277.935	25	32	33	240	#
911	442.401	27	34	35	36	37	43	44	51	52	59	241	#
912	653.076	24	28	32	33	34	35	36	41	44	52	241	#
913	557.233	42	43	44	45	51	52	53	59	60	61	241	#
914	523.417	37	38	49	50	51	52	53	59	60	61	241	#
915	474.348	13	21	28	29	35	36	37	38	44	45	241	#
916	471.479	29	35	36	37	43	44	45	50	51	59	241	#
917	440.894	0	1	2	8	9	16	17	18	24	26	242	#
918	645.22	1	2	3	8	9	10	11	12	20	39	242	#
919	625.756	0	1	8	9	17	18	25	26	32	34	242	#
920	575.812	3	8	9	10	16	17	18	24	26	34	242	#
921	563.397	0	1	8	16	17	27	28	36	61	62	242	#
922	538.916	8	11	16	17	18	19	20	24	25	32	242	#
923	873.997	6	7	14	22	23	28	29	30	31	37	38	39	243	#
924	980.067	14	21	22	28	29	30	35	36	37	38	43	44	243	#
925	950.234	6	7	12	14	15	21	22	23	28	29	30	37	243	#
926	865.538	5	6	7	14	15	22	23	25	30	31	37	39	243	#
927	849.595	3	4	5	6	7	10	11	12	15	23	29	31	243	#
928	797.986	18	26	27	28	29	34	35	36	37	41	42	43	243	#
929	234.242	48	49	56	244	#
930	267.503	40	48	49	244	#
931	211.763	48	49	50	244	#
932	3144.53	0	1	2	3	4	5	6	7	8	9	10	11	12	13	14	15	16	17	18	19	20	21	22	23	24	25	26	27	28	29	30	31	32	33	34	35	36	37	38	39	40	41	42	43	44	45	48	49	50	51	53	56	57	58	59	60	61	245	#
933	3245.54	1	2	3	4	5	6	7	8	10	12	13	14	15	18	19	20	21	22	23	24	25	26	27	28	29	30	31	32	33	34	35	36	37	38	40	41	42	43	44	45	46	47	48	49	50	51	53	54	55	56	57	58	59	60	61	62	63	245	#
934	3224.9	0	1	2	3	4	5	6	7	8	10	11	12	13	14	15	16	18	19	20	21	22	23	24	25	26	27	28	29	30	31	32	33	34	35	36	37	38	40	41	42	43	44	48	49	50	51	53	54	55	56	57	58	59	60	61	62	63	245	#
935	3184	0	1	2	3	6	7	8	9	10	13	14	15	16	17	20	21	22	23	24	25	26	27	28	29	30	31	32	33	34	35	36	37	38	39	40	41	42	44	45	46	47	48	49	50	51	52	53	54	55	56	57	58	59	60	61	62	63	245	#
936	3158.62	0	1	2	3	4	5	6	7	8	9	10	11	12	13	14	15	17	18	19	20	21	22	23	24	25	26	27	28	29	30	31	32	33	34	35	36	37	38	40	41	42	43	44	45	48	49	50	51	52	53	54	56	57	58	60	61	62	245	#
937	3154.07	0	1	2	3	4	5	6	7	8	9	10	11	12	13	14	15	16	17	18	19	20	21	22	23	24	25	26	27	28	29	30	31	32	33	34	35	36	37	38	39	40	41	42	44	45	48	49	50	51	52	53	56	57	58	59	60	61	245	#
938	317.434	10	18	25	32	246	#
939	350.028	3	4	9	10	246	#
940	340.859	32	33	40	41	246	#
941	219.171	4	24	25	33	246	#
942	168.378	18	19	25	27	246	#
943	1245.27	6	7	14	15	22	23	27	28	31	35	36	37	39	44	45	51	52	59	247	#
944	1365.81	6	7	11	12	13	14	15	20	21	22	23	29	30	31	36	37	39	59	247	#
945	1365.46	6	7	8	21	22	23	30	37	38	44	45	52	53	54	55	60	61	63	247	#
946	1340.2	6	7	14	15	22	23	25	26	27	32	33	34	35	42	48	49	50	57	247	#
947	1280.3	5	6	7	11	12	13	14	15	20	21	22	23	28	29	30	31	37	39	247	#
948	1269.55	2	3	10	11	12	13	14	15	20	21	22	23	30	31	37	38	39	45	247	#
949	854.533	0	1	2	3	8	9	10	11	12	14	16	21	24	248	#
950	812.331	4	5	6	7	13	14	15	21	22	23	28	29	31	248	#
951	797.991	4	9	10	11	12	14	18	19	20	21	22	28	30	248	#
952	766.503	0	1	4	5	6	8	9	14	16	17	22	24	32	248	#
953	751.313	4	5	6	12	13	14	21	22	23	29	30	31	37	248	#
954	719.409	0	1	2	3	4	8	9	10	11	12	16	17	24	248	#
955	1704.38	1	2	3	4	5	6	8	9	10	11	12	13	14	17	18	19	20	21	22	26	27	28	29	30	33	34	35	41	42	43	249	#
956	2051.77	1	2	3	4	5	6	7	9	10	11	12	13	14	15	17	19	20	21	22	23	27	28	29	30	35	36	43	48	56	57	249	#
957	1940.9	3	4	7	9	10	11	12	19	20	27	28	29	33	34	35	36	37	38	41	42	43	44	45	48	49	50	51	52	59	60	249	#
958	1920.38	1	2	3	4	5	6	7	10	11	12	13	14	15	19	20	21	22	23	28	29	30	34	35	36	37	43	53	54	60	61	249	#
959	1914.54	0	8	10	16	17	18	24	25	26	27	32	33	34	35	40	41	42	43	44	45	48	49	50	51	53	56	57	59	60	61	249	#
960	293.71	0	1	8	9	10	16	17	19	20	24	250	#
961	409.663	0	1	2	9	10	17	44	51	52	59	250	#
962	298.674	0	1	8	9	10	16	17	18	24	25	250	#
963	38.5789	17	#
964	512.932	1	2	3	4	9	10	11	17	18	19	34	251	#
965	755.713	2	3	4	9	10	11	26	48	49	56	57	251	#
966	686.095	26	33	34	35	41	42	43	44	50	51	59	251	#
967	605.934	8	9	10	11	12	17	18	25	26	32	33	251	#
968	565.177	1	2	3	4	8	9	10	16	17	24	25	251	#
969	555.037	1	2	3	4	5	9	10	11	13	17	19	251	#
970	127.976	4	11	252	#
971	121.754	4	12	252	#
972	1864.47	5	6	7	12	13	14	15	20	21	22	23	26	27	28	29	30	31	34	35	36	37	38	39	43	44	45	46	53	253	#
973	2027.76	6	12	14	15	16	20	21	22	23	24	25	26	27	28	29	30	31	32	33	34	35	36	37	40	41	44	45	47	253	#
974	1926.28	1	2	3	4	5	6	7	9	10	11	12	14	15	16	20	21	22	23	27	28	29	30	31	34	35	36	39	43	253	#
975	1865.84	3	4	5	6	7	11	12	13	14	15	20	21	22	23	27	28	29	30	31	34	35	36	37	39	43	45	51	53	253	#
976	1823.36	6	7	12	13	14	15	20	21	22	23	27	28	29	30	31	36	37	39	45	46	47	53	54	55	60	61	62	63	253	#
977	1819.43	2	3	4	5	7	11	12	13	14	15	19	20	21	22	23	27	28	30	31	35	36	37	39	41	47	54	55	56	253	#
978	665.759	0	1	8	9	17	18	24	25	26	32	33	34	254	#
979	708.147	2	3	10	11	18	19	25	26	32	33	34	42	254	#
980	697.861	16	17	24	25	26	32	33	34	41	42	48	49	254	#
981	668.299	0	1	8	9	16	17	24	25	26	32	33	34	254	#
982	645.732	0	1	3	6	7	9	10	17	18	19	25	57	254	#
983	621.592	8	9	16	17	18	24	25	26	32	40	57	58	254	#
984	934.85	34	41	42	43	48	49	50	51	52	54	55	58	59	60	61	62	255	#
985	1074.67	4	5	6	11	14	15	40	41	48	49	50	51	56	57	58	59	255	#
986	998.736	14	22	25	33	40	41	42	48	49	50	51	55	56	57	58	59	255	#
987	976.543	9	17	18	19	24	25	32	33	34	40	41	42	48	49	56	57	255	#
988	925.263	33	35	36	38	41	42	43	44	45	49	50	51	52	58	59	60	255	#
989	910.693	37	38	43	44	45	46	47	52	53	54	55	59	60	61	62	63	255	#
990	1620.6	2	3	4	5	6	9	10	11	12	13	17	18	19	20	21	25	26	27	28	29	30	33	34	35	36	37	39	56	256	#
991	1993.69	4	5	6	7	10	11	12	13	14	17	18	20	21	22	25	26	27	28	29	30	31	33	34	36	37	42	45	53	256	#
992	1954.34	2	3	4	5	6	7	9	10	11	12	14	15	16	17	18	19	20	21	23	25	27	28	29	30	35	36	44	52	256	#
993	1893.06	4	5	6	7	8	9	12	13	14	15	16	17	19	20	21	22	23	24	25	27	28	29	30	31	32	33	36	44	256	#
994	1882.58	6	7	10	14	15	18	19	21	22	23	27	28	30	32	33	34	35	36	37	38	43	44	45	50	51	52	58	60	256	#
995	1874.73	0	1	2	3	4	5	6	8	9	10	11	12	13	14	18	19	20	21	22	25	26	27	28	29	32	33	34	36	256	#
996	592.777	3	4	5	6	9	10	13	257	#
997	670.859	5	6	7	13	14	15	23	257	#
998	606.442	5	6	13	14	21	22	30	257	#
999	512.322	1	2	3	4	5	10	11	257	#
1000	472.937	1	2	3	4	9	10	11	257	#
1001	465.334	3	4	5	11	13	19	27	257	#
