%% File generated by CATS v.2.1Wed Jun 22 10:37:51 2022

%% The CATS webpage is http://robotics.stanford.edu/CATS

%% PARAMETER SETTINGS:
% Goods: 64; Bids: 1000; Distribution: regions; Runs: 1; Seed: 1656573006
% Regions Distribution Parameters:
% Max Substitutable Bids = 5
% Removing HV Neighbor   = 0.1
% Adding DIAG Neighbor   = 0.2
% Additional Location    = 0.9
% Jump Probability       = 0.05
% Additivity             = 0.2
% Budget Factor          = 1.5
% Resale Factor          = 0.5
% Normal Private Value:
%   Mean                 = 0
%   Standard Deviation   = 30



goods 64
bids 1000
dummy 182

0	223.965	54	62	64	#
1	162.106	61	62	64	#
2	89.3622	22	#
3	374.794	12	13	14	19	20	65	#
4	383.488	10	18	19	20	27	65	#
5	306.832	6	12	13	14	21	65	#
6	304.545	16	17	18	19	27	65	#
7	299.253	5	13	14	19	20	65	#
8	298.068	5	12	13	20	21	65	#
9	59.4471	35	43	#
10	306.714	14	15	22	23	30	66	#
11	376.693	29	30	37	38	39	66	#
12	358.531	14	15	21	22	23	66	#
13	281.04	7	13	14	15	20	66	#
14	223.896	22	30	38	46	56	66	#
15	219.793	6	7	13	14	15	66	#
16	685.723	0	1	2	3	4	8	9	11	16	67	#
17	702.412	0	1	2	3	4	8	9	10	11	67	#
18	664.637	1	2	3	4	8	9	10	11	16	67	#
19	619.958	3	4	5	9	10	11	12	13	18	67	#
20	588.271	2	3	4	5	8	9	11	17	25	67	#
21	584.519	2	3	4	9	10	11	16	18	19	67	#
22	311.95	21	36	37	38	68	#
23	289.036	37	38	45	46	68	#
24	286.18	29	30	37	38	68	#
25	129.58	29	36	37	44	68	#
26	807.049	15	17	18	19	22	23	25	27	28	29	30	31	35	37	69	#
27	1023.37	7	14	15	21	22	23	29	30	31	37	39	46	47	55	69	#
28	971.956	18	19	20	21	27	28	34	35	42	43	44	50	51	52	69	#
29	970.681	6	7	14	15	22	23	29	30	31	38	39	47	55	63	69	#
30	957.854	14	15	21	22	23	28	29	30	31	38	39	46	47	55	69	#
31	954.313	3	4	5	6	12	13	14	15	20	21	22	23	34	42	69	#
32	716.325	16	39	47	49	55	61	62	63	70	#
33	776.869	30	31	38	39	47	55	62	63	70	#
34	657.662	23	29	30	31	38	39	47	55	70	#
35	631.573	22	23	30	31	38	39	47	55	70	#
36	577.222	39	47	53	55	60	61	62	63	70	#
37	527.914	43	51	53	59	60	61	62	63	70	#
38	589.99	21	27	28	49	50	51	57	58	71	#
39	634.685	42	43	49	50	51	52	57	58	71	#
40	599.692	48	49	50	51	52	56	57	58	71	#
41	482.302	28	36	42	48	49	50	57	58	71	#
42	481.698	42	43	50	51	56	57	58	59	71	#
43	478.655	27	28	29	35	37	42	43	50	71	#
44	269.848	6	7	8	13	14	15	72	#
45	347.331	6	7	14	22	29	30	72	#
46	319.339	5	12	13	20	21	22	72	#
47	284.114	4	5	6	7	13	15	72	#
48	267.953	6	7	14	15	23	31	72	#
49	230.665	2	9	10	15	18	23	72	#
50	92.5668	8	#
51	270.714	19	26	27	73	#
52	270.604	25	26	27	73	#
53	182.527	19	20	28	73	#
54	295.75	60	61	62	63	74	#
55	343.992	44	52	60	61	74	#
56	317.198	54	61	62	63	74	#
57	307.316	53	54	61	62	74	#
58	285.869	53	60	61	62	74	#
59	32.4922	36	#
60	333.334	47	54	55	63	75	#
61	340.614	47	54	55	62	75	#
62	338.04	54	55	62	63	75	#
63	322.286	39	46	47	55	75	#
64	256.481	55	61	62	63	75	#
65	1267.83	5	6	12	13	14	15	16	17	22	23	24	25	30	31	32	33	34	38	40	41	42	45	46	53	76	#
66	1743.05	14	22	23	28	30	31	36	37	38	43	44	45	46	51	52	53	54	55	58	59	60	61	62	63	76	#
67	1713.77	3	6	7	11	12	14	15	19	20	21	22	23	28	29	30	36	37	38	39	44	45	46	47	53	76	#
68	1605.73	14	15	22	23	25	26	27	28	29	30	31	35	36	37	38	39	43	44	46	47	50	51	52	58	76	#
69	1600.58	6	7	14	15	20	21	22	23	30	37	38	39	40	41	44	45	46	48	49	50	51	52	58	59	76	#
70	1577.54	0	1	4	5	8	9	10	11	12	13	14	15	17	18	19	20	21	22	23	27	28	29	30	35	76	#
71	694.272	1	2	3	4	9	11	12	16	17	24	32	77	#
72	813.546	3	4	5	6	11	12	13	14	20	21	22	77	#
73	769.574	2	3	4	5	11	12	13	19	27	47	55	77	#
74	760.821	2	3	4	9	10	11	12	18	19	20	63	77	#
75	712.133	1	2	3	8	9	11	12	17	18	54	56	77	#
76	676.227	2	3	9	10	11	12	18	19	20	25	33	77	#
77	290.175	55	62	63	78	#
78	253.2	54	55	63	78	#
79	211.603	54	61	62	78	#
80	422.652	2	3	4	5	6	11	12	79	#
81	560.205	2	3	8	9	10	11	19	79	#
82	476.42	3	4	5	11	12	45	46	79	#
83	454.528	3	4	5	6	11	14	37	79	#
84	429.467	2	3	4	5	10	11	12	79	#
85	384.85	3	10	11	12	13	18	20	79	#
86	1709.92	0	1	2	3	4	6	8	9	10	11	12	14	17	18	19	20	21	22	24	26	27	28	29	30	31	32	35	37	38	80	#
87	1819.94	0	1	2	3	4	8	9	10	11	12	13	17	18	19	20	25	26	27	28	34	35	40	41	42	43	48	49	50	51	80	#
88	1816.17	0	1	2	3	4	8	9	10	11	12	17	18	19	20	21	24	25	26	27	28	29	32	34	42	50	53	54	60	61	80	#
89	1800.29	0	1	2	3	4	8	9	10	11	12	17	18	19	20	21	24	25	26	27	28	32	33	34	41	42	43	49	50	51	80	#
90	1754.65	6	7	12	13	14	15	20	21	22	29	30	33	37	38	39	40	41	44	45	46	47	48	51	53	54	55	56	57	58	80	#
91	1739.46	2	6	7	9	10	11	13	14	15	17	18	19	20	21	22	23	25	26	29	30	31	37	38	39	45	46	53	60	61	80	#
92	230.168	25	26	27	81	#
93	284.625	1	8	25	81	#
94	196.914	26	27	28	81	#
95	174.449	26	33	34	81	#
96	925.848	16	17	18	24	25	26	27	28	32	33	34	40	41	42	43	49	50	51	82	#
97	1209.08	0	1	2	3	8	9	10	11	16	17	18	19	20	21	24	25	26	27	82	#
98	1184.01	0	1	2	8	9	10	19	25	26	27	33	34	35	40	41	42	48	49	82	#
99	1129.03	0	1	2	8	9	10	11	16	17	18	19	24	25	27	33	36	41	49	82	#
100	1051.81	4	5	6	7	13	14	15	19	20	21	26	27	28	35	36	37	43	45	82	#
101	1050.78	19	20	25	26	27	28	29	33	34	35	37	41	42	43	44	49	50	54	82	#
102	376.148	5	6	7	13	14	15	23	83	#
103	492.504	3	4	5	6	7	14	15	83	#
104	474.617	5	6	11	12	13	14	15	83	#
105	429.708	4	5	12	13	14	15	21	83	#
106	395.148	7	13	14	15	22	23	31	83	#
107	394.916	6	7	14	15	21	22	45	83	#
108	819.107	20	22	23	28	29	30	31	38	39	47	84	#
109	877.624	3	4	11	19	20	27	28	29	30	38	84	#
110	838.552	14	20	21	22	29	30	31	37	38	39	84	#
111	793.173	21	22	23	28	29	30	31	37	38	39	84	#
112	771.35	23	31	32	39	47	53	54	55	62	63	84	#
113	753.699	14	21	22	23	30	31	38	39	46	47	84	#
114	250.356	37	42	45	53	61	85	#
115	340.436	42	43	49	50	51	85	#
116	307.545	37	45	46	53	61	85	#
117	181.237	36	37	38	44	45	85	#
118	19.2649	58	#
119	1159.54	19	25	26	27	32	33	34	35	41	42	43	44	45	48	49	50	51	57	58	59	86	#
120	1303.21	11	18	19	20	25	26	27	32	33	34	35	41	42	43	44	49	50	51	52	58	86	#
121	1294.17	8	10	11	12	16	17	18	19	25	26	32	33	34	41	42	48	49	50	51	58	86	#
122	1268	3	11	17	18	19	22	23	24	25	26	30	32	33	34	37	38	41	42	45	49	86	#
123	1228.08	1	4	5	9	10	11	12	17	19	20	26	27	28	34	35	42	43	44	50	51	86	#
124	1161.7	9	10	17	18	19	25	26	27	33	34	35	40	41	42	43	44	48	49	52	57	86	#
125	1104.2	3	4	5	6	7	11	13	14	15	20	21	22	23	30	31	39	87	#
126	1300.55	11	14	15	19	20	21	22	23	30	31	37	38	39	44	45	46	87	#
127	1284.19	11	14	15	20	21	22	23	30	36	37	38	39	42	45	53	54	87	#
128	1147.66	13	14	15	21	22	23	29	30	31	36	37	38	39	45	46	47	87	#
129	1132.45	5	6	7	12	13	14	20	21	22	23	30	31	38	39	45	46	87	#
130	1131.69	2	6	7	14	15	21	22	23	30	31	38	39	48	49	60	61	87	#
131	688.763	28	36	44	45	46	52	53	54	55	60	61	62	63	88	#
132	994.101	19	20	26	27	28	29	30	34	35	36	44	51	52	88	#
133	943.576	28	30	36	37	38	45	46	53	54	55	61	62	63	88	#
134	937.728	26	27	28	29	30	34	36	37	38	41	42	44	45	88	#
135	918.489	30	38	39	42	43	45	46	47	50	55	61	62	63	88	#
136	909.792	39	44	45	46	47	51	52	53	54	55	61	62	63	88	#
137	427.004	20	35	43	44	51	52	58	59	60	89	#
138	627.616	30	51	52	53	54	59	60	61	62	89	#
139	555.14	13	19	20	21	25	26	27	28	35	89	#
140	468.239	40	41	42	43	49	50	51	57	58	89	#
141	441.794	35	43	49	50	51	52	57	58	59	89	#
142	390.759	43	44	45	49	50	51	52	58	59	89	#
143	16.9814	24	#
144	934.898	0	1	2	3	8	9	10	11	16	17	18	19	20	24	25	26	27	28	90	#
145	1146.36	1	2	3	4	5	6	7	8	11	12	13	20	21	25	28	32	33	41	90	#
146	1120.19	14	19	20	21	22	26	27	28	29	30	31	35	36	39	42	43	50	51	90	#
147	1071.52	8	16	17	18	19	25	26	29	30	31	37	38	43	50	51	57	58	59	90	#
148	1068.69	11	15	18	19	20	21	25	26	27	28	29	30	31	33	34	36	38	39	90	#
149	1058.67	16	17	18	19	20	25	26	27	28	29	35	42	43	49	50	51	58	59	90	#
150	312.203	40	41	48	49	56	57	58	59	91	#
151	450.947	11	12	42	50	51	57	58	59	91	#
152	410.623	41	48	49	51	56	57	58	59	91	#
153	399.89	41	42	49	50	51	57	58	59	91	#
154	362.836	40	41	48	49	51	56	57	58	91	#
155	361.825	42	43	44	50	51	52	58	59	91	#
156	292.437	13	21	22	23	92	#
157	218.305	13	20	21	28	92	#
158	174.282	13	14	21	22	92	#
159	164.371	14	15	22	23	92	#
160	275.831	16	24	32	51	52	57	58	93	#
161	402.975	6	27	32	33	35	41	49	93	#
162	368.572	42	49	50	51	52	57	58	93	#
163	336.559	52	53	54	59	60	61	62	93	#
164	321.721	8	9	10	16	17	24	32	93	#
165	318.407	49	50	51	57	58	59	60	93	#
166	153.832	0	18	94	#
167	126.154	0	40	94	#
168	91.3191	10	18	94	#
169	1517.02	0	1	2	3	8	9	10	11	12	13	16	17	18	19	20	21	22	24	25	26	27	28	29	30	32	95	#
170	1805.29	1	2	3	8	9	10	11	12	13	16	17	18	19	20	21	23	26	27	28	29	31	34	35	43	53	95	#
171	1684.45	9	10	11	12	13	14	18	20	21	22	23	27	28	29	30	31	35	37	38	39	45	46	47	53	55	95	#
172	1671.69	5	6	7	13	14	15	18	19	20	21	22	23	27	28	29	30	31	36	37	38	39	45	46	54	62	95	#
173	1656.72	1	2	3	4	5	6	8	9	10	11	12	13	14	19	20	21	22	23	29	30	31	32	33	34	41	95	#
174	1655.8	2	3	4	5	9	10	12	13	14	17	18	19	20	21	24	25	26	27	28	29	34	35	37	43	52	95	#
175	465.879	11	19	20	28	29	36	44	96	#
176	537.382	19	20	21	27	28	35	43	96	#
177	534.375	1	8	9	19	20	27	28	96	#
178	484.611	19	20	28	29	36	37	44	96	#
179	482.322	29	30	36	37	38	39	47	96	#
180	472.543	1	2	3	8	9	10	11	96	#
181	895.298	4	5	6	7	11	12	13	14	15	21	22	23	31	40	41	97	#
182	1056.27	4	5	6	11	12	13	14	20	21	22	28	29	37	38	46	97	#
183	1052.56	4	5	6	7	12	13	14	15	20	21	22	23	28	29	37	97	#
184	1004.91	4	5	6	7	13	14	15	19	20	21	22	23	28	29	62	97	#
185	989.869	4	5	6	7	12	13	14	15	20	21	22	23	28	29	30	97	#
186	970.001	3	4	5	6	7	11	13	14	15	18	19	20	21	55	63	97	#
187	104.4	50	#
188	119.819	40	48	#
189	114.177	30	#
190	446.878	21	22	29	30	31	38	99	#
191	510.889	3	4	12	13	20	21	99	#
192	459.741	20	21	29	30	31	38	99	#
193	399.91	29	30	31	36	37	38	99	#
194	396.021	6	14	21	22	23	30	99	#
195	394.327	1	2	3	31	38	39	99	#
196	513.145	1	8	14	15	16	17	22	23	24	30	31	50	100	#
197	733.17	14	15	22	23	30	31	37	38	39	45	46	47	100	#
198	696.189	15	22	23	30	31	37	38	39	45	46	47	55	100	#
199	695.016	1	3	8	9	10	11	16	17	19	20	24	27	100	#
200	664.753	21	22	23	25	26	30	31	33	34	39	41	42	100	#
201	660.13	0	1	2	3	8	9	10	16	17	37	44	45	100	#
202	1362.26	5	6	7	14	15	18	19	21	22	23	27	28	29	30	31	36	37	38	44	45	46	53	54	60	61	62	101	#
203	1754.17	0	1	2	3	4	8	9	10	11	12	14	16	17	18	19	20	21	22	26	27	28	29	30	31	34	37	101	#
204	1752.46	2	3	4	12	19	20	21	22	23	25	28	29	30	31	37	38	39	44	45	46	47	52	54	56	57	61	101	#
205	1739.25	2	3	11	12	14	15	19	20	21	22	23	27	28	29	30	31	36	38	39	44	45	46	47	53	54	55	101	#
206	1737.64	10	14	15	17	18	19	20	21	22	23	24	25	26	27	28	29	30	31	33	34	37	38	39	45	46	47	101	#
207	1722.76	11	19	20	21	22	28	29	33	34	36	37	38	39	41	42	43	44	45	46	47	52	53	54	55	62	63	101	#
208	217.595	11	12	21	102	#
209	293.243	0	20	21	102	#
210	256.135	3	11	19	102	#
211	239.463	11	12	19	102	#
212	113.585	20	#
213	283.382	43	44	51	52	58	59	103	#
214	387.298	50	51	52	58	59	60	103	#
215	277.124	36	43	44	45	51	52	103	#
216	234.719	27	28	29	35	42	43	103	#
217	220.116	30	36	44	51	52	58	103	#
218	826.085	0	1	2	3	4	8	9	10	11	16	17	18	19	27	104	#
219	1126.97	1	3	4	8	9	10	11	12	18	19	20	21	22	27	104	#
220	934.793	1	2	3	10	11	17	18	19	20	21	22	27	28	58	104	#
221	909.13	19	20	21	22	23	26	27	28	35	36	42	43	50	51	104	#
222	888.144	0	1	2	3	8	9	10	11	12	16	19	26	27	35	104	#
223	776.743	1	2	3	4	5	8	10	11	13	14	19	22	41	42	104	#
224	537.726	30	31	38	39	43	44	45	46	47	55	105	#
225	723.917	30	37	38	44	45	46	53	54	61	62	105	#
226	711.767	36	43	44	45	46	47	52	53	61	62	105	#
227	611.998	21	22	30	31	36	37	38	39	44	63	105	#
228	602.576	37	43	44	45	46	47	52	53	60	61	105	#
229	592.434	13	20	21	22	23	30	31	38	39	46	105	#
230	852.282	4	5	6	7	12	13	14	15	21	22	23	30	31	38	39	47	106	#
231	1026.32	4	5	12	13	14	20	21	22	23	28	29	30	31	37	38	41	106	#
232	1010.29	0	1	2	4	5	8	9	10	11	12	13	19	20	27	28	33	106	#
233	994.668	13	14	20	28	29	37	38	39	44	45	46	47	49	53	57	58	106	#
234	967.806	3	4	12	13	14	17	18	19	20	21	22	27	28	35	36	44	106	#
235	954.539	4	12	13	14	15	20	21	22	23	28	30	31	37	38	39	46	106	#
236	243.98	35	43	44	45	51	107	#
237	294.51	19	27	35	43	55	107	#
238	294.288	43	51	52	59	60	107	#
239	265.1	35	36	43	44	52	107	#
240	258.186	27	35	43	51	58	107	#
241	238.724	37	38	45	53	61	107	#
242	702.345	44	45	46	47	53	54	55	61	62	63	108	#
243	814.836	29	37	45	46	47	53	54	55	62	63	108	#
244	813.943	31	39	46	47	53	54	55	61	62	63	108	#
245	778.661	37	39	45	46	47	54	55	61	62	63	108	#
246	778.657	39	45	46	47	53	54	55	61	62	63	108	#
247	757.466	38	45	46	47	53	54	55	61	62	63	108	#
248	610.536	3	6	10	11	17	18	19	24	109	#
249	726.37	1	2	3	9	10	11	18	19	109	#
250	652.755	2	3	10	11	17	18	19	20	109	#
251	649.763	1	2	9	10	11	17	18	19	109	#
252	580.788	1	2	10	11	17	18	19	25	109	#
253	546.902	3	4	5	11	12	42	50	58	109	#
254	704.552	0	1	2	3	4	8	9	10	11	12	16	17	18	24	110	#
255	1000.92	2	3	6	10	11	14	17	22	28	29	30	37	38	46	110	#
256	884.264	4	5	6	7	12	13	14	15	20	21	22	28	46	47	110	#
257	881.241	2	3	4	5	6	7	8	9	10	11	12	13	14	22	110	#
258	819.378	1	2	4	8	9	10	11	12	17	18	24	31	39	51	110	#
259	787.917	1	2	3	4	8	9	10	11	12	13	17	18	21	24	110	#
260	341.802	37	38	45	46	111	#
261	397.39	29	37	38	46	111	#
262	308.418	38	44	46	47	111	#
263	1975.46	0	1	3	4	8	9	10	11	12	16	17	19	25	26	33	41	48	49	50	51	52	53	54	58	59	60	61	62	63	112	#
264	2017.38	0	1	2	3	8	9	10	11	12	16	17	18	19	22	24	25	26	27	28	29	30	31	33	37	38	39	45	46	47	112	#
265	1925.69	0	1	2	3	4	8	9	10	11	12	13	17	18	19	20	21	22	23	24	25	26	27	28	29	30	34	35	36	37	112	#
266	1835.94	17	18	19	25	26	27	28	29	30	31	35	36	37	38	39	43	44	45	46	47	51	52	53	54	55	60	61	62	63	112	#
267	1806.73	3	4	5	6	9	10	11	12	13	14	18	19	21	22	23	27	28	29	30	36	37	38	44	45	53	54	61	62	63	112	#
268	1800.24	0	1	3	8	9	10	11	16	17	18	19	20	24	25	26	27	28	29	30	32	34	35	37	43	44	45	46	52	56	112	#
269	727.795	10	18	19	27	39	45	46	47	55	63	113	#
270	796.835	25	26	33	38	39	45	46	47	54	55	113	#
271	784.117	19	23	31	38	39	45	53	54	61	62	113	#
272	694.845	29	37	38	39	46	47	54	55	62	63	113	#
273	689.673	2	4	10	11	12	19	29	36	37	45	113	#
274	633.271	3	4	10	11	12	13	19	20	21	28	113	#
275	805.975	24	25	26	32	33	34	40	41	42	44	48	49	50	51	52	56	57	58	59	60	63	114	#
276	1127.51	25	26	27	28	29	34	35	36	37	41	42	43	44	45	51	52	53	54	59	60	61	114	#
277	1106.48	29	36	37	38	40	42	43	44	45	48	49	50	51	52	53	54	56	57	61	62	63	114	#
278	1073.3	0	1	2	3	9	10	16	17	18	23	24	25	26	31	32	33	39	40	41	42	48	114	#
279	1057.04	27	28	29	30	36	37	38	39	41	42	44	45	46	47	49	50	51	52	57	58	59	114	#
280	996.962	8	16	17	18	19	24	25	26	27	32	33	34	35	40	41	42	48	49	50	51	59	114	#
281	66.1326	17	25	115	#
282	52.9958	9	17	115	#
283	14.0627	25	33	115	#
284	608.164	3	11	19	20	27	35	42	43	116	#
285	657.546	1	2	3	4	5	11	19	20	116	#
286	637.802	11	19	20	27	28	35	43	50	116	#
287	637.294	3	11	13	19	20	21	22	28	116	#
288	596.162	0	1	2	3	8	11	18	19	116	#
289	474.91	3	11	13	16	17	18	19	20	116	#
290	287.957	18	19	20	40	50	56	57	58	117	#
291	385.854	40	51	53	54	59	60	61	62	117	#
292	385.113	14	19	20	21	22	23	28	36	117	#
293	347.171	33	41	42	43	49	50	51	63	117	#
294	340.784	43	44	50	51	52	58	59	60	117	#
295	249.411	40	48	50	51	56	57	58	59	117	#
296	108.005	21	#
297	228.947	1	5	13	20	21	118	#
298	296.271	0	1	8	9	17	118	#
299	198.455	13	14	20	21	42	118	#
300	1074.75	2	5	6	7	9	14	15	17	18	22	23	24	25	31	32	33	35	38	39	40	41	42	43	49	50	51	56	57	58	59	119	#
301	1577.54	0	1	2	3	4	5	6	7	9	10	12	13	14	15	19	20	21	22	23	28	29	30	31	37	38	39	44	45	46	47	119	#
302	1566.93	0	1	2	3	4	8	9	10	18	20	22	23	24	28	29	30	31	32	35	36	37	38	39	44	45	46	47	53	55	61	119	#
303	1564.62	2	3	4	6	7	9	10	11	13	14	15	16	17	18	19	20	21	22	23	24	28	30	31	32	33	34	39	41	46	47	119	#
304	1557.89	0	1	2	3	4	5	6	7	8	9	10	12	13	14	16	17	18	19	24	25	26	27	28	29	32	33	34	41	46	49	119	#
305	1551.41	1	2	3	4	5	6	7	9	10	11	12	13	14	15	18	19	20	21	22	23	27	28	30	31	35	36	37	38	39	43	119	#
306	462.099	29	30	37	38	44	45	46	120	#
307	665.459	29	37	38	45	46	47	53	120	#
308	602.244	37	45	46	47	53	61	62	120	#
309	501.79	44	45	46	47	51	52	55	120	#
310	464.118	28	36	37	38	45	53	61	120	#
311	453.62	29	30	36	37	38	45	46	120	#
312	499.693	38	39	47	54	55	62	63	121	#
313	534.964	38	46	47	53	54	55	63	121	#
314	517.334	47	53	54	55	61	62	63	121	#
315	499.447	45	47	53	55	61	62	63	121	#
316	472.69	22	23	30	31	38	39	46	121	#
317	428.192	45	51	52	53	54	58	61	121	#
318	55.9586	46	#
319	1199.3	13	19	20	21	25	26	27	28	29	30	31	33	36	37	40	41	42	48	49	53	56	57	58	59	60	61	122	#
320	1752.78	2	3	10	11	13	14	15	17	18	19	20	21	22	23	24	26	27	28	29	30	31	37	38	39	46	47	122	#
321	1743.47	14	15	19	21	22	23	27	37	38	39	42	44	45	46	50	51	52	53	54	57	58	59	60	61	62	63	122	#
322	1684.04	0	1	2	3	4	8	9	11	12	16	17	18	19	20	24	25	26	27	28	33	34	35	41	42	43	50	122	#
323	1678.83	2	3	4	10	11	12	13	17	18	19	20	21	22	26	27	28	29	34	35	36	37	42	43	44	50	51	122	#
324	1667.91	3	4	5	6	7	11	12	13	14	17	18	19	20	21	22	24	27	28	29	30	36	37	38	45	46	53	122	#
325	498.149	25	26	32	33	34	41	123	#
326	642.054	26	33	34	48	49	50	123	#
327	535.723	33	34	41	42	49	50	123	#
328	459.907	25	26	27	33	34	35	123	#
329	419.25	26	27	32	33	34	42	123	#
330	394.131	25	32	33	34	41	42	123	#
331	548.798	25	32	33	34	40	41	42	48	49	50	124	#
332	575.104	1	34	40	41	42	43	44	49	50	58	124	#
333	536.417	33	34	41	42	43	49	50	51	57	59	124	#
334	482.412	25	26	33	34	40	41	42	43	49	51	124	#
335	458.968	26	33	34	40	41	42	43	48	49	56	124	#
336	454.769	8	16	17	24	25	26	34	40	41	42	124	#
337	1202.51	19	20	21	29	33	34	35	36	37	38	40	41	42	43	44	45	46	47	48	49	50	125	#
338	1325.78	7	15	22	23	28	29	30	31	36	37	38	39	44	45	46	47	53	54	55	62	63	125	#
339	1293.89	4	11	12	18	19	20	28	29	30	31	36	37	38	42	43	44	45	46	47	53	54	125	#
340	1248.42	2	8	9	10	11	15	29	30	36	37	38	44	45	46	47	51	52	53	54	55	62	125	#
341	1247.55	4	5	6	7	11	12	13	14	15	18	19	20	21	22	23	27	30	31	35	38	46	125	#
342	1239.1	3	11	19	20	22	27	28	29	30	35	36	37	38	43	44	45	46	49	53	60	61	125	#
343	770.881	0	1	5	6	7	8	9	13	14	15	21	23	30	31	126	#
344	964.974	3	4	5	6	12	13	14	15	19	20	21	23	31	47	126	#
345	952.771	5	6	7	14	15	21	22	23	30	31	35	38	46	47	126	#
346	948.375	3	4	5	6	7	13	14	15	19	20	21	22	23	27	126	#
347	929.198	0	1	2	3	4	5	8	9	10	12	16	17	18	24	126	#
348	921.32	0	1	8	9	10	16	17	25	42	50	51	52	57	58	126	#
349	470.992	13	14	21	22	23	30	31	127	#
350	562.736	23	29	30	31	37	38	46	127	#
351	528.723	21	22	23	30	31	38	39	127	#
352	490.709	6	13	14	21	22	23	30	127	#
353	423.119	7	14	15	20	21	22	23	127	#
354	363.711	12	13	14	21	22	30	56	127	#
355	418.314	0	1	2	8	9	10	16	17	18	128	#
356	611.637	2	3	4	9	10	11	18	19	27	128	#
357	578.943	0	1	2	3	4	8	9	11	16	128	#
358	509.886	1	2	8	9	10	11	16	17	62	128	#
359	385.373	0	1	2	8	9	17	18	24	37	128	#
360	370.295	1	8	9	10	16	17	18	19	24	128	#
361	1778.14	19	20	26	27	28	29	34	35	36	37	38	42	43	44	45	46	47	49	50	51	52	53	54	57	58	59	60	61	129	#
362	1826.54	3	4	8	11	16	17	26	27	29	30	31	35	36	37	38	39	41	42	43	44	45	46	47	53	54	55	61	62	129	#
363	1806.75	10	11	12	13	19	25	26	27	30	33	34	37	38	39	42	43	44	45	46	47	52	53	54	55	60	61	62	63	129	#
364	1774.64	19	20	27	28	29	30	31	35	36	37	38	39	42	43	44	45	46	47	50	51	52	53	54	55	59	60	61	62	129	#
365	1749.38	26	28	29	30	33	34	36	37	38	39	41	42	43	44	45	46	47	48	49	50	51	52	53	57	58	59	60	61	129	#
366	1721.39	9	17	25	26	27	32	33	34	35	36	37	38	40	41	42	43	44	45	46	48	49	50	51	54	55	58	62	63	129	#
367	262.543	2	3	9	10	18	40	48	130	#
368	367.888	0	1	2	8	9	45	46	130	#
369	360.686	33	34	40	41	48	49	56	130	#
370	352.241	9	10	17	18	19	24	42	130	#
371	333.227	41	48	49	50	56	57	58	130	#
372	295.576	1	8	9	16	17	18	25	130	#
373	463.555	42	49	50	51	52	57	58	59	60	131	#
374	613.099	13	14	21	22	51	52	58	59	60	131	#
375	597.978	8	9	10	17	18	50	51	52	59	131	#
376	583.665	27	35	38	43	44	50	51	52	58	131	#
377	527.348	36	44	45	50	51	52	58	59	60	131	#
378	433.169	40	41	43	44	49	50	51	57	58	131	#
379	174.709	26	27	132	#
380	141.197	25	26	132	#
381	107.046	27	45	132	#
382	106.74	2	3	#
383	398.127	0	1	2	3	4	10	11	18	19	133	#
384	548.504	3	4	5	6	7	11	12	13	21	133	#
385	422.897	5	13	14	18	19	20	21	27	28	133	#
386	400.354	1	2	3	4	10	11	12	13	19	133	#
387	338.192	1	2	8	9	10	11	17	18	19	133	#
388	305.805	0	1	2	3	8	9	10	17	18	133	#
389	253.919	0	1	2	9	10	134	#
390	362.774	0	1	2	8	9	134	#
391	347.151	0	1	2	8	16	134	#
392	341.756	1	9	10	45	53	134	#
393	195.129	9	10	17	18	19	134	#
394	316.486	41	48	49	56	57	135	#
395	353.429	41	42	48	49	50	135	#
396	275.439	42	48	49	50	56	135	#
397	217.091	40	48	49	56	57	135	#
398	211.811	48	49	56	57	58	135	#
399	125.605	4	5	6	14	136	#
400	106.586	6	7	14	15	136	#
401	377.04	46	47	54	55	62	63	137	#
402	428.22	45	53	54	55	62	63	137	#
403	368.002	30	31	37	38	39	47	137	#
404	362.997	37	45	53	54	55	61	137	#
405	325.635	54	55	60	61	62	63	137	#
406	251.95	29	37	39	45	46	47	137	#
407	820.719	9	10	17	18	19	20	21	24	25	26	27	28	33	34	138	#
408	1023.69	11	19	20	21	22	23	27	28	29	30	37	38	39	47	138	#
409	968.663	3	4	5	11	12	13	19	21	26	27	34	35	42	43	138	#
410	967.294	17	25	26	27	28	29	30	34	37	38	45	46	47	53	138	#
411	896.856	3	9	10	11	12	13	17	18	19	20	21	25	26	27	138	#
412	820.604	0	1	8	9	16	17	18	19	24	25	26	27	32	33	138	#
413	854.873	4	5	6	7	11	12	13	14	15	19	20	21	22	23	27	28	35	37	139	#
414	1121.15	2	4	5	6	10	11	12	13	14	19	20	21	25	26	27	28	34	63	139	#
415	1116.03	5	6	14	22	23	29	30	31	36	37	38	39	45	47	53	55	62	63	139	#
416	1093.16	19	20	26	27	28	29	34	36	42	44	48	49	50	51	52	57	58	59	139	#
417	1081.71	5	6	12	13	14	19	20	21	22	23	27	28	29	30	37	38	39	47	139	#
418	1063.2	0	1	2	3	8	9	10	11	17	18	19	20	25	26	27	28	29	34	139	#
419	500.025	2	3	4	5	6	9	12	13	20	21	140	#
420	734.594	13	15	20	21	22	23	29	30	38	40	140	#
421	689.814	3	4	11	12	13	14	19	21	22	47	140	#
422	673.782	5	6	7	14	15	22	23	29	30	31	140	#
423	630.086	0	1	2	3	4	5	9	13	20	21	140	#
424	604.002	5	6	7	13	14	15	19	20	22	55	140	#
425	441.341	37	38	45	46	47	141	#
426	481.497	37	38	39	46	47	141	#
427	422.388	38	39	45	46	47	141	#
428	410.125	31	39	46	47	55	141	#
429	235.803	36	44	45	46	53	141	#
430	327.39	4	5	12	13	21	142	#
431	381.621	2	3	4	5	12	142	#
432	353.64	4	12	13	14	20	142	#
433	283.269	5	12	13	14	20	142	#
434	265.022	5	13	20	21	22	142	#
435	248.155	4	5	6	7	13	142	#
436	239.853	6	7	13	14	143	#
437	247.475	5	6	7	14	143	#
438	183.206	5	6	13	14	143	#
439	428.965	36	40	42	43	44	48	50	51	52	56	57	58	59	60	144	#
440	627.077	27	28	29	30	36	37	38	40	41	42	43	45	49	57	144	#
441	616.624	33	34	41	42	43	48	49	50	51	52	56	57	58	59	144	#
442	610.49	6	14	34	35	38	42	43	49	50	51	57	58	59	60	144	#
443	595.407	25	26	33	34	40	41	42	43	48	49	51	56	57	58	144	#
444	584.903	33	41	42	43	48	49	51	52	56	57	58	59	60	61	144	#
445	355.586	29	30	31	39	47	145	#
446	390.828	22	23	29	30	37	145	#
447	382.149	22	30	31	39	47	145	#
448	360.785	29	30	31	37	39	145	#
449	350.02	42	43	46	47	51	145	#
450	255.235	20	28	29	30	31	145	#
451	1728.94	29	30	31	33	34	36	37	39	41	42	44	45	46	47	49	50	51	52	53	54	55	58	59	60	61	62	63	146	#
452	1776.21	1	8	16	19	20	22	23	27	28	29	30	31	36	37	38	39	42	43	44	45	46	47	53	54	55	62	63	146	#
453	1746.05	2	3	10	11	14	15	19	20	21	22	23	27	28	30	36	37	38	43	44	45	46	52	53	54	61	62	63	146	#
454	1732.88	15	19	20	21	22	23	28	29	30	36	37	38	39	42	43	44	45	46	47	51	53	54	55	59	61	62	63	146	#
455	1714.23	3	4	5	6	13	14	15	21	22	23	27	28	29	30	31	35	36	37	38	39	46	47	54	55	61	62	63	146	#
456	1674.75	19	26	27	28	29	30	36	37	38	42	43	44	45	46	47	50	51	52	53	54	55	58	59	60	61	62	63	146	#
457	1114.26	3	4	16	17	25	26	33	34	35	40	41	42	48	49	50	56	57	58	147	#
458	1337.62	14	21	22	26	30	34	38	40	41	42	48	49	50	51	54	55	56	57	147	#
459	1307.41	1	2	3	8	9	10	11	12	16	17	18	19	20	25	26	27	28	36	147	#
460	1234.1	2	3	4	5	6	7	8	9	10	11	12	13	14	15	26	27	34	42	147	#
461	1185.44	0	1	2	3	4	8	9	10	11	17	18	19	20	24	25	26	32	34	147	#
462	1169.84	2	3	11	12	14	19	22	23	26	27	30	32	33	34	41	42	45	49	147	#
463	543.26	6	7	14	15	23	30	31	39	46	47	148	#
464	764.785	30	37	38	39	46	47	54	55	61	62	148	#
465	690.974	23	30	31	39	46	47	54	55	62	63	148	#
466	611.066	5	6	14	37	39	45	53	54	61	62	148	#
467	516.764	14	15	21	22	23	28	29	30	31	37	148	#
468	464.69	0	1	8	16	17	24	30	31	39	61	148	#
469	14.6905	55	#
470	150.158	9	10	17	24	25	149	#
471	205.165	17	25	33	34	62	149	#
472	204.828	1	2	3	9	17	149	#
473	193.487	2	8	9	10	18	149	#
474	124.222	63	#
475	99.8302	8	16	17	24	32	149	#
476	476.093	37	38	45	46	47	150	#
477	353.873	37	38	45	46	62	150	#
478	332.357	37	44	45	53	59	150	#
479	311.353	38	44	45	46	52	150	#
480	274.411	31	37	38	39	46	150	#
481	39.1946	29	#
482	170.928	28	35	36	43	44	52	59	60	61	#
483	266.913	36	44	51	52	60	151	#
484	273.753	43	51	52	59	60	151	#
485	267.303	44	45	46	52	60	151	#
486	173.438	28	36	43	44	52	151	#
487	170.819	36	44	52	59	60	151	#
488	121.839	44	52	58	59	60	151	#
489	133.958	25	26	152	#
490	173.156	26	27	152	#
491	108.124	17	25	152	#
492	988.598	8	9	10	16	17	18	24	25	26	27	28	29	36	37	51	59	60	61	153	#
493	1179.48	27	28	29	31	36	37	38	39	44	45	46	47	50	51	52	60	61	62	153	#
494	1165.85	3	11	19	20	22	27	28	29	30	31	36	37	38	39	43	44	46	47	153	#
495	1131.7	0	1	2	3	4	5	8	9	10	11	12	16	17	18	19	25	36	37	153	#
496	1102.69	6	7	14	15	22	23	28	29	30	31	36	37	38	39	44	45	46	47	153	#
497	1084.9	19	25	26	27	28	32	33	34	35	36	40	41	43	44	48	49	50	52	153	#
498	88.0119	1	#
499	85.0401	39	#
500	415.907	1	2	9	10	17	18	19	27	154	#
501	608.082	19	20	26	27	28	29	35	36	154	#
502	511.517	1	9	10	11	12	13	20	21	154	#
503	478.792	10	11	12	18	19	20	28	36	154	#
504	446.273	1	2	3	8	9	10	48	49	154	#
505	432.256	8	16	17	18	19	25	27	28	154	#
506	550.233	38	45	46	47	55	63	155	#
507	584.504	11	21	53	61	62	63	155	#
508	572.954	29	37	38	39	46	47	155	#
509	513.702	30	37	38	39	46	47	155	#
510	349.84	29	30	37	44	45	46	155	#
511	280.802	43	54	55	61	62	63	155	#
512	159.658	52	59	60	61	156	#
513	226.639	43	51	59	60	156	#
514	291.929	17	18	25	26	48	157	#
515	285.665	25	26	34	42	50	157	#
516	278.785	33	40	41	48	56	157	#
517	271.331	8	16	17	25	26	157	#
518	223.948	2	9	10	17	18	157	#
519	158.162	10	16	17	18	24	157	#
520	293.873	27	35	42	43	44	52	158	#
521	395.404	34	41	42	43	44	51	158	#
522	378.397	43	49	50	51	52	58	158	#
523	365.27	20	26	27	28	33	34	158	#
524	307.644	19	27	35	42	43	44	158	#
525	273.272	18	43	44	51	52	58	158	#
526	265.156	46	47	55	159	#
527	279.823	38	46	47	159	#
528	266.264	39	47	55	159	#
529	258.722	47	55	63	159	#
530	641.068	29	30	31	35	37	38	39	46	47	55	160	#
531	831.359	22	30	38	39	45	46	47	53	54	61	160	#
532	785.37	39	47	52	53	54	55	60	61	62	63	160	#
533	684.007	14	22	23	30	31	38	39	45	46	47	160	#
534	665.744	29	30	31	37	38	39	45	46	47	53	160	#
535	663.813	29	30	37	38	39	45	46	47	49	55	160	#
536	1480.78	1	8	9	10	16	17	19	24	25	26	27	32	33	34	35	41	42	43	44	49	50	51	52	58	161	#
537	1570.36	0	1	2	3	4	8	9	10	11	12	16	17	19	24	25	26	27	32	33	34	41	42	43	49	161	#
538	1523.04	0	1	2	3	4	8	9	10	11	12	13	16	17	19	20	21	24	25	26	27	32	33	34	35	161	#
539	1515.04	0	1	2	3	4	8	9	10	11	12	16	17	18	19	20	23	25	26	27	31	34	35	39	42	161	#
540	1503.56	10	11	19	20	25	26	27	28	35	36	37	38	43	44	45	46	50	51	52	53	54	59	60	61	161	#
541	1500.99	27	28	29	34	35	36	37	38	39	42	43	44	45	49	50	51	52	53	54	55	60	61	62	63	161	#
542	183.636	9	16	17	18	24	25	162	#
543	266.949	7	8	16	17	18	25	162	#
544	138.459	17	24	25	33	40	41	162	#
545	118.228	8	10	16	17	18	24	162	#
546	287.074	29	36	37	45	53	54	163	#
547	345.723	37	45	53	54	55	62	163	#
548	300.681	12	20	27	28	29	36	163	#
549	257.173	29	30	36	37	38	45	163	#
550	250.84	10	17	18	53	54	61	163	#
551	236.557	25	29	33	36	37	38	163	#
552	1173.71	19	27	28	34	35	36	40	42	43	44	45	46	47	48	49	50	51	52	53	56	57	58	59	164	#
553	1509.73	26	29	34	36	37	39	42	43	44	45	46	47	50	51	52	53	54	55	59	60	61	62	63	164	#
554	1394.66	4	6	7	14	22	26	29	30	31	34	36	37	38	39	42	44	45	46	47	52	53	60	61	164	#
555	1379.97	0	1	2	8	9	10	16	17	24	27	28	29	33	36	37	38	39	45	46	47	54	55	63	164	#
556	1305.65	13	14	15	21	22	23	24	29	30	31	32	37	38	39	45	46	47	53	54	55	61	62	63	164	#
557	1254.89	28	35	36	40	41	42	43	44	45	48	49	50	51	52	53	54	56	57	58	60	61	62	63	164	#
558	1445.17	6	7	14	15	23	29	30	31	36	37	38	39	45	46	47	52	53	54	55	60	61	62	63	165	#
559	1483.4	22	30	31	36	37	38	39	44	45	46	47	49	50	51	52	53	54	55	58	59	61	62	63	165	#
560	1421.46	1	2	3	4	5	9	10	11	12	14	22	29	30	37	38	39	45	46	53	54	55	60	61	165	#
561	1420.04	13	20	21	28	29	30	31	36	37	38	39	45	46	47	51	52	53	54	55	59	60	61	62	165	#
562	1403.6	4	5	6	7	8	12	13	14	15	16	20	21	22	23	28	29	30	31	37	38	39	46	49	165	#
563	1376.85	14	20	21	22	23	29	30	31	32	36	37	38	39	44	45	46	47	53	54	55	60	61	62	165	#
564	479.557	37	44	45	53	54	55	62	63	166	#
565	588.272	38	45	46	53	54	55	62	63	166	#
566	527.77	52	53	54	55	60	61	62	63	166	#
567	460.281	29	30	36	37	44	45	46	53	166	#
568	438.838	16	37	38	46	47	54	55	63	166	#
569	387.285	22	23	37	45	46	58	59	60	166	#
570	1013.78	7	14	15	19	20	21	22	23	28	29	30	31	36	37	38	39	45	167	#
571	1316.84	15	23	31	34	37	38	39	41	42	43	44	46	47	50	54	55	58	167	#
572	1161.39	5	6	7	14	22	23	28	29	30	31	36	37	38	39	46	47	55	167	#
573	1160.56	4	12	14	15	22	23	28	29	30	31	36	37	38	39	46	47	55	167	#
574	1147.74	3	4	10	11	12	13	18	19	20	28	29	30	31	36	37	38	39	167	#
575	1124.23	13	14	15	20	21	22	23	29	30	31	37	38	39	46	47	55	63	167	#
576	417.161	32	33	40	41	48	49	56	57	58	59	168	#
577	598.759	41	48	49	50	51	52	56	57	58	60	168	#
578	591.34	24	32	33	34	40	41	48	49	50	51	168	#
579	564.167	40	41	48	49	50	51	56	57	58	59	168	#
580	534.067	23	30	31	33	39	40	41	42	48	49	168	#
581	505.924	40	41	42	49	50	51	52	57	58	59	168	#
582	295.928	42	50	51	57	58	59	169	#
583	334.979	37	42	49	50	57	58	169	#
584	272.42	41	49	50	51	59	60	169	#
585	247.747	42	50	56	57	58	59	169	#
586	246.408	34	42	43	44	50	51	169	#
587	228.923	51	52	58	59	60	61	169	#
588	574.302	1	4	5	6	7	9	15	17	37	60	170	#
589	753.561	3	4	5	9	10	11	12	17	18	19	170	#
590	649.486	0	1	2	3	8	10	11	16	17	18	170	#
591	540.056	5	6	7	14	15	22	23	30	31	39	170	#
592	510.615	0	1	2	3	8	9	10	16	17	25	170	#
593	473.371	10	18	19	27	28	35	36	37	59	60	170	#
594	657.574	11	19	20	25	26	27	34	35	171	#
595	655.139	26	27	28	34	35	36	42	50	171	#
596	642.212	19	26	27	28	34	47	55	63	171	#
597	555.715	33	34	41	42	49	50	51	58	171	#
598	545.221	2	3	9	10	11	12	38	46	171	#
599	540.209	17	18	19	20	27	28	29	35	171	#
600	392.559	34	40	41	42	48	49	50	56	57	172	#
601	485.642	25	26	27	28	29	33	34	35	42	172	#
602	455.59	40	41	42	43	44	48	50	51	58	172	#
603	455.065	42	43	44	45	50	51	52	60	61	172	#
604	434.229	29	30	36	37	38	40	45	48	56	172	#
605	354.498	16	17	24	28	42	43	44	45	53	172	#
606	560.436	5	6	7	12	13	14	15	21	23	173	#
607	707.844	6	7	15	20	21	22	23	30	31	173	#
608	684.246	5	11	12	13	14	20	21	22	23	173	#
609	661.456	6	8	9	14	15	16	21	22	23	173	#
610	623.459	4	5	6	13	14	15	21	22	23	173	#
611	544.221	2	3	4	5	6	7	11	12	13	173	#
612	497.961	19	20	26	27	28	29	35	174	#
613	582.422	3	11	19	20	26	27	35	174	#
614	513.66	20	26	27	28	29	30	35	174	#
615	477.248	11	13	19	20	21	22	27	174	#
616	462.008	0	8	9	19	20	27	35	174	#
617	241.725	17	25	26	34	36	42	44	174	#
618	421.878	19	20	26	27	28	29	31	36	175	#
619	540.523	17	25	26	27	28	29	33	41	175	#
620	485.642	29	30	37	38	39	45	46	54	175	#
621	472.605	9	17	18	19	24	25	26	27	175	#
622	463.669	13	20	21	22	28	29	30	36	175	#
623	459.971	18	19	20	21	28	29	36	37	175	#
624	1118.87	1	2	3	6	8	9	10	11	12	14	16	17	18	19	22	24	25	26	27	33	34	176	#
625	1318.39	1	8	9	10	11	12	17	19	20	24	25	26	27	32	33	34	40	41	48	49	50	176	#
626	1315.18	9	10	18	19	20	21	22	26	27	28	29	30	31	35	36	37	38	39	46	47	55	176	#
627	1236.36	1	2	3	4	5	10	11	12	17	18	19	20	25	26	27	33	38	39	41	42	49	176	#
628	1234.33	0	1	2	3	4	5	8	9	10	11	12	16	17	19	20	24	25	26	27	51	52	176	#
629	1224.23	3	4	7	11	12	13	14	15	19	20	21	22	26	27	28	30	33	34	38	42	50	176	#
630	48.9042	43	53	59	60	61	#
631	518.77	29	36	37	38	44	45	46	47	52	230	#
632	21.6909	61	#
633	35.5416	24	32	33	#
634	2030.91	0	1	2	3	4	5	6	8	9	10	11	12	13	14	16	17	18	19	20	24	25	27	28	32	33	36	40	41	50	51	52	57	58	59	178	#
635	2354.82	0	1	3	4	5	6	7	8	11	12	13	14	15	16	17	19	20	21	22	23	28	29	30	31	37	38	39	45	46	47	49	53	54	62	178	#
636	2326.58	1	4	5	6	7	9	10	11	12	13	14	15	18	19	20	21	22	23	26	27	28	29	34	35	36	37	41	42	43	44	49	50	51	52	178	#
637	2313.58	0	1	2	3	4	5	6	7	8	9	10	11	12	13	14	15	18	19	20	21	22	23	27	28	29	30	31	35	36	38	39	47	55	63	178	#
638	2275.26	0	1	2	3	4	5	6	7	8	9	10	11	12	13	14	16	17	18	19	20	21	24	25	26	27	28	32	33	34	35	41	43	48	49	178	#
639	2262.95	4	11	12	17	18	19	20	26	27	28	29	33	34	35	36	37	38	40	41	42	43	44	48	49	50	51	52	53	54	57	58	59	60	61	178	#
640	446.325	53	54	55	61	62	63	179	#
641	514.009	11	18	19	27	47	55	179	#
642	490.422	47	53	54	55	62	63	179	#
643	450.107	53	54	60	61	62	63	179	#
644	325.834	53	54	59	60	61	62	179	#
645	323.015	29	37	44	45	53	61	179	#
646	197.518	40	41	48	180	#
647	135.305	40	48	56	180	#
648	129.48	48	56	57	180	#
649	111.787	32	33	41	180	#
650	424.682	1	2	8	9	10	11	17	18	24	181	#
651	565.829	0	1	2	3	8	9	10	16	18	181	#
652	523.521	3	5	9	10	11	12	13	21	34	181	#
653	507.479	1	2	7	8	9	15	22	23	30	181	#
654	500.783	0	1	2	3	8	10	11	18	19	181	#
655	491.037	1	2	3	8	9	10	11	17	18	181	#
656	606.188	3	4	11	12	53	60	61	182	#
657	591.73	3	4	11	12	18	19	32	182	#
658	496.976	2	4	9	10	11	12	19	182	#
659	472.14	3	4	5	12	13	21	22	182	#
660	424.584	2	3	4	5	11	12	13	182	#
661	405.53	52	53	54	55	60	61	62	182	#
662	264.219	40	41	42	48	49	57	183	#
663	349.839	40	41	42	48	49	50	183	#
664	338.701	34	42	49	50	51	57	183	#
665	323.292	41	43	48	49	50	55	183	#
666	279.905	42	49	50	51	57	58	183	#
667	236.157	40	41	48	49	56	57	183	#
668	497.491	41	42	44	49	50	51	52	58	59	60	61	62	184	#
669	609.407	38	39	43	44	46	49	50	51	52	58	59	60	184	#
670	602.503	33	40	41	42	48	49	50	51	52	56	57	58	184	#
671	567.151	25	32	33	34	41	42	43	50	51	52	58	59	184	#
672	543.788	11	33	34	40	41	42	43	50	51	57	58	59	184	#
673	493.618	27	42	43	44	45	52	53	54	60	61	62	63	184	#
674	121.425	51	58	59	60	#
675	405.831	43	44	51	52	53	58	59	60	61	62	185	#
676	586.765	45	46	47	53	54	55	60	61	62	63	185	#
677	494.804	51	52	53	54	55	59	60	61	62	63	185	#
678	460.167	25	26	27	43	44	45	50	51	52	60	185	#
679	449.723	29	37	45	52	53	59	60	61	62	63	185	#
680	412.691	36	37	38	41	42	43	44	50	51	59	185	#
681	51.7327	40	#
682	148.42	53	54	186	#
683	216.48	54	62	186	#
684	1373.43	0	1	2	3	4	8	9	10	11	16	17	18	19	24	25	26	27	28	33	41	42	50	51	52	187	#
685	1438.15	26	33	34	37	38	40	41	42	43	44	45	46	48	49	50	51	52	53	56	57	58	59	60	61	187	#
686	1437.76	0	1	2	3	8	9	10	20	28	29	30	34	36	37	41	42	43	44	50	51	52	58	59	60	187	#
687	1365.03	17	25	26	27	28	29	33	34	35	36	37	38	40	41	42	43	48	49	50	51	56	57	58	62	187	#
688	1338.35	5	6	7	22	23	28	29	30	31	35	36	37	43	44	45	46	47	50	51	52	53	58	59	61	187	#
689	1294.42	0	8	9	28	29	32	33	34	36	40	41	42	43	44	45	48	49	50	51	52	58	59	60	61	187	#
690	847.452	0	1	2	3	4	8	9	10	11	12	13	16	17	18	19	24	32	188	#
691	1026.85	4	5	6	7	12	13	14	21	22	23	28	29	30	35	37	38	40	188	#
692	1016.82	0	1	2	3	4	8	9	10	11	12	17	18	19	24	25	36	37	188	#
693	965.327	3	4	5	7	10	11	12	13	14	15	19	20	21	22	23	28	30	188	#
694	947.516	3	4	5	6	7	10	11	12	13	16	17	18	19	20	21	22	27	188	#
695	945.734	2	3	4	5	6	8	10	11	12	13	16	18	19	20	27	28	35	188	#
696	372.64	7	15	19	26	27	28	35	36	37	189	#
697	555.867	25	26	27	30	31	33	37	38	39	189	#
698	516.838	26	27	50	52	58	59	60	61	62	189	#
699	505.04	27	34	35	42	43	50	51	58	59	189	#
700	498.596	5	11	12	13	18	19	20	27	28	189	#
701	362.152	15	17	18	19	23	25	26	33	34	189	#
702	275.251	16	17	18	19	27	35	190	#
703	359.861	19	25	26	27	35	43	190	#
704	293.01	17	18	19	20	24	25	190	#
705	180.082	27	28	29	35	36	44	190	#
706	174.729	9	16	17	18	24	38	190	#
707	492.08	26	34	41	42	50	51	191	#
708	413.885	26	34	41	42	51	56	191	#
709	334.631	33	34	41	48	49	56	191	#
710	291.102	29	50	51	52	58	60	191	#
711	289.086	24	25	26	32	33	34	191	#
712	231.7	50	51	57	58	59	60	191	#
713	348.565	2	3	4	10	11	18	192	#
714	484.715	3	11	12	19	26	27	192	#
715	444.201	11	12	19	27	51	52	192	#
716	410.117	1	2	3	8	11	16	192	#
717	398.152	2	4	9	10	11	12	192	#
718	365.569	4	5	6	11	12	13	192	#
719	645.316	28	29	30	31	38	39	47	54	55	63	193	#
720	810.118	9	17	18	19	25	31	38	39	46	47	193	#
721	729.524	30	31	38	39	47	53	54	55	62	63	193	#
722	719.788	39	45	46	47	53	54	55	61	62	63	193	#
723	665.959	29	36	37	38	39	45	47	53	54	61	193	#
724	649.364	19	20	26	27	28	33	34	35	36	37	193	#
725	490.936	19	20	21	22	27	28	35	36	194	#
726	653.921	15	17	21	22	23	30	51	58	194	#
727	507.503	18	19	20	26	27	28	36	37	194	#
728	507.5	13	14	21	22	23	30	31	38	194	#
729	482.323	20	27	28	36	37	44	45	52	194	#
730	454.414	2	9	10	17	18	19	20	21	194	#
731	1307.66	0	1	2	3	4	8	9	10	11	12	13	14	16	18	19	20	21	26	27	195	#
732	1241.59	2	3	5	6	9	10	11	12	13	14	17	18	19	20	21	26	27	28	34	195	#
733	1217.41	1	2	5	8	9	10	11	13	16	17	18	19	20	21	25	26	27	28	34	195	#
734	1208.04	1	2	4	5	6	7	9	10	11	12	13	14	17	18	19	21	27	35	53	195	#
735	1182.2	0	1	2	3	4	5	6	7	9	10	11	12	17	18	19	24	25	27	33	195	#
736	1168.74	5	6	7	13	14	15	19	20	21	22	23	31	34	35	42	43	50	51	58	195	#
737	401.54	1	9	16	17	18	25	36	196	#
738	443.208	1	8	9	16	17	24	35	196	#
739	414.431	8	9	10	11	16	17	18	196	#
740	384.557	0	1	8	9	16	24	57	196	#
741	357.432	16	24	25	32	33	41	61	196	#
742	353.896	28	35	36	37	43	44	52	196	#
743	724.977	22	23	30	31	37	38	39	45	47	53	197	#
744	724.223	30	31	36	37	38	39	46	47	55	63	197	#
745	687.611	3	4	11	44	45	50	53	54	61	62	197	#
746	638.376	14	22	23	29	30	31	38	39	46	47	197	#
747	624.352	28	29	30	31	36	37	38	45	46	47	197	#
748	604.874	7	22	28	29	30	36	37	38	45	53	197	#
749	2068.86	1	11	19	26	27	28	29	30	34	36	37	41	42	43	44	45	46	48	49	50	51	52	53	54	57	58	59	60	61	62	198	#
750	2325.9	9	10	27	28	29	30	34	35	36	37	38	41	42	43	44	45	46	47	50	51	52	53	54	55	57	58	60	61	62	63	198	#
751	2144.27	5	11	13	19	20	21	23	27	28	29	30	31	35	36	37	38	39	43	44	45	46	50	51	52	53	54	60	61	62	63	198	#
752	2137.84	26	27	28	29	30	32	33	34	36	37	38	39	40	41	42	44	45	46	47	48	49	50	51	52	53	56	57	58	60	61	198	#
753	2094.61	27	28	29	30	34	35	36	37	38	41	42	43	44	45	46	47	49	50	51	52	53	54	55	57	58	59	60	61	62	63	198	#
754	2066.02	15	19	23	26	27	28	30	31	32	33	34	35	37	38	39	40	41	42	43	44	45	46	47	48	49	50	51	55	56	63	198	#
755	175.127	28	36	44	45	49	199	#
756	199.769	28	36	37	44	45	199	#
757	971.93	3	4	9	10	11	18	19	20	26	27	200	#
758	895.46	2	3	4	9	10	11	12	17	18	19	200	#
759	815.859	3	9	10	11	17	18	19	25	27	33	200	#
760	806.107	0	1	2	3	4	8	9	10	11	48	200	#
761	800.648	1	2	8	9	10	11	18	19	27	35	200	#
762	750.993	2	3	10	11	12	13	18	19	20	21	200	#
763	209.892	38	39	40	201	#
764	248.785	38	45	46	201	#
765	184.237	40	41	48	201	#
766	160.084	39	47	58	201	#
767	568.823	46	47	53	54	55	62	202	#
768	626.707	47	53	54	55	62	63	202	#
769	592.326	12	47	54	55	62	63	202	#
770	516.441	53	54	55	61	62	63	202	#
771	401.582	30	37	38	39	46	47	202	#
772	370.341	54	55	60	61	62	63	202	#
773	399.538	4	5	6	7	11	12	14	203	#
774	471.637	3	4	5	11	12	16	17	203	#
775	420.61	3	4	5	6	11	12	13	203	#
776	373.326	3	4	5	12	13	14	15	203	#
777	342.284	11	12	13	14	19	22	40	203	#
778	330.928	5	6	7	14	15	22	23	203	#
779	682.273	36	37	43	44	45	52	53	54	62	204	#
780	643.386	36	44	45	46	53	54	61	62	63	204	#
781	560.098	37	45	52	53	54	60	61	62	63	204	#
782	541.452	36	37	38	44	45	46	52	53	60	204	#
783	536.661	28	29	36	37	44	45	46	47	52	204	#
784	512.543	18	37	45	52	53	54	60	61	62	204	#
785	534.073	37	38	46	53	54	205	#
786	439.222	45	53	54	61	62	205	#
787	372.025	37	38	39	46	47	205	#
788	337.472	45	53	54	55	61	205	#
789	283.839	30	31	37	38	45	205	#
790	232.732	36	37	38	44	45	205	#
791	39.5306	56	57	58	59	#
792	623.74	24	32	33	34	40	41	42	43	44	45	48	49	50	51	52	56	57	58	59	206	#
793	893.903	10	17	19	20	26	33	40	41	42	43	44	48	49	50	51	52	58	59	60	206	#
794	891.994	27	28	35	36	41	42	43	44	50	51	52	54	55	58	59	60	61	62	63	206	#
795	872.156	0	1	2	8	9	15	41	42	48	49	50	51	52	56	57	58	59	60	61	206	#
796	849.355	40	41	42	43	44	48	49	50	51	52	53	54	56	57	58	59	60	61	62	206	#
797	845.582	11	19	27	28	36	40	41	42	43	44	45	48	50	51	52	58	59	60	61	206	#
798	679.651	26	27	28	36	37	43	44	45	51	52	53	59	60	61	207	#
799	994.957	6	25	33	34	38	39	41	53	54	55	60	61	62	63	207	#
800	845.96	8	9	10	16	17	24	44	45	46	47	53	54	55	62	207	#
801	797.084	22	26	30	31	37	38	44	45	46	53	54	60	61	62	207	#
802	765.016	1	2	9	10	16	17	25	26	27	28	29	32	33	34	207	#
803	728.563	3	4	12	13	29	30	37	38	39	45	46	53	54	61	207	#
804	266.657	45	46	47	55	208	#
805	363.758	10	38	46	47	208	#
806	281.623	30	38	45	46	208	#
807	264.06	39	46	47	55	208	#
808	232.496	29	37	45	53	208	#
809	891.181	17	18	19	20	25	26	27	28	33	35	36	42	43	51	54	58	209	#
810	1148.66	10	18	19	20	21	22	23	26	27	28	29	30	31	34	35	39	209	#
811	1100.58	3	11	13	16	17	18	19	20	21	22	23	27	28	29	30	31	209	#
812	1091.04	8	9	16	17	18	19	20	21	22	25	26	27	28	33	34	35	209	#
813	1081.82	7	42	45	46	48	49	50	51	52	53	54	58	59	60	61	62	209	#
814	1047.66	17	19	20	25	26	27	28	29	32	33	34	37	42	50	51	58	209	#
815	1760.03	0	1	2	8	9	10	11	14	16	17	19	20	21	22	25	26	27	28	29	30	35	36	37	42	43	44	45	46	50	51	53	210	#
816	2114.03	19	21	22	23	27	28	29	30	31	36	37	38	41	42	43	44	45	46	47	50	51	52	53	54	55	58	59	60	61	62	63	210	#
817	2113.77	19	20	22	27	28	29	30	31	33	35	36	37	38	39	41	42	43	44	45	46	47	50	51	52	53	54	55	60	61	62	63	210	#
818	2031.05	3	11	18	19	26	27	28	29	30	35	36	37	38	39	43	44	45	46	47	50	51	52	53	54	55	58	59	60	61	62	63	210	#
819	1965.28	3	11	12	13	14	15	19	20	21	22	23	27	28	31	36	42	43	44	45	46	50	51	52	53	54	55	58	59	60	61	62	210	#
820	1945.97	6	14	15	20	21	22	23	28	29	30	36	37	38	39	42	43	44	45	46	47	51	52	53	54	55	58	59	60	61	62	63	210	#
821	97.4947	9	16	17	24	32	#
822	70.3862	16	#
823	1331	0	1	2	3	8	9	10	11	16	17	18	19	24	25	26	27	28	29	32	33	34	41	42	45	49	50	212	#
824	1625.19	26	27	28	29	34	35	36	40	42	43	44	45	46	47	48	49	50	51	52	53	58	59	60	61	62	63	212	#
825	1605.54	0	1	2	3	4	5	6	8	9	10	11	12	13	14	16	17	18	19	20	25	26	27	45	46	53	63	212	#
826	1597.47	0	1	2	3	4	8	9	10	11	16	17	18	19	24	25	26	32	33	34	40	41	47	48	49	55	61	212	#
827	1593.34	0	1	2	3	4	5	8	9	10	11	12	13	17	18	19	24	25	27	32	33	34	35	47	55	62	63	212	#
828	1520.05	0	1	2	3	4	5	6	7	8	9	10	11	12	13	16	17	18	19	20	24	25	26	27	32	33	34	212	#
829	358.974	1	2	8	9	10	16	17	18	213	#
830	517.28	2	3	9	10	11	18	19	27	213	#
831	476.902	10	11	18	19	31	41	49	50	213	#
832	441.157	1	8	9	10	16	17	39	47	213	#
833	435.02	2	5	6	10	11	12	19	27	213	#
834	339.072	1	2	8	9	16	17	18	25	213	#
835	356.011	42	43	44	50	51	52	214	#
836	402.76	25	33	34	41	42	49	214	#
837	327.336	29	36	37	44	45	53	214	#
838	326.498	41	42	50	51	58	59	214	#
839	271.995	50	51	52	58	59	60	214	#
840	248.301	42	43	44	45	50	52	214	#
841	318.262	2	9	10	18	19	27	215	#
842	352.868	2	3	9	10	18	63	215	#
843	318.716	5	11	13	18	19	20	215	#
844	267.133	27	28	29	35	36	37	215	#
845	249.992	3	17	18	24	25	33	215	#
846	226.564	2	9	10	11	17	24	215	#
847	996.055	2	3	4	5	6	7	9	12	13	14	15	21	22	23	29	30	38	39	46	216	#
848	1306.97	13	18	19	20	21	22	27	28	29	30	36	38	39	46	47	53	54	55	62	216	#
849	1264.22	7	14	15	20	21	22	23	29	30	31	36	37	38	39	45	46	47	53	54	216	#
850	1226.15	15	22	23	28	29	30	37	38	39	43	44	45	46	52	53	54	60	61	62	216	#
851	1199.48	6	14	15	21	22	23	28	29	30	31	36	37	38	39	47	53	54	55	63	216	#
852	1132	6	7	14	15	22	23	28	29	30	31	38	39	44	45	46	47	53	54	55	216	#
853	18.7856	44	#
854	338.989	7	14	15	21	22	23	217	#
855	367.124	15	22	23	30	31	39	217	#
856	354.716	14	20	21	22	23	26	217	#
857	345.732	15	22	30	31	46	47	217	#
858	304.081	7	14	15	54	55	60	217	#
859	233.296	5	6	7	13	15	23	217	#
860	131.89	29	30	37	218	#
861	173.79	20	28	29	218	#
862	103.526	37	44	45	218	#
863	720.924	32	33	34	41	48	49	50	219	#
864	623.241	33	40	41	42	48	49	50	219	#
865	599.145	34	41	42	43	44	50	51	219	#
866	588.809	33	41	42	49	50	56	57	219	#
867	588.552	42	48	49	50	51	56	57	219	#
868	520.742	42	43	48	49	50	56	57	219	#
869	571.288	9	10	11	16	17	18	25	26	34	42	220	#
870	667.11	0	1	2	8	9	17	25	26	27	34	220	#
871	666.286	17	18	25	26	27	33	34	40	41	48	220	#
872	655.478	1	2	3	4	9	10	11	12	18	19	220	#
873	631.331	25	26	33	34	41	42	49	50	51	59	220	#
874	614.574	0	1	2	3	8	9	10	16	17	18	220	#
875	463.976	6	7	12	13	14	15	21	22	23	31	221	#
876	537.703	6	7	14	15	22	23	30	31	38	39	221	#
877	506.849	1	2	5	6	8	12	13	16	21	22	221	#
878	499.11	4	5	6	7	12	13	14	15	22	23	221	#
879	492.709	2	3	4	5	10	11	12	13	21	22	221	#
880	489.012	3	4	5	13	14	21	22	23	36	37	221	#
881	183.025	2	9	10	19	222	#
882	223.489	18	19	20	27	222	#
883	177.143	1	8	9	16	222	#
884	172.95	2	9	16	17	222	#
885	167.188	2	8	9	10	222	#
886	851.751	17	23	25	26	30	31	33	34	38	39	41	42	43	223	#
887	1078.96	0	1	8	9	16	17	20	24	28	29	37	38	39	223	#
888	1032.83	13	14	21	22	23	30	31	37	38	39	45	46	47	223	#
889	977.976	6	14	19	20	21	22	23	28	29	30	38	48	56	223	#
890	970.573	5	13	20	21	22	23	28	29	30	31	37	38	39	223	#
891	905.637	13	20	21	24	25	26	27	32	33	34	41	49	50	223	#
892	518.585	14	15	16	23	29	30	31	36	37	45	224	#
893	652.259	19	20	27	28	29	30	31	35	37	38	224	#
894	625.961	1	2	8	9	15	17	23	29	30	31	224	#
895	618.27	7	14	15	22	23	27	28	29	30	37	224	#
896	508.932	7	14	15	22	23	28	29	30	31	38	224	#
897	506.945	5	6	12	13	14	15	21	22	23	31	224	#
898	348.593	25	33	34	40	41	42	43	225	#
899	413.467	40	41	42	48	49	50	57	225	#
900	394.919	40	41	42	43	50	51	58	225	#
901	388.579	26	27	33	34	35	42	43	225	#
902	361.115	41	42	43	50	51	57	58	225	#
903	319.978	26	32	33	34	42	49	50	225	#
904	485.575	29	30	31	36	37	38	39	44	45	46	52	226	#
905	697.507	10	18	19	26	27	43	44	51	52	57	59	226	#
906	684.827	10	11	15	21	22	23	29	30	31	38	39	226	#
907	669.471	18	19	20	27	28	36	43	44	45	46	51	226	#
908	633.71	29	30	37	38	45	46	53	54	60	61	62	226	#
909	627.2	15	22	23	30	31	36	37	38	45	46	53	226	#
910	807.334	30	36	37	38	43	44	45	46	47	52	53	54	55	63	227	#
911	940.025	4	6	7	14	21	22	23	28	29	30	31	36	39	47	227	#
912	850.994	22	28	29	30	31	36	37	38	39	44	45	47	53	54	227	#
913	841.653	23	29	30	31	37	38	39	44	45	46	47	52	53	55	227	#
914	813.785	29	30	31	36	37	38	39	44	45	46	47	51	52	60	227	#
915	790.45	0	1	8	29	30	31	37	38	39	44	45	53	54	62	227	#
916	199.864	50	51	58	228	#
917	253.697	49	50	51	228	#
918	154.539	44	51	52	228	#
919	300.826	6	13	14	15	19	20	21	229	#
920	439.992	3	5	11	13	19	20	27	229	#
921	388.064	4	5	11	12	13	20	21	229	#
922	368.751	5	11	12	13	19	20	40	229	#
923	303.348	5	6	12	13	14	20	21	229	#
924	269.272	6	7	13	14	15	20	23	229	#
925	440.523	28	29	30	31	36	37	38	39	47	230	#
926	644.475	29	37	38	45	53	54	55	61	62	230	#
927	641.73	38	39	45	46	47	53	55	61	63	230	#
928	631.222	20	26	27	28	29	34	36	37	38	230	#
929	519.115	13	14	20	21	22	23	30	31	39	230	#
930	110.182	14	15	22	#
931	65.7109	4	#
932	531.454	5	6	13	14	15	20	21	22	23	232	#
933	603.01	5	6	13	14	19	20	21	22	23	232	#
934	593.434	6	14	22	23	29	37	45	53	56	232	#
935	572.552	7	15	22	23	29	30	31	38	39	232	#
936	544.957	5	6	7	12	13	14	15	20	22	232	#
937	542.61	5	6	7	13	14	15	21	22	23	232	#
938	823.027	11	19	20	28	29	30	36	37	38	39	44	52	63	233	#
939	935.866	15	21	22	23	29	30	31	38	39	45	46	53	63	233	#
940	868.71	0	1	9	17	23	28	29	30	31	36	37	39	47	233	#
941	861.784	3	11	12	13	14	15	19	20	21	23	27	28	35	233	#
942	838.664	18	21	22	23	30	31	38	39	43	46	47	51	52	233	#
943	811.713	22	23	28	29	30	31	36	37	38	39	44	45	46	233	#
944	18.6522	13	#
945	69.6431	14	15	23	234	#
946	77.0828	15	23	31	234	#
947	48.347	7	14	15	234	#
948	1588.45	0	1	2	3	4	5	6	7	8	9	10	12	16	17	18	19	24	25	26	27	32	33	34	35	41	42	43	44	51	52	235	#
949	2041.53	3	4	5	6	7	11	12	13	14	15	18	19	20	21	22	23	26	27	28	29	30	35	37	38	41	42	43	45	50	51	235	#
950	1992.31	4	11	12	19	25	26	27	28	29	30	32	33	34	35	36	37	42	43	44	45	46	47	49	50	51	54	58	59	61	62	235	#
951	1964.22	4	5	11	12	13	19	20	21	22	23	25	26	27	28	29	30	31	34	35	36	37	38	39	42	43	45	46	47	53	61	235	#
952	1843.51	0	1	9	19	20	21	25	26	27	28	29	34	35	36	41	42	43	44	45	49	50	51	52	53	54	55	56	57	58	59	235	#
953	1784.63	10	11	13	18	19	20	25	26	27	28	31	33	34	35	36	39	40	41	42	43	44	48	49	50	51	52	56	57	58	60	235	#
954	209.189	26	27	28	35	236	#
955	257.56	27	35	37	43	236	#
956	217.539	26	27	28	36	236	#
957	118.856	28	29	30	36	236	#
958	949.493	4	12	13	14	19	20	21	26	27	28	29	30	31	38	39	237	#
959	891.269	4	10	12	13	17	18	25	26	27	28	33	34	35	41	42	237	#
960	882.032	6	7	14	15	20	21	22	23	28	30	31	38	39	46	47	237	#
961	880.8	13	16	17	18	19	20	21	22	23	24	26	27	28	30	32	237	#
962	863.201	20	21	22	23	28	29	30	31	36	37	38	39	45	46	47	237	#
963	857.158	4	5	6	7	13	14	15	19	20	21	22	23	27	28	42	237	#
964	1971.78	1	2	8	9	10	13	17	18	19	20	27	28	29	30	35	36	37	38	40	41	42	43	44	45	46	49	50	51	52	53	58	59	60	61	62	238	#
965	2349.38	14	19	22	23	27	29	30	31	33	34	35	36	37	38	39	40	41	42	43	44	45	46	47	48	49	50	51	52	53	54	55	60	61	62	63	238	#
966	2283.65	5	6	19	21	22	27	28	29	30	31	34	36	37	38	39	40	41	42	43	44	45	46	47	49	50	51	52	53	54	55	59	60	61	62	63	238	#
967	2234.23	2	3	8	9	26	27	28	30	33	34	35	36	38	40	41	42	43	44	45	46	48	49	50	51	52	53	54	55	56	57	58	59	60	61	62	238	#
968	2209.6	15	20	21	27	28	29	30	31	34	35	36	39	40	41	42	43	44	45	47	48	49	50	51	52	53	54	55	56	57	58	59	60	61	62	63	238	#
969	2182.38	1	2	3	4	8	9	10	17	18	25	26	27	28	29	33	34	35	40	41	42	43	44	48	49	50	51	52	56	57	58	59	60	61	62	63	238	#
970	325.936	5	13	14	20	21	22	239	#
971	404.19	13	19	20	21	22	30	239	#
972	399.026	6	14	19	20	21	22	239	#
973	398.245	5	12	13	19	20	21	239	#
974	394.851	6	12	13	14	20	22	239	#
975	382.625	13	14	20	21	22	30	239	#
976	784.717	17	18	19	20	24	25	26	27	28	32	33	34	35	42	240	#
977	1144.16	11	13	19	20	25	26	27	35	47	54	55	61	62	63	240	#
978	1047.67	13	17	20	21	25	26	27	28	29	32	33	35	37	41	240	#
979	911.304	3	9	10	11	12	13	14	15	19	20	27	28	35	43	240	#
980	882.157	2	3	10	13	19	20	26	27	28	29	30	35	36	37	240	#
981	863.681	33	34	36	37	41	42	43	44	45	49	50	51	52	58	240	#
982	250.643	33	34	42	242	#
983	274.548	33	34	41	242	#
984	196.849	34	41	42	242	#
985	86.1466	38	#
986	96.473	6	7	14	243	#
987	91.7538	6	14	15	243	#
988	86.4192	6	7	15	243	#
989	58.974	7	14	15	243	#
990	948.73	1	2	3	4	5	8	9	10	11	12	13	16	17	18	20	21	22	28	244	#
991	1119.45	3	4	5	10	11	12	13	17	18	19	20	21	24	27	35	53	54	61	244	#
992	1114.54	0	1	3	4	5	6	8	9	10	11	12	13	20	21	28	29	37	45	244	#
993	1105.53	0	1	2	3	4	8	9	10	11	17	18	19	20	24	25	27	35	62	244	#
994	1083.31	6	11	12	13	14	19	20	21	22	24	25	26	30	31	32	33	34	41	244	#
995	1074.51	3	4	5	6	11	12	13	14	15	19	20	21	22	23	27	30	31	39	244	#
996	264.18	12	13	20	21	245	#
997	283.16	4	12	13	20	245	#
998	280.413	13	19	20	21	245	#
999	274.37	21	22	30	31	245	#
