%% File generated by CATS v.2.1Wed Jun 22 10:37:52 2022

%% The CATS webpage is http://robotics.stanford.edu/CATS

%% PARAMETER SETTINGS:
% Goods: 64; Bids: 1000; Distribution: regions; Runs: 1; Seed: 1656573019
% Regions Distribution Parameters:
% Max Substitutable Bids = 5
% Removing HV Neighbor   = 0.1
% Adding DIAG Neighbor   = 0.2
% Additional Location    = 0.9
% Jump Probability       = 0.05
% Additivity             = 0.2
% Budget Factor          = 1.5
% Resale Factor          = 0.5
% Normal Private Value:
%   Mean                 = 0
%   Standard Deviation   = 30



goods 64
bids 1005
dummy 187

0	530.362	11	14	16	17	18	19	24	27	64	#
1	677.951	11	19	46	51	52	59	60	61	64	#
2	573.07	0	8	9	11	16	17	18	19	64	#
3	539.329	8	9	10	16	17	24	32	40	64	#
4	468.537	11	12	18	19	20	21	27	28	64	#
5	466.911	0	1	8	9	16	17	24	32	64	#
6	1098.25	3	4	5	6	11	12	13	14	20	21	22	23	28	29	30	36	38	44	65	#
7	1272.67	12	20	21	22	27	28	29	30	36	37	38	42	43	44	50	51	52	57	65	#
8	1263.37	16	17	21	25	26	27	28	29	34	35	36	37	44	52	53	56	57	58	65	#
9	1174.98	12	13	14	15	20	21	22	23	27	28	29	30	31	36	38	39	44	46	65	#
10	1166.87	3	4	5	10	11	12	13	18	19	20	21	27	28	29	36	44	52	53	65	#
11	1153.82	14	20	21	22	28	29	30	31	36	37	38	39	44	46	47	52	53	54	65	#
12	105.803	2	#
13	385.418	19	20	21	22	27	28	29	66	#
14	404.365	19	20	27	28	36	45	53	66	#
15	396.956	10	12	18	19	20	27	36	66	#
16	386.541	5	21	22	23	29	30	38	66	#
17	377.637	11	12	19	27	28	43	51	66	#
18	372.391	21	22	23	29	30	31	35	66	#
19	162.68	22	30	59	67	#
20	239.521	59	60	61	67	#
21	160.094	10	21	22	67	#
22	631.15	3	4	10	11	18	44	45	51	52	53	68	#
23	676.035	25	26	36	43	44	45	51	52	53	54	68	#
24	664.224	27	36	41	42	43	44	45	49	51	52	68	#
25	613.573	3	4	10	11	12	18	19	27	36	44	68	#
26	596.145	1	2	3	9	10	17	18	19	27	28	68	#
27	555.928	20	27	28	36	37	43	44	45	51	53	68	#
28	40.972	62	#
29	56.8018	32	#
30	149.632	46	53	54	55	69	#
31	217.791	10	52	53	54	69	#
32	81.7319	24	32	33	48	56	#
33	28.2458	54	#
34	818.134	4	5	26	34	35	36	37	43	45	70	#
35	779.79	27	28	35	36	37	38	43	44	45	70	#
36	742.815	26	30	31	35	36	37	38	45	58	70	#
37	735.832	28	29	34	35	36	43	44	45	53	70	#
38	686.72	25	26	33	34	35	36	44	45	52	70	#
39	649.091	4	35	36	37	43	44	45	53	56	70	#
40	424.818	1	2	3	4	10	11	12	17	18	19	71	#
41	575.869	2	10	11	12	13	21	28	29	30	38	71	#
42	563.418	0	1	2	3	8	9	10	17	25	32	71	#
43	537.409	0	1	2	8	9	10	17	18	25	26	71	#
44	471.125	0	2	8	9	10	11	12	17	18	25	71	#
45	465.627	8	9	16	17	24	25	26	32	33	57	71	#
46	838.956	1	2	3	4	9	10	16	17	18	24	25	53	54	61	62	63	72	#
47	1153.88	9	10	11	16	17	24	25	26	32	33	34	40	41	42	43	49	72	#
48	1138.55	8	16	24	25	26	34	35	41	42	43	50	51	52	53	61	62	72	#
49	1133.12	26	34	35	36	37	43	44	45	50	51	52	58	59	60	61	62	72	#
50	1120.05	12	16	20	24	28	32	36	40	41	48	49	50	51	56	57	58	72	#
51	1064.41	34	40	42	45	49	50	51	53	54	55	58	59	60	61	62	63	72	#
52	89.1396	12	13	21	73	#
53	124.094	11	12	13	73	#
54	71.0212	12	13	20	73	#
55	59.7932	21	#
56	1330.83	2	3	4	5	6	7	10	11	12	13	14	15	19	20	21	22	23	27	28	29	30	31	37	38	39	47	74	#
57	1591.04	10	11	19	20	21	22	26	27	28	29	30	31	34	35	36	37	38	42	43	44	45	54	55	61	62	63	74	#
58	1521.74	12	14	15	20	21	22	23	27	28	29	30	31	36	37	38	39	43	44	46	47	54	55	60	61	62	63	74	#
59	1495.51	4	5	6	7	11	14	15	22	23	27	28	29	30	31	35	36	37	38	39	45	46	47	54	55	62	63	74	#
60	1472.19	4	5	6	7	8	11	12	13	14	15	19	20	21	22	23	26	27	28	29	30	31	36	37	38	44	45	74	#
61	1462.97	1	2	4	5	6	7	10	11	12	13	14	15	17	18	19	20	21	22	23	27	28	29	36	37	38	45	74	#
62	70.8855	26	#
63	273.124	3	4	5	6	13	75	#
64	305.928	3	4	5	13	21	75	#
65	302.304	3	4	5	11	12	75	#
66	270.04	2	3	4	47	55	75	#
67	254.126	5	12	13	21	25	75	#
68	197.163	6	7	14	15	23	75	#
69	497.141	29	30	38	39	47	76	#
70	476.597	18	29	30	31	38	76	#
71	475.877	29	30	31	38	39	76	#
72	434.072	29	30	37	38	45	76	#
73	398.341	21	29	31	38	39	76	#
74	256.359	38	39	46	47	54	76	#
75	258.602	26	35	43	51	77	#
76	303.2	25	26	35	57	77	#
77	210.27	35	42	43	44	77	#
78	168.292	12	20	26	35	77	#
79	154.417	43	51	52	59	77	#
80	757.502	0	1	2	4	6	7	8	9	10	11	16	17	25	26	35	78	#
81	938.907	0	4	5	6	7	8	11	12	13	15	20	21	23	28	29	78	#
82	888.391	26	32	34	35	40	41	42	43	44	45	49	50	51	52	57	78	#
83	869.365	2	4	5	7	10	11	12	13	18	19	20	27	28	29	30	78	#
84	830.975	2	4	5	6	10	11	13	19	26	27	34	35	36	37	45	78	#
85	818.728	26	27	34	35	36	40	41	42	43	45	49	50	51	58	59	78	#
86	66.643	55	#
87	77.1612	29	#
88	556.114	1	8	9	10	11	16	17	18	19	24	25	32	80	#
89	790.636	16	17	24	25	26	31	32	35	36	37	38	45	80	#
90	753.773	4	6	7	10	11	14	15	18	19	20	23	26	80	#
91	722.209	1	8	9	10	16	17	18	25	26	33	34	35	80	#
92	644.289	4	5	6	11	12	15	16	17	18	19	23	27	80	#
93	641.569	1	9	16	17	24	25	26	32	33	41	49	50	80	#
94	313.413	5	9	13	17	21	25	29	81	#
95	352.455	13	21	22	23	28	29	36	81	#
96	287.026	11	19	20	21	27	28	36	81	#
97	273.48	0	8	9	10	11	16	17	81	#
98	269.115	4	5	6	7	13	14	15	81	#
99	253.694	9	17	25	26	32	33	34	81	#
100	188.004	2	3	4	11	82	#
101	213.58	1	2	3	4	82	#
102	210.525	1	2	9	10	82	#
103	201.193	9	10	11	18	82	#
104	786.993	8	16	17	24	25	26	27	33	34	35	36	41	42	43	44	45	83	#
105	1121.8	4	5	6	7	15	26	28	33	34	35	36	37	43	44	45	52	83	#
106	1017.52	12	20	21	22	28	29	30	31	36	37	42	43	44	45	51	59	83	#
107	985.215	1	12	13	20	26	28	29	30	31	32	35	36	37	38	44	45	83	#
108	953.334	26	32	33	34	35	36	37	40	41	42	43	45	48	50	51	56	83	#
109	918.314	24	25	26	32	33	34	35	36	37	40	41	42	43	48	49	50	83	#
110	1102.16	5	12	13	14	15	21	22	23	28	29	30	31	36	38	39	45	84	#
111	1226.39	6	7	14	15	23	26	27	28	29	30	31	35	36	37	38	39	84	#
112	1185.09	7	14	15	23	28	29	31	37	38	39	46	47	51	52	59	60	84	#
113	1154.89	0	7	9	10	11	14	19	20	21	27	28	29	30	35	36	45	84	#
114	1149.5	21	29	31	36	37	38	43	44	45	51	52	53	54	55	59	60	84	#
115	1106.25	14	21	22	23	27	28	29	30	31	35	36	37	38	39	45	46	84	#
116	319.181	0	8	9	10	11	17	18	85	#
117	384.014	0	8	9	17	20	28	29	85	#
118	342.795	10	17	18	25	26	32	33	85	#
119	339.275	4	10	11	12	17	18	20	85	#
120	334.238	10	11	12	18	19	20	27	85	#
121	324.457	0	1	8	9	10	17	18	85	#
122	2205.56	0	2	3	4	5	6	7	8	9	10	11	12	13	14	16	17	18	19	20	23	24	25	26	27	28	29	32	33	34	35	36	37	38	39	40	41	42	43	44	45	46	47	48	49	50	51	52	53	54	55	59	60	61	62	63	86	#
123	2751.01	1	2	3	4	5	8	9	10	11	12	13	14	16	17	18	19	20	21	22	23	24	25	26	27	28	29	30	31	32	33	34	35	36	37	38	40	41	42	43	44	45	46	47	49	50	51	52	53	54	57	58	59	60	61	62	86	#
124	2726.31	0	1	2	3	5	6	7	8	9	10	13	14	15	16	17	18	19	20	21	22	23	24	25	26	27	28	29	30	31	32	33	34	36	37	38	40	41	42	43	44	45	46	48	49	50	51	52	53	56	57	58	59	60	61	62	86	#
125	2654.48	0	1	2	3	4	5	8	9	10	11	12	13	14	15	16	17	18	19	20	21	22	23	24	25	26	27	28	29	30	31	33	34	35	36	37	38	39	41	42	43	44	45	46	47	49	50	51	52	53	54	57	58	59	60	61	86	#
126	2650.8	0	1	2	3	4	5	6	7	8	9	10	11	12	13	14	15	16	17	18	19	20	21	22	23	24	25	26	27	28	29	30	31	32	33	34	35	36	38	39	40	41	42	43	44	45	46	47	48	49	50	51	52	56	57	58	86	#
127	2649.05	0	3	4	5	7	8	9	10	11	12	13	14	15	16	17	18	19	20	21	22	23	25	26	27	28	29	30	31	32	33	34	35	36	37	38	40	41	42	43	44	45	46	48	49	50	51	52	53	54	56	57	58	59	60	61	86	#
128	615.435	5	11	12	13	19	20	21	22	29	30	36	37	38	46	87	#
129	916.979	1	2	3	4	10	11	12	19	20	21	28	29	30	36	87	#
130	851.335	1	9	16	17	18	19	21	27	28	29	36	37	42	50	87	#
131	813.058	6	14	15	22	23	30	31	37	38	41	42	44	45	50	87	#
132	804.843	18	19	20	23	27	28	29	30	31	35	36	38	39	46	87	#
133	796.85	2	4	5	6	10	11	12	15	19	27	28	34	36	37	87	#
134	74.8894	25	#
135	743.644	0	1	2	8	9	16	17	24	25	32	40	41	48	88	#
136	847.403	16	17	24	25	32	37	40	41	45	49	53	54	57	88	#
137	780.026	27	34	35	36	40	41	42	43	44	45	50	51	52	88	#
138	773.078	17	24	25	32	33	40	41	48	49	50	51	58	59	88	#
139	742.985	0	1	2	3	4	8	9	10	11	16	17	24	25	88	#
140	739.824	33	40	41	43	48	49	50	51	52	53	56	57	58	88	#
141	492.873	45	46	47	52	53	54	55	60	62	89	#
142	547.405	22	29	30	31	38	39	46	47	55	89	#
143	494.73	38	46	47	53	54	55	61	62	63	89	#
144	493.314	45	46	47	53	54	55	61	62	63	89	#
145	486.279	17	25	26	44	46	52	53	54	62	89	#
146	415.237	36	37	38	43	44	45	52	53	54	89	#
147	145.594	41	#
148	179.714	26	34	42	90	#
149	162.108	25	33	41	90	#
150	156.206	40	41	42	90	#
151	252.596	37	38	45	91	#
152	258.664	29	37	38	91	#
153	252.373	36	37	45	91	#
154	49.875	34	35	92	#
155	63.2122	17	35	92	#
156	744.317	1	2	3	4	5	6	7	9	10	11	12	13	17	20	21	25	33	93	#
157	1037.25	2	3	4	5	10	11	12	13	19	27	28	35	36	37	43	45	53	93	#
158	996.8	3	4	5	11	12	13	20	21	22	23	27	28	29	30	36	38	45	93	#
159	996.476	8	16	24	25	26	32	33	34	35	36	37	40	41	43	48	56	57	93	#
160	938.699	0	1	2	3	4	8	9	10	11	12	13	18	19	20	27	36	45	93	#
161	896.277	17	25	26	33	34	35	36	40	41	42	44	48	49	50	56	57	58	93	#
162	122.564	46	47	94	#
163	98.4278	38	46	94	#
164	69.4441	39	47	94	#
165	2164.74	3	4	5	6	7	11	12	13	14	15	20	21	22	23	28	29	30	31	33	34	36	37	38	41	42	43	44	45	46	47	52	53	54	55	60	61	62	63	244	#
166	579.421	8	12	13	16	17	21	25	29	32	33	95	#
167	598.921	0	8	9	16	17	25	26	32	33	34	95	#
168	574.335	12	20	27	28	35	36	37	38	56	62	95	#
169	556.298	24	32	33	34	40	41	48	49	56	57	95	#
170	543.52	0	9	10	11	17	25	32	33	34	42	95	#
171	543.305	19	20	21	22	23	29	30	31	38	39	95	#
172	477.316	23	29	30	31	38	39	47	96	#
173	484.919	29	31	37	38	39	46	47	96	#
174	406.63	20	21	22	28	29	30	36	96	#
175	396.248	14	15	22	23	31	39	43	96	#
176	385.881	31	39	46	47	55	60	61	96	#
177	384.305	22	29	30	31	38	39	47	96	#
178	198.961	37	44	45	53	97	#
179	249.725	36	37	45	53	97	#
180	240.87	27	36	37	45	97	#
181	187.78	44	45	51	52	97	#
182	127.64	51	52	53	59	97	#
183	1114.9	6	12	14	15	20	21	22	23	28	30	31	36	37	38	39	44	46	98	#
184	1319.31	14	21	22	23	27	28	30	31	36	37	38	39	43	44	46	52	53	98	#
185	1261.85	27	28	30	31	36	37	38	40	41	42	44	45	48	49	50	52	57	98	#
186	1244.9	1	7	15	20	21	22	23	28	29	30	31	36	38	39	46	55	63	98	#
187	1183.57	12	13	21	22	26	27	30	31	34	35	36	37	38	39	43	44	45	98	#
188	1183.15	14	21	22	23	27	29	30	31	36	37	38	39	46	47	54	55	63	98	#
189	1330.89	2	5	9	10	13	15	17	20	21	23	29	30	31	37	38	39	45	53	54	61	62	99	#
190	1342.93	23	28	29	30	31	36	37	38	44	45	46	50	51	52	53	54	55	58	61	62	63	99	#
191	1293.28	13	21	28	29	30	31	36	38	39	43	45	47	51	53	54	55	59	60	61	62	63	99	#
192	1261.55	0	1	2	3	9	10	11	12	13	17	21	22	23	25	29	30	31	37	38	39	45	99	#
193	1234.39	10	11	19	20	22	28	29	30	31	37	38	39	45	46	47	53	54	55	61	62	63	99	#
194	1233.8	4	5	6	11	12	13	14	19	20	21	22	23	28	29	30	31	38	39	40	46	47	99	#
195	113.451	35	36	100	#
196	132.468	36	37	100	#
197	124.269	34	35	100	#
198	834.994	3	4	5	6	11	14	15	19	20	21	22	23	30	101	#
199	994.506	3	4	5	6	7	14	15	22	29	30	31	38	46	101	#
200	966.435	4	5	6	7	14	15	22	23	29	30	31	38	39	101	#
201	960.911	3	4	5	6	7	14	15	22	23	29	30	61	62	101	#
202	937.798	6	7	14	15	21	22	23	28	29	50	58	61	62	101	#
203	913.78	12	20	21	22	28	29	30	35	36	43	44	50	51	101	#
204	609.901	1	9	16	17	18	24	25	26	32	40	41	102	#
205	699.275	0	8	9	10	16	17	24	25	59	60	61	102	#
206	658.459	0	1	2	3	4	9	10	11	16	17	24	102	#
207	612.269	0	1	2	8	9	10	11	16	17	18	25	102	#
208	569.937	3	4	9	10	11	16	17	24	41	42	49	102	#
209	526.59	0	8	9	16	17	24	25	26	32	33	41	102	#
210	8.82309	58	#
211	448.307	0	1	2	8	9	10	14	15	23	103	#
212	590.933	6	7	15	23	31	37	38	39	47	103	#
213	491.8	0	1	2	3	4	8	9	10	17	103	#
214	490.252	1	2	3	9	10	18	22	23	30	103	#
215	472.869	6	7	14	15	23	31	37	38	39	103	#
216	459.339	1	8	9	10	16	17	18	24	25	103	#
217	48.2056	11	#
218	319.482	12	13	20	21	27	28	29	38	104	#
219	451.197	3	4	11	12	13	19	20	21	104	#
220	441.47	8	13	14	21	22	29	30	38	104	#
221	404.335	20	27	28	35	36	37	44	45	104	#
222	402.416	19	27	34	35	36	37	38	46	104	#
223	1663.81	7	10	11	13	14	15	18	19	20	21	22	23	27	28	29	30	31	37	38	39	45	47	52	53	54	55	58	62	63	105	#
224	1829.43	5	27	28	31	32	36	37	39	40	41	42	43	44	45	47	48	49	50	51	52	53	54	55	56	57	58	61	62	63	105	#
225	1748.52	4	5	6	11	22	23	28	29	30	31	35	36	37	38	39	43	44	45	47	51	52	53	54	55	59	60	61	62	63	105	#
226	1718.77	21	22	23	30	31	35	36	37	38	39	40	43	44	45	47	49	50	51	52	53	54	55	57	58	59	60	61	62	63	105	#
227	1712.18	4	5	6	7	9	12	13	14	15	17	18	19	20	21	22	23	25	27	28	29	30	31	36	38	39	47	54	55	63	105	#
228	1707.64	13	21	25	26	29	30	31	32	35	36	38	39	41	42	43	44	45	47	50	51	52	53	54	55	58	59	61	62	63	105	#
229	621.652	26	34	35	37	42	43	45	50	51	106	#
230	687.005	25	26	27	28	29	32	35	36	43	106	#
231	672.589	35	36	37	43	44	45	51	52	60	106	#
232	650.23	42	48	49	50	51	52	57	59	60	106	#
233	578.561	25	26	32	34	35	42	49	50	58	106	#
234	569.267	36	44	45	51	52	53	54	59	60	106	#
235	122.791	47	55	107	#
236	163.372	46	47	107	#
237	364.898	16	17	25	26	32	33	40	41	108	#
238	514.256	1	8	9	10	16	17	24	25	108	#
239	485.976	14	23	29	31	38	39	40	48	108	#
240	476.686	26	34	35	36	43	44	45	53	108	#
241	455.404	9	16	17	24	25	26	34	44	108	#
242	429.367	9	16	17	24	25	26	32	33	108	#
243	806.45	0	17	18	25	26	32	33	40	41	42	48	49	50	51	56	109	#
244	1109.85	11	13	16	17	18	19	25	26	27	35	36	43	44	45	51	109	#
245	988.418	6	7	28	36	40	41	44	45	49	50	51	52	53	55	60	109	#
246	956.518	16	25	26	32	33	34	35	43	50	51	52	59	60	61	62	109	#
247	914.228	0	1	9	10	16	17	18	19	24	25	26	32	33	40	41	109	#
248	897.783	0	1	3	8	9	10	16	17	18	20	21	28	29	36	44	109	#
249	591.545	42	43	44	45	50	51	52	59	60	61	110	#
250	708.813	40	41	42	43	44	49	50	51	57	58	110	#
251	702.666	35	36	37	38	43	44	45	51	52	53	110	#
252	667.87	36	37	43	44	45	52	53	54	62	63	110	#
253	640.681	35	43	44	49	50	51	52	58	59	60	110	#
254	594.555	19	21	22	27	35	36	37	44	45	52	110	#
255	448.788	22	23	29	30	31	37	38	39	46	47	54	111	#
256	663.294	36	37	38	45	46	47	53	54	55	62	63	111	#
257	650.978	5	13	21	22	28	29	30	31	38	39	46	111	#
258	549.892	38	39	45	46	47	52	53	54	55	62	63	111	#
259	531.077	23	30	31	38	39	46	47	49	50	57	58	111	#
260	511.53	33	37	40	41	42	45	52	53	54	55	62	111	#
261	410.114	1	9	12	17	18	19	112	#
262	463.192	3	11	12	19	20	28	112	#
263	457.543	10	17	18	19	27	28	112	#
264	386.168	9	10	17	18	25	32	112	#
265	352.573	8	16	17	18	24	25	112	#
266	337.988	1	8	9	17	48	56	112	#
267	336.187	0	1	2	3	9	10	11	18	113	#
268	491.718	3	4	5	11	12	20	21	28	113	#
269	400.879	0	1	2	3	8	9	10	17	113	#
270	367.778	0	1	2	8	9	10	16	17	113	#
271	353.583	0	1	9	10	17	40	41	42	113	#
272	333.842	3	4	8	9	10	11	12	17	113	#
273	811.295	23	28	29	30	31	36	37	38	39	46	47	54	55	114	#
274	1015.9	29	35	36	37	38	44	45	46	47	51	52	53	60	114	#
275	957.706	17	24	25	32	33	38	45	46	47	52	53	54	55	114	#
276	954.092	4	26	28	29	30	31	35	36	37	38	43	44	45	114	#
277	915.967	35	36	37	45	46	47	52	53	54	55	60	62	63	114	#
278	893	14	20	27	28	29	30	31	36	37	38	39	46	47	114	#
279	270.66	40	48	49	50	51	57	115	#
280	352.888	40	41	48	49	56	57	115	#
281	351.748	48	49	50	56	57	58	115	#
282	312.132	28	41	42	49	50	57	115	#
283	269.002	16	25	32	40	48	56	115	#
284	211.466	35	43	44	51	52	59	115	#
285	2319.5	10	11	13	19	20	21	23	25	26	27	28	29	31	32	33	34	35	36	37	38	40	41	42	43	44	45	46	47	48	49	50	51	52	53	54	55	56	57	58	59	60	61	62	63	116	#
286	2693.33	3	4	5	6	7	8	10	11	12	13	14	15	16	18	19	20	21	22	23	25	26	27	28	29	30	31	33	34	35	36	37	38	39	41	42	43	44	45	49	51	52	53	57	63	116	#
287	2620.24	5	6	7	8	12	13	14	15	16	18	19	20	21	22	23	25	26	27	28	29	30	31	33	34	35	36	37	38	39	42	43	44	45	46	47	51	52	53	54	55	59	61	62	63	116	#
288	2600.59	6	7	10	12	13	14	15	18	19	20	21	22	23	27	28	29	30	31	34	35	36	37	38	39	40	43	44	45	46	47	48	49	51	52	53	54	55	56	57	58	60	61	62	63	116	#
289	2550.49	1	2	3	7	10	14	15	16	19	20	21	22	23	24	25	26	27	28	29	30	31	32	33	34	35	36	37	38	39	40	41	42	43	44	45	46	48	49	50	51	52	53	59	60	116	#
290	2541.54	0	3	5	6	7	8	11	12	13	14	15	19	20	21	22	23	25	26	27	28	29	30	31	32	35	36	37	38	39	40	41	42	43	44	45	48	49	50	51	52	53	56	57	60	116	#
291	917.299	21	28	29	30	31	34	35	36	37	38	39	45	46	53	117	#
292	1181.06	5	6	13	14	20	21	22	23	28	29	30	31	38	46	117	#
293	1013.48	21	22	28	29	30	38	46	47	52	53	54	55	62	63	117	#
294	992.592	14	21	22	23	29	30	31	38	39	46	47	54	55	63	117	#
295	970.453	12	14	20	21	22	23	29	30	31	37	38	39	46	47	117	#
296	955.139	0	6	13	14	15	19	21	22	23	29	30	31	37	38	117	#
297	137.026	60	61	118	#
298	135.396	52	60	118	#
299	219.814	5	13	20	21	119	#
300	301.916	20	21	28	29	119	#
301	204.909	6	14	21	22	119	#
302	170.31	11	12	13	20	119	#
303	137.595	5	6	7	13	119	#
304	344.257	25	26	34	35	41	42	120	#
305	412.842	36	41	42	44	49	50	120	#
306	403.167	25	26	32	33	34	41	120	#
307	382.885	26	32	33	34	35	43	120	#
308	354.229	26	34	35	42	43	50	120	#
309	317.36	17	25	26	34	35	50	120	#
310	252.385	6	14	15	22	23	31	121	#
311	351.277	20	21	22	28	29	30	121	#
312	328.913	23	31	38	39	46	47	121	#
313	311.842	4	5	6	7	15	26	121	#
314	296.471	6	7	14	15	23	31	121	#
315	282.665	14	15	22	23	30	31	121	#
316	74.351	3	4	11	122	#
317	83.5836	10	11	12	122	#
318	975.265	24	25	26	32	33	34	35	40	41	42	43	44	48	49	50	51	56	57	58	59	123	#
319	1331.09	17	25	26	28	33	34	35	36	37	41	42	43	44	45	49	50	51	52	53	60	123	#
320	1255.69	17	25	26	33	34	35	36	41	42	43	44	45	50	51	52	53	54	59	60	61	123	#
321	1252.55	17	24	25	26	32	33	34	35	36	40	41	42	43	44	48	49	50	52	57	58	123	#
322	1246.92	9	10	16	17	24	25	26	27	33	34	35	36	37	41	44	45	52	53	60	62	123	#
323	1218.6	17	25	26	27	28	33	34	35	36	37	40	41	42	43	44	45	49	50	51	58	123	#
324	446.01	26	27	28	34	35	36	124	#
325	569.201	27	36	37	43	44	45	124	#
326	567.755	2	27	28	29	30	36	124	#
327	495.96	18	19	20	27	28	36	124	#
328	466.12	26	27	35	36	37	45	124	#
329	307.928	25	26	34	35	42	43	124	#
330	570.725	3	10	11	12	16	17	18	19	20	21	22	23	24	27	125	#
331	818.49	5	6	9	10	14	15	21	22	28	29	30	37	38	39	125	#
332	789.922	9	16	17	24	25	32	34	40	41	42	48	49	56	57	125	#
333	777.482	2	3	4	10	11	12	19	20	21	22	27	28	29	38	125	#
334	776.819	10	11	17	18	19	20	25	26	27	28	29	35	36	44	125	#
335	691.881	0	8	9	16	17	24	25	26	32	33	34	35	36	41	125	#
336	1387.84	0	1	2	3	4	5	6	8	9	10	11	12	13	14	16	17	18	19	20	21	25	26	27	29	33	41	126	#
337	1744.07	7	14	15	16	17	20	23	25	26	27	28	29	30	31	33	35	36	37	38	39	43	44	45	46	47	55	126	#
338	1701.32	0	1	2	3	8	9	10	16	17	18	19	20	25	26	27	28	29	33	34	35	36	37	38	42	43	45	126	#
339	1650.23	2	3	4	5	9	10	11	12	13	15	16	17	18	19	20	21	22	23	24	25	26	27	28	29	36	37	126	#
340	1644.66	16	17	18	24	25	26	27	32	33	34	35	36	40	41	42	43	45	46	47	48	49	50	55	56	57	63	126	#
341	1623.88	0	1	2	3	4	5	6	7	8	9	10	11	12	13	14	15	16	17	18	19	20	23	25	28	29	48	126	#
342	104.648	17	25	33	#
343	2166.11	4	5	6	7	11	12	13	14	15	17	18	19	20	21	22	23	26	27	28	29	30	31	34	35	36	37	38	39	42	43	44	45	46	47	50	51	54	63	244	#
344	1740.51	10	17	18	19	24	25	26	27	28	32	33	34	35	36	37	40	41	42	43	44	45	48	49	50	51	52	53	56	57	58	59	128	#
345	1940.13	26	27	28	32	35	36	37	40	41	42	43	44	45	46	47	48	49	50	51	52	53	54	55	56	57	58	59	60	61	62	63	128	#
346	1926.04	2	3	6	10	11	15	17	18	19	23	27	28	29	30	31	36	37	38	43	44	45	46	49	50	51	52	53	54	57	58	60	128	#
347	1925.93	1	2	3	5	6	10	11	13	17	18	19	20	21	26	27	28	29	30	36	37	43	44	45	46	47	52	53	54	55	61	62	128	#
348	1923.9	15	23	27	28	29	30	31	35	36	37	38	39	41	42	43	44	45	46	47	48	49	50	51	52	53	54	55	60	61	62	63	128	#
349	1894.49	8	15	16	23	27	28	30	31	34	35	36	37	38	39	42	43	44	45	49	50	51	52	53	54	56	57	58	59	60	61	62	128	#
350	56.4045	6	7	129	#
351	64.9861	6	15	129	#
352	708.102	37	38	44	46	47	52	53	54	55	60	62	130	#
353	914.61	5	16	25	36	44	45	52	53	54	55	62	130	#
354	690.516	45	46	47	52	53	54	55	59	60	61	62	130	#
355	680.44	29	31	38	39	46	47	52	53	54	55	62	130	#
356	679.18	28	29	30	31	36	37	38	46	54	55	62	130	#
357	670.314	11	12	13	20	36	43	44	45	51	52	53	130	#
358	191.271	38	39	46	54	131	#
359	236.753	54	55	58	62	131	#
360	183.491	46	54	55	62	131	#
361	887.024	0	1	2	3	4	5	8	9	10	11	12	13	17	18	19	20	21	25	27	132	#
362	1246.35	11	12	18	19	20	23	25	26	27	28	30	31	34	35	36	42	43	44	45	132	#
363	1165.91	0	1	2	3	8	9	10	11	16	17	19	25	27	32	35	36	40	43	45	132	#
364	1153.28	0	8	9	10	16	17	18	19	24	25	27	34	35	36	42	43	44	45	52	132	#
365	1087.49	0	1	8	9	10	11	12	16	17	18	19	20	25	26	27	28	32	36	45	132	#
366	1082.64	0	8	9	10	11	16	17	18	25	26	32	33	34	35	40	42	43	50	51	132	#
367	765.828	2	3	4	11	18	19	20	27	28	29	30	35	36	133	#
368	892.964	14	15	23	27	29	30	31	36	37	38	39	45	58	133	#
369	881.338	27	28	29	30	31	36	37	38	39	45	54	55	63	133	#
370	790.031	30	36	37	38	42	43	44	45	50	51	52	59	60	133	#
371	734.763	12	13	20	21	28	29	30	31	38	39	46	51	59	133	#
372	733.696	0	8	9	17	18	19	20	27	28	29	30	37	38	133	#
373	651.982	16	25	26	32	35	40	41	48	49	56	57	58	134	#
374	854.578	3	4	11	50	51	54	57	58	59	60	61	62	134	#
375	738.014	16	25	26	33	34	35	36	43	44	45	51	59	134	#
376	713.235	5	6	7	17	24	25	26	32	33	34	35	40	134	#
377	706.32	0	8	9	16	17	24	25	26	32	33	40	41	134	#
378	645.623	16	25	26	32	33	34	35	40	48	49	56	57	134	#
379	890.939	20	21	28	29	36	37	38	44	45	135	#
380	947.808	20	27	28	29	36	37	38	44	45	135	#
381	888.911	27	36	37	38	42	43	44	45	52	135	#
382	873.188	19	27	28	29	30	36	37	38	39	135	#
383	871.556	6	36	37	38	44	45	52	53	57	135	#
384	822.942	18	19	20	27	28	36	37	45	53	135	#
385	204.47	33	34	40	41	42	136	#
386	265.412	41	42	43	50	58	136	#
387	242.202	40	48	49	56	57	136	#
388	206.713	25	32	33	41	52	136	#
389	188.213	9	33	34	35	41	136	#
390	174.825	40	41	42	48	49	136	#
391	385.755	29	31	38	39	47	55	137	#
392	443.952	21	27	28	29	36	38	137	#
393	433.354	13	21	29	31	38	46	137	#
394	319.327	38	39	46	47	54	55	137	#
395	313.671	30	31	38	39	46	54	137	#
396	310.358	19	27	46	47	54	55	137	#
397	497.976	34	35	41	42	43	44	49	50	51	52	138	#
398	602.218	32	34	40	41	42	43	48	49	51	57	138	#
399	565.905	36	42	43	44	45	50	51	52	60	61	138	#
400	524.504	27	29	36	37	38	44	52	53	59	60	138	#
401	490.409	25	32	40	41	42	48	49	50	57	58	138	#
402	450.775	17	25	26	32	33	34	35	36	45	57	138	#
403	347.593	37	38	45	52	53	139	#
404	326.745	1	35	36	37	45	139	#
405	322.311	22	30	31	38	39	139	#
406	302.155	43	44	45	52	53	139	#
407	293.864	36	44	45	53	54	139	#
408	288.892	43	44	51	52	60	139	#
409	800.116	0	8	9	10	16	17	18	23	25	26	32	33	34	140	#
410	905.252	16	17	18	24	25	26	32	33	34	40	41	42	49	140	#
411	883.942	8	16	24	25	26	33	34	35	36	43	44	45	53	140	#
412	864.04	0	5	8	9	10	13	16	17	18	19	27	28	36	140	#
413	845.571	16	17	18	24	25	26	32	33	34	35	40	41	42	140	#
414	839.978	3	4	5	9	10	11	13	17	18	19	27	28	36	140	#
415	356.142	13	17	18	19	20	21	22	141	#
416	446.814	10	11	17	18	19	20	21	141	#
417	401.106	0	8	16	17	18	25	26	141	#
418	397.284	6	14	15	22	23	36	45	141	#
419	393.564	20	21	22	23	28	29	30	141	#
420	365.569	5	6	13	14	21	22	23	141	#
421	218.275	36	45	142	#
422	123.457	36	44	142	#
423	287.987	0	8	16	24	25	26	143	#
424	410.731	1	2	8	9	16	17	143	#
425	356.177	16	17	18	25	33	34	143	#
426	354.79	0	8	9	16	17	25	143	#
427	350.442	0	8	9	10	16	17	143	#
428	273.66	16	17	24	25	32	33	143	#
429	44.6095	10	#
430	279.463	14	23	30	31	39	46	47	144	#
431	329.351	31	38	39	46	54	55	63	144	#
432	285.354	6	14	22	23	30	31	38	144	#
433	259.455	30	31	39	46	47	53	54	144	#
434	251.374	37	39	45	46	47	54	55	144	#
435	248.315	6	7	14	15	23	31	39	144	#
436	960.597	31	36	37	38	39	44	45	46	52	53	54	55	60	61	62	63	145	#
437	1043.75	28	36	37	38	39	44	46	47	51	52	54	55	60	61	62	63	145	#
438	1005.91	24	31	38	41	46	50	51	52	54	55	58	59	60	61	62	63	145	#
439	1000.94	23	28	29	30	31	36	38	39	46	47	54	55	60	61	62	63	145	#
440	936.658	23	29	31	37	38	39	46	47	51	52	53	54	55	61	62	63	145	#
441	927.189	28	34	36	37	42	43	44	45	46	47	51	52	53	54	55	62	145	#
442	890.018	34	40	41	42	43	48	49	50	51	56	57	58	59	146	#
443	977.849	6	14	15	42	43	50	51	52	58	59	60	61	62	146	#
444	945.332	40	41	42	43	48	49	50	51	52	57	58	59	60	146	#
445	915.171	20	21	23	29	30	31	37	38	39	43	47	51	59	146	#
446	882.651	0	8	34	40	41	42	43	44	49	50	51	57	58	146	#
447	807.35	34	35	40	41	42	43	44	48	49	50	51	57	58	146	#
448	1077.31	27	31	34	35	36	37	38	40	41	42	43	44	49	50	51	52	53	57	58	147	#
449	1195.66	12	19	20	21	27	28	36	37	38	43	44	45	46	47	49	50	51	52	53	147	#
450	1183.74	4	11	19	21	27	28	29	30	31	35	36	37	38	39	43	44	46	47	55	147	#
451	1157.21	5	6	13	15	18	19	27	28	29	36	37	43	44	45	50	51	52	53	58	147	#
452	1156.9	13	14	21	22	23	27	28	29	30	31	37	38	39	46	47	54	55	61	62	147	#
453	1144.2	26	34	35	36	37	38	39	41	42	43	45	46	49	50	54	58	61	62	63	147	#
454	413.29	33	34	35	43	46	47	51	148	#
455	492.579	43	51	52	55	61	62	63	148	#
456	430.005	43	44	45	51	52	53	60	148	#
457	402.663	39	46	47	54	55	62	63	148	#
458	378.828	46	51	52	53	54	55	62	148	#
459	286.64	25	26	33	34	35	42	43	148	#
460	2483.98	5	6	7	9	14	15	16	17	20	22	23	24	25	26	27	28	30	31	32	33	34	35	36	37	38	40	41	42	43	44	45	47	49	50	51	52	53	54	55	57	58	59	60	61	62	63	149	#
461	2706.15	4	5	11	12	13	16	18	19	20	21	24	25	26	27	28	29	30	31	32	34	35	36	37	38	40	41	42	43	44	45	47	48	49	50	51	52	53	54	55	57	58	59	60	61	62	63	149	#
462	2699.28	0	1	2	3	4	8	9	10	11	12	13	16	17	18	19	20	21	22	24	25	27	28	29	30	31	33	34	36	37	38	39	42	43	44	45	46	47	49	50	52	54	55	60	61	62	63	149	#
463	2662.39	0	1	2	8	9	12	14	16	17	18	19	20	21	22	24	25	26	27	28	29	30	32	33	34	35	36	37	38	40	41	42	43	44	45	48	49	50	51	52	53	54	57	58	59	60	63	149	#
464	2658.32	4	5	12	13	16	19	20	21	22	24	25	26	27	28	29	30	31	32	34	35	36	37	38	39	41	42	43	44	45	46	47	48	49	50	51	52	53	54	55	57	58	59	60	61	62	63	149	#
465	2625.3	0	1	2	3	5	8	9	13	16	17	18	19	20	21	22	24	25	26	27	28	29	30	31	32	33	34	35	36	37	38	40	41	42	43	44	45	48	49	50	51	52	56	57	58	59	61	149	#
466	324.435	30	31	37	38	45	150	#
467	428.698	26	27	34	36	45	150	#
468	269.808	30	31	38	39	47	150	#
469	260.037	21	29	31	37	38	150	#
470	240.316	14	22	30	38	39	150	#
471	841.461	0	1	8	9	10	16	17	18	24	25	26	50	57	58	151	#
472	971.964	8	16	25	33	40	41	42	43	48	49	50	56	57	58	151	#
473	885.599	4	11	25	33	34	35	40	41	42	43	44	48	49	57	151	#
474	847.178	8	9	16	17	18	24	25	26	33	34	35	36	42	43	151	#
475	769.376	11	12	17	24	25	26	32	33	34	35	43	50	51	52	151	#
476	764.889	32	33	34	40	41	42	43	44	48	49	50	51	52	56	151	#
477	236.082	50	51	58	59	152	#
478	291.842	49	50	57	58	152	#
479	269.852	42	50	57	58	152	#
480	189.126	50	51	52	59	152	#
481	100.912	51	52	59	60	152	#
482	136.174	31	#
483	609.514	1	2	3	4	9	10	11	18	19	153	#
484	631.236	2	3	9	10	11	17	18	19	32	153	#
485	620.083	1	2	3	4	5	9	10	11	18	153	#
486	593.71	1	2	8	9	10	11	12	18	19	153	#
487	590.045	0	1	2	3	8	9	10	11	18	153	#
488	549.404	2	3	10	11	12	13	19	20	28	153	#
489	985.118	28	29	31	38	39	45	46	47	53	54	55	61	62	63	154	#
490	1098.26	23	28	31	36	38	39	43	44	45	46	47	53	54	62	154	#
491	1064.16	20	27	28	29	30	31	36	37	38	39	46	47	54	57	154	#
492	1022.31	20	21	27	28	29	30	31	34	35	36	38	44	45	46	154	#
493	1002.8	29	30	31	36	37	38	39	43	44	45	46	51	52	54	154	#
494	966.068	8	14	20	21	22	27	28	29	30	31	38	39	46	47	154	#
495	1285.5	4	5	6	7	12	13	14	15	20	21	22	23	27	28	29	30	31	38	39	46	47	53	54	155	#
496	1575.43	3	4	5	6	7	14	15	17	20	21	22	23	25	26	28	29	30	31	35	36	37	38	46	155	#
497	1474.61	1	2	5	9	10	11	12	13	17	18	19	20	21	25	26	27	28	29	31	32	36	37	38	155	#
498	1435	4	5	6	7	12	13	14	15	20	21	22	23	27	28	29	30	31	36	37	38	39	46	47	155	#
499	1422.75	4	5	6	11	12	14	15	20	21	22	23	28	29	30	31	36	37	38	39	44	45	46	47	155	#
500	1420.79	0	1	4	5	6	7	8	9	10	11	12	13	19	21	22	27	28	29	30	36	37	44	45	155	#
501	245.52	5	6	46	53	54	156	#
502	283.531	46	54	55	62	63	156	#
503	278.183	5	6	13	14	15	156	#
504	277.332	5	6	12	13	21	156	#
505	255.36	46	52	53	54	62	156	#
506	146.819	46	47	53	54	62	156	#
507	1034.57	0	3	4	5	6	7	8	9	10	11	12	13	14	15	18	21	22	28	157	#
508	1188.22	5	6	7	13	14	15	20	21	22	23	28	29	30	31	36	38	39	46	157	#
509	1168.5	5	6	13	14	19	20	21	22	27	28	29	30	31	36	37	38	39	47	157	#
510	1147.63	5	6	9	10	11	12	13	14	18	19	20	21	22	28	29	30	31	38	157	#
511	1140.16	5	6	7	12	13	14	15	19	20	21	22	23	28	29	30	31	36	38	157	#
512	1114.38	3	4	5	6	7	11	12	13	14	15	21	22	23	29	30	31	38	54	157	#
513	551.524	21	29	30	38	39	46	47	54	61	62	158	#
514	643.427	3	4	5	10	11	12	13	18	20	21	158	#
515	559.152	36	44	51	52	53	55	60	61	62	63	158	#
516	550.208	12	14	15	23	30	31	38	39	46	47	158	#
517	530.902	14	20	21	22	29	30	31	38	39	46	158	#
518	509.637	26	30	34	35	37	38	39	46	47	54	158	#
519	225.039	48	49	56	57	58	159	#
520	297.446	49	50	56	57	58	159	#
521	263.043	40	48	56	57	58	159	#
522	235.203	40	48	49	56	57	159	#
523	207.347	48	49	50	51	56	159	#
524	1074.52	1	8	9	10	18	19	27	28	29	36	37	38	44	45	46	160	#
525	1225.95	2	3	4	5	12	13	31	36	37	38	43	44	45	52	53	160	#
526	1097.8	20	21	28	29	30	31	34	35	36	37	38	39	43	44	45	160	#
527	1059.6	5	6	13	19	20	21	27	28	29	31	36	37	38	44	45	160	#
528	1020.24	15	23	30	31	35	36	37	38	39	41	42	43	45	46	50	160	#
529	1007.19	12	13	20	21	22	27	28	29	30	31	36	38	39	45	53	160	#
530	407.657	4	5	6	7	13	14	15	161	#
531	534.217	2	4	5	10	11	13	19	161	#
532	455.245	4	5	6	13	14	15	25	161	#
533	397.511	5	6	14	15	21	22	23	161	#
534	392.485	3	10	11	12	13	19	20	161	#
535	390.185	4	5	6	7	14	15	23	161	#
536	2133	2	3	4	5	6	7	8	10	11	12	13	14	15	16	17	18	19	20	21	22	23	27	28	29	30	31	35	36	37	38	39	41	42	43	45	46	47	49	51	52	53	54	55	59	162	#
537	2329.26	5	6	10	11	12	14	15	16	19	20	21	23	25	26	27	28	29	30	31	33	34	35	36	37	38	39	40	41	42	43	44	45	46	47	50	51	52	53	54	55	59	60	62	63	162	#
538	2307.78	5	6	10	11	12	14	15	18	19	20	21	22	23	25	26	27	28	29	30	31	33	34	35	36	37	38	39	40	41	42	44	45	46	47	48	49	50	52	55	56	57	61	62	63	162	#
539	2293.56	0	2	3	4	5	8	9	10	11	12	13	14	15	16	17	18	19	20	21	22	25	26	27	28	29	35	36	37	38	43	44	45	46	47	51	52	53	54	55	59	60	61	62	63	162	#
540	2267.87	0	2	3	4	5	6	7	8	9	10	11	12	13	14	15	16	17	18	19	20	21	22	23	26	28	29	30	31	34	35	36	37	38	39	42	43	44	45	46	47	50	52	53	55	162	#
541	2261.45	0	3	4	5	6	8	9	10	11	12	13	14	15	16	17	18	19	20	25	26	27	28	29	33	34	35	36	37	38	40	41	42	43	44	45	48	49	50	51	52	53	60	61	62	162	#
542	987.114	2	3	4	5	6	7	10	11	13	14	15	18	19	22	23	30	38	163	#
543	928.563	3	4	5	6	7	13	14	15	22	23	28	29	30	38	39	46	54	163	#
544	920.23	0	2	5	6	7	9	10	13	14	15	18	21	22	23	29	30	44	163	#
545	907.888	2	3	4	11	12	18	19	28	36	37	44	45	50	52	56	57	58	163	#
546	889.137	2	4	5	6	7	10	11	12	13	14	15	18	22	23	30	31	58	163	#
547	868.597	7	8	14	15	21	22	23	28	29	30	31	37	38	39	45	46	54	163	#
548	166.602	5	6	164	#
549	168.502	6	14	164	#
550	74.6987	52	53	54	165	#
551	89.0617	54	55	63	165	#
552	129.954	5	6	#
553	342.511	38	39	45	47	53	54	55	62	63	166	#
554	500.575	29	31	37	38	39	46	47	55	63	166	#
555	473.13	36	37	45	46	51	52	53	54	55	166	#
556	441.127	51	52	54	55	59	60	61	62	63	166	#
557	343.377	0	8	14	22	23	31	39	47	55	166	#
558	814.518	37	39	44	45	46	47	52	53	54	55	60	61	62	167	#
559	911.388	31	38	45	46	47	51	52	53	54	55	61	62	63	167	#
560	893.992	31	37	38	43	44	45	46	47	52	54	55	59	60	167	#
561	873.821	31	37	39	44	45	46	47	51	52	53	54	55	63	167	#
562	858.89	23	29	31	37	38	46	47	53	54	55	61	62	63	167	#
563	804.344	27	31	36	37	38	39	45	46	47	54	55	62	63	167	#
564	132.354	45	#
565	667.261	0	1	8	9	10	16	17	18	24	36	44	45	168	#
566	824.734	16	17	18	24	25	26	32	33	34	35	40	48	168	#
567	824.044	2	10	11	12	16	17	18	20	25	26	32	33	168	#
568	757.289	27	34	35	36	42	43	44	45	50	51	53	58	168	#
569	749.784	8	16	17	18	19	25	26	32	33	41	49	54	168	#
570	724.781	1	2	9	10	16	17	18	19	24	25	32	33	168	#
571	1454.23	3	4	5	11	35	36	37	38	42	43	45	46	49	50	51	52	53	54	59	60	61	62	169	#
572	1557.04	2	21	22	27	29	30	31	36	37	38	39	40	46	47	48	52	53	54	55	60	61	62	169	#
573	1476.98	4	14	21	22	27	28	30	31	36	37	38	43	44	45	46	52	53	54	59	60	61	62	169	#
574	1470.83	0	8	16	21	22	24	29	30	31	37	38	39	45	46	47	53	54	55	60	61	62	63	169	#
575	1401.05	3	4	5	6	7	13	14	15	21	22	23	29	30	37	38	44	45	46	52	53	60	61	169	#
576	1398.59	25	26	31	39	40	41	42	46	47	49	50	51	52	53	54	55	58	59	60	61	62	63	169	#
577	91.7322	6	7	170	#
578	114.243	6	17	170	#
579	103.877	7	15	170	#
580	612.833	12	20	21	29	30	37	38	46	171	#
581	657.505	3	29	30	37	38	46	47	55	171	#
582	625.465	5	12	13	20	21	29	30	38	171	#
583	548.858	23	29	30	31	37	38	39	47	171	#
584	515.294	5	12	13	19	20	21	28	29	171	#
585	499.283	27	35	36	37	38	44	45	52	171	#
586	253.104	42	48	49	50	58	172	#
587	356.873	41	42	49	50	57	172	#
588	312.835	33	34	41	42	43	172	#
589	275.218	42	50	51	57	58	172	#
590	212.794	33	41	48	49	56	172	#
591	195.321	12	20	41	48	49	172	#
592	715.388	18	19	20	27	35	36	43	44	45	52	173	#
593	799.179	20	21	22	28	29	35	36	37	44	45	173	#
594	764.053	19	20	21	27	28	29	30	31	35	36	173	#
595	758.997	16	19	20	27	28	29	35	36	38	45	173	#
596	746.992	28	36	37	38	44	45	52	53	54	60	173	#
597	727.508	20	27	28	35	36	37	43	44	45	53	173	#
598	482.715	19	20	21	22	27	37	44	45	52	53	174	#
599	708.597	19	27	28	29	36	44	45	51	52	53	174	#
600	695.189	14	22	23	27	28	29	30	31	38	39	174	#
601	664.295	27	28	36	37	38	44	45	52	53	60	174	#
602	622.72	27	28	33	34	35	36	37	43	44	45	174	#
603	590.309	36	37	42	43	44	45	51	52	53	60	174	#
604	257.843	53	54	55	62	63	175	#
605	339.967	46	54	55	62	63	175	#
606	339.118	39	46	47	54	55	175	#
607	320.851	43	44	45	53	54	175	#
608	299.64	47	54	55	62	63	175	#
609	268.38	45	52	53	54	55	175	#
610	419.004	35	36	37	42	43	44	45	176	#
611	412.309	35	43	44	45	51	52	59	176	#
612	389.399	32	40	41	42	43	44	52	176	#
613	377.325	26	34	35	41	42	43	44	176	#
614	349.461	25	26	34	35	42	43	51	176	#
615	333.565	33	34	35	36	37	43	45	176	#
616	82.0371	1	#
617	502.342	43	51	59	60	61	62	63	177	#
618	454.223	36	43	44	51	52	53	60	177	#
619	405.594	36	44	51	52	53	59	60	177	#
620	403.524	49	50	51	58	59	60	61	177	#
621	348.559	18	19	27	54	55	62	63	177	#
622	345.062	51	52	53	54	59	60	61	177	#
623	1178.9	3	4	5	6	7	11	12	13	14	15	19	20	21	22	23	29	30	38	41	49	52	178	#
624	1163.95	2	3	5	6	7	11	12	13	14	15	20	21	22	23	27	28	29	30	38	39	46	178	#
625	1137.96	2	3	4	5	6	11	12	13	14	15	19	20	21	22	23	27	41	42	43	50	51	178	#
626	1135.65	5	6	7	13	14	15	21	22	23	28	29	30	31	36	37	38	39	44	45	47	53	178	#
627	1135.35	3	8	9	16	17	24	25	26	32	34	40	41	42	43	44	48	49	50	51	56	57	178	#
628	1130.79	4	5	6	7	10	11	12	14	15	20	21	22	23	27	28	29	30	36	37	38	46	178	#
629	681.036	1	2	3	4	5	8	9	16	17	25	32	33	179	#
630	779.966	0	8	9	16	17	24	25	26	34	35	36	44	179	#
631	748.005	1	9	16	17	24	25	26	32	35	36	44	45	179	#
632	720.217	0	8	16	24	25	26	32	33	34	35	41	42	179	#
633	707.792	0	2	8	9	10	16	17	25	28	45	53	54	179	#
634	675.249	0	1	2	3	4	5	8	9	10	11	25	33	179	#
635	55.6616	9	17	180	#
636	38.9006	1	9	180	#
637	468.389	0	1	9	10	16	17	18	24	25	33	181	#
638	626.244	6	7	10	11	15	16	17	18	24	32	181	#
639	553.138	2	3	8	10	16	17	18	24	25	26	181	#
640	508.651	8	9	10	16	17	18	24	25	26	32	181	#
641	494.733	0	8	9	10	16	17	18	25	26	34	181	#
642	489.73	32	33	40	41	43	48	49	50	51	57	181	#
643	588.229	4	5	6	7	14	22	23	29	30	38	182	#
644	687.23	23	27	28	29	30	31	36	37	38	44	182	#
645	657.156	4	5	6	7	14	15	23	29	31	38	182	#
646	647.909	13	21	29	31	33	34	35	38	46	58	182	#
647	625.668	27	28	29	30	31	36	37	38	39	46	182	#
648	621.007	2	3	4	5	10	11	12	13	18	19	182	#
649	1243.62	0	5	9	12	13	20	21	22	23	28	29	30	31	36	37	38	39	42	43	44	45	47	51	52	60	183	#
650	1436.94	14	16	21	22	23	25	29	30	31	33	36	37	38	39	40	41	43	44	45	46	47	52	55	59	60	183	#
651	1345.29	16	25	26	33	34	35	36	40	41	42	43	44	45	49	50	51	52	55	57	58	59	60	61	62	63	183	#
652	1331.09	3	14	15	20	21	22	23	28	29	30	31	36	37	38	39	43	44	45	46	47	52	53	54	55	60	183	#
653	1305.4	20	21	27	28	29	34	35	36	37	43	44	45	46	47	50	51	52	53	54	55	58	60	61	62	63	183	#
654	1296.37	12	14	20	21	22	23	28	29	30	31	35	36	37	38	39	43	44	46	48	50	51	52	59	60	61	183	#
655	99.0964	9	17	18	184	#
656	119.744	16	17	18	184	#
657	96.2229	0	1	9	184	#
658	1236.47	3	4	5	6	7	11	12	13	14	15	19	20	21	22	23	28	29	30	31	38	39	46	54	185	#
659	1431.67	5	6	10	11	12	13	14	15	19	20	21	22	23	27	28	29	30	31	36	37	38	39	46	185	#
660	1430.93	6	7	14	15	20	21	22	23	28	29	30	31	38	39	46	47	52	54	55	59	60	61	62	185	#
661	1430.32	12	13	14	15	16	18	19	20	21	22	23	25	26	27	28	29	30	34	35	36	37	44	45	185	#
662	1427.53	1	6	7	8	13	14	15	16	18	19	20	21	22	23	27	28	29	30	31	35	36	38	43	185	#
663	1408.12	15	20	23	27	28	29	30	31	34	35	36	37	38	39	43	44	45	46	47	52	53	54	55	185	#
664	286.742	5	6	7	13	15	186	#
665	310.965	5	6	13	14	15	186	#
666	296.026	5	6	7	15	23	186	#
667	278.26	6	7	14	15	23	186	#
668	184.52	4	5	6	13	14	186	#
669	381.414	44	45	52	53	54	55	62	187	#
670	520.716	36	37	44	45	52	53	60	187	#
671	398.317	43	44	50	51	52	59	60	187	#
672	391.364	44	45	46	52	53	54	62	187	#
673	390.438	45	46	47	52	53	54	62	187	#
674	384.964	35	36	37	44	45	53	54	187	#
675	693.558	3	4	5	10	11	12	19	38	39	46	47	188	#
676	724.82	18	19	20	27	28	36	37	38	45	46	47	188	#
677	701.655	29	30	31	38	39	46	47	54	55	62	63	188	#
678	645.313	2	3	4	5	10	11	18	19	20	28	39	188	#
679	633.472	3	4	5	6	7	13	14	21	22	29	38	188	#
680	631.439	23	27	31	35	36	37	38	39	46	47	54	188	#
681	52.301	3	4	189	#
682	59.9035	3	11	189	#
683	450.59	24	25	26	32	33	40	48	49	56	57	58	190	#
684	654.39	16	25	26	33	34	40	41	48	49	56	57	190	#
685	617.862	40	41	42	43	47	48	49	50	56	57	58	190	#
686	604.407	5	34	40	41	42	48	49	51	56	57	58	190	#
687	597.475	9	17	24	25	26	32	33	40	41	49	57	190	#
688	575.413	17	25	32	33	40	41	48	49	50	57	58	190	#
689	493.294	5	6	14	15	16	23	24	31	191	#
690	630.963	6	7	14	15	22	23	29	30	191	#
691	628.756	5	6	7	14	15	22	23	31	191	#
692	618.02	6	7	14	15	22	23	30	31	191	#
693	580.719	6	14	22	23	29	30	31	38	191	#
694	508.219	14	22	23	30	31	38	39	48	191	#
695	102.878	16	17	192	#
696	117.312	17	18	192	#
697	105.154	16	25	192	#
698	92.1671	56	57	193	#
699	92.6305	57	58	193	#
700	1311.4	0	8	9	10	16	17	24	25	26	32	33	34	35	40	41	42	43	44	48	49	50	51	56	57	59	60	61	194	#
701	1818.48	3	10	11	13	18	19	20	21	22	25	26	28	29	34	35	36	37	38	43	44	45	51	52	59	60	61	62	194	#
702	1755.4	2	10	18	19	20	21	26	27	28	29	35	36	40	41	43	44	45	48	49	50	51	52	53	56	57	58	61	194	#
703	1710.14	0	1	2	3	5	6	7	8	9	10	11	12	13	14	15	16	17	20	21	22	23	25	28	29	30	32	61	194	#
704	1664.82	0	1	2	3	4	5	8	9	10	11	12	15	16	19	20	21	22	23	25	28	29	30	31	33	34	39	47	194	#
705	1637.87	0	1	2	3	4	5	8	9	10	11	12	13	16	17	18	19	20	21	22	25	26	28	29	30	32	33	41	194	#
706	22.2691	6	#
707	643.981	6	7	14	15	22	23	30	31	37	38	195	#
708	797.399	5	12	13	21	29	30	36	37	38	46	195	#
709	685.472	6	7	13	14	15	21	22	23	30	37	195	#
710	650.08	6	7	14	15	21	22	23	29	30	31	195	#
711	644.246	5	6	7	12	13	14	15	21	22	23	195	#
712	604.045	5	6	7	13	14	15	22	23	30	31	195	#
713	300.64	3	9	10	11	12	18	196	#
714	359.122	0	1	2	9	10	18	196	#
715	258.227	1	2	10	11	18	19	196	#
716	236.887	17	18	25	32	33	58	196	#
717	201.488	2	3	4	10	11	12	196	#
718	99.5965	4	11	12	18	19	20	196	#
719	1090.69	0	1	8	9	16	24	25	26	27	28	29	32	33	34	35	36	42	43	44	45	50	52	197	#
720	1354.61	6	14	15	21	22	23	26	28	29	30	31	34	35	38	39	41	42	43	44	47	51	52	197	#
721	1335.87	1	19	20	21	22	27	28	29	30	31	36	37	38	39	44	45	46	47	51	52	60	61	197	#
722	1320.04	17	21	22	28	29	30	31	36	37	38	39	44	45	46	47	51	52	53	54	55	59	60	197	#
723	1313.5	16	17	18	19	25	26	27	28	32	33	34	35	36	42	43	44	45	49	51	52	53	59	197	#
724	1303.85	25	26	28	33	34	35	36	37	40	41	42	43	44	45	51	52	53	55	59	60	61	63	197	#
725	40.5268	27	#
726	1423.3	13	14	21	22	23	25	26	27	28	29	30	31	34	35	36	37	38	39	40	42	45	46	49	50	53	54	57	58	62	198	#
727	1631.75	5	6	7	13	14	15	19	20	21	22	23	27	28	29	30	31	36	37	38	39	44	45	46	47	51	52	59	60	61	198	#
728	1625.66	5	6	7	14	15	20	21	22	23	27	28	29	30	31	36	37	38	39	45	46	47	51	52	53	54	55	60	61	62	198	#
729	1609.28	14	21	23	26	29	30	31	34	36	37	38	39	40	41	42	43	45	46	48	49	50	51	52	56	57	58	59	62	63	198	#
730	1554.33	5	6	7	14	15	19	21	22	23	27	29	30	31	36	37	38	39	44	45	46	47	51	52	53	54	55	59	60	63	198	#
731	1547.15	5	6	7	8	13	14	15	20	21	22	23	29	30	31	34	37	38	39	41	42	44	45	46	47	54	55	61	62	63	198	#
732	1589.38	6	7	12	13	14	15	19	20	21	22	23	27	28	29	31	35	36	37	39	45	51	52	59	60	63	199	#
733	1700.37	2	6	10	11	12	13	14	15	17	18	20	21	22	23	28	29	30	36	38	43	44	45	52	54	55	199	#
734	1682	11	12	17	18	19	20	21	27	28	30	35	36	37	43	44	45	46	52	53	54	55	60	61	62	63	199	#
735	1621.17	3	11	12	13	17	18	19	20	21	22	27	28	29	30	31	35	36	42	43	44	45	50	51	52	59	199	#
736	1609.82	10	11	12	13	16	17	18	19	20	25	26	27	28	29	30	34	35	36	37	43	44	45	52	53	60	199	#
737	1604.39	17	21	25	26	29	33	34	35	36	37	38	41	42	43	44	45	49	50	51	52	53	57	58	59	60	199	#
738	1081.56	3	4	9	10	11	12	16	17	18	19	20	24	25	26	32	33	34	35	45	61	62	63	200	#
739	1543.54	16	24	25	31	32	33	34	38	39	40	41	46	47	48	49	55	56	57	58	61	62	63	200	#
740	1417.01	0	1	2	3	4	9	10	11	16	17	25	26	32	33	34	35	36	41	43	45	56	57	200	#
741	1372.39	16	17	18	24	25	26	32	33	34	35	36	37	40	41	42	43	45	48	49	50	56	57	200	#
742	1367	25	26	27	32	33	34	35	36	37	40	41	42	43	44	45	48	49	50	51	52	56	58	200	#
743	1363.36	2	3	4	9	10	17	18	23	25	30	31	32	33	36	37	38	39	40	46	47	49	55	200	#
744	426.821	21	28	29	30	31	39	201	#
745	557.576	7	29	30	31	38	39	201	#
746	517.931	23	29	30	31	38	39	201	#
747	481.068	23	30	31	37	38	45	201	#
748	447.956	29	31	37	38	39	46	201	#
749	202.532	9	13	19	20	21	29	201	#
750	301.051	37	45	51	52	53	59	60	61	202	#
751	383.433	18	25	26	35	36	43	51	52	202	#
752	357.242	29	36	37	38	44	45	53	54	202	#
753	314.296	51	52	53	59	60	61	62	63	202	#
754	296.64	25	26	45	52	53	59	60	61	202	#
755	291.995	45	51	52	53	54	60	61	62	202	#
756	823.099	1	2	3	10	31	35	36	39	44	51	52	60	61	203	#
757	822.192	34	35	36	42	43	44	45	51	52	59	60	61	62	203	#
758	817.281	31	35	36	37	38	43	44	45	50	51	52	53	59	203	#
759	804.153	19	27	29	30	31	38	39	46	47	53	54	55	63	203	#
760	762.502	14	22	23	30	31	38	39	46	47	52	53	54	55	203	#
761	754.7	8	30	31	37	38	46	51	54	55	59	60	61	62	203	#
762	2343.5	0	1	2	3	4	5	6	7	8	9	10	11	12	13	14	15	16	17	18	19	20	21	22	23	24	25	26	27	28	29	30	31	32	33	34	35	36	37	38	42	43	44	45	46	51	53	54	204	#
763	2781.48	0	1	2	5	6	7	8	9	10	11	13	14	15	16	17	18	22	23	24	25	26	30	31	32	33	34	35	36	37	38	40	41	42	43	44	45	46	47	48	49	50	51	52	54	55	62	63	204	#
764	2680.84	5	6	7	11	12	13	14	15	16	17	18	19	20	21	22	25	28	29	30	31	33	34	35	36	37	38	40	41	42	43	44	45	46	49	50	51	52	53	54	55	57	58	59	60	61	62	63	204	#
765	2587.19	0	4	5	6	7	8	9	10	13	14	15	16	17	18	21	22	23	25	26	29	30	31	33	34	35	36	37	38	39	41	42	43	44	45	46	47	50	51	52	53	54	55	58	59	60	62	63	204	#
766	2584.43	0	1	2	3	4	5	8	9	10	11	12	13	15	16	17	18	19	20	21	22	23	24	25	26	27	28	30	31	34	35	36	37	38	41	42	43	44	45	46	47	48	49	50	51	52	53	59	204	#
767	2580.68	0	1	2	3	4	5	6	7	8	9	10	11	12	13	14	15	17	20	21	22	23	25	26	27	28	29	30	31	34	35	36	37	38	42	43	44	45	46	47	50	51	52	53	54	55	62	63	204	#
768	534.647	34	35	36	42	43	44	50	51	59	205	#
769	697.324	20	21	27	28	33	34	36	42	50	205	#
770	621.854	19	26	27	28	29	33	34	35	36	205	#
771	565.506	33	34	35	36	41	42	43	44	50	205	#
772	546.03	27	34	35	36	42	43	44	50	51	205	#
773	542.648	19	27	28	36	37	38	44	45	52	205	#
774	785.458	35	43	44	46	50	51	52	53	54	55	58	62	63	206	#
775	872.39	38	43	44	46	50	51	52	53	54	55	58	62	63	206	#
776	839.49	43	44	46	47	51	52	53	54	55	60	61	62	63	206	#
777	824.756	4	11	34	42	43	44	47	52	53	54	60	61	62	206	#
778	801.935	15	23	29	30	31	37	38	39	46	47	55	62	63	206	#
779	779.576	27	28	35	36	42	43	44	45	50	52	53	54	60	206	#
780	762.789	22	23	30	31	36	37	38	39	46	47	54	55	62	63	207	#
781	859.019	21	22	23	29	30	31	33	34	37	38	39	45	46	53	207	#
782	827.906	16	23	24	29	30	31	36	37	38	39	44	45	46	54	207	#
783	816.207	6	14	15	23	31	36	37	38	45	46	47	53	54	55	207	#
784	787.349	28	29	35	36	37	43	44	45	46	51	52	53	54	55	207	#
785	757.15	5	22	30	38	46	47	52	53	54	55	60	61	62	63	207	#
786	206.939	51	59	60	61	208	#
787	244.465	42	43	50	51	208	#
788	239.72	43	51	52	59	208	#
789	42.7755	52	53	54	60	208	#
790	1677.96	2	11	12	18	19	20	21	25	26	27	28	29	32	33	34	35	36	37	40	41	42	43	44	45	48	49	50	51	52	53	56	57	58	209	#
791	1987.78	6	7	10	12	14	15	18	19	20	21	22	27	28	29	30	31	35	36	37	38	39	43	44	45	46	47	51	52	53	54	55	60	63	209	#
792	1949.41	3	4	5	6	7	10	11	12	13	14	15	17	18	19	20	21	22	23	27	28	29	30	31	35	38	39	43	44	45	47	50	51	52	209	#
793	1916.1	1	2	5	9	10	12	13	16	17	18	19	21	22	27	28	29	30	31	35	36	37	38	39	43	44	45	46	47	51	52	53	54	62	209	#
794	1908.42	0	2	3	4	5	6	8	9	10	11	12	13	16	17	18	19	20	21	22	23	25	27	28	29	32	36	40	41	45	46	49	57	58	209	#
795	1907.18	2	5	6	7	10	11	12	14	15	18	19	20	21	22	23	26	27	28	31	35	36	43	44	45	49	50	51	52	53	54	57	59	60	209	#
796	111.76	51	52	60	210	#
797	165.604	43	51	52	210	#
798	138.881	52	59	60	210	#
799	88.2972	51	#
800	1135.32	0	1	2	3	4	8	9	10	11	12	13	16	17	18	19	20	21	25	27	28	29	211	#
801	1449.43	0	1	2	3	4	8	9	10	17	18	19	25	26	27	32	36	42	45	49	50	61	211	#
802	1384.01	0	2	3	4	5	8	9	10	11	13	17	18	19	25	27	28	29	38	55	62	63	211	#
803	1309.6	0	2	8	9	10	11	16	17	18	19	20	24	25	26	27	28	33	34	35	36	37	211	#
804	1288.98	0	8	9	15	16	17	24	25	26	27	32	33	34	35	36	42	43	44	45	50	52	211	#
805	1281.82	0	5	9	10	12	13	16	17	18	19	20	21	27	28	29	35	36	37	38	44	45	211	#
806	13.0205	12	#
807	1453.09	26	32	34	35	36	40	41	42	43	44	45	47	49	50	51	52	53	54	55	57	59	60	61	62	63	212	#
808	1431.54	14	15	23	30	31	36	37	38	39	40	41	42	46	47	49	52	53	54	55	57	59	60	61	62	63	212	#
809	1428.79	5	12	13	18	19	20	21	27	34	40	41	42	43	44	45	48	49	50	51	52	56	57	59	60	61	212	#
810	1384.17	14	15	23	26	29	30	31	34	35	36	37	38	39	41	42	43	44	45	46	47	51	52	53	59	60	212	#
811	1365.92	16	24	26	32	33	34	35	36	37	38	39	40	41	42	43	44	45	46	47	48	49	50	51	52	53	212	#
812	1351.75	0	8	9	16	22	24	25	26	30	32	33	34	35	36	37	38	39	40	41	44	45	46	47	49	54	212	#
813	58.616	56	57	#
814	354.275	27	28	36	37	213	#
815	391.097	27	28	29	36	213	#
816	311.087	29	37	38	45	213	#
817	272.084	36	37	45	53	213	#
818	1654.27	0	8	9	16	17	18	19	20	21	25	26	27	28	29	33	35	36	37	38	41	42	43	44	45	51	52	53	60	61	214	#
819	1887.7	2	3	5	10	13	14	18	19	20	21	22	28	29	30	31	36	37	38	39	43	44	45	46	47	50	53	54	55	58	214	#
820	1807.96	0	1	2	8	9	10	14	15	16	17	18	19	22	23	24	25	26	27	28	30	33	36	37	41	45	49	50	51	53	214	#
821	1773.8	14	19	20	22	25	26	27	28	29	30	31	33	34	35	36	37	38	41	42	43	44	45	46	47	50	51	52	53	59	214	#
822	1755.85	4	5	10	11	13	18	19	20	21	22	27	28	29	30	31	36	37	38	39	44	45	46	47	52	53	54	55	62	63	214	#
823	1710.42	2	3	4	5	7	8	9	10	11	12	13	15	18	19	20	21	22	27	28	36	37	40	41	44	45	49	50	57	58	214	#
824	1155.79	0	1	2	3	4	8	9	10	11	16	17	18	19	20	24	25	26	27	28	32	33	35	36	37	215	#
825	1509.75	0	1	2	3	4	5	8	9	10	11	12	16	17	18	19	20	25	28	29	30	32	33	36	45	215	#
826	1448.07	0	1	2	4	5	6	8	9	10	11	12	16	17	18	19	20	21	25	29	30	38	39	46	47	215	#
827	1418.56	0	8	9	16	17	18	19	25	26	32	33	34	35	36	40	43	48	50	51	52	56	59	60	61	215	#
828	1409.87	13	20	21	28	29	30	34	35	36	37	38	39	43	44	45	46	47	50	51	52	53	54	55	60	215	#
829	1408.88	20	21	23	25	26	28	29	30	31	33	34	35	38	39	41	42	43	44	47	50	51	52	55	58	215	#
830	2181.07	0	8	9	16	17	22	24	25	26	27	28	29	30	31	32	33	34	35	36	37	38	39	40	41	42	43	44	45	46	49	50	51	52	53	58	59	60	61	62	216	#
831	2339.5	5	6	7	12	14	15	20	21	22	23	25	26	29	30	31	32	33	34	35	36	37	38	39	42	43	44	45	46	47	50	51	52	53	54	55	58	61	62	63	216	#
832	2297.22	5	12	13	14	19	20	21	22	23	26	27	28	29	30	31	34	35	36	37	38	39	40	41	42	43	44	45	46	47	49	50	52	53	54	55	60	61	62	63	216	#
833	2295.08	4	5	6	7	14	15	19	20	21	22	23	25	26	27	28	29	30	31	32	33	34	35	36	37	38	39	40	41	42	43	44	45	46	48	49	50	56	57	58	216	#
834	2293.18	0	2	5	6	8	9	10	11	14	16	17	18	19	20	21	22	23	24	25	26	27	28	29	30	31	32	33	34	35	36	37	38	40	41	42	43	44	45	46	216	#
835	2279.14	0	2	3	4	5	8	9	10	11	13	16	17	18	19	20	21	22	24	25	26	27	28	29	30	32	33	34	35	36	37	38	40	41	42	43	44	45	50	52	216	#
836	1738.07	0	8	9	16	17	24	25	29	30	31	33	34	37	38	39	40	41	45	46	47	49	53	54	55	57	63	217	#
837	1786.87	8	16	17	18	25	26	27	28	33	34	35	36	37	40	41	42	43	44	45	48	49	50	51	52	57	61	217	#
838	1730.18	0	8	9	10	16	17	25	26	27	32	33	34	35	36	40	41	42	43	44	45	49	50	51	52	57	58	217	#
839	1641.32	10	11	12	14	19	20	21	22	27	28	29	30	31	34	35	36	37	38	40	41	44	45	46	48	49	57	217	#
840	1628.01	16	25	26	32	33	34	35	36	40	41	42	43	44	47	48	49	50	51	52	53	55	56	57	58	59	63	217	#
841	1570.14	14	15	22	23	27	29	30	31	36	37	38	39	42	43	44	45	46	47	49	50	52	53	54	55	57	63	217	#
842	126.554	14	15	218	#
843	172.899	7	15	218	#
844	125.803	6	14	15	219	#
845	122.945	6	7	14	219	#
846	113.419	14	22	23	219	#
847	415.471	1	3	9	10	11	17	18	19	220	#
848	548.425	2	3	4	5	10	11	12	19	220	#
849	537.693	18	19	20	27	28	29	36	45	220	#
850	476.875	2	3	4	10	11	12	18	19	220	#
851	453.967	10	17	18	19	20	21	27	28	220	#
852	451.219	0	1	2	3	4	9	10	11	220	#
853	211.96	4	5	6	13	14	21	221	#
854	305.095	3	4	11	19	20	21	221	#
855	293.38	5	13	15	21	23	39	221	#
856	486.137	6	7	14	15	22	23	30	31	222	#
857	543.949	5	6	7	14	15	22	23	30	222	#
858	480.312	6	14	15	22	23	30	31	39	222	#
859	475.874	7	14	15	23	31	37	38	39	222	#
860	472.515	5	6	7	14	15	21	22	30	222	#
861	469.579	20	23	28	29	30	31	38	39	222	#
862	268.969	14	22	23	30	223	#
863	296.187	5	6	15	23	223	#
864	285.619	30	31	38	39	223	#
865	231.106	7	14	15	23	223	#
866	194.174	20	21	22	23	223	#
867	556.997	21	22	28	29	36	37	38	45	53	54	224	#
868	662.875	38	45	46	47	53	54	55	61	62	63	224	#
869	622.154	29	30	31	38	39	46	47	55	62	63	224	#
870	544.617	27	36	37	43	44	45	53	54	55	63	224	#
871	496.446	5	6	7	37	45	46	47	53	54	55	224	#
872	490.615	21	27	28	29	36	37	38	39	44	46	224	#
873	933.854	16	17	19	20	25	26	27	28	29	32	33	34	35	36	38	42	43	45	51	59	225	#
874	1244.39	3	4	5	11	29	31	37	38	39	40	45	49	50	51	52	53	54	55	57	63	225	#
875	1237.81	26	28	34	35	36	37	38	39	42	43	44	45	51	52	53	54	59	60	61	62	225	#
876	1189.62	12	13	20	21	27	28	29	30	31	36	37	38	39	45	46	47	54	55	62	63	225	#
877	1162.24	1	2	3	4	9	10	17	18	23	26	27	28	33	34	35	36	41	43	44	45	225	#
878	1159.98	20	21	27	28	29	35	36	37	38	39	43	44	45	46	51	52	53	54	60	62	225	#
879	45.5255	44	#
880	303.933	32	33	41	42	50	58	226	#
881	443.642	40	41	42	48	49	57	226	#
882	420.51	40	41	42	49	50	58	226	#
883	410.754	40	41	42	49	50	52	226	#
884	299.761	16	24	25	32	33	40	226	#
885	289.6	17	18	25	26	32	33	226	#
886	140.785	16	24	32	227	#
887	158.512	16	24	25	227	#
888	840.087	5	6	7	11	12	13	14	15	20	21	22	23	29	30	31	38	39	46	47	228	#
889	1140.51	3	5	10	11	13	14	18	19	20	21	22	23	27	28	29	30	31	36	45	228	#
890	1107.66	5	6	7	11	14	15	20	21	22	23	27	28	29	30	36	37	38	46	50	228	#
891	1106.43	15	19	22	23	27	28	30	31	35	36	37	38	39	43	44	45	52	53	61	228	#
892	1104.82	16	17	18	29	30	31	36	37	38	39	45	46	47	53	54	55	61	62	63	228	#
893	1103	19	20	22	27	28	29	30	31	35	36	38	39	44	45	46	47	53	55	57	228	#
894	577.848	42	43	44	49	50	51	52	57	58	59	60	61	62	229	#
895	779.363	26	34	35	36	40	42	43	44	49	50	52	57	58	229	#
896	701.172	15	23	31	38	39	46	47	54	55	57	61	62	63	229	#
897	672.559	34	35	40	41	42	43	44	48	49	50	51	57	59	229	#
898	650.474	23	30	31	38	39	46	47	54	55	60	61	62	63	229	#
899	649.947	4	5	35	40	42	43	48	50	51	52	56	57	59	229	#
900	137.859	13	14	21	22	230	#
901	118.839	12	13	21	22	230	#
902	459.614	32	33	41	42	43	44	50	59	231	#
903	595.604	27	28	36	37	43	44	45	52	231	#
904	501.608	26	34	35	40	41	42	43	49	231	#
905	442.302	32	33	40	41	42	49	50	51	231	#
906	441.49	42	43	50	51	52	59	60	61	231	#
907	410.745	33	40	41	48	49	50	56	57	231	#
908	2162.97	0	1	3	4	5	6	8	9	11	12	13	14	15	16	17	18	19	20	21	22	23	25	27	28	29	30	31	38	39	45	46	47	52	53	63	232	#
909	2160.99	14	15	16	17	21	22	23	25	26	27	28	29	30	31	33	34	35	36	37	38	39	40	41	42	45	46	47	48	49	53	55	56	57	62	63	232	#
910	2107.29	2	3	4	5	6	7	12	13	14	15	21	22	23	28	29	30	31	38	39	40	41	42	46	47	49	50	51	52	53	54	55	58	59	60	61	232	#
911	2095.71	6	8	10	11	12	13	14	15	16	19	20	21	22	23	25	26	27	28	29	30	31	34	35	36	38	39	41	42	43	44	46	47	50	52	60	232	#
912	2079.01	0	5	6	7	8	9	12	13	14	15	16	17	20	21	22	23	25	28	29	30	31	32	36	37	38	39	40	43	47	48	49	50	51	57	58	232	#
913	2069.95	0	1	6	7	8	9	10	11	14	15	16	17	18	19	20	21	22	23	24	25	26	28	29	30	31	32	33	34	37	38	39	40	41	46	47	232	#
914	1706.06	19	20	21	22	27	28	29	30	36	37	38	39	42	43	44	45	46	47	50	51	52	53	54	55	59	60	61	62	63	233	#
915	1933.98	3	4	5	6	7	11	14	15	20	21	22	23	28	29	30	31	36	38	39	43	44	45	46	47	54	55	61	62	63	233	#
916	1849.4	20	21	24	27	28	29	30	33	34	36	37	40	41	42	43	44	45	46	49	50	51	53	54	55	57	58	61	62	63	233	#
917	1755.11	22	28	29	30	31	32	36	37	38	39	40	42	43	44	45	46	47	48	49	50	51	52	53	54	55	57	58	62	63	233	#
918	1753.55	27	28	29	30	31	33	34	36	37	38	40	41	42	43	44	45	46	49	50	51	52	53	54	56	57	58	59	60	61	233	#
919	1723.68	2	8	9	10	16	17	24	25	26	27	28	29	32	33	34	35	36	41	42	43	44	45	49	50	51	52	59	60	62	233	#
920	81.7285	50	58	234	#
921	120.489	57	58	234	#
922	1599.76	0	9	17	19	20	24	25	26	27	28	32	33	34	35	36	37	40	41	42	43	44	45	50	51	52	58	59	60	61	62	235	#
923	1895.11	5	6	7	13	14	15	16	17	20	22	23	24	25	26	28	29	30	32	33	34	35	36	38	40	41	42	43	45	50	58	235	#
924	1894.44	11	16	17	18	19	20	22	23	27	28	30	31	35	36	37	38	40	41	42	43	44	45	50	51	52	53	57	58	59	60	235	#
925	1858.5	2	6	7	14	15	20	21	22	23	26	27	28	34	35	36	37	38	42	43	44	45	50	51	52	53	56	57	58	59	60	235	#
926	1857.88	6	10	11	15	18	19	20	21	22	23	27	28	29	31	36	37	38	39	42	43	44	45	46	47	50	51	52	55	59	60	235	#
927	1837.53	5	6	7	11	12	13	14	15	20	21	22	23	26	28	29	30	32	33	34	35	36	38	41	42	43	44	45	51	59	60	235	#
928	937.471	0	8	16	17	18	24	25	32	33	34	41	42	50	51	52	59	60	61	236	#
929	1291.94	1	2	3	4	10	11	29	30	41	42	43	49	50	51	52	59	60	61	236	#
930	1076.94	0	1	2	3	4	6	8	9	10	14	15	16	17	21	22	23	24	30	236	#
931	1065.2	35	36	37	42	43	44	45	46	50	51	52	53	54	59	60	61	62	63	236	#
932	1031.68	25	26	27	28	34	35	36	41	42	43	44	45	50	51	52	53	59	60	236	#
933	1015.51	0	25	32	33	40	41	42	43	44	49	50	51	52	57	58	59	60	61	236	#
934	1222.59	0	1	2	4	8	9	10	11	12	16	17	18	19	20	24	25	26	27	33	34	35	41	42	237	#
935	1683.38	1	2	3	4	8	9	10	11	12	16	17	18	19	20	21	24	28	29	30	31	36	38	46	237	#
936	1486.24	0	2	3	4	8	9	10	11	12	16	17	18	19	20	21	24	28	29	36	38	43	44	45	237	#
937	1477.53	5	11	12	13	17	18	19	20	21	28	29	30	31	35	36	38	39	45	46	47	53	54	55	237	#
938	1445.63	0	1	2	3	4	5	8	9	10	11	12	13	16	18	19	20	21	24	27	28	29	35	36	237	#
939	1437.51	0	1	2	3	4	5	8	9	10	13	16	17	18	19	24	25	26	27	32	40	41	42	49	237	#
940	207.607	5	6	7	12	13	21	238	#
941	285.853	11	12	13	14	21	22	238	#
942	267.403	6	7	15	21	22	23	238	#
943	260.505	6	7	14	15	22	23	238	#
944	255.307	3	4	5	12	13	39	238	#
945	76.338	38	#
946	233.312	28	29	239	#
947	199.87	29	38	239	#
948	271.803	50	51	52	53	54	59	60	240	#
949	327.046	27	36	45	53	54	55	62	240	#
950	135.715	20	21	22	241	#
951	162.496	21	22	30	241	#
952	1394.43	0	1	2	8	9	10	11	12	16	17	18	19	20	25	26	27	28	33	34	35	36	45	50	51	242	#
953	1477.1	12	16	17	18	19	20	24	25	26	32	33	34	35	36	40	41	42	43	44	45	50	51	52	60	242	#
954	1441.12	1	2	5	9	10	12	13	17	18	19	20	21	24	25	26	27	28	29	32	33	34	35	36	62	242	#
955	1425.82	0	1	2	3	4	5	8	9	10	11	12	16	17	18	19	27	28	32	35	36	37	43	44	45	242	#
956	1406.94	0	1	2	3	4	5	8	9	10	11	12	13	16	17	18	19	20	21	24	25	27	28	29	36	242	#
957	1404.09	1	2	3	9	10	11	12	13	17	18	19	20	21	22	23	28	29	30	31	36	37	38	39	63	242	#
958	1064.69	3	4	5	10	12	13	18	19	20	21	27	28	29	31	37	38	39	243	#
959	1281.92	12	18	19	20	27	28	29	30	31	36	37	38	39	45	46	47	54	243	#
960	1263.48	5	12	13	18	19	20	21	27	28	29	30	31	36	37	38	45	53	243	#
961	1260.72	4	11	12	17	18	19	20	21	27	28	34	36	42	43	45	51	53	243	#
962	1155.39	5	12	13	19	20	21	22	27	28	29	30	34	35	36	37	44	45	243	#
963	1154.54	14	15	21	22	23	27	30	31	35	36	37	38	39	45	46	47	62	243	#
964	1959	2	3	4	5	6	7	11	12	13	18	19	20	21	22	23	27	28	29	30	31	33	34	35	36	37	38	39	43	44	45	47	51	52	53	54	60	61	62	244	#
965	2250.45	4	5	6	13	14	15	17	18	19	20	21	22	23	25	27	28	29	30	31	33	36	37	38	39	41	42	43	44	45	47	50	51	52	55	60	61	62	63	244	#
966	2181.48	6	7	8	14	15	16	17	20	22	23	24	25	27	28	29	30	31	34	36	37	38	39	41	42	43	44	45	46	47	49	51	52	53	54	55	60	62	63	244	#
967	2171.61	3	4	5	6	7	11	12	13	14	22	23	26	27	28	30	31	32	34	35	36	37	38	39	40	41	42	43	44	45	46	47	49	50	51	52	54	55	60	244	#
968	321.644	36	37	42	43	44	45	245	#
969	402.014	27	28	35	36	37	45	245	#
970	385.841	31	36	37	38	39	45	245	#
971	369.736	36	37	38	44	45	52	245	#
972	317.911	26	34	35	42	43	50	245	#
973	311.302	34	35	36	43	44	52	245	#
974	403.068	4	5	6	11	12	13	19	20	27	28	246	#
975	602.328	4	5	6	7	12	13	14	15	21	23	246	#
976	542.59	12	13	20	21	28	36	45	56	57	58	246	#
977	542.275	4	5	6	12	13	20	21	27	28	29	246	#
978	496.628	3	4	10	11	12	16	17	18	19	25	246	#
979	414.836	2	3	4	11	12	13	19	20	27	28	246	#
980	67.6192	59	60	#
981	370.302	28	36	37	44	45	247	#
982	370.63	14	21	22	28	29	247	#
983	317.228	28	35	36	37	45	247	#
984	288.344	36	37	38	44	45	247	#
985	278.871	27	36	41	44	45	247	#
986	234.949	36	37	45	53	54	247	#
987	356.141	5	6	7	14	15	23	248	#
988	402.514	5	6	13	34	42	62	248	#
989	379.471	5	6	7	13	14	15	248	#
990	371.981	5	6	13	14	15	23	248	#
991	350.542	5	6	45	52	53	60	248	#
992	342.633	5	6	13	14	22	23	248	#
993	2365.93	0	1	3	4	5	6	7	8	9	10	11	14	15	16	17	18	21	22	23	24	25	26	30	32	33	34	35	36	37	40	41	42	43	48	49	50	51	54	56	57	58	60	249	#
994	2585.3	3	4	8	9	10	11	12	13	15	16	17	19	20	21	22	23	24	25	26	27	30	31	32	33	34	35	36	37	38	40	41	43	44	45	51	52	53	54	55	61	62	63	249	#
995	2574.18	1	2	3	4	5	10	11	12	13	14	16	17	18	19	20	21	22	25	26	27	28	29	30	31	32	33	34	35	36	37	38	40	41	42	43	48	49	50	51	52	56	57	249	#
996	2514.32	1	2	3	4	5	6	8	9	10	11	12	13	16	17	18	19	20	21	22	23	24	25	27	28	29	30	31	32	33	34	36	37	38	40	43	44	45	46	47	51	52	53	249	#
997	2483.55	2	3	4	5	6	10	11	12	13	14	15	16	17	18	19	20	21	22	23	24	25	26	27	29	30	31	32	33	34	35	36	37	38	39	40	41	45	46	47	49	53	55	249	#
998	2473.2	0	1	2	3	4	6	8	9	10	11	16	17	18	19	20	21	22	24	25	26	27	30	32	33	34	35	36	37	38	40	41	42	43	44	45	48	49	50	56	57	61	62	249	#
999	1375.12	3	4	5	9	10	11	12	13	14	17	18	19	20	21	22	23	27	28	29	30	36	38	40	48	49	56	250	#
1000	1581.47	20	26	27	28	29	30	33	34	35	36	37	38	39	42	43	44	45	46	47	49	50	51	52	53	54	55	250	#
1001	1572.1	20	27	28	29	30	31	36	37	38	39	43	44	45	46	47	48	49	50	51	52	53	54	55	56	60	61	250	#
1002	1497.67	8	9	10	16	17	18	24	25	26	32	33	34	35	36	40	41	42	43	44	48	49	50	51	56	57	58	250	#
1003	1495.66	3	4	5	6	7	8	9	10	11	12	13	14	15	19	20	21	22	23	27	28	29	30	36	38	45	46	250	#
1004	1487.48	24	28	30	32	33	34	35	36	37	38	40	41	42	43	44	45	48	49	50	51	52	53	54	55	57	59	250	#
