%% File generated by CATS v.2.1Wed Jun 22 10:37:52 2022

%% The CATS webpage is http://robotics.stanford.edu/CATS

%% PARAMETER SETTINGS:
% Goods: 64; Bids: 1000; Distribution: regions; Runs: 1; Seed: 1656573022
% Regions Distribution Parameters:
% Max Substitutable Bids = 5
% Removing HV Neighbor   = 0.1
% Adding DIAG Neighbor   = 0.2
% Additional Location    = 0.9
% Jump Probability       = 0.05
% Additivity             = 0.2
% Budget Factor          = 1.5
% Resale Factor          = 0.5
% Normal Private Value:
%   Mean                 = 0
%   Standard Deviation   = 30



goods 64
bids 1001
dummy 184

0	286.714	3	11	13	19	64	#
1	353.611	3	11	18	19	64	#
2	336.883	3	11	19	26	64	#
3	204.533	2	3	4	11	64	#
4	161.475	13	19	20	28	64	#
5	110.117	52	#
6	502.81	0	1	8	9	10	17	25	26	65	#
7	589.882	9	11	17	18	19	24	25	33	65	#
8	527.789	11	17	24	25	26	27	33	53	65	#
9	518.103	1	8	9	10	17	18	25	26	65	#
10	503.507	1	2	9	10	16	17	18	25	65	#
11	487.17	0	1	2	3	9	10	11	35	65	#
12	1789.02	13	14	15	21	22	23	27	28	29	30	31	35	36	37	38	39	43	44	45	46	47	51	52	53	59	60	61	66	#
13	2011.71	5	6	7	10	13	14	15	18	19	20	21	22	23	26	27	28	29	30	31	35	36	37	38	39	45	46	53	66	#
14	2006.05	5	6	7	12	13	14	15	18	19	20	21	22	23	27	29	30	31	38	39	43	44	45	46	52	53	60	61	66	#
15	1987.67	5	6	7	13	14	15	19	20	21	22	23	26	27	28	29	30	31	34	35	36	37	38	39	46	47	52	53	66	#
16	1978.13	3	6	7	11	13	14	15	19	20	21	22	23	27	28	30	31	34	36	37	38	41	42	43	44	45	46	49	66	#
17	1923.77	5	6	7	11	12	13	20	21	22	23	26	27	28	29	30	31	36	37	38	39	41	44	45	46	49	56	57	66	#
18	229.194	5	6	7	67	#
19	257.607	4	5	6	67	#
20	222.088	7	15	48	67	#
21	209.999	4	5	50	67	#
22	368.229	15	22	23	31	38	68	#
23	430.722	6	14	15	60	61	68	#
24	325.704	22	23	30	31	39	68	#
25	299.046	21	22	23	30	31	68	#
26	293.285	30	31	37	38	39	68	#
27	284.478	0	1	38	39	46	68	#
28	413.055	19	20	21	22	29	30	69	#
29	531.531	3	11	18	19	20	27	69	#
30	477.079	29	30	31	38	39	47	69	#
31	463.004	14	15	21	22	23	31	69	#
32	458.741	13	14	19	20	21	27	69	#
33	400.27	29	30	37	38	44	47	69	#
34	627.204	1	21	22	29	30	31	38	39	47	55	70	#
35	872.619	14	22	29	30	31	38	39	46	47	55	70	#
36	840.29	22	23	30	38	46	47	54	55	62	63	70	#
37	836.79	7	14	15	22	23	30	31	38	39	47	70	#
38	799.095	14	21	22	27	28	29	30	31	38	46	70	#
39	786.294	15	23	31	38	39	46	47	54	55	63	70	#
40	277.9	11	12	20	71	#
41	200.543	2	3	11	71	#
42	440.596	10	40	41	42	49	50	57	72	#
43	522.212	18	32	40	41	42	50	54	72	#
44	495.245	13	14	15	20	41	42	50	72	#
45	412.196	32	40	41	48	49	56	57	72	#
46	385.898	24	32	40	48	49	56	57	72	#
47	317.301	40	41	48	49	50	57	58	72	#
48	262.27	42	43	44	51	59	73	#
49	249.283	34	41	42	43	51	73	#
50	221.124	1	2	35	43	47	73	#
51	206.84	20	28	43	44	51	73	#
52	193.743	51	57	58	59	60	73	#
53	113.87	38	#
54	1273.86	5	6	7	14	15	19	20	21	22	23	28	29	30	31	36	37	38	39	44	45	47	74	#
55	1409.21	4	5	6	7	8	9	10	14	15	16	17	20	21	22	23	24	28	29	30	31	38	74	#
56	1399.11	8	9	11	12	16	17	18	19	20	21	24	25	26	27	29	32	35	36	37	43	45	74	#
57	1333.43	3	4	5	6	7	11	13	14	15	19	20	21	22	23	27	28	29	32	37	38	40	74	#
58	1330.8	20	21	22	26	27	28	29	30	31	36	37	38	39	43	44	45	46	52	53	59	60	74	#
59	1290.2	6	7	14	15	20	22	23	28	29	30	31	36	37	38	39	43	44	45	46	47	53	74	#
60	125.248	13	20	75	#
61	139.629	5	13	75	#
62	125.184	19	20	75	#
63	9.84839	3	#
64	299.739	23	31	39	47	76	#
65	354.906	38	39	45	46	76	#
66	332.738	23	30	31	38	76	#
67	287.448	22	23	47	55	76	#
68	221.871	39	46	47	57	76	#
69	1627.1	4	5	6	7	12	13	14	15	19	20	21	22	23	26	27	28	29	30	31	35	36	39	43	77	#
70	1795.31	6	7	11	12	13	14	15	18	19	20	21	22	23	28	29	30	31	35	36	38	39	46	47	77	#
71	1706.84	6	14	19	20	21	22	23	27	28	29	30	31	35	36	37	38	39	41	42	43	44	46	47	77	#
72	1706.25	5	6	7	13	14	15	20	21	22	23	28	29	30	31	36	37	38	39	45	46	47	52	53	77	#
73	1702.81	4	5	6	7	11	12	13	14	15	16	17	20	21	22	23	24	28	29	30	31	36	38	39	77	#
74	1681.36	5	6	7	13	14	20	21	22	23	29	30	31	32	36	37	38	39	40	41	44	45	46	48	77	#
75	1354.4	5	6	7	11	13	14	15	18	19	20	21	22	23	25	26	27	28	29	30	31	41	42	49	57	62	78	#
76	1588.13	13	14	20	22	23	29	30	31	38	39	41	45	46	49	50	52	53	54	57	58	59	60	61	62	63	78	#
77	1498.55	0	8	9	13	14	16	17	18	20	21	22	23	24	25	26	27	28	30	38	40	45	46	52	53	60	78	#
78	1447.48	26	27	28	29	34	35	36	37	38	40	41	42	43	44	45	46	52	53	54	55	59	60	61	62	63	78	#
79	1367.37	2	3	4	5	6	10	11	13	14	15	18	19	20	21	22	26	27	29	30	35	37	38	42	43	45	78	#
80	1349.35	0	1	2	8	9	10	16	17	18	19	24	25	32	33	35	40	41	42	43	48	49	50	57	58	59	78	#
81	102.298	62	#
82	532.162	19	27	29	34	35	36	37	44	45	46	79	#
83	718.514	0	10	11	18	19	20	27	28	35	36	79	#
84	690.849	18	19	20	26	27	28	35	36	43	51	79	#
85	649.535	26	27	28	29	34	41	42	50	57	58	79	#
86	614.478	23	31	34	36	37	38	39	44	45	46	79	#
87	557.185	30	31	36	37	38	44	45	46	53	61	79	#
88	809.974	13	14	15	20	23	31	38	39	45	46	47	53	80	#
89	823.954	5	13	19	20	21	22	26	27	28	29	30	31	80	#
90	821.572	5	13	14	15	20	22	26	27	28	29	30	38	80	#
91	820.407	10	21	22	29	30	31	37	38	39	46	47	55	80	#
92	811.534	5	6	7	13	14	15	21	22	23	30	31	38	80	#
93	802.414	20	28	36	37	44	45	46	52	53	60	61	62	80	#
94	30.2808	35	36	81	#
95	36.8169	36	37	81	#
96	761.129	8	16	17	43	44	45	46	53	59	60	61	82	#
97	865.294	14	15	22	30	42	43	44	45	52	53	60	82	#
98	832.966	8	16	17	18	19	20	21	22	26	27	28	82	#
99	803.694	27	35	42	43	44	50	51	52	58	59	60	82	#
100	780.599	27	34	35	36	42	43	44	45	46	47	51	82	#
101	721.539	31	37	38	39	45	46	47	54	55	62	63	82	#
102	640.239	16	24	25	41	42	48	49	50	56	83	#
103	672.07	34	35	40	41	42	43	49	50	51	83	#
104	664.776	34	35	40	41	42	43	48	50	58	83	#
105	656.611	34	35	41	42	43	49	50	51	62	83	#
106	640.126	32	40	41	42	48	49	50	57	58	83	#
107	594.395	40	41	42	48	49	50	56	57	58	83	#
108	570.634	53	54	55	59	60	61	62	63	84	#
109	704.55	23	31	39	47	54	55	62	63	84	#
110	654.586	46	47	54	55	60	61	62	63	84	#
111	615.622	45	46	47	53	55	60	61	62	84	#
112	553.808	9	32	45	46	47	53	55	63	84	#
113	529.973	45	47	53	54	55	61	62	63	84	#
114	96.7355	4	12	85	#
115	77.3945	4	5	85	#
116	276.524	41	42	43	44	51	86	#
117	303.102	42	43	44	46	51	86	#
118	278.495	26	34	42	43	54	86	#
119	214.835	35	42	43	44	45	86	#
120	172.663	41	48	49	56	57	86	#
121	132.548	35	36	37	38	44	86	#
122	139.88	22	#
123	636.382	32	34	40	41	42	48	49	50	56	57	58	59	87	#
124	738.375	23	41	42	49	50	51	52	56	57	58	59	60	87	#
125	684.791	29	30	31	38	40	41	42	48	49	50	56	57	87	#
126	668.075	8	10	16	17	18	24	32	40	50	56	57	58	87	#
127	667.686	32	40	41	42	48	49	50	51	56	57	58	59	87	#
128	651.273	24	32	33	40	41	48	49	50	56	57	58	59	87	#
129	1397.03	4	5	6	7	12	13	14	15	19	20	21	22	23	27	29	30	31	37	38	39	45	46	47	53	55	88	#
130	1902.73	5	6	11	12	13	14	15	20	21	22	23	26	27	28	29	30	31	38	40	41	42	43	46	48	49	88	#
131	1715.1	9	17	27	30	31	35	36	38	39	41	42	43	44	45	46	47	51	52	53	54	59	60	61	62	63	88	#
132	1686.21	5	6	7	11	12	13	14	15	18	19	20	21	22	23	28	29	30	31	38	39	45	46	47	52	53	88	#
133	1658.02	6	7	13	14	15	20	21	22	23	30	37	38	45	46	47	52	53	54	56	58	59	60	61	62	63	88	#
134	1604.1	0	5	6	7	11	12	13	14	15	16	19	20	21	22	23	27	28	29	30	31	38	39	46	47	55	88	#
135	327.136	40	41	42	54	62	89	#
136	315.004	28	40	41	42	43	89	#
137	298.062	47	54	55	62	63	89	#
138	286.099	40	41	42	50	58	89	#
139	273.609	40	48	49	50	57	89	#
140	514.989	35	40	42	43	44	45	48	49	50	51	56	57	90	#
141	742.141	19	27	28	34	35	36	42	43	44	45	51	59	90	#
142	688.307	30	31	38	41	46	49	50	56	57	58	59	60	90	#
143	664.583	25	32	33	40	41	42	43	48	49	50	56	57	90	#
144	663.327	27	29	34	35	36	37	42	43	44	45	51	59	90	#
145	642.746	8	9	16	17	24	25	32	33	40	41	48	56	90	#
146	186.414	30	38	46	91	#
147	223.8	38	46	47	91	#
148	222.812	23	30	31	91	#
149	219.764	37	38	39	91	#
150	194.771	27	28	36	92	#
151	229.06	19	27	28	92	#
152	858.838	12	20	40	41	42	48	49	50	56	57	58	59	60	93	#
153	944.429	35	36	41	42	43	44	50	52	53	58	59	60	61	93	#
154	917.193	34	40	41	42	48	49	50	56	57	58	59	60	61	93	#
155	848.857	34	41	42	49	50	52	53	57	58	59	60	61	62	93	#
156	848.458	4	5	11	12	19	20	21	27	28	29	30	31	38	93	#
157	806.344	49	50	51	52	53	54	57	58	59	60	61	62	63	93	#
158	1373.28	0	1	2	3	4	5	8	9	10	16	17	18	19	20	21	24	25	26	27	29	32	33	34	40	61	62	94	#
159	1760.66	7	15	22	23	30	31	37	38	39	44	45	46	47	48	49	50	52	53	54	55	57	58	59	61	62	63	94	#
160	1719.81	1	8	9	16	17	19	24	25	26	27	32	33	34	37	38	39	40	42	45	46	47	54	55	61	62	63	94	#
161	1715.32	21	23	26	27	28	29	30	31	35	36	37	38	39	41	42	43	44	45	46	52	53	54	59	60	61	62	94	#
162	1571.55	2	8	9	16	17	18	19	20	24	25	26	27	32	33	35	39	40	47	48	49	54	55	56	57	62	63	94	#
163	1565.99	3	4	5	6	7	9	10	11	12	14	15	16	17	18	19	20	22	23	25	26	27	31	33	34	35	36	94	#
164	1204.36	11	13	17	19	20	24	25	26	27	28	32	33	34	35	36	40	41	42	43	44	48	49	50	51	57	58	95	#
165	1774.03	6	7	8	9	10	14	15	16	17	18	19	23	24	25	26	27	28	29	30	32	33	34	37	38	40	42	95	#
166	1752.48	13	15	20	21	22	23	27	28	29	30	31	35	36	37	38	39	42	43	44	45	46	51	53	54	59	60	95	#
167	1750.36	4	10	11	12	17	18	19	20	21	22	23	26	27	28	29	30	35	36	37	38	42	43	44	51	59	60	95	#
168	1693.82	10	12	14	19	20	21	22	24	25	26	27	28	29	30	32	33	35	36	37	38	43	44	45	46	51	53	95	#
169	1684.24	0	1	2	8	9	10	14	15	16	17	18	22	23	30	31	35	36	37	40	43	44	45	52	53	60	61	95	#
170	851.723	31	38	46	47	52	53	54	55	60	61	62	63	96	#
171	930.925	22	23	30	31	36	38	39	44	45	46	47	55	96	#
172	922.269	23	31	38	39	45	46	47	54	55	61	62	63	96	#
173	870.125	21	22	23	29	30	31	36	37	38	39	44	47	96	#
174	860.427	45	46	47	52	53	54	55	59	60	61	62	63	96	#
175	854.47	43	51	52	53	54	55	58	59	60	61	62	63	96	#
176	403.471	52	59	60	61	62	97	#
177	393.758	54	55	61	62	63	97	#
178	356.103	43	51	59	60	61	97	#
179	338.267	52	53	60	61	62	97	#
180	335.097	26	33	34	62	63	97	#
181	181.032	45	52	53	59	60	97	#
182	495.999	11	18	19	26	34	98	#
183	410.603	13	19	20	26	27	98	#
184	372.577	17	18	24	25	26	98	#
185	347.442	25	26	33	34	42	98	#
186	222.194	1	2	3	10	18	98	#
187	193.768	2	3	11	19	20	98	#
188	619.573	19	26	33	34	35	36	42	43	49	50	51	58	99	#
189	759.927	9	16	17	18	24	25	26	27	28	32	33	40	99	#
190	718.837	28	29	30	31	36	37	38	42	43	44	45	46	99	#
191	715.026	3	5	11	12	13	19	20	21	24	25	26	27	99	#
192	677.684	26	27	28	33	34	35	41	42	43	49	50	58	99	#
193	655.507	13	19	20	27	28	35	36	43	44	45	51	53	99	#
194	706.377	0	1	2	8	9	10	16	17	18	24	25	26	32	33	100	#
195	910.375	2	3	8	10	11	16	17	18	19	20	25	26	27	33	100	#
196	878.618	8	11	12	16	17	18	19	24	25	26	27	32	33	34	100	#
197	837.874	2	3	10	11	17	18	19	24	25	26	27	32	35	40	100	#
198	822.061	0	1	2	3	8	9	10	16	17	18	19	26	42	43	100	#
199	816.249	2	8	9	10	16	17	18	19	20	25	26	27	28	36	100	#
200	1606.46	0	1	2	3	4	5	6	7	8	9	10	11	12	13	14	15	16	17	18	20	21	22	23	24	46	54	101	#
201	1671.44	1	2	3	5	6	7	9	10	13	14	15	16	17	20	21	22	23	24	25	26	30	31	32	33	38	39	101	#
202	1634.48	3	4	5	6	7	10	11	12	13	14	15	18	19	20	21	22	23	26	27	28	33	34	35	41	48	49	101	#
203	1623.32	5	6	7	13	14	15	20	21	22	23	24	28	29	30	31	32	33	34	38	39	40	41	47	48	56	57	101	#
204	1622.45	4	5	6	7	11	12	13	14	15	16	17	20	22	23	24	25	31	32	33	34	38	40	41	42	49	50	101	#
205	1531.16	0	1	2	8	9	10	15	16	17	18	19	21	22	23	24	25	26	29	30	32	33	34	40	41	49	63	101	#
206	1301.71	0	1	2	8	9	10	22	29	30	31	37	38	39	43	44	45	46	51	102	#
207	1535.85	4	6	7	10	12	13	14	17	18	19	20	22	23	27	28	30	31	38	102	#
208	1350.65	16	17	24	25	26	30	31	32	33	34	38	39	42	43	46	47	50	61	102	#
209	1305.51	22	29	30	31	33	34	35	36	37	38	39	41	42	44	45	46	47	50	102	#
210	1271.11	2	8	9	10	11	12	13	16	17	18	19	20	21	24	25	26	27	32	102	#
211	1255.26	6	13	14	15	22	23	30	31	34	35	36	37	38	39	44	45	47	55	102	#
212	276.702	38	39	46	103	#
213	280.841	39	46	47	103	#
214	224.899	31	39	47	103	#
215	220.76	31	38	39	103	#
216	52.5399	28	#
217	2562.14	2	4	5	6	7	10	11	12	13	14	15	18	19	20	21	22	23	27	28	29	30	31	32	37	38	39	40	42	43	44	45	46	48	49	50	52	53	56	57	58	59	104	#
218	2718.7	3	4	5	6	7	9	10	11	12	13	14	15	18	19	20	21	22	23	27	28	29	30	31	35	36	37	38	39	44	45	46	47	50	52	53	54	55	60	61	62	63	104	#
219	2696.97	2	3	4	5	6	7	9	10	11	12	13	14	15	19	20	21	22	23	26	27	28	29	30	31	36	37	38	39	42	43	44	45	46	47	52	53	55	60	61	62	63	104	#
220	2646.56	3	4	5	6	7	10	11	12	13	14	15	17	18	19	20	21	22	23	24	25	26	27	28	29	30	31	34	35	36	37	38	39	42	43	44	46	47	54	55	62	63	104	#
221	2639.08	3	4	5	6	10	11	12	13	16	17	18	19	20	23	24	25	26	27	28	29	30	31	32	33	34	35	36	37	38	39	42	43	44	45	46	47	52	53	55	59	61	104	#
222	2626.79	0	1	2	3	4	9	10	11	13	14	18	19	20	21	22	23	26	27	28	29	30	31	35	36	37	38	39	42	43	44	45	46	47	50	51	53	54	55	60	61	62	104	#
223	629.034	3	4	5	6	11	12	13	19	20	21	28	29	36	105	#
224	851.05	4	10	11	12	16	17	18	19	20	24	27	28	35	105	#
225	816.251	3	4	11	12	19	20	21	22	28	29	30	31	39	105	#
226	805.887	0	3	4	8	10	11	16	17	18	19	25	26	34	105	#
227	796.72	1	2	3	4	5	8	9	10	11	12	18	19	20	105	#
228	746.51	13	19	20	21	26	28	29	31	37	38	39	44	45	105	#
229	135.482	49	50	51	58	59	106	#
230	169.89	41	48	49	50	57	106	#
231	587.351	3	4	5	6	7	12	13	14	15	107	#
232	755.808	4	5	11	12	13	18	19	27	61	107	#
233	747.748	5	6	7	13	14	15	22	23	31	107	#
234	737.28	4	5	6	7	13	14	15	23	31	107	#
235	669.275	5	6	7	13	14	15	21	22	23	107	#
236	650.219	2	3	4	5	7	10	11	12	13	107	#
237	628.659	41	42	43	51	52	58	59	60	108	#
238	584.722	42	43	51	53	59	60	61	62	108	#
239	543.532	10	50	53	58	59	60	61	62	108	#
240	523.726	27	28	35	36	42	43	51	59	108	#
241	500.891	50	51	52	53	58	59	60	61	108	#
242	486.609	33	34	36	41	42	43	44	50	108	#
243	363.889	2	9	10	40	48	49	56	57	109	#
244	527.459	2	8	9	10	16	17	18	24	109	#
245	472.778	41	42	49	50	57	58	59	60	109	#
246	450.178	0	1	2	8	9	10	16	17	109	#
247	438.575	18	40	48	56	57	58	59	60	109	#
248	372.042	1	2	3	4	5	9	10	13	109	#
249	577.333	16	24	32	40	41	48	110	#
250	443.096	16	17	24	25	26	32	110	#
251	408.625	41	42	48	49	50	58	110	#
252	401.363	16	17	18	24	25	33	110	#
253	382.814	16	24	25	32	33	34	110	#
254	333.018	40	41	48	49	50	57	110	#
255	511.097	29	30	31	38	39	46	111	#
256	546.096	30	31	38	39	46	47	111	#
257	398.558	27	28	29	30	31	38	111	#
258	368.633	21	22	30	31	38	39	111	#
259	336.5	37	45	46	47	53	55	111	#
260	316.685	7	15	21	22	23	31	111	#
261	106.273	32	#
262	391.232	18	19	27	28	112	#
263	340.729	15	18	19	20	112	#
264	292.374	13	19	20	26	112	#
265	282.412	19	26	27	28	112	#
266	202.146	27	28	29	36	112	#
267	360.62	37	45	53	60	61	62	63	113	#
268	509.855	42	43	54	55	61	62	63	113	#
269	491.887	39	47	54	55	61	62	63	113	#
270	489.503	42	43	44	45	51	58	59	113	#
271	462.101	54	55	59	60	61	62	63	113	#
272	436.467	31	44	45	53	59	60	61	113	#
273	200.732	4	5	6	12	20	114	#
274	286.994	3	11	12	19	20	114	#
275	274.055	4	5	11	13	20	114	#
276	238.927	3	11	12	20	21	114	#
277	617.745	5	6	7	13	37	38	46	58	115	#
278	694.719	23	30	31	38	39	45	46	47	115	#
279	640.268	30	37	38	44	45	46	47	53	115	#
280	583.773	5	6	7	14	15	22	23	30	115	#
281	522.352	29	31	36	37	38	39	46	61	115	#
282	478.278	13	14	20	21	22	28	36	44	115	#
283	360.499	2	3	4	9	11	12	116	#
284	439.414	1	2	8	9	10	18	116	#
285	403.99	11	19	43	51	59	60	116	#
286	381.68	3	4	5	11	12	19	116	#
287	348.851	3	4	11	12	20	28	116	#
288	319.482	2	3	4	5	12	59	116	#
289	697.388	44	45	46	47	52	53	54	55	60	61	62	63	117	#
290	795.344	38	39	44	45	46	47	53	54	55	61	62	63	117	#
291	777.878	39	45	47	52	53	54	55	59	60	61	62	63	117	#
292	771.296	15	28	35	36	43	44	45	46	47	51	53	59	117	#
293	750.535	37	38	45	46	47	52	53	54	55	61	62	63	117	#
294	750.338	27	35	43	47	49	50	54	55	56	57	62	63	117	#
295	216.472	15	21	22	23	118	#
296	299.688	14	15	23	31	118	#
297	294.716	7	14	15	23	118	#
298	203.182	13	20	21	32	118	#
299	181.908	21	22	29	30	118	#
300	195.788	27	35	43	44	51	119	#
301	293.16	35	36	42	43	51	119	#
302	266.47	51	53	58	59	60	119	#
303	213.685	35	43	44	45	51	119	#
304	174.673	33	34	35	42	43	119	#
305	81.5639	25	26	27	28	36	119	#
306	314.624	45	52	53	60	61	120	#
307	323.967	32	52	53	60	61	120	#
308	321.641	52	53	60	61	62	120	#
309	311.947	54	55	60	61	62	120	#
310	242.673	15	23	52	53	60	120	#
311	231.278	8	45	46	47	53	120	#
312	581.835	9	10	17	18	19	25	26	33	34	42	121	#
313	685.783	8	9	10	16	17	18	19	24	25	26	121	#
314	652.222	1	8	9	10	16	17	18	19	24	25	121	#
315	621.474	1	8	9	10	17	24	25	33	45	46	121	#
316	617.896	16	17	18	24	25	26	34	41	42	50	121	#
317	589.821	10	11	17	18	19	24	25	26	27	33	121	#
318	494.33	37	45	52	53	60	61	62	63	122	#
319	588.989	45	46	53	54	60	61	62	63	122	#
320	563.089	52	53	54	59	60	61	62	63	122	#
321	524.277	44	45	52	53	60	61	62	63	122	#
322	456.013	39	42	47	50	54	55	62	63	122	#
323	424.742	44	45	52	53	58	59	60	61	122	#
324	1710.23	0	4	7	8	9	11	12	14	15	16	17	18	19	20	21	24	25	26	29	32	33	34	40	41	50	57	58	59	123	#
325	1881.16	5	6	13	14	15	18	19	20	21	22	23	26	27	28	29	30	35	40	41	43	52	53	54	55	60	61	62	63	123	#
326	1880.8	6	7	11	13	14	15	17	18	19	20	21	22	23	24	25	26	27	28	29	30	31	33	35	36	38	39	43	44	123	#
327	1813.98	0	2	5	6	8	9	10	13	14	16	17	18	19	20	21	22	23	24	25	26	27	30	31	32	33	34	39	47	123	#
328	1811.12	0	1	2	8	9	10	13	16	17	18	19	20	21	22	23	24	25	26	27	28	29	30	32	33	40	48	51	59	123	#
329	1768.3	3	5	6	7	8	9	10	11	13	14	15	16	17	18	19	20	21	22	23	25	26	27	28	29	30	31	34	38	123	#
330	237.025	1	2	3	8	9	124	#
331	289.091	0	1	2	8	16	124	#
332	237.701	1	2	3	4	11	124	#
333	209.959	1	2	3	9	10	124	#
334	158.173	0	1	2	9	17	124	#
335	130.72	2	9	10	17	44	124	#
336	718.409	34	35	42	43	45	46	51	52	53	59	60	125	#
337	811.724	3	4	11	18	19	26	27	52	53	60	61	125	#
338	704.837	19	26	27	28	29	34	35	41	42	43	50	125	#
339	660.677	27	35	43	44	45	51	52	53	59	60	61	125	#
340	654.253	25	26	27	34	35	42	46	47	49	50	57	125	#
341	636.898	27	28	29	31	34	35	36	42	43	44	47	125	#
342	1212.29	20	28	29	30	31	36	37	38	43	44	45	46	51	52	53	59	60	61	126	#
343	1422.82	1	2	3	4	5	6	8	9	10	14	15	17	23	30	31	38	39	47	126	#
344	1340.48	15	16	23	24	30	31	32	33	36	37	38	39	40	41	44	45	46	47	126	#
345	1323.3	5	6	7	14	15	20	22	23	28	29	30	31	37	38	39	45	46	47	126	#
346	1286.97	6	7	13	14	16	17	18	20	24	34	41	42	49	50	52	53	60	61	126	#
347	1283.49	1	2	9	10	11	17	18	19	24	25	26	27	45	51	52	53	59	60	126	#
348	2106.23	5	6	7	12	14	15	19	20	21	22	23	26	29	30	31	37	38	39	44	45	46	47	51	53	54	55	58	59	60	61	62	63	127	#
349	2402.63	0	1	2	3	4	5	10	11	12	17	18	19	24	26	27	30	31	34	39	44	45	46	47	52	53	54	55	59	60	61	62	63	127	#
350	2248.61	4	7	11	12	13	14	15	20	21	22	23	29	30	31	36	37	38	39	42	43	44	45	46	47	53	54	55	59	60	61	62	63	127	#
351	2235.96	8	16	23	24	25	31	32	33	36	37	38	39	40	41	42	43	44	45	46	47	48	49	51	52	53	54	55	59	60	61	62	63	127	#
352	2210.63	8	10	11	12	16	17	18	19	20	21	24	25	26	27	29	30	31	33	34	35	36	38	39	40	42	43	44	45	46	47	48	55	127	#
353	2203.38	1	2	6	7	8	9	10	11	12	13	14	15	16	17	20	22	23	29	30	31	36	37	38	39	44	45	46	47	55	61	62	63	127	#
354	536.075	15	23	31	38	39	63	128	#
355	621.9	23	31	39	47	54	55	128	#
356	563.422	39	47	54	55	62	63	128	#
357	529.387	6	7	14	15	22	23	128	#
358	524.855	23	30	31	37	38	46	128	#
359	449.83	7	14	15	21	22	23	128	#
360	611.462	0	1	2	3	4	5	6	8	9	14	16	17	24	25	32	129	#
361	917.154	0	1	8	9	11	16	17	19	20	24	25	26	27	28	35	129	#
362	910.678	0	1	3	8	9	10	11	16	17	18	19	24	25	26	34	129	#
363	869.754	1	2	3	4	5	8	9	10	11	16	17	18	19	20	27	129	#
364	842.823	1	8	9	10	16	17	18	19	24	25	26	32	33	34	40	129	#
365	841.008	1	2	3	5	9	10	11	12	13	18	19	20	29	36	37	129	#
366	64.2209	30	#
367	1192.22	21	22	23	29	30	31	38	39	46	47	55	62	63	130	#
368	1113.29	22	30	31	37	38	39	46	47	54	55	61	62	63	130	#
369	1039.18	7	13	14	15	22	23	28	29	30	31	37	38	39	130	#
370	1016	21	22	23	28	29	30	31	36	37	38	39	44	46	130	#
371	1011.22	15	23	36	44	45	47	52	53	54	55	59	60	63	130	#
372	1010.61	20	21	22	25	26	27	28	29	30	31	33	38	39	130	#
373	694.466	0	1	9	10	16	17	18	35	42	43	131	#
374	676.042	40	41	42	43	44	48	49	51	56	57	131	#
375	668.008	8	16	19	24	25	26	27	32	35	40	131	#
376	565.253	35	36	37	38	42	43	44	45	46	51	131	#
377	532.978	0	1	8	9	16	17	18	24	25	32	131	#
378	505.861	1	2	8	9	10	16	17	18	24	32	131	#
379	124.201	53	61	132	#
380	151.307	24	61	132	#
381	145.435	52	53	132	#
382	103.658	46	#
383	1576.47	24	28	31	32	33	34	36	37	38	39	40	41	42	43	44	45	46	47	48	49	50	51	52	53	56	57	58	59	60	61	62	133	#
384	2151.95	2	8	9	10	11	12	13	16	17	18	19	20	21	22	24	27	29	30	31	36	37	38	39	43	44	45	46	47	55	62	63	133	#
385	2002.51	10	16	17	18	19	20	23	24	28	30	31	32	33	34	35	38	40	41	42	43	44	45	46	48	49	53	57	60	61	62	63	133	#
386	1910.12	7	14	15	16	22	23	24	25	28	29	30	31	32	37	38	39	42	43	44	45	46	47	51	52	53	54	55	59	60	62	63	133	#
387	1905.22	4	10	12	13	15	17	18	19	20	21	22	23	24	25	26	27	28	29	30	31	34	35	36	37	38	39	42	43	45	46	47	133	#
388	1854.78	11	14	18	19	20	27	28	29	30	31	35	36	37	38	43	44	45	46	47	51	52	53	54	55	57	58	59	60	61	62	63	133	#
389	137.263	16	#
390	450.637	45	51	52	53	59	60	61	134	#
391	492.045	45	52	53	58	59	60	61	134	#
392	490.308	45	50	52	53	59	60	61	134	#
393	460.031	51	52	53	58	59	60	61	134	#
394	422.668	45	52	53	54	60	61	62	134	#
395	382.179	36	38	46	52	53	60	61	134	#
396	358.957	30	31	39	47	135	#
397	341.313	22	30	31	38	135	#
398	316.261	30	31	38	39	135	#
399	255.525	38	46	47	55	135	#
400	225.037	37	38	39	46	135	#
401	44.867	49	56	57	#
402	705.302	0	1	2	3	8	9	10	11	16	17	24	25	32	136	#
403	951.468	0	1	8	10	11	16	17	18	19	24	25	26	27	136	#
404	895.296	0	1	8	9	10	16	17	18	19	24	25	48	50	136	#
405	817.429	0	1	2	8	9	10	16	17	18	19	24	25	32	136	#
406	749.559	4	11	12	13	15	17	18	19	20	24	25	27	44	136	#
407	715.992	0	1	8	9	16	17	18	24	25	26	32	34	40	136	#
408	296.252	51	52	58	59	60	137	#
409	421.781	6	13	14	22	60	137	#
410	363.094	36	43	44	51	59	137	#
411	340.603	52	58	59	60	61	137	#
412	318.026	51	53	58	59	60	137	#
413	164.681	37	44	45	52	53	137	#
414	804.563	16	24	25	32	33	34	35	41	42	43	49	50	138	#
415	833.178	8	16	32	40	41	42	43	48	49	50	56	57	138	#
416	768.988	8	9	10	16	17	18	24	25	26	32	33	40	138	#
417	730.15	0	8	16	17	24	25	32	33	40	41	48	50	138	#
418	719.718	1	2	3	8	9	10	11	18	19	34	35	42	138	#
419	702.138	11	19	25	26	27	32	33	34	35	40	41	42	138	#
420	325.872	4	5	11	12	13	20	139	#
421	396.668	4	11	12	13	19	26	139	#
422	313.222	4	11	12	20	21	29	139	#
423	245.262	12	13	14	20	28	60	139	#
424	228.814	4	5	13	14	20	21	139	#
425	200.906	4	5	12	13	20	21	139	#
426	557.098	38	45	46	52	53	60	61	140	#
427	558.869	23	30	31	37	38	39	46	140	#
428	459.345	51	52	53	59	60	61	62	140	#
429	455.83	43	51	52	53	58	59	60	140	#
430	444.962	29	30	36	37	38	39	46	140	#
431	384.972	13	37	38	39	45	52	53	140	#
432	118.263	61	#
433	871.098	16	24	25	32	33	36	40	41	42	43	44	45	49	141	#
434	856.445	35	40	41	42	43	44	49	50	51	53	58	59	60	141	#
435	800.244	2	34	35	40	41	42	48	49	50	52	58	59	60	141	#
436	796.628	24	25	27	32	33	34	35	36	40	41	42	44	50	141	#
437	757.704	27	35	36	37	41	42	43	44	45	51	54	59	62	141	#
438	747.6	17	18	19	25	26	27	34	40	41	42	48	50	58	141	#
439	1294.24	22	23	27	28	29	30	31	36	37	38	39	44	45	47	53	58	59	60	61	142	#
440	1291.41	17	18	19	26	30	31	37	38	39	40	45	46	47	48	54	55	56	57	63	142	#
441	1287.6	8	9	16	17	19	24	26	27	34	40	41	42	48	49	50	56	57	58	59	142	#
442	1211.26	10	18	19	26	27	34	35	36	37	41	42	43	44	48	49	50	52	56	57	142	#
443	1209.25	3	4	5	29	30	31	37	38	39	44	45	46	47	51	54	55	58	59	63	142	#
444	1193.16	33	34	40	42	44	45	48	49	50	52	53	56	57	58	59	60	61	62	63	142	#
445	276.387	8	16	17	32	143	#
446	348.004	32	40	41	48	143	#
447	311.231	10	17	18	19	143	#
448	191.117	8	16	17	24	143	#
449	152.738	0	8	16	17	143	#
450	752.679	19	27	28	40	42	43	44	45	48	49	51	56	57	58	144	#
451	954.712	14	19	21	22	27	28	29	30	31	36	37	38	44	45	144	#
452	871.158	0	8	9	11	16	17	18	19	25	26	27	28	33	34	144	#
453	832.876	8	30	36	37	38	39	43	44	45	46	52	53	60	61	144	#
454	791.429	15	23	29	30	31	36	37	38	45	46	52	53	60	61	144	#
455	770.395	16	24	34	41	42	43	48	49	50	54	56	57	62	63	144	#
456	200.402	0	8	16	145	#
457	153.05	0	8	9	145	#
458	118.776	15	23	146	#
459	167.975	22	23	146	#
460	66.9243	14	15	146	#
461	281.788	40	48	56	57	58	147	#
462	360.16	41	42	50	57	58	147	#
463	257.096	40	48	49	56	57	147	#
464	238.303	41	49	57	58	59	147	#
465	1406.08	0	1	2	3	4	5	6	7	10	11	12	13	14	15	18	19	20	25	26	27	28	35	36	148	#
466	1707.31	2	3	4	5	7	10	11	12	13	14	15	18	19	20	22	23	27	28	31	39	53	60	61	148	#
467	1477.61	0	1	2	3	4	5	6	9	10	11	12	18	19	20	25	26	27	34	47	54	55	62	63	148	#
468	1412.77	3	4	5	6	11	12	13	18	19	20	25	26	27	35	36	37	44	45	46	47	53	60	61	148	#
469	1350.39	3	4	5	6	7	11	12	13	14	15	18	19	20	23	26	27	28	29	30	33	34	35	36	148	#
470	1339.14	19	25	26	27	28	29	32	33	34	35	36	37	42	44	45	52	53	54	59	60	61	62	63	148	#
471	14.0679	21	#
472	2266.79	3	4	5	6	7	9	10	11	12	13	14	15	16	17	18	19	20	21	22	23	25	26	27	28	29	30	31	33	34	35	36	37	38	39	149	#
473	2487.81	3	4	6	7	11	12	13	14	18	19	20	21	22	23	24	25	26	27	28	29	30	31	34	35	36	37	38	39	40	41	42	45	50	63	149	#
474	2435.56	2	3	4	5	6	7	11	12	13	14	15	16	17	18	19	20	21	22	24	26	27	28	29	30	32	37	38	40	54	55	60	61	62	63	149	#
475	2411.4	4	5	6	7	11	13	14	15	18	19	20	21	22	23	27	28	29	30	31	35	36	37	38	39	41	42	43	44	45	46	47	50	55	63	149	#
476	2410.68	6	7	13	14	15	20	21	22	23	26	27	28	29	30	31	34	35	36	37	38	39	43	44	45	46	47	51	52	53	59	60	61	62	63	149	#
477	2408.59	18	19	21	22	26	27	28	29	30	31	34	35	36	37	38	39	41	42	43	44	45	46	47	49	50	51	52	54	55	59	60	61	62	63	149	#
478	739.58	15	22	23	29	30	31	37	38	39	46	150	#
479	792.959	14	15	21	22	23	29	30	31	38	39	150	#
480	780.42	7	15	22	23	29	30	31	37	38	39	150	#
481	715.669	7	15	23	41	42	43	49	50	57	58	150	#
482	710.82	13	14	20	21	22	23	29	30	31	38	150	#
483	669.565	13	14	15	20	21	22	23	30	31	32	150	#
484	513.584	45	52	53	54	55	61	62	63	151	#
485	618.874	14	22	30	54	60	61	62	63	151	#
486	596.088	22	29	30	54	55	61	62	63	151	#
487	583.689	44	45	46	52	53	59	60	61	151	#
488	574.091	43	45	51	52	53	59	60	61	151	#
489	567.22	52	54	55	59	60	61	62	63	151	#
490	97.3292	40	#
491	302.66	39	47	55	63	152	#
492	348.275	39	46	47	55	152	#
493	305.751	47	55	62	63	152	#
494	305.277	54	55	62	63	152	#
495	790.295	21	28	29	30	31	37	38	39	44	45	46	47	53	60	153	#
496	1011.2	23	30	31	37	38	39	45	46	47	52	53	55	60	63	153	#
497	981.958	5	6	7	14	15	22	23	30	31	37	38	39	46	47	153	#
498	967.069	22	30	31	37	38	39	45	46	47	52	53	59	60	61	153	#
499	919.211	9	10	17	18	19	21	26	27	28	29	30	34	37	38	153	#
500	894.911	21	22	30	31	38	39	40	45	46	47	53	54	55	63	153	#
501	817.327	1	2	4	8	9	10	12	16	17	19	25	26	27	28	35	154	#
502	1016.81	3	4	5	6	7	11	19	20	26	27	28	29	30	37	38	154	#
503	970.176	11	17	18	19	24	26	27	32	33	34	35	40	41	42	50	154	#
504	959.001	0	8	9	16	17	18	19	24	25	26	27	32	33	34	42	154	#
505	943.287	0	1	2	3	8	9	10	16	17	18	19	25	26	32	33	154	#
506	938.119	0	1	2	3	4	8	9	10	11	12	16	36	43	44	51	154	#
507	340.807	25	32	33	34	35	42	43	155	#
508	471.538	42	43	44	50	51	59	60	155	#
509	420.047	19	25	26	27	33	34	42	155	#
510	369.773	9	17	24	25	26	33	34	155	#
511	364.298	25	26	27	28	29	33	35	155	#
512	328.045	17	19	25	26	33	34	42	155	#
513	1409.66	0	3	4	5	6	8	12	13	14	15	16	17	18	19	20	21	22	24	25	26	28	29	30	34	36	156	#
514	1632.65	5	6	11	12	13	14	15	19	20	21	22	23	26	27	28	29	30	31	35	36	37	38	44	45	46	156	#
515	1554.97	4	5	6	7	11	13	14	15	19	20	21	22	23	26	28	29	30	31	34	36	37	38	39	45	46	156	#
516	1525.3	5	6	7	11	12	13	14	15	20	21	22	23	27	28	29	30	31	34	35	36	37	38	43	44	45	156	#
517	1511.42	4	5	6	7	11	12	13	14	15	20	21	22	23	27	28	29	30	31	35	36	37	38	43	44	45	156	#
518	1496.54	0	8	16	17	18	19	24	25	26	27	28	32	33	34	35	36	40	43	51	53	58	59	60	61	62	156	#
519	707.764	16	24	25	32	33	40	41	42	48	49	50	56	57	58	157	#
520	958.653	2	9	10	16	17	18	24	25	31	32	33	39	40	47	157	#
521	931.015	8	9	10	16	17	18	24	25	32	40	41	48	49	50	157	#
522	890.06	5	13	14	21	22	29	30	31	38	39	41	48	49	57	157	#
523	875.701	40	41	45	48	49	50	51	53	56	57	58	59	60	61	157	#
524	870.168	27	32	35	40	41	43	48	49	50	51	56	57	58	59	157	#
525	1632.98	27	31	33	34	35	37	38	39	42	43	44	45	46	47	51	52	53	55	59	60	61	158	#
526	1647.02	14	15	22	23	29	30	31	37	38	39	45	46	47	53	54	55	59	60	61	62	63	158	#
527	1641.11	22	29	30	31	36	37	38	39	44	45	46	47	52	53	54	55	59	60	61	62	63	158	#
528	1611.21	6	23	26	31	34	35	36	37	38	39	42	43	44	47	48	49	50	54	61	62	63	158	#
529	1608.14	9	17	23	29	30	31	35	36	37	38	39	43	44	45	46	47	51	53	54	55	63	158	#
530	1604.95	6	14	15	17	22	23	30	31	37	38	39	45	46	47	53	54	55	60	61	62	63	158	#
531	20.7405	4	5	12	159	#
532	19.5934	4	12	20	159	#
533	99.1177	12	20	160	#
534	38.4782	4	12	160	#
535	254.183	59	61	62	161	#
536	209.972	51	58	59	161	#
537	207.478	53	61	62	161	#
538	204.832	52	53	61	161	#
539	656.07	34	35	41	42	43	50	51	59	162	#
540	638.328	8	33	34	35	41	42	43	50	162	#
541	607.854	20	27	28	34	35	42	43	50	162	#
542	606.767	17	25	33	34	41	42	49	50	162	#
543	547.318	19	26	34	50	51	58	59	60	162	#
544	526.213	40	41	42	49	50	57	58	59	162	#
545	2163.46	0	1	2	3	5	6	7	8	9	10	11	12	13	14	15	16	17	18	19	20	21	24	25	26	27	28	29	32	33	34	35	40	41	42	43	47	54	55	56	63	163	#
546	2623.27	4	5	6	7	12	14	15	19	20	21	22	23	27	29	30	31	34	35	36	38	39	41	42	43	45	46	47	49	50	51	52	53	54	55	58	59	60	61	62	63	163	#
547	2620.59	4	5	6	7	12	13	14	15	19	20	21	22	23	27	28	29	30	31	33	34	35	36	37	39	43	44	45	46	47	50	52	53	54	55	58	59	60	61	62	63	163	#
548	2542.36	2	4	5	9	10	11	12	13	14	15	16	17	18	19	20	21	22	23	24	26	27	28	29	30	31	34	35	36	37	38	39	42	43	44	45	46	54	55	62	63	163	#
549	2531.31	2	3	4	5	6	7	10	11	12	13	14	15	19	20	21	22	23	26	27	28	29	30	31	32	35	36	37	38	39	42	43	45	46	47	51	54	55	61	62	63	163	#
550	2490.48	0	1	2	3	4	5	8	9	10	11	12	13	14	15	17	18	19	20	21	22	23	24	26	27	28	29	30	31	33	34	35	36	37	42	43	54	60	61	62	63	163	#
551	197.472	8	16	17	18	35	164	#
552	220.061	8	16	17	24	25	164	#
553	200.568	0	1	8	9	10	164	#
554	2185.97	12	13	14	15	20	21	22	23	27	28	29	30	31	35	36	37	38	39	42	43	44	45	46	47	51	53	54	55	59	60	61	62	63	165	#
555	2263.74	11	19	20	21	25	26	27	28	29	30	31	33	34	35	36	37	38	39	41	42	43	44	45	46	47	50	51	52	53	60	61	62	63	165	#
556	2254.85	13	18	19	20	26	27	28	29	30	31	35	36	37	38	39	41	42	43	44	45	46	47	50	51	52	53	54	55	59	60	61	62	63	165	#
557	2171.96	7	13	14	15	21	22	23	27	28	29	30	31	34	35	36	37	38	39	43	44	45	46	47	51	52	53	55	58	59	60	61	62	63	165	#
558	2171.71	4	6	12	13	14	15	19	20	21	22	23	27	28	29	30	31	35	36	37	38	39	43	44	46	51	52	53	54	59	60	61	62	63	165	#
559	2105.23	14	21	22	23	27	28	29	30	31	34	35	36	37	38	39	40	41	42	43	44	45	46	47	48	49	50	51	52	53	55	56	58	59	165	#
560	997.469	6	7	31	38	39	41	42	44	45	46	48	49	50	52	53	56	57	58	59	60	166	#
561	1410.03	3	4	5	6	7	11	12	13	14	15	20	21	22	23	46	47	54	55	62	63	166	#
562	1367.96	10	18	20	22	27	28	29	30	36	38	43	44	45	46	47	51	52	53	59	60	166	#
563	1284.61	4	5	6	7	12	13	14	15	19	20	22	23	26	27	28	31	32	39	40	47	166	#
564	1255.02	8	9	11	12	13	18	19	20	21	26	27	29	33	34	36	37	38	42	43	51	166	#
565	1119.64	12	13	14	15	20	21	22	23	27	29	30	31	35	36	37	38	39	43	45	47	166	#
566	394.097	7	15	23	31	39	47	167	#
567	526.684	14	22	23	30	31	38	167	#
568	481.12	13	14	15	22	23	31	167	#
569	473.629	7	13	14	15	22	23	167	#
570	438.072	39	46	47	54	55	63	167	#
571	400.507	37	38	39	46	47	55	167	#
572	1545.64	0	8	9	11	12	16	17	19	20	24	25	26	27	28	29	32	33	34	36	40	41	42	48	56	168	#
573	1853.67	0	2	8	9	10	16	17	24	25	26	32	33	34	35	40	41	45	48	49	50	53	59	60	61	168	#
574	1734.18	3	11	16	17	19	24	25	26	32	33	34	35	36	40	41	42	48	49	50	56	57	60	61	62	168	#
575	1731.54	10	16	17	18	19	20	21	24	25	28	29	30	31	32	33	34	35	37	38	39	40	44	45	48	168	#
576	1718.06	3	5	8	9	10	11	12	13	16	17	18	19	20	21	24	25	26	27	29	30	33	34	35	51	168	#
577	1686	2	3	8	9	10	11	12	13	14	16	17	18	19	20	22	25	26	32	33	34	35	36	42	46	168	#
578	169.127	14	15	169	#
579	229.634	14	22	169	#
580	129.042	33	34	35	42	43	170	#
581	142.458	35	42	43	44	51	170	#
582	137.627	24	25	32	33	34	170	#
583	79.7601	34	35	36	171	#
584	98.8563	26	34	35	171	#
585	953.77	8	17	18	24	25	26	27	32	33	34	35	42	43	50	172	#
586	1114.45	6	7	10	14	15	17	18	19	24	25	26	27	32	33	172	#
587	1097.82	0	8	9	10	16	17	18	19	24	25	26	32	33	34	172	#
588	981.178	8	16	19	20	21	24	25	26	27	28	36	41	49	50	172	#
589	939.37	19	27	28	36	41	42	43	44	49	50	51	57	58	59	172	#
590	917.404	12	19	20	21	24	25	26	27	28	32	33	34	35	36	172	#
591	147.398	48	56	57	173	#
592	154.859	56	57	58	173	#
593	617.169	19	26	29	34	35	36	37	42	43	44	45	174	#
594	796.508	18	19	26	33	34	35	41	42	43	44	50	174	#
595	773.172	9	11	17	18	19	24	25	26	27	33	34	174	#
596	773.019	26	27	35	36	42	43	44	45	46	51	59	174	#
597	672.662	18	19	25	26	27	28	33	34	35	36	42	174	#
598	667.758	8	13	14	17	20	21	22	29	37	38	62	174	#
599	728.9	7	14	15	22	23	29	30	31	37	38	39	45	46	175	#
600	954.376	13	14	16	17	22	23	24	25	26	30	32	33	34	175	#
601	923.485	8	30	31	38	39	51	52	53	54	59	60	61	62	175	#
602	908.83	13	14	15	22	23	25	33	34	39	47	54	55	62	175	#
603	867.782	6	7	13	14	15	22	28	30	36	37	38	39	46	175	#
604	823.608	4	12	19	20	27	28	37	38	45	46	52	59	60	175	#
605	1748.83	0	1	2	9	10	12	17	19	20	21	22	23	24	26	27	28	29	30	31	34	35	36	37	38	39	42	45	46	176	#
606	1879.29	8	9	16	17	18	19	20	26	27	34	35	37	38	39	40	41	42	43	44	47	49	50	51	53	57	58	59	60	176	#
607	1868.64	3	22	30	31	34	37	38	39	41	42	43	44	45	46	47	48	49	50	51	52	53	55	58	59	60	61	62	63	176	#
608	1862.54	4	5	6	13	14	19	20	21	22	26	27	29	30	31	36	37	38	39	42	43	44	45	46	47	50	52	53	61	176	#
609	1843.73	0	1	2	8	9	10	15	16	17	18	19	21	22	23	24	25	26	27	28	29	30	31	33	37	38	39	45	46	176	#
610	1840.34	12	19	20	21	22	25	26	27	28	29	30	31	35	36	37	38	39	43	44	45	46	51	53	58	59	60	61	62	176	#
611	1212.78	21	22	28	29	30	31	37	38	39	42	43	44	45	46	52	53	54	60	61	62	63	177	#
612	1403.92	3	6	7	8	10	11	12	13	14	17	18	19	20	21	22	24	27	28	29	30	35	177	#
613	1305.17	30	31	37	38	39	42	43	44	45	46	47	51	52	53	55	58	59	60	61	62	63	177	#
614	1299.79	9	10	17	22	24	29	30	31	37	38	39	45	46	52	53	54	55	60	61	62	63	177	#
615	1294.19	7	11	12	13	14	15	20	21	22	23	29	30	31	36	37	38	39	45	46	47	55	177	#
616	1281.37	3	4	8	10	11	17	18	19	25	26	27	28	29	35	36	45	46	47	55	62	63	177	#
617	518.611	17	19	24	25	26	34	42	178	#
618	539.075	17	19	24	25	26	32	34	178	#
619	529.832	2	10	11	18	19	26	27	178	#
620	489.048	18	19	25	26	27	34	35	178	#
621	474.482	16	24	32	33	48	49	56	178	#
622	454.501	34	35	40	41	42	43	44	178	#
623	187.199	20	21	29	30	31	179	#
624	176.559	20	28	30	37	38	179	#
625	155.272	21	22	28	29	30	179	#
626	140.575	14	21	22	29	37	179	#
627	239.58	16	17	24	25	32	180	#
628	304.194	8	16	17	24	25	180	#
629	267.256	32	33	40	48	56	180	#
630	226.615	8	17	24	25	26	180	#
631	1378	5	6	7	13	14	15	19	20	21	22	23	28	29	30	31	36	37	38	39	44	45	46	47	53	55	60	181	#
632	1728.44	0	1	2	3	5	6	7	8	9	10	11	12	13	14	15	16	17	18	19	20	21	22	23	27	28	30	181	#
633	1648.37	0	8	9	10	13	14	15	17	18	19	20	21	22	23	24	27	28	29	30	31	32	36	37	38	39	40	181	#
634	1579.1	14	15	19	20	22	23	24	25	26	27	28	29	30	31	38	39	41	42	46	48	49	50	56	57	58	59	181	#
635	1575.27	19	20	22	23	26	27	28	29	30	31	36	37	38	44	45	46	47	52	53	54	55	59	60	61	62	63	181	#
636	1556.58	3	4	5	6	7	8	11	12	13	14	16	17	18	19	20	21	22	23	26	27	28	29	30	35	36	37	181	#
637	245.454	43	51	59	182	#
638	213.186	51	58	59	182	#
639	181.332	35	43	44	182	#
640	1782.33	0	1	2	3	4	5	6	7	11	12	13	14	15	19	20	21	22	23	28	29	30	31	38	45	46	47	48	52	53	56	58	59	60	183	#
641	2297.17	0	3	4	8	11	12	13	14	16	17	18	19	20	21	22	23	24	25	26	29	30	31	32	33	34	37	38	39	40	45	46	47	55	183	#
642	2114.96	1	2	5	9	11	12	13	15	17	18	19	20	21	22	23	24	25	26	28	29	30	31	32	36	37	38	39	45	46	47	53	55	63	183	#
643	2063.24	4	12	19	20	21	22	25	26	27	28	29	30	31	33	34	35	36	37	38	39	40	41	42	43	44	45	46	47	50	54	55	62	63	183	#
644	2055.11	0	1	5	6	7	8	9	12	13	14	15	16	17	18	19	20	21	22	24	25	26	27	30	31	32	33	34	38	41	42	49	50	53	183	#
645	2040.46	1	2	3	4	5	9	10	11	12	13	16	17	18	19	20	21	22	24	25	26	27	29	32	33	34	35	36	37	40	42	43	45	46	183	#
646	586.184	40	41	42	48	49	53	56	57	60	184	#
647	766.515	45	46	52	53	59	60	61	62	63	184	#
648	640.242	51	52	53	57	58	59	60	61	62	184	#
649	602.06	40	41	48	49	56	57	58	59	60	184	#
650	482.622	16	24	32	33	40	41	48	49	50	184	#
651	470.952	35	43	48	49	51	56	57	58	59	184	#
652	439.084	45	52	53	54	60	61	62	185	#
653	522.12	45	52	53	58	59	60	61	185	#
654	519.037	42	50	52	53	58	59	60	185	#
655	517.018	45	51	52	53	59	60	61	185	#
656	384.373	38	39	44	45	46	47	55	185	#
657	378.905	34	42	43	50	54	62	63	185	#
658	434.271	32	34	40	41	42	48	49	50	56	57	186	#
659	609.992	11	18	19	20	25	26	27	28	33	34	186	#
660	595.334	41	42	48	49	50	51	56	57	58	59	186	#
661	545.778	26	32	33	34	40	41	42	48	49	50	186	#
662	544.53	18	19	25	26	34	35	41	42	43	50	186	#
663	522.74	32	40	41	42	48	49	50	56	57	58	186	#
664	234.28	53	59	60	187	#
665	141.289	58	59	60	187	#
666	234.248	32	33	40	41	188	#
667	350.348	32	40	41	50	188	#
668	280.17	41	42	49	50	188	#
669	156.939	6	7	15	33	188	#
670	112.636	32	33	49	57	188	#
671	256.106	20	21	28	29	51	59	189	#
672	377.93	22	28	29	30	31	37	189	#
673	372.105	18	19	20	21	25	26	189	#
674	352.376	35	41	42	43	50	51	189	#
675	294.981	12	13	20	21	22	28	189	#
676	252.953	20	25	28	33	35	36	189	#
677	1458.04	8	17	25	29	30	31	39	45	47	52	53	54	55	58	59	60	61	62	63	190	#
678	1540.62	19	26	27	30	35	38	42	43	44	45	46	47	51	52	53	59	60	61	62	190	#
679	1536.19	19	27	28	29	30	31	38	39	45	46	47	52	53	54	55	60	61	62	63	190	#
680	1405.45	3	8	11	12	16	17	18	19	20	24	25	26	28	32	33	34	42	43	50	190	#
681	1403.96	22	30	31	37	38	39	45	46	47	52	53	54	55	58	59	60	61	62	63	190	#
682	1359.78	0	1	2	3	8	9	10	11	12	16	17	18	19	24	25	26	27	32	33	190	#
683	577.416	20	21	26	27	28	29	35	36	43	44	51	191	#
684	804.868	27	34	35	36	41	42	43	44	45	46	53	191	#
685	739.21	26	27	34	35	41	42	43	44	45	51	52	191	#
686	687.952	5	13	20	21	22	29	30	31	37	38	39	191	#
687	675.422	17	20	21	25	26	27	28	29	30	31	38	191	#
688	657.545	25	33	34	35	36	43	44	45	51	58	59	191	#
689	294.343	25	32	33	40	192	#
690	295.905	19	25	26	33	192	#
691	270.319	29	40	41	48	192	#
692	221.92	26	32	33	34	192	#
693	215.352	24	25	32	33	192	#
694	69.1493	4	13	#
695	598.492	32	40	41	42	43	49	50	57	193	#
696	539.766	8	16	17	24	32	40	41	48	193	#
697	525.144	16	32	40	41	49	50	56	57	193	#
698	441.587	22	41	42	43	48	49	51	57	193	#
699	437.741	40	41	42	43	49	50	51	58	193	#
700	424.308	27	28	35	36	43	44	51	60	193	#
701	110.897	59	#
702	304.007	21	29	30	33	34	194	#
703	363.605	15	22	23	30	31	194	#
704	324.425	6	14	21	22	30	194	#
705	289.901	29	30	31	37	38	194	#
706	254.361	25	32	33	34	42	194	#
707	197.946	25	26	33	34	35	194	#
708	582.935	12	19	20	25	27	28	33	34	35	36	37	44	45	46	195	#
709	830.77	11	13	17	19	20	21	22	23	25	26	27	28	34	35	195	#
710	810.527	13	14	20	21	25	26	27	28	33	34	35	42	43	51	195	#
711	810.261	6	7	21	22	29	30	31	36	37	38	39	45	47	55	195	#
712	775.016	18	19	20	28	29	34	35	36	37	43	44	45	46	47	195	#
713	744.103	17	18	19	25	26	27	28	29	32	33	34	35	42	43	195	#
714	1436.96	6	7	8	14	15	16	17	19	20	21	22	23	24	25	26	27	28	31	33	34	35	39	42	196	#
715	1584.91	4	5	6	7	13	14	15	18	19	20	21	22	23	27	28	29	30	31	37	38	39	47	55	196	#
716	1488.99	0	5	6	7	8	14	15	16	17	20	21	22	23	24	25	28	29	30	31	32	33	36	38	196	#
717	1474.67	1	4	5	6	7	13	14	15	20	21	22	23	28	29	30	31	37	38	44	45	46	47	62	196	#
718	1457.62	3	4	5	6	7	12	13	14	15	21	22	23	28	29	30	31	36	37	38	39	46	47	55	196	#
719	1454.83	4	5	6	7	12	13	14	15	21	22	23	29	30	31	37	38	39	44	45	46	47	55	56	196	#
720	376.464	17	19	21	25	26	32	33	34	35	42	43	49	57	197	#
721	540.206	11	12	19	20	25	26	27	28	29	33	34	35	42	197	#
722	471.314	4	12	20	28	32	33	34	35	40	41	42	49	50	197	#
723	442.472	25	27	32	33	34	35	36	37	40	41	42	49	50	197	#
724	374.645	32	33	34	40	41	42	43	48	49	50	51	56	57	197	#
725	310.323	32	33	34	40	41	42	43	48	49	50	56	57	58	197	#
726	79.8985	55	63	#
727	2576.13	2	8	9	10	11	16	17	18	19	20	21	24	25	26	27	28	29	32	33	34	35	36	40	41	42	43	44	45	48	49	51	52	53	54	55	56	59	60	61	62	63	198	#
728	2805.87	4	5	6	9	10	11	13	14	16	17	18	19	20	21	22	24	25	26	27	28	29	30	32	33	34	35	36	40	41	42	43	44	48	49	50	51	52	53	59	60	61	198	#
729	2765.36	1	8	9	10	12	14	16	17	18	19	20	21	22	24	25	26	27	28	29	30	32	33	34	35	36	38	40	41	42	43	48	49	50	51	52	53	59	60	61	62	63	198	#
730	2687.88	4	5	6	7	8	9	10	15	17	21	22	23	25	26	27	28	29	30	31	33	34	35	36	37	38	39	43	44	45	46	47	51	52	53	54	55	59	60	61	62	63	198	#
731	2664.46	2	8	9	10	16	17	18	20	21	24	25	26	27	28	29	30	31	32	33	35	36	37	38	39	40	42	43	44	45	46	47	51	52	53	54	55	59	60	61	62	63	198	#
732	2651.91	8	9	10	15	17	18	19	20	21	22	23	24	25	26	27	28	29	30	31	32	33	34	35	36	38	39	40	41	42	43	44	48	49	50	51	52	56	57	58	59	60	198	#
733	513.214	16	17	18	19	20	24	25	26	32	199	#
734	555.876	9	10	11	12	17	18	19	26	27	199	#
735	527.651	0	8	16	17	24	25	32	33	34	199	#
736	522.158	11	12	17	19	24	25	26	33	34	199	#
737	488.947	4	5	12	13	14	20	21	22	28	199	#
738	481.839	9	17	18	19	26	27	34	35	43	199	#
739	476.662	34	35	40	41	42	49	50	51	57	58	59	200	#
740	705.013	1	9	10	17	18	24	25	32	40	41	42	200	#
741	692.106	11	19	25	26	27	34	35	36	42	43	50	200	#
742	615.566	26	27	28	29	34	35	36	42	43	50	51	200	#
743	602.236	35	40	41	42	43	50	51	56	57	58	59	200	#
744	589.283	25	26	27	34	35	36	41	42	43	44	50	200	#
745	93.2376	42	50	58	201	#
746	154.19	51	58	59	201	#
747	126.345	48	56	57	201	#
748	140.475	6	7	202	#
749	149.676	7	15	202	#
750	85.176	6	#
751	321.374	19	27	35	36	203	#
752	374.297	18	19	20	27	203	#
753	307.05	19	27	34	42	203	#
754	243.592	26	27	28	35	203	#
755	236.496	35	36	53	60	203	#
756	135.517	0	1	2	9	10	17	#
757	700.787	26	31	34	35	38	41	42	43	51	204	#
758	690.978	16	17	24	25	30	31	37	38	39	204	#
759	670.156	10	18	19	20	26	27	28	29	34	204	#
760	668.75	7	15	23	31	38	39	46	47	55	204	#
761	640.401	17	19	20	24	25	26	27	34	35	204	#
762	597.744	25	26	27	34	35	42	43	50	51	204	#
763	29.9688	57	#
764	718.326	0	1	2	3	8	9	10	11	16	17	18	205	#
765	936.351	8	10	16	17	18	19	20	24	25	26	27	205	#
766	809.877	0	1	8	16	17	18	19	20	24	26	32	205	#
767	802.4	1	2	8	9	10	16	17	24	25	26	27	205	#
768	793.744	0	1	2	8	9	10	16	17	18	25	33	205	#
769	751.758	1	2	3	4	5	11	13	18	19	26	34	205	#
770	337.829	30	31	38	39	206	#
771	343.828	22	23	31	39	206	#
772	334.256	31	39	46	47	206	#
773	266.998	30	31	37	38	206	#
774	211.933	30	37	38	45	206	#
775	2388.31	2	8	9	13	14	15	16	17	19	20	21	24	25	28	32	33	34	35	36	37	40	41	42	43	44	45	46	47	48	49	50	51	52	53	54	55	56	57	58	59	60	61	62	63	207	#
776	2711.34	0	5	8	9	10	11	13	16	17	18	19	20	24	25	26	27	28	29	30	31	32	33	34	35	38	40	41	42	43	46	48	49	50	51	52	53	56	57	58	59	60	61	62	63	207	#
777	2671.48	1	2	8	9	10	13	14	16	17	18	19	20	21	22	23	24	25	26	27	28	29	30	31	33	34	35	36	37	38	39	40	41	42	43	44	45	46	49	50	54	55	61	62	63	207	#
778	2627.12	9	11	13	18	19	20	21	24	25	26	27	28	29	30	31	32	33	34	35	36	37	38	39	40	41	42	43	44	45	46	48	49	50	51	52	53	54	55	56	59	60	61	62	63	207	#
779	2559.48	0	1	6	8	11	13	14	18	19	20	21	22	24	25	26	27	28	29	30	31	32	34	35	36	37	38	40	41	42	43	44	45	46	48	49	50	51	53	56	57	58	59	60	61	207	#
780	2554.39	7	13	14	15	16	17	18	19	20	21	22	23	25	26	27	28	29	30	31	32	33	34	35	36	37	38	39	40	41	42	43	44	45	46	47	50	53	54	55	59	60	61	62	63	207	#
781	903.025	14	15	21	22	23	29	30	31	38	39	46	47	54	55	208	#
782	1005.29	30	38	39	45	46	47	52	53	54	55	60	61	62	63	208	#
783	978.197	19	21	22	23	27	28	29	30	31	35	36	38	39	47	208	#
784	926.246	0	1	2	8	9	16	39	47	54	55	60	61	62	63	208	#
785	920.029	13	19	20	21	22	23	26	29	30	31	34	38	39	47	208	#
786	866.694	5	6	7	14	15	21	22	23	30	31	38	39	46	47	208	#
787	160.769	36	44	209	#
788	124.163	44	45	209	#
789	2617.4	9	13	14	16	17	19	20	21	22	24	25	26	27	28	29	30	32	36	37	38	39	42	43	44	45	46	47	51	52	53	54	55	58	59	60	61	62	63	210	#
790	2662.41	5	6	7	9	10	13	14	15	17	18	19	20	21	22	23	25	26	27	28	29	30	31	36	37	38	39	45	46	47	52	53	54	55	59	60	61	62	63	210	#
791	2636.25	5	6	7	10	13	14	15	17	18	19	20	21	22	23	26	27	28	29	30	31	35	36	37	38	39	44	45	46	47	51	53	54	55	59	60	61	62	63	210	#
792	2592.02	4	5	6	7	12	13	14	15	20	21	23	26	27	28	29	30	31	35	36	37	38	39	42	43	44	45	46	47	50	51	53	54	55	59	60	61	62	63	210	#
793	2557.21	7	13	14	15	19	20	21	22	23	26	27	28	29	30	31	33	34	36	37	38	39	43	44	45	46	47	51	52	53	54	55	56	58	59	60	61	62	63	210	#
794	2555.58	0	1	4	5	8	9	10	13	14	16	17	18	22	24	25	26	27	28	30	31	32	33	34	35	36	38	39	40	45	46	47	53	54	55	60	61	62	63	210	#
795	200.783	3	4	5	6	7	21	211	#
796	231.427	2	3	4	5	11	19	211	#
797	205.677	3	4	11	12	20	21	211	#
798	647.772	23	28	29	30	31	36	37	38	39	45	46	47	55	212	#
799	930.794	6	7	13	14	15	20	21	22	23	30	31	38	39	212	#
800	927.304	30	31	37	38	39	45	46	47	54	55	61	62	63	212	#
801	858.56	36	37	38	44	45	46	53	54	55	60	61	62	63	212	#
802	852.844	15	21	22	23	30	31	36	37	38	39	46	47	55	212	#
803	829.768	14	22	23	30	31	37	38	39	44	45	46	47	55	212	#
804	157.761	41	49	50	213	#
805	178.624	41	50	58	213	#
806	163.078	41	42	49	213	#
807	158.571	48	49	57	213	#
808	470.313	52	53	54	60	61	62	63	214	#
809	554.554	47	54	55	60	61	62	63	214	#
810	528.202	39	47	54	55	61	62	63	214	#
811	430.227	53	54	55	60	61	62	63	214	#
812	406.241	45	52	53	58	59	60	61	214	#
813	403.758	37	45	52	53	59	60	61	214	#
814	700.372	35	36	42	43	44	50	51	52	53	56	57	58	59	60	215	#
815	844.308	38	39	44	45	46	47	52	53	54	55	60	61	62	63	215	#
816	817.108	41	45	50	52	53	54	55	56	57	58	59	60	61	62	215	#
817	763.187	5	6	7	13	14	35	43	44	45	51	53	59	60	61	215	#
818	755.665	26	34	40	41	42	43	44	48	49	50	56	57	58	59	215	#
819	742.322	40	41	42	43	48	49	50	51	53	57	58	59	60	63	215	#
820	539.616	0	1	8	12	16	18	19	20	216	#
821	619.694	8	16	17	18	26	27	28	36	216	#
822	613.416	10	11	12	18	19	27	35	43	216	#
823	481.157	13	17	18	19	26	27	28	35	216	#
824	444.521	3	5	11	12	13	20	28	36	216	#
825	441.942	0	1	2	8	9	10	16	39	216	#
826	791.015	0	2	8	10	16	17	24	32	33	42	217	#
827	703.848	0	2	8	9	10	16	17	24	32	33	217	#
828	656.663	0	2	3	8	9	10	11	16	17	24	217	#
829	625.214	0	1	2	8	9	10	16	17	18	19	217	#
830	604.899	17	18	24	25	32	33	34	40	46	47	217	#
831	561.187	32	33	34	40	41	48	49	50	56	57	217	#
832	55.5767	53	#
833	893.29	8	16	24	25	26	32	40	41	42	43	48	49	50	51	58	218	#
834	975.817	24	32	33	38	40	41	46	47	48	49	54	55	56	57	63	218	#
835	940.165	15	22	23	26	31	34	35	36	37	38	40	41	42	49	50	218	#
836	916.439	30	35	36	37	39	43	44	45	46	47	51	52	53	60	61	218	#
837	870.356	24	32	33	35	36	37	40	41	42	43	44	45	46	50	51	218	#
838	781.769	17	19	24	25	26	27	28	32	33	34	35	36	40	42	50	218	#
839	769.593	11	12	13	18	19	20	26	27	28	29	34	219	#
840	820.831	4	5	11	13	14	19	20	21	22	45	46	219	#
841	756.168	17	18	19	20	21	22	24	25	26	27	33	219	#
842	754.585	5	11	13	19	20	26	27	28	29	34	35	219	#
843	730.212	3	4	5	11	12	19	25	26	27	33	35	219	#
844	712.899	3	4	11	12	19	20	26	27	35	36	43	219	#
845	510.495	12	13	14	15	20	21	22	23	28	29	37	220	#
846	754.372	5	6	13	14	15	21	22	23	29	30	31	220	#
847	724.519	5	6	7	14	15	22	23	30	31	38	39	220	#
848	662.385	4	5	6	7	13	14	15	19	20	21	23	220	#
849	662.105	18	19	20	23	28	29	30	31	37	38	45	220	#
850	595.095	7	15	21	22	23	28	29	30	31	38	46	220	#
851	247.372	53	60	61	221	#
852	252.09	53	61	62	221	#
853	196.217	45	53	61	221	#
854	323.602	40	41	42	48	49	50	56	222	#
855	484.202	6	24	32	40	41	49	50	222	#
856	457.231	17	24	25	32	33	40	41	222	#
857	423.533	32	33	40	41	48	49	50	222	#
858	363.625	41	48	49	56	57	59	60	222	#
859	347.16	36	42	43	44	50	51	54	222	#
860	404.418	52	53	60	61	223	#
861	437.405	52	60	61	62	223	#
862	326.716	8	16	17	61	223	#
863	221.565	51	53	59	60	223	#
864	689.661	4	5	6	7	13	14	15	20	22	23	224	#
865	831.468	5	10	11	13	14	18	19	20	22	26	224	#
866	801.445	5	6	7	15	21	22	23	29	30	31	224	#
867	754.733	6	13	14	15	20	21	22	23	29	30	224	#
868	749.961	6	7	13	14	15	19	20	22	23	31	224	#
869	741.917	4	5	6	7	13	14	15	21	22	23	224	#
870	1015.8	0	1	2	3	4	5	6	7	8	9	11	12	13	14	18	19	20	21	22	28	225	#
871	1475.29	3	4	5	6	7	11	13	14	15	19	22	23	29	30	31	38	39	45	46	47	225	#
872	1457.21	3	4	5	6	7	13	14	15	20	22	23	27	28	30	31	35	38	39	46	62	225	#
873	1411.13	3	4	5	6	7	13	14	15	19	20	21	22	23	29	30	31	38	39	46	47	225	#
874	1358.76	3	4	5	6	7	11	12	13	14	15	19	20	21	22	23	30	31	38	39	52	225	#
875	1287.77	0	1	2	3	4	8	9	10	16	17	18	22	23	24	25	30	31	32	38	39	225	#
876	2032.54	5	6	11	12	13	14	16	17	19	20	21	22	23	24	25	26	27	28	29	30	31	32	33	35	36	37	38	39	40	41	45	46	48	56	57	226	#
877	2381.42	5	6	13	14	15	18	19	20	21	22	23	26	27	28	29	30	31	35	36	37	38	39	41	42	43	44	45	46	47	51	52	53	54	55	60	226	#
878	2284.57	4	5	6	7	11	12	13	14	15	18	19	20	21	22	23	27	28	29	30	31	35	36	37	38	42	43	44	45	46	51	52	53	59	60	61	226	#
879	2253.09	5	6	8	13	16	17	20	21	22	26	27	28	29	30	35	36	37	38	39	43	44	45	46	47	51	52	53	54	55	58	59	60	61	62	63	226	#
880	2250.91	1	2	8	10	14	16	17	18	19	20	21	22	23	24	25	26	27	28	29	30	31	36	37	38	39	43	44	45	46	47	51	52	53	59	60	226	#
881	2229.55	11	12	13	14	19	20	21	22	23	25	26	27	28	29	30	31	33	35	36	37	38	39	42	43	44	45	46	47	53	54	55	60	61	62	63	226	#
882	64.4587	44	#
883	605.043	0	1	2	8	9	16	17	24	25	26	32	33	34	227	#
884	861.649	19	25	26	32	33	34	35	40	42	43	44	45	51	227	#
885	849.49	9	16	17	18	19	20	24	25	26	32	33	34	42	227	#
886	804.673	0	8	16	17	18	19	24	25	26	27	28	34	35	227	#
887	753.107	8	9	10	16	17	24	25	26	32	33	34	35	40	227	#
888	748.729	1	2	9	16	17	18	24	32	42	43	44	51	59	227	#
889	826.257	0	1	2	3	8	9	11	16	17	18	24	25	32	228	#
890	986.899	8	10	11	16	17	18	19	24	25	26	32	33	40	228	#
891	912.434	2	3	8	9	10	11	16	17	18	19	25	26	27	228	#
892	903.798	5	6	8	9	13	14	16	17	18	19	20	22	24	228	#
893	876.595	1	2	3	4	5	8	9	10	11	17	18	19	27	228	#
894	856.549	0	8	9	10	16	17	18	24	25	32	33	40	61	228	#
895	533.652	36	37	54	60	61	62	63	229	#
896	604.97	30	31	37	38	44	45	46	229	#
897	603.231	39	46	47	54	55	62	63	229	#
898	523.862	52	54	55	60	61	62	63	229	#
899	498.707	36	37	42	43	44	51	59	229	#
900	450.359	43	51	53	59	60	61	62	229	#
901	653.31	1	2	10	11	17	18	19	27	54	62	230	#
902	779.891	31	37	38	39	47	54	55	61	62	63	230	#
903	732.922	47	52	53	54	55	59	60	61	62	63	230	#
904	665.011	1	8	9	16	17	18	19	20	24	32	230	#
905	652.635	1	9	10	11	16	17	18	19	27	35	230	#
906	557.598	8	9	10	16	17	18	19	24	25	33	230	#
907	1092.42	4	11	12	17	24	25	26	32	33	34	40	41	42	48	49	50	56	58	231	#
908	1283.71	3	4	5	11	12	18	19	27	32	33	40	41	48	49	56	57	58	59	231	#
909	1179.87	11	12	18	19	20	26	27	28	34	41	42	49	50	52	53	59	60	61	231	#
910	1171.55	23	26	27	31	34	35	36	40	41	42	43	48	49	50	56	57	58	59	231	#
911	1105.58	5	11	12	13	14	19	20	25	26	32	33	34	40	41	42	45	49	50	231	#
912	1099.37	3	5	11	13	32	33	34	35	36	40	41	42	43	48	49	50	56	57	231	#
913	767.349	36	37	38	39	43	44	45	46	47	54	55	63	232	#
914	954.103	1	16	24	30	32	38	40	44	45	46	52	53	232	#
915	913.983	38	39	46	47	53	54	55	59	60	61	62	63	232	#
916	907.739	38	42	43	44	45	46	47	52	53	59	60	61	232	#
917	895.112	22	30	38	39	46	47	48	54	55	61	62	63	232	#
918	862.386	31	38	39	43	44	45	46	47	53	54	55	63	232	#
919	2979.1	0	1	2	3	4	5	6	7	8	9	10	11	12	13	14	15	16	17	18	19	20	21	22	23	24	25	26	27	28	29	30	31	32	34	35	37	38	39	40	41	42	43	48	49	50	51	56	57	58	59	233	#
920	3436.71	2	6	7	10	11	12	13	14	18	19	20	21	22	23	26	27	28	29	30	31	32	33	34	35	36	37	38	39	40	41	42	43	44	45	46	47	48	49	50	51	52	53	54	55	58	59	60	61	62	63	233	#
921	3378.41	6	7	11	12	13	14	16	19	21	22	23	24	25	26	27	29	30	31	32	33	34	35	36	37	38	39	40	41	42	43	44	45	46	47	48	49	50	51	52	53	54	55	56	57	58	59	60	61	62	63	233	#
922	3375.49	4	5	6	7	10	11	12	13	14	15	18	19	20	21	22	23	25	26	27	28	29	30	31	33	34	35	36	37	38	39	40	41	42	43	44	45	46	47	48	49	51	52	53	54	55	57	59	60	61	63	233	#
923	3292.87	3	4	5	6	7	10	11	12	13	14	15	18	19	20	21	22	23	25	26	27	28	29	30	31	32	33	34	35	36	37	38	39	40	41	42	43	44	45	46	47	48	49	53	54	55	57	58	60	61	62	233	#
924	3238.87	3	10	11	12	13	17	18	19	20	21	22	23	24	25	26	27	28	29	30	31	32	33	34	35	36	37	38	39	40	41	42	43	44	45	46	47	48	49	50	51	52	53	54	56	57	58	59	60	61	62	233	#
925	456.009	41	48	49	50	56	57	58	59	60	234	#
926	679.391	24	32	40	54	55	60	61	62	63	234	#
927	543.563	37	45	46	47	51	53	58	59	60	234	#
928	502.945	31	51	53	57	58	59	60	61	62	234	#
929	500.285	32	34	40	41	42	48	50	58	59	234	#
930	472.128	35	36	37	42	43	44	49	50	57	234	#
931	344.415	12	52	53	60	61	235	#
932	356.039	52	53	59	60	61	235	#
933	331.704	45	52	53	60	61	235	#
934	306.169	12	13	20	27	28	235	#
935	280.68	36	37	44	52	60	235	#
936	200.847	37	45	52	53	61	235	#
937	168.513	54	55	63	236	#
938	231.924	47	55	63	236	#
939	777.542	19	20	27	28	34	35	36	37	43	51	52	53	59	60	61	237	#
940	999.749	23	31	37	38	39	44	45	46	47	51	52	53	59	60	61	237	#
941	892.664	2	3	4	5	11	51	52	53	54	58	59	60	61	62	63	237	#
942	890.16	15	20	21	22	23	28	29	30	31	37	38	39	45	48	49	237	#
943	881.653	37	40	41	43	45	48	49	50	51	52	53	58	59	60	61	237	#
944	839.99	37	45	46	47	51	52	53	54	55	58	59	60	61	62	63	237	#
945	294.001	19	20	27	28	238	#
946	437.613	10	18	19	27	238	#
947	198.913	20	21	27	28	238	#
948	198.433	27	28	29	36	238	#
949	172.257	21	27	28	29	238	#
950	894.683	0	1	2	3	4	5	10	11	12	13	19	20	24	25	27	32	239	#
951	1152.6	19	22	25	26	27	30	31	34	35	36	37	38	42	43	44	51	239	#
952	1141.7	2	3	11	12	17	18	19	21	22	23	24	26	27	30	34	35	239	#
953	1052.74	0	1	2	8	9	10	11	12	17	18	19	24	26	27	34	42	239	#
954	1040.51	8	16	17	24	25	32	34	35	40	41	42	43	44	48	49	50	239	#
955	1004.95	3	4	5	6	7	11	12	13	14	15	20	21	22	23	30	31	239	#
956	315.217	34	41	42	43	49	50	56	57	240	#
957	456.561	32	40	41	42	49	50	57	58	240	#
958	423.315	41	42	43	49	50	56	57	58	240	#
959	383.828	21	28	29	30	43	44	51	59	240	#
960	368.531	25	26	27	33	34	35	41	42	240	#
961	247.616	34	35	36	42	43	44	51	59	240	#
962	1570.16	4	5	6	7	13	14	15	20	21	22	23	29	30	31	36	37	38	39	44	45	52	53	59	60	241	#
963	1793.63	5	6	7	13	14	15	16	21	22	23	30	31	37	38	39	40	41	42	43	48	49	50	57	58	241	#
964	1779.27	6	7	12	13	14	15	20	21	22	23	27	28	29	30	31	35	38	39	46	47	50	57	58	59	241	#
965	1689.13	6	7	13	14	15	21	22	23	28	29	30	31	32	37	38	39	44	45	46	47	54	55	62	63	241	#
966	1685.63	5	6	7	13	14	15	17	22	23	24	25	31	32	38	39	40	41	42	48	49	50	56	57	58	241	#
967	1667.17	4	5	6	7	13	14	15	19	20	21	22	23	27	29	30	31	35	36	37	38	39	45	46	47	241	#
968	349.599	43	44	45	46	47	242	#
969	464.481	41	42	43	44	51	242	#
970	352.41	38	46	47	55	63	242	#
971	351.59	31	38	45	46	47	242	#
972	239.099	25	26	36	44	45	242	#
973	1066.65	0	8	9	10	16	17	18	19	20	24	25	26	27	32	33	34	35	42	52	60	243	#
974	1336.9	27	28	32	33	34	35	36	37	40	41	42	43	44	45	46	48	49	50	56	60	243	#
975	1329.61	8	9	16	17	18	19	24	25	26	27	32	33	34	35	36	40	41	42	44	50	243	#
976	1257.99	17	26	31	32	33	34	35	36	38	39	44	45	46	51	52	53	59	60	61	62	243	#
977	1248.14	2	3	4	11	12	13	14	15	18	19	20	23	25	26	27	28	31	36	42	44	243	#
978	1228.99	11	12	13	19	20	25	26	27	28	30	31	32	33	34	35	36	37	38	43	44	243	#
979	1121.36	4	5	11	12	13	14	15	20	21	22	23	29	31	37	38	39	244	#
980	1272.72	5	6	7	13	14	15	20	21	22	23	29	30	31	38	39	47	244	#
981	1253.01	5	13	14	20	21	23	29	30	31	32	33	36	37	38	46	47	244	#
982	1195.83	10	17	18	28	29	30	38	39	41	42	43	44	45	46	47	50	244	#
983	1189.53	4	11	12	13	14	19	20	21	22	26	27	28	29	52	60	61	244	#
984	1167.47	13	14	15	21	22	23	29	30	31	37	38	39	45	46	47	55	244	#
985	196.752	45	52	53	60	245	#
986	274.956	58	59	60	61	245	#
987	220.003	45	52	53	61	245	#
988	169.266	36	44	45	53	245	#
989	512.426	8	41	42	49	50	58	246	#
990	575.593	32	40	41	48	49	50	246	#
991	536.626	41	42	43	48	49	50	246	#
992	491.074	41	49	50	51	58	59	246	#
993	434.258	34	35	40	41	42	43	246	#
994	423.379	0	8	9	47	55	63	246	#
995	807.086	4	5	6	7	12	13	14	15	21	22	23	29	42	43	247	#
996	1047.12	5	6	7	13	14	15	22	23	30	31	38	39	43	51	247	#
997	919.346	4	5	6	7	12	13	14	15	22	23	30	31	38	39	247	#
998	911.426	5	13	14	15	19	20	21	22	23	29	30	31	38	39	247	#
999	882.41	5	6	7	13	14	15	22	23	29	30	31	37	38	39	247	#
1000	807.585	34	35	36	37	42	43	44	45	47	50	51	59	60	61	247	#
