%% File generated by CATS v.2.1Wed Jun 22 10:37:39 2022

%% The CATS webpage is http://robotics.stanford.edu/CATS

%% PARAMETER SETTINGS:
% Goods: 64; Bids: 1000; Distribution: regions; Runs: 1; Seed: 1656572883
% Regions Distribution Parameters:
% Max Substitutable Bids = 5
% Removing HV Neighbor   = 0.1
% Adding DIAG Neighbor   = 0.2
% Additional Location    = 0.9
% Jump Probability       = 0.05
% Additivity             = 0.2
% Budget Factor          = 1.5
% Resale Factor          = 0.5
% Normal Private Value:
%   Mean                 = 0
%   Standard Deviation   = 30



goods 64
bids 1001
dummy 184

0	181.639	28	35	36	44	64	#
1	244.729	27	28	34	35	64	#
2	204.629	35	36	43	57	64	#
3	173.629	34	35	36	44	64	#
4	125.811	41	42	43	44	64	#
5	219.9	5	13	65	#
6	209.238	13	21	65	#
7	158.62	4	5	65	#
8	699.56	24	25	26	27	28	32	33	34	35	40	43	66	#
9	831.88	18	19	24	25	26	27	32	33	34	35	41	66	#
10	817.049	4	12	20	21	25	26	27	28	32	33	34	66	#
11	777.777	9	16	17	19	20	21	24	25	26	27	28	66	#
12	675.972	7	11	12	15	19	20	26	27	28	35	37	66	#
13	637.131	24	25	26	27	33	34	35	36	42	43	44	66	#
14	1071.61	1	2	3	9	10	11	12	13	17	18	19	20	24	25	26	29	40	67	#
15	1260.51	1	3	9	10	11	14	16	17	18	19	22	23	25	26	30	34	35	67	#
16	1146.46	0	1	2	3	8	9	10	11	12	13	16	17	18	19	25	26	34	67	#
17	1129.42	3	8	9	10	11	12	13	16	18	19	20	21	22	26	29	30	37	67	#
18	1125.33	0	1	2	3	8	9	10	16	17	18	24	25	26	33	34	35	41	67	#
19	1102.04	0	1	2	8	9	10	16	17	18	24	25	26	32	33	34	35	41	67	#
20	742.48	4	5	11	12	13	49	50	51	57	58	59	60	68	#
21	800.694	9	51	52	53	54	57	58	59	60	61	62	63	68	#
22	701.222	35	44	45	51	53	54	58	59	60	61	62	63	68	#
23	687.505	0	3	8	9	10	11	12	16	17	18	48	49	68	#
24	685.112	3	4	5	11	12	13	20	21	27	28	29	45	68	#
25	666.051	28	35	44	50	51	52	53	54	58	59	60	61	68	#
26	800.396	7	13	14	15	19	20	21	22	28	29	69	#
27	747.507	13	20	21	23	28	29	30	37	38	46	69	#
28	744.79	5	13	14	15	20	21	22	23	29	30	69	#
29	727.27	6	7	14	15	18	20	22	23	29	30	69	#
30	711.886	12	19	20	25	26	27	28	29	35	37	69	#
31	704.799	11	13	14	19	20	21	22	28	37	38	69	#
32	227.564	24	25	26	34	70	#
33	267.587	26	28	34	35	70	#
34	192.371	19	26	33	34	70	#
35	172.005	24	32	33	40	70	#
36	164.774	17	25	26	62	70	#
37	1183.36	22	28	30	35	36	37	38	39	42	43	44	45	46	47	50	51	52	53	54	55	59	60	61	62	71	#
38	1671.3	3	11	14	19	20	22	28	29	30	36	37	38	43	44	45	46	52	53	54	55	56	61	62	63	71	#
39	1613.5	0	1	2	3	8	9	10	11	17	18	19	20	26	27	28	29	35	36	37	38	42	43	44	52	71	#
40	1609.8	10	11	16	17	18	19	22	24	25	26	29	30	37	38	39	45	46	47	53	54	55	61	62	63	71	#
41	1604.41	19	20	22	23	28	29	30	35	36	37	38	39	44	45	46	47	52	53	54	55	56	57	61	62	71	#
42	1562.61	1	2	9	10	11	16	17	19	20	21	22	25	26	27	28	29	30	31	33	35	37	38	43	45	71	#
43	228.444	35	43	50	51	72	#
44	319.913	20	27	28	35	72	#
45	278.762	48	49	50	51	72	#
46	210.174	35	41	42	43	72	#
47	175.028	42	50	51	59	72	#
48	25.2481	22	#
49	80.7718	16	#
50	238.747	13	21	29	73	#
51	194.434	12	13	21	73	#
52	163.012	13	21	60	73	#
53	160.371	20	21	29	73	#
54	85.6656	50	58	59	74	#
55	95.5394	58	59	60	74	#
56	168.61	25	33	41	75	#
57	112.247	33	41	49	75	#
58	236.692	39	46	47	54	55	76	#
59	326.693	39	46	47	55	63	76	#
60	303.534	12	45	46	47	55	76	#
61	278.391	46	52	53	54	60	76	#
62	229.476	31	38	39	46	47	76	#
63	798.286	15	22	23	30	31	38	39	45	46	47	53	54	55	61	62	63	77	#
64	982.468	15	20	23	29	30	31	38	39	45	46	47	54	55	61	62	63	77	#
65	929.704	29	30	31	39	46	47	53	54	55	57	58	59	60	61	62	63	77	#
66	921.249	35	36	38	44	46	47	50	51	52	53	54	55	60	61	62	63	77	#
67	892.951	4	5	35	36	42	43	44	50	51	52	53	54	55	61	62	63	77	#
68	892.235	27	28	35	36	38	44	45	46	52	53	54	55	60	61	62	63	77	#
69	353.926	0	1	8	9	16	17	24	28	78	#
70	517.024	1	2	3	8	9	16	17	18	78	#
71	491.21	21	27	28	29	34	35	37	45	78	#
72	486.464	14	16	21	22	23	34	35	36	78	#
73	451.547	1	8	9	16	17	24	25	45	78	#
74	438.704	1	2	3	11	19	20	25	26	78	#
75	1176.38	6	7	14	15	22	23	28	29	30	31	35	37	38	39	44	45	46	47	53	54	55	61	62	79	#
76	1521.01	10	11	12	18	20	21	22	23	26	27	29	30	31	35	36	37	38	44	45	46	47	51	52	79	#
77	1495.33	11	12	19	20	21	24	25	26	27	28	29	30	35	37	42	43	44	45	50	51	52	53	59	79	#
78	1476.38	10	11	19	20	22	23	25	26	27	28	29	30	31	35	36	37	38	39	43	44	45	52	53	79	#
79	1470.84	4	5	25	26	27	29	35	36	37	41	42	43	44	45	48	49	51	52	53	54	60	61	62	79	#
80	1422.53	4	8	12	16	21	22	23	24	25	29	30	31	32	33	37	39	41	45	48	49	50	56	57	79	#
81	116.961	14	22	30	80	#
82	162.584	14	21	22	80	#
83	117.829	14	22	23	80	#
84	72.345	23	30	31	80	#
85	434.495	32	33	34	41	42	43	49	51	81	#
86	555.692	41	42	48	49	50	56	57	58	81	#
87	531.766	25	26	32	33	34	42	43	50	81	#
88	509.683	26	34	35	36	43	44	51	52	81	#
89	489.426	41	42	43	49	50	57	58	59	81	#
90	468.641	26	33	34	35	41	43	44	49	81	#
91	602.327	11	19	20	26	27	28	33	34	35	43	44	51	52	82	#
92	749.773	26	27	29	34	35	37	42	43	44	45	49	50	51	82	#
93	682.991	36	41	42	44	45	46	48	49	50	51	52	57	58	82	#
94	676.099	16	24	25	32	33	34	41	46	47	49	50	55	57	82	#
95	664.658	24	25	26	32	34	35	40	48	49	50	51	56	59	82	#
96	654.79	3	4	11	12	13	19	20	25	27	33	34	35	43	82	#
97	577.807	20	22	27	28	29	30	34	35	36	83	#
98	555.481	28	35	36	44	45	52	53	60	61	83	#
99	534.129	19	20	21	27	28	29	35	37	38	83	#
100	511.603	14	15	22	23	28	30	37	38	45	83	#
101	490.187	19	20	27	28	35	36	37	44	45	83	#
102	462.71	16	24	25	26	32	33	34	41	43	83	#
103	241.686	42	49	50	84	#
104	230.548	42	50	58	84	#
105	223.055	49	56	57	84	#
106	222.219	41	42	50	84	#
107	285.48	0	8	16	17	24	85	#
108	337.967	8	9	10	16	24	85	#
109	310.121	0	8	16	24	25	85	#
110	292.432	8	9	16	17	25	85	#
111	261.637	8	16	24	32	40	85	#
112	158.805	0	1	8	9	36	85	#
113	229.908	6	7	14	15	22	23	30	86	#
114	322.349	6	7	14	15	23	29	30	86	#
115	290.645	6	7	14	22	23	30	46	86	#
116	266.463	6	7	15	22	23	29	30	86	#
117	232.883	20	21	22	23	30	31	39	86	#
118	173.083	14	15	#
119	48.1353	4	5	87	#
120	70.7421	5	13	87	#
121	916.993	6	7	13	14	15	20	21	22	23	30	31	38	39	44	45	46	47	53	55	60	61	88	#
122	1196.89	3	4	10	11	12	13	16	19	20	21	22	24	25	26	27	28	34	35	37	43	44	88	#
123	1175.63	3	4	5	11	12	20	28	34	43	44	50	51	52	53	54	58	59	60	61	62	63	88	#
124	1153.35	2	3	4	5	6	7	10	11	14	15	18	19	20	22	23	28	30	31	38	46	55	88	#
125	1127.41	25	27	28	30	33	34	35	37	38	39	44	45	46	47	52	53	55	60	61	62	63	88	#
126	1115.12	33	41	44	45	46	47	48	49	50	52	53	54	55	56	57	58	59	60	61	62	63	88	#
127	727.667	1	2	8	9	10	16	17	19	20	24	89	#
128	832.098	8	9	10	16	17	18	19	25	26	27	89	#
129	800.886	1	2	3	4	8	9	10	17	18	19	89	#
130	782.429	0	1	2	8	9	16	17	18	24	25	89	#
131	752.764	1	2	3	9	10	11	12	17	18	25	89	#
132	712.786	8	16	17	18	19	24	25	26	32	33	89	#
133	575.779	38	39	45	46	47	53	54	55	60	61	62	63	90	#
134	814.945	9	16	17	24	25	26	27	50	54	61	62	63	90	#
135	689.43	46	49	53	54	55	57	58	59	60	61	62	63	90	#
136	613.373	38	45	46	51	52	53	54	59	60	61	62	63	90	#
137	589.13	35	37	38	43	44	45	46	52	55	59	60	63	90	#
138	548.048	22	23	30	50	53	54	58	59	60	61	62	63	90	#
139	333.612	22	23	29	30	31	38	39	91	#
140	457.474	30	38	39	45	46	47	55	91	#
141	406.789	13	20	21	22	29	30	31	91	#
142	390.086	20	22	29	30	31	38	39	91	#
143	358.409	4	5	12	13	21	22	25	91	#
144	346.523	6	14	20	21	22	23	30	91	#
145	307.013	0	6	7	14	15	21	22	92	#
146	392.731	12	13	20	21	22	25	29	92	#
147	374.467	6	7	14	15	22	23	24	92	#
148	321.296	6	7	14	15	21	22	23	92	#
149	288.169	6	7	14	15	22	23	30	92	#
150	263.405	0	1	8	9	35	36	44	92	#
151	584.22	6	7	14	15	21	22	23	30	31	37	38	39	93	#
152	738.053	11	13	19	20	21	28	29	30	37	38	39	45	93	#
153	727.985	6	7	11	12	13	14	15	21	22	23	30	38	93	#
154	707.1	6	7	13	14	15	21	22	23	30	31	38	55	93	#
155	705.9	7	14	15	23	30	31	35	38	39	44	45	46	93	#
156	703.534	6	7	14	15	20	21	22	23	29	30	37	38	93	#
157	1087.23	2	3	4	5	10	11	12	13	19	20	21	26	27	28	29	35	37	94	#
158	1247.62	3	4	10	11	12	13	18	19	20	21	25	26	27	28	29	30	37	94	#
159	1211.14	3	4	10	11	12	13	19	20	21	22	26	27	28	29	30	34	37	94	#
160	1163.2	2	3	4	10	11	12	13	16	18	19	20	21	29	54	55	62	63	94	#
161	1093.53	0	1	2	3	8	9	10	11	16	17	18	19	24	25	26	27	28	94	#
162	1088.32	1	2	3	4	5	9	10	11	12	13	18	19	26	27	28	34	35	94	#
163	816.574	7	11	14	15	21	22	23	29	30	31	37	38	39	45	46	95	#
164	1117.24	18	21	26	27	28	29	30	37	38	45	46	53	55	62	63	95	#
165	1058.08	0	4	5	8	12	13	16	17	19	20	21	29	37	42	57	95	#
166	994.005	4	12	13	15	21	22	23	29	30	34	35	37	38	44	45	95	#
167	928.024	5	13	20	21	22	27	28	29	30	31	35	36	37	38	46	95	#
168	922.288	13	20	21	22	23	27	28	29	30	31	35	37	38	45	46	95	#
169	491.365	15	20	21	22	23	30	31	38	39	45	47	96	#
170	658.855	12	13	20	21	22	29	30	31	39	47	55	96	#
171	625.828	9	22	30	31	38	39	44	45	46	47	53	96	#
172	621.287	27	35	36	38	43	44	45	51	52	53	59	96	#
173	587.716	28	30	31	37	38	39	45	46	47	53	55	96	#
174	582.312	13	21	22	23	29	30	31	37	38	39	45	96	#
175	80.7368	14	#
176	670.226	25	38	45	46	52	53	54	55	60	61	62	63	97	#
177	841.646	6	14	22	30	34	38	39	43	46	47	55	63	97	#
178	727.006	30	38	39	44	45	46	47	53	54	55	62	63	97	#
179	715.312	46	51	52	53	54	57	58	59	60	61	62	63	97	#
180	705.681	31	38	39	45	46	53	54	55	60	61	62	63	97	#
181	685.357	31	38	39	45	46	47	53	54	55	59	62	63	97	#
182	94.6744	6	7	22	98	#
183	81.0175	22	30	31	98	#
184	115.158	20	29	37	99	#
185	161.15	29	37	38	99	#
186	66.4591	27	#
187	684.045	22	24	28	29	30	31	35	37	38	39	44	45	46	100	#
188	908.11	6	14	20	25	26	27	28	29	33	34	35	37	43	100	#
189	865.872	13	20	21	27	28	29	35	37	38	39	44	45	46	100	#
190	863.663	14	25	38	39	45	46	47	53	54	55	61	62	63	100	#
191	828.341	4	5	6	7	13	14	15	21	22	23	29	30	37	100	#
192	779.36	27	28	29	35	36	37	38	45	46	47	53	54	63	100	#
193	478.245	49	50	51	53	57	58	59	60	101	#
194	505.244	40	41	42	48	49	50	57	58	101	#
195	477.928	41	42	49	50	51	57	58	59	101	#
196	471.874	23	38	44	45	52	53	60	61	101	#
197	374.98	49	50	51	52	53	54	59	62	101	#
198	350.249	46	50	51	52	53	58	59	60	101	#
199	140.376	56	#
200	677.436	46	47	51	52	53	54	55	59	60	61	62	63	102	#
201	782.259	46	47	51	53	54	55	58	59	60	61	62	63	102	#
202	762.871	2	3	9	10	19	20	39	46	47	54	55	63	102	#
203	757.282	38	46	47	51	53	54	55	59	60	61	62	63	102	#
204	688.66	37	45	46	51	53	54	55	59	60	61	62	63	102	#
205	687.305	13	21	23	29	30	46	47	54	55	61	62	63	102	#
206	667.739	13	21	34	41	42	43	49	50	51	57	58	59	103	#
207	808.932	1	2	3	7	8	9	10	33	41	42	49	57	103	#
208	694.803	9	16	17	24	25	32	33	34	41	42	43	51	103	#
209	670.686	33	34	41	42	43	49	50	51	56	57	58	59	103	#
210	665.516	24	34	41	43	44	49	50	51	56	57	58	59	103	#
211	653.204	1	2	3	5	10	11	12	13	19	20	21	22	103	#
212	607.667	1	2	9	10	13	16	17	18	21	24	25	29	104	#
213	666.226	0	1	2	3	4	8	9	10	11	17	18	25	104	#
214	642.622	0	1	2	3	4	5	9	10	11	12	13	18	104	#
215	595.979	8	9	16	17	18	24	25	32	33	34	40	48	104	#
216	594.381	1	9	10	16	17	18	19	24	25	26	32	33	104	#
217	592.284	0	1	2	3	8	9	10	16	17	24	25	33	104	#
218	679.44	38	43	44	45	46	47	51	52	53	55	59	60	61	105	#
219	952.309	19	20	26	27	28	34	35	42	43	50	51	57	58	105	#
220	847.373	38	39	45	46	51	52	53	54	55	60	61	62	63	105	#
221	826.402	23	29	30	37	38	44	45	46	51	52	53	55	60	105	#
222	817.197	28	37	38	45	46	47	53	54	55	60	61	62	63	105	#
223	813.339	9	42	43	44	48	49	50	51	52	57	58	59	60	105	#
224	984.967	0	1	2	9	10	14	17	25	28	37	38	48	49	106	#
225	981.921	8	9	10	11	14	15	16	17	23	24	25	30	48	106	#
226	856.58	0	8	9	16	17	18	24	25	32	33	40	53	61	106	#
227	749.841	0	1	2	3	8	9	10	11	16	17	24	25	36	106	#
228	741.409	0	1	2	3	4	5	8	9	10	11	12	13	20	106	#
229	734.547	0	1	2	3	4	9	10	11	12	19	48	49	57	106	#
230	2061.71	0	1	8	9	10	16	17	18	24	25	26	27	28	32	33	34	35	36	37	38	41	42	43	44	45	46	47	49	50	51	52	53	55	57	58	59	60	107	#
231	2150.39	6	9	10	11	17	18	19	25	26	27	28	29	32	33	34	35	36	37	38	41	42	43	44	45	46	48	49	50	51	52	53	54	57	58	60	61	62	107	#
232	2101.33	9	10	11	13	17	19	20	21	22	23	26	27	28	29	30	31	35	36	37	38	39	42	43	44	45	46	47	50	51	52	53	54	55	60	61	62	63	107	#
233	2095.49	3	9	10	11	17	18	19	20	21	25	26	27	28	29	31	33	34	35	36	37	38	39	41	42	43	44	45	46	47	49	50	51	52	53	60	61	62	107	#
234	2086.04	0	1	2	3	4	5	8	9	10	11	13	16	17	18	19	20	24	25	26	27	28	32	33	34	35	41	42	43	44	45	46	47	48	49	50	52	60	107	#
235	2075.81	0	1	2	3	4	8	9	10	11	16	17	18	19	24	25	26	27	32	33	34	35	36	38	40	41	42	43	44	45	46	48	49	50	51	52	58	60	107	#
236	152.976	21	29	108	#
237	192.478	29	30	108	#
238	451.717	23	30	38	45	46	47	52	53	54	55	63	109	#
239	609.239	28	35	38	44	45	46	47	52	54	55	63	109	#
240	543.082	21	28	29	30	34	35	37	38	45	46	47	109	#
241	541.701	20	28	29	30	31	35	37	38	45	46	54	109	#
242	531.807	14	22	23	30	31	34	35	38	39	44	45	109	#
243	490.818	30	38	45	46	47	52	53	54	55	62	63	109	#
244	889.968	2	3	4	10	11	12	13	19	20	26	27	28	34	35	36	37	110	#
245	899.715	2	3	4	5	9	10	11	12	13	19	20	27	28	29	30	37	110	#
246	878.399	2	3	4	10	12	19	20	24	25	26	27	28	34	35	37	45	110	#
247	865.092	0	1	2	3	4	10	11	12	13	19	20	28	37	38	45	53	110	#
248	832.164	3	4	10	11	12	13	19	20	28	29	33	37	41	42	49	50	110	#
249	812.3	9	12	13	19	20	27	28	34	35	36	42	43	44	50	51	52	110	#
250	211.215	26	27	28	33	34	35	36	37	111	#
251	291.698	19	20	25	26	27	28	35	43	111	#
252	262.525	12	19	20	27	28	35	36	44	111	#
253	248.521	27	35	36	43	44	51	52	53	111	#
254	224.527	26	27	28	35	36	43	44	51	111	#
255	2000.5	0	1	2	3	5	8	9	10	12	16	17	19	20	24	25	26	27	28	32	33	34	35	40	41	42	43	48	49	50	51	52	56	57	58	59	112	#
256	2365.84	1	3	4	5	9	10	11	12	13	14	17	19	20	21	22	23	24	25	26	27	28	29	30	31	37	38	46	47	48	49	55	56	57	58	59	112	#
257	2277.44	4	9	10	12	13	16	17	19	20	24	25	26	27	28	33	35	37	41	42	43	44	45	46	47	50	51	53	54	55	57	58	59	60	61	63	112	#
258	2249.16	1	2	4	9	10	12	13	17	19	20	21	22	23	25	26	27	28	29	30	32	33	35	36	37	38	41	42	43	44	45	46	49	50	54	58	112	#
259	2216.53	2	3	4	9	10	11	12	14	15	16	17	19	20	21	22	24	25	26	27	28	32	33	34	40	41	42	43	48	49	50	51	56	57	58	59	112	#
260	2195.37	0	7	8	10	13	14	15	19	20	21	22	23	24	25	26	27	28	29	30	31	32	33	34	35	37	38	41	42	43	45	46	47	49	50	54	112	#
261	1221.13	0	1	9	16	17	25	26	27	28	32	33	34	35	38	39	40	41	42	43	44	48	51	52	53	113	#
262	1640.78	2	3	9	10	11	12	13	17	18	19	20	21	22	24	25	26	29	32	33	34	35	41	46	55	113	#
263	1562.95	0	1	2	3	4	5	9	10	11	12	13	16	17	18	19	20	24	25	26	32	33	34	35	41	113	#
264	1492.51	19	20	27	28	29	33	34	35	37	38	41	42	43	46	48	49	50	51	52	53	56	57	58	59	113	#
265	1484.05	3	4	10	11	13	17	18	19	21	24	25	26	27	28	32	33	34	35	36	43	44	51	52	60	113	#
266	1473.53	0	1	2	3	4	5	9	10	11	12	13	16	17	18	19	20	21	24	25	29	33	34	35	41	113	#
267	1318.08	14	22	29	30	31	36	37	38	39	44	45	46	47	52	53	54	55	59	60	62	63	114	#
268	1760.68	1	2	3	4	5	9	10	11	12	13	19	20	26	27	29	30	31	37	38	46	55	114	#
269	1565.45	12	13	14	19	20	21	22	23	26	27	28	29	30	34	37	38	45	46	47	54	55	114	#
270	1511.46	2	3	9	10	17	18	25	29	30	35	36	37	38	39	44	45	46	47	53	55	60	114	#
271	1494.2	6	7	11	12	14	15	20	22	23	28	29	30	31	37	38	39	44	45	46	47	55	114	#
272	1385.44	0	1	2	3	4	5	8	9	10	12	20	27	28	33	35	37	38	43	44	45	51	114	#
273	1015.42	3	4	5	9	10	11	12	13	18	19	20	21	22	115	#
274	1107.6	3	4	5	10	11	12	13	18	20	28	38	39	46	115	#
275	993.622	2	3	4	5	10	12	13	14	18	19	20	21	22	115	#
276	984.687	2	3	4	5	10	11	12	13	18	19	20	21	26	115	#
277	957.133	3	4	5	10	11	12	13	19	20	21	25	26	29	115	#
278	935.944	3	4	5	10	11	12	13	19	20	21	26	29	30	115	#
279	1633.91	0	1	2	3	4	5	6	7	8	9	10	11	12	13	14	15	16	17	18	20	21	22	23	28	29	30	31	37	39	116	#
280	1819.67	0	1	2	3	4	8	9	10	11	12	13	16	17	18	19	20	24	25	26	27	28	29	30	32	34	35	40	48	56	116	#
281	1808.42	0	2	3	8	9	10	11	16	17	18	22	25	26	28	29	30	32	33	34	35	37	38	39	40	42	43	45	46	59	116	#
282	1807.21	0	1	2	3	4	5	8	9	10	11	12	13	17	18	19	20	21	27	29	32	34	35	43	44	45	46	47	62	63	116	#
283	1781.65	0	1	2	3	4	5	8	9	10	11	12	13	14	19	20	21	22	26	28	29	30	34	35	37	38	39	41	50	62	116	#
284	1771.93	1	2	3	4	5	9	10	11	12	13	14	18	19	20	21	22	23	26	27	28	29	30	34	35	37	38	43	61	62	116	#
285	1574.67	0	2	3	8	9	10	11	12	16	17	18	19	20	24	25	26	27	32	33	34	40	41	48	49	57	117	#
286	1953.55	16	17	20	21	24	25	26	27	28	29	32	33	34	35	37	38	40	41	44	45	49	50	56	57	58	117	#
287	1857.34	1	2	3	4	9	10	12	13	14	19	20	21	22	25	26	28	29	30	31	37	38	48	49	56	57	117	#
288	1755.23	10	11	16	17	19	20	21	24	25	26	27	32	33	34	40	41	43	44	48	49	50	51	56	57	58	117	#
289	1665.11	1	2	3	10	11	12	19	20	21	23	26	27	28	29	30	31	34	35	37	38	39	43	44	45	53	117	#
290	1657.31	0	1	2	3	4	8	9	10	11	16	17	19	20	24	25	26	27	28	29	32	33	34	35	40	44	117	#
291	182.309	8	16	17	118	#
292	187.781	16	17	24	118	#
293	184.275	16	17	25	118	#
294	138.87	0	1	8	118	#
295	948.104	16	24	32	33	40	41	42	43	44	45	48	49	50	51	56	57	58	59	119	#
296	1135.66	8	9	10	16	17	18	24	32	40	41	48	49	50	51	56	57	58	59	119	#
297	1112.93	8	9	10	18	24	32	33	40	41	42	48	49	50	51	56	57	58	59	119	#
298	1014.18	28	30	31	35	38	42	43	44	45	46	50	51	52	53	57	58	59	60	119	#
299	991.91	28	35	37	38	42	43	44	45	46	50	51	52	53	58	59	60	61	62	119	#
300	956.229	8	16	24	32	33	34	40	42	44	45	48	49	50	51	52	53	60	61	119	#
301	315.121	14	15	22	23	29	30	31	120	#
302	446.814	13	15	20	21	22	23	29	120	#
303	383.424	6	13	14	15	21	22	23	120	#
304	354.904	23	28	29	30	31	37	39	120	#
305	304.873	20	21	22	28	29	30	37	120	#
306	276.699	7	14	15	21	22	23	30	120	#
307	1223.6	0	1	2	3	4	8	9	10	11	17	18	24	25	32	33	34	37	38	39	45	46	53	60	61	121	#
308	1315.78	0	3	4	5	8	9	10	11	12	13	16	17	19	20	22	23	24	25	26	28	29	30	32	33	121	#
309	1305.5	0	1	2	3	4	8	9	10	11	12	16	17	18	19	20	24	25	26	32	40	50	51	58	59	121	#
310	1303.92	0	1	2	3	4	5	10	11	12	13	18	19	20	29	32	37	40	46	48	49	53	54	60	61	121	#
311	1300.85	3	4	5	6	13	14	15	20	22	23	28	29	30	31	37	38	39	45	46	47	52	53	54	55	121	#
312	1260.85	0	1	2	3	4	8	9	10	11	12	16	17	18	19	20	24	25	26	32	33	34	42	50	51	121	#
313	672.229	41	42	49	50	51	53	57	58	59	60	61	122	#
314	748.59	32	33	41	42	43	49	50	51	52	57	58	122	#
315	717.109	33	34	35	38	42	43	44	45	50	51	58	122	#
316	688.986	46	50	51	52	53	54	57	58	59	60	61	122	#
317	669.685	35	42	43	44	50	51	52	58	60	61	62	122	#
318	644.801	42	43	50	51	52	53	54	58	59	60	61	122	#
319	67.3853	24	#
320	361.444	23	30	31	38	39	44	45	123	#
321	495.426	26	33	34	35	43	44	52	123	#
322	425.756	21	29	30	37	38	39	45	123	#
323	416.895	6	7	15	23	29	30	31	123	#
324	396.532	22	23	28	30	35	38	43	123	#
325	360.964	19	20	22	29	30	37	38	123	#
326	693.744	29	30	31	38	39	46	47	54	55	62	63	124	#
327	688.973	28	30	31	37	38	39	46	47	54	55	63	124	#
328	651.743	38	44	45	46	47	53	54	55	61	62	63	124	#
329	640.587	11	27	28	31	37	38	39	45	47	48	49	124	#
330	630.687	4	5	12	13	20	53	54	55	60	62	63	124	#
331	623.415	23	30	31	37	38	39	45	46	47	54	55	124	#
332	678.628	6	7	11	14	15	19	20	21	22	23	29	30	31	125	#
333	942.925	6	7	9	13	14	15	21	22	23	29	30	38	46	125	#
334	939.571	4	12	14	19	20	21	22	28	29	30	35	50	51	125	#
335	876.156	14	15	21	22	23	29	30	31	37	38	45	46	55	125	#
336	873.442	4	5	13	20	21	22	23	29	30	31	37	38	45	125	#
337	861.938	3	4	10	11	12	19	20	21	23	25	26	29	30	125	#
338	578.596	40	48	49	50	51	56	57	58	126	#
339	657.628	48	49	50	51	52	56	57	59	126	#
340	611.828	40	42	48	49	50	51	52	57	126	#
341	544.609	33	45	48	49	53	56	57	60	126	#
342	539.611	47	48	49	50	51	52	55	63	126	#
343	516.32	32	40	41	42	48	49	56	57	126	#
344	916.428	0	1	2	3	4	8	9	10	11	12	18	28	127	#
345	997.975	2	3	4	5	8	9	10	11	17	18	24	25	127	#
346	931.041	2	4	5	10	11	12	13	14	20	21	22	30	127	#
347	927.96	2	3	4	9	10	11	41	49	52	53	55	63	127	#
348	924.044	1	2	3	4	10	16	17	18	24	25	26	27	127	#
349	913.215	1	2	3	4	8	9	10	16	17	18	24	32	127	#
350	98.4321	28	#
351	368.181	30	38	46	47	55	128	#
352	485.155	38	46	55	62	63	128	#
353	425.35	38	45	46	47	55	128	#
354	316.099	38	39	46	47	55	128	#
355	308.008	22	30	37	38	45	128	#
356	280.569	39	45	46	47	55	128	#
357	555.102	1	2	8	9	10	16	17	18	24	129	#
358	640.515	2	3	8	9	10	11	16	17	19	129	#
359	606.23	1	2	8	9	10	17	19	20	22	129	#
360	559.575	1	2	3	8	9	10	16	17	18	129	#
361	545.712	1	2	8	9	10	17	19	25	33	129	#
362	541.49	10	11	16	17	18	19	20	33	34	129	#
363	621.367	3	4	5	10	11	12	13	130	#
364	646.598	2	3	9	10	11	12	13	130	#
365	613.473	3	4	10	11	12	13	21	130	#
366	552.906	11	12	13	19	20	21	22	130	#
367	540.171	4	5	11	12	13	20	21	130	#
368	532.391	2	3	4	10	11	29	37	130	#
369	369.259	45	46	47	53	54	55	60	61	63	131	#
370	533.969	35	37	38	44	45	46	52	54	60	131	#
371	456.293	38	44	45	46	54	55	61	62	63	131	#
372	413.108	38	45	52	53	54	59	60	61	62	131	#
373	389.7	31	37	38	39	45	46	47	54	62	131	#
374	363.636	31	38	39	45	46	47	54	55	62	131	#
375	1089.74	11	12	13	15	19	20	21	22	23	26	27	28	29	30	31	34	35	37	38	39	44	45	46	132	#
376	1276.87	2	3	4	8	9	10	11	12	13	14	16	17	19	20	21	22	25	26	27	29	38	39	45	132	#
377	1244.41	2	3	4	5	10	11	12	13	19	20	21	26	27	28	29	30	31	33	34	37	38	39	45	132	#
378	1177.3	13	20	21	22	23	28	29	30	35	37	38	44	45	46	52	53	54	55	59	60	61	62	63	132	#
379	1175.58	11	16	17	19	20	24	25	26	27	28	32	33	34	35	36	38	43	44	45	46	47	53	62	132	#
380	1164.3	4	11	12	16	19	20	23	24	25	26	27	28	31	32	33	34	40	41	42	43	50	51	52	132	#
381	1018.93	4	5	11	12	13	19	20	21	42	43	44	51	52	53	57	58	59	60	61	133	#
382	1364.2	4	5	10	11	12	13	19	20	21	22	28	29	32	37	38	45	46	47	53	133	#
383	1267.83	2	3	4	5	10	11	12	13	19	20	28	29	33	34	35	43	56	57	58	133	#
384	1227.08	17	24	25	26	28	32	33	34	35	36	37	38	43	44	45	46	51	52	53	133	#
385	1217.04	10	11	26	28	32	33	34	35	41	42	43	44	50	51	52	53	58	59	60	133	#
386	1211.76	3	4	5	11	12	13	19	20	21	24	25	26	27	28	29	30	32	33	34	133	#
387	528.413	2	3	4	5	10	11	13	18	134	#
388	622.161	9	10	11	12	18	42	43	51	134	#
389	479.753	4	5	11	12	13	20	21	29	134	#
390	478.226	10	16	17	18	19	24	40	43	134	#
391	456.045	2	3	10	11	19	20	33	41	134	#
392	450.582	4	5	11	12	13	20	21	22	134	#
393	200.338	47	55	62	63	135	#
394	276.124	55	61	62	63	135	#
395	213.739	46	47	55	63	135	#
396	199.839	38	39	46	47	135	#
397	173.485	46	54	62	63	135	#
398	195.971	56	57	136	#
399	177.608	57	58	136	#
400	142.113	48	56	136	#
401	179.332	55	63	137	#
402	126.791	46	55	137	#
403	101.942	62	63	137	#
404	344.948	20	21	28	37	38	45	138	#
405	382.102	20	21	27	28	34	35	138	#
406	380.639	13	19	20	21	28	29	138	#
407	377.192	45	46	52	53	55	60	138	#
408	334.086	12	13	19	20	21	29	138	#
409	315.023	21	28	29	37	38	45	138	#
410	182.151	10	18	32	139	#
411	178.076	2	10	18	139	#
412	131.025	16	17	18	139	#
413	280.589	28	34	35	41	42	43	44	140	#
414	412.78	27	28	30	34	35	38	43	140	#
415	385.1	34	42	43	51	52	59	60	140	#
416	375.352	26	28	33	34	35	37	43	140	#
417	341.138	35	36	43	44	51	52	53	140	#
418	334.011	26	27	33	34	35	36	44	140	#
419	517.357	40	41	48	49	50	56	57	58	141	#
420	597.725	48	49	50	51	56	57	58	59	141	#
421	587.262	41	42	48	49	50	56	57	58	141	#
422	587.111	48	49	50	56	57	58	59	60	141	#
423	539.142	32	40	48	49	50	51	56	57	141	#
424	431.913	42	45	50	51	53	57	58	59	141	#
425	675.229	26	34	37	43	44	45	46	47	51	52	53	54	55	58	59	60	61	62	63	142	#
426	1012.02	13	14	21	22	23	29	30	33	37	38	39	45	46	50	53	54	60	61	63	142	#
427	1011.76	19	26	28	34	35	36	41	42	43	44	45	46	47	49	50	51	52	53	59	142	#
428	1002.25	24	25	32	33	34	35	38	41	42	43	46	47	48	49	51	54	55	57	63	142	#
429	987.626	2	3	4	5	10	11	12	13	19	26	33	34	35	36	41	43	44	51	52	142	#
430	974.264	4	5	13	27	28	34	35	36	38	39	42	43	44	45	46	47	51	55	63	142	#
431	396.388	6	7	15	22	23	29	30	37	38	49	143	#
432	454.196	11	12	13	21	23	29	30	31	37	45	143	#
433	425.921	34	36	41	42	43	44	48	49	50	58	143	#
434	423.513	13	14	20	21	22	23	29	37	38	45	143	#
435	409.613	6	7	14	15	22	23	29	30	38	39	143	#
436	400.359	13	20	21	28	29	30	37	38	44	45	143	#
437	2302.55	0	1	2	3	4	5	6	7	8	9	11	12	13	14	15	16	19	20	21	22	23	25	26	27	28	29	30	31	34	36	37	38	39	40	41	42	44	45	46	47	48	49	50	51	52	53	54	55	56	57	58	59	60	61	62	144	#
438	2613.51	1	2	3	4	9	10	11	12	13	14	16	17	19	20	21	22	23	24	27	28	29	30	31	32	33	34	35	36	37	38	39	40	41	42	43	44	45	46	47	48	49	50	51	52	53	54	55	56	57	58	59	60	61	62	63	144	#
439	2558.1	0	1	2	3	4	6	8	9	10	11	12	14	16	17	18	19	20	21	24	25	26	27	28	29	32	33	34	35	36	37	38	39	40	41	42	43	44	45	46	47	48	49	50	51	52	53	54	55	56	57	58	59	60	61	62	144	#
440	2539.98	0	1	2	3	4	5	8	9	10	11	12	13	16	17	18	19	20	21	24	25	26	27	28	29	32	33	34	35	36	37	38	39	40	41	42	43	44	45	46	47	48	49	50	51	52	53	54	55	56	57	58	59	60	62	63	144	#
441	2529.72	0	1	4	8	9	10	12	13	16	17	18	19	20	21	22	23	24	25	26	27	28	29	30	31	32	33	34	35	36	37	38	40	41	42	43	44	45	46	47	48	49	50	51	52	53	54	55	56	57	58	59	60	61	62	63	144	#
442	2528.73	0	1	2	3	4	5	6	7	8	9	10	12	13	16	17	19	20	21	22	23	24	25	26	27	28	29	30	31	32	33	34	35	36	37	38	40	41	42	43	44	45	46	47	48	49	50	51	52	53	55	56	57	58	60	61	144	#
443	199.78	57	58	59	145	#
444	249.36	49	57	58	145	#
445	239.236	48	56	57	145	#
446	145.245	52	59	60	145	#
447	259.285	14	15	26	146	#
448	300.732	26	27	28	146	#
449	220.292	7	14	15	146	#
450	110.429	14	22	30	146	#
451	354.37	13	14	15	21	22	23	30	31	38	39	147	#
452	509.829	2	3	5	11	12	13	20	21	28	29	147	#
453	472.466	6	14	19	20	21	22	23	28	29	30	147	#
454	462.319	28	37	38	39	45	46	54	55	62	63	147	#
455	446.442	23	28	29	30	36	37	38	44	45	46	147	#
456	384.347	6	7	14	15	22	23	30	31	38	46	147	#
457	246.837	46	53	54	63	148	#
458	304.498	54	61	62	63	148	#
459	280.705	38	46	54	63	148	#
460	245.36	38	46	53	54	148	#
461	137.727	52	53	54	60	148	#
462	96.4946	19	26	149	#
463	143.934	25	26	149	#
464	66.4656	11	19	149	#
465	635.976	5	13	20	21	28	34	37	38	42	43	45	46	150	#
466	745.745	4	10	11	12	13	19	20	21	28	29	37	45	150	#
467	671.854	10	19	20	26	27	28	35	36	37	44	45	53	150	#
468	650.844	12	20	21	28	29	37	38	44	45	46	54	63	150	#
469	640.382	3	5	11	12	13	19	20	21	26	27	28	35	150	#
470	631.734	6	11	12	13	14	19	20	21	22	23	28	37	150	#
471	44.3926	23	31	39	151	#
472	44.0542	39	43	51	151	#
473	582.684	17	28	34	35	36	42	43	44	50	52	152	#
474	741.695	26	34	41	42	43	49	50	51	58	59	152	#
475	725.46	25	26	33	34	42	43	44	50	51	52	152	#
476	686.987	1	9	16	17	19	24	25	26	32	33	152	#
477	613.107	26	27	34	35	36	42	43	44	51	52	152	#
478	609.152	35	41	42	43	44	49	50	51	52	60	152	#
479	1861.01	0	1	2	3	4	5	8	9	10	11	12	13	16	17	18	19	20	24	25	26	27	28	32	33	34	35	36	40	43	44	48	52	53	56	61	153	#
480	2166.13	0	1	2	3	4	5	8	9	10	11	12	13	16	17	18	19	20	21	24	25	26	27	28	29	32	33	34	37	38	41	42	45	49	50	58	153	#
481	2104.22	0	1	2	3	5	8	9	10	11	12	13	16	17	18	19	20	21	24	25	26	28	29	33	34	37	38	41	42	45	46	51	54	55	58	59	153	#
482	2078.25	1	2	3	4	5	6	9	10	11	12	13	14	16	17	18	19	20	21	22	24	25	26	29	30	33	34	35	36	37	38	46	48	56	61	62	153	#
483	2060.41	1	2	10	11	16	17	18	19	20	24	25	26	27	28	29	30	32	33	34	37	38	39	40	41	42	43	45	46	48	49	50	53	56	57	58	153	#
484	2051.63	3	10	11	12	20	26	27	28	29	32	33	34	35	36	37	38	40	41	42	43	44	45	46	48	49	50	51	52	53	56	57	58	59	60	61	153	#
485	691.065	5	6	7	12	13	14	15	19	20	21	22	23	28	29	30	31	154	#
486	982.159	21	23	28	29	30	31	36	37	38	39	42	43	44	45	46	53	154	#
487	952.852	7	9	10	11	12	13	14	15	19	21	22	23	29	30	38	39	154	#
488	940.683	12	13	14	15	21	22	23	28	29	30	31	37	38	39	44	45	154	#
489	930.692	12	13	14	15	20	21	22	23	28	29	30	31	37	38	39	45	154	#
490	915.561	14	15	21	22	23	28	30	31	35	37	38	39	45	46	47	55	154	#
491	798.369	14	15	22	23	24	30	38	39	45	46	47	54	55	62	63	155	#
492	979.017	16	17	18	29	30	37	38	39	45	46	47	54	55	62	63	155	#
493	884.766	13	20	21	27	28	29	33	34	37	38	44	45	46	53	59	155	#
494	882.209	27	28	35	37	38	39	44	45	46	47	53	54	55	62	63	155	#
495	873.238	23	27	28	31	35	37	38	39	45	46	47	53	54	55	61	155	#
496	855.542	19	26	29	30	31	36	37	38	39	44	45	46	47	53	55	155	#
497	728.121	20	27	28	29	35	36	37	42	43	44	45	46	49	50	51	52	156	#
498	876.468	32	33	35	36	38	41	42	44	45	48	49	50	51	52	53	59	156	#
499	836.165	23	27	29	30	31	34	35	37	38	43	44	45	46	52	55	63	156	#
500	822.281	28	34	35	37	38	41	42	43	44	45	50	51	52	53	58	60	156	#
501	811.75	26	27	28	34	35	36	37	38	44	45	46	52	53	54	55	60	156	#
502	785.664	13	31	36	38	39	44	45	46	47	51	52	53	55	58	59	60	156	#
503	600.731	25	26	33	40	41	42	48	49	50	57	157	#
504	817.423	10	16	17	19	24	25	26	32	33	34	157	#
505	808.981	3	10	11	18	19	20	48	49	57	58	157	#
506	797.691	25	26	33	34	41	42	49	50	57	58	157	#
507	746.198	16	24	28	32	33	34	35	37	41	43	157	#
508	743.975	12	19	20	25	26	27	28	33	37	56	157	#
509	512.581	34	35	36	42	43	44	49	50	51	58	158	#
510	664.096	10	34	35	43	49	50	51	54	57	58	158	#
511	621.419	41	42	43	49	50	51	52	53	57	58	158	#
512	595.253	35	41	42	43	44	49	50	51	57	58	158	#
513	566.678	40	41	42	43	48	49	50	51	57	58	158	#
514	545.591	35	42	43	50	51	52	57	58	59	60	158	#
515	227.637	8	16	45	53	54	60	159	#
516	285.363	8	16	24	25	44	45	159	#
517	271.774	46	47	53	54	61	63	159	#
518	261.708	0	1	2	8	9	16	159	#
519	229.819	35	43	46	54	62	63	159	#
520	223.994	23	37	45	46	53	54	159	#
521	124.013	38	#
522	2067.12	0	2	3	6	7	8	9	10	11	15	17	18	19	21	23	24	25	26	27	28	29	30	31	37	41	42	48	49	50	51	54	56	57	58	59	160	#
523	2160.83	2	3	4	10	11	19	21	22	23	24	25	26	30	31	32	33	38	39	41	42	44	45	46	49	50	51	52	53	54	57	58	59	60	62	63	160	#
524	2124.22	1	2	9	11	13	14	15	18	19	20	21	22	23	24	25	26	27	28	29	30	31	33	34	36	37	38	39	41	44	45	46	47	49	54	57	160	#
525	2050.78	0	1	2	3	4	5	6	8	9	10	11	12	13	17	19	20	21	22	24	25	26	29	30	31	32	37	38	39	40	45	46	54	55	62	63	160	#
526	2026.65	0	1	2	3	5	8	9	10	11	12	13	17	18	19	20	21	24	25	26	27	29	32	33	34	35	40	41	42	43	48	49	50	51	56	57	160	#
527	2023.81	0	1	2	3	4	5	8	9	10	11	12	13	16	17	18	19	20	21	24	25	26	27	32	33	34	35	36	37	41	42	43	44	45	49	50	160	#
528	1504.49	1	2	3	4	5	10	11	12	13	19	20	21	26	27	28	34	35	36	37	42	43	44	51	63	161	#
529	1867.56	1	2	3	8	9	10	11	12	13	17	18	19	20	21	26	27	28	29	34	35	37	38	45	53	161	#
530	1800.06	1	9	10	11	12	13	17	18	19	20	25	26	27	28	29	32	33	34	35	37	38	39	43	45	161	#
531	1770.86	3	4	5	9	10	11	12	13	19	20	21	26	27	28	29	34	35	36	37	38	43	44	45	46	161	#
532	1758.24	1	2	3	4	5	6	8	9	10	12	13	14	17	18	19	20	21	22	28	29	37	38	45	46	161	#
533	1756.5	2	3	4	5	9	10	11	12	13	17	18	19	20	21	26	27	28	29	30	35	37	38	59	60	161	#
534	530.696	41	42	43	49	50	57	58	59	162	#
535	557.538	16	24	32	33	41	42	49	50	162	#
536	545.822	41	42	43	49	50	51	57	58	162	#
537	527.337	33	34	42	43	50	51	58	59	162	#
538	504.425	6	14	22	42	50	51	58	59	162	#
539	495.706	52	53	54	58	59	60	61	62	162	#
540	570.053	20	21	22	28	29	35	37	43	44	45	51	52	163	#
541	837.113	26	27	28	32	33	34	35	37	38	41	45	61	163	#
542	789.941	20	21	27	28	34	35	43	50	51	52	58	59	163	#
543	762.738	2	3	10	18	19	20	27	28	29	37	38	39	163	#
544	742.257	28	33	34	35	36	43	44	45	46	50	51	52	163	#
545	737.662	20	21	27	28	29	30	31	35	37	38	45	46	163	#
546	443	0	1	2	9	10	11	17	19	164	#
547	459.327	0	1	2	9	10	19	30	31	164	#
548	455.076	5	9	13	16	17	24	25	32	164	#
549	453.635	3	10	11	12	19	20	26	34	164	#
550	412.948	10	11	19	20	21	22	27	28	164	#
551	374.723	0	1	2	8	9	10	11	12	164	#
552	305.81	26	33	34	42	43	50	165	#
553	359.289	41	42	43	49	50	57	165	#
554	349.614	42	43	50	51	58	59	165	#
555	295.787	24	26	32	33	34	40	165	#
556	283.343	16	17	25	26	27	35	165	#
557	159.043	26	33	34	43	44	45	165	#
558	818.064	4	12	13	17	20	21	25	26	27	28	29	34	35	36	43	44	166	#
559	1015.29	16	24	25	26	27	28	32	33	34	35	37	42	43	44	45	46	166	#
560	961.002	19	20	21	26	27	28	29	30	31	34	37	38	45	46	47	55	166	#
561	946.614	0	8	9	10	16	17	18	24	25	32	33	40	41	42	43	50	166	#
562	927.194	1	2	3	4	5	9	10	11	12	13	18	19	21	26	29	30	166	#
563	904.947	3	4	5	10	11	12	13	19	20	23	26	27	28	29	30	37	166	#
564	1143.29	26	27	28	29	30	34	35	36	37	38	42	43	44	45	46	52	53	61	167	#
565	1177.78	2	3	10	11	17	18	24	25	26	27	28	34	35	42	43	44	45	46	167	#
566	1152.85	3	9	10	11	12	14	15	19	20	22	23	25	26	29	30	31	37	38	167	#
567	1014.19	14	20	22	23	26	27	28	30	31	35	37	38	39	45	46	47	53	54	167	#
568	1011.9	22	23	28	29	30	35	36	37	38	43	44	45	50	51	52	53	60	61	167	#
569	982.228	11	19	20	26	27	28	29	34	35	36	37	41	42	43	44	45	48	49	167	#
570	203.747	19	20	29	168	#
571	261.126	19	20	26	168	#
572	133.687	20	29	30	168	#
573	117.92	11	12	19	168	#
574	224.703	8	9	25	33	34	35	43	51	59	169	#
575	304.623	1	8	9	16	17	24	25	32	40	169	#
576	2122.29	5	11	12	13	18	19	20	21	22	28	29	30	31	37	38	39	42	45	46	47	48	49	50	53	54	55	56	58	60	61	62	63	170	#
577	2065.94	2	3	4	5	11	12	13	16	17	19	20	21	22	24	25	26	27	28	29	30	31	33	34	35	37	38	44	45	53	61	62	63	170	#
578	2041.06	0	1	2	3	4	8	9	10	11	12	13	16	17	18	19	20	21	22	25	26	27	28	29	30	31	34	35	37	38	42	45	50	170	#
579	2014.61	7	14	15	19	20	22	23	26	27	28	29	30	31	35	37	38	39	43	44	45	46	48	49	50	53	55	56	57	58	61	62	63	170	#
580	1970.28	0	1	2	3	4	5	9	10	11	12	17	18	19	20	21	22	24	25	26	29	32	33	34	35	41	42	43	44	48	49	50	51	170	#
581	1964.28	2	3	8	9	10	11	12	19	20	22	26	27	28	30	32	33	34	35	37	38	41	42	43	44	45	46	49	51	52	53	60	61	170	#
582	1156.27	14	34	35	42	43	44	49	50	51	52	56	57	58	171	#
583	961.354	25	26	32	33	41	42	48	49	50	51	56	57	58	171	#
584	955.059	7	28	34	35	41	42	43	44	49	50	51	57	58	171	#
585	950.845	27	34	35	41	42	43	44	48	49	50	57	58	59	171	#
586	947.991	27	35	42	43	44	50	51	52	53	57	58	59	60	171	#
587	926.397	27	28	33	34	35	36	42	43	44	50	51	52	58	171	#
588	1764.56	2	3	4	5	8	9	10	11	12	13	16	17	19	20	21	24	25	26	27	28	29	30	31	32	33	35	43	44	51	172	#
589	1793.03	0	1	2	3	4	5	8	9	10	11	12	13	16	17	19	20	21	22	23	25	26	27	28	29	30	34	35	38	44	172	#
590	1758.21	1	2	3	4	5	6	7	9	10	11	12	13	14	15	19	20	21	22	23	26	27	28	29	30	31	34	35	37	45	172	#
591	1730.25	0	1	2	3	7	8	9	10	11	12	13	15	17	19	20	21	22	23	26	27	28	29	30	31	34	37	38	44	45	172	#
592	1720.27	0	1	2	3	4	5	8	9	10	11	12	13	16	17	18	19	20	21	24	25	26	29	32	33	34	35	37	44	46	172	#
593	1709.72	0	1	2	3	4	5	6	7	8	9	10	11	12	13	14	16	18	19	20	21	22	26	27	28	29	30	38	39	52	172	#
594	296.433	30	31	37	38	39	46	173	#
595	423.088	9	29	30	37	38	45	173	#
596	309.869	31	38	39	46	47	55	173	#
597	300.863	6	7	20	29	30	31	173	#
598	246.545	46	51	53	54	59	62	173	#
599	211.787	36	37	38	39	44	45	173	#
600	288.364	54	60	61	62	174	#
601	304.437	53	60	61	62	174	#
602	264.254	52	53	60	61	174	#
603	231.175	46	54	61	62	174	#
604	137.981	6	46	53	54	174	#
605	224.821	12	20	29	175	#
606	281.6	13	21	29	175	#
607	200.998	10	11	12	175	#
608	196.845	12	19	20	175	#
609	349.314	27	35	36	38	43	44	45	51	176	#
610	516.207	17	25	26	27	28	34	35	36	176	#
611	502.322	12	20	26	27	28	35	36	44	176	#
612	479.082	14	22	23	30	38	44	45	46	176	#
613	437.632	27	28	34	35	43	44	45	52	176	#
614	373.883	26	34	35	36	43	44	50	51	176	#
615	230.979	1	8	9	17	25	177	#
616	326.496	1	2	9	17	25	177	#
617	264.019	9	17	25	26	34	177	#
618	97.8009	8	16	17	25	33	177	#
619	67.8699	51	59	#
620	159.264	25	26	33	178	#
621	207.211	24	25	26	178	#
622	206.243	26	33	34	178	#
623	168.225	26	34	35	178	#
624	1129.77	0	1	2	3	8	9	10	11	16	17	18	24	25	32	33	34	40	41	42	43	44	48	49	50	56	179	#
625	1451.24	0	1	2	3	8	9	10	12	13	16	17	19	20	21	22	23	24	25	28	29	30	32	33	34	36	179	#
626	1450.22	1	2	3	4	5	9	10	11	12	13	18	19	20	21	28	29	37	38	41	49	50	58	59	62	63	179	#
627	1427.31	1	2	3	4	10	11	12	13	18	19	20	21	22	23	28	30	35	36	37	42	43	45	49	50	58	179	#
628	1374.22	0	1	2	3	8	9	10	11	16	17	18	19	24	25	29	36	37	38	43	44	45	52	60	62	63	179	#
629	1356.36	0	1	2	3	4	5	8	9	10	11	12	13	16	17	18	19	20	21	22	24	25	26	29	30	37	179	#
630	934.852	10	11	17	19	25	26	30	31	32	33	34	42	43	50	51	52	59	180	#
631	1065.44	32	38	40	42	46	47	49	50	51	53	56	57	58	59	60	61	62	180	#
632	1009.19	30	31	36	37	38	42	43	44	45	48	49	50	51	52	57	58	59	180	#
633	1003.64	1	2	9	10	16	17	24	25	32	33	34	40	41	42	49	50	57	180	#
634	996.842	0	1	2	3	4	8	9	10	11	12	17	19	25	26	32	33	34	180	#
635	990.259	37	38	42	45	46	49	50	51	52	53	54	57	58	59	60	61	62	180	#
636	894.933	22	23	30	31	38	45	46	53	55	62	63	181	#
637	810.853	36	44	46	47	49	50	51	52	55	58	63	181	#
638	806.743	23	30	31	38	39	44	45	46	47	55	63	181	#
639	766.04	3	4	5	25	32	33	41	49	55	62	63	181	#
640	685.407	6	14	19	20	21	22	23	26	29	30	31	181	#
641	675.102	39	44	45	46	47	52	54	55	61	62	63	181	#
642	254.583	25	33	41	49	50	51	59	182	#
643	373.289	24	25	26	33	34	35	43	182	#
644	358.894	42	50	51	52	53	58	59	182	#
645	331.072	42	49	50	51	58	59	60	182	#
646	297.846	12	20	32	33	34	40	43	182	#
647	281.08	1	9	17	25	33	34	41	182	#
648	466.314	3	4	5	10	11	12	19	20	21	22	23	26	30	31	39	183	#
649	698.156	2	3	4	5	10	11	12	13	14	19	20	21	22	23	26	183	#
650	669.989	5	12	13	15	19	20	21	23	26	28	29	30	35	37	38	183	#
651	640.762	20	26	27	29	34	35	36	39	43	44	46	47	51	52	55	183	#
652	631.001	21	22	23	29	30	35	41	42	43	44	45	49	50	51	59	183	#
653	592.356	3	4	10	11	12	14	15	19	20	22	23	29	30	31	39	183	#
654	312.911	53	58	59	60	61	62	63	184	#
655	330.063	43	50	51	53	58	59	60	184	#
656	308.13	50	51	52	59	60	61	62	184	#
657	279.157	14	35	44	45	46	52	53	184	#
658	246.611	49	50	52	54	58	59	60	184	#
659	243.173	28	35	44	52	53	60	61	184	#
660	578.867	7	12	13	15	20	21	22	23	28	29	30	31	38	39	46	47	185	#
661	841.845	6	7	14	15	21	22	29	30	34	35	36	37	38	42	43	44	185	#
662	833.31	7	11	13	14	15	19	20	21	22	23	29	30	31	37	38	39	185	#
663	805.925	13	21	23	28	30	31	35	37	38	39	43	44	45	52	53	54	185	#
664	789.204	6	7	14	15	21	22	23	29	30	31	38	39	54	61	62	63	185	#
665	638.702	10	19	22	30	31	35	36	37	38	39	44	45	46	47	53	60	185	#
666	171.938	4	5	11	12	186	#
667	186.77	3	11	12	20	186	#
668	186.747	4	5	13	21	186	#
669	682.187	3	4	10	12	13	18	19	187	#
670	687.603	3	9	10	18	19	26	29	187	#
671	527.333	3	4	10	11	12	19	20	187	#
672	524.371	3	9	10	17	18	19	25	187	#
673	509.545	4	5	10	13	16	17	18	187	#
674	471.442	11	12	13	19	20	21	26	187	#
675	1797.13	2	5	10	11	13	14	15	18	19	20	21	22	23	26	27	28	29	30	31	35	37	38	39	43	45	46	47	51	53	54	55	59	60	61	62	63	188	#
676	2005.72	1	2	3	4	5	9	10	11	13	15	19	20	21	22	23	26	27	28	29	30	31	34	35	36	37	38	39	44	45	46	47	53	54	55	61	63	188	#
677	2001.26	1	3	4	9	10	11	12	13	14	15	17	18	19	20	21	22	23	24	25	26	27	28	29	30	31	33	35	37	38	39	43	45	46	47	53	55	188	#
678	1963.11	0	1	3	8	10	11	16	19	20	21	23	24	25	26	27	28	29	30	31	33	34	35	36	37	38	43	44	45	46	53	54	55	58	60	61	63	188	#
679	1900.86	3	4	5	10	11	12	13	19	20	21	23	24	25	26	27	28	29	30	31	33	34	35	37	38	39	43	44	46	47	51	52	53	55	56	60	61	188	#
680	1898.05	0	1	2	3	8	9	10	11	14	15	17	18	19	20	21	22	23	25	26	27	28	29	30	31	37	38	39	43	45	46	47	53	54	55	60	63	188	#
681	268.552	38	46	54	62	189	#
682	300.369	10	46	54	62	189	#
683	261.535	45	46	47	55	189	#
684	184.433	38	39	45	53	189	#
685	145.747	54	60	61	62	189	#
686	278.75	11	19	20	26	190	#
687	259.197	3	11	19	20	190	#
688	253.886	12	19	20	28	190	#
689	233.642	1	25	26	33	190	#
690	217.222	11	19	26	34	190	#
691	389.336	4	11	12	13	20	191	#
692	486.523	9	10	11	18	53	191	#
693	402.225	3	4	11	12	13	191	#
694	345.359	4	5	13	20	21	191	#
695	327.827	3	4	5	11	12	191	#
696	325.852	13	20	21	29	37	191	#
697	12.7838	41	#
698	917.894	12	13	20	22	27	28	29	30	35	37	38	41	43	44	45	46	51	54	192	#
699	1319.65	11	12	13	19	20	21	26	27	28	29	33	34	35	37	38	44	45	46	192	#
700	1178.33	12	19	20	21	24	25	26	27	28	29	30	32	33	34	35	37	43	44	192	#
701	1135.7	2	3	4	5	10	11	12	13	18	19	20	21	26	28	29	34	35	37	192	#
702	1119.74	4	5	19	25	26	27	30	33	34	35	36	38	42	43	44	45	50	51	192	#
703	1090.1	3	4	5	11	12	13	17	19	20	21	22	23	25	26	29	30	33	37	192	#
704	354.021	42	49	50	57	58	193	#
705	423.959	49	50	56	57	58	193	#
706	327.048	41	49	50	57	58	193	#
707	305.019	0	1	18	57	58	193	#
708	268.393	40	48	49	50	57	193	#
709	234.717	11	19	26	194	#
710	257.984	10	18	19	194	#
711	240.628	10	19	26	194	#
712	178.997	11	12	20	194	#
713	26.8379	31	39	#
714	575.94	20	23	28	29	30	31	37	38	45	46	47	195	#
715	643.261	26	27	28	29	30	34	37	38	43	44	45	195	#
716	630.443	27	28	30	35	37	38	44	45	46	47	55	195	#
717	626.747	26	27	28	34	35	43	44	47	52	53	55	195	#
718	625.712	29	37	38	39	45	46	53	54	55	61	63	195	#
719	564.135	14	15	23	27	31	35	39	47	51	52	59	195	#
720	397.894	1	2	3	9	10	11	17	196	#
721	565.049	3	4	9	10	11	18	19	196	#
722	552.607	3	9	10	11	19	20	26	196	#
723	465.261	4	5	11	12	19	20	29	196	#
724	446.629	1	2	3	9	10	11	19	196	#
725	436.638	3	8	9	10	11	12	19	196	#
726	89.4478	6	14	#
727	1018.63	5	9	10	11	12	13	19	20	21	26	27	28	29	33	34	35	37	43	197	#
728	1242.53	0	8	9	16	26	27	32	33	34	40	41	48	49	50	56	57	58	59	197	#
729	1198.55	0	1	2	3	4	8	9	10	11	12	17	18	19	20	25	26	32	33	197	#
730	1179.6	15	19	20	21	23	25	26	27	29	30	31	37	38	39	45	46	57	58	197	#
731	1141.93	12	20	24	25	26	27	28	29	30	31	32	33	34	35	37	38	43	45	197	#
732	1138.61	1	2	3	4	8	9	10	11	12	17	18	19	20	25	26	27	34	35	197	#
733	1416.53	3	6	7	11	12	14	15	19	20	21	22	23	28	29	30	31	35	36	37	38	39	44	45	46	47	51	52	53	54	55	59	60	61	63	198	#
734	1983.22	3	4	5	9	10	11	12	14	16	17	18	19	20	21	22	24	25	26	27	28	29	33	34	35	36	37	38	43	44	45	51	52	58	59	198	#
735	1945.14	4	6	7	11	12	13	14	15	19	20	21	22	23	26	27	28	29	30	31	37	38	39	44	45	46	47	48	49	53	55	57	58	61	62	198	#
736	1939.38	16	19	20	24	25	26	27	28	31	33	34	35	36	38	39	42	43	44	45	46	48	49	50	51	52	53	54	56	57	58	59	60	61	62	198	#
737	1898.03	2	3	4	6	9	10	19	20	22	23	26	27	28	29	30	32	33	34	35	36	37	38	43	44	45	46	47	51	52	53	55	58	59	61	198	#
738	1880.1	2	3	4	5	9	10	11	12	13	18	19	20	21	25	26	27	29	30	32	33	34	35	36	37	38	40	42	43	44	45	48	50	51	52	198	#
739	678.015	9	10	11	18	19	34	43	44	51	199	#
740	823.661	9	10	11	18	19	20	28	29	33	199	#
741	755.533	9	10	11	17	18	19	20	24	29	199	#
742	686.173	1	2	9	10	11	17	18	19	20	199	#
743	629.688	8	9	10	11	16	17	19	25	26	199	#
744	535.044	11	19	20	21	28	29	30	35	36	199	#
745	76.6435	10	43	200	#
746	57.4801	43	51	200	#
747	283.519	40	48	49	56	57	58	59	60	201	#
748	362.367	26	32	33	34	40	41	48	49	201	#
749	331.966	41	42	49	50	52	57	60	61	201	#
750	327.36	41	42	49	50	51	57	58	59	201	#
751	316.607	51	52	53	54	58	59	60	63	201	#
752	315.062	43	49	51	52	57	58	59	60	201	#
753	1006.72	16	24	28	30	31	35	37	38	39	44	45	46	47	53	55	61	62	63	202	#
754	1054.5	14	20	21	22	28	29	30	35	37	38	39	44	45	46	53	54	55	63	202	#
755	1032.72	0	3	8	9	10	11	16	17	18	24	25	26	27	32	34	43	49	51	202	#
756	1017.72	26	27	28	30	34	35	37	38	42	43	44	45	46	52	53	54	62	63	202	#
757	987.513	27	28	34	35	36	43	44	45	47	51	52	53	54	55	59	61	62	63	202	#
758	985.65	10	12	13	19	20	25	26	27	28	34	35	36	42	43	44	45	50	51	202	#
759	268.227	38	45	46	47	54	203	#
760	305.892	45	53	54	55	63	203	#
761	279.99	37	38	46	47	55	203	#
762	247.911	38	39	45	46	53	203	#
763	237.786	31	38	39	47	55	203	#
764	223.207	37	38	39	45	47	203	#
765	945.732	4	5	12	13	16	17	24	40	48	49	50	51	52	57	58	59	204	#
766	1076.51	3	10	11	12	13	17	19	20	21	26	29	30	36	37	38	50	204	#
767	1069.16	4	5	10	11	12	13	19	20	21	22	28	29	30	58	59	60	204	#
768	987.279	33	41	42	49	50	51	52	53	54	56	57	58	59	60	61	62	204	#
769	960.707	6	7	13	14	15	21	22	23	30	31	39	43	50	51	58	59	204	#
770	919.007	2	3	4	5	9	10	11	12	13	17	19	20	21	22	29	48	204	#
771	223.616	6	7	14	15	205	#
772	1407.37	9	16	17	24	25	26	27	32	33	34	35	40	41	42	43	44	48	49	50	51	52	57	58	59	216	#
773	143.804	6	7	15	23	205	#
774	956.493	2	3	6	9	10	11	12	16	19	20	24	25	26	33	34	206	#
775	1116.61	0	3	4	5	9	10	11	12	13	16	17	18	19	26	58	206	#
776	1017.06	3	10	11	12	16	17	19	20	24	25	26	29	30	33	34	206	#
777	1010.34	1	2	3	8	9	10	11	16	17	18	19	24	25	26	34	206	#
778	999.45	2	3	4	9	10	11	12	17	18	19	24	25	26	33	34	206	#
779	974.311	0	1	2	3	4	5	9	10	11	12	13	18	19	41	56	206	#
780	407.445	26	32	55	62	63	207	#
781	342.218	10	19	26	34	55	207	#
782	295.907	16	24	25	32	33	207	#
783	278.006	53	54	55	62	63	207	#
784	262.974	2	47	55	62	63	207	#
785	251.31	54	55	61	62	63	207	#
786	81.4378	35	36	42	43	208	#
787	106.059	35	43	44	51	208	#
788	87.2786	36	43	44	52	208	#
789	70.8371	35	36	44	52	208	#
790	80.5421	45	46	209	#
791	81.1914	37	45	209	#
792	36.0346	46	54	209	#
793	208.526	6	14	22	23	37	45	210	#
794	308.035	28	29	35	37	38	45	210	#
795	266.237	15	23	29	30	31	38	210	#
796	259.823	6	7	14	15	21	22	210	#
797	244.154	14	15	22	23	46	55	210	#
798	236.026	34	35	36	44	45	46	210	#
799	278.929	35	36	44	51	52	53	211	#
800	402.406	51	52	53	58	59	60	211	#
801	319.376	36	43	44	51	52	60	211	#
802	268.876	36	43	44	45	52	53	211	#
803	245.147	36	44	52	53	54	61	211	#
804	187.626	33	35	36	41	44	45	211	#
805	345.391	0	4	5	13	27	35	36	44	52	212	#
806	496.515	27	28	34	35	36	37	38	44	45	212	#
807	446.518	12	13	20	21	22	29	30	31	48	212	#
808	445.123	20	28	35	44	51	52	53	60	61	212	#
809	443.345	4	5	11	12	13	19	20	21	28	212	#
810	413.332	20	26	27	28	34	35	36	43	44	212	#
811	1343.29	2	3	9	10	11	12	17	18	19	20	21	25	26	27	28	29	30	34	35	37	43	44	51	59	213	#
812	1627.87	6	7	8	9	10	11	14	15	16	17	18	19	20	23	24	25	26	27	28	31	32	40	48	56	213	#
813	1513.29	3	10	11	12	17	18	20	24	25	26	27	28	33	34	35	43	44	46	50	51	52	53	54	60	213	#
814	1498.48	1	2	9	10	17	18	19	25	26	27	33	34	35	38	43	44	45	49	50	51	52	53	58	60	213	#
815	1470.23	12	13	14	16	17	20	21	22	23	24	25	30	31	32	40	48	50	52	53	58	60	61	62	63	213	#
816	1462.52	28	29	30	34	35	36	37	38	42	43	44	45	48	49	50	51	52	53	56	57	58	59	60	61	213	#
817	927.894	12	29	35	36	37	43	44	45	51	52	53	58	59	60	61	62	214	#
818	1114.8	22	26	27	28	34	35	44	45	46	52	53	54	58	59	60	61	214	#
819	1089.95	31	43	45	46	48	49	50	51	52	53	56	57	58	59	60	61	214	#
820	1086.57	1	3	4	5	9	10	12	13	18	19	20	21	25	26	28	34	214	#
821	1084.33	35	37	41	42	44	45	50	51	52	53	54	59	60	61	62	63	214	#
822	1082.2	20	21	27	28	29	37	38	44	45	46	52	53	60	61	62	63	214	#
823	258.838	19	26	27	28	215	#
824	281.566	10	19	20	28	215	#
825	245.326	11	19	26	27	215	#
826	211.746	19	20	21	29	215	#
827	199.969	26	27	28	35	215	#
828	1389.55	6	28	35	36	38	41	43	44	45	46	47	49	50	51	52	53	54	55	58	59	60	61	62	63	216	#
829	1529.19	8	16	17	18	24	25	26	27	28	32	33	34	35	40	41	42	43	48	49	50	51	56	57	58	216	#
830	1524.49	26	27	28	35	36	42	43	44	45	46	49	50	51	52	53	55	56	57	58	59	60	61	62	63	216	#
831	1421.96	26	33	34	35	36	38	40	41	42	43	44	45	48	49	50	51	52	53	54	56	57	58	59	61	216	#
832	1421.04	25	26	27	28	33	34	35	36	37	38	41	43	44	45	46	50	51	52	53	59	60	61	62	63	216	#
833	238.093	25	26	33	34	41	49	217	#
834	344.243	19	26	27	28	33	34	217	#
835	215.794	41	42	47	49	50	57	217	#
836	174.015	41	42	43	44	48	49	217	#
837	286.235	3	10	11	19	218	#
838	305.799	3	10	11	18	218	#
839	304.719	2	3	4	10	218	#
840	274.069	10	11	19	26	218	#
841	323.641	42	50	58	59	219	#
842	260.808	42	49	50	58	219	#
843	223.916	42	49	50	63	219	#
844	216.026	42	43	50	51	219	#
845	179.209	51	52	59	60	219	#
846	480.115	5	11	12	13	20	21	29	36	37	45	53	220	#
847	614.718	4	10	11	12	13	14	19	20	21	22	26	220	#
848	580.411	19	20	21	26	28	29	30	35	37	38	43	220	#
849	559.626	3	4	12	13	20	21	22	23	29	31	36	220	#
850	559.043	3	4	5	11	12	13	20	21	22	28	29	220	#
851	550.673	20	23	29	30	31	37	38	45	46	54	55	220	#
852	1241.37	0	1	2	3	4	5	8	9	10	11	12	13	16	17	18	19	20	21	25	28	29	221	#
853	1386.26	0	1	3	4	8	9	10	11	12	16	17	18	19	20	24	26	27	28	32	37	40	221	#
854	1354.6	1	2	3	8	9	10	11	13	16	17	18	19	20	21	22	26	27	28	29	46	63	221	#
855	1336.35	0	1	3	8	9	10	14	18	22	23	27	28	30	31	37	38	39	45	46	47	53	221	#
856	1327.56	1	2	3	4	9	10	11	12	17	18	19	20	25	26	27	28	33	37	38	45	46	221	#
857	1313.8	0	1	2	3	4	5	9	10	11	12	13	16	17	18	19	20	21	27	28	37	45	221	#
858	566.331	3	4	5	11	12	32	33	42	222	#
859	666.963	29	33	37	41	42	49	50	57	222	#
860	605.552	24	25	26	27	28	32	33	40	222	#
861	544.67	1	2	3	4	10	11	12	13	222	#
862	538.716	3	4	11	12	13	19	20	26	222	#
863	513.447	25	26	27	33	34	41	42	43	222	#
864	665.539	27	28	29	37	38	45	46	49	53	60	61	62	223	#
865	832.009	22	23	28	29	30	37	38	44	45	46	53	55	223	#
866	801.631	23	30	38	39	45	46	47	53	54	55	62	63	223	#
867	797.161	9	22	23	28	30	31	37	38	45	46	55	63	223	#
868	751.73	24	25	32	33	34	38	44	45	48	52	53	54	223	#
869	738.011	15	21	22	23	28	29	30	37	38	43	44	45	223	#
870	108.878	21	22	23	30	31	39	224	#
871	218.158	6	7	14	15	21	22	224	#
872	214.676	13	21	22	29	30	37	224	#
873	205.682	6	7	14	15	22	23	224	#
874	148.028	7	14	15	23	31	39	224	#
875	175.032	16	24	25	225	#
876	254.923	25	26	27	225	#
877	180.059	24	25	32	225	#
878	170.488	8	16	17	225	#
879	554.38	0	1	6	7	14	15	20	22	23	29	30	31	226	#
880	699.189	6	7	14	15	22	23	28	29	30	31	37	38	226	#
881	693.775	6	7	14	15	23	30	49	50	51	57	58	59	226	#
882	678.748	6	7	14	15	20	22	23	29	30	31	37	38	226	#
883	678.435	6	7	12	14	15	20	22	23	29	30	31	38	226	#
884	659.824	7	14	15	22	23	28	29	30	31	37	38	39	226	#
885	411.339	28	34	35	41	42	43	44	49	50	51	227	#
886	606.694	2	7	10	19	20	21	26	27	28	35	227	#
887	556.225	34	35	41	42	43	49	50	56	57	58	227	#
888	549.998	32	33	34	41	42	49	50	51	57	58	227	#
889	521.47	2	3	10	11	34	35	36	44	51	52	227	#
890	473.884	50	51	52	53	54	59	60	61	62	63	227	#
891	514.383	12	19	20	24	25	26	32	33	41	228	#
892	652.198	26	33	34	41	42	48	49	50	58	228	#
893	548.253	9	17	24	25	26	32	33	34	41	228	#
894	515.185	0	8	16	24	32	33	40	48	49	228	#
895	493.549	19	20	25	26	27	29	34	35	44	228	#
896	450.006	3	10	11	19	26	27	33	34	35	228	#
897	436.282	11	19	20	26	45	46	229	#
898	395.811	20	21	27	28	29	30	229	#
899	386.105	3	11	19	26	33	34	229	#
900	379.408	19	26	27	34	35	44	229	#
901	373.699	38	44	45	52	53	60	229	#
902	328.688	27	46	47	54	62	63	229	#
903	538.52	2	9	10	17	18	25	26	230	#
904	596.913	9	16	17	18	25	57	58	230	#
905	542.965	9	10	11	16	17	18	25	230	#
906	537.817	8	9	10	11	16	17	18	230	#
907	498.461	0	1	2	3	4	10	11	230	#
908	424.444	2	3	10	11	12	19	20	230	#
909	312.882	33	34	35	41	42	43	44	49	231	#
910	419.286	7	15	23	30	37	38	44	45	231	#
911	392.233	20	27	28	34	35	42	43	50	231	#
912	382.036	42	43	44	45	50	51	52	53	231	#
913	361.021	25	26	32	33	34	40	41	43	231	#
914	206.671	28	34	35	36	37	43	44	52	231	#
915	1437.58	2	3	4	5	9	10	11	12	13	19	20	21	22	28	29	37	38	48	49	56	57	232	#
916	1551.83	2	3	10	11	16	18	19	20	24	25	26	27	28	29	33	53	54	55	57	61	63	232	#
917	1538.94	5	12	13	19	20	21	26	28	29	30	33	34	35	37	48	49	50	56	57	58	59	232	#
918	1528.15	2	3	4	5	8	9	10	11	16	17	18	19	20	24	26	27	28	44	45	52	53	232	#
919	1466.07	2	3	6	7	10	11	13	14	15	19	20	21	22	23	26	28	29	30	37	38	45	232	#
920	1457.14	2	3	9	10	11	13	17	18	19	20	21	24	25	26	27	28	29	35	44	58	59	232	#
921	712.737	0	1	2	3	4	9	10	11	17	18	233	#
922	747.239	1	2	8	9	10	16	17	18	19	26	233	#
923	743.734	1	2	3	4	5	10	12	13	20	29	233	#
924	681.498	0	1	8	9	16	17	19	25	26	27	233	#
925	670.695	1	2	3	10	11	12	18	19	20	29	233	#
926	640.229	2	3	9	10	11	12	18	19	26	34	233	#
927	274.52	7	14	15	22	23	31	234	#
928	382.556	6	7	13	14	21	22	234	#
929	285.938	6	7	15	23	31	61	234	#
930	284.382	7	14	15	22	23	24	234	#
931	221.179	15	23	30	31	39	45	234	#
932	165.127	7	15	22	23	30	31	234	#
933	375.53	11	41	42	43	44	50	51	235	#
934	484.853	41	42	49	50	51	58	59	235	#
935	464.397	4	41	45	53	59	60	61	235	#
936	457.489	19	26	28	35	42	43	50	235	#
937	420.554	33	41	42	44	50	51	59	235	#
938	408.423	1	9	10	11	12	18	19	235	#
939	98.2296	4	5	236	#
940	96.4873	4	12	236	#
941	27.6223	32	40	#
942	583.859	24	25	27	32	33	34	35	40	41	237	#
943	769.714	2	9	10	11	17	18	27	28	40	237	#
944	714.058	9	10	16	17	19	25	26	32	33	237	#
945	693.489	8	9	16	17	24	25	32	33	34	237	#
946	635.524	0	8	9	16	17	24	32	40	48	237	#
947	630.481	16	24	25	32	33	34	40	41	48	237	#
948	145.504	28	35	43	44	52	238	#
949	171.161	43	44	45	52	53	238	#
950	169.09	34	35	43	50	51	238	#
951	87.4129	28	35	36	43	44	238	#
952	78.6678	35	36	43	44	45	238	#
953	570.109	28	37	38	45	46	52	53	54	62	239	#
954	558.98	38	45	46	47	53	54	55	61	62	239	#
955	520.216	37	38	39	45	46	52	53	54	61	239	#
956	475.762	37	38	45	46	53	54	61	62	63	239	#
957	461.093	35	43	50	51	52	53	59	60	61	239	#
958	457.831	23	29	30	37	38	45	46	47	54	239	#
959	1520.91	2	4	5	6	7	10	12	13	14	15	19	20	21	22	23	24	25	26	27	28	29	30	31	37	38	39	45	46	47	55	62	63	240	#
960	1906.22	0	1	2	3	4	5	8	9	10	11	12	13	16	17	18	19	20	24	25	26	27	28	29	30	31	32	34	35	37	38	44	60	240	#
961	1899.42	0	1	2	3	4	8	9	10	16	17	18	24	25	26	32	33	34	35	36	40	41	42	43	44	48	49	50	51	56	57	58	59	240	#
962	1897.69	0	1	2	3	4	5	8	9	10	11	12	13	14	19	20	21	22	23	29	30	31	36	38	39	44	45	46	47	49	55	56	57	240	#
963	1805.31	0	1	4	8	9	10	11	12	16	17	18	19	20	21	22	24	25	26	27	28	32	33	34	35	40	43	44	48	49	56	57	58	240	#
964	1804.39	0	1	2	3	4	5	8	9	10	11	12	13	16	17	18	19	20	21	22	24	25	26	28	29	30	32	33	34	38	40	41	45	240	#
965	246.552	30	37	38	45	241	#
966	327.729	4	37	38	45	241	#
967	298.767	30	38	45	46	241	#
968	189.755	43	44	45	46	241	#
969	458.484	0	3	8	9	10	16	17	24	25	26	33	41	242	#
970	656.884	2	3	4	9	17	18	44	45	46	54	62	63	242	#
971	650.269	19	24	25	26	27	28	33	34	35	36	43	44	242	#
972	604.517	0	1	2	8	9	10	11	16	17	24	25	32	242	#
973	560.234	0	1	3	8	9	10	11	16	17	18	24	25	242	#
974	555.612	25	33	34	35	36	41	42	43	44	50	51	52	242	#
975	233.438	61	62	243	#
976	195.434	62	63	243	#
977	751.245	2	9	10	15	19	20	23	26	27	35	36	41	43	244	#
978	805.107	19	20	26	27	28	29	30	35	36	37	43	45	46	244	#
979	766.403	1	2	3	4	8	9	10	11	18	19	25	26	34	244	#
980	757.51	0	1	2	3	8	9	10	16	17	18	19	24	26	244	#
981	741.107	19	20	21	25	26	27	28	29	33	34	35	37	41	244	#
982	718.473	0	1	2	3	4	9	10	11	12	18	28	35	43	244	#
983	364.897	46	47	53	54	55	62	63	245	#
984	527.95	29	38	39	45	46	47	55	245	#
985	436.493	14	22	46	47	55	62	63	245	#
986	435.648	29	30	31	38	46	54	55	245	#
987	389.837	45	52	53	60	61	62	63	245	#
988	379.584	38	45	46	47	54	62	63	245	#
989	75.6357	7	15	#
990	196.957	24	32	40	41	48	49	57	246	#
991	259.303	9	17	25	26	33	41	49	246	#
992	227.368	32	33	40	41	48	49	56	246	#
993	224.077	17	24	25	32	33	40	48	246	#
994	200.253	31	37	38	39	48	49	50	246	#
995	417.786	33	41	48	49	56	57	247	#
996	542.449	48	49	50	56	57	58	247	#
997	445.152	41	42	49	50	57	58	247	#
998	440.061	16	24	25	26	32	33	247	#
999	403.24	32	33	40	48	56	57	247	#
1000	355.083	40	41	42	48	49	57	247	#
