%% File generated by CATS v.2.1Wed Jun 22 10:37:39 2022

%% The CATS webpage is http://robotics.stanford.edu/CATS

%% PARAMETER SETTINGS:
% Goods: 64; Bids: 1000; Distribution: regions; Runs: 1; Seed: 1656572885
% Regions Distribution Parameters:
% Max Substitutable Bids = 5
% Removing HV Neighbor   = 0.1
% Adding DIAG Neighbor   = 0.2
% Additional Location    = 0.9
% Jump Probability       = 0.05
% Additivity             = 0.2
% Budget Factor          = 1.5
% Resale Factor          = 0.5
% Uniform Private Value:
%   Deviation            = 0.5
%   Max Good Value       = 100



goods 64
bids 1003
dummy 185

0	292.361	32	40	41	48	49	64	#
1	389.72	41	42	48	49	57	64	#
2	371.594	40	41	42	49	57	64	#
3	338.303	48	49	56	57	58	64	#
4	333.382	33	40	41	42	49	64	#
5	331.137	32	33	35	41	42	64	#
6	190.307	10	11	65	#
7	201.917	11	12	65	#
8	137.339	12	20	66	#
9	166.804	20	28	66	#
10	262.406	24	32	40	48	67	#
11	293.443	40	41	48	49	67	#
12	226.777	40	48	49	56	67	#
13	179.711	5	6	32	40	67	#
14	141.246	16	24	#
15	1239.66	20	21	27	28	29	34	35	36	37	39	42	45	46	47	54	55	62	68	#
16	1241.4	18	20	25	26	27	28	30	33	34	35	36	37	38	39	41	42	46	68	#
17	1224.94	22	23	30	36	37	38	39	45	46	47	52	53	54	55	61	62	63	68	#
18	1223.98	27	29	30	35	36	37	38	39	45	46	47	53	54	55	61	62	63	68	#
19	1222.52	9	10	17	25	26	27	31	32	33	34	35	36	40	41	42	48	50	68	#
20	1218.43	29	36	37	38	39	45	46	47	50	51	52	53	54	55	61	62	63	68	#
21	88.7361	50	#
22	1785.5	1	9	10	11	12	21	28	29	30	31	35	36	37	38	39	44	45	46	51	52	53	54	55	60	69	#
23	1898.19	4	5	12	13	21	28	29	30	31	33	34	35	36	37	38	39	41	42	44	45	46	52	53	60	69	#
24	1748.63	21	28	29	30	31	32	35	36	37	38	39	40	41	42	43	44	45	46	48	49	51	52	53	60	69	#
25	1739.89	12	20	21	28	29	30	31	33	35	36	37	38	39	41	42	43	44	45	46	50	51	52	58	60	69	#
26	1709.17	19	20	21	22	27	28	29	30	31	34	35	36	37	38	39	41	42	44	45	46	49	52	53	60	69	#
27	1692.54	12	20	21	28	29	30	31	35	36	37	38	39	43	44	45	46	51	52	53	54	55	60	61	62	69	#
28	853.636	4	5	6	7	13	14	15	19	20	21	22	23	70	#
29	1060.14	7	13	14	15	21	22	23	28	29	30	31	38	70	#
30	1050.17	6	7	13	14	15	21	22	23	30	38	39	47	70	#
31	1012.54	7	14	15	20	21	22	23	28	29	30	31	39	70	#
32	999.132	6	7	14	15	21	22	23	28	29	30	38	39	70	#
33	982.557	7	13	14	15	20	21	22	23	28	29	30	31	70	#
34	592.543	28	29	35	36	37	38	43	44	46	52	56	71	#
35	831.744	21	22	28	29	37	38	45	46	47	53	54	71	#
36	743.095	21	29	37	38	43	44	45	46	52	53	60	71	#
37	728.262	20	21	22	28	29	35	36	37	38	39	44	71	#
38	702.872	20	21	28	29	33	35	36	37	42	44	45	71	#
39	621.558	35	37	38	42	43	44	45	46	47	50	51	71	#
40	1665.2	3	5	6	7	9	10	11	13	14	15	18	19	20	21	22	23	27	29	30	31	35	36	37	39	43	44	45	46	51	59	72	#
41	2151.2	7	12	15	20	21	22	23	29	30	31	32	34	35	36	37	40	41	42	43	44	45	49	50	51	52	53	57	58	59	60	72	#
42	2071.12	20	21	22	29	30	31	34	35	36	37	38	39	40	41	42	43	44	45	46	47	48	49	50	51	52	53	55	58	59	60	72	#
43	2044.26	15	19	20	21	22	23	27	28	29	30	35	36	37	41	42	43	44	45	46	47	49	50	51	52	53	55	57	58	59	60	72	#
44	2022.48	4	7	11	12	13	15	19	20	21	22	23	27	28	29	30	31	35	36	37	38	39	41	42	43	45	46	47	51	52	60	72	#
45	1948.44	9	10	11	12	15	17	19	20	21	22	29	32	34	37	41	42	43	44	45	46	47	49	50	51	52	53	57	58	59	60	72	#
46	64.2084	8	#
47	702.64	16	17	18	19	24	25	26	33	34	35	42	43	51	59	73	#
48	961.365	2	10	18	19	20	21	26	27	28	34	35	36	37	45	73	#
49	940.453	3	4	18	25	26	28	33	34	35	36	37	42	50	51	73	#
50	930.73	18	19	25	26	27	28	33	34	35	36	37	42	43	50	73	#
51	919.457	0	8	16	17	18	24	25	26	27	28	33	34	35	42	73	#
52	894.946	20	21	27	28	33	34	35	36	37	38	42	43	50	51	73	#
53	1723.46	5	7	12	13	14	15	20	21	22	23	29	30	34	35	37	40	41	42	43	44	45	48	50	51	52	56	57	58	59	60	74	#
54	1866.32	17	22	24	25	26	28	29	30	32	33	34	35	37	38	39	40	41	42	43	47	48	49	50	51	52	56	57	58	59	60	74	#
55	1825.19	7	8	14	15	16	17	18	19	20	21	22	23	24	25	26	27	28	29	31	32	33	34	35	37	38	39	41	42	46	47	74	#
56	1781.81	0	5	8	13	14	16	17	18	21	22	24	25	26	32	33	34	35	40	41	42	48	49	50	51	52	56	57	58	59	60	74	#
57	1762.74	29	31	32	33	35	37	38	39	40	41	42	43	45	46	47	48	49	50	52	53	54	55	56	57	58	59	60	61	62	63	74	#
58	1750.51	20	21	22	23	28	29	30	31	33	34	35	36	37	38	39	41	42	43	44	45	47	50	51	52	53	54	59	60	62	63	74	#
59	397.38	42	43	50	51	52	58	59	60	75	#
60	510.132	32	33	34	42	50	51	52	59	75	#
61	469.727	42	44	50	51	52	53	59	60	75	#
62	465.988	37	45	50	51	52	53	59	60	75	#
63	443.232	35	41	42	50	51	58	59	60	75	#
64	436.934	34	42	43	44	50	51	52	53	75	#
65	603.506	7	14	15	21	22	23	30	38	76	#
66	680.845	5	7	13	14	15	22	23	30	76	#
67	661.59	38	39	45	46	47	53	54	55	76	#
68	655.281	15	21	22	23	30	38	39	46	76	#
69	614.945	4	12	13	14	15	21	22	23	76	#
70	582.88	5	6	7	14	15	22	23	31	76	#
71	111.873	17	25	32	77	#
72	47.2363	8	9	17	77	#
73	79.7724	25	33	#
74	873.824	25	32	33	34	35	40	42	43	48	49	50	51	56	57	58	59	60	63	78	#
75	1300.51	11	29	30	31	32	33	34	37	38	39	42	43	46	53	54	61	62	63	78	#
76	1175.09	20	21	27	28	29	32	33	35	36	40	42	43	48	49	51	56	57	58	78	#
77	1132.85	3	29	32	33	37	38	39	40	46	48	49	54	56	57	58	61	62	63	78	#
78	1087.23	10	11	18	19	20	25	26	27	28	32	33	35	40	42	48	49	56	57	78	#
79	1074.24	11	18	19	20	22	25	26	27	28	32	33	34	35	36	42	43	44	56	78	#
80	1089.22	12	14	15	20	21	23	28	34	35	36	37	41	42	43	44	51	59	79	#
81	1270.69	5	6	7	11	12	13	14	15	20	22	23	28	30	35	38	42	43	79	#
82	1179.03	8	30	31	37	38	39	45	46	47	51	52	53	54	55	61	62	63	79	#
83	1174.1	3	4	5	6	7	12	13	14	15	20	21	23	28	29	30	37	38	79	#
84	1049.32	2	3	4	5	6	7	10	11	12	13	14	15	19	20	22	23	28	79	#
85	1037.31	10	18	19	27	28	33	34	35	36	37	41	42	43	44	51	58	59	79	#
86	686.975	29	30	37	38	39	45	46	47	55	63	80	#
87	815.425	22	28	29	30	31	38	39	46	47	55	80	#
88	784.331	22	29	30	31	38	39	45	46	47	55	80	#
89	761.115	15	22	23	29	30	31	38	39	41	44	80	#
90	745.314	30	31	38	39	46	47	54	55	62	63	80	#
91	731.579	8	30	31	38	39	46	47	54	55	62	80	#
92	1074.58	2	3	4	5	9	10	11	12	13	14	18	19	20	21	22	27	28	29	81	#
93	1277.48	11	12	14	18	19	20	21	22	27	28	29	30	34	35	36	37	42	44	81	#
94	1276.56	3	4	5	6	11	12	13	14	18	19	20	22	27	28	30	34	35	42	81	#
95	1255.61	4	5	11	12	14	19	20	21	22	27	28	29	30	34	35	36	42	44	81	#
96	1239.16	4	10	11	12	18	19	20	27	28	29	33	35	36	41	42	44	50	51	81	#
97	1176.69	2	3	9	10	11	12	19	20	27	28	34	35	36	42	43	44	47	50	81	#
98	581.037	39	46	47	53	54	61	62	63	82	#
99	641.43	31	39	46	47	54	55	61	62	82	#
100	617.517	31	39	47	54	55	61	62	63	82	#
101	585.071	30	31	39	46	47	53	54	55	82	#
102	549.515	39	46	47	54	55	61	62	63	82	#
103	439.879	40	46	48	54	55	61	62	63	82	#
104	331.797	46	54	61	62	63	83	#
105	358.474	41	42	61	62	63	83	#
106	269.165	39	44	45	46	54	83	#
107	267.891	45	46	54	55	63	83	#
108	231.578	54	55	56	61	62	83	#
109	368.863	1	2	3	4	9	17	25	84	#
110	523.376	2	3	4	12	20	21	22	84	#
111	520.908	1	2	3	4	10	11	12	84	#
112	400.283	1	2	3	4	10	11	19	84	#
113	368.68	0	8	16	17	25	37	53	84	#
114	363.291	0	1	2	8	9	10	17	84	#
115	159.821	5	6	85	#
116	178.87	6	7	85	#
117	216.4	38	45	46	54	86	#
118	302.944	45	52	53	54	86	#
119	288.011	38	46	54	55	86	#
120	276.589	45	46	53	54	86	#
121	925.334	21	29	30	31	37	38	39	45	46	47	53	87	#
122	1052.29	4	12	20	21	22	28	29	30	31	36	37	87	#
123	973.37	4	12	14	20	21	22	23	29	30	31	38	87	#
124	943.363	20	21	28	29	30	31	36	37	38	39	47	87	#
125	925.547	22	30	31	38	39	46	47	52	53	54	62	87	#
126	899.724	31	36	37	39	45	46	47	53	54	61	62	87	#
127	1059.23	1	2	3	4	5	6	9	10	11	17	18	19	20	43	44	45	52	60	88	#
128	1252.07	1	2	3	4	5	9	10	11	12	17	18	19	20	21	41	48	49	56	88	#
129	1213.98	29	36	37	38	39	41	43	44	45	46	47	48	49	52	54	55	56	63	88	#
130	1134.22	1	2	3	4	5	6	10	11	12	17	18	19	20	21	26	27	29	34	88	#
131	1112.75	0	1	2	3	4	5	6	7	8	9	10	11	12	18	19	20	21	29	88	#
132	1056.79	29	34	35	36	37	38	43	44	45	46	47	50	51	52	53	58	59	60	88	#
133	499.627	1	2	9	10	17	25	26	34	53	54	89	#
134	654.976	8	9	10	11	12	16	17	22	30	54	89	#
135	648.274	12	20	21	29	36	37	45	52	53	54	89	#
136	631.97	1	9	16	17	24	25	26	32	40	48	89	#
137	618.379	24	25	26	32	40	47	53	54	55	62	89	#
138	556.654	26	28	34	35	36	42	43	51	52	53	89	#
139	306.636	50	51	57	58	59	90	#
140	385.728	40	41	49	57	58	90	#
141	332.703	50	56	57	58	59	90	#
142	306.792	51	57	58	59	60	90	#
143	305.453	50	51	52	54	59	90	#
144	239.022	42	43	50	51	59	90	#
145	100.891	62	63	91	#
146	119.06	54	62	91	#
147	123.047	38	39	92	#
148	138.525	24	39	92	#
149	137.614	38	46	92	#
150	261.006	6	7	14	15	23	93	#
151	366.469	13	14	15	23	36	93	#
152	364.585	7	13	14	15	23	93	#
153	281.952	5	6	14	15	23	93	#
154	578.888	3	4	5	6	7	11	12	14	94	#
155	636.965	6	12	13	14	15	21	22	23	94	#
156	630.25	5	6	7	14	15	22	37	38	94	#
157	566.681	2	3	4	5	6	7	11	12	94	#
158	566.284	3	4	5	6	11	13	14	22	94	#
159	537.528	4	5	6	7	12	13	14	20	94	#
160	105.704	46	54	95	#
161	109.008	54	62	95	#
162	92.085	45	46	95	#
163	598.213	15	22	27	28	29	30	31	38	43	96	#
164	696.439	6	7	14	15	22	23	28	29	30	96	#
165	687.199	6	7	14	15	22	23	29	30	31	96	#
166	665.607	14	22	29	30	31	38	39	47	55	96	#
167	625.178	5	6	7	14	15	22	30	31	38	96	#
168	621.149	5	6	7	13	14	15	22	23	30	96	#
169	992.463	3	4	5	6	7	11	12	13	14	15	19	20	21	23	28	29	97	#
170	1239.56	4	11	12	13	20	21	27	28	29	30	35	36	37	44	45	46	97	#
171	1189.5	3	4	5	7	11	12	13	14	15	20	21	23	28	29	30	37	97	#
172	1152.71	4	5	9	10	11	12	13	14	15	20	23	35	42	43	50	56	97	#
173	1150.43	6	7	13	14	15	23	27	28	29	37	38	39	46	47	54	62	97	#
174	1117.48	3	4	5	6	12	13	14	15	20	21	22	23	28	29	30	37	97	#
175	113.868	39	#
176	359.156	41	42	48	49	98	#
177	341.596	31	33	35	42	98	#
178	285.758	40	41	48	49	98	#
179	273.1	40	48	49	57	98	#
180	2472.58	0	1	2	3	8	9	10	16	17	18	19	20	21	22	25	26	27	28	29	30	32	34	35	36	37	38	40	41	43	44	45	48	49	50	52	53	56	57	58	59	60	99	#
181	2718.04	6	10	12	13	14	18	19	20	21	22	26	27	28	29	30	33	34	35	36	37	38	39	41	42	43	44	45	46	47	49	50	51	52	53	54	55	58	59	60	62	63	99	#
182	2688.46	4	5	6	7	12	13	14	20	21	22	27	28	29	30	33	34	35	36	37	38	39	40	41	42	43	44	45	46	47	48	49	50	51	52	53	55	56	57	58	59	60	99	#
183	2682.37	2	6	8	9	10	13	14	16	17	18	19	20	21	22	24	27	28	29	30	32	35	36	37	38	40	41	42	43	44	45	46	47	49	50	51	52	53	55	57	58	59	99	#
184	2658.95	10	13	14	17	18	19	20	21	24	25	27	28	30	32	33	34	35	36	37	38	39	40	41	42	43	44	45	46	47	49	50	52	53	54	55	58	59	60	61	62	63	99	#
185	2634.33	8	12	13	14	16	19	20	21	22	24	27	30	32	33	34	35	36	37	38	39	40	41	42	43	44	45	47	48	49	50	51	52	53	54	55	56	57	58	59	60	62	99	#
186	450.546	36	37	38	44	45	46	53	100	#
187	454.288	38	45	46	47	53	54	55	100	#
188	425.844	37	38	45	46	53	54	55	100	#
189	403.712	38	44	45	46	52	53	54	100	#
190	398.886	36	44	51	52	53	54	60	100	#
191	388.422	36	37	38	44	45	53	54	100	#
192	265.412	50	58	59	60	101	#
193	268.105	50	57	58	59	101	#
194	245.7	56	57	58	59	101	#
195	220.08	44	51	52	60	101	#
196	199.851	43	50	58	59	101	#
197	934.166	3	5	6	7	10	11	12	19	20	21	22	26	27	28	29	30	102	#
198	1207.84	15	20	21	22	23	28	29	30	37	38	39	44	45	46	52	53	102	#
199	1189.98	10	11	12	18	19	20	21	22	26	27	28	33	34	41	42	50	102	#
200	1187.69	7	10	11	12	15	19	20	21	22	23	27	28	29	36	37	38	102	#
201	1151.41	11	12	19	20	21	27	28	29	36	44	45	46	47	53	54	55	102	#
202	1150.72	7	11	12	13	15	19	20	21	22	23	28	29	36	43	44	52	102	#
203	1380.17	30	31	37	38	39	43	44	45	46	47	50	51	52	53	54	55	58	59	60	61	62	103	#
204	1568.74	31	33	36	37	38	39	41	42	43	44	45	46	47	49	50	51	52	53	54	55	59	103	#
205	1562.25	30	31	33	35	36	37	38	39	41	42	43	44	45	46	47	49	50	51	52	58	60	103	#
206	1560.91	1	2	9	10	21	22	23	31	36	37	38	39	44	45	46	47	52	53	54	55	62	103	#
207	1527.34	27	35	36	37	38	39	40	41	42	43	44	45	46	47	50	51	52	53	59	60	61	103	#
208	1510.86	4	12	19	20	21	27	33	35	36	37	38	42	43	44	45	46	50	52	53	54	55	103	#
209	123.33	44	45	52	104	#
210	96.4582	43	44	50	104	#
211	1512.79	27	28	29	30	31	33	34	35	36	37	38	39	40	41	42	44	45	46	47	52	53	55	105	#
212	1728.76	4	5	12	13	19	20	21	22	27	28	29	30	31	33	34	35	36	37	38	41	42	50	105	#
213	1683.41	10	21	22	28	29	30	31	33	34	35	36	37	38	39	41	42	43	44	46	47	52	55	105	#
214	1559.54	11	12	14	19	20	21	22	27	28	29	30	31	35	36	37	38	39	42	45	46	47	55	105	#
215	1554.92	11	12	19	20	21	22	27	28	29	30	31	35	36	37	38	39	42	43	44	46	47	50	105	#
216	1544.34	3	4	5	6	11	12	14	19	20	21	22	23	28	29	31	36	37	38	39	46	47	55	105	#
217	498.84	25	26	33	42	43	50	51	52	58	59	60	106	#
218	742.791	26	34	40	41	42	43	51	52	53	59	60	106	#
219	615.155	24	25	32	42	50	51	52	57	58	59	60	106	#
220	615.108	3	10	11	17	18	19	25	26	32	33	40	106	#
221	595.286	26	33	34	35	41	42	43	44	49	50	59	106	#
222	585.377	25	33	34	41	42	43	44	50	57	58	59	106	#
223	133.464	25	32	33	107	#
224	169.218	24	32	33	107	#
225	125.857	24	25	32	107	#
226	586.434	30	31	39	47	54	55	63	108	#
227	643.574	22	29	30	31	36	37	39	108	#
228	593.122	29	30	31	39	47	55	63	108	#
229	575.471	31	39	47	54	55	62	63	108	#
230	562.587	47	53	54	55	61	62	63	108	#
231	500.303	22	23	27	28	29	30	31	108	#
232	243.973	5	6	13	14	61	109	#
233	354.968	10	11	12	13	14	109	#
234	345.454	6	14	21	22	23	109	#
235	302.117	46	47	54	61	62	109	#
236	270.011	6	7	13	14	22	109	#
237	229.027	4	5	6	15	23	109	#
238	123.574	48	56	57	110	#
239	128.939	40	48	49	110	#
240	453.091	5	6	7	13	14	15	111	#
241	512.225	5	7	12	13	14	15	111	#
242	490.232	4	5	6	7	12	13	111	#
243	483.657	5	6	13	14	15	23	111	#
244	468.641	6	12	13	14	15	22	111	#
245	424.232	5	6	7	14	15	23	111	#
246	1362.13	23	24	25	27	32	33	34	35	36	42	43	44	45	46	50	51	52	53	54	58	60	112	#
247	1605.48	18	25	26	33	34	35	38	39	42	43	44	46	47	50	51	52	53	54	55	58	60	112	#
248	1558.85	6	33	35	36	37	39	42	43	44	45	46	47	50	51	52	53	54	55	58	59	60	112	#
249	1535.89	21	29	30	31	35	36	37	38	39	40	42	43	44	45	46	47	48	52	53	54	55	112	#
250	1503.66	12	20	28	29	31	36	37	38	39	43	44	45	46	47	51	52	53	54	55	60	63	112	#
251	1458.91	0	8	9	10	17	18	24	25	26	28	32	33	34	35	36	37	42	43	50	51	58	112	#
252	694.58	9	10	18	19	20	21	22	26	27	28	113	#
253	780.702	15	21	22	23	28	29	30	35	36	40	113	#
254	742.059	12	20	21	22	23	27	28	29	30	38	113	#
255	733.178	15	19	20	21	22	23	27	28	29	30	113	#
256	625.863	18	19	25	26	27	28	32	34	35	42	113	#
257	580.486	1	2	3	4	9	10	17	18	19	26	113	#
258	503.604	9	10	11	12	18	29	43	44	51	114	#
259	749.731	21	28	29	30	31	36	37	39	47	114	#
260	600.488	33	37	42	43	44	45	46	52	53	114	#
261	577.552	0	8	9	10	17	18	19	25	33	114	#
262	529.065	9	10	11	13	18	19	25	26	27	114	#
263	500.94	3	9	10	11	12	17	18	19	25	114	#
264	584.775	20	21	22	28	29	30	38	46	115	#
265	721.015	7	15	21	22	30	31	38	46	115	#
266	708.427	4	5	39	45	46	52	53	54	115	#
267	669.043	30	38	45	46	47	53	54	55	115	#
268	662.858	30	38	45	46	53	54	55	62	115	#
269	626.797	7	14	15	21	22	28	29	30	115	#
270	40.7203	5	#
271	847.834	1	2	8	9	16	17	18	19	20	24	25	26	27	28	29	32	33	34	35	40	116	#
272	1194.58	1	2	3	4	9	11	12	13	17	18	19	20	25	26	28	29	52	53	54	60	116	#
273	1181.32	17	24	25	30	31	32	33	38	39	40	41	46	47	48	49	54	55	56	57	63	116	#
274	1143.07	1	2	9	10	11	16	17	18	24	25	26	32	33	34	40	41	49	56	57	58	116	#
275	1132.11	11	12	13	18	19	20	26	27	28	29	30	31	35	36	43	44	48	50	51	52	116	#
276	1119.34	1	2	3	4	8	9	10	11	12	13	16	17	18	19	20	23	24	25	26	34	116	#
277	110.953	55	63	117	#
278	83.7067	62	63	117	#
279	272.768	3	9	10	11	19	20	118	#
280	397.351	3	9	10	11	17	18	118	#
281	382.997	2	10	11	12	13	18	118	#
282	306.363	3	10	11	18	19	20	118	#
283	304.722	9	10	17	18	19	20	118	#
284	300.309	3	10	11	17	18	19	118	#
285	1729.77	1	2	8	9	11	12	16	17	18	19	20	21	25	26	28	29	32	33	34	35	36	37	38	42	43	50	59	119	#
286	2156.28	3	5	6	7	11	12	13	14	15	18	19	20	21	22	23	26	28	30	31	34	35	36	37	38	39	46	47	119	#
287	2154.36	7	13	14	15	17	18	20	21	22	23	25	26	28	29	30	31	34	35	36	37	38	39	41	42	46	50	63	119	#
288	2056.86	1	4	6	9	11	12	13	14	16	17	18	19	20	21	22	26	28	29	30	34	35	37	38	39	42	43	47	119	#
289	2004.04	2	3	11	12	13	14	18	19	20	21	22	26	28	29	30	31	36	37	38	39	46	47	54	55	61	62	63	119	#
290	1997.49	1	2	3	8	9	11	12	13	14	16	17	18	19	20	25	28	31	33	36	37	38	39	42	46	47	54	55	119	#
291	84.8891	24	#
292	3097.37	0	2	3	4	9	10	11	12	13	14	15	16	17	18	19	20	21	22	23	25	26	27	28	29	30	31	33	35	36	37	38	39	42	43	44	45	46	47	49	50	51	52	53	54	55	56	57	58	59	60	61	63	120	#
293	3195.12	0	2	3	4	5	7	8	9	10	11	12	13	14	15	16	17	18	19	20	21	22	23	25	26	27	28	29	30	31	33	34	35	36	37	38	39	41	42	44	45	46	47	49	52	53	54	55	56	57	61	62	63	120	#
294	3167.27	0	2	3	7	8	9	10	11	12	13	14	15	17	18	19	20	21	22	23	25	26	27	28	29	30	31	32	33	34	35	36	37	38	39	41	42	44	45	46	47	49	50	51	52	53	54	55	56	57	58	59	60	120	#
295	3166.87	0	2	3	4	5	7	10	11	12	13	14	15	17	18	19	20	21	22	23	25	26	27	28	29	30	31	34	35	36	37	38	39	41	42	44	45	46	47	48	49	50	51	52	53	54	55	56	57	58	59	60	63	120	#
296	3162.58	0	2	3	4	5	7	8	9	10	11	12	13	14	15	17	18	19	20	21	22	23	25	26	27	28	30	31	33	34	35	36	37	38	39	41	42	44	45	46	47	49	50	51	52	53	54	55	58	59	60	62	63	120	#
297	3154.1	2	3	4	9	10	11	12	13	14	15	17	18	19	20	21	22	23	24	25	26	27	28	29	30	31	33	34	35	36	37	38	39	41	42	44	45	46	47	49	50	51	52	53	54	55	57	58	59	60	61	62	63	120	#
298	318.499	0	2	8	9	10	17	18	121	#
299	353.558	9	10	13	17	18	19	20	121	#
300	350.677	2	3	4	10	12	18	20	121	#
301	323.764	2	8	9	10	17	18	26	121	#
302	308.149	8	9	17	18	25	26	33	121	#
303	305.649	0	8	9	10	17	18	19	121	#
304	62.8758	27	#
305	436.612	1	9	10	17	18	53	122	#
306	478.272	18	26	27	28	34	35	122	#
307	384.668	1	7	9	35	54	62	122	#
308	346.122	1	9	17	25	26	33	122	#
309	337.466	44	45	46	51	52	53	122	#
310	334.512	1	9	10	17	25	58	122	#
311	316.02	35	41	42	123	#
312	264.909	41	48	49	123	#
313	240.864	35	36	43	123	#
314	240.862	42	43	61	123	#
315	1765.66	4	5	8	11	12	13	14	15	16	19	20	21	22	23	27	28	29	30	35	36	37	43	50	61	62	124	#
316	2037	5	12	13	14	15	20	21	22	23	27	28	29	30	31	34	35	36	37	38	39	42	43	47	51	55	124	#
317	1900.08	4	5	6	7	12	13	14	15	20	21	22	23	30	33	34	35	36	37	38	39	42	43	50	58	59	124	#
318	1876.72	15	21	22	27	28	29	30	31	33	34	35	36	37	38	39	41	42	43	44	47	50	51	55	58	63	124	#
319	1824.75	15	22	23	25	30	31	32	33	35	36	38	39	42	43	47	48	50	51	54	55	58	59	61	62	63	124	#
320	1823.8	4	5	6	10	11	12	13	14	15	17	18	19	20	21	22	23	25	27	28	29	35	36	37	38	39	124	#
321	168.642	0	8	16	24	#
322	67.9809	40	#
323	948.195	37	38	44	45	46	47	53	54	55	61	62	63	125	#
324	1063.24	28	36	37	38	45	46	53	54	55	61	62	63	125	#
325	1042.78	29	30	31	36	37	38	39	44	45	46	53	54	125	#
326	1035.91	22	29	30	38	45	46	53	54	55	61	62	63	125	#
327	1011.16	28	29	35	36	37	38	39	43	44	45	46	47	125	#
328	1008.52	14	22	28	29	30	35	36	37	38	44	45	46	125	#
329	807.18	2	3	4	5	6	7	12	13	18	19	20	25	26	27	29	30	126	#
330	1199.35	5	6	7	14	15	21	22	30	38	46	47	53	54	55	61	62	126	#
331	1194.01	22	29	30	31	37	38	44	45	46	50	51	52	53	54	55	62	126	#
332	1181.95	5	6	7	12	13	14	22	23	30	40	41	42	44	49	51	52	126	#
333	1174.92	12	13	16	19	24	27	38	39	44	45	46	47	52	53	54	55	126	#
334	1045.33	3	4	5	7	10	11	12	13	14	15	18	19	20	22	23	30	126	#
335	478.391	35	37	43	44	45	48	50	51	52	59	127	#
336	704.068	28	29	30	36	37	38	39	45	46	47	127	#
337	697.659	34	35	42	43	50	51	52	58	59	60	127	#
338	664.88	34	42	43	44	50	51	52	58	59	63	127	#
339	662.097	26	34	35	42	43	44	50	51	52	59	127	#
340	622.19	4	12	42	43	44	50	51	52	58	59	127	#
341	894.353	29	30	31	38	39	46	47	54	55	61	62	63	128	#
342	940.463	12	13	28	29	30	31	38	39	46	47	54	55	128	#
343	890.209	22	30	31	38	39	46	47	54	55	61	62	63	128	#
344	878.451	31	38	39	46	47	52	53	54	55	61	62	63	128	#
345	875.182	30	31	38	39	46	47	53	54	55	61	62	63	128	#
346	859.59	5	6	13	14	15	22	30	31	38	46	54	55	128	#
347	206.652	42	43	50	51	59	129	#
348	230.755	37	43	44	45	53	129	#
349	227.181	50	51	52	58	59	129	#
350	214.365	50	51	58	59	60	129	#
351	187.405	50	51	57	58	59	129	#
352	527.326	27	28	34	35	36	42	43	44	45	46	57	130	#
353	763.397	17	18	19	20	21	27	28	29	35	37	42	130	#
354	724.758	27	28	29	33	34	35	36	37	42	43	51	130	#
355	692.891	24	29	31	37	38	39	45	46	47	53	55	130	#
356	657.525	1	9	17	18	27	28	35	36	42	44	45	130	#
357	570.885	16	24	32	40	48	49	50	56	57	58	59	130	#
358	591.683	6	7	14	15	22	23	30	131	#
359	621.764	7	31	37	38	39	47	52	131	#
360	605.18	21	22	29	30	31	38	39	131	#
361	556.166	5	13	14	15	22	23	58	131	#
362	553.463	7	14	15	21	22	23	32	131	#
363	544.836	6	14	21	22	23	30	38	131	#
364	930.721	0	1	2	3	8	9	10	16	17	18	24	25	32	33	42	132	#
365	1132.9	0	1	2	3	8	9	10	16	17	18	24	31	39	46	47	132	#
366	982.912	10	16	17	18	24	25	32	33	35	42	43	44	50	51	59	132	#
367	964.75	1	2	3	10	11	16	17	18	19	21	22	24	25	26	29	132	#
368	950.57	0	1	2	6	7	8	9	10	14	16	17	18	25	33	42	132	#
369	943.956	1	2	3	4	9	10	12	16	17	18	19	20	21	24	25	132	#
370	353.008	26	46	51	54	58	59	60	133	#
371	457.572	39	46	47	54	61	62	63	133	#
372	446.177	25	26	33	34	35	36	37	133	#
373	438.622	43	50	51	52	57	58	59	133	#
374	407.426	43	44	50	51	57	58	59	133	#
375	388.223	50	51	56	57	58	59	60	133	#
376	220.524	3	4	12	134	#
377	300.525	11	12	13	134	#
378	202.559	4	5	12	134	#
379	81.6957	2	3	10	134	#
380	754.904	7	13	14	15	21	22	23	135	#
381	767.638	15	21	22	23	29	37	61	135	#
382	702.988	5	6	7	15	21	22	23	135	#
383	669.692	0	8	14	15	21	22	23	135	#
384	666.843	14	15	21	22	23	29	30	135	#
385	664.268	6	7	13	14	15	22	23	135	#
386	342.419	5	6	13	14	22	136	#
387	412.236	5	6	12	13	14	136	#
388	361.503	14	21	22	23	30	136	#
389	344.542	2	5	10	13	14	136	#
390	321.259	5	6	7	13	14	136	#
391	194.766	23	48	49	137	#
392	259.615	49	57	58	137	#
393	229.597	48	49	56	137	#
394	218.813	22	23	53	137	#
395	468.709	1	2	9	10	11	12	19	138	#
396	565.867	1	2	3	10	21	22	23	138	#
397	557.681	1	2	3	4	10	12	18	138	#
398	515.228	4	5	12	18	19	20	21	138	#
399	428.568	11	17	18	19	27	35	42	138	#
400	411.199	9	10	11	17	18	26	27	138	#
401	579.784	37	45	46	52	53	54	55	60	139	#
402	694.626	39	44	47	52	53	54	55	63	139	#
403	668.805	37	38	39	45	46	52	53	54	139	#
404	564.479	0	37	38	44	45	52	53	54	139	#
405	556.438	31	38	39	47	54	55	62	63	139	#
406	538.602	35	43	44	45	52	53	54	60	139	#
407	435.806	9	10	11	18	19	140	#
408	437.113	18	19	20	28	29	140	#
409	412.501	11	18	19	20	28	140	#
410	365.553	9	10	11	19	40	140	#
411	320.914	2	8	9	10	11	140	#
412	301.288	2	8	9	10	16	140	#
413	269.766	24	25	32	33	40	41	141	#
414	390.327	24	25	26	32	33	34	141	#
415	385.789	24	25	26	32	33	42	141	#
416	372.906	24	25	32	40	41	42	141	#
417	473.465	50	51	52	56	57	58	59	142	#
418	517.27	36	43	44	50	51	52	53	142	#
419	486.571	43	44	46	47	50	51	52	142	#
420	467.516	16	24	50	51	52	58	59	142	#
421	463.347	42	43	44	45	50	51	52	142	#
422	448.78	42	43	44	50	51	52	59	142	#
423	206.894	47	54	55	143	#
424	223.341	45	46	47	143	#
425	191.093	47	55	63	143	#
426	131.158	51	58	59	144	#
427	138.1	57	58	59	144	#
428	103.551	51	52	59	144	#
429	62.1122	43	50	51	144	#
430	148.459	0	8	9	145	#
431	195.876	1	8	9	145	#
432	669.356	4	5	12	16	17	18	20	28	36	146	#
433	769.717	4	5	6	7	12	36	41	44	52	146	#
434	735.517	12	13	19	20	28	29	35	36	37	146	#
435	616.799	21	24	26	27	29	34	35	36	37	146	#
436	613.791	12	19	20	21	28	29	36	37	44	146	#
437	590.953	4	5	6	7	12	13	15	19	20	146	#
438	874.917	19	20	26	27	28	33	34	35	36	41	42	43	50	51	52	58	147	#
439	1069.14	9	12	16	17	18	19	20	21	24	25	27	28	33	52	53	54	147	#
440	1030.18	3	4	15	19	20	21	22	27	28	29	30	35	36	38	39	46	147	#
441	989.023	20	21	27	28	29	30	34	35	36	40	41	42	43	44	45	50	147	#
442	979.453	35	36	38	39	40	41	42	43	44	45	46	50	51	52	53	54	147	#
443	968.872	12	19	20	26	27	28	34	35	36	37	42	44	45	50	52	53	147	#
444	1012.09	15	21	22	23	28	29	30	31	36	37	45	46	53	148	#
445	1144.2	3	4	7	15	22	23	29	30	31	37	39	46	47	148	#
446	1110.19	7	15	21	22	23	28	29	30	31	37	39	46	54	148	#
447	1075.35	3	11	21	22	27	28	29	30	31	37	39	46	47	148	#
448	998.302	15	22	24	30	31	32	37	38	39	46	47	54	55	148	#
449	971.89	22	26	28	29	30	34	35	36	37	42	43	44	45	148	#
450	496.192	21	29	30	37	38	45	149	#
451	517.06	21	22	29	30	37	38	149	#
452	489.968	22	30	37	38	39	45	149	#
453	422.015	22	27	28	29	30	38	149	#
454	399.836	6	14	21	28	29	30	149	#
455	372.902	30	37	38	43	44	45	149	#
456	197.748	47	55	63	150	#
457	294.221	39	46	47	150	#
458	504.204	25	26	27	28	33	35	42	43	151	#
459	625.614	27	28	35	36	41	42	43	50	151	#
460	549.911	12	19	27	28	34	35	36	37	151	#
461	518.676	18	25	26	32	33	40	41	48	151	#
462	518.357	17	18	24	25	26	27	33	42	151	#
463	514.545	25	26	32	33	34	40	41	42	151	#
464	1539.88	14	15	24	25	26	32	34	35	36	37	38	39	44	45	46	47	50	51	52	53	55	58	59	60	152	#
465	1867.31	1	4	5	6	8	9	10	11	12	17	18	21	29	30	31	36	37	38	39	45	46	47	53	55	152	#
466	1739.84	0	1	8	9	10	16	17	24	28	29	30	31	36	37	38	39	45	46	47	52	53	55	62	63	152	#
467	1722.53	14	15	22	23	24	25	30	32	33	34	35	36	37	38	40	41	42	43	48	49	50	51	58	61	152	#
468	1715.88	8	9	10	16	17	25	26	27	28	29	30	33	34	35	36	37	38	40	41	42	45	47	53	55	152	#
469	1710.6	29	30	31	34	35	36	38	39	41	42	45	46	47	50	51	52	53	54	55	57	58	59	60	63	152	#
470	1229.35	10	18	19	20	25	26	28	34	35	36	40	41	42	43	48	49	56	57	58	153	#
471	1302.36	9	10	11	18	19	25	26	28	34	35	36	40	41	42	43	48	49	50	57	153	#
472	1278.92	1	2	3	4	5	8	9	10	11	12	13	17	18	19	25	26	34	42	43	153	#
473	1243.03	14	15	18	21	22	23	24	25	26	30	31	32	40	41	42	48	49	56	57	153	#
474	1241.62	10	11	18	19	25	26	28	33	34	35	36	40	41	42	43	48	51	62	63	153	#
475	1221.21	1	2	3	4	8	9	10	11	12	17	18	19	27	28	34	35	36	42	43	153	#
476	782.469	3	8	9	10	11	12	13	18	19	20	26	34	154	#
477	986.357	12	13	20	21	22	28	29	30	34	35	36	37	154	#
478	892.228	10	18	19	20	27	28	29	36	37	45	48	49	154	#
479	880.093	2	5	6	10	11	12	13	18	19	20	28	36	154	#
480	864.921	2	3	10	11	12	18	19	20	21	28	36	37	154	#
481	827.522	0	1	8	9	10	16	17	18	19	20	24	39	154	#
482	112.819	17	25	32	40	48	56	155	#
483	106.113	9	16	17	24	25	32	155	#
484	2099.75	1	2	3	10	11	18	19	20	21	24	25	26	27	28	33	35	37	38	42	43	45	46	47	50	51	52	53	54	55	60	61	62	63	156	#
485	2320.76	4	5	6	9	12	13	14	15	20	21	22	23	28	29	35	36	37	38	39	42	43	45	46	47	50	51	52	53	54	55	60	61	62	156	#
486	2284.81	1	2	5	6	14	15	18	21	22	24	25	26	27	28	29	30	31	36	37	38	39	44	45	46	47	52	53	54	55	60	61	62	63	156	#
487	2229.05	5	6	13	14	15	20	21	22	23	30	31	35	36	37	38	39	42	43	44	45	46	47	50	51	52	53	54	55	58	60	61	62	63	156	#
488	2220.94	4	5	6	7	12	13	14	15	19	20	21	22	27	31	35	36	37	38	39	42	44	45	46	47	51	52	53	54	55	60	61	62	63	156	#
489	2212.19	20	21	22	23	27	28	31	34	35	36	37	38	39	41	42	43	44	45	46	47	49	50	51	52	53	54	55	57	58	60	61	62	63	156	#
490	1830.49	14	15	17	18	19	20	25	27	28	29	30	31	35	36	37	38	39	43	44	45	46	47	50	51	52	53	54	56	57	58	59	60	62	157	#
491	2372.77	6	13	14	15	17	18	21	22	23	25	27	28	29	30	31	32	36	38	39	40	41	44	45	46	47	49	51	52	53	54	57	60	62	157	#
492	2213.65	9	10	11	18	19	20	21	22	23	27	28	30	31	32	33	35	38	39	41	42	43	44	45	46	47	50	51	52	53	54	60	62	63	157	#
493	2175.93	10	11	15	18	19	20	21	22	23	27	28	29	30	31	35	36	37	38	39	43	44	45	46	47	50	51	52	53	54	59	60	61	62	157	#
494	2174.44	5	6	13	14	15	18	19	20	22	23	27	28	30	31	35	36	38	39	43	44	45	46	47	50	51	52	53	54	55	60	61	62	63	157	#
495	2152.46	0	1	2	8	9	10	11	15	16	17	18	19	20	21	22	23	25	26	27	28	30	31	32	33	34	36	37	38	39	46	47	54	62	157	#
496	920.2	7	8	9	10	14	15	22	30	37	38	39	158	#
497	970.506	6	14	21	22	30	31	38	39	46	47	55	158	#
498	944.685	6	14	22	30	31	37	38	39	46	47	54	158	#
499	917.492	4	5	6	7	12	14	15	22	30	31	38	158	#
500	875.94	2	15	30	31	37	38	39	47	54	55	62	158	#
501	797.795	1	2	3	8	9	10	11	17	18	31	39	158	#
502	848.726	0	1	2	3	4	5	8	9	10	11	16	17	25	26	32	34	159	#
503	1142.81	1	2	3	4	6	9	11	16	17	18	40	41	42	48	49	56	159	#
504	1133.22	9	16	17	18	24	25	26	32	34	35	40	41	42	48	49	56	159	#
505	1031.6	16	17	18	20	25	26	28	29	32	34	35	36	37	42	43	45	159	#
506	948.874	1	2	3	4	5	8	9	10	11	12	13	16	18	28	29	36	159	#
507	925.495	1	2	3	4	5	8	11	12	13	16	20	26	27	28	29	34	159	#
508	461.221	9	16	17	24	25	32	33	40	48	160	#
509	653.498	32	35	36	40	41	42	48	50	56	160	#
510	591.746	16	17	24	25	32	33	42	50	58	160	#
511	588.36	6	7	24	25	32	33	40	42	50	160	#
512	575.227	16	24	25	26	32	33	34	40	42	160	#
513	556.264	8	16	24	25	32	33	34	40	42	160	#
514	392.167	16	17	24	32	40	48	49	161	#
515	531.953	32	40	41	48	49	57	58	161	#
516	523.469	8	16	24	32	39	40	47	161	#
517	415.262	0	8	9	16	17	24	32	161	#
518	411.333	24	25	32	40	41	48	49	161	#
519	411.102	9	10	11	17	18	19	48	161	#
520	457.423	3	4	6	11	12	18	19	20	27	28	162	#
521	641.481	11	12	18	19	20	21	26	28	29	34	162	#
522	578.937	3	4	5	6	7	10	11	12	13	20	162	#
523	550.354	3	4	10	11	12	18	19	20	26	48	162	#
524	496.845	10	11	12	17	18	19	20	27	28	60	162	#
525	496.176	20	26	27	28	34	35	36	42	43	44	162	#
526	1140.1	10	11	18	19	25	26	27	28	33	34	35	36	37	42	43	44	45	50	56	57	58	163	#
527	1402.17	15	21	22	23	27	28	29	30	31	35	36	37	38	39	43	44	45	47	51	53	54	163	#
528	1398.6	10	11	19	21	24	25	26	27	28	29	32	33	34	36	37	40	45	48	49	56	57	163	#
529	1373.6	0	6	7	10	11	15	19	20	21	26	27	28	29	30	34	36	37	38	44	45	53	163	#
530	1371.49	8	16	17	19	24	25	27	28	29	30	32	33	36	37	38	40	48	49	56	57	58	163	#
531	1271.91	6	7	10	11	14	15	17	18	19	20	21	22	27	28	29	36	44	45	46	56	57	163	#
532	1023.72	0	1	2	3	4	5	8	9	10	16	17	18	19	20	24	25	26	27	28	29	32	40	48	164	#
533	1459.78	16	19	20	21	24	25	26	27	29	30	31	32	33	34	37	38	39	41	42	46	47	54	55	164	#
534	1423.82	19	20	21	24	25	26	27	28	29	30	31	36	37	38	39	44	45	46	53	54	55	61	62	164	#
535	1369.9	14	15	16	19	20	21	22	24	25	26	27	28	29	30	31	32	34	36	37	38	39	46	47	164	#
536	1359.36	1	2	3	4	5	6	7	8	9	10	12	14	15	16	18	19	20	22	23	28	30	37	38	164	#
537	1305.54	1	2	3	4	5	8	9	10	16	17	18	24	25	26	31	32	33	34	38	39	41	42	46	164	#
538	553.243	12	14	19	20	21	22	23	29	30	165	#
539	670.569	22	29	30	31	38	43	45	53	54	165	#
540	639.932	7	14	15	21	22	23	28	29	30	165	#
541	628.463	6	14	22	23	28	29	30	31	37	165	#
542	582.178	22	24	29	30	31	37	57	58	59	165	#
543	569.155	21	28	29	30	31	37	38	45	48	165	#
544	1794.62	17	18	19	20	21	24	25	26	27	28	29	32	33	34	35	36	37	40	41	42	43	44	45	48	50	51	52	53	57	58	59	60	166	#
545	2539.23	4	5	6	11	13	14	15	18	19	20	21	22	23	25	26	27	28	29	30	31	34	35	36	37	38	39	42	44	45	46	47	53	166	#
546	2377.75	2	3	4	5	6	11	13	14	15	19	20	21	22	23	27	28	29	30	31	35	36	37	38	39	43	44	45	46	47	53	54	55	166	#
547	2351.66	3	4	5	11	13	15	16	17	18	19	20	21	22	24	25	26	27	28	29	30	31	32	33	35	36	37	39	42	44	45	46	53	166	#
548	2349.52	2	3	4	11	14	15	16	18	19	21	22	23	24	25	26	27	28	29	30	31	32	33	35	36	37	38	39	44	45	46	47	62	166	#
549	2338.77	6	14	15	17	18	19	20	21	22	23	26	27	28	29	30	31	35	36	37	38	39	41	42	43	44	45	46	47	53	54	61	62	166	#
550	859.27	16	35	36	38	39	44	45	46	47	52	53	167	#
551	920.316	39	41	43	44	45	46	47	48	49	53	56	167	#
552	881.443	31	35	36	37	38	39	44	45	46	47	53	167	#
553	812.023	36	37	38	39	43	44	45	46	47	53	54	167	#
554	806.844	17	25	26	36	37	38	39	44	45	46	47	167	#
555	800.43	38	39	43	44	45	46	47	50	51	53	59	167	#
556	1641.78	8	9	17	25	26	32	33	34	36	37	39	42	43	44	45	46	47	50	51	52	53	54	55	59	62	63	168	#
557	2188.86	5	7	11	12	14	15	19	20	21	22	23	27	29	31	37	38	39	46	47	51	52	53	54	55	61	62	168	#
558	2034.59	6	14	15	21	22	27	28	29	30	31	36	37	38	39	45	46	47	51	52	53	54	55	59	61	62	63	168	#
559	2026.91	6	7	14	15	21	22	23	28	29	30	31	34	37	38	39	44	45	46	47	52	53	54	55	61	62	63	168	#
560	1999.75	14	15	21	22	28	30	31	36	37	38	39	43	44	45	46	47	50	51	52	53	54	55	59	61	62	63	168	#
561	1997.63	5	6	7	34	38	39	41	42	43	44	46	47	48	50	51	52	53	54	55	56	57	58	59	61	62	63	168	#
562	1033.87	0	1	2	3	4	8	9	10	12	15	16	22	24	30	32	169	#
563	1122.33	15	21	22	23	29	30	31	36	37	38	39	44	45	46	47	169	#
564	1061.42	2	15	22	23	30	31	37	38	39	44	45	46	47	54	55	169	#
565	990.02	1	2	3	4	8	9	10	11	12	16	18	24	27	28	35	169	#
566	987.831	1	2	3	4	8	9	16	24	38	39	46	47	54	55	62	169	#
567	972.34	2	3	4	9	10	11	12	19	27	28	33	34	35	36	42	169	#
568	1111.33	5	30	31	36	38	39	44	45	46	47	51	52	53	60	170	#
569	1217.53	15	22	23	30	31	38	39	45	46	47	55	61	62	63	170	#
570	1184.9	6	7	14	15	23	30	31	38	39	46	47	55	62	63	170	#
571	1180.56	28	30	31	36	37	38	39	44	45	46	47	52	53	55	170	#
572	1142.68	30	31	37	38	39	40	45	46	47	48	49	56	58	59	170	#
573	1137.96	26	27	28	30	31	36	37	38	39	45	46	47	55	63	170	#
574	360.237	2	3	4	5	6	11	12	171	#
575	496.633	5	6	7	14	15	22	23	171	#
576	467.569	2	3	4	5	6	7	15	171	#
577	437.836	3	4	11	12	27	28	36	171	#
578	375.128	3	4	5	6	12	13	14	171	#
579	357.022	3	11	12	20	21	27	28	171	#
580	435.571	31	39	46	54	55	172	#
581	482.399	28	29	30	31	39	172	#
582	401.501	39	46	47	54	55	172	#
583	380.069	38	39	46	54	55	172	#
584	337.109	38	39	46	51	55	172	#
585	326.01	54	55	61	62	63	172	#
586	97.9689	0	#
587	1062.89	26	27	33	34	35	36	40	41	42	43	44	48	49	50	51	56	59	173	#
588	1344.67	12	13	18	19	20	21	26	27	28	29	30	31	34	35	36	37	42	173	#
589	1162.92	19	27	34	35	36	37	40	41	42	43	45	49	50	51	53	59	60	173	#
590	1147.59	19	21	26	27	28	29	34	35	36	42	43	44	45	50	51	53	59	173	#
591	1126.35	24	26	32	33	34	35	36	40	41	42	43	48	49	50	51	57	59	173	#
592	1096.25	18	19	26	27	28	34	35	36	42	43	44	45	50	51	52	53	59	173	#
593	709.738	44	46	47	52	53	54	55	61	62	63	174	#
594	743.058	31	39	46	47	52	53	54	55	62	63	174	#
595	735.979	46	47	52	53	54	55	60	61	62	63	174	#
596	732.419	34	35	36	42	43	44	50	51	52	53	174	#
597	687.955	37	38	46	47	53	54	55	61	62	63	174	#
598	663.602	17	24	25	46	47	52	53	54	55	63	174	#
599	1019.83	25	26	32	34	35	36	40	41	42	43	48	49	50	51	56	57	58	59	175	#
600	1086.68	29	30	33	34	35	38	42	43	46	50	51	54	55	58	59	60	62	63	175	#
601	1054.33	6	13	14	22	23	27	28	33	34	35	36	41	42	43	44	50	58	59	175	#
602	1035.21	8	9	16	17	18	24	25	26	32	33	34	40	41	48	49	53	54	56	175	#
603	1021.42	24	25	32	33	34	41	42	43	44	48	49	50	51	56	57	58	59	60	175	#
604	1009.55	24	25	28	29	32	33	34	35	36	41	42	43	44	50	51	58	59	60	175	#
605	474.109	4	5	6	7	12	13	14	176	#
606	613.762	5	12	13	14	15	22	23	176	#
607	587.697	12	13	14	15	20	21	22	176	#
608	563.446	4	5	12	13	14	22	33	176	#
609	530.152	4	5	12	13	14	55	63	176	#
610	499.115	4	5	12	13	14	20	28	176	#
611	822.296	29	30	37	38	45	47	53	54	55	61	62	63	177	#
612	1000.5	20	21	22	28	29	30	31	35	36	38	42	50	177	#
613	979.699	5	13	14	22	23	28	29	30	31	35	36	38	177	#
614	878.165	11	12	19	20	22	28	29	30	31	37	38	45	177	#
615	866.04	30	31	38	39	45	47	53	54	55	61	62	63	177	#
616	852.005	14	22	23	30	38	46	47	54	55	61	62	63	177	#
617	340.269	15	17	22	23	178	#
618	409.522	15	22	23	30	178	#
619	391.107	21	22	23	30	178	#
620	252.429	15	22	25	26	178	#
621	223.572	9	16	17	24	178	#
622	121.533	17	18	179	#
623	138.282	18	19	179	#
624	237.16	9	17	48	56	180	#
625	305.385	16	17	46	47	180	#
626	292.091	40	41	48	49	180	#
627	237.597	9	16	17	25	180	#
628	208.526	56	57	58	59	180	#
629	190.203	40	41	53	181	#
630	227.785	0	40	41	181	#
631	68.3761	44	45	53	181	#
632	352.432	20	21	29	30	182	#
633	347.718	21	22	29	30	182	#
634	342.763	21	29	55	63	182	#
635	264.885	12	19	20	21	182	#
636	250.452	19	20	21	22	182	#
637	793.373	31	37	38	39	44	45	46	47	51	52	54	59	60	183	#
638	1177.93	22	29	30	37	38	39	46	47	53	54	61	62	63	183	#
639	1112.55	17	18	19	25	27	33	34	35	36	37	41	42	44	183	#
640	1074.61	5	6	13	14	22	30	31	38	39	46	47	54	62	183	#
641	1065.71	35	36	37	38	41	42	50	51	52	57	58	59	60	183	#
642	1040.71	30	31	35	38	39	45	46	47	53	54	55	61	62	183	#
643	430.186	25	26	27	32	33	34	41	42	43	50	51	59	184	#
644	632.865	32	34	40	41	42	43	48	49	50	51	56	59	184	#
645	631.937	26	27	28	33	34	35	41	42	43	48	49	51	184	#
646	563.038	17	19	25	26	27	32	34	40	41	42	43	48	184	#
647	560.159	40	41	42	43	48	49	50	51	56	57	58	59	184	#
648	455.672	33	34	35	41	42	43	50	51	52	58	59	60	184	#
649	115.734	31	#
650	772.278	5	6	14	15	22	29	35	36	37	185	#
651	773.792	14	15	21	22	29	36	37	38	39	185	#
652	751.7	4	5	6	12	14	20	21	22	29	185	#
653	735.015	14	21	22	28	29	35	36	37	38	185	#
654	733.735	5	6	13	14	15	21	22	23	29	185	#
655	714.418	6	12	14	15	20	21	22	23	29	185	#
656	93.4402	48	49	#
657	1380.37	1	2	3	4	5	6	7	10	11	12	13	14	15	17	18	19	21	22	23	27	29	35	43	186	#
658	1619.06	1	2	3	4	5	6	7	10	11	12	16	21	22	29	30	31	37	38	39	45	46	47	55	186	#
659	1591.97	6	7	14	15	21	22	23	27	28	29	30	31	36	37	38	39	45	46	47	53	54	55	62	186	#
660	1587.12	5	13	14	15	21	22	23	28	29	30	31	36	37	38	39	45	46	47	53	54	55	62	63	186	#
661	1585.12	1	2	3	4	5	6	7	12	14	15	19	22	23	29	30	31	36	37	38	45	46	47	54	186	#
662	1572.84	1	2	3	4	5	6	7	10	11	12	13	14	15	18	19	21	22	23	27	30	38	46	47	186	#
663	1931.83	16	24	30	31	32	33	35	36	37	38	39	41	42	43	44	45	46	47	49	50	51	52	53	54	55	56	57	58	59	60	187	#
664	2155.4	14	18	21	22	23	26	28	29	30	31	34	35	36	37	38	39	41	42	43	44	45	46	47	49	51	52	53	54	55	60	187	#
665	2031.49	14	21	22	23	24	25	29	30	31	32	33	34	35	36	37	38	39	41	42	43	44	45	46	47	49	52	53	54	55	62	187	#
666	1996.65	5	6	7	13	14	15	21	22	23	28	30	31	33	36	37	38	39	41	42	43	44	45	46	50	51	52	53	54	55	59	187	#
667	1972.64	18	20	22	26	27	28	30	31	33	34	35	36	37	38	39	41	42	43	44	45	46	49	50	51	52	53	54	55	58	59	187	#
668	1954.08	26	27	28	30	31	32	33	35	36	37	38	39	41	42	43	44	45	46	48	49	50	51	52	53	54	55	56	57	58	63	187	#
669	293.752	11	12	19	20	27	188	#
670	428.238	11	12	18	19	20	188	#
671	385.238	12	20	27	28	36	188	#
672	374.893	3	11	12	13	20	188	#
673	237.028	19	20	21	26	27	188	#
674	634.972	22	30	38	45	46	47	52	53	54	55	60	189	#
675	829.185	14	15	20	21	22	23	30	31	38	46	47	189	#
676	825.336	15	21	22	23	42	43	49	50	56	57	58	189	#
677	793.97	6	14	15	20	21	22	23	30	38	46	47	189	#
678	662.917	28	35	36	41	42	43	44	50	51	52	60	189	#
679	625.552	25	33	34	35	42	43	44	45	52	53	54	189	#
680	766.641	5	6	11	12	13	14	27	35	42	43	50	51	59	190	#
681	1045.15	4	5	6	7	12	13	14	15	20	31	39	46	47	190	#
682	963.325	2	3	4	5	6	7	10	11	12	13	14	15	18	190	#
683	929.428	1	2	3	9	10	11	12	18	19	20	21	26	27	190	#
684	905.576	3	4	10	11	12	18	19	21	27	52	58	59	60	190	#
685	899.838	5	6	11	12	13	14	15	19	20	21	23	31	39	190	#
686	358.531	8	16	17	24	32	40	41	191	#
687	487.233	16	24	32	33	35	41	42	191	#
688	426.076	16	17	18	24	35	36	44	191	#
689	363.95	16	24	25	32	40	41	48	191	#
690	353.204	32	33	40	41	42	43	50	191	#
691	327.733	0	8	16	17	18	19	20	191	#
692	1209.07	15	21	22	30	31	37	38	39	44	45	46	47	52	53	54	55	58	59	60	192	#
693	1459.11	4	7	12	15	20	21	22	28	30	37	38	45	47	50	52	53	54	55	58	192	#
694	1355.75	11	22	25	30	32	37	38	39	40	41	42	45	46	47	48	49	50	54	55	192	#
695	1354.19	3	6	7	11	12	13	14	15	20	21	22	23	30	31	34	35	41	42	43	192	#
696	1263.49	4	6	7	11	12	13	14	15	18	19	20	21	22	27	30	31	37	38	46	192	#
697	1232.07	1	2	3	10	11	12	34	35	42	43	44	45	49	50	51	52	58	59	60	192	#
698	455.341	6	7	14	15	21	22	23	193	#
699	631.405	20	21	22	23	28	29	36	193	#
700	579.592	12	20	21	28	29	35	36	193	#
701	550.637	12	13	14	20	21	22	29	193	#
702	535.872	15	21	22	23	29	30	37	193	#
703	535.286	6	7	15	40	41	42	48	193	#
704	559.837	1	8	9	10	16	17	18	24	25	194	#
705	540.799	0	1	8	9	10	11	16	18	26	194	#
706	540.103	0	4	8	12	13	16	24	25	32	194	#
707	523.285	0	8	9	16	17	18	24	25	32	194	#
708	496.209	0	1	8	9	16	17	24	25	32	194	#
709	490.157	1	3	9	10	11	17	24	25	32	194	#
710	966.745	7	14	15	22	26	27	34	35	42	43	44	45	52	53	195	#
711	1135.93	7	15	22	23	30	31	37	38	39	44	45	46	47	55	195	#
712	1101.24	4	5	6	7	12	13	14	15	20	21	22	23	28	29	195	#
713	1090.81	6	13	14	15	21	22	23	31	38	39	46	53	54	62	195	#
714	1088.74	3	4	5	6	7	12	13	14	15	22	23	29	30	31	195	#
715	1085.26	26	27	34	35	38	39	41	42	43	44	45	46	51	53	195	#
716	569.72	1	2	8	9	10	11	16	17	18	196	#
717	663.22	0	1	2	3	4	8	9	10	16	196	#
718	658.764	1	2	3	4	11	19	29	30	31	196	#
719	650.698	1	2	3	4	5	10	11	12	18	196	#
720	624.168	1	2	3	4	8	9	10	11	16	196	#
721	584.857	0	1	2	3	8	9	10	16	17	196	#
722	205.184	1	9	197	#
723	173.035	9	10	197	#
724	164.543	0	8	9	17	198	#
725	119.252	8	9	16	17	198	#
726	65.6756	8	16	24	25	198	#
727	479.835	6	7	14	15	22	37	55	199	#
728	599.769	39	46	47	53	54	55	63	199	#
729	561.795	6	14	15	22	30	31	39	199	#
730	482.264	6	7	15	22	26	27	30	199	#
731	475.137	5	6	14	15	20	21	22	199	#
732	472.452	5	6	7	13	14	15	22	199	#
733	155.895	21	29	200	#
734	114.629	29	30	200	#
735	196.684	4	5	6	201	#
736	264.835	4	5	12	201	#
737	449.914	0	1	8	9	17	24	25	32	202	#
738	493.842	9	17	24	25	32	33	35	42	202	#
739	440.263	8	9	11	17	18	19	25	33	202	#
740	439.129	0	8	9	16	17	18	19	24	202	#
741	436.667	8	9	16	17	18	19	24	25	202	#
742	427.392	0	1	2	3	8	9	17	25	202	#
743	1045.01	1	2	9	35	40	41	43	44	48	49	50	51	52	56	57	58	203	#
744	1139.19	6	7	10	18	19	24	25	26	32	40	41	48	49	56	57	58	203	#
745	1110.11	0	14	24	25	31	32	35	38	39	43	48	49	50	56	57	58	203	#
746	1104.78	16	24	28	29	32	35	36	40	43	48	49	50	51	56	57	58	203	#
747	1073.71	1	9	10	17	18	24	25	26	27	32	40	41	48	49	56	57	203	#
748	1068.34	17	18	19	24	25	26	32	40	41	43	48	49	50	56	57	58	203	#
749	1263.12	17	18	19	25	33	34	35	36	37	42	43	44	45	46	47	50	51	52	57	58	59	60	204	#
750	1525.73	1	2	10	12	18	19	21	26	27	28	29	34	35	36	42	43	44	50	52	56	57	58	204	#
751	1479.99	10	18	19	21	22	29	30	36	37	38	39	42	43	44	45	46	47	51	52	55	62	63	204	#
752	1415.32	18	19	26	28	29	33	34	35	36	37	42	43	44	45	50	51	52	53	56	57	58	60	204	#
753	1411.4	6	7	14	15	21	22	28	29	30	31	33	34	36	37	42	43	44	45	50	51	52	60	204	#
754	1378.49	19	22	26	27	28	29	30	31	32	33	34	35	36	37	38	39	42	46	47	50	58	59	204	#
755	409.139	0	8	16	24	25	26	32	33	205	#
756	584.061	20	21	22	24	32	33	34	42	205	#
757	498.322	16	18	24	25	26	27	28	34	205	#
758	493.577	0	8	16	21	24	25	26	27	205	#
759	488.534	0	1	8	9	10	16	18	24	205	#
760	448.652	16	18	24	25	26	27	33	35	205	#
761	654.871	0	8	9	10	16	17	24	25	26	32	33	40	206	#
762	919.238	20	25	26	27	28	33	34	35	36	41	42	43	206	#
763	914.414	27	28	35	40	41	42	43	44	49	50	52	57	206	#
764	910.652	9	17	24	25	26	27	28	33	34	35	41	42	206	#
765	835.48	16	24	25	26	27	33	34	40	41	42	43	50	206	#
766	823.152	16	17	25	27	33	34	35	36	42	50	51	52	206	#
767	373.487	0	8	19	20	21	29	30	207	#
768	505.26	0	8	32	34	40	41	42	207	#
769	466.245	11	12	19	20	21	29	37	207	#
770	404.617	0	2	3	8	9	10	11	207	#
771	352.045	11	12	13	19	20	26	27	207	#
772	1700.05	3	4	5	6	7	12	13	14	15	19	20	22	23	28	29	30	31	37	38	39	40	41	42	43	50	208	#
773	1767.15	4	7	12	13	14	15	20	21	22	23	25	26	28	29	30	31	36	37	38	39	45	47	52	53	55	208	#
774	1708.67	3	4	5	6	7	11	12	13	14	15	20	21	22	23	29	30	31	35	37	38	41	42	43	45	50	208	#
775	1701.14	1	2	3	10	11	12	20	21	22	23	27	28	29	30	31	36	37	38	39	45	46	47	52	53	55	208	#
776	1696.97	1	2	3	4	5	6	7	10	11	12	13	14	15	18	19	20	22	24	26	27	32	33	41	42	50	208	#
777	1680.17	4	5	6	7	12	13	14	15	20	22	23	29	30	31	38	39	45	46	47	53	54	55	61	62	63	208	#
778	477.928	14	15	21	22	24	25	32	209	#
779	599.518	7	15	21	22	30	38	46	209	#
780	565.006	5	6	7	14	15	21	22	209	#
781	536.272	7	13	14	15	21	22	29	209	#
782	465.828	14	20	21	22	27	28	29	209	#
783	445.545	17	18	24	25	32	38	39	209	#
784	946.826	10	11	12	18	19	20	21	26	27	28	29	34	35	36	42	43	44	210	#
785	1237.41	3	4	11	12	20	21	28	29	30	31	37	38	39	45	46	47	50	210	#
786	1227.91	16	21	24	28	29	32	35	36	37	38	44	47	52	54	55	62	63	210	#
787	1227.11	6	7	12	13	14	20	21	22	28	29	30	31	37	38	39	46	47	210	#
788	1142.29	2	9	10	18	21	24	25	26	27	28	29	32	33	35	42	50	52	210	#
789	1132.35	4	9	10	11	12	18	19	20	21	22	26	27	28	29	33	41	42	210	#
790	391.109	33	35	42	43	51	211	#
791	524.257	28	35	36	41	42	211	#
792	462.358	33	35	41	42	43	211	#
793	395.919	27	28	29	33	42	211	#
794	260.314	42	43	50	51	59	211	#
795	215.175	43	50	51	52	59	211	#
796	625.103	2	3	4	11	12	19	27	28	31	35	36	44	212	#
797	855.367	3	4	12	13	32	34	40	41	42	48	49	56	212	#
798	846.236	17	19	25	26	27	34	35	39	42	46	47	55	212	#
799	761.594	3	4	5	6	11	12	13	18	19	45	46	47	212	#
800	751.78	25	28	29	33	34	35	36	42	43	50	58	59	212	#
801	749.967	11	12	13	15	20	21	23	28	29	36	37	44	212	#
802	328.615	31	38	39	213	#
803	333.955	31	39	47	213	#
804	207.905	38	39	46	213	#
805	234.386	17	25	26	33	214	#
806	261.763	32	33	35	42	214	#
807	256.688	18	26	34	54	214	#
808	250.26	17	25	26	34	214	#
809	179.914	9	17	29	30	214	#
810	850.328	21	22	23	28	29	30	31	37	38	39	215	#
811	848.294	15	21	22	23	28	29	30	31	38	39	215	#
812	838.279	21	22	28	29	30	31	36	37	38	39	215	#
813	801.108	31	33	34	35	39	41	42	43	44	46	215	#
814	763.834	7	15	21	22	23	28	29	30	37	38	215	#
815	718.732	21	26	27	28	29	33	35	37	42	45	215	#
816	1443.64	21	22	29	30	31	37	38	39	40	41	42	44	45	46	47	52	54	55	60	62	216	#
817	1599.23	5	12	13	14	15	21	22	23	27	28	29	30	31	35	36	37	39	42	46	47	216	#
818	1483.2	22	30	31	34	35	38	39	42	43	44	46	47	52	53	54	55	60	61	62	63	216	#
819	1482.89	13	14	15	21	22	23	28	29	30	31	36	37	38	39	44	46	47	52	55	63	216	#
820	1426.61	7	14	15	21	22	23	27	28	29	30	31	35	36	37	38	39	46	47	54	55	216	#
821	1422.17	21	22	29	30	31	35	36	37	38	39	45	46	47	52	53	54	55	61	62	63	216	#
822	154.169	1	2	11	217	#
823	193.642	11	12	19	217	#
824	147.625	1	2	10	217	#
825	400.387	32	33	40	48	49	218	#
826	422.116	18	25	26	32	33	218	#
827	374.081	4	5	6	13	49	218	#
828	310.802	25	32	33	40	41	218	#
829	273.58	0	8	32	40	48	218	#
830	250.825	20	25	32	40	48	218	#
831	395.38	11	12	13	20	21	31	219	#
832	428.775	2	3	10	11	12	20	219	#
833	393.733	3	11	12	13	14	15	219	#
834	379.689	11	12	20	28	29	54	219	#
835	375.367	30	31	38	39	46	47	219	#
836	373.574	12	19	20	21	28	29	219	#
837	2633.13	7	9	14	15	16	17	18	19	21	22	23	24	25	26	27	28	29	30	31	32	33	34	35	36	37	38	42	44	45	46	47	50	51	52	53	58	59	60	61	62	63	220	#
838	2863.83	4	5	6	7	12	15	21	22	23	24	25	26	28	29	30	31	32	33	34	35	36	37	38	39	40	41	42	44	45	46	47	50	51	52	54	55	58	59	61	62	63	220	#
839	2799.45	5	6	7	11	12	13	14	15	17	18	19	21	22	23	26	27	28	29	30	31	35	36	37	38	41	42	43	44	45	47	49	50	51	52	53	55	57	58	59	61	62	220	#
840	2784.16	4	5	6	7	14	15	17	21	22	23	24	25	26	27	28	29	30	31	32	33	34	35	36	37	38	39	40	41	42	44	45	46	47	49	50	51	52	53	58	59	60	220	#
841	2780.75	0	5	6	7	8	9	15	16	17	18	19	21	22	23	24	25	26	27	28	29	30	31	32	33	34	35	36	37	38	40	41	42	43	44	48	49	50	52	56	57	58	220	#
842	2763.31	5	6	7	12	13	14	15	19	21	22	23	24	25	26	27	28	29	30	31	32	33	35	36	37	38	40	41	42	43	44	45	47	49	50	51	52	53	57	58	59	60	220	#
843	872.313	24	32	33	34	40	41	42	43	45	48	49	56	57	58	59	60	221	#
844	1114.51	24	27	28	29	32	33	34	35	40	41	42	43	49	50	51	58	221	#
845	1038.93	7	15	22	23	30	34	35	41	42	43	50	51	53	54	58	59	221	#
846	1035.98	26	28	32	34	35	36	40	41	42	43	44	49	56	57	58	59	221	#
847	1026.71	23	32	34	35	40	41	42	43	48	49	50	51	56	57	58	59	221	#
848	972.103	24	32	33	34	40	41	42	43	44	48	49	50	51	56	57	58	221	#
849	957.077	30	31	34	38	39	46	47	53	54	55	62	63	222	#
850	1037.93	22	30	38	46	47	51	52	53	54	55	62	63	222	#
851	1036.5	15	22	28	29	30	38	39	46	47	54	55	62	222	#
852	1027.48	22	23	28	29	30	31	35	36	38	39	46	54	222	#
853	1021.81	27	28	29	30	31	35	36	38	39	46	47	54	222	#
854	1014.12	27	33	35	42	43	47	50	51	52	53	54	55	222	#
855	288.448	0	1	2	8	9	17	223	#
856	425.331	1	9	10	17	18	26	223	#
857	401.723	0	1	2	8	9	10	223	#
858	297.09	1	2	8	9	10	17	223	#
859	576.712	9	17	18	25	26	32	33	34	42	50	51	224	#
860	762.071	12	20	25	28	32	33	34	35	36	42	44	224	#
861	746.39	8	9	10	11	12	13	16	18	20	25	26	224	#
862	743.803	5	10	18	25	26	32	33	34	41	42	49	224	#
863	663.326	21	29	37	44	45	46	51	52	53	59	60	224	#
864	644.002	21	25	26	27	29	32	33	34	35	40	42	224	#
865	984.26	31	38	39	46	52	53	54	55	60	61	62	225	#
866	920.723	31	39	44	45	46	52	53	54	55	61	62	225	#
867	907.793	30	31	36	38	39	44	45	46	52	53	60	225	#
868	883.463	24	25	32	40	45	46	48	52	53	54	62	225	#
869	860.71	37	45	46	51	52	53	54	55	60	61	62	225	#
870	834.34	38	39	44	45	46	52	53	54	55	61	62	225	#
871	1103.34	18	25	32	33	34	40	41	42	43	46	48	50	51	52	53	54	59	60	226	#
872	1266.4	12	13	14	21	22	29	30	31	39	45	46	47	53	54	55	61	62	63	226	#
873	1265.2	21	22	24	25	27	32	34	35	40	41	42	48	49	50	56	59	61	62	226	#
874	1188.42	3	9	10	11	18	21	22	25	26	27	28	29	32	33	34	35	40	48	226	#
875	1171.27	6	7	15	22	29	30	32	39	40	46	47	51	52	53	54	55	62	63	226	#
876	1150.07	34	35	41	42	43	44	46	47	49	50	51	52	53	54	55	58	59	60	226	#
877	1503.44	5	24	25	26	27	28	33	34	35	36	37	41	42	43	44	45	49	50	51	52	58	59	60	227	#
878	1897.3	7	14	15	21	22	23	25	29	30	31	33	34	35	36	37	38	39	41	42	43	46	47	50	227	#
879	1793.2	3	4	5	6	10	11	12	13	18	19	20	22	23	28	29	30	31	36	37	38	39	46	47	227	#
880	1745.46	28	29	34	35	36	37	38	39	41	42	43	44	45	46	47	50	51	52	53	57	58	59	60	227	#
881	1657.09	9	26	27	28	29	34	35	36	37	38	39	40	41	42	43	45	46	50	51	52	53	59	60	227	#
882	1655.57	20	21	28	29	34	35	36	37	38	41	42	43	44	45	49	50	51	52	53	57	58	59	60	227	#
883	106.962	3	11	#
884	276.539	45	46	52	53	54	60	228	#
885	358.585	46	52	53	54	55	60	228	#
886	339.827	30	46	47	54	55	63	228	#
887	328.655	7	15	45	46	54	55	228	#
888	313.684	45	46	53	54	55	62	228	#
889	258.597	35	43	50	51	52	60	228	#
890	691.916	14	15	22	28	29	30	36	37	45	229	#
891	766.962	10	15	18	19	20	21	22	28	29	229	#
892	722.26	15	20	21	22	28	29	36	37	45	229	#
893	687.203	6	14	15	21	22	28	29	30	31	229	#
894	631.928	21	28	29	36	37	44	45	52	53	229	#
895	607.371	14	20	21	22	28	29	36	50	59	229	#
896	1433.26	1	2	3	4	9	10	11	14	15	16	17	18	19	22	23	24	25	26	27	30	31	32	33	230	#
897	1782.27	2	3	4	5	6	7	10	11	12	14	15	18	21	22	23	29	30	31	37	38	39	46	47	230	#
898	1763.95	2	3	4	5	6	7	10	11	14	15	18	19	20	21	22	23	27	28	29	30	31	39	47	230	#
899	1722.7	0	8	16	17	18	24	29	30	31	35	36	37	38	39	41	42	43	46	47	54	59	60	61	230	#
900	1715.28	3	4	5	6	7	9	10	11	14	15	20	21	22	23	30	37	38	39	42	46	50	51	59	230	#
901	1714.01	3	4	11	13	18	19	20	26	28	29	33	34	35	36	37	41	42	43	44	48	49	50	58	230	#
902	113.509	56	57	231	#
903	93.1565	1	57	231	#
904	88.7716	58	#
905	1096.05	1	2	10	32	33	40	41	42	48	49	50	51	52	57	58	59	60	232	#
906	1396.27	20	21	22	23	28	29	30	32	35	36	37	38	41	42	44	49	57	232	#
907	1227.22	29	30	35	36	37	41	42	43	44	48	49	50	51	52	57	58	59	232	#
908	1226.21	20	21	22	28	29	30	36	37	38	43	44	49	50	51	52	57	58	232	#
909	1118.61	3	28	29	35	36	37	42	43	44	48	49	50	51	52	57	58	59	232	#
910	1097.51	17	25	26	28	32	33	35	36	40	41	42	48	49	50	57	58	59	232	#
911	136.381	42	#
912	315.905	20	21	28	41	42	233	#
913	389.504	14	20	21	22	28	233	#
914	310.799	34	41	42	43	44	233	#
915	307.905	20	28	36	37	44	233	#
916	261.943	18	19	20	52	56	233	#
917	245.568	27	35	42	43	44	233	#
918	752.286	26	27	34	35	36	42	43	44	45	46	51	234	#
919	837.802	29	35	36	37	39	43	44	45	46	47	55	234	#
920	812.233	26	27	28	34	35	36	41	42	43	44	52	234	#
921	808.225	34	35	36	41	42	43	44	50	51	52	60	234	#
922	797.348	10	11	17	18	26	27	34	35	36	42	61	234	#
923	788.221	1	2	9	28	34	35	36	42	43	51	52	234	#
924	318.661	33	42	43	50	51	235	#
925	407.268	18	35	42	50	51	235	#
926	349.451	35	36	37	43	57	235	#
927	331.953	9	17	24	25	33	235	#
928	294.125	8	9	43	50	51	235	#
929	276.547	1	35	43	50	51	235	#
930	104.907	20	28	#
931	682.217	20	28	29	36	37	38	45	46	53	236	#
932	718.848	29	31	36	37	38	39	45	46	54	236	#
933	659.638	13	29	36	37	44	45	52	53	60	236	#
934	658.883	0	8	31	39	45	46	47	54	55	236	#
935	656.625	29	36	37	38	45	46	53	54	56	236	#
936	651.087	16	31	34	39	45	46	52	53	54	236	#
937	1546.35	17	20	21	24	25	26	27	28	29	30	32	33	34	35	37	40	41	42	43	44	48	49	50	52	53	56	58	59	60	237	#
938	1867.54	11	12	13	14	15	21	22	23	26	27	28	29	30	33	34	35	36	37	38	39	42	43	44	45	46	47	50	52	53	237	#
939	1865.88	17	24	25	26	27	28	32	33	34	35	38	39	40	41	42	43	44	46	47	48	49	50	52	53	54	55	58	61	62	237	#
940	1829.74	15	19	20	21	22	27	28	29	30	31	34	35	36	37	38	39	40	41	42	43	44	46	47	49	52	53	55	57	60	237	#
941	1807.38	4	6	7	12	13	14	15	19	20	21	22	23	26	27	28	29	30	34	35	36	37	38	39	42	43	44	45	52	53	237	#
942	1788.06	10	11	14	15	19	20	22	26	27	28	29	30	34	35	37	38	39	42	43	44	46	47	52	53	54	55	61	62	63	237	#
943	960.808	26	33	34	42	43	44	45	50	51	52	53	58	60	238	#
944	1041.08	34	35	39	42	43	44	45	46	50	51	52	53	60	238	#
945	1033.33	26	34	35	41	42	43	44	45	50	51	52	53	60	238	#
946	1016.56	33	34	40	41	42	43	44	49	50	51	52	58	60	238	#
947	1004.34	41	42	43	44	49	50	51	52	53	57	58	59	60	238	#
948	982.731	36	38	42	43	44	45	50	51	52	53	54	55	60	238	#
949	1533.88	5	6	7	13	21	27	28	29	31	34	35	36	37	38	39	42	43	44	45	46	47	50	54	55	62	239	#
950	1764.72	5	6	7	11	12	13	14	15	19	22	23	26	27	28	31	33	34	35	36	37	39	42	46	47	49	239	#
951	1665.67	5	6	7	11	12	13	14	15	19	22	23	26	27	28	29	33	34	35	36	37	42	43	50	51	52	239	#
952	1591.62	2	3	5	6	10	11	12	13	15	19	20	21	23	26	27	28	29	34	35	36	37	42	43	50	58	239	#
953	1568.61	5	6	11	12	17	18	19	25	26	27	28	29	30	31	32	33	35	36	39	44	46	47	54	55	62	239	#
954	1552.44	3	5	10	11	12	13	14	15	19	20	21	25	26	27	28	29	33	34	35	36	37	43	52	56	57	239	#
955	605.099	22	30	31	39	46	47	55	63	240	#
956	643.575	5	12	13	14	21	22	30	31	240	#
957	639.592	31	39	46	47	53	54	55	62	240	#
958	591.905	31	39	47	53	54	55	62	63	240	#
959	584.712	20	28	30	36	37	38	46	47	240	#
960	550.475	39	46	47	54	55	61	62	63	240	#
961	1043.79	3	4	5	6	7	11	12	13	14	15	19	20	21	22	27	28	29	37	45	241	#
962	1273.01	3	10	11	12	13	19	20	21	22	28	29	36	37	38	45	52	53	54	60	241	#
963	1245.36	8	10	11	12	16	17	18	19	20	22	24	27	28	29	30	35	36	47	48	241	#
964	1231.14	3	10	11	17	18	19	20	22	27	28	29	30	35	36	37	38	39	45	47	241	#
965	1189.08	1	5	6	7	8	9	10	11	12	14	15	17	18	19	20	21	22	28	29	241	#
966	1187.96	0	4	5	6	7	8	10	11	12	13	14	15	16	17	18	19	20	21	22	241	#
967	176.624	55	62	63	242	#
968	180.935	46	54	55	242	#
969	110.859	54	62	63	242	#
970	109.683	19	62	63	242	#
971	1259.53	11	12	13	20	21	22	29	35	36	37	38	39	46	47	55	63	243	#
972	1326.03	18	26	27	29	34	35	36	37	38	39	42	45	46	53	54	55	243	#
973	1233.09	15	21	22	23	25	26	27	29	31	33	34	35	36	37	42	50	243	#
974	1229.85	12	13	14	15	20	21	22	29	37	38	45	46	47	53	54	55	243	#
975	1113.8	9	29	36	37	38	39	43	44	45	46	47	49	52	54	57	58	243	#
976	1104.38	6	7	11	12	13	15	17	18	19	20	21	22	23	25	26	29	243	#
977	236.189	5	6	13	14	244	#
978	299.117	4	5	6	13	244	#
979	245.637	4	5	6	7	244	#
980	182.709	5	6	7	14	244	#
981	467.504	35	48	49	50	51	57	58	59	245	#
982	593.549	28	29	40	41	42	48	49	50	245	#
983	458.405	32	33	40	48	49	56	57	58	245	#
984	449.959	40	48	49	50	51	56	57	58	245	#
985	443.076	32	40	41	48	49	56	57	58	245	#
986	431.085	25	32	33	42	50	58	59	60	245	#
987	1237.96	1	2	9	10	17	33	35	41	42	43	44	50	51	52	53	58	59	60	246	#
988	1213.68	20	21	26	27	28	34	35	36	41	42	43	44	50	52	53	58	59	60	246	#
989	1177.39	24	25	33	34	35	36	37	41	42	43	44	50	51	52	53	58	59	60	246	#
990	1153.6	25	33	35	36	41	42	43	44	48	49	50	51	52	53	57	58	59	60	246	#
991	1132.11	3	4	20	28	35	36	37	38	42	43	44	50	51	52	53	58	59	60	246	#
992	1117.6	27	29	34	35	36	37	41	42	43	44	46	50	51	52	53	58	59	60	246	#
993	630.569	19	20	21	29	30	37	38	45	46	247	#
994	763.617	21	29	30	31	37	38	39	45	46	247	#
995	721.921	21	29	30	31	37	38	39	46	54	247	#
996	715.378	20	21	28	29	30	37	38	39	47	247	#
997	677.605	20	21	22	23	28	29	30	38	39	247	#
998	650.925	14	15	29	30	37	38	39	45	46	247	#
999	201.886	55	62	63	248	#
1000	291.076	39	47	55	248	#
1001	244.34	61	62	63	248	#
1002	207.36	47	55	63	248	#
