%% File generated by CATS v.2.1Wed Jun 22 10:37:39 2022

%% The CATS webpage is http://robotics.stanford.edu/CATS

%% PARAMETER SETTINGS:
% Goods: 64; Bids: 1000; Distribution: regions; Runs: 1; Seed: 1656572890
% Regions Distribution Parameters:
% Max Substitutable Bids = 5
% Removing HV Neighbor   = 0.1
% Adding DIAG Neighbor   = 0.2
% Additional Location    = 0.9
% Jump Probability       = 0.05
% Additivity             = 0.2
% Budget Factor          = 1.5
% Resale Factor          = 0.5
% Normal Private Value:
%   Mean                 = 0
%   Standard Deviation   = 30



goods 64
bids 1003
dummy 184

0	141.363	60	61	62	64	#
1	189.752	52	60	61	64	#
2	1029.58	26	28	29	34	35	37	38	39	43	45	48	49	50	51	52	53	56	57	58	59	61	65	#
3	1332.66	26	27	29	33	34	35	37	38	39	43	44	45	46	51	52	53	54	55	60	61	62	65	#
4	1221.42	31	34	35	38	39	41	42	43	44	45	46	47	50	51	52	53	54	55	60	61	62	65	#
5	1139.34	14	17	18	19	20	21	26	27	29	37	38	39	43	45	46	47	51	52	53	54	55	65	#
6	1102.06	26	34	35	42	43	44	45	46	47	48	49	50	51	52	53	54	55	56	57	58	59	65	#
7	1092.17	34	41	42	43	44	46	47	48	49	50	51	52	53	54	55	56	57	58	59	60	63	65	#
8	1252.86	1	2	8	12	19	20	25	26	27	28	29	35	36	37	44	45	50	51	52	53	56	59	60	61	66	#
9	1769.67	1	2	10	18	19	20	25	26	27	28	29	32	33	34	35	40	41	42	43	50	51	52	56	58	66	#
10	1646.68	2	9	10	17	18	19	20	21	24	25	26	27	28	29	32	33	34	35	36	40	41	42	43	51	66	#
11	1622.38	7	13	14	15	18	19	20	21	22	23	25	26	27	28	29	30	31	32	33	35	43	51	59	63	66	#
12	1606.94	7	14	15	22	23	29	31	33	34	35	36	37	41	42	43	44	50	51	52	53	58	59	60	61	66	#
13	1581.15	0	1	2	8	9	10	16	17	18	19	25	26	27	33	35	36	42	43	45	50	51	52	53	63	66	#
14	936.927	6	13	14	18	19	20	21	22	25	26	27	28	29	30	33	37	38	56	67	#
15	1236.93	1	9	14	23	29	30	31	36	37	38	39	45	46	47	53	54	55	63	67	#
16	1178.38	6	13	14	15	20	21	22	23	28	29	30	31	36	37	38	45	46	47	67	#
17	995.906	0	1	2	9	10	17	18	19	20	24	25	26	27	28	33	34	36	45	67	#
18	986.945	6	7	11	12	13	14	15	20	21	22	23	28	29	30	31	37	38	46	67	#
19	979.816	1	2	9	16	17	18	19	20	24	25	26	27	28	29	30	33	37	45	67	#
20	649.829	34	35	36	41	42	43	44	52	59	60	68	#
21	687.627	36	44	52	53	54	55	56	59	60	61	68	#
22	658.594	34	36	41	42	43	44	51	52	59	60	68	#
23	651.561	34	35	36	40	41	42	43	44	52	59	68	#
24	559.001	19	20	28	36	37	44	52	59	60	61	68	#
25	558.854	34	36	37	40	41	42	43	44	50	58	68	#
26	847.706	18	19	25	26	27	33	34	35	40	41	42	43	44	51	59	60	61	69	#
27	1124.87	17	18	19	26	27	32	33	34	35	36	42	43	45	46	47	54	55	69	#
28	1095.63	16	18	24	25	26	27	32	33	35	36	37	43	44	45	51	52	59	69	#
29	1006.95	8	16	18	24	25	26	32	33	34	35	40	41	42	43	51	58	59	69	#
30	971.765	18	26	33	34	35	36	42	43	44	45	50	51	52	53	58	59	60	69	#
31	960.163	6	13	14	15	20	21	29	33	34	35	36	37	41	42	43	44	51	69	#
32	663.579	1	2	8	9	16	17	18	24	25	32	33	70	#
33	684.549	8	9	10	16	17	18	24	25	26	33	41	70	#
34	640.296	0	1	2	3	8	9	10	16	17	18	24	70	#
35	635.209	1	2	3	4	8	9	10	11	16	17	18	70	#
36	583.624	0	1	3	4	8	11	12	16	17	20	24	70	#
37	581.168	18	19	20	25	26	27	32	33	34	35	41	70	#
38	60.0048	34	#
39	581.829	33	34	35	42	43	50	51	52	53	60	71	#
40	746.98	0	33	41	42	44	50	51	52	58	59	71	#
41	746.744	25	33	35	41	42	43	51	52	53	59	71	#
42	745.779	18	25	26	32	33	34	35	41	42	50	71	#
43	720.401	26	32	33	34	35	41	42	50	51	58	71	#
44	652.575	24	25	26	27	28	29	33	34	35	36	71	#
45	101.814	24	#
46	1122.68	19	20	21	22	25	26	29	30	31	33	34	35	36	37	38	43	44	45	46	54	55	72	#
47	1357.6	23	29	31	36	37	38	39	43	44	45	46	47	50	51	52	53	54	55	58	59	60	72	#
48	1273.34	25	26	33	34	35	36	40	41	42	43	44	45	46	47	50	51	52	57	58	59	60	72	#
49	1212.21	6	14	23	26	31	33	34	35	36	37	38	39	45	47	48	49	52	53	57	58	60	72	#
50	1177.7	26	27	28	29	35	36	37	39	43	45	46	47	51	52	53	54	55	59	61	62	63	72	#
51	1172.3	0	1	8	19	20	27	28	35	36	37	39	43	44	45	46	47	51	52	53	54	55	72	#
52	423.223	1	42	43	50	51	52	58	59	60	73	#
53	568.08	26	34	35	36	42	43	51	52	59	73	#
54	542.867	38	46	51	52	53	54	59	60	61	73	#
55	532.6	35	41	42	43	50	51	57	58	59	73	#
56	531.925	12	14	20	21	22	23	30	52	59	73	#
57	525.515	1	9	10	17	50	51	57	58	59	73	#
58	261.574	41	42	43	51	74	#
59	385.973	51	52	53	59	74	#
60	178.514	33	41	42	50	74	#
61	161.775	35	43	50	51	74	#
62	120.891	40	41	42	50	74	#
63	2465.23	0	1	2	3	4	6	7	8	9	10	11	12	13	14	15	16	17	18	19	20	21	22	23	24	25	26	27	28	29	30	31	34	35	36	37	38	41	42	43	44	45	46	50	54	75	#
64	2688.22	0	1	2	3	4	6	7	8	9	10	11	12	13	14	15	16	17	18	19	20	23	24	25	26	27	28	29	31	32	33	34	35	39	41	42	43	44	46	47	50	51	52	56	59	75	#
65	2552.98	1	2	3	4	5	6	7	9	10	11	12	13	14	15	16	17	18	19	20	21	22	23	25	26	27	29	30	31	33	34	35	37	38	39	40	41	42	43	46	47	54	55	62	63	75	#
66	2477.05	1	2	4	5	6	7	9	10	11	12	13	14	15	18	19	20	21	22	23	26	27	28	29	30	31	35	36	37	38	39	42	43	44	46	47	50	51	52	53	56	57	58	59	60	75	#
67	2476.58	0	1	2	3	4	5	6	7	8	9	10	11	12	13	14	15	17	18	19	20	21	22	23	24	25	26	27	28	29	30	31	33	34	35	36	37	38	39	41	42	43	44	46	47	75	#
68	2464.71	0	1	2	3	5	6	7	8	9	10	11	12	13	14	15	16	18	19	20	21	22	23	26	27	28	29	30	31	34	35	36	37	38	39	43	44	46	47	50	51	53	54	58	59	75	#
69	497.561	0	1	8	9	16	24	76	#
70	441.646	16	22	24	25	30	31	76	#
71	409.1	16	17	18	24	26	27	76	#
72	339.546	0	1	2	8	9	10	76	#
73	332.432	1	2	8	9	10	16	76	#
74	289.793	0	1	2	8	9	17	76	#
75	264.794	36	37	38	39	45	46	77	#
76	390.617	38	39	45	46	47	55	77	#
77	387.489	28	36	45	52	53	62	77	#
78	342.586	21	22	29	30	38	46	77	#
79	276.672	14	22	23	38	39	47	77	#
80	218.559	14	21	28	29	37	38	77	#
81	313.727	38	39	46	47	78	#
82	376.755	30	31	38	39	78	#
83	375.511	31	38	39	47	78	#
84	370.715	38	46	53	54	78	#
85	320.449	31	37	38	39	78	#
86	436.385	42	43	48	49	50	51	56	57	58	79	#
87	626.13	7	9	10	14	15	23	31	39	48	79	#
88	624.363	26	33	41	42	43	50	51	58	59	79	#
89	524.292	26	27	35	43	51	56	57	58	59	79	#
90	455.153	35	42	43	44	50	51	58	59	62	79	#
91	446.934	42	48	49	50	51	56	57	58	59	79	#
92	104.107	1	#
93	688.72	20	28	29	36	37	45	46	47	53	54	80	#
94	762.681	38	41	45	46	47	53	54	55	62	63	80	#
95	728.874	3	4	5	37	45	46	51	52	53	54	80	#
96	723.104	24	26	28	29	33	35	36	37	43	51	80	#
97	702.599	37	38	39	45	46	47	54	55	62	63	80	#
98	683.528	21	28	29	30	35	36	37	38	45	53	80	#
99	162.565	33	34	#
100	145.026	33	#
101	1648.63	2	3	4	5	6	9	10	11	12	13	14	15	18	19	20	21	22	23	26	27	28	29	30	31	36	37	38	39	47	82	#
102	1909.68	1	4	6	9	12	13	14	15	16	17	18	19	20	21	23	25	26	27	28	29	33	34	35	36	37	42	43	50	58	82	#
103	1891.47	0	1	3	4	5	6	7	8	9	10	12	13	14	15	16	18	19	20	21	22	23	26	27	29	30	31	33	38	39	82	#
104	1845.92	0	1	2	3	4	8	9	10	11	12	16	17	18	20	25	26	27	28	32	33	35	36	42	43	44	51	52	53	60	82	#
105	1827.04	12	19	20	22	26	27	28	29	30	31	33	34	35	36	37	38	42	43	44	45	46	50	52	53	54	58	59	60	61	82	#
106	1806.16	18	19	20	21	26	27	28	29	30	35	36	37	38	43	44	45	46	47	50	51	52	53	54	55	59	60	61	62	63	82	#
107	727.281	17	18	19	24	25	26	27	32	33	35	40	41	83	#
108	869.229	24	25	26	32	33	34	36	37	45	47	54	55	83	#
109	795.565	19	25	26	27	32	33	35	36	37	40	41	44	83	#
110	749.393	25	26	27	32	33	34	35	36	37	40	41	42	83	#
111	710.127	2	10	18	25	26	27	33	35	36	40	41	42	83	#
112	702.617	0	8	9	10	16	17	18	19	24	25	27	35	83	#
113	1959.04	1	2	3	4	5	6	7	10	11	12	13	14	15	18	19	20	21	22	23	25	26	27	28	29	30	31	32	33	34	35	36	37	38	39	41	42	43	44	47	50	51	84	#
114	2266.2	0	1	2	7	8	9	10	11	13	14	16	18	19	20	21	25	26	27	28	30	33	34	35	36	40	41	42	43	45	46	50	51	52	53	54	58	59	60	61	62	63	84	#
115	2231.98	0	1	2	7	8	9	13	14	15	19	20	21	22	23	25	26	27	28	29	30	31	33	35	36	38	39	42	43	44	45	46	47	50	51	52	53	54	55	59	60	63	84	#
116	2228.62	0	1	2	3	4	7	8	9	10	11	12	13	14	15	16	17	18	19	20	21	24	25	26	27	28	29	30	33	34	35	36	37	38	40	41	42	43	45	46	47	54	84	#
117	2228.06	2	3	4	7	8	9	10	11	12	13	14	15	16	18	19	20	21	22	23	25	26	28	29	30	31	32	33	34	35	36	38	39	42	43	44	45	46	47	53	54	55	84	#
118	2226.23	2	3	8	9	10	11	12	13	15	16	18	19	20	21	22	23	24	25	26	27	28	29	33	34	35	36	37	40	41	42	43	44	45	46	47	50	51	52	54	58	59	84	#
119	204.012	37	38	45	53	85	#
120	224.336	29	36	37	45	85	#
121	192.78	37	45	53	61	85	#
122	189.569	36	37	44	45	85	#
123	165.384	4	12	38	46	85	#
124	784.041	4	6	12	14	18	19	20	21	22	23	27	28	29	36	37	86	#
125	1085.62	2	3	22	23	29	30	31	36	37	38	39	45	46	47	55	86	#
126	994.699	34	35	36	37	43	45	50	51	52	53	54	59	60	61	62	86	#
127	962.501	0	1	6	14	22	23	29	30	31	37	38	39	45	46	54	86	#
128	895.037	10	18	19	20	26	27	28	29	30	31	34	35	36	37	45	86	#
129	798.604	12	13	14	21	22	23	29	30	31	36	37	38	39	45	47	86	#
130	67.9701	14	22	#
131	20.5106	22	#
132	561.02	41	42	43	44	45	50	51	52	53	59	60	61	88	#
133	718.835	37	38	39	46	47	52	53	57	58	59	60	61	88	#
134	696.378	26	32	33	34	35	41	42	43	50	51	58	59	88	#
135	670.692	36	42	43	44	52	53	54	55	58	59	60	61	88	#
136	667.177	31	37	39	45	46	47	52	53	54	55	60	61	88	#
137	621.742	33	34	35	36	41	42	43	44	45	51	52	60	88	#
138	555.144	0	1	2	8	9	10	11	16	89	#
139	557.774	0	1	2	3	4	5	8	9	89	#
140	531.771	0	1	2	8	9	10	22	23	89	#
141	520.608	0	1	10	11	12	20	21	29	89	#
142	511.609	0	1	2	4	8	9	10	12	89	#
143	503.656	0	1	2	8	9	10	16	17	89	#
144	1044.55	8	16	17	18	24	25	26	27	33	34	35	36	37	41	43	45	51	56	90	#
145	1141.29	8	16	19	24	25	26	27	34	35	36	42	43	44	50	51	52	58	59	90	#
146	1096.39	18	19	21	22	24	25	26	27	29	33	34	35	36	37	38	42	43	44	90	#
147	1094.44	2	10	18	19	20	25	26	32	34	35	36	42	43	44	50	51	58	59	90	#
148	1076.91	0	1	2	3	8	9	10	11	17	18	19	26	27	34	35	36	42	43	90	#
149	1042.75	16	18	19	21	24	25	26	27	28	29	35	36	43	44	45	50	51	59	90	#
150	779.461	0	1	2	3	4	8	9	16	17	18	24	91	#
151	814.369	0	1	2	3	8	9	10	11	12	16	24	91	#
152	813.04	0	1	2	3	4	8	9	10	11	16	18	91	#
153	789.021	0	1	2	3	8	9	11	12	16	17	24	91	#
154	744.34	0	1	2	8	9	16	17	18	24	31	39	91	#
155	731.716	1	2	8	9	16	17	18	26	36	45	57	91	#
156	2397.9	1	2	5	9	10	12	13	14	15	16	17	18	19	20	21	22	23	24	25	26	27	28	29	30	31	32	33	34	35	36	37	38	39	42	43	44	45	46	50	51	52	53	59	61	92	#
157	2654.24	0	1	2	3	6	7	8	9	10	12	13	14	15	16	17	18	19	20	21	22	23	25	26	27	28	29	30	31	33	34	35	36	37	38	39	41	44	45	46	47	53	54	61	62	92	#
158	2611.78	0	1	2	3	4	5	6	8	9	10	12	13	14	15	16	17	18	20	21	22	23	27	28	29	30	31	33	34	37	38	39	42	43	45	46	47	50	51	53	54	55	57	58	59	92	#
159	2598.17	0	1	2	3	4	8	9	10	11	12	16	17	18	19	20	25	26	27	28	29	30	31	32	33	34	35	36	37	38	39	41	42	45	46	47	48	50	53	54	55	58	61	62	63	92	#
160	2590.48	2	3	4	5	6	7	10	11	12	13	14	15	18	20	21	22	23	25	26	27	28	29	30	31	33	34	35	36	37	38	39	43	44	45	46	47	50	51	52	53	59	60	61	62	92	#
161	2562.32	0	1	2	3	4	5	6	7	8	9	10	11	12	14	15	16	17	18	19	20	26	27	28	29	30	31	32	33	34	35	36	37	42	43	44	45	50	51	52	53	59	60	61	62	92	#
162	358.394	19	24	25	26	27	28	29	93	#
163	475.158	24	25	32	33	34	41	42	93	#
164	354.127	25	26	27	32	33	35	36	93	#
165	343.096	10	18	19	24	25	26	27	93	#
166	305.121	28	29	30	37	38	39	45	93	#
167	299.205	19	20	21	28	29	36	37	93	#
168	236.074	12	20	27	28	36	44	94	#
169	319.721	4	11	12	20	28	34	94	#
170	266.21	36	43	44	51	52	60	94	#
171	258.39	12	20	27	28	29	35	94	#
172	231.529	7	12	19	20	28	36	94	#
173	206.065	12	13	20	28	36	60	94	#
174	521.469	37	45	46	53	54	55	61	95	#
175	564.03	37	39	45	46	47	54	55	95	#
176	559.768	36	37	38	45	46	47	54	95	#
177	507.67	28	36	37	38	45	46	54	95	#
178	489.513	46	48	49	53	54	55	57	95	#
179	460.224	44	46	52	53	54	55	61	95	#
180	164.205	34	42	50	51	96	#
181	218.98	33	34	42	50	96	#
182	195.832	50	51	52	58	96	#
183	253.526	2	3	4	5	97	#
184	293.024	2	3	4	9	97	#
185	257.608	2	3	10	11	97	#
186	146.228	4	5	12	13	97	#
187	100.456	5	6	14	21	97	#
188	224.978	36	37	43	44	98	#
189	276.985	27	34	35	43	98	#
190	260.696	43	44	52	53	98	#
191	191.973	36	37	38	44	98	#
192	93.8319	19	28	36	49	98	#
193	140.419	31	39	99	#
194	165.401	30	31	99	#
195	75.2544	38	39	99	#
196	774.003	29	30	37	38	39	45	46	47	53	54	55	61	100	#
197	773.263	31	36	37	39	45	46	53	54	55	61	62	63	100	#
198	723.875	31	38	39	45	46	47	53	54	55	61	62	63	100	#
199	705.207	12	20	26	27	32	33	39	46	47	54	55	63	100	#
200	697.814	37	38	39	45	46	47	53	54	55	61	62	63	100	#
201	663.635	36	44	46	47	52	53	54	55	59	61	62	63	100	#
202	106.543	57	58	#
203	589.355	37	38	39	46	47	54	55	101	#
204	625.085	29	30	31	37	38	39	46	101	#
205	521.768	14	15	23	31	37	38	39	101	#
206	477.562	36	45	46	53	54	55	63	101	#
207	471.965	46	47	53	54	56	57	61	101	#
208	466.296	39	46	47	51	55	62	63	101	#
209	303.323	3	4	10	11	12	13	17	18	20	26	28	29	102	#
210	449.41	17	18	19	20	26	27	28	29	30	35	36	37	102	#
211	405.261	2	3	4	5	6	12	13	21	50	51	62	63	102	#
212	398.439	4	5	6	12	13	14	21	23	29	48	49	57	102	#
213	357.613	2	3	4	5	6	9	10	11	12	13	21	22	102	#
214	288.895	2	3	4	5	6	11	12	13	14	20	21	22	102	#
215	406.056	50	51	52	56	57	58	59	60	103	#
216	522.141	47	49	50	51	56	57	58	59	103	#
217	503.83	34	35	41	42	43	50	51	58	103	#
218	473.729	42	48	49	50	56	57	58	59	103	#
219	435.57	48	49	50	51	56	57	58	59	103	#
220	395.362	24	34	35	36	43	50	51	58	103	#
221	54.7995	4	#
222	49.6312	10	#
223	1375.08	19	20	24	25	26	27	28	30	31	32	33	34	35	36	39	41	42	43	44	104	#
224	1357.78	19	20	26	27	28	29	31	35	36	37	38	39	43	46	47	51	52	59	60	104	#
225	1302.64	28	29	31	33	34	35	36	37	38	39	42	43	44	45	46	50	51	52	59	104	#
226	1300.88	9	14	15	17	18	20	22	23	28	29	30	31	36	37	38	39	45	46	47	104	#
227	1257.65	14	19	21	22	23	28	29	30	31	32	33	38	39	45	46	47	53	54	55	104	#
228	1243.96	9	10	16	17	18	19	24	25	26	27	32	33	34	35	36	41	42	43	44	104	#
229	232.642	42	50	51	105	#
230	318.199	50	51	59	105	#
231	281.709	33	34	42	105	#
232	232.268	42	50	58	105	#
233	199.246	8	16	106	#
234	192.739	16	24	106	#
235	71.1961	22	23	#
236	375.973	6	12	13	14	23	31	56	107	#
237	461.561	34	42	49	50	56	57	58	107	#
238	449.967	6	14	22	23	31	39	58	107	#
239	445.54	14	22	23	30	31	37	38	107	#
240	357.085	6	12	13	14	21	22	23	107	#
241	312.955	3	4	12	13	20	21	22	107	#
242	148.211	32	33	108	#
243	159.035	26	33	108	#
244	759.538	6	12	13	14	15	20	21	22	23	28	29	31	43	44	51	52	109	#
245	982.899	24	25	26	33	40	41	42	43	44	45	50	51	52	53	58	59	109	#
246	871.471	2	9	10	11	18	19	20	27	28	35	36	44	52	56	57	60	109	#
247	867.419	0	5	6	8	11	12	13	19	20	21	26	27	28	29	36	37	109	#
248	850.107	1	14	15	19	22	23	27	28	29	30	31	36	37	38	39	45	109	#
249	839.155	13	14	15	19	20	21	22	23	26	28	29	30	31	35	36	43	109	#
250	621.061	5	6	7	13	14	20	21	22	23	30	31	37	38	110	#
251	779.43	5	13	21	22	23	30	31	38	39	47	54	55	63	110	#
252	760.543	21	22	23	26	29	30	31	34	35	36	37	38	39	110	#
253	748.625	12	13	14	21	22	23	29	30	31	39	46	47	55	110	#
254	710.212	3	4	5	6	12	13	14	21	22	23	29	30	31	110	#
255	706.861	4	5	6	7	14	15	21	22	23	30	31	38	39	110	#
256	431.427	16	17	18	24	25	111	#
257	414.555	19	24	25	26	33	111	#
258	374.057	16	17	18	19	24	111	#
259	361.227	8	16	17	24	25	111	#
260	300.732	9	10	16	17	18	111	#
261	280.991	9	17	18	19	28	111	#
262	995.695	21	27	28	29	30	31	36	37	38	39	42	43	44	45	46	47	52	53	54	60	112	#
263	1448.84	3	7	11	13	14	15	22	23	31	36	38	39	45	46	47	52	53	54	55	59	112	#
264	1433.55	0	1	7	8	9	13	14	15	22	23	26	27	29	30	31	37	38	39	46	54	112	#
265	1356.23	13	20	21	22	23	24	25	28	29	30	31	37	38	39	45	46	47	53	54	55	112	#
266	1277.29	0	1	2	3	8	9	10	16	17	18	24	37	38	39	45	46	52	53	54	61	112	#
267	1260.7	13	14	15	16	17	18	22	23	30	31	37	38	39	46	47	48	49	54	55	63	112	#
268	874.788	1	2	8	9	10	11	12	13	16	17	18	19	20	43	51	113	#
269	1035.39	1	2	3	6	7	10	11	12	13	14	15	21	22	23	29	113	#
270	989.048	0	1	2	3	4	8	9	10	11	12	16	17	18	24	25	113	#
271	985.959	0	8	9	16	17	18	24	25	26	29	33	36	37	41	45	113	#
272	979.862	0	1	3	8	9	10	11	16	17	18	19	24	25	26	33	113	#
273	977.505	16	17	18	19	20	26	27	28	29	30	35	36	37	38	45	113	#
274	609.683	0	1	2	3	4	5	6	8	9	10	11	12	13	17	20	50	51	114	#
275	897.254	0	1	2	3	4	5	6	8	9	11	12	13	14	16	37	38	46	114	#
276	883.554	24	25	32	33	34	35	36	41	42	43	44	50	51	52	58	59	60	114	#
277	868.963	0	1	2	3	4	5	6	8	9	11	12	13	16	17	18	21	26	114	#
278	800.187	4	5	6	7	13	14	15	20	21	22	23	30	31	37	38	39	46	114	#
279	798.798	0	1	2	8	9	10	16	17	18	20	21	24	25	26	27	28	36	114	#
280	186.993	27	28	34	35	36	43	51	#
281	60.6386	63	#
282	1884.43	12	18	19	20	21	25	26	27	28	29	30	35	36	37	41	42	43	44	45	46	47	50	51	52	53	55	56	58	59	60	61	62	63	115	#
283	2053.74	0	1	2	5	6	9	10	13	14	16	17	18	21	24	25	29	30	31	35	36	40	41	42	43	44	50	51	52	53	56	57	58	59	115	#
284	2025.64	4	6	13	14	15	18	19	26	27	33	34	35	36	41	42	43	44	45	46	47	49	50	51	52	53	54	55	56	57	58	59	60	61	115	#
285	1951.6	2	10	13	16	18	19	21	22	24	25	26	27	28	29	30	35	36	37	38	39	43	44	45	46	47	50	51	52	53	54	55	58	59	115	#
286	1943.73	0	2	8	9	10	14	16	17	21	23	24	25	26	28	29	30	31	32	33	36	37	38	39	44	45	46	52	53	54	55	59	62	63	115	#
287	1935.22	2	3	4	5	9	10	11	12	16	17	18	19	24	25	26	27	33	34	35	36	37	41	42	43	44	45	50	51	52	53	58	59	60	115	#
288	372.265	19	21	25	26	33	37	116	#
289	434.205	24	25	30	33	40	41	116	#
290	408.065	25	26	27	32	33	34	116	#
291	282.522	26	27	33	35	40	41	116	#
292	255.982	19	25	26	27	35	36	116	#
293	233.441	28	29	36	37	38	45	116	#
294	464.746	14	15	20	21	22	23	28	29	30	31	37	39	117	#
295	676.398	30	31	33	34	37	38	39	41	42	47	55	63	117	#
296	660.378	6	7	13	14	15	21	22	23	30	31	38	46	117	#
297	616.866	5	6	13	14	15	21	22	23	30	31	48	49	117	#
298	609.654	21	28	29	30	31	36	37	38	39	45	46	47	117	#
299	594.182	4	5	6	13	14	15	20	21	22	23	30	31	117	#
300	405.752	36	37	38	45	46	53	54	61	118	#
301	477.176	30	31	38	45	46	53	54	55	118	#
302	475.065	35	36	37	38	41	45	46	53	118	#
303	471.377	36	38	45	46	47	52	53	54	118	#
304	386.442	28	36	37	44	45	46	53	54	118	#
305	382.719	29	30	31	37	38	39	45	46	118	#
306	677.461	25	32	33	34	41	42	43	44	119	#
307	699.081	24	25	32	33	34	41	42	50	119	#
308	692.313	19	24	25	26	32	33	34	41	119	#
309	650.893	33	34	35	41	42	43	50	58	119	#
310	650.033	25	32	33	34	41	42	50	51	119	#
311	598.152	25	32	33	34	40	41	42	43	119	#
312	270.98	51	52	58	59	60	120	#
313	271.072	48	49	56	57	58	120	#
314	266.591	18	26	51	52	59	120	#
315	256.219	0	27	43	44	52	120	#
316	234.385	51	52	53	59	60	120	#
317	220.457	44	52	53	59	60	120	#
318	317.756	6	14	15	21	22	23	121	#
319	439.635	14	15	21	22	23	30	121	#
320	421.752	7	14	15	21	29	37	121	#
321	418.401	6	14	15	21	26	35	121	#
322	406.649	6	14	15	21	23	29	121	#
323	349.378	12	14	15	20	21	23	121	#
324	1031.05	19	27	34	35	36	43	49	50	51	52	56	57	58	59	60	61	62	122	#
325	1113.32	34	42	43	45	47	50	51	52	53	54	55	56	57	58	59	60	61	122	#
326	1088.63	33	34	38	40	41	42	45	46	47	50	53	54	55	58	61	62	63	122	#
327	1025.93	17	18	19	25	26	27	33	34	35	43	44	46	50	51	52	58	59	122	#
328	1018.87	19	20	21	25	26	27	28	29	30	32	33	34	35	36	43	44	52	122	#
329	1015.82	5	13	19	25	26	27	28	34	35	42	43	51	52	55	57	58	59	122	#
330	236.075	36	43	44	52	60	123	#
331	311.49	42	43	44	51	52	123	#
332	303.117	43	44	51	52	59	123	#
333	274.538	36	37	38	45	46	123	#
334	226.977	43	51	52	53	60	123	#
335	161.395	52	60	61	62	63	123	#
336	1014.4	12	13	14	18	19	20	21	25	26	27	28	34	35	36	42	43	45	124	#
337	1136.9	1	2	9	10	17	18	19	25	26	27	28	32	33	35	36	43	57	124	#
338	1083.82	3	9	10	11	17	18	19	24	25	26	27	32	33	35	36	56	57	124	#
339	1066.04	3	4	5	12	19	20	25	26	28	34	35	36	41	42	43	50	55	124	#
340	1048.81	18	19	25	26	28	29	33	34	35	36	37	42	43	45	51	52	53	124	#
341	1018.4	11	12	13	19	20	25	26	27	28	34	35	36	42	43	54	55	56	124	#
342	359.766	1	8	9	16	17	125	#
343	342.173	8	9	16	17	24	125	#
344	317.473	1	2	3	9	17	125	#
345	288.478	0	1	2	8	16	125	#
346	231.384	1	2	9	10	17	125	#
347	264.741	19	26	28	36	126	#
348	287.269	18	19	26	35	126	#
349	235.706	17	18	19	28	126	#
350	195.913	28	29	36	44	126	#
351	186.325	28	36	37	44	126	#
352	896.132	0	1	2	9	10	11	12	14	17	18	19	20	21	26	27	28	29	35	36	37	127	#
353	1319.79	17	18	19	24	25	26	27	33	34	35	36	41	42	43	44	50	51	52	53	59	127	#
354	1313.98	19	26	27	28	29	33	34	35	36	37	38	43	44	45	46	52	53	54	59	61	127	#
355	1245.24	4	12	18	19	20	25	26	28	33	34	35	38	45	46	53	54	60	61	62	63	127	#
356	1178.63	4	10	11	12	18	19	20	21	22	23	26	27	28	29	33	34	35	37	40	41	127	#
357	1161.11	3	4	9	10	12	17	18	19	20	21	24	25	26	27	28	29	33	37	41	54	127	#
358	417.86	37	38	46	47	52	128	#
359	481.113	30	31	38	39	46	128	#
360	478.52	31	38	39	46	47	128	#
361	421.494	35	36	37	38	45	128	#
362	415.225	38	45	46	47	54	128	#
363	164.103	3	4	11	12	129	#
364	201.099	3	4	12	20	129	#
365	155.701	2	3	10	11	129	#
366	129.331	3	11	12	13	129	#
367	339.048	0	8	9	130	#
368	290.225	2	8	9	130	#
369	267.254	8	9	16	130	#
370	259.769	0	1	8	130	#
371	633.981	36	37	42	43	44	48	49	50	51	52	56	57	58	59	131	#
372	756	26	33	34	42	43	48	49	50	51	52	53	56	57	58	131	#
373	748.595	18	19	26	27	33	34	35	42	43	50	51	52	58	59	131	#
374	743.062	26	27	33	34	35	36	37	41	42	43	50	51	58	59	131	#
375	726.955	33	34	41	42	43	48	49	50	51	52	56	57	58	59	131	#
376	711.217	14	21	27	28	29	30	31	35	36	37	38	39	45	58	131	#
377	802.349	12	14	15	18	19	20	21	23	26	27	28	29	30	31	35	36	37	44	45	132	#
378	1145.68	0	1	2	3	4	9	10	11	12	16	17	18	19	20	24	25	26	28	45	132	#
379	1020.22	5	6	13	14	15	21	22	23	30	31	35	36	37	38	39	45	46	47	54	132	#
380	997.71	19	20	25	26	27	28	33	34	35	36	37	38	39	41	42	43	45	46	47	132	#
381	949.66	19	21	24	25	26	28	29	34	35	36	37	38	42	43	44	45	46	47	50	132	#
382	943.789	7	14	15	20	21	22	23	27	28	29	30	31	37	38	39	45	47	52	53	132	#
383	540.796	10	36	44	45	46	50	52	53	54	58	59	60	61	62	133	#
384	789.096	10	11	12	29	30	31	36	37	38	45	46	53	54	55	133	#
385	776.197	35	36	43	44	45	49	50	51	52	53	56	57	58	59	133	#
386	743.996	19	26	34	35	36	37	45	46	47	52	53	54	55	60	133	#
387	737.883	30	31	36	39	44	45	51	52	53	55	60	61	62	63	133	#
388	726.974	2	36	45	46	47	51	52	53	54	55	60	61	62	63	133	#
389	313.653	33	34	40	41	134	#
390	350.412	26	33	34	35	134	#
391	298.357	33	41	42	50	134	#
392	276.112	33	34	35	42	134	#
393	237.397	34	40	41	42	134	#
394	838.655	25	26	29	33	35	36	37	38	45	51	52	53	54	55	60	61	135	#
395	1054.07	9	10	17	18	26	33	39	42	43	44	47	50	51	52	58	59	135	#
396	1046.63	23	26	30	31	33	36	37	38	39	45	46	47	52	53	54	55	135	#
397	984.25	18	19	20	24	25	26	27	28	33	34	35	36	41	42	43	44	135	#
398	952.262	28	36	37	38	45	46	49	50	52	53	56	57	58	59	60	61	135	#
399	938.461	2	9	10	16	17	18	19	25	26	27	28	33	34	35	36	42	135	#
400	1594.45	0	1	2	3	4	5	6	8	9	10	11	12	13	14	15	16	17	18	19	20	21	22	23	24	25	26	27	28	33	34	35	40	136	#
401	1963.57	19	24	25	26	27	32	33	34	35	36	39	41	42	43	44	45	46	47	48	49	50	51	52	53	54	56	57	58	59	60	61	63	136	#
402	1946.13	13	14	16	17	18	19	20	21	22	23	24	25	26	27	28	33	34	35	36	37	40	41	42	43	44	45	46	47	50	51	56	59	136	#
403	1923.78	12	14	15	19	20	22	23	24	25	26	27	28	29	30	31	32	33	35	36	37	38	43	44	45	46	52	53	54	55	57	58	59	136	#
404	1895.79	1	2	3	4	8	9	10	11	12	13	16	17	18	19	20	24	25	26	27	34	35	36	43	44	52	53	54	55	58	59	61	63	136	#
405	1891.06	4	5	7	12	13	14	15	19	20	21	22	23	25	26	27	29	30	31	33	34	35	36	37	38	39	40	41	43	44	45	46	47	136	#
406	305.175	36	44	52	60	61	137	#
407	335.705	35	36	45	53	54	137	#
408	320.316	51	52	58	59	60	137	#
409	296.158	43	44	50	52	59	137	#
410	291.139	45	52	53	60	61	137	#
411	213.128	44	50	51	52	60	137	#
412	875.315	2	3	4	5	6	7	13	14	15	21	22	23	30	31	38	39	47	138	#
413	983.941	21	22	25	26	28	29	30	31	33	38	39	46	47	49	54	55	57	138	#
414	954.909	0	8	14	15	16	21	23	29	30	31	34	38	39	42	45	46	47	138	#
415	795.48	6	14	15	19	20	21	22	23	24	25	26	27	28	30	31	33	39	138	#
416	778.959	1	2	7	8	10	11	14	15	16	17	18	21	22	26	30	35	38	138	#
417	748.337	5	6	13	14	21	23	30	31	38	39	45	46	47	53	54	55	63	138	#
418	185.753	7	15	23	139	#
419	251.66	15	23	31	139	#
420	163.108	7	14	15	139	#
421	23.966	12	20	#
422	520.687	0	1	2	8	9	16	19	140	#
423	662.574	0	1	39	45	46	47	54	140	#
424	497.552	0	1	2	8	9	16	17	140	#
425	495.451	0	1	2	3	4	8	9	140	#
426	478.035	0	1	2	8	9	10	16	140	#
427	418.865	17	18	19	20	26	27	35	140	#
428	113.781	36	45	141	#
429	154.305	36	37	141	#
430	201.508	4	12	13	20	21	28	142	#
431	297.609	2	3	4	5	11	12	142	#
432	279.466	3	4	5	11	12	13	142	#
433	248.59	13	14	21	29	37	45	142	#
434	222.731	4	5	10	11	12	13	142	#
435	211.915	18	19	20	26	27	28	142	#
436	472.681	35	43	51	52	59	60	143	#
437	475.589	35	43	50	51	52	59	143	#
438	401.093	51	52	53	57	58	59	143	#
439	392.83	34	35	41	42	43	50	143	#
440	388.076	35	43	50	51	58	59	143	#
441	354.354	43	44	52	58	59	60	143	#
442	303.705	1	2	9	17	144	#
443	354.66	1	2	8	9	144	#
444	332.818	1	2	9	10	144	#
445	291.321	8	9	16	17	144	#
446	1389	11	12	13	18	19	20	26	27	28	29	30	35	36	37	39	43	44	45	47	51	52	53	54	55	60	61	62	145	#
447	1676.55	24	25	26	27	29	30	34	35	36	37	38	39	42	43	44	45	46	47	51	52	53	54	55	59	61	62	63	145	#
448	1670.65	0	1	7	8	14	15	21	22	23	25	26	27	29	30	31	33	34	37	38	39	45	47	53	54	55	62	63	145	#
449	1625.46	0	1	2	8	9	12	18	19	20	21	25	26	27	28	29	32	33	34	35	36	37	42	43	44	48	51	59	145	#
450	1622.63	0	1	2	3	4	7	9	10	11	12	13	14	15	17	18	20	21	23	24	25	26	28	29	33	35	37	55	145	#
451	1619.8	6	7	13	14	15	21	23	29	31	36	37	39	43	44	47	49	50	51	52	53	54	55	57	58	59	62	63	145	#
452	2312.41	0	1	2	8	9	10	11	16	18	19	20	21	24	25	26	27	28	29	31	32	33	34	35	36	38	39	41	42	43	44	45	46	47	50	52	53	60	61	62	63	146	#
453	2492.13	0	1	3	4	8	9	10	11	12	16	17	18	19	20	24	25	26	27	28	32	33	34	35	36	39	41	42	43	44	47	50	51	52	53	54	56	57	58	59	61	146	#
454	2450.04	1	4	8	9	10	14	16	17	18	19	22	24	25	26	27	28	29	30	31	32	33	34	35	36	37	38	39	40	41	42	43	44	45	46	47	50	52	53	54	59	146	#
455	2349.43	0	1	8	9	16	17	19	20	24	25	26	28	33	34	36	37	38	39	40	41	42	43	44	45	46	47	49	50	51	52	53	55	56	57	58	59	60	61	62	63	146	#
456	2342.08	4	6	8	9	10	11	14	16	17	18	19	20	21	22	23	24	25	26	27	29	30	31	32	33	34	35	36	39	40	41	42	43	44	50	51	52	53	58	59	60	146	#
457	2302.13	0	1	2	3	8	9	10	11	16	17	18	19	20	24	26	27	28	29	33	34	35	36	37	38	39	41	42	43	44	45	46	50	51	52	53	54	58	59	60	61	146	#
458	1544.26	1	2	3	4	5	6	9	10	11	12	13	14	15	18	19	20	21	23	24	25	26	27	36	37	42	44	52	53	60	61	147	#
459	1900.61	0	1	2	3	4	5	6	9	10	11	12	16	17	24	25	26	27	33	34	35	36	41	42	43	44	51	52	53	54	59	147	#
460	1862.03	1	9	17	18	19	20	24	25	26	27	28	29	33	34	35	36	37	38	42	43	44	45	46	47	50	52	53	54	55	56	147	#
461	1793.09	0	1	2	3	4	8	9	10	11	12	16	17	18	20	21	23	24	25	26	29	30	31	33	34	37	38	45	46	54	55	147	#
462	1721.41	4	5	6	8	13	19	20	21	24	25	26	27	28	29	30	33	35	36	37	38	39	41	44	45	46	47	52	53	54	61	147	#
463	1700.84	23	24	25	30	31	33	34	36	37	38	39	40	41	42	43	44	45	46	47	50	51	52	53	54	55	58	60	61	62	63	147	#
464	83.6201	3	4	148	#
465	74.8576	3	11	148	#
466	65.6956	4	12	148	#
467	256.163	5	6	13	14	29	37	45	149	#
468	347.491	19	27	28	29	35	36	37	149	#
469	291.677	4	5	6	9	12	13	62	149	#
470	289.536	3	4	5	11	12	13	20	149	#
471	274.955	4	5	6	14	15	21	23	149	#
472	211.485	5	6	12	13	14	15	20	149	#
473	679.881	30	50	52	53	54	57	58	59	60	61	62	150	#
474	735.774	15	23	37	38	45	46	47	53	54	55	63	150	#
475	696.575	9	36	44	45	46	52	53	54	59	60	61	150	#
476	652	36	44	45	52	53	54	55	59	60	61	62	150	#
477	632.216	8	36	44	45	49	52	53	56	57	58	59	150	#
478	612.573	18	19	27	28	30	31	36	37	38	39	44	150	#
479	734.423	34	35	40	41	42	43	44	50	51	52	56	57	58	59	60	151	#
480	1042.04	36	42	43	44	47	50	51	52	53	54	55	58	59	62	63	151	#
481	913.374	30	35	36	37	38	41	42	43	44	46	50	51	52	57	59	151	#
482	912.403	26	34	35	36	42	43	44	50	51	52	53	56	57	58	59	151	#
483	811.276	24	25	33	34	40	41	42	43	44	50	51	52	53	59	60	151	#
484	793.042	8	34	35	36	42	43	44	45	50	51	52	53	57	58	59	151	#
485	339.869	32	33	40	41	152	#
486	408.61	25	32	33	41	152	#
487	402.663	26	32	33	41	152	#
488	371.628	24	25	32	33	152	#
489	88.5527	41	#
490	350.274	45	53	54	55	61	63	153	#
491	460.115	36	39	46	47	54	55	153	#
492	457.032	41	46	54	55	62	63	153	#
493	416.135	52	53	54	55	61	63	153	#
494	398.025	18	51	52	60	61	62	153	#
495	337.891	31	39	53	54	61	62	153	#
496	1291.09	19	24	25	26	27	33	34	35	40	41	42	43	48	49	50	51	52	56	57	58	59	60	154	#
497	1436.82	34	35	40	41	42	43	45	47	48	49	50	52	53	54	55	56	57	58	59	60	61	63	154	#
498	1434.24	1	2	9	17	18	19	24	25	26	27	32	33	34	35	36	37	42	43	45	51	52	59	154	#
499	1357.89	20	27	28	30	33	34	36	37	38	42	45	46	47	48	49	50	53	54	55	57	58	59	154	#
500	1356.12	2	3	4	5	7	16	24	25	26	27	33	40	48	49	50	51	52	56	57	58	59	60	154	#
501	1330.27	25	26	27	33	34	36	37	40	41	42	43	44	45	50	51	52	53	56	57	58	59	60	154	#
502	870.323	4	11	12	13	14	18	19	20	21	22	23	25	26	27	28	29	32	33	35	155	#
503	1221.64	0	8	9	10	11	16	18	19	24	25	26	28	29	33	35	37	43	44	45	155	#
504	1142.12	2	10	18	19	20	25	26	27	28	33	34	35	36	37	41	42	44	45	52	155	#
505	1135.78	0	1	2	3	8	16	17	18	19	20	24	25	26	27	28	33	35	36	43	155	#
506	1117.51	18	19	20	25	26	27	28	32	33	35	36	41	43	44	45	51	52	53	60	155	#
507	1113.14	19	26	27	28	35	36	43	44	45	46	50	51	52	53	54	57	58	59	60	155	#
508	204.484	6	13	14	23	44	52	156	#
509	217.475	5	6	13	14	15	23	156	#
510	163.008	5	6	13	14	15	21	156	#
511	91.4383	13	14	20	21	22	23	156	#
512	176.355	18	19	20	157	#
513	220.972	19	25	26	157	#
514	193.284	9	17	18	157	#
515	138.352	19	20	28	157	#
516	106.965	52	60	158	#
517	117.032	44	52	158	#
518	15.0467	43	#
519	386.026	15	23	30	31	37	38	159	#
520	428.828	29	31	37	38	39	46	159	#
521	320.817	21	29	37	38	45	46	159	#
522	313.603	14	15	22	23	31	39	159	#
523	276.15	14	15	21	22	23	31	159	#
524	251.24	7	14	15	22	23	31	159	#
525	359.088	7	14	15	23	31	160	#
526	369.852	14	23	30	31	38	160	#
527	326.633	7	13	14	15	23	160	#
528	305.856	6	14	15	22	23	160	#
529	299.474	7	14	15	21	23	160	#
530	248.853	13	14	22	23	31	160	#
531	120.434	56	57	#
532	63.3051	2	#
533	927.012	13	40	41	42	43	44	46	47	49	50	51	52	53	54	55	56	57	58	59	60	61	62	161	#
534	1310.13	10	16	17	18	19	20	25	26	27	28	32	33	34	35	36	48	49	52	56	57	58	59	161	#
535	1293.58	30	31	32	33	36	37	38	39	41	44	45	46	47	51	52	53	54	55	60	61	62	63	161	#
536	1261.83	16	18	19	24	25	26	27	28	32	33	34	35	36	40	41	42	43	44	50	51	52	59	161	#
537	1223.41	18	19	20	24	25	26	27	28	32	33	35	36	41	42	43	48	49	50	51	56	57	58	161	#
538	1196.73	8	9	10	11	12	13	16	17	18	19	24	25	26	27	33	34	40	41	42	51	52	60	161	#
539	707.389	1	2	3	4	10	11	12	18	20	26	27	35	162	#
540	814.721	3	4	5	6	10	11	12	13	14	15	20	21	162	#
541	808.879	2	3	4	5	6	10	11	13	14	15	22	41	162	#
542	795.482	1	2	8	9	36	44	50	51	52	53	58	59	162	#
543	791.179	11	12	14	18	19	20	21	24	25	26	33	35	162	#
544	788.526	4	5	6	12	13	14	19	20	21	27	28	36	162	#
545	413.184	7	35	36	37	43	44	45	48	49	57	163	#
546	493.268	19	25	26	28	32	33	34	35	36	37	163	#
547	461.247	17	18	19	25	26	27	33	34	35	36	163	#
548	421.087	29	35	36	37	38	39	44	45	52	53	163	#
549	394.782	42	43	48	49	50	52	53	57	58	59	163	#
550	351.513	19	20	26	27	35	48	49	56	57	58	163	#
551	568.842	6	7	14	15	20	21	22	23	29	30	164	#
552	613.842	5	6	12	13	14	15	21	23	31	39	164	#
553	610.709	14	15	21	22	23	29	30	31	38	46	164	#
554	587.921	14	22	23	30	31	37	38	45	46	54	164	#
555	581.304	7	15	23	42	50	51	52	56	57	58	164	#
556	569.317	5	7	13	14	15	21	22	23	29	31	164	#
557	1095.2	13	14	15	20	21	22	23	29	30	31	38	45	46	56	57	58	59	165	#
558	1348.03	2	3	9	29	30	31	36	37	38	39	45	46	47	53	54	55	61	165	#
559	1324.14	6	14	21	22	23	29	30	31	36	38	39	45	46	47	49	54	55	165	#
560	1311.24	6	14	21	22	23	29	30	31	36	37	38	45	46	47	53	55	61	165	#
561	1302.67	7	15	20	21	22	23	29	30	31	36	37	38	39	41	45	46	47	165	#
562	1244.51	19	21	22	25	26	29	30	34	35	36	37	38	39	43	45	46	47	165	#
563	69.4128	38	#
564	250.728	2	10	17	45	53	166	#
565	373.914	38	45	46	47	54	166	#
566	251.331	45	46	53	54	55	166	#
567	111.516	8	17	18	19	26	166	#
568	910.469	2	8	9	10	12	13	16	17	18	19	20	24	25	26	27	28	29	32	33	35	36	44	167	#
569	1298.95	0	1	2	3	4	7	8	11	18	26	27	32	33	35	36	40	41	42	43	44	50	51	167	#
570	1189.57	3	4	11	12	14	18	19	20	21	26	27	28	32	33	34	35	36	41	43	44	48	49	167	#
571	1178.71	0	2	3	4	5	8	9	10	11	12	16	17	18	19	20	25	26	27	28	29	31	33	167	#
572	1144.61	0	8	9	18	19	20	24	25	26	27	28	32	33	35	36	40	41	42	43	51	61	62	167	#
573	1125.98	3	4	5	6	8	13	14	16	19	20	21	22	24	25	26	27	28	29	32	33	35	37	167	#
574	1006.98	4	11	12	13	14	15	18	19	20	21	22	23	25	26	27	28	29	30	31	32	38	39	168	#
575	1307.56	3	13	14	15	16	19	21	22	23	26	27	28	29	30	31	36	37	38	45	46	54	55	168	#
576	1244.73	5	13	14	15	19	20	21	22	23	28	29	30	31	38	39	46	52	54	58	59	60	61	168	#
577	1242.98	0	1	8	9	14	16	19	20	24	25	26	27	32	33	34	42	43	44	50	51	58	59	168	#
578	1232.69	7	8	11	12	13	14	15	16	17	21	22	23	29	30	31	38	39	46	47	54	55	63	168	#
579	1170.23	21	24	25	26	27	28	29	30	31	35	38	39	43	44	45	46	47	51	53	54	55	63	168	#
580	188.647	11	12	13	19	20	21	28	169	#
581	250.878	4	12	14	19	20	21	28	169	#
582	131.837	12	13	14	21	22	29	30	169	#
583	113.904	12	13	14	21	22	23	29	169	#
584	310.491	7	27	33	34	35	36	43	170	#
585	438.921	26	27	34	35	36	43	45	170	#
586	417.388	42	43	44	51	52	59	60	170	#
587	386.657	26	35	36	37	42	43	51	170	#
588	385.872	19	20	21	26	27	35	43	170	#
589	261.475	7	13	14	15	21	22	30	170	#
590	124.708	17	18	29	171	#
591	146.078	18	19	26	171	#
592	330.108	50	51	52	60	172	#
593	389.066	44	51	52	59	172	#
594	364.061	52	59	60	61	172	#
595	208.422	19	26	27	60	172	#
596	198.667	42	50	57	58	172	#
597	593.027	16	18	19	24	25	26	46	47	173	#
598	515.357	0	8	16	38	39	46	47	54	173	#
599	513.351	16	24	25	26	32	33	34	35	173	#
600	484.434	26	35	36	39	44	46	47	54	173	#
601	418.633	16	19	24	25	26	27	35	36	173	#
602	361.999	16	17	18	19	24	25	26	35	173	#
603	242.099	45	52	53	60	61	62	174	#
604	347.27	47	55	60	61	62	63	174	#
605	309.877	45	46	52	53	60	61	174	#
606	303.309	29	30	37	38	45	46	174	#
607	215.627	44	52	59	60	61	62	174	#
608	1148.69	0	1	2	3	4	8	9	10	11	12	17	18	19	25	26	33	175	#
609	1183.47	0	1	2	3	8	9	10	11	16	17	24	25	26	32	33	34	175	#
610	1157.96	0	1	8	9	16	17	24	25	26	33	38	39	47	55	62	63	175	#
611	1104.08	0	1	2	3	4	5	8	9	10	11	12	16	18	19	26	33	175	#
612	1087.71	1	2	3	8	9	10	16	17	18	24	25	26	27	33	34	35	175	#
613	1030.4	10	16	17	18	19	25	26	27	28	32	33	34	35	36	40	41	175	#
614	376.735	31	37	38	39	47	176	#
615	331.555	29	37	38	39	45	176	#
616	303.438	29	30	31	38	39	176	#
617	293.116	23	31	38	39	47	176	#
618	254.291	1	20	28	29	37	176	#
619	236.899	46	47	54	55	63	176	#
620	225.835	19	25	26	35	177	#
621	333.789	35	36	37	45	177	#
622	271.194	24	25	26	33	177	#
623	134.995	19	20	21	28	177	#
624	253.594	34	40	42	43	56	57	61	178	#
625	368.152	33	34	40	41	42	43	51	178	#
626	339.665	44	49	52	56	57	58	59	178	#
627	288.999	27	34	35	42	43	50	51	178	#
628	242.447	34	42	49	50	56	57	58	178	#
629	175.224	51	52	53	60	61	62	63	178	#
630	245.063	7	14	15	22	23	179	#
631	306.668	14	15	22	23	31	179	#
632	257.789	14	15	20	21	22	179	#
633	246.979	20	21	22	29	30	179	#
634	227.892	7	15	22	23	40	179	#
635	200.05	13	14	15	20	21	179	#
636	154.619	48	49	57	180	#
637	182.589	49	56	57	180	#
638	267.825	20	21	27	28	29	181	#
639	389.2	21	22	47	54	55	181	#
640	363.287	19	20	26	27	28	181	#
641	305.252	20	21	27	28	36	181	#
642	270.394	20	28	29	30	36	181	#
643	1381.35	6	7	14	15	16	17	21	22	23	24	25	26	29	30	31	37	38	39	46	47	54	55	182	#
644	1358.37	5	6	7	14	15	16	19	21	22	23	24	25	31	33	35	36	39	41	47	53	54	61	182	#
645	1321.59	0	1	2	3	8	9	10	11	16	17	18	24	25	26	27	33	34	51	57	58	59	62	182	#
646	1301.42	0	1	2	3	8	9	10	11	15	16	17	18	19	20	23	35	43	50	51	52	58	59	182	#
647	1293.64	10	16	17	18	19	20	24	25	26	27	32	33	34	35	36	37	41	42	46	50	54	58	182	#
648	1202.18	6	7	14	15	21	22	23	29	30	31	34	36	37	38	39	40	41	42	45	46	47	54	182	#
649	325.2	34	41	42	43	50	183	#
650	445.4	32	33	34	41	42	183	#
651	327.933	27	34	35	42	43	183	#
652	304.181	42	50	51	58	59	183	#
653	303.955	42	43	50	51	58	183	#
654	281.971	34	41	42	50	51	183	#
655	524.441	28	36	37	41	42	43	45	50	51	53	184	#
656	689.288	34	35	42	43	51	52	53	54	58	59	184	#
657	678.002	33	34	35	40	41	42	43	50	51	58	184	#
658	665.163	35	36	37	42	43	45	50	51	52	59	184	#
659	652.995	35	36	43	50	51	52	53	54	58	59	184	#
660	615.283	18	26	32	33	34	35	40	41	42	50	184	#
661	761.604	2	3	5	6	9	10	11	12	13	14	23	25	33	41	185	#
662	998.525	8	16	18	24	25	26	33	34	35	40	41	42	43	50	185	#
663	964.183	2	3	8	9	10	11	12	16	27	34	35	41	42	43	185	#
664	940.387	0	1	2	8	9	10	16	17	18	24	25	32	33	41	185	#
665	925.694	19	25	26	27	32	33	34	35	36	40	41	43	51	52	185	#
666	909.318	14	15	16	23	29	36	37	38	39	44	45	46	52	53	185	#
667	1333.77	1	2	3	8	9	10	11	16	17	18	19	25	26	27	28	29	33	34	35	43	186	#
668	1475	9	16	17	18	19	25	26	27	28	29	32	33	34	35	36	37	38	44	45	46	186	#
669	1471.74	3	10	11	16	17	18	19	24	25	26	27	28	32	33	34	35	36	37	44	45	186	#
670	1361.42	18	19	22	23	25	26	27	28	29	30	31	33	34	35	36	37	38	39	43	44	186	#
671	1357.9	0	8	9	10	16	17	18	19	26	27	32	33	34	35	41	43	50	51	58	59	186	#
672	1349.08	1	2	3	4	8	9	10	11	16	17	18	19	24	26	27	28	33	35	36	44	186	#
673	114.275	42	50	51	187	#
674	126.577	50	58	59	187	#
675	126.142	41	42	50	187	#
676	321.062	33	41	42	188	#
677	306.228	33	40	41	188	#
678	358.624	13	15	21	22	23	31	39	189	#
679	424.462	6	7	14	15	21	23	31	189	#
680	363.527	4	6	12	13	14	15	20	189	#
681	360.184	14	15	22	23	30	31	39	189	#
682	341.458	8	37	38	39	45	46	47	189	#
683	318.769	12	13	14	15	22	23	30	189	#
684	658.588	43	48	49	50	51	52	56	57	58	60	190	#
685	662.89	34	35	36	41	42	43	44	51	52	53	190	#
686	656.246	42	43	48	49	50	52	53	57	58	59	190	#
687	645.176	36	41	43	44	50	51	52	57	58	59	190	#
688	616.218	18	25	26	48	49	50	56	57	58	59	190	#
689	613.567	43	50	51	52	53	54	58	59	60	61	190	#
690	3216.27	3	4	5	6	7	11	12	13	14	15	18	19	20	21	22	23	24	25	26	27	28	29	30	31	32	33	34	35	36	37	38	39	40	41	42	43	44	45	46	47	50	51	52	53	54	55	57	58	59	60	61	63	191	#
691	3439.25	0	2	3	4	5	6	7	8	9	10	11	12	13	14	15	16	17	18	19	20	21	22	23	24	25	26	27	28	29	30	31	34	35	36	37	38	39	40	41	42	43	44	45	46	47	51	52	53	54	55	59	63	191	#
692	3427.2	0	1	2	3	4	5	6	7	8	9	10	11	12	13	14	15	16	17	18	19	20	21	22	23	24	25	26	27	28	29	30	31	33	34	35	36	37	38	39	40	41	42	43	44	45	46	47	50	51	54	55	58	191	#
693	3410.27	0	1	3	4	5	6	7	8	9	10	11	12	13	14	15	16	17	18	19	20	21	22	23	24	26	27	28	29	30	31	32	35	36	37	38	39	40	41	42	43	44	45	46	47	50	51	52	53	54	55	59	60	191	#
694	3409.99	0	1	2	3	4	5	6	7	8	9	10	11	12	13	14	15	16	17	18	19	20	21	22	23	24	25	26	27	28	29	30	31	32	33	34	35	36	37	38	39	42	43	44	45	46	47	51	52	53	54	55	58	191	#
695	3398.72	0	1	4	5	6	7	8	9	10	11	12	13	14	15	16	17	18	19	20	21	22	23	24	25	26	27	28	29	30	31	33	34	35	36	37	38	39	40	41	42	43	44	45	46	47	50	51	52	54	58	59	60	191	#
696	839.485	0	1	2	8	9	10	16	17	18	19	26	27	28	192	#
697	1048.71	0	1	2	8	9	10	11	16	17	18	24	25	26	192	#
698	1038.7	0	1	2	8	9	10	16	17	18	24	25	26	35	192	#
699	1006.5	17	18	19	20	24	25	26	27	33	34	35	41	43	192	#
700	990.538	0	1	2	8	9	10	12	16	17	18	24	25	26	192	#
701	981.653	0	1	2	8	9	10	16	17	18	24	26	27	35	192	#
702	592.026	9	10	45	46	48	49	56	57	58	193	#
703	651.48	26	33	41	49	50	51	56	57	58	193	#
704	595.197	43	44	48	49	51	56	57	58	59	193	#
705	557.2	28	29	36	37	38	39	45	46	47	193	#
706	521.665	32	42	49	50	51	56	57	58	59	193	#
707	520.043	42	48	49	50	51	56	57	58	59	193	#
708	754.865	25	26	27	32	33	34	35	36	40	41	44	45	194	#
709	863.552	18	26	32	33	34	36	40	41	42	45	52	53	194	#
710	845.04	16	18	19	24	25	26	27	32	33	34	40	41	194	#
711	843.768	0	1	2	25	32	33	34	40	41	42	43	61	194	#
712	775.507	27	32	33	34	35	40	41	42	43	47	55	63	194	#
713	668.726	16	18	19	24	25	26	27	28	33	35	36	43	194	#
714	446.647	0	1	2	8	9	10	17	58	195	#
715	524.445	0	1	2	8	9	10	16	18	195	#
716	497.084	0	1	2	8	9	16	17	24	195	#
717	496.32	43	44	50	51	52	53	58	59	195	#
718	478.173	0	1	2	8	9	10	16	17	195	#
719	461.507	1	2	3	8	9	10	17	18	195	#
720	1160.28	5	11	13	15	19	21	22	23	27	28	29	30	31	35	36	37	38	39	45	46	47	54	196	#
721	1318.09	21	23	29	30	31	36	37	38	39	44	45	46	47	52	53	54	55	58	59	60	61	63	196	#
722	1305.66	12	19	20	24	25	26	27	28	29	30	31	36	37	38	39	45	46	47	53	54	55	63	196	#
723	1282.82	5	6	7	11	12	13	14	15	21	22	23	29	30	31	38	39	46	47	50	54	57	58	196	#
724	1265.25	7	15	21	22	23	30	31	39	42	43	46	47	50	51	52	53	54	57	58	59	60	61	196	#
725	1263.41	4	5	6	13	14	15	18	21	22	23	29	30	31	36	37	38	39	44	45	46	47	54	196	#
726	171	29	37	#
727	10.3565	61	62	#
728	203.534	2	3	4	5	11	12	13	14	22	198	#
729	303.323	11	12	13	14	21	22	29	30	37	198	#
730	296.241	4	5	6	13	14	20	21	28	29	198	#
731	279.33	4	5	6	12	13	14	20	21	29	198	#
732	254.321	6	7	13	14	15	20	21	22	28	198	#
733	251.841	3	4	5	12	13	14	15	22	23	198	#
734	24.3265	42	#
735	992.69	1	2	3	5	6	7	8	9	10	11	12	13	14	15	18	20	21	22	23	26	29	31	36	37	38	45	199	#
736	1402.58	0	1	2	3	8	9	10	16	17	18	19	24	25	26	28	31	32	33	34	35	36	37	38	39	42	50	199	#
737	1349.14	4	5	6	8	13	14	20	21	29	31	32	33	34	35	36	37	38	39	42	43	44	45	46	47	53	54	199	#
738	1329.54	12	14	15	20	21	28	29	35	36	37	38	39	42	43	44	45	46	50	51	52	53	54	55	58	59	63	199	#
739	1291.1	9	10	14	18	19	20	21	23	27	28	29	30	31	35	36	37	38	39	43	44	45	46	51	52	53	54	199	#
740	1277.45	0	1	2	3	4	8	9	10	11	12	13	14	16	17	18	21	24	25	26	33	34	35	41	42	43	56	199	#
741	808.413	24	25	37	43	45	51	52	53	57	58	59	60	61	62	200	#
742	944.776	29	30	31	37	38	39	42	43	44	45	46	52	53	61	200	#
743	901.031	19	26	27	33	34	35	36	41	42	43	50	51	52	59	200	#
744	900.109	24	25	26	32	33	34	35	36	37	41	42	43	44	51	200	#
745	845.23	32	33	34	42	43	49	50	51	52	53	56	57	58	59	200	#
746	841.117	20	28	29	35	36	37	38	43	44	45	46	47	52	53	200	#
747	1939.31	0	1	2	3	8	9	10	11	12	16	17	18	19	20	21	22	23	24	25	26	27	28	29	30	31	33	34	35	37	38	39	45	52	60	201	#
748	2082.96	6	14	15	16	20	22	23	24	26	27	28	29	30	31	32	33	34	35	36	37	38	39	40	41	42	43	45	46	50	53	54	55	61	63	201	#
749	1984.83	0	1	2	3	8	9	10	13	14	15	16	17	18	19	20	21	23	26	27	28	29	30	32	33	34	35	36	37	38	39	42	43	45	46	201	#
750	1952.86	0	1	2	3	4	5	8	9	10	11	13	17	18	19	20	21	25	26	27	28	29	32	33	34	35	36	37	38	39	45	46	47	53	54	201	#
751	1942.5	3	4	9	10	11	12	13	14	15	17	18	19	20	21	22	23	26	27	28	29	30	32	33	34	35	36	37	38	39	41	42	43	45	46	201	#
752	1933.52	4	6	7	9	10	12	13	14	15	18	19	20	21	22	23	26	27	28	29	30	31	33	34	35	36	37	38	39	42	43	45	46	47	53	201	#
753	424.234	47	52	53	54	55	60	61	62	63	202	#
754	551.838	30	31	38	39	46	47	53	54	55	202	#
755	549.645	35	36	37	38	45	46	54	55	63	202	#
756	537.362	26	27	34	35	36	54	55	62	63	202	#
757	503.518	45	46	47	53	54	55	61	62	63	202	#
758	492.02	37	38	39	46	47	53	54	55	63	202	#
759	240.63	29	36	37	203	#
760	182.844	37	38	45	203	#
761	181.236	14	23	36	203	#
762	541.327	35	42	43	50	51	52	58	59	204	#
763	540.877	34	35	41	42	43	50	51	52	204	#
764	535.181	7	15	36	43	44	51	52	59	204	#
765	526.149	42	43	50	51	52	58	59	60	204	#
766	504.061	34	35	42	43	44	50	51	52	204	#
767	487.301	42	43	44	50	51	52	53	59	204	#
768	102.816	9	#
769	224.163	43	44	51	59	205	#
770	241.092	42	50	58	59	205	#
771	189.675	42	43	51	52	205	#
772	176.952	42	43	50	51	205	#
773	101.099	28	36	44	53	205	#
774	287.412	39	47	55	63	206	#
775	402.364	31	39	47	55	206	#
776	303.338	30	38	39	47	206	#
777	227.51	54	55	62	63	206	#
778	329.945	2	10	11	12	17	18	207	#
779	394.437	9	10	11	12	16	20	207	#
780	310.457	0	1	2	8	9	17	207	#
781	301.559	4	9	10	12	17	18	207	#
782	195.054	4	5	11	12	13	20	207	#
783	104.723	15	#
784	545.283	6	7	14	15	20	21	22	23	208	#
785	609.118	7	14	15	22	23	31	39	47	208	#
786	565.899	6	14	21	22	23	31	38	39	208	#
787	535.294	20	21	28	36	38	39	46	47	208	#
788	450.704	12	19	20	21	28	36	37	45	208	#
789	414.057	6	13	14	15	21	22	30	31	208	#
790	716.605	45	46	47	52	54	55	60	61	62	63	209	#
791	700.979	29	30	31	38	39	47	55	61	62	63	209	#
792	696.884	29	37	38	46	47	54	55	61	62	63	209	#
793	675.595	20	28	35	36	45	46	52	53	54	61	209	#
794	650.557	29	37	39	45	46	47	53	54	55	63	209	#
795	638.848	43	51	52	53	54	55	60	61	62	63	209	#
796	275.468	42	48	49	50	56	57	58	210	#
797	412.125	25	32	33	48	49	56	57	210	#
798	359.256	35	36	43	44	52	58	59	210	#
799	279.649	48	49	50	51	56	57	58	210	#
800	253.432	42	50	51	56	57	58	59	210	#
801	235.636	41	42	43	50	51	57	58	210	#
802	629.905	0	1	2	8	9	16	17	18	24	25	211	#
803	677.34	0	1	2	3	4	8	9	11	16	17	211	#
804	631.217	0	1	2	3	8	9	10	17	18	19	211	#
805	626.144	2	10	16	18	19	24	25	26	33	41	211	#
806	619.432	0	1	2	3	8	9	10	11	16	17	211	#
807	564.04	16	17	19	24	25	26	32	33	41	42	211	#
808	1138.6	12	13	14	21	35	38	39	43	46	50	51	52	53	54	58	59	212	#
809	1154.44	3	6	11	12	13	14	20	21	22	23	39	45	46	47	54	55	212	#
810	1128.92	31	36	38	39	43	45	46	47	51	52	53	54	55	60	61	63	212	#
811	999.305	14	21	22	29	30	31	37	38	39	42	43	46	47	50	54	58	212	#
812	998.437	36	43	44	49	50	51	52	53	54	55	56	57	58	59	60	61	212	#
813	991.613	16	17	19	24	25	26	27	32	33	34	35	36	37	40	41	43	212	#
814	1718.71	4	5	6	7	11	13	14	15	18	19	20	21	22	23	25	26	28	30	31	36	38	39	44	45	46	47	52	53	54	55	58	59	60	61	213	#
815	1978.77	5	6	14	15	16	19	20	22	23	24	25	26	27	28	29	30	31	33	34	35	36	37	38	39	42	43	45	46	47	52	53	54	55	61	213	#
816	1836.73	0	1	2	3	4	5	6	9	10	11	13	14	15	17	18	19	20	21	22	23	25	26	27	28	30	31	33	35	36	38	39	45	46	58	213	#
817	1823.29	8	16	18	19	20	24	25	26	27	28	29	32	33	34	35	36	37	38	40	41	42	44	45	46	48	49	50	51	52	53	54	56	57	58	213	#
818	1799.48	0	1	2	3	8	9	10	11	12	16	17	18	19	20	24	25	26	27	28	32	33	34	35	36	40	41	42	50	51	52	53	54	55	63	213	#
819	1732.93	5	8	9	12	13	14	15	16	17	18	19	20	21	22	23	24	25	26	27	28	29	30	33	34	35	36	37	38	42	43	44	45	46	52	213	#
820	6.89523	61	#
821	245.077	25	26	32	33	214	#
822	297.082	24	25	32	33	214	#
823	208.837	25	33	34	53	214	#
824	160.567	9	17	18	26	214	#
825	295.811	46	47	54	55	63	215	#
826	316.168	38	46	47	54	55	215	#
827	313.192	41	55	61	62	63	215	#
828	293.579	38	39	46	47	54	215	#
829	276.042	39	47	54	55	63	215	#
830	239.611	45	46	53	54	61	215	#
831	1122.8	3	4	9	10	11	12	13	16	17	18	19	20	21	25	26	27	28	29	33	35	36	37	50	58	216	#
832	1522.9	18	19	20	21	25	26	29	30	33	34	35	36	37	38	42	43	44	45	46	47	51	53	54	55	216	#
833	1512.03	0	1	8	9	10	11	18	19	25	26	27	28	29	35	36	37	42	43	44	45	46	50	58	60	216	#
834	1485.38	0	1	4	7	8	9	15	16	17	18	19	20	23	24	25	26	27	28	31	35	36	43	44	45	216	#
835	1409.19	2	3	10	18	19	20	26	27	28	29	30	31	33	34	35	36	37	38	39	41	42	44	45	46	216	#
836	1406.63	0	1	2	3	4	8	9	10	11	12	16	17	18	24	25	33	34	35	41	48	49	50	57	58	216	#
837	387.053	9	16	17	22	45	53	60	61	217	#
838	517.159	1	9	16	17	18	26	34	35	217	#
839	509.515	8	9	17	44	49	57	58	59	217	#
840	467.962	8	9	16	17	18	19	24	25	217	#
841	443.627	51	52	53	54	59	60	61	62	217	#
842	415.045	39	50	52	58	59	60	61	62	217	#
843	1080.71	6	14	16	18	19	20	21	25	26	27	28	29	33	34	35	36	45	53	61	62	218	#
844	1214.82	14	15	18	19	20	23	24	25	26	27	28	29	33	35	41	49	50	54	57	58	218	#
845	1187.9	12	19	20	25	26	27	28	36	37	38	39	45	46	47	48	49	54	55	62	63	218	#
846	1187.49	13	19	20	21	26	27	28	29	30	31	33	34	35	36	37	38	39	45	47	55	218	#
847	1133.65	12	18	19	20	24	25	26	27	28	29	32	33	34	35	36	40	41	43	45	51	218	#
848	1131.8	16	18	19	24	25	26	27	28	32	33	34	35	36	40	41	42	43	45	50	51	218	#
849	221.199	54	55	62	63	219	#
850	327.338	39	47	55	63	219	#
851	305.145	45	46	53	54	219	#
852	142.792	53	61	62	63	219	#
853	225.285	25	32	33	220	#
854	248.098	25	33	34	220	#
855	143.008	26	32	33	220	#
856	659.116	2	3	8	9	10	16	17	18	24	25	31	38	39	221	#
857	982.43	2	9	17	18	26	29	31	36	37	38	45	46	54	221	#
858	838.757	1	2	3	4	9	10	28	36	37	45	46	47	54	221	#
859	813.384	23	28	30	31	36	37	38	39	45	46	53	54	61	221	#
860	695.997	2	9	10	11	16	17	18	19	20	21	26	27	29	221	#
861	693.8	1	2	3	4	9	10	11	12	17	18	19	20	26	221	#
862	812.204	1	8	9	10	18	19	25	26	33	34	222	#
863	755.125	9	10	17	18	25	26	27	34	35	43	222	#
864	721.34	26	32	33	34	40	41	46	47	54	55	222	#
865	689.498	2	10	17	18	19	27	32	33	34	35	222	#
866	672.004	8	9	10	11	16	17	18	19	26	27	222	#
867	655.637	9	10	17	18	19	24	25	26	28	35	222	#
868	45.6956	0	#
869	1394.96	6	14	16	23	24	30	31	37	38	39	43	44	45	46	47	51	52	53	54	55	59	61	62	63	223	#
870	1467.75	1	2	3	8	9	11	15	16	20	21	23	27	28	29	30	31	37	38	39	45	46	47	55	62	223	#
871	1450.71	0	1	8	9	16	17	18	19	24	25	26	27	32	33	34	35	36	37	41	42	43	44	48	51	223	#
872	1383.51	2	3	8	9	10	16	17	18	19	20	24	25	26	27	28	29	33	35	41	42	43	48	50	58	223	#
873	1377.31	13	14	18	19	27	30	31	35	36	37	38	39	40	41	43	44	45	46	47	52	53	54	55	61	223	#
874	1376.4	26	29	30	31	35	36	37	38	39	40	41	43	44	45	46	47	50	51	52	53	54	55	59	63	223	#
875	89.4814	36	37	224	#
876	81.3344	37	45	224	#
877	657.573	0	1	2	3	8	9	10	11	18	26	60	61	225	#
878	781.669	1	2	8	9	32	33	34	52	53	54	59	61	225	#
879	767.067	0	1	2	3	8	9	10	11	17	22	23	34	225	#
880	765.884	0	1	2	3	8	9	10	11	16	17	24	25	225	#
881	752.212	0	1	2	3	4	5	6	10	11	12	13	20	225	#
882	656.452	0	1	2	3	4	8	9	10	11	12	17	18	225	#
883	166.623	43	44	51	226	#
884	211.627	35	42	43	226	#
885	184.582	36	44	52	226	#
886	381.085	46	54	55	63	227	#
887	346.529	54	55	62	63	227	#
888	292.136	15	38	39	46	227	#
889	336.272	22	28	29	30	36	44	228	#
890	458.754	36	43	44	52	59	60	228	#
891	440.135	8	9	16	22	23	31	228	#
892	411.943	10	19	26	27	35	36	228	#
893	369.982	19	20	26	27	28	36	228	#
894	331.468	14	23	29	30	31	37	228	#
895	865.06	6	7	13	14	15	21	23	31	37	38	39	46	229	#
896	874.455	7	14	15	22	23	29	30	31	37	38	39	46	229	#
897	849.106	6	7	13	14	15	21	23	31	38	39	45	46	229	#
898	702.096	7	14	15	21	22	23	27	28	29	30	31	50	229	#
899	694.625	12	20	22	28	29	30	31	36	37	38	39	47	229	#
900	693.364	7	14	15	21	22	23	29	30	31	39	41	42	229	#
901	665.015	18	19	20	24	25	26	33	34	35	41	230	#
902	688.171	24	25	26	27	33	34	35	41	42	43	230	#
903	669.161	16	24	25	26	27	32	33	34	35	43	230	#
904	641.916	16	17	18	19	24	25	26	33	43	51	230	#
905	594.784	26	32	33	34	35	36	42	44	52	56	230	#
906	582.231	17	18	19	24	25	26	33	40	41	62	230	#
907	755.49	19	24	25	26	27	28	29	33	35	36	37	231	#
908	821.256	16	17	18	19	25	26	27	28	32	33	41	231	#
909	807.978	1	2	3	8	9	11	16	17	24	38	63	231	#
910	785.904	16	24	25	26	27	33	34	35	40	41	42	231	#
911	715.852	2	3	10	11	13	19	21	27	28	29	30	231	#
912	693.091	9	10	13	17	18	19	24	25	26	27	35	231	#
913	21.4837	28	#
914	169.027	8	9	232	#
915	109.196	9	60	232	#
916	605.573	29	35	36	37	38	39	45	46	54	233	#
917	637.532	26	27	29	34	35	36	37	45	46	233	#
918	600.734	19	25	26	27	28	35	36	37	43	233	#
919	563.506	22	30	38	39	45	46	47	55	63	233	#
920	561.927	38	43	45	46	47	53	54	55	63	233	#
921	532.251	7	15	28	29	36	37	43	44	45	233	#
922	647.553	35	42	43	48	49	50	51	52	56	57	58	59	234	#
923	817.344	18	24	25	26	33	34	35	41	42	43	50	51	234	#
924	776.156	18	19	25	26	27	33	35	41	42	43	50	51	234	#
925	751.879	48	49	50	51	52	53	54	55	56	57	58	59	234	#
926	734.09	3	42	43	48	49	50	51	52	56	57	58	59	234	#
927	662.974	25	26	27	28	34	35	36	37	41	42	45	46	234	#
928	282.137	26	33	34	35	235	#
929	380.481	26	33	34	41	235	#
930	315.816	18	25	26	33	235	#
931	220.231	18	19	20	26	235	#
932	171.663	27	28	35	36	235	#
933	347.998	36	45	46	54	236	#
934	368.113	38	45	46	54	236	#
935	301.904	36	43	44	45	236	#
936	285.254	35	36	37	45	236	#
937	238.679	37	45	46	53	236	#
938	327.414	14	15	21	22	23	237	#
939	337.369	14	21	22	23	31	237	#
940	324.172	15	20	21	22	23	237	#
941	230.986	13	14	15	21	29	237	#
942	123.719	12	13	14	21	29	237	#
943	546.602	5	6	7	14	15	22	28	29	36	45	238	#
944	709.415	6	7	14	15	22	23	31	39	47	55	238	#
945	667.493	4	5	6	12	14	15	21	22	23	29	238	#
946	616.611	6	7	14	15	21	22	23	29	31	39	238	#
947	524.974	36	44	45	46	51	52	53	54	61	62	238	#
948	522.245	7	14	15	21	22	23	28	29	30	36	238	#
949	18.7194	21	#
950	226.775	10	17	18	19	26	30	239	#
951	275.208	19	26	27	33	34	35	239	#
952	240.646	1	2	9	10	11	17	239	#
953	229.145	1	2	10	18	19	26	239	#
954	216.988	13	19	20	21	22	29	239	#
955	423.819	1	8	9	10	16	18	24	240	#
956	421.288	18	24	25	26	33	41	42	240	#
957	396.168	1	9	10	16	17	18	24	240	#
958	371.936	16	18	19	24	25	26	27	240	#
959	336.028	18	19	26	27	28	34	35	240	#
960	311.163	0	1	2	8	9	10	16	240	#
961	257.228	33	34	35	40	41	42	44	241	#
962	365.952	35	36	43	44	45	52	53	241	#
963	343.036	32	33	34	41	42	50	51	241	#
964	333.156	26	27	33	34	35	40	41	241	#
965	287.682	33	34	41	42	43	57	58	241	#
966	246.267	26	27	35	36	42	43	44	241	#
967	312.202	25	26	33	40	41	242	#
968	322.775	25	26	33	34	35	242	#
969	308.382	40	41	42	43	50	242	#
970	286.866	19	26	27	33	35	242	#
971	256.562	16	17	24	25	26	242	#
972	239.895	6	14	21	22	41	242	#
973	562.671	6	14	15	22	23	29	30	31	243	#
974	588.113	6	14	15	22	23	30	31	38	243	#
975	547.397	14	15	22	23	30	31	37	38	243	#
976	537.011	6	14	15	21	22	23	31	42	243	#
977	522.098	21	29	30	35	36	37	45	55	243	#
978	487.151	5	6	13	14	15	22	23	30	243	#
979	1285.88	4	12	19	20	21	22	23	24	25	26	27	28	29	30	31	36	37	38	39	45	46	52	53	54	61	244	#
980	1535.65	0	1	2	3	4	8	9	11	12	16	18	19	21	24	25	26	27	28	29	32	33	35	36	40	41	244	#
981	1486.03	19	25	26	28	29	30	31	32	33	36	37	38	39	41	45	46	52	53	54	55	59	60	61	62	63	244	#
982	1449.49	2	10	16	18	19	20	24	25	26	27	28	32	33	35	36	40	41	43	44	51	52	53	54	59	60	244	#
983	1348.67	18	19	20	21	22	23	25	26	27	28	29	30	33	34	35	36	37	38	41	42	45	46	52	53	54	244	#
984	1319.57	0	1	2	5	6	7	9	10	13	14	15	18	19	20	21	22	23	26	27	28	29	30	31	38	46	244	#
985	657.74	30	37	38	45	46	47	54	55	245	#
986	628.443	29	37	38	39	46	52	54	59	245	#
987	618.809	36	37	45	46	54	55	56	57	245	#
988	599.337	29	30	31	37	38	39	46	47	245	#
989	573.962	36	44	46	47	52	53	54	55	245	#
990	520.554	36	37	38	45	46	53	54	61	245	#
991	1361.61	1	2	3	4	5	6	7	10	11	12	13	14	15	20	21	22	23	29	30	31	37	38	39	46	47	246	#
992	1747.26	0	1	2	3	8	9	11	23	24	29	30	31	37	38	39	45	46	47	52	53	54	55	61	62	63	246	#
993	1580.43	4	5	6	13	14	15	21	22	23	29	30	31	36	38	39	44	45	47	52	53	54	55	56	57	60	246	#
994	1542.48	12	13	14	15	20	21	22	23	29	30	31	36	37	38	39	45	46	47	52	53	54	55	60	61	63	246	#
995	1541.17	5	6	13	14	15	21	22	23	30	31	36	37	38	39	44	45	46	47	53	54	55	60	61	62	63	246	#
996	1501.63	1	2	3	4	5	6	9	10	11	14	15	16	17	18	19	21	22	23	26	27	29	30	31	39	47	246	#
997	686.777	8	16	19	20	21	22	26	27	28	29	30	34	35	36	37	44	52	247	#
998	1017.21	2	9	10	18	19	24	25	26	33	34	35	36	40	41	42	50	51	247	#
999	897.901	25	26	33	34	35	36	42	43	44	45	46	50	51	52	58	59	60	247	#
1000	889.481	2	3	10	11	18	19	20	24	25	26	32	33	34	35	36	44	45	247	#
1001	889.295	18	19	20	25	26	27	28	29	33	34	35	36	37	38	44	45	52	247	#
1002	869.545	16	17	18	19	20	24	25	26	27	28	29	33	35	36	43	44	52	247	#
