%% File generated by CATS v.2.1Wed Jun 22 10:37:36 2022

%% The CATS webpage is http://robotics.stanford.edu/CATS

%% PARAMETER SETTINGS:
% Goods: 64; Bids: 1000; Distribution: paths; Runs: 1; Seed: 1656572742
% Paths Distribution Parameters:
% Initial connections:       = 2
% Edge density:              = 3.000000
% Shipping cost factor:      = 1.500000
% Max bid set size:          = 5
% Building penalty:          = 1.700000



goods 64
bids 1000
dummy 332

0	0.275515	13	17	#
1	0.93001	64	65	#
2	0.93001	9	29	50	65	#
3	0.699406	46	66	#
4	0.699406	18	60	66	#
5	0.699406	9	13	14	22	66	#
6	0.842837	0	11	26	38	67	#
7	0.842837	43	59	67	#
8	0.842837	0	43	60	67	#
9	0.842837	11	32	59	67	#
10	0.842837	0	11	32	60	67	#
11	0.307585	40	#
12	0.358262	4	15	24	68	#
13	0.358262	15	19	23	68	#
14	0.358262	3	4	15	23	68	#
15	0.358262	3	15	19	24	68	#
16	0.358262	11	40	68	#
17	1.01321	1	13	14	18	35	69	#
18	1.01321	1	2	13	14	18	27	69	#
19	1.01321	0	13	14	18	25	27	69	#
20	0.242103	1	18	#
21	0.741459	63	70	#
22	0.741459	15	19	38	70	#
23	0.741459	3	4	15	38	70	#
24	0.741459	3	11	38	54	70	#
25	0.741459	11	12	19	38	70	#
26	0.804999	15	17	38	71	#
27	0.804999	15	32	46	71	#
28	0.804999	17	19	63	71	#
29	0.804999	3	4	17	63	71	#
30	0.804999	11	12	17	38	71	#
31	0.791166	6	48	#
32	0.781091	1	7	28	35	72	#
33	0.781091	1	2	7	27	28	72	#
34	0.781091	1	6	16	28	35	72	#
35	0.781091	0	7	61	72	#
36	0.781091	1	2	6	16	27	28	72	#
37	0.771778	11	17	38	73	#
38	0.771778	43	46	73	#
39	0.771778	11	32	46	73	#
40	0.780981	4	57	74	#
41	0.780981	3	19	57	74	#
42	0.780981	4	15	26	38	74	#
43	0.780981	3	26	63	74	#
44	0.780981	3	15	19	26	38	74	#
45	0.896615	1	16	18	28	35	75	#
46	0.896615	1	6	7	18	28	35	75	#
47	0.896615	1	2	16	18	27	28	75	#
48	0.896615	1	2	6	7	18	27	28	75	#
49	0.896615	0	16	18	61	75	#
50	0.798176	4	15	17	38	76	#
51	0.798176	3	17	63	76	#
52	0.798176	3	15	17	19	38	76	#
53	0.798176	4	15	32	46	76	#
54	0.798176	3	15	19	32	46	76	#
55	0.399421	3	30	54	77	#
56	0.399421	12	19	30	77	#
57	0.399421	3	4	12	30	77	#
58	0.399421	15	19	31	77	#
59	0.399421	3	4	15	31	77	#
60	1.00437	14	42	#
61	0.896615	1	16	18	28	35	78	#
62	0.896615	1	6	7	18	28	35	78	#
63	0.896615	1	2	16	18	27	28	78	#
64	0.896615	1	2	6	7	18	27	28	78	#
65	0.896615	0	16	18	61	78	#
66	0.813689	16	58	79	#
67	0.813689	6	7	58	79	#
68	0.813689	4	15	55	79	#
69	0.813689	3	15	19	55	79	#
70	0.813689	6	30	41	54	79	#
71	0.544841	9	14	22	#
72	0.911822	28	58	80	#
73	0.911822	30	54	62	80	#
74	0.147159	29	#
75	0.344267	40	81	#
76	0.344267	24	54	81	#
77	0.344267	3	23	54	81	#
78	0.344267	4	12	24	81	#
79	0.344267	12	19	23	81	#
80	0.727665	5	47	#
81	0.979067	5	47	82	#
82	0.979067	0	1	47	82	#
83	0.979067	2	25	47	82	#
84	0.979067	25	27	62	82	#
85	0.979067	0	26	31	38	82	#
86	0.0418902	4	#
87	0.399421	3	30	54	83	#
88	0.399421	12	19	30	83	#
89	0.399421	3	4	12	30	83	#
90	0.399421	15	19	31	83	#
91	0.399421	3	4	15	31	83	#
92	0.864772	4	5	34	84	#
93	0.864772	0	4	57	84	#
94	0.864772	3	5	19	34	84	#
95	0.864772	0	3	19	57	84	#
96	0.864772	0	4	15	26	38	84	#
97	0.361848	12	30	85	#
98	0.361848	15	31	85	#
99	0.883277	41	44	86	#
100	0.883277	7	20	58	86	#
101	0.883277	3	7	21	58	86	#
102	0.883277	6	16	20	58	86	#
103	0.537909	62	#
104	0.0104048	3	#
105	0.949168	5	34	51	87	#
106	0.949168	0	51	57	87	#
107	0.949168	4	5	20	34	87	#
108	0.949168	0	4	20	57	87	#
109	0.949168	5	19	21	34	87	#
110	0.245323	0	26	#
111	0.794358	16	61	88	#
112	0.794358	6	7	61	88	#
113	0.794358	16	25	27	28	88	#
114	0.794358	6	7	25	27	28	88	#
115	0.794358	5	16	28	35	88	#
116	0.708029	11	38	#
117	0.77125	0	26	38	#
118	0.800358	49	89	#
119	0.800358	36	51	89	#
120	0.800358	4	20	36	89	#
121	0.800358	19	21	36	89	#
122	0.800358	3	4	21	36	89	#
123	0.910248	5	47	90	#
124	0.910248	0	1	47	90	#
125	0.817354	4	49	91	#
126	0.817354	3	19	49	91	#
127	0.817354	20	36	91	#
128	0.817354	3	21	36	91	#
129	0.817354	4	36	51	91	#
130	0.427986	9	22	#
131	0.813689	16	58	92	#
132	0.813689	6	7	58	92	#
133	0.813689	4	15	55	92	#
134	0.813689	3	15	19	55	92	#
135	0.813689	6	30	41	54	92	#
136	0.787586	16	55	93	#
137	0.787586	6	7	55	93	#
138	0.787586	7	31	41	93	#
139	0.787586	7	11	30	41	93	#
140	0.787586	6	16	31	41	93	#
141	0.423221	0	13	18	#
142	0.770769	19	37	94	#
143	0.770769	3	4	37	94	#
144	0.23605	1	2	#
145	0.803093	7	58	95	#
146	0.803093	6	16	58	95	#
147	0.803093	4	6	15	55	95	#
148	0.803093	30	41	54	95	#
149	0.106099	1	#
150	0.726405	49	#
151	0.921182	4	24	49	96	#
152	0.921182	19	23	49	96	#
153	0.921182	3	4	23	49	96	#
154	0.921182	3	19	24	49	96	#
155	0.921182	21	23	36	96	#
156	0.725402	7	61	97	#
157	0.725402	6	16	61	97	#
158	0.0671217	9	#
159	0.896615	1	16	18	28	35	98	#
160	0.896615	1	6	7	18	28	35	98	#
161	0.896615	1	2	16	18	27	28	98	#
162	0.896615	1	2	6	7	18	27	28	98	#
163	0.896615	0	16	18	61	98	#
164	0.494282	41	#
165	0.86728	15	39	51	99	#
166	0.86728	4	15	20	39	99	#
167	0.86728	15	19	21	39	99	#
168	0.86728	3	4	15	21	39	99	#
169	0.86728	3	15	19	20	39	99	#
170	0.741459	63	100	#
171	0.741459	15	19	38	100	#
172	0.741459	3	4	15	38	100	#
173	0.741459	3	11	38	54	100	#
174	0.741459	11	12	19	38	100	#
175	0.817354	4	49	101	#
176	0.817354	3	19	49	101	#
177	0.817354	20	36	101	#
178	0.817354	3	21	36	101	#
179	0.817354	4	36	51	101	#
180	0.774967	19	57	102	#
181	0.774967	3	4	57	102	#
182	0.774967	26	63	102	#
183	0.774967	15	19	26	38	102	#
184	0.774967	3	4	15	26	38	102	#
185	0.378472	9	22	#
186	0.809704	6	30	41	103	#
187	0.809704	11	55	103	#
188	0.809704	6	11	31	41	103	#
189	0.809704	7	16	30	41	103	#
190	0.215875	13	#
191	0.318303	10	104	#
192	0.318303	9	32	104	#
193	0.916327	1	16	26	28	35	105	#
194	0.916327	1	6	7	26	28	35	105	#
195	0.916327	1	2	16	26	27	28	105	#
196	0.916327	1	2	6	7	26	27	28	105	#
197	0.916327	0	16	26	61	105	#
198	0.581891	13	14	18	106	#
199	0.581891	13	14	17	26	106	#
200	0.789675	1	2	9	60	#
201	0.762857	62	107	#
202	0.762857	7	28	41	107	#
203	0.828824	34	51	108	#
204	0.828824	4	20	34	108	#
205	0.828824	19	21	34	108	#
206	0.828824	3	4	21	34	108	#
207	0.828824	3	19	20	34	108	#
208	0.66886	16	27	28	109	#
209	0.66886	6	7	27	28	109	#
210	1.15755	6	9	22	48	110	#
211	1.15755	14	56	110	#
212	1.15755	7	14	42	110	#
213	1.15755	6	14	16	42	110	#
214	1.15755	6	10	22	55	110	#
215	0.662088	11	38	#
216	0.765851	36	#
217	0.790837	11	26	38	111	#
218	0.790837	43	60	111	#
219	0.790837	11	32	60	111	#
220	0.790837	11	17	18	38	111	#
221	0.790837	18	43	46	111	#
222	0.146552	17	#
223	0.227157	30	#
224	0.909379	1	7	26	28	35	112	#
225	0.909379	1	2	7	26	27	28	112	#
226	0.909379	1	6	16	26	28	35	112	#
227	0.909379	0	7	26	61	112	#
228	0.909379	1	2	6	16	26	27	28	112	#
229	0.80997	7	28	35	113	#
230	0.80997	2	7	27	28	113	#
231	0.80997	6	16	28	35	113	#
232	0.80997	2	6	16	27	28	113	#
233	0.80997	5	7	61	113	#
234	0.819723	41	44	#
235	0.149804	2	#
236	0.314254	44	#
237	0.37566	7	28	114	#
238	0.37566	6	16	28	114	#
239	0.805203	15	39	#
240	0.642705	17	38	#
241	0.5316	27	28	#
242	0.780981	4	57	115	#
243	0.780981	3	19	57	115	#
244	0.780981	4	15	26	38	115	#
245	0.780981	3	26	63	115	#
246	0.780981	3	15	19	26	38	115	#
247	0.244932	1	2	#
248	0.15418	5	#
249	0.542217	30	40	116	#
250	0.542217	24	30	54	116	#
251	0.542217	3	23	30	54	116	#
252	0.542217	4	12	24	30	116	#
253	0.542217	12	19	23	30	116	#
254	0.132223	21	117	#
255	0.132223	3	20	117	#
256	1.03303	24	58	118	#
257	1.03303	3	23	58	118	#
258	1.03303	4	19	23	58	118	#
259	1.03303	7	30	40	41	118	#
260	1.03303	6	16	30	40	41	118	#
261	0.760509	9	22	30	43	119	#
262	0.760509	10	22	31	119	#
263	0.760509	10	11	22	30	119	#
264	0.760509	9	22	31	32	119	#
265	0.760509	9	11	22	30	32	119	#
266	0.830813	1	2	18	27	28	139	#
267	0.689046	11	26	38	#
268	0.424624	35	120	#
269	0.424624	2	27	120	#
270	0.86728	15	39	51	121	#
271	0.86728	4	15	20	39	121	#
272	0.86728	15	19	21	39	121	#
273	0.86728	3	4	15	21	39	121	#
274	0.86728	3	15	19	20	39	121	#
275	0.702458	1	60	122	#
276	0.702458	1	18	46	122	#
277	0.519618	30	43	123	#
278	0.519618	31	32	123	#
279	0.519618	11	30	32	123	#
280	0.519618	9	10	31	123	#
281	0.519618	9	10	11	30	123	#
282	0.574579	1	35	124	#
283	0.574579	1	2	27	124	#
284	0.574579	0	25	27	124	#
285	0.574579	0	5	35	124	#
286	0.574579	0	2	5	27	124	#
287	0.835355	37	#
288	0.760509	9	22	30	43	125	#
289	0.760509	10	22	31	125	#
290	0.760509	10	11	22	30	125	#
291	0.760509	9	22	31	32	125	#
292	0.760509	9	11	22	30	32	125	#
293	0.622027	46	126	#
294	0.622027	18	60	126	#
295	0.863055	5	19	34	127	#
296	0.863055	3	4	5	34	127	#
297	0.863055	0	19	57	127	#
298	0.863055	0	3	4	57	127	#
299	0.863055	0	26	63	127	#
300	0.86728	15	39	51	128	#
301	0.86728	4	15	20	39	128	#
302	0.86728	15	19	21	39	128	#
303	0.86728	3	4	15	21	39	128	#
304	0.86728	3	15	19	20	39	128	#
305	0.798542	47	#
306	0.192945	54	129	#
307	0.192945	4	12	129	#
308	0.192945	3	12	19	129	#
309	0.499079	10	22	#
310	0.351324	15	32	#
311	0.809952	55	130	#
312	0.809952	6	31	41	130	#
313	0.809952	6	11	30	41	130	#
314	0.569661	6	41	#
315	1.07719	30	40	62	131	#
316	1.07719	24	28	58	131	#
317	1.07719	3	23	28	58	131	#
318	1.07719	24	30	54	62	131	#
319	1.07719	3	23	30	54	62	131	#
320	0.441364	10	15	19	132	#
321	0.441364	3	4	10	15	132	#
322	0.441364	9	15	19	32	132	#
323	0.441364	3	4	9	15	32	132	#
324	0.441364	3	9	43	54	132	#
325	0.889667	1	7	18	28	35	133	#
326	0.889667	1	2	7	18	27	28	133	#
327	0.889667	1	6	16	18	28	35	133	#
328	0.889667	0	7	18	61	133	#
329	0.889667	1	2	6	16	18	27	28	133	#
330	0.949168	5	34	51	134	#
331	0.949168	0	51	57	134	#
332	0.949168	4	5	20	34	134	#
333	0.949168	0	4	20	57	134	#
334	0.949168	5	19	21	34	134	#
335	0.830813	0	18	61	139	#
336	0.168147	29	#
337	0.948536	7	24	58	135	#
338	0.948536	3	7	23	58	135	#
339	0.948536	30	40	41	135	#
340	0.948536	6	16	24	58	135	#
341	0.948536	3	6	16	23	58	135	#
342	0.175169	5	#
343	0.105578	0	#
344	0.949168	5	34	51	136	#
345	0.949168	0	51	57	136	#
346	0.949168	4	5	20	34	136	#
347	0.949168	0	4	20	57	136	#
348	0.949168	5	19	21	34	136	#
349	0.737941	20	53	137	#
350	0.737941	22	52	137	#
351	0.737941	3	21	53	137	#
352	0.737941	10	15	22	51	137	#
353	0.737941	9	15	22	32	51	137	#
354	0.843683	4	15	39	138	#
355	0.843683	3	15	19	39	138	#
356	0.843683	14	53	138	#
357	0.843683	4	10	14	15	22	138	#
358	0.843683	11	39	54	138	#
359	0.830813	1	18	28	35	139	#
360	0.80373	57	140	#
361	0.80373	15	26	38	140	#
362	0.80373	1	34	140	#
363	0.80373	15	32	60	140	#
364	0.80373	19	26	63	140	#
365	1.25725	13	33	141	#
366	1.25725	8	13	45	141	#
367	0.885297	58	3	142	#
368	0.885297	58	4	19	142	#
369	0.885297	58	20	21	142	#
370	0.885297	16	55	15	19	142	#
371	0.885297	16	55	15	4	3	142	#
372	0.615923	22	10	15	143	#
373	0.615923	22	9	32	15	143	#
374	0.414973	13	18	0	#
375	0.0452135	4	#
376	0.612786	38	#
377	0.880199	44	41	6	144	#
378	0.880199	20	58	16	144	#
379	0.880199	20	58	7	6	144	#
380	0.880199	21	3	58	16	144	#
381	0.880199	51	15	55	144	#
382	0.488465	41	6	#
383	0.0945001	7	#
384	0.731194	17	38	145	#
385	0.731194	46	32	145	#
386	0.731194	46	9	10	145	#
387	0.259803	17	13	#
388	1.074	64	8	146	#
389	1.074	9	50	29	8	146	#
390	1.074	10	15	49	146	#
391	1.074	9	32	15	49	146	#
392	1.074	52	36	146	#
393	0.949168	51	34	5	147	#
394	0.949168	51	57	0	147	#
395	0.949168	20	4	34	5	147	#
396	0.949168	20	4	57	0	147	#
397	0.949168	21	19	34	5	147	#
398	0.786679	55	148	#
399	0.786679	6	41	31	148	#
400	0.786679	6	41	30	11	148	#
401	0.5505	35	1	149	#
402	0.5505	27	2	1	149	#
403	0.5505	27	25	0	149	#
404	0.775257	17	38	15	4	150	#
405	0.775257	17	63	3	150	#
406	0.775257	17	38	15	19	3	150	#
407	0.82494	11	38	26	0	151	#
408	0.82494	43	59	151	#
409	0.82494	43	60	0	151	#
410	0.808695	51	34	#
411	0.566348	14	13	18	0	#
412	0.84781	62	30	#
413	0.241831	28	#
414	0.464651	52	152	#
415	0.464651	10	15	51	152	#
416	0.464651	9	32	15	51	152	#
417	0.464651	10	15	4	20	152	#
418	0.464651	9	32	15	4	20	152	#
419	0.851866	0	26	38	153	#
420	0.851866	59	32	153	#
421	0.851866	0	60	32	153	#
422	0.851866	0	18	17	38	153	#
423	0.851866	0	18	46	32	153	#
424	0.270185	43	154	#
425	0.270185	11	32	154	#
426	0.927269	57	4	24	155	#
427	0.927269	57	19	23	155	#
428	0.927269	57	4	3	23	155	#
429	0.927269	26	63	23	155	#
430	0.927269	57	19	3	24	155	#
431	0.904783	18	1	35	28	156	#
432	0.904783	18	1	2	27	28	156	#
433	0.904783	18	0	61	156	#
434	0.904783	18	0	25	27	28	156	#
435	0.904783	17	26	1	35	28	156	#
436	0.574579	35	1	157	#
437	0.574579	27	2	1	157	#
438	0.574579	27	25	0	157	#
439	0.574579	35	5	0	157	#
440	0.574579	27	2	5	0	157	#
441	0.16065	2	#
442	1.07346	8	64	158	#
443	1.07346	8	29	50	9	158	#
444	1.07346	49	15	10	158	#
445	1.07346	49	15	32	9	158	#
446	0.916121	2	34	19	159	#
447	0.916121	2	34	4	3	159	#
448	0.425452	2	1	26	#
449	0.865618	6	48	160	#
450	0.865618	6	55	32	160	#
451	0.865618	41	30	43	160	#
452	0.865618	41	31	32	160	#
453	0.865618	41	30	11	32	160	#
454	1.07014	50	29	8	161	#
455	1.07014	9	64	8	161	#
456	1.07014	32	15	49	161	#
457	1.07014	43	12	49	161	#
458	1.07014	32	15	51	36	161	#
459	0.574579	1	35	162	#
460	0.574579	1	2	27	162	#
461	0.574579	0	25	27	162	#
462	0.574579	0	5	35	162	#
463	0.574579	0	5	2	27	162	#
464	0.844033	37	#
465	0.863055	19	34	5	163	#
466	0.863055	3	4	34	5	163	#
467	0.863055	19	57	0	163	#
468	0.863055	3	4	57	0	163	#
469	0.863055	63	26	0	163	#
470	0.828824	34	51	164	#
471	0.828824	34	4	20	164	#
472	0.828824	34	19	21	164	#
473	0.828824	34	4	3	21	164	#
474	0.828824	34	19	3	20	164	#
475	0.862168	55	165	#
476	0.862168	31	41	6	165	#
477	0.862168	11	30	41	6	165	#
478	0.862168	31	41	7	16	165	#
479	0.862168	11	30	41	7	16	165	#
480	0.355676	14	13	#
481	0.574579	1	35	166	#
482	0.574579	1	2	27	166	#
483	0.574579	0	25	27	166	#
484	0.574579	0	5	35	166	#
485	0.574579	0	5	2	27	166	#
486	0.17049	24	167	#
487	0.17049	23	3	167	#
488	0.79348	15	55	6	168	#
489	0.79348	12	30	41	168	#
490	0.79348	15	31	41	168	#
491	0.79348	4	58	7	168	#
492	0.79348	15	11	30	41	168	#
493	0.864772	4	34	5	169	#
494	0.864772	4	57	0	169	#
495	0.864772	3	19	34	5	169	#
496	0.864772	3	19	57	0	169	#
497	0.864772	4	15	38	26	0	169	#
498	0.382357	7	28	170	#
499	0.382357	6	16	28	170	#
500	0.152163	4	15	#
501	0.766082	63	17	171	#
502	0.766082	19	15	38	17	171	#
503	0.766082	3	4	15	38	17	171	#
504	0.692882	35	28	7	172	#
505	0.692882	2	27	28	7	172	#
506	0.692882	35	28	16	6	172	#
507	0.692882	2	27	28	16	6	172	#
508	0.129098	20	173	#
509	0.129098	3	21	173	#
510	0.25376	18	1	#
511	0.877109	48	174	#
512	0.877109	32	55	174	#
513	0.877109	43	30	41	6	174	#
514	0.877109	32	31	41	6	174	#
515	0.877109	32	11	30	41	6	174	#
516	0.379788	0	18	13	#
517	0.286411	14	#
518	0.00863704	3	#
519	0.63594	60	175	#
520	0.63594	46	18	175	#
521	0.862168	55	176	#
522	0.862168	6	41	31	176	#
523	0.862168	6	41	30	11	176	#
524	0.862168	16	7	41	31	176	#
525	0.862168	16	7	41	30	11	176	#
526	0.599098	61	#
527	0.653254	55	#
528	0.0441215	19	177	#
529	0.0441215	3	4	177	#
530	0.254337	15	51	178	#
531	0.254337	15	4	20	178	#
532	0.254337	15	19	21	178	#
533	0.254337	15	4	3	21	178	#
534	0.254337	15	19	3	20	178	#
535	0.152746	29	#
536	0.651216	53	3	179	#
537	0.651216	22	10	15	19	179	#
538	0.651216	22	10	15	4	3	179	#
539	0.651216	22	9	32	15	19	179	#
540	0.651216	22	9	32	15	4	3	179	#
541	1.01368	24	4	34	180	#
542	1.01368	23	19	34	180	#
543	1.01368	23	3	4	34	180	#
544	1.01368	24	3	19	34	180	#
545	1.01368	24	4	57	1	180	#
546	0.512626	60	#
547	0.227654	4	24	181	#
548	0.227654	19	23	181	#
549	0.227654	4	3	23	181	#
550	0.227654	19	3	24	181	#
551	0.166496	5	#
552	0.751602	38	26	1	#
553	0.798859	48	#
554	0.828824	34	51	182	#
555	0.828824	34	4	20	182	#
556	0.828824	34	19	21	182	#
557	0.828824	34	4	3	21	182	#
558	0.828824	34	19	3	20	182	#
559	0.67253	38	11	#
560	0.904783	18	1	35	28	183	#
561	0.904783	18	1	2	27	28	183	#
562	0.904783	18	0	61	183	#
563	0.904783	18	0	25	27	28	183	#
564	0.904783	17	26	1	35	28	183	#
565	0.823006	62	31	184	#
566	0.823006	62	30	11	184	#
567	0.958495	24	4	15	39	185	#
568	0.958495	23	19	15	39	185	#
569	0.958495	23	3	4	15	39	185	#
570	0.958495	24	3	19	15	39	185	#
571	0.958495	24	53	14	185	#
572	0.877109	48	186	#
573	0.877109	55	32	186	#
574	0.877109	6	41	30	43	186	#
575	0.877109	6	41	31	32	186	#
576	0.877109	6	41	30	11	32	186	#
577	0.357488	19	15	32	187	#
578	0.357488	3	4	15	32	187	#
579	0.58473	60	9	#
580	0.123283	16	188	#
581	0.123283	7	6	188	#
582	0.167657	8	#
583	0.798176	4	15	38	17	189	#
584	0.798176	3	63	17	189	#
585	0.798176	3	19	15	38	17	189	#
586	0.798176	4	15	32	46	189	#
587	0.798176	3	19	15	32	46	189	#
588	0.817354	49	4	190	#
589	0.817354	49	19	3	190	#
590	0.817354	36	20	190	#
591	0.817354	36	21	3	190	#
592	0.817354	36	51	4	190	#
593	0.854183	5	34	19	191	#
594	0.854183	5	34	4	3	191	#
595	0.854183	0	57	19	191	#
596	0.854183	0	57	4	3	191	#
597	0.420152	1	18	13	#
598	0.148663	4	15	#
599	0.369923	19	15	32	192	#
600	0.369923	3	4	15	32	192	#
601	0.682775	35	28	16	193	#
602	0.682775	35	28	7	6	193	#
603	0.682775	2	27	28	16	193	#
604	0.682775	2	27	28	7	6	193	#
605	0.702032	9	60	194	#
606	0.702032	9	46	18	194	#
607	0.780984	49	#
608	0.880199	44	41	6	195	#
609	0.880199	20	58	16	195	#
610	0.880199	20	58	7	6	195	#
611	0.880199	21	3	58	16	195	#
612	0.880199	51	15	55	195	#
613	0.864772	5	34	4	196	#
614	0.864772	0	57	4	196	#
615	0.864772	5	34	19	3	196	#
616	0.864772	0	57	19	3	196	#
617	0.864772	0	26	38	15	4	196	#
618	0.992788	2	34	19	197	#
619	0.992788	2	34	4	3	197	#
620	0.992788	2	1	57	19	197	#
621	0.992788	2	1	57	4	3	197	#
622	0.992788	2	1	26	63	197	#
623	0.623522	41	#
624	0.600773	38	#
625	0.79348	6	55	15	198	#
626	0.79348	41	30	12	198	#
627	0.79348	41	31	15	198	#
628	0.79348	7	58	4	198	#
629	0.79348	41	30	11	15	198	#
630	0.362747	13	18	1	#
631	0.108512	15	#
632	1.01776	56	199	#
633	1.01776	7	42	199	#
634	1.01776	6	16	42	199	#
635	1.01776	7	28	35	1	18	13	199	#
636	1.01776	7	28	27	2	1	18	13	199	#
637	0.133949	1	#
638	0.0456863	19	200	#
639	0.0456863	3	4	200	#
640	0.737018	41	30	201	#
641	0.737018	6	55	11	201	#
642	0.659541	26	1	35	202	#
643	0.659541	26	1	2	27	202	#
644	0.659541	26	0	25	27	202	#
645	0.659541	17	18	1	35	202	#
646	0.659541	17	18	1	2	27	202	#
647	0.772769	26	38	203	#
648	0.772769	60	32	203	#
649	0.772769	18	17	38	203	#
650	0.772769	18	46	32	203	#
651	0.772769	60	9	10	203	#
652	0.798176	17	38	15	4	204	#
653	0.798176	17	63	3	204	#
654	0.798176	17	38	15	19	3	204	#
655	0.798176	46	32	15	4	204	#
656	0.798176	46	32	15	19	3	204	#
657	0.929345	58	28	205	#
658	0.929345	54	30	62	205	#
659	0.929345	4	12	30	62	205	#
660	0.929345	3	19	12	30	62	205	#
661	0.929345	4	15	31	62	205	#
662	0.190406	54	3	206	#
663	0.190406	12	19	206	#
664	0.190406	12	4	3	206	#
665	0.958495	24	4	15	39	207	#
666	0.958495	23	19	15	39	207	#
667	0.958495	23	3	4	15	39	207	#
668	0.958495	24	3	19	15	39	207	#
669	0.958495	24	53	14	207	#
670	0.860256	55	6	208	#
671	0.860256	31	41	208	#
672	0.860256	11	30	41	208	#
673	0.860256	55	16	7	208	#
674	0.863055	19	34	5	209	#
675	0.863055	3	4	34	5	209	#
676	0.863055	19	57	0	209	#
677	0.863055	3	4	57	0	209	#
678	0.863055	63	26	0	209	#
679	0.90543	24	4	49	210	#
680	0.90543	23	19	49	210	#
681	0.90543	23	3	4	49	210	#
682	0.86728	51	15	39	211	#
683	0.86728	20	4	15	39	211	#
684	0.86728	21	19	15	39	211	#
685	0.86728	21	3	4	15	39	211	#
686	0.86728	20	3	19	15	39	211	#
687	0.439936	13	18	0	#
688	0.794789	59	212	#
689	0.794789	0	60	212	#
690	0.794789	0	18	46	212	#
691	0.794789	5	1	60	212	#
692	0.794789	0	26	17	46	212	#
693	0.927269	24	4	57	213	#
694	0.927269	23	19	57	213	#
695	0.927269	23	3	4	57	213	#
696	0.927269	23	63	26	213	#
697	0.927269	24	3	19	57	213	#
698	0.424512	9	22	#
699	0.689234	58	3	#
700	0.781091	1	35	28	7	214	#
701	0.781091	1	2	27	28	7	214	#
702	0.781091	1	35	28	16	6	214	#
703	0.781091	0	61	7	214	#
704	0.781091	1	2	27	28	16	6	214	#
705	1.14606	48	9	22	215	#
706	1.14606	16	42	14	215	#
707	1.14606	6	56	14	215	#
708	1.14606	6	7	42	14	215	#
709	1.14606	55	10	22	215	#
710	0.921182	24	4	49	216	#
711	0.921182	23	19	49	216	#
712	0.921182	23	3	4	49	216	#
713	0.921182	24	3	19	49	216	#
714	0.921182	23	21	36	216	#
715	0.652729	6	41	30	#
716	0.519618	30	43	217	#
717	0.519618	31	32	217	#
718	0.519618	30	11	32	217	#
719	0.519618	31	10	9	217	#
720	0.519618	30	11	10	9	217	#
721	0.940874	16	48	9	218	#
722	0.940874	7	6	48	9	218	#
723	1.0618	45	#
724	0.864772	5	34	4	219	#
725	0.864772	0	57	4	219	#
726	0.864772	5	34	19	3	219	#
727	0.864772	0	57	19	3	219	#
728	0.864772	0	26	38	15	4	219	#
729	0.213157	23	220	#
730	0.213157	24	3	220	#
731	0.218908	0	18	#
732	0.88444	9	50	221	#
733	0.88444	64	29	221	#
734	0.61473	18	1	35	222	#
735	0.61473	18	1	2	27	222	#
736	0.804169	6	48	#
737	0.666752	46	223	#
738	0.666752	60	18	223	#
739	0.344267	40	224	#
740	0.344267	24	54	224	#
741	0.344267	23	3	54	224	#
742	0.344267	24	4	12	224	#
743	0.344267	23	19	12	224	#
744	0.130447	21	225	#
745	0.130447	20	3	225	#
746	0.180997	26	#
747	0.134373	18	#
748	0.803656	15	55	226	#
749	0.803656	12	30	41	6	226	#
750	0.803656	4	58	16	226	#
751	0.803656	15	31	41	6	226	#
752	0.803656	4	58	7	6	226	#
753	0.809967	3	58	7	227	#
754	0.809967	3	58	16	6	227	#
755	0.809967	19	15	55	6	227	#
756	0.809967	3	4	15	55	6	227	#
757	0.809967	3	54	30	41	227	#
758	0.415315	14	13	#
759	0.828824	51	34	228	#
760	0.828824	20	4	34	228	#
761	0.828824	21	19	34	228	#
762	0.828824	21	3	4	34	228	#
763	0.828824	20	3	19	34	228	#
764	0.446226	44	#
765	0.0473863	9	#
766	0.889673	41	44	229	#
767	0.889673	7	58	20	229	#
768	0.889673	7	58	3	21	229	#
769	0.889673	6	16	58	20	229	#
770	0.889673	6	16	58	3	21	229	#
771	0.806498	3	58	230	#
772	0.806498	19	4	58	230	#
773	0.520089	1	35	231	#
774	0.520089	1	2	27	231	#
775	1.28311	64	22	232	#
776	1.28311	29	50	9	22	232	#
777	1.28311	45	13	14	232	#
778	1.28311	37	15	10	22	232	#
779	1.28311	37	15	32	9	22	232	#
780	0.772769	26	38	233	#
781	0.772769	60	32	233	#
782	0.772769	18	17	38	233	#
783	0.772769	18	46	32	233	#
784	0.772769	60	9	10	233	#
785	0.344267	40	234	#
786	0.344267	54	24	234	#
787	0.344267	54	3	23	234	#
788	0.344267	12	4	24	234	#
789	0.344267	12	19	23	234	#
790	0.0362109	4	#
791	0.240055	26	1	#
792	0.280309	43	9	235	#
793	0.280309	11	10	235	#
794	1.01396	58	24	236	#
795	1.01396	58	3	23	236	#
796	1.01396	58	4	19	23	236	#
797	1.01396	7	41	30	40	236	#
798	0.129858	20	237	#
799	0.129858	3	21	237	#
800	0.610153	15	10	22	#
801	0.813689	16	58	238	#
802	0.813689	6	7	58	238	#
803	0.813689	55	15	4	238	#
804	0.813689	55	15	19	3	238	#
805	0.813689	6	41	30	54	238	#
806	1.20877	1	18	33	239	#
807	1.20877	1	18	45	8	239	#
808	0.82864	34	240	#
809	0.82864	57	1	240	#
810	0.124326	15	#
811	1.28581	50	9	22	241	#
812	1.28581	29	64	22	241	#
813	0.809967	3	58	7	242	#
814	0.809967	3	58	16	6	242	#
815	0.809967	19	15	55	6	242	#
816	0.809967	3	4	15	55	6	242	#
817	0.809967	3	54	30	41	242	#
818	0.672523	63	243	#
819	0.672523	19	15	38	243	#
820	0.672523	3	4	15	38	243	#
821	0.276121	0	26	#
822	0.853605	19	34	5	244	#
823	0.853605	3	4	34	5	244	#
824	0.853605	19	57	0	244	#
825	0.853605	3	4	57	0	244	#
826	0.511346	41	#
827	0.927269	57	4	24	245	#
828	0.927269	57	19	23	245	#
829	0.927269	57	4	3	23	245	#
830	0.927269	26	63	23	245	#
831	0.927269	57	19	3	24	245	#
832	0.741459	63	246	#
833	0.741459	19	15	38	246	#
834	0.741459	3	4	15	38	246	#
835	0.741459	3	54	11	38	246	#
836	0.741459	19	12	11	38	246	#
837	0.836702	18	1	47	#
838	0.880894	28	35	1	26	247	#
839	0.880894	28	27	2	1	26	247	#
840	0.880894	61	0	26	247	#
841	0.880894	28	27	25	0	26	247	#
842	0.486721	0	18	13	248	#
843	0.486721	0	26	17	13	248	#
844	0.486721	5	1	18	13	248	#
845	0.754328	36	#
846	0.684162	58	#
847	1.32405	8	64	22	249	#
848	1.32405	8	29	50	9	22	249	#
849	1.32405	49	15	10	22	249	#
850	1.32405	49	15	32	9	22	249	#
851	1.32405	49	4	53	249	#
852	0.139078	15	#
853	0.430316	14	13	#
854	0.889667	18	1	35	28	7	250	#
855	0.889667	18	1	2	27	28	7	250	#
856	0.889667	18	1	35	28	16	6	250	#
857	0.889667	18	0	61	7	250	#
858	0.889667	18	1	2	27	28	16	6	250	#
859	0.863055	5	34	19	251	#
860	0.863055	5	34	4	3	251	#
861	0.863055	0	57	19	251	#
862	0.863055	0	57	4	3	251	#
863	0.863055	0	26	63	251	#
864	0.324429	21	23	252	#
865	0.324429	20	24	252	#
866	0.324429	20	3	23	252	#
867	0.324429	21	3	24	252	#
868	0.761717	49	19	253	#
869	0.761717	49	4	3	253	#
870	0.761717	36	21	253	#
871	0.828824	51	34	254	#
872	0.828824	20	4	34	254	#
873	0.828824	21	19	34	254	#
874	0.828824	21	3	4	34	254	#
875	0.828824	20	3	19	34	254	#
876	0.842837	0	26	38	11	255	#
877	0.842837	59	43	255	#
878	0.842837	0	60	43	255	#
879	0.842837	59	32	11	255	#
880	0.842837	0	60	32	11	255	#
881	0.830545	60	1	2	256	#
882	0.830545	46	18	1	2	256	#
883	0.830545	59	25	256	#
884	0.830545	60	0	25	256	#
885	0.0445908	4	#
886	0.542217	30	40	257	#
887	0.542217	30	54	24	257	#
888	0.542217	30	54	3	23	257	#
889	0.542217	30	12	4	24	257	#
890	0.542217	30	12	19	23	257	#
891	0.772769	38	26	258	#
892	0.772769	32	60	258	#
893	0.772769	38	17	18	258	#
894	0.772769	32	46	18	258	#
895	0.772769	10	9	60	258	#
896	1.074	64	8	259	#
897	1.074	9	50	29	8	259	#
898	1.074	10	15	49	259	#
899	1.074	9	32	15	49	259	#
900	1.074	52	36	259	#
901	0.114164	0	#
902	0.727607	59	9	260	#
903	0.727607	0	60	9	260	#
904	0.727607	0	18	46	9	260	#
905	0.559773	35	1	18	261	#
906	0.559773	27	2	1	18	261	#
907	0.559587	2	1	18	13	262	#
908	0.559587	25	0	18	13	262	#
909	0.254337	15	51	263	#
910	0.254337	15	4	20	263	#
911	0.254337	15	19	21	263	#
912	0.254337	15	4	3	21	263	#
913	0.254337	15	19	3	20	263	#
914	0.583904	35	28	264	#
915	0.583904	2	27	28	264	#
916	0.948536	7	58	24	265	#
917	0.948536	7	58	3	23	265	#
918	0.948536	41	30	40	265	#
919	0.948536	6	16	58	24	265	#
920	0.948536	6	16	58	3	23	265	#
921	0.285251	13	17	#
922	0.813689	58	16	266	#
923	0.813689	58	7	6	266	#
924	0.813689	4	15	55	266	#
925	0.813689	3	19	15	55	266	#
926	0.813689	54	30	41	6	266	#
927	0.532596	9	46	#
928	0.87335	47	1	18	267	#
929	0.87335	31	38	17	267	#
930	0.87335	30	11	38	17	267	#
931	0.294078	9	43	268	#
932	0.294078	10	11	268	#
933	0.294078	9	32	11	268	#
934	0.794789	59	269	#
935	0.794789	60	0	269	#
936	0.794789	46	18	0	269	#
937	0.794789	60	1	5	269	#
938	0.794789	46	17	26	0	269	#
939	0.356789	31	270	#
940	0.356789	30	11	270	#
941	0.847095	19	15	39	271	#
942	0.847095	3	4	15	39	271	#
943	0.847095	3	53	14	271	#
944	0.847095	19	15	10	22	14	271	#
945	0.847095	3	4	15	10	22	14	271	#
946	0.657505	1	18	13	14	#
947	0.842837	11	38	26	0	272	#
948	0.842837	43	59	272	#
949	0.842837	43	60	0	272	#
950	0.842837	11	32	59	272	#
951	0.842837	11	32	60	0	272	#
952	0.798176	4	15	38	17	273	#
953	0.798176	3	63	17	273	#
954	0.798176	3	19	15	38	17	273	#
955	0.798176	4	15	32	46	273	#
956	0.798176	3	19	15	32	46	273	#
957	0.162268	12	#
958	0.285404	12	51	274	#
959	0.285404	54	20	274	#
960	0.285404	12	4	20	274	#
961	0.285404	54	3	21	274	#
962	0.285404	12	19	21	274	#
963	0.777467	49	#
964	0.519618	30	43	275	#
965	0.519618	31	32	275	#
966	0.519618	30	11	32	275	#
967	0.519618	31	10	9	275	#
968	0.519618	30	11	10	9	275	#
969	0.71956	47	#
970	0.826621	31	38	276	#
971	0.826621	30	11	38	276	#
972	0.826621	47	1	26	276	#
973	0.829795	48	6	#
974	0.938289	34	4	24	277	#
975	0.938289	34	19	23	277	#
976	0.938289	34	4	3	23	277	#
977	0.938289	34	19	3	24	277	#
978	0.844266	34	278	#
979	0.844266	57	1	278	#
980	0.844266	15	38	26	1	278	#
981	0.542217	30	40	279	#
982	0.542217	30	54	24	279	#
983	0.542217	30	54	3	23	279	#
984	0.542217	30	12	4	24	279	#
985	0.542217	30	12	19	23	279	#
986	0.0912104	7	#
987	0.889667	7	28	35	1	18	280	#
988	0.889667	7	28	27	2	1	18	280	#
989	0.889667	6	16	28	35	1	18	280	#
990	0.889667	7	61	0	18	280	#
991	0.889667	6	16	28	27	2	1	18	280	#
992	0.886491	5	34	281	#
993	0.886491	0	57	281	#
994	0.886491	0	26	38	15	281	#
995	0.886491	0	1	34	281	#
996	0.886491	59	32	15	281	#
997	0.289545	9	43	282	#
998	0.289545	10	11	282	#
999	0.289545	9	32	11	282	#
