%% File generated by CATS v.2.1Wed Jun 22 10:37:37 2022

%% The CATS webpage is http://robotics.stanford.edu/CATS

%% PARAMETER SETTINGS:
% Goods: 64; Bids: 1000; Distribution: paths; Runs: 1; Seed: 1656572779
% Paths Distribution Parameters:
% Initial connections:       = 2
% Edge density:              = 3.000000
% Shipping cost factor:      = 1.500000
% Max bid set size:          = 5
% Building penalty:          = 1.700000



goods 64
bids 1000
dummy 388

0	0.310329	2	19	64	#
1	0.310329	2	12	13	64	#
2	0.36184	19	57	#
3	0.301401	2	19	65	#
4	0.301401	2	12	13	65	#
5	0.864514	18	32	53	66	#
6	0.864514	17	28	32	53	66	#
7	0.371688	5	16	#
8	1.14226	22	29	33	67	#
9	1.14226	2	19	22	29	47	67	#
10	1.14226	12	22	30	33	67	#
11	1.14226	2	13	22	30	47	67	#
12	1.14226	2	12	13	22	29	47	67	#
13	0.93454	12	43	68	#
14	0.93454	12	26	51	68	#
15	0.742417	32	53	62	#
16	0.99199	33	69	#
17	0.99199	2	19	47	69	#
18	0.381164	16	26	70	#
19	0.381164	10	11	16	70	#
20	0.681664	30	54	71	#
21	0.681664	12	29	54	71	#
22	0.681664	15	30	38	71	#
23	0.681664	12	15	29	38	71	#
24	0.787745	9	20	24	32	#
25	0.445228	24	32	#
26	0.699367	30	54	72	#
27	0.699367	12	29	54	72	#
28	0.699367	15	30	38	72	#
29	0.699367	12	15	29	38	72	#
30	0.699367	4	14	30	38	72	#
31	0.942495	50	73	#
32	0.942495	18	32	39	53	73	#
33	0.953096	22	46	74	#
34	0.953096	20	61	74	#
35	0.953096	20	32	45	74	#
36	0.953096	3	22	47	74	#
37	0.953096	20	24	32	58	74	#
38	0.106913	19	75	#
39	0.106913	12	13	75	#
40	0.542774	5	15	16	#
41	0.663709	9	37	#
42	0.551727	30	38	76	#
43	0.551727	12	29	38	76	#
44	0.551727	13	19	29	38	76	#
45	0.949584	4	9	37	#
46	0.61159	30	38	39	77	#
47	0.61159	12	29	38	39	77	#
48	0.700858	14	30	38	78	#
49	0.700858	12	14	29	38	78	#
50	0.16608	21	79	#
51	0.16608	20	25	79	#
52	0.414521	1	55	80	#
53	0.414521	6	32	80	#
54	0.803644	2	48	81	#
55	0.803644	3	25	48	81	#
56	0.803644	21	48	62	81	#
57	0.803644	20	25	48	62	81	#
58	0.803644	3	20	21	48	81	#
59	0.243181	2	19	82	#
60	0.243181	2	12	13	82	#
61	0.92296	26	31	63	83	#
62	0.92296	24	26	31	59	83	#
63	0.92296	10	31	44	83	#
64	0.92296	10	24	31	34	83	#
65	0.92296	0	1	26	63	83	#
66	0.988438	5	35	84	#
67	0.988438	9	27	37	84	#
68	0.988438	4	56	84	#
69	0.988438	22	37	58	84	#
70	0.988438	9	22	23	37	84	#
71	0.730163	22	35	#
72	0.225833	20	32	#
73	1.0086	17	40	85	#
74	1.0086	18	36	85	#
75	1.0086	5	60	85	#
76	1.0086	8	9	17	37	85	#
77	1.0086	18	28	40	85	#
78	0.221902	32	#
79	0.236363	8	#
80	0.801247	51	#
81	0.413452	32	39	86	#
82	0.413452	13	21	32	86	#
83	0.413452	13	20	25	32	86	#
84	0.413452	12	19	21	32	86	#
85	0.413452	12	19	20	25	32	86	#
86	0.965469	1	28	53	55	87	#
87	0.965469	6	28	32	53	87	#
88	0.965469	7	20	28	32	53	87	#
89	0.965469	17	52	87	#
90	0.965469	0	28	31	53	55	87	#
91	0.737405	9	27	88	#
92	0.737405	22	58	88	#
93	0.737405	9	22	23	88	#
94	0.275324	20	32	#
95	0.748249	9	24	32	#
96	0.992433	18	21	32	53	89	#
97	0.992433	18	20	25	32	53	89	#
98	0.992433	17	21	28	32	53	89	#
99	0.992433	17	20	25	28	32	53	89	#
100	0.992433	13	50	89	#
101	0.818954	16	26	48	90	#
102	0.818954	10	11	16	48	90	#
103	1.02878	16	26	48	91	#
104	1.02878	10	11	16	48	91	#
105	1.02878	49	62	91	#
106	0.685363	2	48	#
107	0.992433	18	21	32	53	92	#
108	0.992433	18	20	25	32	53	92	#
109	0.992433	17	21	28	32	53	92	#
110	0.992433	17	20	25	28	32	53	92	#
111	0.992433	13	50	92	#
112	0.917138	49	93	#
113	0.917138	26	32	63	93	#
114	0.917138	24	26	32	59	93	#
115	0.917138	10	32	44	93	#
116	0.917138	10	24	32	34	93	#
117	0.861065	42	48	94	#
118	0.861065	16	31	63	94	#
119	0.861065	16	24	31	59	94	#
120	0.861065	0	1	16	63	94	#
121	0.861065	0	1	16	24	59	94	#
122	0.915495	1	28	53	55	95	#
123	0.915495	6	28	32	53	95	#
124	0.915495	7	20	28	32	53	95	#
125	0.0519903	20	#
126	0.769482	24	37	#
127	1.1329	5	15	22	35	96	#
128	1.1329	14	22	56	96	#
129	1.1329	4	5	14	22	35	96	#
130	0.699367	30	54	97	#
131	0.699367	12	29	54	97	#
132	0.699367	15	30	38	97	#
133	0.699367	12	15	29	38	97	#
134	0.699367	4	14	30	38	97	#
135	0.0412588	22	#
136	0.975924	52	98	#
137	0.975924	1	18	53	55	98	#
138	0.975924	6	18	32	53	98	#
139	0.975924	7	18	20	32	53	98	#
140	0.975924	1	17	28	53	55	98	#
141	0.770791	9	21	24	32	99	#
142	0.770791	9	20	24	25	32	99	#
143	0.269653	2	19	100	#
144	0.269653	2	12	13	100	#
145	0.956718	12	50	101	#
146	0.956718	12	18	32	39	53	101	#
147	0.956718	18	19	21	32	53	101	#
148	0.956718	18	19	20	25	32	53	101	#
149	0.956718	12	13	18	21	32	53	101	#
150	0.64368	1	28	53	#
151	0.732177	5	22	35	#
152	0.140989	29	#
153	0.114567	1	#
154	0.996965	2	16	26	48	102	#
155	0.996965	2	10	11	16	48	102	#
156	0.996965	21	49	102	#
157	0.996965	19	43	102	#
158	0.996965	20	25	49	102	#
159	0.870554	22	56	103	#
160	0.870554	4	5	22	35	103	#
161	0.598936	58	104	#
162	0.598936	9	23	104	#
163	0.598936	9	22	27	104	#
164	0.399104	23	105	#
165	0.399104	22	27	105	#
166	0.578038	4	5	16	#
167	0.787661	14	41	#
168	1.11095	33	29	106	#
169	1.11095	47	2	19	29	106	#
170	1.11095	33	12	30	106	#
171	1.11095	47	2	13	30	106	#
172	1.11095	47	2	13	12	29	106	#
173	1.07802	31	24	37	4	107	#
174	1.07802	0	1	24	37	4	107	#
175	0.379133	38	#
176	0.852055	1	63	26	108	#
177	0.852055	1	24	59	26	108	#
178	0.852055	1	44	10	108	#
179	0.852055	1	24	34	10	108	#
180	0.929558	9	24	1	55	109	#
181	0.929558	9	24	32	6	109	#
182	0.929558	9	24	32	20	7	109	#
183	0.929558	9	24	31	0	55	109	#
184	0.621328	24	32	39	110	#
185	0.621328	24	32	21	13	110	#
186	0.621328	24	32	20	25	13	110	#
187	0.621328	24	32	21	19	12	110	#
188	0.621328	24	32	20	25	19	12	110	#
189	1.01914	33	111	#
190	1.01914	19	2	47	111	#
191	1.01914	12	13	2	47	111	#
192	1.01914	19	25	46	111	#
193	1.01914	12	13	25	46	111	#
194	0.268362	62	112	#
195	0.268362	20	3	112	#
196	0.956718	50	12	113	#
197	0.956718	18	53	32	39	12	113	#
198	0.956718	18	53	32	21	19	113	#
199	0.956718	18	53	32	20	25	19	113	#
200	0.956718	18	53	32	21	13	12	113	#
201	0.653512	16	48	#
202	0.30829	7	114	#
203	0.30829	6	20	114	#
204	0.96782	22	45	1	115	#
205	0.96782	27	9	24	1	115	#
206	0.96782	22	58	24	1	115	#
207	0.96782	22	23	9	24	1	115	#
208	0.96782	22	45	31	0	115	#
209	0.720585	58	116	#
210	0.720585	9	23	116	#
211	0.720585	9	27	22	116	#
212	0.789957	62	32	53	117	#
213	0.789957	3	20	32	53	117	#
214	0.796381	53	32	39	12	118	#
215	0.796381	53	32	21	19	118	#
216	0.796381	53	32	20	25	19	118	#
217	0.796381	53	32	21	13	12	118	#
218	0.796381	53	32	20	25	13	12	118	#
219	0.980907	35	5	119	#
220	0.980907	27	9	37	119	#
221	0.980907	56	4	119	#
222	0.980907	22	58	37	119	#
223	0.863753	2	48	16	120	#
224	0.863753	19	51	120	#
225	0.863753	13	12	51	120	#
226	0.863753	25	3	48	16	120	#
227	0.863753	21	32	63	120	#
228	0.633657	48	16	#
229	0.92296	26	63	31	121	#
230	0.92296	26	59	24	31	121	#
231	0.92296	10	44	31	121	#
232	0.92296	10	34	24	31	121	#
233	0.92296	26	63	1	0	121	#
234	0.854886	18	53	32	122	#
235	0.854886	17	28	53	32	122	#
236	0.880245	28	53	32	21	123	#
237	0.880245	28	53	32	20	25	123	#
238	0.920248	61	124	#
239	0.920248	32	45	124	#
240	0.920248	20	46	22	124	#
241	0.920248	32	24	58	124	#
242	0.920248	32	24	9	23	124	#
243	1.16149	4	36	125	#
244	1.16149	4	40	28	125	#
245	1.16149	4	37	9	8	28	125	#
246	1.16149	4	37	24	53	125	#
247	1.16149	14	15	36	125	#
248	0.602279	54	126	#
249	0.602279	38	15	126	#
250	0.602279	38	14	4	126	#
251	0.396422	27	127	#
252	0.396422	22	23	127	#
253	1.13857	4	40	17	128	#
254	1.13857	4	36	18	128	#
255	1.13857	4	5	60	128	#
256	1.13857	4	37	9	8	17	128	#
257	1.13857	4	40	28	18	128	#
258	0.947361	10	49	20	129	#
259	0.947361	11	16	48	3	129	#
260	0.947361	44	32	20	129	#
261	0.947361	34	24	32	20	129	#
262	0.947361	11	63	32	20	129	#
263	0.935059	46	130	#
264	0.935059	3	47	130	#
265	0.935059	20	61	22	130	#
266	0.935059	20	32	45	22	130	#
267	0.935059	20	32	24	9	27	130	#
268	0.727976	55	1	24	131	#
269	0.727976	6	32	24	131	#
270	0.727976	7	20	32	24	131	#
271	0.727976	55	0	31	24	131	#
272	0.956718	50	12	132	#
273	0.956718	18	53	32	39	12	132	#
274	0.956718	18	53	32	21	19	132	#
275	0.956718	18	53	32	20	25	19	132	#
276	0.956718	18	53	32	21	13	12	132	#
277	0.779449	3	48	16	133	#
278	0.779449	20	32	63	133	#
279	0.779449	20	32	24	59	133	#
280	0.856865	1	63	26	134	#
281	0.856865	1	24	59	26	134	#
282	0.856865	1	44	10	134	#
283	0.856865	1	24	34	10	134	#
284	0.856865	1	63	11	10	134	#
285	0.860355	54	5	16	135	#
286	0.860355	38	15	5	16	135	#
287	0.860355	29	51	135	#
288	0.860355	38	14	4	5	16	135	#
289	0.860355	30	12	51	135	#
290	1.02131	11	51	136	#
291	1.02131	10	43	136	#
292	1.02131	10	26	51	136	#
293	1.02131	11	16	48	2	19	136	#
294	1.02131	11	16	48	2	13	12	136	#
295	0.478656	38	29	19	137	#
296	0.478656	38	30	13	137	#
297	0.478656	38	29	12	13	137	#
298	0.736175	53	32	#
299	0.905364	44	31	138	#
300	0.905364	34	24	31	138	#
301	0.905364	44	1	0	138	#
302	0.905364	34	24	1	0	138	#
303	0.905364	11	63	31	138	#
304	0.337951	26	16	#
305	0.673016	15	5	16	139	#
306	0.673016	14	4	5	16	139	#
307	0.810591	53	32	62	140	#
308	0.810591	53	32	20	3	140	#
309	0.652199	9	24	31	141	#
310	0.652199	9	24	1	0	141	#
311	1.05157	47	142	#
312	1.05157	46	3	142	#
313	1.05157	35	48	142	#
314	1.05157	46	20	62	142	#
315	0.606352	54	143	#
316	0.606352	15	38	143	#
317	0.606352	4	14	38	143	#
318	0.771463	57	19	29	38	144	#
319	0.771463	57	13	30	38	144	#
320	0.771463	57	13	12	29	38	144	#
321	0.771463	57	19	12	30	38	144	#
322	1.0086	40	17	145	#
323	1.0086	36	18	145	#
324	1.0086	5	60	145	#
325	1.0086	37	9	8	17	145	#
326	1.0086	40	28	18	145	#
327	0.262349	55	#
328	1.02499	16	60	146	#
329	1.02499	59	9	8	17	146	#
330	0.635117	17	8	9	#
331	0.231195	6	#
332	0.380911	16	26	147	#
333	0.380911	16	11	10	147	#
334	0.900193	12	39	32	53	28	148	#
335	0.900193	19	21	32	53	28	148	#
336	0.900193	19	25	20	32	53	28	148	#
337	0.900193	12	13	21	32	53	28	148	#
338	0.900193	12	13	25	20	32	53	28	148	#
339	1.03531	43	149	#
340	1.03531	51	26	149	#
341	1.03531	51	11	10	149	#
342	1.03531	19	2	48	16	26	149	#
343	1.03531	12	13	2	48	16	26	149	#
344	0.404425	57	19	150	#
345	0.404425	57	13	12	150	#
346	0.404425	7	25	19	150	#
347	0.404425	7	25	13	12	150	#
348	0.404425	6	39	12	150	#
349	1.05971	44	1	55	151	#
350	1.05971	34	24	1	55	151	#
351	1.05971	10	49	6	151	#
352	1.05971	11	63	1	55	151	#
353	1.05971	11	59	24	1	55	151	#
354	0.948961	56	152	#
355	0.948961	4	5	35	152	#
356	0.659898	1	53	18	#
357	0.937209	20	46	153	#
358	0.937209	61	22	153	#
359	0.937209	32	45	22	153	#
360	0.937209	32	24	9	27	153	#
361	0.937209	62	47	153	#
362	0.616768	48	16	#
363	0.354026	30	39	154	#
364	0.354026	29	12	39	154	#
365	0.354026	29	19	21	154	#
366	0.354026	29	19	25	20	154	#
367	0.354026	30	13	21	154	#
368	1.01914	33	155	#
369	1.01914	19	2	47	155	#
370	1.01914	12	13	2	47	155	#
371	1.01914	19	25	46	155	#
372	1.01914	12	13	25	46	155	#
373	0.776209	57	19	29	38	156	#
374	0.776209	57	13	30	38	156	#
375	0.776209	57	13	12	29	38	156	#
376	0.776209	57	19	12	30	38	156	#
377	0.776209	7	25	19	29	38	156	#
378	0.543408	8	9	#
379	0.327138	27	#
380	0.924135	31	45	157	#
381	0.924135	0	1	45	157	#
382	0.924135	31	24	58	157	#
383	0.924135	0	1	24	58	157	#
384	0.924135	31	24	9	23	157	#
385	1.06806	30	50	158	#
386	1.06806	29	12	50	158	#
387	1.06806	30	39	32	53	18	158	#
388	1.06806	29	12	39	32	53	18	158	#
389	1.06806	29	19	21	32	53	18	158	#
390	0.887967	51	159	#
391	0.887967	16	48	2	19	159	#
392	0.887967	16	48	2	13	12	159	#
393	0.887967	16	5	54	29	159	#
394	0.887967	16	5	15	38	29	159	#
395	1.02131	51	11	160	#
396	1.02131	43	10	160	#
397	1.02131	51	26	10	160	#
398	1.02131	19	2	48	16	11	160	#
399	1.02131	12	13	2	48	16	11	160	#
400	0.220034	18	#
401	0.743966	44	161	#
402	0.743966	34	24	161	#
403	0.743966	11	63	161	#
404	0.743966	11	59	24	161	#
405	0.771272	44	162	#
406	0.771272	24	34	162	#
407	0.771272	63	11	162	#
408	0.771272	24	59	11	162	#
409	0.771272	63	26	10	162	#
410	0.690382	48	62	163	#
411	0.690382	48	3	20	163	#
412	1.16149	4	36	164	#
413	1.16149	4	40	28	164	#
414	1.16149	4	37	9	8	28	164	#
415	1.16149	4	37	24	53	164	#
416	1.16149	14	15	36	164	#
417	0.933124	49	20	#
418	0.982013	40	165	#
419	0.982013	37	9	8	165	#
420	0.982013	36	28	165	#
421	0.521679	9	8	#
422	0.442588	38	14	#
423	0.805734	20	32	53	18	#
424	0.203779	5	#
425	0.194639	16	#
426	0.776209	57	19	29	38	166	#
427	0.776209	57	13	30	38	166	#
428	0.776209	57	13	12	29	38	166	#
429	0.776209	57	19	12	30	38	166	#
430	0.776209	7	25	19	29	38	166	#
431	0.588778	9	27	167	#
432	0.588778	58	22	167	#
433	0.588778	9	23	22	167	#
434	0.549932	53	28	#
435	0.911062	36	4	#
436	0.766653	19	2	48	168	#
437	0.766653	12	13	2	48	168	#
438	0.766653	29	54	5	168	#
439	0.766653	29	38	15	5	168	#
440	0.766653	12	30	54	5	168	#
441	1.01957	36	169	#
442	1.01957	28	40	169	#
443	1.01957	28	8	9	37	169	#
444	1.01957	53	24	37	169	#
445	0.910362	30	39	32	53	170	#
446	0.910362	29	12	39	32	53	170	#
447	0.910362	29	19	21	32	53	170	#
448	0.910362	29	19	25	20	32	53	170	#
449	0.910362	30	13	21	32	53	170	#
450	0.576239	32	53	#
451	0.666009	16	5	15	171	#
452	0.666009	16	5	4	14	171	#
453	0.203365	2	#
454	0.669588	30	38	14	172	#
455	0.669588	12	29	38	14	172	#
456	0.751839	5	35	22	#
457	0.0432611	22	#
458	0.429436	30	38	173	#
459	0.429436	12	29	38	173	#
460	0.680669	59	26	174	#
461	0.680669	34	10	174	#
462	0.680669	59	11	10	174	#
463	1.06806	30	50	175	#
464	1.06806	29	12	50	175	#
465	1.06806	30	39	32	53	18	175	#
466	1.06806	29	12	39	32	53	18	175	#
467	1.06806	29	19	21	32	53	18	175	#
468	0.0364962	22	#
469	1.03531	43	176	#
470	1.03531	26	51	176	#
471	1.03531	10	11	51	176	#
472	1.03531	26	16	48	2	19	176	#
473	1.03531	26	16	48	2	13	12	176	#
474	0.742614	35	5	#
475	0.729672	28	53	31	177	#
476	0.729672	28	53	1	0	177	#
477	1.11095	33	29	178	#
478	1.11095	47	2	19	29	178	#
479	1.11095	33	12	30	178	#
480	1.11095	47	2	13	30	178	#
481	1.11095	47	2	13	12	29	178	#
482	0.607222	53	1	#
483	0.384157	5	15	#
484	0.383874	5	16	#
485	0.89162	63	32	179	#
486	0.89162	59	24	32	179	#
487	0.89162	16	48	62	179	#
488	0.89162	16	48	3	20	179	#
489	0.89162	16	48	2	21	179	#
490	0.766335	9	37	#
491	1.13857	4	40	17	180	#
492	1.13857	4	36	18	180	#
493	1.13857	4	5	60	180	#
494	1.13857	4	37	9	8	17	180	#
495	1.13857	4	40	28	18	180	#
496	0.827947	37	24	32	181	#
497	0.827947	5	48	62	181	#
498	0.827947	5	48	3	20	181	#
499	0.827947	54	30	39	181	#
500	0.827947	54	29	12	39	181	#
501	0.311877	55	0	#
502	0.550427	16	5	4	#
503	0.521021	24	9	#
504	0.937209	46	20	182	#
505	0.937209	22	61	182	#
506	0.937209	22	45	32	182	#
507	0.937209	27	9	24	32	182	#
508	0.937209	47	62	182	#
509	0.981123	2	48	16	26	183	#
510	0.981123	2	48	16	11	10	183	#
511	0.199914	32	#
512	0.240046	39	12	184	#
513	0.240046	21	19	184	#
514	0.240046	20	25	19	184	#
515	0.240046	21	13	12	184	#
516	0.240046	20	25	13	12	184	#
517	0.848493	16	48	3	185	#
518	0.848493	63	32	20	185	#
519	0.848493	59	24	32	20	185	#
520	0.848493	16	48	62	20	185	#
521	0.848493	16	48	2	25	185	#
522	0.803054	18	53	32	#
523	0.181384	2	#
524	0.298209	15	#
525	0.796032	26	59	186	#
526	0.796032	10	34	186	#
527	0.796032	10	11	59	186	#
528	0.939102	32	53	18	187	#
529	0.939102	32	53	28	17	187	#
530	0.849033	39	32	24	9	188	#
531	0.849033	13	21	32	24	9	188	#
532	0.849033	13	25	20	32	24	9	188	#
533	0.849033	12	19	21	32	24	9	188	#
534	0.849033	12	19	25	20	32	24	9	188	#
535	0.689613	24	1	55	189	#
536	0.689613	24	32	6	189	#
537	0.689613	24	32	20	7	189	#
538	0.689613	24	31	0	55	189	#
539	0.924135	45	31	190	#
540	0.924135	45	1	0	190	#
541	0.924135	58	24	31	190	#
542	0.924135	58	24	1	0	190	#
543	0.924135	23	9	24	31	190	#
544	0.796381	12	39	32	53	191	#
545	0.796381	19	21	32	53	191	#
546	0.796381	19	25	20	32	53	191	#
547	0.796381	12	13	21	32	53	191	#
548	0.796381	12	13	25	20	32	53	191	#
549	1.06486	45	1	55	192	#
550	1.06486	61	6	192	#
551	1.06486	45	32	6	192	#
552	1.06486	22	46	7	192	#
553	1.06486	58	24	1	55	192	#
554	1.02415	2	47	193	#
555	1.02415	25	46	193	#
556	1.02415	25	3	47	193	#
557	1.02415	21	20	46	193	#
558	1.02415	21	61	22	193	#
559	0.944436	5	36	#
560	0.251588	20	32	#
561	0.546314	53	#
562	0.292217	15	#
563	0.558212	37	4	#
564	0.954679	54	29	19	57	194	#
565	0.954679	37	24	1	55	194	#
566	0.954679	54	30	13	57	194	#
567	0.954679	54	29	12	13	57	194	#
568	0.954679	15	38	29	19	57	194	#
569	0.922998	18	53	32	21	195	#
570	0.922998	18	53	32	20	25	195	#
571	0.849995	44	1	196	#
572	0.849995	34	24	1	196	#
573	0.849995	11	63	1	196	#
574	0.849995	11	59	24	1	196	#
575	0.399599	3	7	197	#
576	0.399599	62	6	197	#
577	0.399599	3	20	6	197	#
578	0.925834	5	36	#
579	0.789871	31	53	28	198	#
580	0.789871	0	1	53	28	198	#
581	0.0399423	22	#
582	0.82996	45	199	#
583	0.82996	58	24	199	#
584	0.82996	23	9	24	199	#
585	0.82996	22	27	9	24	199	#
586	0.910362	53	32	39	30	200	#
587	0.910362	53	32	39	12	29	200	#
588	0.910362	53	32	21	19	29	200	#
589	0.910362	53	32	20	25	19	29	200	#
590	0.910362	53	32	21	13	30	200	#
591	0.771348	48	3	201	#
592	0.771348	48	62	20	201	#
593	0.771348	48	2	25	201	#
594	0.749968	5	35	22	#
595	0.102972	25	#
596	0.634918	41	202	#
597	0.634918	4	5	16	26	202	#
598	0.634918	4	5	16	11	10	202	#
599	0.240046	39	12	203	#
600	0.240046	21	19	203	#
601	0.240046	20	25	19	203	#
602	0.240046	21	13	12	203	#
603	0.240046	20	25	13	12	203	#
604	0.429345	59	#
605	0.663236	15	5	16	204	#
606	0.663236	14	4	5	16	204	#
607	0.566366	4	5	16	#
608	0.819124	32	53	#
609	0.996965	26	16	48	2	205	#
610	0.996965	10	11	16	48	2	205	#
611	0.996965	49	21	205	#
612	0.996965	43	19	205	#
613	0.996965	49	20	25	205	#
614	0.852546	1	45	22	206	#
615	0.852546	1	24	9	27	206	#
616	0.931354	1	45	22	207	#
617	0.931354	1	24	9	27	207	#
618	0.931354	1	24	58	22	207	#
619	0.931354	1	24	9	23	22	207	#
620	0.96782	1	45	22	208	#
621	0.96782	1	24	9	27	208	#
622	0.96782	1	24	58	22	208	#
623	0.96782	1	24	9	23	22	208	#
624	0.96782	0	31	45	22	208	#
625	0.962389	50	209	#
626	0.962389	18	53	32	39	209	#
627	0.962389	18	53	32	21	13	209	#
628	0.962389	18	53	32	20	25	13	209	#
629	0.962389	18	53	32	21	19	12	209	#
630	0.811662	53	18	210	#
631	0.811662	53	28	17	210	#
632	0.811662	24	9	8	17	210	#
633	0.221841	6	#
634	0.278418	57	#
635	0.854944	53	32	62	211	#
636	0.854944	53	32	20	3	211	#
637	0.854944	53	32	21	2	211	#
638	0.854944	53	32	20	25	2	211	#
639	0.956718	50	12	212	#
640	0.956718	18	53	32	39	12	212	#
641	0.956718	18	53	32	21	19	212	#
642	0.956718	18	53	32	20	25	19	212	#
643	0.956718	18	53	32	21	13	12	212	#
644	0.814784	24	37	4	#
645	1.05612	22	33	12	213	#
646	1.05612	22	47	2	13	213	#
647	1.05612	22	47	2	19	12	213	#
648	1.05612	22	46	25	13	213	#
649	1.05612	22	46	25	19	12	213	#
650	0.192301	62	214	#
651	0.192301	20	3	214	#
652	0.489043	32	24	#
653	0.60834	37	#
654	1.07479	49	6	215	#
655	1.07479	26	63	1	55	215	#
656	1.07479	26	59	24	1	55	215	#
657	1.07479	10	44	1	55	215	#
658	1.07479	10	34	24	1	55	215	#
659	1.06806	30	50	216	#
660	1.06806	29	12	50	216	#
661	1.06806	30	39	32	53	18	216	#
662	1.06806	29	12	39	32	53	18	216	#
663	1.06806	29	19	21	32	53	18	216	#
664	0.865638	49	#
665	0.411771	30	38	217	#
666	0.411771	12	29	38	217	#
667	0.240046	39	12	218	#
668	0.240046	21	19	218	#
669	0.240046	20	25	19	218	#
670	0.240046	21	13	12	218	#
671	0.240046	20	25	13	12	218	#
672	0.373382	57	219	#
673	0.373382	25	7	219	#
674	0.373382	21	6	219	#
675	0.373382	25	20	6	219	#
676	0.547835	28	8	9	#
677	0.956718	50	12	220	#
678	0.956718	18	53	32	39	12	220	#
679	0.956718	18	53	32	21	19	220	#
680	0.956718	18	53	32	20	25	19	220	#
681	0.956718	18	53	32	21	13	12	220	#
682	0.367042	38	#
683	0.791207	28	53	32	20	#
684	0.233562	55	#
685	0.402353	59	#
686	0.333892	32	21	221	#
687	0.333892	32	20	25	221	#
688	0.659879	26	59	222	#
689	0.659879	10	34	222	#
690	0.659879	10	11	59	222	#
691	1.03257	12	43	223	#
692	1.03257	12	51	26	223	#
693	1.03257	12	51	11	10	223	#
694	1.03257	13	2	48	16	26	223	#
695	1.03257	13	2	48	16	11	10	223	#
696	1.14226	22	33	29	224	#
697	1.14226	22	47	2	19	29	224	#
698	1.14226	22	33	12	30	224	#
699	1.14226	22	47	2	13	30	224	#
700	1.14226	22	47	2	13	12	29	224	#
701	0.62372	29	54	225	#
702	0.62372	29	38	15	225	#
703	0.937209	20	46	226	#
704	0.937209	61	22	226	#
705	0.937209	32	45	22	226	#
706	0.937209	32	24	9	27	226	#
707	0.937209	62	47	226	#
708	0.966476	54	5	16	11	227	#
709	0.966476	38	15	5	16	11	227	#
710	0.684389	35	22	#
711	0.961871	22	35	5	228	#
712	0.961871	58	37	228	#
713	0.961871	23	9	37	228	#
714	0.961871	22	27	9	37	228	#
715	0.961871	22	56	4	228	#
716	0.231007	20	32	#
717	0.826484	51	#
718	0.92296	26	63	31	229	#
719	0.92296	26	59	24	31	229	#
720	0.92296	10	44	31	229	#
721	0.92296	10	34	24	31	229	#
722	0.92296	26	63	1	0	229	#
723	0.579041	38	29	19	25	230	#
724	0.579041	38	30	13	25	230	#
725	0.579041	38	29	12	13	25	230	#
726	0.759267	5	54	231	#
727	0.759267	5	15	38	231	#
728	0.759267	5	4	14	38	231	#
729	0.199302	16	#
730	0.771272	44	232	#
731	0.771272	24	34	232	#
732	0.771272	63	11	232	#
733	0.771272	24	59	11	232	#
734	0.771272	63	26	10	232	#
735	0.101393	13	233	#
736	0.101393	12	19	233	#
737	1.03531	43	234	#
738	1.03531	26	51	234	#
739	1.03531	10	11	51	234	#
740	1.03531	26	16	48	2	19	234	#
741	1.03531	26	16	48	2	13	12	234	#
742	0.899808	22	45	1	235	#
743	0.899808	27	9	24	1	235	#
744	0.899808	22	58	24	1	235	#
745	0.899808	22	23	9	24	1	235	#
746	0.312656	8	#
747	0.57916	22	35	#
748	0.358285	24	1	#
749	0.823432	45	22	236	#
750	0.823432	24	9	27	236	#
751	0.823432	24	58	22	236	#
752	0.823432	24	9	23	22	236	#
753	0.22863	24	#
754	1.02131	11	51	237	#
755	1.02131	10	43	237	#
756	1.02131	10	26	51	237	#
757	1.02131	11	16	48	2	19	237	#
758	1.02131	11	16	48	2	13	12	237	#
759	0.796381	53	32	39	12	238	#
760	0.796381	53	32	21	19	238	#
761	0.796381	53	32	20	25	19	238	#
762	0.796381	53	32	21	13	12	238	#
763	0.796381	53	32	20	25	13	12	238	#
764	0.937209	20	46	239	#
765	0.937209	61	22	239	#
766	0.937209	32	45	22	239	#
767	0.937209	32	24	9	27	239	#
768	0.937209	62	47	239	#
769	0.717622	27	9	240	#
770	0.717622	22	58	240	#
771	0.717622	22	23	9	240	#
772	1.10536	56	241	#
773	1.10536	35	5	4	241	#
774	1.10536	27	9	37	4	241	#
775	1.10536	35	5	15	14	241	#
776	1.10536	22	58	37	4	241	#
777	0.232571	18	#
778	0.848069	45	242	#
779	0.848069	24	58	242	#
780	0.848069	24	9	23	242	#
781	0.848069	24	9	27	22	242	#
782	0.511891	29	19	57	243	#
783	0.511891	30	13	57	243	#
784	0.511891	29	12	13	57	243	#
785	0.511891	30	12	19	57	243	#
786	0.511891	29	19	25	7	243	#
787	0.616089	5	48	#
788	0.376135	57	244	#
789	0.376135	25	7	244	#
790	0.376135	21	6	244	#
791	0.376135	25	20	6	244	#
792	0.917138	49	245	#
793	0.917138	32	63	26	245	#
794	0.917138	32	24	59	26	245	#
795	0.917138	32	44	10	245	#
796	0.917138	32	24	34	10	245	#
797	0.0303131	10	#
798	1.01417	28	53	32	39	30	246	#
799	1.01417	28	53	32	39	12	29	246	#
800	1.01417	28	53	32	21	19	29	246	#
801	1.01417	28	53	32	20	25	19	29	246	#
802	1.01417	28	53	32	21	13	30	246	#
803	0.962835	32	53	18	247	#
804	0.962835	32	53	28	17	247	#
805	0.936504	1	45	248	#
806	0.936504	1	24	58	248	#
807	0.936504	1	24	9	23	248	#
808	0.936504	1	24	9	27	22	248	#
809	0.936504	0	31	45	248	#
810	0.762857	20	32	24	9	#
811	0.961936	20	49	249	#
812	0.961936	3	48	16	26	249	#
813	0.961936	3	48	16	11	10	249	#
814	0.961936	20	32	63	26	249	#
815	0.961936	20	32	24	59	26	249	#
816	0.683528	1	53	18	#
817	0.356949	27	250	#
818	0.356949	23	22	250	#
819	0.961936	20	49	251	#
820	0.961936	3	48	16	26	251	#
821	0.961936	3	48	16	11	10	251	#
822	0.961936	20	32	63	26	251	#
823	0.961936	20	32	24	59	26	251	#
824	1.12725	4	36	252	#
825	1.12725	4	40	28	252	#
826	1.12725	4	37	9	8	28	252	#
827	0.529679	34	253	#
828	0.529679	59	11	253	#
829	0.234972	15	#
830	0.999495	18	53	32	254	#
831	0.999495	17	28	53	32	254	#
832	0.999495	52	6	254	#
833	0.999495	17	8	9	24	32	254	#
834	0.96782	22	45	1	255	#
835	0.96782	27	9	24	1	255	#
836	0.96782	22	58	24	1	255	#
837	0.96782	22	23	9	24	1	255	#
838	0.96782	22	45	31	0	255	#
839	0.518164	38	29	256	#
840	0.518164	38	30	12	256	#
841	0.189294	19	25	#
842	0.890923	21	32	53	28	257	#
843	0.890923	25	20	32	53	28	257	#
844	0.407781	12	39	32	258	#
845	0.407781	19	21	32	258	#
846	0.407781	19	25	20	32	258	#
847	0.407781	12	13	21	32	258	#
848	0.407781	12	13	25	20	32	258	#
849	0.795747	9	37	4	#
850	0.688303	29	54	259	#
851	0.688303	29	38	15	259	#
852	0.688303	12	30	54	259	#
853	0.688303	12	30	38	15	259	#
854	0.688303	29	38	14	4	259	#
855	0.221926	14	#
856	1.0023	2	47	22	260	#
857	1.0023	25	46	22	260	#
858	1.0023	21	61	260	#
859	1.0023	25	20	61	260	#
860	1.0023	21	32	45	260	#
861	0.992433	18	53	32	21	261	#
862	0.992433	18	53	32	20	25	261	#
863	0.992433	17	28	53	32	21	261	#
864	0.992433	17	28	53	32	20	25	261	#
865	0.992433	50	13	261	#
866	0.14735	1	#
867	1.01774	2	48	16	11	262	#
868	1.01774	2	48	16	26	10	262	#
869	1.01774	19	51	11	262	#
870	1.01774	13	12	51	11	262	#
871	1.01774	21	49	10	262	#
872	0.199561	62	263	#
873	0.199561	20	3	263	#
874	0.988438	35	5	264	#
875	0.988438	27	9	37	264	#
876	0.988438	56	4	264	#
877	0.988438	22	58	37	264	#
878	0.988438	22	23	9	37	264	#
879	0.947361	20	49	10	265	#
880	0.947361	3	48	16	11	265	#
881	0.947361	20	32	44	265	#
882	0.947361	20	32	24	34	265	#
883	0.947361	20	32	63	11	265	#
884	0.786266	32	24	9	#
885	0.815585	22	35	5	#
886	0.835654	55	1	24	9	266	#
887	0.835654	6	32	24	9	266	#
888	0.55998	29	38	267	#
889	0.55998	12	30	38	267	#
890	0.55998	19	13	30	38	267	#
891	0.773394	31	63	268	#
892	0.773394	31	24	59	268	#
893	0.773394	0	1	63	268	#
894	0.773394	0	1	24	59	268	#
895	0.259397	9	#
896	0.979439	4	37	24	1	#
897	0.730379	9	27	269	#
898	0.730379	58	22	269	#
899	0.730379	9	23	22	269	#
900	0.794418	14	38	30	39	270	#
901	0.794418	14	38	29	12	39	270	#
902	0.794418	14	38	29	19	21	270	#
903	0.794418	14	38	29	19	25	20	270	#
904	0.794418	14	38	30	13	21	270	#
905	0.799177	37	24	32	271	#
906	0.799177	5	48	62	271	#
907	0.799177	5	48	3	20	271	#
908	0.803644	48	2	272	#
909	0.803644	48	3	25	272	#
910	0.803644	48	62	21	272	#
911	0.803644	48	62	20	25	272	#
912	0.803644	48	3	20	21	272	#
913	0.185035	30	273	#
914	0.185035	12	29	273	#
915	0.729129	30	38	14	274	#
916	0.729129	12	29	38	14	274	#
917	0.729129	13	19	29	38	14	274	#
918	0.624932	35	#
919	0.902056	49	10	275	#
920	0.902056	32	44	275	#
921	0.902056	32	24	34	275	#
922	0.902056	32	63	11	275	#
923	0.902056	32	24	59	11	275	#
924	0.664914	55	1	24	276	#
925	0.664914	6	32	24	276	#
926	0.664914	7	20	32	24	276	#
927	0.905364	31	44	277	#
928	0.905364	31	24	34	277	#
929	0.905364	0	1	44	277	#
930	0.905364	0	1	24	34	277	#
931	0.905364	31	63	11	277	#
932	0.276865	38	#
933	0.870861	1	44	278	#
934	0.870861	1	24	34	278	#
935	0.870861	1	63	11	278	#
936	0.870861	1	24	59	11	278	#
937	0.870861	1	63	26	10	278	#
938	0.598225	1	53	#
939	0.245717	39	279	#
940	0.245717	21	13	279	#
941	0.245717	20	25	13	279	#
942	0.245717	21	19	12	279	#
943	0.245717	20	25	19	12	279	#
944	0.444934	59	#
945	1.15579	36	4	280	#
946	1.15579	28	40	4	280	#
947	1.15579	28	8	9	37	4	280	#
948	1.15579	53	24	37	4	280	#
949	1.10536	56	281	#
950	1.10536	4	5	35	281	#
951	1.10536	4	37	9	27	281	#
952	1.10536	14	15	5	35	281	#
953	1.10536	4	37	58	22	281	#
954	0.688303	29	54	282	#
955	0.688303	29	38	15	282	#
956	0.688303	12	30	54	282	#
957	0.688303	12	30	38	15	282	#
958	0.688303	29	38	14	4	282	#
959	0.27033	26	283	#
960	0.27033	11	10	283	#
961	0.335876	16	26	#
962	0.271432	24	#
963	0.322395	15	284	#
964	0.322395	4	14	284	#
965	1.06686	60	285	#
966	1.06686	5	40	17	285	#
967	1.06686	5	36	18	285	#
968	0.323223	27	#
969	0.673565	48	3	#
970	0.92296	31	63	26	286	#
971	0.92296	31	24	59	26	286	#
972	0.92296	31	44	10	286	#
973	0.92296	31	24	34	10	286	#
974	0.92296	0	1	63	26	286	#
975	0.252758	62	287	#
976	0.252758	20	3	287	#
977	0.618345	38	30	39	288	#
978	0.618345	38	29	12	39	288	#
979	0.618345	38	29	19	21	288	#
980	0.618345	38	29	19	25	20	288	#
981	0.618345	38	30	13	21	288	#
982	0.796381	53	32	39	12	289	#
983	0.796381	53	32	21	19	289	#
984	0.796381	53	32	20	25	19	289	#
985	0.796381	53	32	21	13	12	289	#
986	0.796381	53	32	20	25	13	12	289	#
987	1.05656	26	16	48	290	#
988	1.05656	10	11	16	48	290	#
989	1.05656	49	62	290	#
990	1.05656	49	20	3	290	#
991	0.927076	46	291	#
992	0.927076	3	47	291	#
993	0.927076	20	61	22	291	#
994	0.439812	24	9	#
995	1.02698	12	51	11	292	#
996	1.02698	12	43	10	292	#
997	1.02698	12	51	26	10	292	#
998	1.02698	13	2	48	16	11	292	#
999	1.02698	12	19	2	48	16	11	292	#
