%% File generated by CATS v.2.1Wed Jun 22 10:37:37 2022

%% The CATS webpage is http://robotics.stanford.edu/CATS

%% PARAMETER SETTINGS:
% Goods: 64; Bids: 1000; Distribution: paths; Runs: 1; Seed: 1656572787
% Paths Distribution Parameters:
% Initial connections:       = 2
% Edge density:              = 3.000000
% Shipping cost factor:      = 1.500000
% Max bid set size:          = 5
% Building penalty:          = 1.700000



goods 64
bids 1004
dummy 336

0	0.273721	36	#
1	0.107278	10	#
2	0.345562	62	#
3	0.788158	26	63	64	#
4	0.788158	2	21	26	35	64	#
5	0.788158	2	25	52	64	#
6	0.788158	4	25	63	64	#
7	0.788158	2	4	21	25	35	64	#
8	0.741311	2	57	65	#
9	0.741311	30	63	65	#
10	0.741311	2	21	30	35	65	#
11	0.741311	3	27	57	65	#
12	0.741311	24	37	63	65	#
13	0.715859	37	43	66	#
14	0.715859	5	39	66	#
15	0.715859	4	5	43	66	#
16	0.715859	3	21	35	37	66	#
17	0.715859	3	5	52	66	#
18	0.526965	17	61	#
19	0.528168	57	#
20	0.739382	8	46	67	#
21	0.739382	9	10	24	32	33	67	#
22	0.739382	8	10	33	36	67	#
23	0.306266	35	#
24	0.724811	31	51	68	#
25	0.724811	13	55	68	#
26	0.724811	13	14	51	68	#
27	0.724811	26	30	31	68	#
28	0.724811	13	26	42	68	#
29	0.169318	14	#
30	0.405067	62	#
31	0.830627	1	49	69	#
32	0.830627	0	32	37	43	69	#
33	0.830627	0	5	32	39	69	#
34	0.830627	0	10	49	69	#
35	0.830627	0	4	5	32	43	69	#
36	0.636111	17	23	53	70	#
37	0.636111	9	62	70	#
38	0.636111	8	14	62	70	#
39	0.636111	19	40	70	#
40	0.636111	14	23	41	70	#
41	0.202706	5	#
42	0.450381	10	32	33	#
43	0.14156	1	#
44	0.370058	33	#
45	1.00202	48	52	71	#
46	1.00202	4	21	35	48	71	#
47	1.00202	2	60	71	#
48	1.00202	2	4	48	63	71	#
49	1.00202	10	21	32	33	35	37	71	#
50	0.830627	1	49	72	#
51	0.830627	0	32	37	43	72	#
52	0.830627	0	5	32	39	72	#
53	0.830627	0	10	49	72	#
54	0.830627	0	4	5	32	43	72	#
55	0.830627	1	49	73	#
56	0.830627	0	32	37	43	73	#
57	0.830627	0	5	32	39	73	#
58	0.830627	0	10	49	73	#
59	0.830627	0	4	5	32	43	73	#
60	0.675731	6	48	74	#
61	0.675731	5	58	74	#
62	0.675731	0	5	7	32	74	#
63	1.02745	56	75	#
64	1.02745	1	15	49	75	#
65	1.02745	0	15	32	37	43	75	#
66	1.02745	13	16	45	75	#
67	1.02745	0	5	15	32	39	75	#
68	0.449064	54	#
69	0.838409	0	32	37	63	76	#
70	0.838409	0	2	21	32	35	37	76	#
71	0.838409	0	2	5	32	52	76	#
72	0.838409	0	4	5	32	63	76	#
73	0.838409	0	2	4	5	21	32	35	76	#
74	0.397081	10	33	#
75	0.676089	13	23	28	50	92	#
76	0.187489	5	#
77	0.290784	23	28	77	#
78	0.290784	17	18	23	77	#
79	0.104665	13	#
80	0.734426	0	24	32	53	78	#
81	0.734426	1	10	24	32	53	78	#
82	0.734426	0	17	36	41	78	#
83	0.734426	13	17	41	44	78	#
84	0.734426	31	44	53	78	#
85	0.560483	38	79	#
86	0.560483	3	21	22	79	#
87	0.560483	2	21	22	27	79	#
88	0.767439	47	80	#
89	0.767439	7	11	44	80	#
90	0.614725	29	54	81	#
91	0.614725	12	41	81	#
92	0.44436	30	31	82	#
93	0.44436	13	42	82	#
94	0.44436	13	14	30	82	#
95	0.713249	0	24	32	53	83	#
96	0.713249	1	10	24	32	53	83	#
97	0.112264	13	#
98	0.411889	9	24	32	84	#
99	0.411889	8	36	84	#
100	0.710625	26	59	85	#
101	0.710625	9	51	85	#
102	0.710625	4	25	59	85	#
103	0.710625	9	26	30	85	#
104	0.710625	5	9	24	25	85	#
105	0.630881	61	86	#
106	0.630881	2	21	22	28	86	#
107	0.630881	2	17	18	21	22	86	#
108	0.502262	17	24	53	#
109	0.488201	5	25	#
110	0.824019	51	53	#
111	0.447835	59	87	#
112	0.447835	9	30	87	#
113	0.194711	8	#
114	0.652016	57	88	#
115	0.652016	21	30	35	88	#
116	0.234477	36	#
117	0.559826	58	89	#
118	0.559826	0	7	32	89	#
119	0.559826	6	10	32	33	89	#
120	0.559826	1	7	10	32	89	#
121	0.957152	34	90	#
122	0.957152	24	53	58	90	#
123	0.957152	0	7	24	32	53	90	#
124	0.957152	6	10	24	32	33	53	90	#
125	0.957152	1	7	10	24	32	53	90	#
126	0.63341	5	17	24	53	91	#
127	0.63341	4	17	30	53	91	#
128	0.676089	8	13	62	92	#
129	0.676089	13	23	41	92	#
130	0.676089	17	23	31	53	92	#
131	0.517453	16	31	93	#
132	0.517453	13	14	16	93	#
133	0.517453	0	15	24	32	93	#
134	0.497451	43	94	#
135	0.497451	3	21	35	94	#
136	0.3565	17	53	#
137	0.444598	4	59	95	#
138	0.444598	5	9	24	95	#
139	0.444598	4	9	30	95	#
140	0.275091	17	29	#
141	0.890862	8	13	16	62	96	#
142	0.890862	13	16	23	41	96	#
143	0.890862	16	17	23	31	53	96	#
144	0.890862	13	16	23	28	50	96	#
145	0.890862	13	16	17	18	23	50	96	#
146	0.4623	4	59	97	#
147	0.4623	5	9	24	97	#
148	0.4623	4	9	30	97	#
149	0.129984	32	#
150	0.558335	9	10	24	32	98	#
151	0.558335	8	10	36	98	#
152	0.558335	0	1	9	24	32	98	#
153	0.558335	8	10	14	24	32	98	#
154	0.558335	0	1	8	36	98	#
155	0.21083	21	#
156	0.583353	26	35	99	#
157	0.583353	4	25	35	99	#
158	0.28873	16	#
159	1.03854	40	51	100	#
160	1.03854	17	20	51	53	100	#
161	0.680742	58	24	101	#
162	0.680742	7	0	32	24	101	#
163	0.680742	6	33	10	32	24	101	#
164	0.680742	7	1	10	32	24	101	#
165	0.680742	7	44	31	101	#
166	0.676089	62	8	13	102	#
167	0.676089	23	41	13	102	#
168	0.676089	23	17	53	31	102	#
169	0.676089	23	28	50	13	102	#
170	0.676089	23	17	18	50	13	102	#
171	0.779448	43	37	32	103	#
172	0.779448	39	5	32	103	#
173	0.779448	49	10	103	#
174	0.779448	43	4	5	32	103	#
175	0.779448	3	21	35	37	32	103	#
176	0.630455	37	32	0	15	104	#
177	0.630455	4	5	32	0	15	104	#
178	0.630455	30	31	16	104	#
179	0.630455	42	13	16	104	#
180	0.630455	30	14	13	16	104	#
181	0.644725	6	48	4	105	#
182	0.644725	58	37	105	#
183	0.644725	7	0	32	37	105	#
184	0.484538	41	#
185	0.241033	24	14	#
186	0.196644	24	32	#
187	0.768436	0	32	24	53	17	106	#
188	0.768436	0	36	41	106	#
189	0.768436	44	13	41	106	#
190	0.768436	1	10	32	24	53	17	106	#
191	0.768436	44	31	53	17	106	#
192	0.48583	61	17	#
193	0.630574	61	27	107	#
194	0.630574	28	38	107	#
195	0.630574	17	18	38	107	#
196	0.630574	61	2	3	107	#
197	0.630574	28	22	21	3	107	#
198	0.611076	55	108	#
199	0.611076	14	51	108	#
200	1.00202	52	48	109	#
201	1.00202	21	35	4	48	109	#
202	1.00202	2	60	109	#
203	1.00202	2	63	4	48	109	#
204	1.00202	21	35	37	32	10	33	109	#
205	0.727265	35	37	32	0	110	#
206	0.727265	35	4	5	32	0	110	#
207	0.727265	35	30	24	32	0	110	#
208	0.727265	35	37	32	10	1	110	#
209	0.727265	35	4	5	32	10	1	110	#
210	0.655095	36	0	7	111	#
211	0.655095	13	44	7	111	#
212	0.655095	46	6	111	#
213	0.655095	14	24	58	111	#
214	0.655095	14	24	32	0	7	111	#
215	0.104954	13	#
216	0.679654	37	63	112	#
217	0.679654	37	35	21	2	112	#
218	0.679654	5	52	2	112	#
219	0.679654	5	4	63	112	#
220	0.679654	5	4	35	21	2	112	#
221	0.461901	62	#
222	0.399227	0	32	5	#
223	0.494876	0	32	24	9	113	#
224	0.494876	0	36	8	113	#
225	0.494876	44	13	8	113	#
226	0.48917	9	24	32	10	114	#
227	0.48917	8	36	10	114	#
228	0.788077	40	24	115	#
229	0.788077	20	17	53	24	115	#
230	0.788077	19	23	17	53	24	115	#
231	0.788077	19	62	9	24	115	#
232	0.788077	20	41	14	24	115	#
233	0.425786	16	13	#
234	0.269188	24	5	116	#
235	0.269188	30	4	116	#
236	0.462329	8	13	16	#
237	0.691468	54	29	117	#
238	0.691468	12	41	117	#
239	0.691468	11	13	41	117	#
240	0.465314	14	24	5	118	#
241	0.465314	42	4	118	#
242	0.465314	14	30	4	118	#
243	0.263779	36	#
244	0.444708	5	24	14	119	#
245	0.444708	4	42	119	#
246	0.444708	4	30	14	119	#
247	0.788158	63	26	120	#
248	0.788158	2	21	35	26	120	#
249	0.788158	2	52	25	120	#
250	0.788158	63	4	25	120	#
251	0.788158	2	21	35	4	25	120	#
252	0.377836	7	0	#
253	0.890862	62	8	13	16	121	#
254	0.890862	23	41	13	16	121	#
255	0.890862	23	17	53	31	16	121	#
256	0.890862	23	28	50	13	16	121	#
257	0.890862	23	17	18	50	13	16	121	#
258	0.776479	32	37	43	122	#
259	0.776479	32	5	39	122	#
260	0.776479	10	49	122	#
261	0.776479	32	5	4	43	122	#
262	0.541519	2	52	123	#
263	0.541519	63	4	123	#
264	0.541519	2	21	35	4	123	#
265	0.97775	50	46	124	#
266	0.97775	50	36	10	33	124	#
267	0.97775	22	35	4	48	124	#
268	0.97775	18	53	24	32	10	33	124	#
269	0.97775	50	14	24	32	10	33	124	#
270	0.615587	32	24	53	#
271	0.150759	19	#
272	0.701989	14	57	125	#
273	0.701989	50	22	21	125	#
274	0.162867	3	#
275	1.05941	60	6	126	#
276	1.05941	2	52	48	6	126	#
277	1.05941	63	4	48	6	126	#
278	1.05941	2	21	35	4	48	6	126	#
279	1.05941	63	37	58	126	#
280	0.480644	32	24	9	127	#
281	0.480644	36	8	127	#
282	0.480644	32	24	14	8	127	#
283	0.837192	29	61	27	128	#
284	0.837192	29	28	38	128	#
285	0.837192	29	17	18	38	128	#
286	0.837192	29	61	2	3	128	#
287	0.837192	29	28	22	21	3	128	#
288	0.859417	40	24	32	10	129	#
289	0.859417	20	17	53	24	32	10	129	#
290	0.859417	20	41	36	10	129	#
291	0.859417	19	23	17	53	24	32	10	129	#
292	0.859417	40	24	32	0	1	129	#
293	0.47989	12	14	130	#
294	0.47989	11	31	130	#
295	0.47989	11	13	14	130	#
296	0.47989	12	13	31	130	#
297	0.261469	24	32	10	#
298	0.491843	24	14	12	131	#
299	0.491843	24	31	11	131	#
300	0.811955	12	46	132	#
301	0.811955	12	36	10	33	132	#
302	0.811955	47	6	132	#
303	0.811955	11	44	1	33	132	#
304	0.811955	11	44	7	6	132	#
305	0.0878864	10	#
306	0.241349	24	32	#
307	0.505457	59	4	133	#
308	0.505457	9	24	5	133	#
309	0.505457	9	30	4	133	#
310	1.02054	23	17	34	134	#
311	1.02054	23	17	53	24	58	134	#
312	1.02054	23	17	53	24	32	0	7	134	#
313	1.02054	62	9	24	58	134	#
314	1.02054	62	9	24	32	0	7	134	#
315	0.581881	12	36	10	135	#
316	0.581881	11	44	1	135	#
317	0.918913	48	39	136	#
318	0.918913	48	4	43	136	#
319	0.890862	16	13	8	62	137	#
320	0.890862	16	13	41	23	137	#
321	0.890862	16	31	53	17	23	137	#
322	0.890862	16	13	50	28	23	137	#
323	0.890862	16	13	50	18	17	23	137	#
324	0.344586	50	#
325	0.580472	52	138	#
326	0.580472	21	35	4	138	#
327	0.580472	2	63	4	138	#
328	0.422292	36	10	139	#
329	0.422292	14	24	32	10	139	#
330	0.422292	36	0	1	139	#
331	0.422292	13	44	1	139	#
332	0.780613	22	50	12	140	#
333	0.780613	35	42	12	140	#
334	0.780613	35	30	14	12	140	#
335	0.82717	23	17	53	24	32	10	141	#
336	0.82717	62	9	24	32	10	141	#
337	0.82717	62	8	36	10	141	#
338	0.82717	23	41	36	10	141	#
339	0.82717	23	17	53	24	32	0	1	141	#
340	0.153428	6	#
341	0.288931	22	#
342	0.825484	6	48	4	35	#
343	0.136208	23	#
344	0.531228	54	29	#
345	0.672147	5	32	0	15	142	#
346	0.672147	4	37	32	0	15	142	#
347	0.672147	5	32	10	1	15	142	#
348	0.672147	5	24	31	16	142	#
349	0.672147	4	30	31	16	142	#
350	0.0389158	17	#
351	0.575555	58	24	143	#
352	0.575555	7	0	32	24	143	#
353	1.03578	16	31	57	2	144	#
354	1.03578	15	0	32	37	63	144	#
355	1.03578	15	0	32	37	35	21	2	144	#
356	1.03578	16	13	14	57	2	144	#
357	0.436463	36	12	#
358	0.633304	33	1	44	145	#
359	0.633304	6	7	44	145	#
360	0.633304	46	13	145	#
361	0.633304	33	10	0	44	145	#
362	0.633304	33	10	36	13	145	#
363	0.983466	12	45	146	#
364	0.983466	12	50	38	146	#
365	0.983466	12	14	57	3	146	#
366	0.377566	20	28	147	#
367	0.377566	20	17	18	147	#
368	0.812623	16	13	50	#
369	0.463779	29	28	148	#
370	0.463779	29	17	18	148	#
371	0.232302	29	#
372	0.773807	35	4	48	#
373	0.454568	10	32	24	9	#
374	0.208887	20	#
375	0.239986	20	#
376	0.110426	27	#
377	0.458476	22	21	#
378	0.567145	8	62	149	#
379	0.567145	41	23	149	#
380	0.694738	40	150	#
381	0.694738	53	17	20	150	#
382	0.694738	53	17	23	19	150	#
383	0.694738	9	62	19	150	#
384	0.694738	14	41	20	150	#
385	0.48144	0	7	151	#
386	0.48144	10	33	6	151	#
387	0.48144	10	1	7	151	#
388	0.630455	15	0	32	37	152	#
389	0.630455	15	0	32	5	4	152	#
390	0.630455	16	31	30	152	#
391	0.630455	16	13	42	152	#
392	0.630455	16	13	14	30	152	#
393	0.791751	58	24	9	153	#
394	0.791751	7	0	32	24	9	153	#
395	0.791751	7	0	36	8	153	#
396	0.791751	7	44	13	8	153	#
397	0.791751	6	46	8	153	#
398	0.422889	62	#
399	0.563662	36	12	154	#
400	0.563662	0	44	11	154	#
401	0.563662	36	13	11	154	#
402	0.563662	32	24	14	12	154	#
403	0.543712	9	24	32	0	155	#
404	0.543712	8	36	0	155	#
405	0.543712	8	13	44	155	#
406	0.543712	9	24	32	10	1	155	#
407	0.543712	8	14	24	32	0	155	#
408	0.638334	35	37	32	0	156	#
409	0.638334	35	4	5	32	0	156	#
410	0.780992	16	13	41	17	157	#
411	0.780992	16	31	53	157	#
412	0.780992	16	13	50	18	157	#
413	0.780992	16	13	14	53	157	#
414	0.780992	15	0	32	24	53	157	#
415	0.320584	23	29	#
416	0.362496	10	33	#
417	0.355973	3	21	158	#
418	0.355973	27	2	21	158	#
419	1.0457	40	24	58	159	#
420	1.0457	40	24	32	0	7	159	#
421	1.0457	20	17	34	159	#
422	1.0457	20	17	53	24	58	159	#
423	1.0457	20	17	53	24	32	0	7	159	#
424	0.683401	0	32	24	53	#
425	0.686866	3	57	160	#
426	0.686866	43	30	160	#
427	0.673186	3	57	161	#
428	0.673186	43	30	161	#
429	0.0987356	0	#
430	0.693988	16	13	41	#
431	0.720703	49	#
432	0.106685	0	#
433	0.479316	11	16	#
434	0.80116	32	24	53	17	23	162	#
435	0.80116	32	24	9	62	162	#
436	0.80116	36	8	62	162	#
437	0.80116	36	41	23	162	#
438	0.80116	32	24	14	8	62	162	#
439	0.788077	24	40	163	#
440	0.788077	24	53	17	20	163	#
441	0.788077	24	53	17	23	19	163	#
442	0.788077	24	9	62	19	163	#
443	0.788077	24	14	41	20	163	#
444	0.867566	29	17	53	24	32	10	164	#
445	0.867566	54	12	36	10	164	#
446	0.867566	54	11	44	1	164	#
447	0.783485	16	13	41	165	#
448	0.783485	16	31	53	17	165	#
449	0.783485	16	13	50	28	165	#
450	0.783485	16	13	50	18	17	165	#
451	0.783485	16	13	14	53	17	165	#
452	0.615772	44	1	33	166	#
453	0.615772	44	7	6	166	#
454	0.615772	13	46	166	#
455	0.567968	46	167	#
456	0.567968	36	10	33	167	#
457	0.34651	42	168	#
458	0.34651	30	14	168	#
459	0.342863	3	21	169	#
460	0.342863	27	2	21	169	#
461	0.829834	10	32	24	40	170	#
462	0.829834	10	32	24	53	17	20	170	#
463	0.657646	32	37	35	171	#
464	0.657646	32	5	4	35	171	#
465	0.657646	32	24	30	35	171	#
466	0.601216	4	48	6	#
467	0.950944	33	10	32	24	53	172	#
468	0.950944	6	34	172	#
469	0.950944	6	58	24	53	172	#
470	0.950944	33	1	0	32	24	53	172	#
471	0.950944	46	41	17	172	#
472	0.837192	29	61	27	173	#
473	0.837192	29	28	38	173	#
474	0.837192	29	17	18	38	173	#
475	0.837192	29	61	2	3	173	#
476	0.837192	29	28	22	21	3	173	#
477	0.587738	18	38	174	#
478	0.587738	17	61	27	174	#
479	1.11355	54	12	46	175	#
480	1.11355	29	17	53	24	32	10	33	175	#
481	1.11355	54	12	36	10	33	175	#
482	1.11355	54	47	6	175	#
483	1.11355	54	11	44	1	33	175	#
484	0.862145	0	32	24	40	176	#
485	0.862145	0	32	24	53	17	20	176	#
486	0.862145	0	36	41	20	176	#
487	0.862145	0	32	24	53	17	23	19	176	#
488	0.862145	44	13	41	20	176	#
489	0.811955	46	12	177	#
490	0.811955	33	10	36	12	177	#
491	0.811955	6	47	177	#
492	0.811955	33	1	44	11	177	#
493	0.811955	6	7	44	11	177	#
494	0.452357	31	16	178	#
495	0.452357	14	13	16	178	#
496	0.786288	46	8	179	#
497	0.786288	33	10	32	24	9	179	#
498	0.786288	33	10	36	8	179	#
499	0.786288	6	58	24	9	179	#
500	0.0980618	10	#
501	0.528038	62	19	#
502	0.294103	32	5	#
503	0.185147	5	#
504	0.511273	31	30	180	#
505	0.511273	13	42	180	#
506	0.511273	13	14	30	180	#
507	0.511273	31	24	37	180	#
508	0.511273	13	14	24	37	180	#
509	0.761411	4	59	62	181	#
510	0.761411	5	24	53	17	23	181	#
511	0.761411	4	30	53	17	23	181	#
512	0.761411	4	35	22	28	23	181	#
513	0.761411	4	35	22	18	17	23	181	#
514	0.348204	1	44	#
515	0.185682	14	#
516	1.0393	16	31	57	2	182	#
517	1.0393	15	0	32	37	63	182	#
518	1.0393	15	0	32	37	35	21	2	182	#
519	1.0393	16	13	14	57	2	182	#
520	1.0393	15	0	32	5	52	2	182	#
521	0.537214	61	#
522	0.279266	35	#
523	0.708734	17	53	24	32	183	#
524	0.708734	41	36	183	#
525	0.708734	28	50	36	183	#
526	0.708734	41	14	24	32	183	#
527	0.708734	17	18	50	36	183	#
528	0.0368735	17	#
529	0.383289	33	1	184	#
530	0.383289	6	7	184	#
531	0.837555	31	57	2	185	#
532	0.837555	13	14	57	2	185	#
533	0.837555	31	30	63	185	#
534	0.837555	31	30	35	21	2	185	#
535	0.837555	13	50	22	21	2	185	#
536	0.585409	50	36	#
537	0.284805	30	#
538	0.705793	35	37	32	186	#
539	0.705793	35	4	5	32	186	#
540	0.705793	35	30	24	32	186	#
541	0.625804	12	42	187	#
542	0.625804	12	14	30	187	#
543	0.625804	11	31	30	187	#
544	0.625804	11	13	42	187	#
545	0.625804	11	13	14	30	187	#
546	0.797347	16	13	8	62	188	#
547	0.797347	16	13	41	23	188	#
548	0.890862	62	8	13	16	189	#
549	0.890862	23	41	13	16	189	#
550	0.890862	23	17	53	31	16	189	#
551	0.890862	23	28	50	13	16	189	#
552	0.890862	23	17	18	50	13	16	189	#
553	0.649759	0	32	5	25	#
554	0.507154	12	36	190	#
555	0.507154	11	44	0	190	#
556	0.715859	43	37	191	#
557	0.715859	39	5	191	#
558	0.715859	43	4	5	191	#
559	0.715859	3	21	35	37	191	#
560	0.715859	3	52	5	191	#
561	0.96236	17	34	192	#
562	0.96236	17	53	24	58	192	#
563	0.96236	17	53	24	32	0	7	192	#
564	0.96236	41	36	0	7	192	#
565	0.96236	41	13	44	7	192	#
566	0.316749	15	1	#
567	0.441961	35	30	#
568	0.646797	57	193	#
569	0.646797	21	35	30	193	#
570	0.832765	10	32	24	40	194	#
571	0.832765	10	32	24	53	17	20	194	#
572	0.342759	7	#
573	0.244999	14	24	#
574	0.82258	12	50	22	195	#
575	0.82258	12	42	35	195	#
576	0.82258	12	14	30	35	195	#
577	0.82258	11	31	30	35	195	#
578	0.82258	11	13	50	22	195	#
579	0.459889	14	24	5	196	#
580	0.459889	42	4	196	#
581	0.459889	14	30	4	196	#
582	0.108788	24	#
583	0.471373	61	#
584	0.469745	42	197	#
585	0.469745	14	30	197	#
586	0.469745	14	24	37	197	#
587	0.469745	14	24	5	4	197	#
588	0.469745	13	31	30	197	#
589	0.637561	38	18	198	#
590	0.637561	27	61	17	198	#
591	0.637561	3	21	22	18	198	#
592	0.637561	38	28	17	198	#
593	0.637561	3	2	61	17	198	#
594	0.443676	21	35	#
595	0.830361	29	61	2	199	#
596	0.830361	29	28	22	21	199	#
597	0.830361	29	17	18	22	21	199	#
598	0.429651	10	32	24	9	#
599	0.373068	42	200	#
600	0.373068	30	14	200	#
601	0.506533	0	32	24	9	201	#
602	0.506533	0	36	8	201	#
603	0.506533	44	13	8	201	#
604	0.452703	41	#
605	0.847144	47	202	#
606	0.847144	7	44	11	202	#
607	0.847144	7	0	36	12	202	#
608	0.847144	7	44	13	12	202	#
609	0.847144	6	46	12	202	#
610	1.08383	54	47	203	#
611	1.08383	54	11	44	7	203	#
612	1.08383	29	17	34	203	#
613	1.08383	29	17	53	24	58	203	#
614	1.08383	29	17	53	24	32	0	7	203	#
615	0.470307	24	53	#
616	0.789434	46	8	204	#
617	0.789434	33	10	32	24	9	204	#
618	0.789434	33	10	36	8	204	#
619	0.789434	6	58	24	9	204	#
620	0.789434	33	1	0	32	24	9	204	#
621	0.527424	10	32	24	9	205	#
622	0.527424	10	36	8	205	#
623	0.386003	15	0	32	#
624	0.580292	41	206	#
625	0.580292	28	50	206	#
626	0.580292	17	18	50	206	#
627	0.580292	17	53	14	206	#
628	0.572948	35	59	#
629	0.955516	39	48	207	#
630	0.955516	43	4	48	207	#
631	0.955516	49	33	207	#
632	0.955516	3	52	48	207	#
633	0.955516	3	21	35	4	48	207	#
634	0.475265	38	208	#
635	0.475265	22	21	3	208	#
636	0.996048	52	48	209	#
637	0.996048	21	35	4	48	209	#
638	0.996048	2	60	209	#
639	0.996048	2	63	4	48	209	#
640	0.691149	53	24	32	10	210	#
641	0.691149	53	24	32	0	1	210	#
642	0.630357	44	1	33	211	#
643	0.630357	44	7	6	211	#
644	0.630357	13	46	211	#
645	0.630357	44	0	10	33	211	#
646	0.346872	7	#
647	0.811528	51	53	#
648	0.215097	8	#
649	1.02054	23	17	34	212	#
650	1.02054	23	17	53	24	58	212	#
651	1.02054	23	17	53	24	32	0	7	212	#
652	1.02054	62	9	24	58	212	#
653	1.02054	62	9	24	32	0	7	212	#
654	0.84814	2	61	29	213	#
655	0.84814	21	22	28	29	213	#
656	0.84814	21	22	18	17	29	213	#
657	0.489566	22	28	214	#
658	0.489566	22	18	17	214	#
659	0.737446	32	37	35	21	215	#
660	0.737446	32	5	52	215	#
661	0.737446	32	5	4	35	21	215	#
662	0.737446	32	24	57	215	#
663	0.373181	20	28	216	#
664	0.373181	20	17	18	216	#
665	0.396677	12	14	#
666	0.957152	34	217	#
667	0.957152	58	24	53	217	#
668	0.957152	7	0	32	24	53	217	#
669	0.957152	6	33	10	32	24	53	217	#
670	0.957152	7	1	10	32	24	53	217	#
671	0.669526	23	29	54	#
672	0.779448	43	37	32	218	#
673	0.779448	39	5	32	218	#
674	0.779448	49	10	218	#
675	0.779448	43	4	5	32	218	#
676	0.779448	3	21	35	37	32	218	#
677	0.450635	14	24	5	219	#
678	0.450635	42	4	219	#
679	0.450635	14	30	4	219	#
680	1.00583	60	220	#
681	1.00583	48	52	2	220	#
682	1.00583	48	4	63	220	#
683	1.00583	48	4	35	21	2	220	#
684	1.00583	48	39	27	220	#
685	0.55014	41	13	221	#
686	0.55014	17	53	31	221	#
687	0.593076	54	29	#
688	0.28535	2	21	#
689	0.188248	24	32	#
690	0.327013	3	21	#
691	0.604256	10	36	12	222	#
692	0.604256	1	44	11	222	#
693	0.604256	10	0	44	11	222	#
694	0.604256	10	36	13	11	222	#
695	0.604256	10	32	24	14	12	222	#
696	0.847144	47	223	#
697	0.847144	7	44	11	223	#
698	0.847144	7	0	36	12	223	#
699	0.847144	7	44	13	12	223	#
700	0.847144	6	46	12	223	#
701	0.36509	7	#
702	0.38466	5	32	0	#
703	0.386672	29	20	#
704	0.199234	32	24	#
705	0.630574	61	27	224	#
706	0.630574	28	38	224	#
707	0.630574	17	18	38	224	#
708	0.630574	61	2	3	224	#
709	0.630574	28	22	21	3	224	#
710	0.598972	55	#
711	0.896797	60	#
712	0.758896	48	4	35	#
713	0.790234	31	57	225	#
714	0.790234	13	14	57	225	#
715	0.790234	31	30	35	21	225	#
716	0.790234	13	50	22	21	225	#
717	0.790234	13	42	35	21	225	#
718	0.837555	31	57	2	226	#
719	0.837555	13	14	57	2	226	#
720	0.837555	31	30	63	226	#
721	0.837555	31	30	35	21	2	226	#
722	0.837555	13	50	22	21	2	226	#
723	0.903203	61	29	227	#
724	0.903203	2	21	22	28	29	227	#
725	0.903203	2	21	22	18	17	29	227	#
726	0.903203	27	38	28	29	227	#
727	0.903203	27	38	18	17	29	227	#
728	1.0457	58	24	40	228	#
729	1.0457	7	0	32	24	40	228	#
730	1.0457	34	17	20	228	#
731	1.0457	58	24	53	17	20	228	#
732	1.0457	7	0	32	24	53	17	20	228	#
733	0.924937	12	14	57	229	#
734	0.924937	12	50	22	21	229	#
735	0.924937	11	31	57	229	#
736	0.924937	12	42	35	21	229	#
737	0.924937	12	14	30	35	21	229	#
738	0.260501	8	13	#
739	0.250307	20	230	#
740	0.250307	19	23	230	#
741	0.465762	15	0	32	#
742	0.869006	51	53	231	#
743	0.869006	26	30	53	231	#
744	0.869006	26	35	22	18	231	#
745	0.869006	25	5	24	53	231	#
746	0.869006	25	4	30	53	231	#
747	0.250466	31	232	#
748	0.250466	14	13	232	#
749	0.992729	12	14	57	2	233	#
750	0.992729	54	29	61	233	#
751	0.992729	12	50	22	21	2	233	#
752	0.992729	11	31	57	2	233	#
753	0.992729	12	42	63	233	#
754	0.830627	1	49	234	#
755	0.830627	0	32	37	43	234	#
756	0.830627	0	32	5	39	234	#
757	0.830627	0	10	49	234	#
758	0.830627	0	32	5	4	43	234	#
759	0.513024	18	22	21	#
760	0.621607	10	32	24	53	#
761	0.23406	32	24	#
762	0.988317	60	235	#
763	0.988317	48	52	2	235	#
764	0.988317	48	4	63	235	#
765	0.988317	48	4	35	21	2	235	#
766	0.668428	46	236	#
767	0.668428	33	10	36	236	#
768	0.668428	33	10	32	24	14	236	#
769	0.668428	33	1	0	36	236	#
770	0.668428	33	1	44	13	236	#
771	0.585252	40	237	#
772	0.585252	20	17	53	237	#
773	0.637561	38	18	238	#
774	0.637561	27	61	17	238	#
775	0.637561	3	21	22	18	238	#
776	0.637561	38	28	17	238	#
777	0.637561	3	2	61	17	238	#
778	0.650036	24	32	10	33	239	#
779	0.650036	24	58	6	239	#
780	0.650036	24	32	0	1	33	239	#
781	0.650036	24	32	0	7	6	239	#
782	0.598295	48	6	240	#
783	0.598295	5	58	240	#
784	0.598295	5	32	0	7	240	#
785	0.654281	41	20	241	#
786	0.654281	8	62	19	241	#
787	0.654281	14	40	241	#
788	0.654281	41	23	19	241	#
789	0.654281	50	28	20	241	#
790	0.347898	28	23	242	#
791	0.347898	18	17	23	242	#
792	0.715859	43	37	243	#
793	0.715859	39	5	243	#
794	0.715859	43	4	5	243	#
795	0.715859	3	21	35	37	243	#
796	0.715859	3	52	5	243	#
797	0.6322	32	24	53	17	244	#
798	0.6322	36	41	244	#
799	0.664584	51	31	#
800	0.842411	12	55	245	#
801	0.842411	12	14	51	245	#
802	0.27438	30	#
803	1.063	47	54	246	#
804	1.063	7	44	11	54	246	#
805	0.682185	50	22	247	#
806	0.682185	42	35	247	#
807	0.682185	14	30	35	247	#
808	0.682185	14	24	37	35	247	#
809	0.682185	14	24	5	4	35	247	#
810	0.422572	32	10	33	#
811	0.585968	33	1	15	248	#
812	0.585968	6	7	15	248	#
813	0.789696	50	13	16	#
814	0.741311	57	2	249	#
815	0.741311	30	63	249	#
816	0.741311	30	35	21	2	249	#
817	0.741311	57	3	27	249	#
818	0.741311	24	37	63	249	#
819	1.02148	40	51	250	#
820	1.02148	20	17	53	51	250	#
821	1.02148	40	30	26	250	#
822	0.0795478	0	#
823	0.869006	53	51	251	#
824	0.869006	53	30	26	251	#
825	0.869006	18	22	35	26	251	#
826	0.869006	53	24	5	25	251	#
827	0.869006	53	30	4	25	251	#
828	0.740442	23	61	27	252	#
829	0.740442	23	28	38	252	#
830	0.740442	23	17	18	38	252	#
831	0.740442	23	61	2	3	252	#
832	0.740442	23	28	22	21	3	252	#
833	0.528802	43	253	#
834	0.528802	3	21	35	253	#
835	0.890862	62	8	13	16	254	#
836	0.890862	23	41	13	16	254	#
837	0.890862	23	17	53	31	16	254	#
838	0.890862	23	28	50	13	16	254	#
839	0.890862	23	17	18	50	13	16	254	#
840	0.13094	18	#
841	0.540022	53	24	32	#
842	0.571496	8	13	16	#
843	0.423933	29	20	#
844	0.710625	59	26	255	#
845	0.710625	9	51	255	#
846	0.710625	59	4	25	255	#
847	0.710625	9	30	26	255	#
848	0.710625	9	24	5	25	255	#
849	0.519761	22	28	23	256	#
850	0.519761	22	18	17	23	256	#
851	0.842516	53	24	32	10	33	#
852	0.801588	43	26	257	#
853	0.801588	39	25	257	#
854	0.801588	43	4	25	257	#
855	0.801588	3	21	35	26	257	#
856	0.858577	48	4	35	258	#
857	0.858577	33	10	32	37	35	258	#
858	0.707143	31	30	35	259	#
859	0.707143	13	50	22	259	#
860	0.707143	13	42	35	259	#
861	0.707143	13	14	30	35	259	#
862	0.707143	31	24	37	35	259	#
863	0.51495	31	16	260	#
864	0.51495	14	13	16	260	#
865	0.51495	24	32	0	15	260	#
866	0.201423	19	#
867	0.437945	31	16	261	#
868	0.437945	14	13	16	261	#
869	0.818902	2	57	9	262	#
870	0.818902	63	59	262	#
871	0.818902	2	21	35	59	262	#
872	0.818902	63	30	9	262	#
873	0.818902	2	21	35	30	9	262	#
874	0.305752	25	#
875	0.28683	12	#
876	0.141715	14	#
877	0.865746	55	12	263	#
878	0.865746	51	14	12	263	#
879	0.865746	26	42	12	263	#
880	0.865746	26	30	14	12	263	#
881	0.865746	51	31	11	263	#
882	0.36136	0	32	24	#
883	0.0883247	13	#
884	0.530389	35	37	264	#
885	0.530389	35	4	5	264	#
886	0.530389	35	30	24	264	#
887	1.11573	33	10	32	24	40	265	#
888	1.11573	33	10	32	24	53	17	20	265	#
889	1.11573	46	41	20	265	#
890	1.11573	6	58	24	40	265	#
891	1.11573	33	10	36	41	20	265	#
892	0.190443	23	17	#
893	0.766734	63	37	32	266	#
894	0.766734	2	21	35	37	32	266	#
895	0.766734	2	52	5	32	266	#
896	0.766734	63	4	5	32	266	#
897	0.766734	2	21	35	4	5	32	266	#
898	0.460622	63	267	#
899	0.460622	35	21	2	267	#
900	0.565806	61	23	#
901	0.672117	61	23	#
902	1.05941	6	60	268	#
903	1.05941	6	48	52	2	268	#
904	1.05941	6	48	4	63	268	#
905	1.05941	6	48	4	35	21	2	268	#
906	1.05941	58	37	63	268	#
907	0.0887206	0	#
908	1.00202	48	52	269	#
909	1.00202	48	4	35	21	269	#
910	1.00202	60	2	269	#
911	1.00202	48	4	63	2	269	#
912	1.00202	33	10	32	37	35	21	269	#
913	0.257499	35	#
914	0.794107	20	29	54	270	#
915	0.794107	19	23	29	54	270	#
916	0.794107	20	41	12	270	#
917	0.778626	10	32	24	40	#
918	0.614351	10	32	24	53	#
919	0.556998	37	35	271	#
920	0.556998	5	4	35	271	#
921	0.556998	24	30	35	271	#
922	0.186528	17	23	#
923	0.324565	35	#
924	0.99195	2	57	14	12	272	#
925	0.99195	61	29	54	272	#
926	0.99195	2	21	22	50	12	272	#
927	0.99195	2	57	31	11	272	#
928	0.291032	35	#
929	0.671555	0	36	50	273	#
930	0.671555	44	13	50	273	#
931	0.946335	35	4	48	274	#
932	0.946335	35	37	32	10	33	274	#
933	0.946335	35	4	5	32	10	33	274	#
934	0.946335	35	30	24	32	10	33	274	#
935	0.946335	35	37	58	6	274	#
936	0.869006	51	53	275	#
937	0.869006	26	30	53	275	#
938	0.869006	26	35	22	18	275	#
939	0.869006	25	5	24	53	275	#
940	0.869006	25	4	30	53	275	#
941	0.504168	17	41	276	#
942	0.504168	18	50	276	#
943	0.504168	53	14	276	#
944	0.61455	39	277	#
945	0.61455	4	43	277	#
946	0.61455	52	3	277	#
947	0.61455	4	35	21	3	277	#
948	0.61455	52	2	27	277	#
949	0.838409	0	32	37	63	278	#
950	0.838409	0	32	37	35	21	2	278	#
951	0.838409	0	32	5	52	2	278	#
952	0.838409	0	32	5	4	63	278	#
953	0.838409	0	32	5	4	35	21	2	278	#
954	0.859417	40	24	32	10	279	#
955	0.859417	20	17	53	24	32	10	279	#
956	0.859417	20	41	36	10	279	#
957	0.859417	19	23	17	53	24	32	10	279	#
958	0.859417	40	24	32	0	1	279	#
959	0.469855	21	22	#
960	0.650973	37	63	280	#
961	0.650973	37	35	21	2	280	#
962	0.379928	1	15	281	#
963	0.379928	10	0	15	281	#
964	0.654281	41	20	282	#
965	0.654281	8	62	19	282	#
966	0.654281	14	40	282	#
967	0.654281	41	23	19	282	#
968	0.654281	50	28	20	282	#
969	0.693908	4	48	283	#
970	0.693908	37	32	10	33	283	#
971	0.693908	4	5	32	10	33	283	#
972	0.682185	22	50	284	#
973	0.682185	35	42	284	#
974	0.682185	35	30	14	284	#
975	0.682185	35	37	24	14	284	#
976	0.682185	35	4	5	24	14	284	#
977	0.593927	61	27	285	#
978	0.593927	28	38	285	#
979	0.593927	17	18	38	285	#
980	0.850278	15	0	32	37	35	286	#
981	0.850278	15	0	32	5	4	35	286	#
982	0.850278	16	31	30	35	286	#
983	0.850278	16	13	50	22	286	#
984	0.850278	16	13	42	35	286	#
985	0.527608	2	21	22	#
986	1.04174	23	17	53	24	32	10	33	287	#
987	1.04174	62	8	46	287	#
988	1.04174	62	9	24	32	10	33	287	#
989	1.04174	23	41	46	287	#
990	1.04174	62	8	36	10	33	287	#
991	0.653978	0	36	50	288	#
992	0.653978	44	13	50	288	#
993	0.383846	0	7	#
994	0.24309	11	#
995	0.27951	44	#
996	0.568185	2	61	289	#
997	0.568185	21	22	28	289	#
998	0.568185	21	22	18	17	289	#
999	0.568711	13	41	290	#
1000	0.568711	31	53	17	290	#
1001	0.568711	13	50	28	290	#
1002	0.568711	13	50	18	17	290	#
1003	0.568711	13	14	53	17	290	#
