%% File generated by CATS v.2.1Wed Jun 22 10:37:37 2022

%% The CATS webpage is http://robotics.stanford.edu/CATS

%% PARAMETER SETTINGS:
% Goods: 64; Bids: 1000; Distribution: paths; Runs: 1; Seed: 1656572791
% Paths Distribution Parameters:
% Initial connections:       = 2
% Edge density:              = 3.000000
% Shipping cost factor:      = 1.500000
% Max bid set size:          = 5
% Building penalty:          = 1.700000



goods 64
bids 1000
dummy 471

0	0.886388	5	56	64	#
1	0.886388	5	20	42	64	#
2	0.886388	4	7	56	64	#
3	0.886388	5	6	20	30	64	#
4	0.886388	4	7	20	42	64	#
5	0.89691	6	16	29	42	100	#
6	0.276686	60	#
7	0.310948	60	#
8	0.223332	18	65	#
9	0.223332	15	25	65	#
10	0.931506	0	7	39	66	#
11	0.931506	33	62	66	#
12	0.931506	0	17	62	66	#
13	0.931506	0	6	16	39	66	#
14	0.931506	16	32	33	66	#
15	0.171582	1	#
16	0.619121	15	38	52	67	#
17	0.619121	15	19	20	52	67	#
18	0.619121	11	38	60	67	#
19	0.619121	11	19	20	60	67	#
20	0.619121	10	15	38	60	67	#
21	1.14829	2	43	68	#
22	1.14829	3	12	43	68	#
23	1.14829	2	25	51	53	68	#
24	1.14829	3	12	25	51	53	68	#
25	1.14829	13	54	68	#
26	0.644916	35	69	#
27	0.644916	13	51	69	#
28	0.595243	25	53	#
29	0.649592	16	34	70	#
30	0.649592	6	7	34	70	#
31	0.590403	29	59	#
32	0.405028	15	49	#
33	0.163461	9	71	#
34	0.163461	8	12	71	#
35	0.3867	19	46	72	#
36	0.3867	0	1	19	72	#
37	0.855374	62	73	#
38	0.855374	16	32	73	#
39	0.855374	6	7	32	73	#
40	0.855374	7	17	39	73	#
41	0.855374	6	16	17	39	73	#
42	0.740476	7	56	#
43	0.89691	16	34	40	100	#
44	0.0758864	16	74	#
45	0.0758864	6	7	74	#
46	0.854217	39	75	#
47	0.854217	6	17	32	75	#
48	0.854217	7	17	62	75	#
49	0.854217	7	16	17	32	75	#
50	0.854217	6	16	17	62	75	#
51	0.689759	50	76	#
52	0.689759	21	57	76	#
53	0.689759	1	29	33	38	76	#
54	0.689759	1	19	20	29	33	76	#
55	0.689759	17	29	38	46	76	#
56	0.0728762	15	#
57	0.705567	2	25	53	#
58	0.639703	13	23	#
59	0.798304	39	77	#
60	0.798304	6	17	32	77	#
61	1.06944	2	45	53	78	#
62	1.06944	2	18	49	53	78	#
63	1.06944	3	12	45	53	78	#
64	1.06944	3	12	18	49	53	78	#
65	1.06944	2	15	25	49	53	78	#
66	0.621243	1	28	33	79	#
67	0.621243	1	26	27	33	79	#
68	0.621243	17	28	46	79	#
69	0.621243	17	26	27	46	79	#
70	0.621243	0	1	17	28	79	#
71	0.830247	5	39	#
72	0.800109	26	50	#
73	1.08669	10	35	40	80	#
74	1.08669	29	35	52	80	#
75	1.08669	10	29	35	60	80	#
76	1.08669	15	21	35	44	80	#
77	0.498057	1	19	33	81	#
78	0.498057	17	19	46	81	#
79	0.498057	0	1	17	19	81	#
80	0.42139	49	#
81	0.787412	36	82	#
82	0.787412	60	63	82	#
83	0.546806	58	83	#
84	0.546806	7	24	83	#
85	0.546806	6	41	83	#
86	0.546806	6	16	24	83	#
87	0.546806	7	16	41	83	#
88	0.80547	30	84	#
89	0.80547	6	42	84	#
90	0.80547	34	60	84	#
91	0.80547	7	16	42	84	#
92	0.80547	6	20	56	84	#
93	0.486972	41	85	#
94	0.486972	6	58	85	#
95	0.486972	16	24	85	#
96	0.486972	6	7	24	85	#
97	0.907425	7	27	47	86	#
98	0.907425	6	26	32	86	#
99	0.907425	6	16	27	47	86	#
100	0.907425	7	26	62	86	#
101	0.907425	17	26	39	86	#
102	0.655787	48	87	#
103	0.655787	10	51	87	#
104	0.630886	10	40	88	#
105	0.630886	29	52	88	#
106	0.630886	10	29	60	88	#
107	0.630886	15	21	44	88	#
108	0.630886	11	15	40	88	#
109	0.262521	11	89	#
110	0.262521	10	15	89	#
111	0.591783	21	44	90	#
112	0.591783	11	40	90	#
113	0.591783	10	15	40	90	#
114	0.591783	15	29	52	90	#
115	0.591783	11	29	60	90	#
116	0.166352	27	#
117	0.145473	5	#
118	0.601278	15	52	91	#
119	0.601278	11	60	91	#
120	0.601278	10	15	60	91	#
121	0.601278	22	44	91	#
122	0.781842	10	12	25	53	#
123	0.80547	30	92	#
124	0.80547	6	42	92	#
125	0.80547	34	60	92	#
126	0.80547	7	16	42	92	#
127	0.80547	6	20	56	92	#
128	0.607891	25	53	#
129	0.523722	41	93	#
130	0.523722	6	58	93	#
131	0.523722	16	24	93	#
132	0.523722	6	7	24	93	#
133	0.523722	7	16	58	93	#
134	0.922121	2	43	#
135	0.594641	44	94	#
136	0.594641	15	22	52	94	#
137	0.594641	11	22	60	94	#
138	0.594641	10	15	22	60	94	#
139	0.633794	15	20	52	95	#
140	0.633794	11	20	60	95	#
141	0.633794	10	15	20	60	95	#
142	0.573081	16	34	96	#
143	0.573081	6	7	34	96	#
144	0.946869	20	55	97	#
145	0.946869	20	51	52	97	#
146	0.946869	20	48	60	97	#
147	0.946869	10	20	51	60	97	#
148	1.05701	8	45	53	98	#
149	1.05701	8	18	49	53	98	#
150	1.05701	9	12	45	53	98	#
151	1.05701	15	31	49	98	#
152	1.05701	8	15	25	49	53	98	#
153	0.48715	34	#
154	0.850973	25	35	99	#
155	0.850973	15	18	35	99	#
156	0.850973	13	25	51	99	#
157	0.850973	13	15	18	51	99	#
158	0.89691	7	29	42	100	#
159	0.89691	16	29	30	100	#
160	0.89691	6	7	29	30	100	#
161	0.778229	6	32	101	#
162	0.778229	7	62	101	#
163	0.778229	17	39	101	#
164	0.778229	7	16	32	101	#
165	0.778229	6	16	62	101	#
166	0.234889	29	#
167	0.602286	1	29	38	102	#
168	0.602286	1	19	20	29	102	#
169	0.602286	1	21	37	102	#
170	0.602286	1	21	22	38	102	#
171	0.602286	1	19	20	21	22	102	#
172	0.621243	0	1	17	28	104	#
173	0.747967	7	42	103	#
174	0.747967	16	30	103	#
175	0.747967	6	7	30	103	#
176	0.747967	6	16	42	103	#
177	0.747967	16	34	60	103	#
178	0.14846	20	#
179	0.621243	1	28	33	104	#
180	0.621243	1	26	27	33	104	#
181	0.621243	17	28	46	104	#
182	0.621243	17	26	27	46	104	#
183	0.575365	8	53	105	#
184	0.575365	9	12	53	105	#
185	0.202348	5	106	#
186	0.202348	4	7	106	#
187	0.908897	23	51	#
188	0.448824	5	14	107	#
189	0.448824	4	7	14	107	#
190	0.672083	2	59	108	#
191	0.672083	3	12	59	108	#
192	1.00251	53	61	#
193	0.508889	59	2	#
194	0.283953	11	109	#
195	0.283953	10	15	109	#
196	0.156359	27	#
197	0.19637	3	110	#
198	0.19637	12	2	110	#
199	0.766154	56	7	111	#
200	0.766154	20	42	7	111	#
201	0.766154	20	30	16	111	#
202	0.766154	20	30	6	7	111	#
203	0.766154	56	6	16	111	#
204	0.530868	53	#
205	0.619121	38	52	15	112	#
206	0.619121	19	20	52	15	112	#
207	0.619121	38	60	11	112	#
208	0.619121	19	20	60	11	112	#
209	0.619121	38	60	10	15	112	#
210	0.233632	11	113	#
211	0.233632	10	15	113	#
212	0.679711	28	33	114	#
213	0.679711	27	26	33	114	#
214	0.679711	28	17	0	114	#
215	0.679711	27	26	17	0	114	#
216	0.598815	45	115	#
217	0.598815	49	18	115	#
218	0.598815	49	15	25	115	#
219	0.77894	13	14	5	6	116	#
220	0.77894	13	14	4	16	116	#
221	0.77894	13	14	4	7	6	116	#
222	0.77894	13	14	5	7	16	116	#
223	0.64884	13	14	5	6	117	#
224	0.64884	13	14	4	16	117	#
225	0.64884	13	14	4	7	6	117	#
226	0.926105	20	29	59	3	118	#
227	0.926105	20	29	59	2	12	118	#
228	0.926105	20	22	21	59	3	118	#
229	0.926105	20	22	21	59	2	12	118	#
230	0.758509	7	39	#
231	0.272624	46	119	#
232	0.272624	0	1	119	#
233	0.895944	29	59	2	8	120	#
234	0.895944	29	59	3	9	120	#
235	0.895944	29	59	3	12	8	120	#
236	0.895944	29	59	2	12	9	120	#
237	0.895944	22	21	59	2	8	120	#
238	0.941087	51	15	44	121	#
239	0.941087	55	22	121	#
240	0.941087	51	52	22	121	#
241	0.941087	48	60	22	121	#
242	0.941087	51	10	60	22	121	#
243	0.997174	44	15	35	122	#
244	0.997174	22	52	35	122	#
245	1.07697	47	24	#
246	0.196733	4	123	#
247	0.196733	5	7	123	#
248	0.778229	6	32	124	#
249	0.778229	7	62	124	#
250	0.778229	39	17	124	#
251	0.778229	7	16	32	124	#
252	0.778229	6	16	62	124	#
253	0.630965	44	125	#
254	0.630965	15	52	22	125	#
255	0.630965	11	60	22	125	#
256	0.630965	15	10	60	22	125	#
257	1.10456	35	10	40	126	#
258	1.10456	35	52	29	126	#
259	1.10456	35	10	60	29	126	#
260	1.10456	35	15	44	21	126	#
261	1.10456	35	15	11	40	126	#
262	1.03371	42	58	127	#
263	1.03371	42	7	24	127	#
264	1.03371	30	41	127	#
265	1.03371	30	6	58	127	#
266	1.03371	30	16	24	127	#
267	1.05857	24	47	#
268	0.702424	18	53	12	128	#
269	0.702424	15	25	53	12	128	#
270	0.192094	3	129	#
271	0.192094	2	12	129	#
272	0.186089	5	6	#
273	1.10456	40	10	35	130	#
274	1.10456	29	52	35	130	#
275	1.10456	29	60	10	35	130	#
276	1.10456	21	44	15	35	130	#
277	1.10456	40	11	15	35	130	#
278	0.098304	19	#
279	0.572141	18	53	#
280	1.01295	53	61	131	#
281	1.01295	2	59	29	38	1	131	#
282	1.01295	2	59	29	20	19	1	131	#
283	0.941829	48	40	132	#
284	0.941829	51	10	40	132	#
285	0.941829	55	29	132	#
286	0.941829	51	52	29	132	#
287	0.941829	48	60	29	132	#
288	1.17496	13	43	8	133	#
289	1.17496	13	43	12	9	133	#
290	1.17496	35	31	133	#
291	1.17496	35	25	53	8	133	#
292	0.27274	13	#
293	0.879558	63	40	134	#
294	0.879558	36	29	134	#
295	0.879558	63	60	29	134	#
296	0.879558	28	50	134	#
297	0.879558	27	26	50	134	#
298	1.11113	62	24	135	#
299	1.11113	32	41	135	#
300	1.11113	32	6	58	135	#
301	1.11113	32	16	24	135	#
302	1.11113	32	6	7	24	135	#
303	0.951672	8	43	136	#
304	0.951672	9	12	43	136	#
305	0.0869893	17	#
306	0.721636	35	10	#
307	0.0786088	17	#
308	0.0300307	6	#
309	0.811547	36	137	#
310	0.811547	60	63	137	#
311	0.811547	38	1	33	28	137	#
312	0.811547	20	19	1	33	28	137	#
313	0.811547	38	1	33	26	27	137	#
314	0.791232	29	59	2	138	#
315	0.791232	29	59	3	12	138	#
316	0.791232	22	21	59	2	138	#
317	0.769926	53	25	10	139	#
318	0.769926	53	18	11	139	#
319	0.769926	53	18	15	10	139	#
320	0.104449	17	#
321	0.0921011	19	#
322	0.336075	20	60	#
323	0.170511	29	#
324	1.04204	59	29	38	46	140	#
325	1.04204	59	29	20	19	46	140	#
326	1.04204	59	29	38	1	0	140	#
327	1.04204	59	29	20	19	1	0	140	#
328	1.04204	59	50	17	140	#
329	0.629452	25	53	141	#
330	0.629452	15	18	53	141	#
331	0.325714	60	#
332	1.01434	8	2	59	29	38	142	#
333	1.01434	8	2	59	29	20	19	142	#
334	0.173741	5	143	#
335	0.173741	4	7	143	#
336	0.205058	29	#
337	0.967208	3	59	29	38	144	#
338	0.967208	3	59	29	20	19	144	#
339	0.967208	12	2	59	29	38	144	#
340	0.967208	12	2	59	29	20	19	144	#
341	0.914812	6	39	0	145	#
342	0.914812	32	33	145	#
343	0.914812	32	17	0	145	#
344	0.914812	30	38	1	145	#
345	0.914812	30	20	19	1	145	#
346	0.166837	10	#
347	0.621243	1	33	28	146	#
348	0.621243	1	33	26	27	146	#
349	0.621243	46	17	28	146	#
350	0.621243	46	17	26	27	146	#
351	0.621243	1	0	17	28	146	#
352	0.721778	32	#
353	0.541765	15	52	147	#
354	0.541765	11	60	147	#
355	0.541765	15	10	60	147	#
356	0.931189	0	39	148	#
357	0.931189	33	32	6	148	#
358	0.931189	0	17	32	6	148	#
359	0.931189	1	19	56	148	#
360	0.931189	33	62	7	148	#
361	0.733221	29	59	3	149	#
362	0.733221	29	59	2	12	149	#
363	0.682082	29	59	2	#
364	1.02532	12	53	61	150	#
365	1.02532	3	59	29	38	1	150	#
366	1.02532	3	59	29	20	19	1	150	#
367	1.02532	12	2	59	29	38	1	150	#
368	1.02532	12	2	59	29	20	19	1	150	#
369	1.08182	53	45	27	151	#
370	1.08182	53	18	49	27	151	#
371	0.52631	38	1	33	152	#
372	0.52631	20	19	1	33	152	#
373	0.52631	38	46	17	152	#
374	0.52631	20	19	46	17	152	#
375	0.52631	38	1	0	17	152	#
376	0.24007	38	153	#
377	0.24007	20	19	153	#
378	0.68309	25	53	154	#
379	0.68309	15	18	53	154	#
380	1.05701	45	53	8	155	#
381	1.05701	49	18	53	8	155	#
382	1.05701	45	53	12	9	155	#
383	1.05701	49	15	31	155	#
384	1.05701	49	15	25	53	8	155	#
385	1.08113	53	45	26	156	#
386	1.08113	53	18	49	26	156	#
387	1.08113	53	61	33	156	#
388	1.08113	53	61	0	17	156	#
389	1.08113	53	25	15	49	26	156	#
390	0.52631	38	1	33	157	#
391	0.52631	20	19	1	33	157	#
392	0.52631	38	46	17	157	#
393	0.52631	20	19	46	17	157	#
394	0.52631	38	1	0	17	157	#
395	0.96505	61	53	8	#
396	0.560109	6	5	14	158	#
397	0.560109	16	4	14	158	#
398	0.560109	6	7	4	14	158	#
399	0.560109	16	7	5	14	158	#
400	0.480851	14	4	159	#
401	0.480851	14	5	7	159	#
402	0.480851	14	5	6	16	159	#
403	0.818683	8	2	59	29	#
404	0.955616	52	35	160	#
405	0.955616	60	10	35	160	#
406	0.955616	55	13	160	#
407	0.955616	52	51	13	160	#
408	0.955616	60	11	15	35	160	#
409	0.171905	29	#
410	0.511787	52	20	161	#
411	0.511787	10	60	20	161	#
412	0.842846	19	56	7	#
413	0.145873	20	#
414	0.124866	21	#
415	0.657984	59	29	20	#
416	1.15612	43	23	#
417	0.807633	19	56	162	#
418	0.807633	38	42	162	#
419	0.807633	19	20	42	162	#
420	0.807633	38	30	6	162	#
421	0.807633	19	20	30	6	162	#
422	0.895944	29	59	2	8	163	#
423	0.895944	29	59	3	9	163	#
424	0.895944	29	59	3	12	8	163	#
425	0.895944	29	59	2	12	9	163	#
426	0.895944	22	21	59	2	8	163	#
427	0.6986	4	14	13	164	#
428	0.6986	7	5	14	13	164	#
429	0.6986	16	6	5	14	13	164	#
430	0.90216	2	43	#
431	0.752455	62	165	#
432	0.752455	16	32	165	#
433	0.752455	7	6	32	165	#
434	1.06944	45	53	2	166	#
435	1.06944	49	18	53	2	166	#
436	1.06944	45	53	12	3	166	#
437	1.06944	49	18	53	12	3	166	#
438	1.06944	49	15	25	53	2	166	#
439	0.614357	13	14	#
440	0.133299	0	#
441	0.079816	15	#
442	0.693013	1	61	#
443	0.869706	30	29	167	#
444	0.869706	6	42	29	167	#
445	0.869706	34	40	167	#
446	0.869706	34	60	29	167	#
447	0.869706	30	22	21	167	#
448	0.879558	63	40	168	#
449	0.879558	36	29	168	#
450	0.879558	63	60	29	168	#
451	0.879558	28	50	168	#
452	0.879558	27	26	50	168	#
453	0.937767	61	53	12	#
454	0.713559	39	#
455	0.637964	26	33	1	169	#
456	0.637964	26	17	46	169	#
457	0.637964	26	17	0	1	169	#
458	0.532295	61	#
459	0.842635	27	47	7	170	#
460	0.842635	26	32	6	170	#
461	0.808348	39	7	171	#
462	0.808348	17	62	171	#
463	0.808348	39	6	16	171	#
464	0.808348	17	32	16	171	#
465	0.808348	17	32	6	7	171	#
466	1.20669	27	45	53	8	172	#
467	1.20669	27	49	18	53	8	172	#
468	1.20669	27	45	53	12	9	172	#
469	1.20669	27	49	15	31	172	#
470	1.20669	27	49	15	25	53	8	172	#
471	0.748706	25	35	173	#
472	0.748706	18	15	35	173	#
473	0.569324	10	40	174	#
474	0.569324	52	29	174	#
475	0.569324	10	60	29	174	#
476	1.21299	0	61	53	8	175	#
477	1.21299	0	61	53	12	9	175	#
478	1.21299	17	26	45	53	8	175	#
479	0.180711	0	#
480	0.812852	12	53	25	10	176	#
481	0.812852	12	53	18	11	176	#
482	0.812852	12	53	18	15	10	176	#
483	0.873649	42	29	177	#
484	0.873649	6	30	29	177	#
485	0.873649	6	34	40	177	#
486	0.873649	7	16	30	29	177	#
487	0.873649	6	34	60	29	177	#
488	0.472675	14	5	178	#
489	0.472675	14	4	7	178	#
490	0.472675	14	4	16	6	178	#
491	0.749361	53	25	179	#
492	0.749361	53	18	15	179	#
493	0.611377	59	2	180	#
494	0.611377	59	3	12	180	#
495	0.679671	35	181	#
496	0.679671	51	13	181	#
497	0.827125	20	29	59	2	182	#
498	0.827125	20	29	59	3	12	182	#
499	0.327176	1	38	183	#
500	0.327176	1	19	20	183	#
501	0.617497	26	45	#
502	0.680257	34	#
503	0.913633	41	34	184	#
504	0.913633	58	6	34	184	#
505	0.913633	24	16	34	184	#
506	0.913633	24	7	6	34	184	#
507	0.913633	23	48	184	#
508	1.20009	58	42	29	185	#
509	1.20009	24	7	42	29	185	#
510	1.20009	41	30	29	185	#
511	1.20009	58	6	30	29	185	#
512	1.20009	24	16	30	29	185	#
513	1.19705	22	42	58	186	#
514	1.19705	22	42	7	24	186	#
515	1.19705	22	30	41	186	#
516	1.19705	22	30	6	58	186	#
517	1.19705	22	30	16	24	186	#
518	0.613979	57	#
519	0.498225	41	187	#
520	0.498225	58	6	187	#
521	0.498225	24	16	187	#
522	0.498225	24	7	6	187	#
523	0.357977	14	#
524	0.107193	19	#
525	0.782348	42	188	#
526	0.782348	6	30	188	#
527	0.782348	7	16	30	188	#
528	0.782348	6	34	60	188	#
529	0.782348	56	20	188	#
530	0.907425	27	47	7	189	#
531	0.907425	26	32	6	189	#
532	0.907425	27	47	16	6	189	#
533	0.907425	26	62	7	189	#
534	0.907425	26	17	39	189	#
535	0.686213	57	190	#
536	0.686213	33	1	37	190	#
537	0.686213	17	46	37	190	#
538	0.686213	33	1	38	22	190	#
539	0.686213	33	1	19	20	22	190	#
540	0.674213	50	191	#
541	0.674213	57	21	191	#
542	0.214414	38	192	#
543	0.214414	20	19	192	#
544	0.899563	36	22	193	#
545	0.899563	63	60	22	193	#
546	0.899563	28	57	193	#
547	0.899563	27	26	57	193	#
548	1.06493	59	50	194	#
549	1.06493	59	21	57	194	#
550	1.06493	59	29	38	1	33	194	#
551	1.06493	59	29	20	19	1	33	194	#
552	1.06493	59	29	38	46	17	194	#
553	0.126497	20	#
554	0.350871	22	20	#
555	0.190529	3	195	#
556	0.190529	2	12	195	#
557	0.319666	28	196	#
558	0.319666	27	26	196	#
559	0.701592	31	197	#
560	0.701592	8	53	25	197	#
561	0.602507	37	1	198	#
562	0.602507	22	38	1	198	#
563	0.602507	22	20	19	1	198	#
564	0.924211	20	29	59	3	199	#
565	0.924211	20	29	59	2	12	199	#
566	0.924211	20	22	21	59	3	199	#
567	0.924211	20	22	21	59	2	12	199	#
568	0.966426	2	59	29	38	200	#
569	0.966426	2	59	29	20	19	200	#
570	0.966426	12	3	59	29	38	200	#
571	0.966426	12	3	59	29	20	19	200	#
572	0.966426	53	61	1	200	#
573	1.22403	19	56	58	201	#
574	1.22403	19	56	7	24	201	#
575	1.22403	38	42	58	201	#
576	1.22403	19	20	42	58	201	#
577	1.22403	38	42	7	24	201	#
578	0.533529	10	40	202	#
579	0.533529	52	29	202	#
580	0.676707	48	203	#
581	0.676707	51	10	203	#
582	0.676707	51	15	11	203	#
583	0.0482749	12	#
584	0.613665	46	37	204	#
585	0.613665	46	38	22	204	#
586	0.613665	46	19	20	22	204	#
587	0.613665	0	1	37	204	#
588	0.613665	0	1	38	22	204	#
589	0.778955	38	29	59	205	#
590	0.778955	19	20	29	59	205	#
591	0.941829	48	40	206	#
592	0.941829	51	10	40	206	#
593	0.941829	55	29	206	#
594	0.941829	51	52	29	206	#
595	0.941829	48	60	29	206	#
596	0.954304	12	53	45	207	#
597	0.954304	12	53	18	49	207	#
598	1.22377	23	51	15	49	208	#
599	1.22377	24	47	27	208	#
600	1.22377	24	62	26	208	#
601	0.827657	30	38	209	#
602	0.827657	30	20	19	209	#
603	0.827657	6	56	19	209	#
604	0.827657	6	42	38	209	#
605	0.827657	6	42	20	19	209	#
606	1.19401	2	53	45	27	210	#
607	1.19401	2	53	18	49	27	210	#
608	1.19401	59	40	63	210	#
609	1.19401	59	29	36	210	#
610	1.19401	3	12	53	45	27	210	#
611	1.11113	62	24	211	#
612	1.11113	32	41	211	#
613	1.11113	32	6	58	211	#
614	1.11113	32	16	24	211	#
615	1.11113	32	6	7	24	211	#
616	0.787283	20	30	212	#
617	0.787283	56	6	212	#
618	0.787283	20	42	6	212	#
619	0.787283	56	7	16	212	#
620	0.787283	20	60	34	212	#
621	0.525558	28	17	213	#
622	0.525558	27	26	17	213	#
623	0.875445	22	36	214	#
624	0.875445	22	60	63	214	#
625	0.875445	57	28	214	#
626	0.875445	57	26	27	214	#
627	0.933407	19	56	5	#
628	0.50808	51	#
629	1.20669	8	53	45	27	215	#
630	1.20669	8	53	18	49	27	215	#
631	1.20669	9	12	53	45	27	215	#
632	1.20669	31	15	49	27	215	#
633	1.20669	8	53	25	15	49	27	215	#
634	0.284055	60	#
635	0.671863	6	5	14	13	216	#
636	0.671863	16	4	14	13	216	#
637	0.671863	6	7	4	14	13	216	#
638	0.236737	22	#
639	0.190095	9	217	#
640	0.190095	8	12	217	#
641	0.872811	7	47	27	218	#
642	0.872811	6	32	26	218	#
643	0.872811	6	16	47	27	218	#
644	0.872811	7	62	26	218	#
645	0.118099	8	#
646	0.799257	19	56	#
647	0.477042	49	#
648	0.497866	15	52	219	#
649	0.497866	11	60	219	#
650	0.497866	15	10	60	219	#
651	0.883418	20	29	59	3	220	#
652	0.883418	20	29	59	2	12	220	#
653	0.52631	38	1	33	221	#
654	0.52631	20	19	1	33	221	#
655	0.52631	38	46	17	221	#
656	0.52631	20	19	46	17	221	#
657	0.52631	38	1	0	17	221	#
658	0.246144	8	2	#
659	0.766154	7	56	222	#
660	0.766154	7	42	20	222	#
661	0.766154	16	30	20	222	#
662	0.766154	7	6	30	20	222	#
663	0.766154	16	6	56	222	#
664	0.869706	30	29	223	#
665	0.869706	6	42	29	223	#
666	0.869706	34	40	223	#
667	0.869706	34	60	29	223	#
668	0.869706	30	22	21	223	#
669	0.556141	13	14	#
670	0.0343853	6	#
671	0.546806	58	224	#
672	0.546806	7	24	224	#
673	0.546806	6	41	224	#
674	0.546806	6	16	24	224	#
675	0.546806	7	16	41	224	#
676	0.807633	56	19	225	#
677	0.807633	42	38	225	#
678	0.807633	42	20	19	225	#
679	0.807633	6	30	38	225	#
680	0.807633	6	30	20	19	225	#
681	0.951312	8	2	59	29	20	226	#
682	0.951312	9	3	59	29	20	226	#
683	0.951312	8	12	3	59	29	20	226	#
684	0.951312	9	12	2	59	29	20	226	#
685	0.409027	14	4	#
686	0.621243	28	33	1	227	#
687	0.621243	27	26	33	1	227	#
688	0.621243	28	17	46	227	#
689	0.621243	27	26	17	46	227	#
690	0.621243	28	17	0	1	227	#
691	1.10705	35	15	44	228	#
692	1.10705	35	52	22	228	#
693	1.10705	35	10	60	22	228	#
694	1.10705	13	51	15	44	228	#
695	1.10705	35	10	40	21	228	#
696	0.223912	13	#
697	0.384554	1	33	229	#
698	0.384554	46	17	229	#
699	0.384554	1	0	17	229	#
700	0.831124	39	6	230	#
701	0.831124	17	32	230	#
702	0.831124	39	7	16	230	#
703	0.831124	17	62	16	230	#
704	0.831124	17	62	7	6	230	#
705	0.74296	26	57	#
706	0.726541	18	53	8	#
707	0.743951	6	5	14	13	231	#
708	0.743951	16	4	14	13	231	#
709	0.743951	6	7	4	14	13	231	#
710	0.743951	16	7	5	14	13	231	#
711	0.22732	60	#
712	0.366314	26	33	232	#
713	0.366314	26	17	0	232	#
714	0.769899	45	27	233	#
715	0.769899	18	49	27	233	#
716	0.769899	25	15	49	27	233	#
717	0.769899	25	10	63	233	#
718	0.955616	35	52	234	#
719	0.955616	35	10	60	234	#
720	0.955616	13	55	234	#
721	0.955616	13	51	52	234	#
722	0.955616	35	15	11	60	234	#
723	0.913633	41	34	235	#
724	0.913633	58	6	34	235	#
725	0.913633	24	16	34	235	#
726	0.913633	24	7	6	34	235	#
727	0.913633	23	48	235	#
728	0.0433765	7	#
729	0.62882	63	#
730	0.696891	13	14	5	236	#
731	0.696891	13	14	4	7	236	#
732	0.696891	13	14	4	16	6	236	#
733	0.360035	33	1	237	#
734	0.360035	17	46	237	#
735	0.360035	17	0	1	237	#
736	0.610077	6	5	14	13	#
737	0.993643	55	20	238	#
738	0.993643	51	52	20	238	#
739	0.993643	48	60	20	238	#
740	0.993643	51	10	60	20	238	#
741	0.993643	51	15	11	60	20	238	#
742	1.20896	54	239	#
743	1.20896	13	43	2	239	#
744	1.20896	13	43	12	3	239	#
745	1.20896	35	25	53	2	239	#
746	1.20896	35	25	53	12	3	239	#
747	1.04204	46	38	29	59	240	#
748	1.04204	46	19	20	29	59	240	#
749	1.04204	0	1	38	29	59	240	#
750	1.04204	0	1	19	20	29	59	240	#
751	1.04204	17	50	59	240	#
752	0.807633	19	56	241	#
753	0.807633	38	42	241	#
754	0.807633	19	20	42	241	#
755	0.807633	38	30	6	241	#
756	0.807633	19	20	30	6	241	#
757	1.17647	8	53	45	26	242	#
758	1.17647	8	53	18	49	26	242	#
759	1.17647	8	53	61	33	242	#
760	1.17647	8	53	61	0	17	242	#
761	0.152882	10	#
762	0.589995	45	243	#
763	0.589995	49	18	243	#
764	0.589995	49	15	25	243	#
765	1.05876	35	52	20	244	#
766	1.05876	35	10	60	20	244	#
767	1.05876	13	55	20	244	#
768	1.05876	13	51	52	20	244	#
769	1.05876	35	15	11	60	20	244	#
770	0.931506	7	39	0	245	#
771	0.931506	62	33	245	#
772	0.931506	62	17	0	245	#
773	0.931506	16	6	39	0	245	#
774	0.931506	16	32	33	245	#
775	1.23443	27	45	53	12	246	#
776	1.23443	27	49	18	53	12	246	#
777	1.23443	27	49	15	25	53	12	246	#
778	1.23443	63	10	25	53	12	246	#
779	1.23443	63	11	18	53	12	246	#
780	0.368696	14	#
781	0.188369	1	#
782	1.02532	12	53	61	247	#
783	1.02532	3	59	29	38	1	247	#
784	1.02532	3	59	29	20	19	1	247	#
785	1.02532	12	2	59	29	38	1	247	#
786	1.02532	12	2	59	29	20	19	1	247	#
787	0.0377904	12	#
788	0.580973	15	35	#
789	0.143041	0	#
790	0.286804	14	#
791	0.810405	56	248	#
792	0.810405	20	42	248	#
793	0.810405	20	30	6	248	#
794	0.810405	20	30	16	7	248	#
795	0.810405	20	60	34	6	248	#
796	0.8332	53	25	10	249	#
797	0.8332	53	18	11	249	#
798	0.8332	53	18	15	10	249	#
799	0.8332	53	25	15	11	249	#
800	0.646639	18	53	12	#
801	0.398964	59	#
802	0.148868	1	#
803	0.582989	2	59	250	#
804	0.582989	12	3	59	250	#
805	0.172848	21	#
806	1.08151	35	10	40	251	#
807	1.08151	35	52	29	251	#
808	1.08151	35	10	60	29	251	#
809	1.08151	35	15	44	21	251	#
810	1.20139	8	43	13	252	#
811	1.20139	9	12	43	13	252	#
812	1.20139	31	35	252	#
813	1.20139	8	53	25	35	252	#
814	1.20139	8	2	54	252	#
815	1.15815	58	39	253	#
816	1.15815	24	7	39	253	#
817	1.15815	24	62	17	253	#
818	1.15815	41	6	39	253	#
819	1.15815	24	16	6	39	253	#
820	0.5595	59	29	#
821	0.0995951	17	#
822	0.389238	24	#
823	0.810405	56	254	#
824	0.810405	20	42	254	#
825	0.810405	20	30	6	254	#
826	0.810405	20	30	16	7	254	#
827	0.810405	20	60	34	6	254	#
828	0.723416	31	255	#
829	0.723416	25	53	8	255	#
830	0.52631	38	1	33	256	#
831	0.52631	20	19	1	33	256	#
832	0.52631	38	46	17	256	#
833	0.52631	20	19	46	17	256	#
834	0.52631	38	1	0	17	256	#
835	1.19705	58	42	22	257	#
836	1.19705	24	7	42	22	257	#
837	1.19705	41	30	22	257	#
838	1.19705	58	6	30	22	257	#
839	1.19705	24	16	30	22	257	#
840	0.811547	36	258	#
841	0.811547	63	60	258	#
842	0.811547	28	33	1	38	258	#
843	0.811547	28	33	1	19	20	258	#
844	0.811547	27	26	33	1	38	258	#
845	0.708777	18	53	8	#
846	0.0863628	16	259	#
847	0.0863628	6	7	259	#
848	0.785313	42	22	260	#
849	0.785313	6	30	22	260	#
850	0.61278	18	53	#
851	0.913633	41	34	261	#
852	0.913633	58	6	34	261	#
853	0.913633	24	16	34	261	#
854	0.913633	24	7	6	34	261	#
855	0.913633	23	48	261	#
856	0.769612	29	59	2	262	#
857	0.769612	29	59	3	12	262	#
858	0.895529	45	53	263	#
859	0.895529	49	18	53	263	#
860	0.14442	26	#
861	0.622167	30	#
862	1.10723	43	13	264	#
863	1.10723	53	25	35	264	#
864	1.10723	2	54	264	#
865	1.10723	53	18	15	35	264	#
866	0.881331	31	10	265	#
867	0.881331	8	53	25	10	265	#
868	0.881331	8	53	18	11	265	#
869	0.881331	8	53	18	15	10	265	#
870	0.881331	9	12	53	25	10	265	#
871	0.766154	7	56	266	#
872	0.766154	7	42	20	266	#
873	0.766154	16	30	20	266	#
874	0.766154	7	6	30	20	266	#
875	0.766154	16	6	56	266	#
876	0.427817	51	#
877	0.725144	2	53	18	#
878	0.591783	21	44	267	#
879	0.591783	40	11	267	#
880	0.591783	40	10	15	267	#
881	0.591783	29	52	15	267	#
882	0.591783	29	60	11	267	#
883	0.854217	39	268	#
884	0.854217	17	32	6	268	#
885	0.854217	17	62	7	268	#
886	0.854217	17	32	16	7	268	#
887	0.854217	17	62	16	6	268	#
888	0.869706	29	30	269	#
889	0.869706	29	42	6	269	#
890	0.869706	40	34	269	#
891	0.869706	29	60	34	269	#
892	0.869706	21	22	30	269	#
893	0.25526	38	270	#
894	0.25526	20	19	270	#
895	0.591783	44	21	271	#
896	0.591783	11	40	271	#
897	0.591783	15	10	40	271	#
898	0.591783	15	52	29	271	#
899	0.591783	11	60	29	271	#
900	0.784618	48	272	#
901	0.784618	51	10	272	#
902	0.784618	51	15	11	272	#
903	0.137246	8	#
904	0.681949	18	53	273	#
905	0.681949	15	25	53	273	#
906	0.807633	19	56	274	#
907	0.807633	38	42	274	#
908	0.807633	19	20	42	274	#
909	0.807633	38	30	6	274	#
910	0.807633	19	20	30	6	274	#
911	1.18628	27	45	53	8	275	#
912	1.18628	27	49	18	53	8	275	#
913	0.107566	20	#
914	0.878336	10	31	276	#
915	0.878336	10	25	53	8	276	#
916	0.878336	11	18	53	8	276	#
917	0.878336	10	15	18	53	8	276	#
918	0.467329	40	277	#
919	0.467329	60	29	277	#
920	0.941829	48	40	278	#
921	0.941829	51	10	40	278	#
922	0.941829	55	29	278	#
923	0.941829	51	52	29	278	#
924	0.941829	48	60	29	278	#
925	0.591711	57	#
926	0.906583	23	51	15	#
927	0.156251	0	#
928	0.95273	29	42	5	279	#
929	0.95273	29	30	6	5	279	#
930	0.95273	29	42	7	4	279	#
931	0.95273	29	30	16	4	279	#
932	0.95273	29	30	6	7	4	279	#
933	0.747967	7	42	280	#
934	0.747967	16	30	280	#
935	0.747967	7	6	30	280	#
936	0.747967	16	6	42	280	#
937	0.747967	16	34	60	280	#
938	0.430716	24	#
939	0.593013	15	52	20	281	#
940	0.593013	11	60	20	281	#
941	0.593013	15	10	60	20	281	#
942	0.298518	26	17	#
943	0.494306	51	#
944	0.585489	18	53	#
945	0.757231	40	59	#
946	0.740514	8	53	282	#
947	0.740514	9	12	53	282	#
948	0.491714	44	#
949	0.913633	41	34	283	#
950	0.913633	58	6	34	283	#
951	0.913633	24	16	34	283	#
952	0.913633	24	7	6	34	283	#
953	0.913633	23	48	283	#
954	0.686213	57	284	#
955	0.686213	33	1	37	284	#
956	0.686213	17	46	37	284	#
957	0.686213	33	1	38	22	284	#
958	0.686213	33	1	19	20	22	284	#
959	0.966426	38	29	59	2	285	#
960	0.966426	19	20	29	59	2	285	#
961	0.966426	38	29	59	3	12	285	#
962	0.966426	19	20	29	59	3	12	285	#
963	0.966426	1	61	53	285	#
964	0.561025	4	24	286	#
965	0.561025	5	58	286	#
966	0.561025	5	7	24	286	#
967	0.711499	19	1	33	28	287	#
968	0.711499	19	1	33	26	27	287	#
969	0.711499	19	46	17	28	287	#
970	0.711499	19	46	17	26	27	287	#
971	0.711499	19	1	0	17	28	287	#
972	1.14597	38	52	35	288	#
973	1.14597	19	20	52	35	288	#
974	1.14597	38	60	10	35	288	#
975	1.14597	19	20	60	10	35	288	#
976	1.14597	38	55	13	288	#
977	0.204121	10	#
978	0.523722	41	289	#
979	0.523722	58	6	289	#
980	0.523722	24	16	289	#
981	0.523722	24	7	6	289	#
982	0.523722	58	7	16	289	#
983	0.872983	32	290	#
984	0.872983	16	62	290	#
985	0.872983	6	7	62	290	#
986	0.872983	6	39	17	290	#
987	0.872983	16	7	39	17	290	#
988	0.784302	35	25	291	#
989	0.784302	35	15	18	291	#
990	0.784302	13	51	25	291	#
991	0.710278	56	#
992	0.335455	46	292	#
993	0.335455	0	1	292	#
994	0.426259	38	29	293	#
995	0.426259	19	20	29	293	#
996	0.436917	24	#
997	0.621022	13	14	#
998	0.775052	26	50	#
999	0.510888	26	49	#
