%% File generated by CATS v.2.1Wed Jun 22 10:37:37 2022

%% The CATS webpage is http://robotics.stanford.edu/CATS

%% PARAMETER SETTINGS:
% Goods: 64; Bids: 1000; Distribution: paths; Runs: 1; Seed: 1656572795
% Paths Distribution Parameters:
% Initial connections:       = 2
% Edge density:              = 3.000000
% Shipping cost factor:      = 1.500000
% Max bid set size:          = 5
% Building penalty:          = 1.700000



goods 64
bids 1000
dummy 351

0	1.02657	34	64	#
1	1.02657	8	11	16	19	48	64	#
2	0.60056	4	35	65	#
3	0.60056	4	58	61	65	#
4	0.60056	4	19	20	61	65	#
5	0.631999	8	11	48	66	#
6	0.631999	7	8	14	26	66	#
7	0.586073	3	9	13	17	#
8	0.677437	4	18	27	37	93	#
9	0.098725	22	#
10	0.560189	25	44	67	#
11	0.560189	24	52	67	#
12	0.560189	4	24	44	67	#
13	0.560189	0	25	53	67	#
14	0.560189	4	25	52	67	#
15	0.684873	19	43	68	#
16	0.684873	7	8	18	19	26	68	#
17	0.684873	8	19	22	42	68	#
18	0.755069	1	57	69	#
19	0.755069	0	4	57	69	#
20	1.01652	2	3	7	8	23	26	58	70	#
21	1.01652	2	3	7	8	19	20	23	26	70	#
22	1.01652	3	12	51	70	#
23	1.01652	12	17	59	70	#
24	1.01652	18	62	70	#
25	0.84514	2	3	40	71	#
26	0.84514	2	24	45	71	#
27	0.84514	20	23	49	71	#
28	0.358733	3	29	#
29	0.314719	8	19	#
30	0.519992	39	72	#
31	0.519992	2	55	72	#
32	0.519992	2	21	23	72	#
33	0.773037	4	31	61	#
34	0.7126	25	27	36	73	#
35	0.7126	22	46	73	#
36	0.7126	22	24	37	73	#
37	0.7126	4	24	27	36	73	#
38	0.7126	18	22	25	36	73	#
39	1.10895	3	29	51	74	#
40	1.10895	17	29	59	74	#
41	1.10895	8	32	48	74	#
42	1.10895	28	60	74	#
43	1.10895	28	33	57	74	#
44	1.20378	8	32	42	75	#
45	1.20378	7	8	26	27	32	75	#
46	1.20378	22	32	43	75	#
47	1.20378	22	29	62	75	#
48	1.20378	7	8	18	22	26	32	75	#
49	0.741204	9	10	30	#
50	0.495118	4	61	76	#
51	0.495118	8	52	76	#
52	0.725438	2	45	77	#
53	0.725438	4	23	35	77	#
54	0.725438	4	23	58	61	77	#
55	0.725438	4	19	20	23	61	77	#
56	1.01922	11	60	78	#
57	1.01922	5	56	78	#
58	1.01922	11	33	57	78	#
59	1.01922	6	11	59	78	#
60	1.01922	3	5	11	51	78	#
61	0.594493	0	18	36	79	#
62	0.594493	7	18	26	53	79	#
63	0.594493	12	18	33	79	#
64	0.594493	1	37	79	#
65	0.594493	0	4	37	79	#
66	0.127211	3	#
67	0.638534	23	41	80	#
68	0.638534	2	3	23	29	80	#
69	0.638534	2	3	5	23	28	80	#
70	0.769506	12	27	47	81	#
71	0.769506	12	18	22	47	81	#
72	0.769506	11	14	27	47	81	#
73	0.769506	11	14	18	22	47	81	#
74	0.769506	22	31	37	81	#
75	0.32534	3	29	#
76	0.880121	8	32	#
77	0.656648	25	61	82	#
78	0.656648	4	24	61	82	#
79	0.656648	19	49	82	#
80	0.754928	20	49	83	#
81	0.754928	25	35	83	#
82	0.754928	25	58	61	83	#
83	0.754928	19	20	25	61	83	#
84	0.583411	11	48	84	#
85	0.583411	7	14	26	84	#
86	0.583411	7	11	12	26	84	#
87	1.00212	9	10	13	30	85	#
88	1.00212	17	30	40	85	#
89	1.04802	30	54	#
90	0.052484	4	#
91	0.846482	8	19	48	86	#
92	0.846482	7	8	12	19	26	86	#
93	0.846482	7	8	11	14	19	26	86	#
94	0.846482	8	19	33	53	86	#
95	0.846482	12	18	19	43	86	#
96	0.643631	55	87	#
97	0.643631	21	23	87	#
98	0.643631	2	39	87	#
99	0.632511	42	53	88	#
100	0.632511	0	27	36	88	#
101	0.632511	7	26	27	53	88	#
102	0.632511	12	27	33	88	#
103	0.632511	0	18	22	36	88	#
104	0.729806	7	8	26	58	89	#
105	0.729806	7	8	19	20	26	89	#
106	0.861711	18	36	63	90	#
107	0.861711	4	37	63	90	#
108	0.861711	10	46	90	#
109	0.861711	10	24	37	90	#
110	0.861711	12	18	38	90	#
111	0.386565	2	23	58	#
112	0.761402	40	91	#
113	0.761402	9	10	13	17	91	#
114	0.50904	33	#
115	0.774014	2	3	8	23	58	92	#
116	0.774014	2	3	8	19	20	23	92	#
117	0.813149	2	3	40	#
118	0.677437	27	36	93	#
119	0.677437	18	22	36	93	#
120	0.677437	4	22	37	93	#
121	0.677437	42	44	93	#
122	1.07849	56	94	#
123	1.07849	3	11	51	94	#
124	1.07849	11	17	59	94	#
125	1.07849	5	11	60	94	#
126	1.07849	5	11	33	57	94	#
127	0.57688	37	95	#
128	0.57688	4	18	36	95	#
129	0.57688	4	22	27	36	95	#
130	0.249783	3	5	#
131	1.11505	11	59	96	#
132	1.11505	17	56	96	#
133	1.11505	3	11	17	51	96	#
134	1.11505	12	14	59	96	#
135	1.11505	6	11	60	96	#
136	0.508228	18	36	97	#
137	0.508228	4	37	97	#
138	0.540535	0	36	98	#
139	0.540535	7	26	53	98	#
140	0.540535	12	33	98	#
141	0.798898	43	58	99	#
142	0.798898	19	20	43	99	#
143	0.798898	7	8	18	26	58	99	#
144	0.798898	7	8	18	19	20	26	99	#
145	0.798898	8	22	42	58	99	#
146	0.730739	6	9	13	100	#
147	0.730739	5	9	13	17	100	#
148	0.586375	19	61	101	#
149	0.586375	8	19	44	101	#
150	0.690106	10	30	102	#
151	0.690106	4	31	63	102	#
152	0.484432	2	3	5	23	103	#
153	0.484432	2	3	6	17	23	103	#
154	0.754147	8	19	48	104	#
155	0.754147	7	8	12	19	26	104	#
156	0.564301	11	48	105	#
157	0.564301	7	14	26	105	#
158	0.564301	7	11	12	26	105	#
159	0.861711	18	36	63	106	#
160	0.861711	4	37	63	106	#
161	0.861711	10	46	106	#
162	0.861711	10	24	37	106	#
163	0.861711	12	18	38	106	#
164	0.696516	2	23	50	107	#
165	0.696516	2	16	20	23	107	#
166	0.696516	15	39	107	#
167	0.938641	51	2	108	#
168	0.938641	48	8	58	23	108	#
169	0.938641	48	8	19	20	23	108	#
170	0.938641	12	26	7	8	58	23	108	#
171	0.938641	12	26	7	8	19	20	23	108	#
172	0.864223	57	53	109	#
173	0.864223	5	3	2	23	58	8	109	#
174	0.864223	5	3	2	23	20	19	8	109	#
175	0.864223	6	17	3	2	23	58	8	109	#
176	0.864223	6	17	3	2	23	20	19	8	109	#
177	0.879981	48	8	58	110	#
178	0.879981	48	8	19	20	110	#
179	0.879981	12	26	7	8	58	110	#
180	0.879981	12	26	7	8	19	20	110	#
181	0.879981	11	14	26	7	8	58	110	#
182	0.260087	58	111	#
183	0.260087	20	19	111	#
184	0.721144	8	48	11	112	#
185	0.721144	8	7	26	14	112	#
186	0.721144	8	7	26	12	11	112	#
187	0.208425	15	#
188	0.892322	40	5	113	#
189	0.892322	10	9	13	6	113	#
190	0.892322	10	9	13	17	5	113	#
191	0.892322	40	17	6	113	#
192	0.892322	54	28	113	#
193	1.02818	30	40	5	114	#
194	1.02818	30	10	9	13	6	114	#
195	1.02818	30	10	9	13	17	5	114	#
196	1.02818	31	1	57	114	#
197	1.02818	31	4	0	57	114	#
198	0.0441984	4	#
199	0.815811	53	57	115	#
200	0.815811	8	58	23	2	3	5	115	#
201	0.815811	8	19	20	23	2	3	5	115	#
202	0.0756037	11	#
203	0.567258	58	21	116	#
204	0.567258	19	20	21	116	#
205	1.08301	42	8	58	21	117	#
206	1.08301	42	8	19	20	21	117	#
207	0.62392	47	12	18	#
208	1.16642	56	29	118	#
209	1.16642	11	51	3	29	118	#
210	1.16642	11	59	17	29	118	#
211	1.16642	11	48	8	32	118	#
212	1.16642	11	60	28	118	#
213	0.90377	40	30	#
214	0.386984	25	0	119	#
215	0.386984	24	1	119	#
216	0.386984	24	4	0	119	#
217	0.85448	58	8	48	11	120	#
218	0.85448	20	19	8	48	11	120	#
219	0.85448	58	8	7	26	14	120	#
220	0.85448	20	19	8	7	26	14	120	#
221	0.85448	58	8	7	26	12	11	120	#
222	0.782457	57	0	#
223	1.18394	26	7	8	32	121	#
224	1.18394	26	7	8	58	23	41	121	#
225	1.18394	26	7	8	58	23	2	3	29	121	#
226	1.18394	26	7	8	19	20	23	41	121	#
227	1.18394	26	7	8	19	20	23	2	3	29	121	#
228	0.655332	32	#
229	0.234476	2	3	#
230	0.965978	31	45	#
231	0.76987	45	3	17	#
232	0.528191	13	9	#
233	0.563851	30	10	#
234	0.958886	60	122	#
235	0.958886	33	57	122	#
236	0.958886	59	6	122	#
237	0.958886	51	3	5	122	#
238	0.958886	59	17	5	122	#
239	1.01748	62	5	#
240	0.776612	9	13	17	3	2	23	#
241	0.802422	3	45	4	123	#
242	0.802422	5	57	0	123	#
243	0.507071	37	124	#
244	0.507071	18	36	4	124	#
245	0.223711	12	18	#
246	0.17934	0	#
247	0.563713	31	1	125	#
248	0.563713	31	4	0	125	#
249	1.07855	62	126	#
250	1.07855	43	58	23	2	3	126	#
251	1.07855	43	19	20	23	2	3	126	#
252	1.07855	18	26	7	8	58	23	2	3	126	#
253	1.07855	18	26	7	8	19	20	23	2	3	126	#
254	0.444755	16	#
255	0.987374	16	49	127	#
256	0.987374	16	19	61	25	127	#
257	0.199201	53	#
258	0.939116	3	51	128	#
259	0.939116	17	59	128	#
260	0.559681	36	27	129	#
261	0.559681	36	18	22	129	#
262	0.559681	4	37	22	129	#
263	0.403009	13	6	130	#
264	0.403009	13	17	5	130	#
265	0.517771	17	3	2	23	20	#
266	0.322704	5	3	2	#
267	1.10895	51	3	29	131	#
268	1.10895	59	17	29	131	#
269	1.10895	48	8	32	131	#
270	1.10895	60	28	131	#
271	1.10895	33	57	28	131	#
272	0.862583	2	3	40	132	#
273	0.862583	2	45	24	132	#
274	0.862583	23	20	49	132	#
275	0.862583	2	3	17	13	9	10	132	#
276	0.0490682	4	#
277	1.12093	17	62	133	#
278	1.12093	59	12	18	133	#
279	1.12093	17	3	2	23	58	43	133	#
280	1.12093	17	3	2	23	20	19	43	133	#
281	1.12093	6	5	62	133	#
282	0.780238	3	2	23	58	8	134	#
283	0.780238	3	2	23	20	19	8	134	#
284	0.246207	28	#
285	1.11505	11	59	135	#
286	1.11505	56	17	135	#
287	1.11505	11	51	3	17	135	#
288	1.11505	14	12	59	135	#
289	1.11505	11	60	6	135	#
290	0.831603	63	36	136	#
291	0.831603	38	12	136	#
292	0.831603	10	25	36	136	#
293	0.831603	10	24	4	36	136	#
294	0.409427	8	7	#
295	0.953586	0	57	28	137	#
296	0.953586	61	32	137	#
297	0.953586	4	45	3	29	137	#
298	0.953586	25	54	137	#
299	0.953586	4	1	57	28	137	#
300	0.168485	6	138	#
301	0.168485	17	5	138	#
302	0.525388	18	26	7	139	#
303	0.525388	22	42	139	#
304	0.525388	22	27	26	7	139	#
305	0.538581	3	2	23	58	140	#
306	0.538581	3	2	23	20	19	140	#
307	0.398205	7	26	18	#
308	1.13624	43	32	141	#
309	1.13624	62	29	141	#
310	0.678952	63	44	#
311	0.0704812	22	#
312	0.723077	4	45	2	142	#
313	0.723077	35	23	142	#
314	0.723077	61	58	23	142	#
315	0.723077	61	19	20	23	142	#
316	1.05406	2	45	31	143	#
317	1.05406	23	35	4	31	143	#
318	1.05406	23	58	61	4	31	143	#
319	1.05406	23	20	19	61	4	31	143	#
320	1.05406	2	3	40	30	143	#
321	0.831164	31	4	61	144	#
322	0.831164	31	52	8	144	#
323	0.831164	31	4	44	8	144	#
324	0.831164	30	25	61	144	#
325	0.831164	30	24	4	61	144	#
326	0.65961	35	145	#
327	0.65961	61	58	145	#
328	0.65961	61	19	20	145	#
329	0.65961	44	8	58	145	#
330	0.65961	44	8	19	20	145	#
331	1.02818	30	40	5	146	#
332	1.02818	30	10	9	13	6	146	#
333	1.02818	30	10	9	13	17	5	146	#
334	1.02818	31	1	57	146	#
335	1.02818	31	4	0	57	146	#
336	1.01922	60	11	147	#
337	1.01922	5	56	147	#
338	1.01922	57	33	11	147	#
339	1.01922	6	59	11	147	#
340	1.01922	5	3	51	11	147	#
341	0.405735	26	14	148	#
342	0.405735	26	12	11	148	#
343	0.941623	60	149	#
344	0.941623	33	57	149	#
345	0.352844	7	8	#
346	0.896372	32	8	150	#
347	0.896372	41	23	58	8	150	#
348	0.896372	29	3	2	23	58	8	150	#
349	0.896372	41	23	20	19	8	150	#
350	0.896372	29	3	2	23	20	19	8	150	#
351	0.231323	9	#
352	0.993091	51	11	151	#
353	0.993091	2	23	58	8	48	11	151	#
354	0.993091	2	23	20	19	8	48	11	151	#
355	1.21201	39	3	17	13	9	152	#
356	1.21201	55	2	3	17	13	9	152	#
357	1.21201	21	23	2	3	17	13	9	152	#
358	1.21201	21	35	63	152	#
359	1.21201	21	58	61	63	152	#
360	0.43379	9	10	#
361	0.561481	23	58	8	153	#
362	0.561481	23	20	19	8	153	#
363	0.107299	18	#
364	0.609181	13	9	#
365	0.872876	4	61	19	16	#
366	1.01556	36	63	9	154	#
367	1.01556	12	38	9	154	#
368	1.01556	36	25	10	9	154	#
369	1.01556	36	4	24	10	9	154	#
370	0.815726	8	58	23	2	3	17	155	#
371	0.815726	8	19	20	23	2	3	17	155	#
372	0.370374	23	2	3	17	#
373	0.76664	45	156	#
374	0.76664	2	23	35	4	156	#
375	0.76664	2	23	58	61	4	156	#
376	0.76664	2	23	20	19	61	4	156	#
377	0.798898	58	43	157	#
378	0.798898	20	19	43	157	#
379	0.798898	58	8	7	26	18	157	#
380	0.798898	20	19	8	7	26	18	157	#
381	0.798898	58	8	42	22	157	#
382	1.11729	17	62	22	158	#
383	1.11729	59	12	27	158	#
384	1.11729	17	3	2	23	58	8	42	158	#
385	1.11729	17	3	2	23	20	19	8	42	158	#
386	1.11729	59	12	18	22	158	#
387	0.398367	7	26	18	#
388	0.376638	4	31	#
389	1.02818	5	40	30	159	#
390	1.02818	6	13	9	10	30	159	#
391	1.02818	5	17	13	9	10	30	159	#
392	1.02818	57	1	31	159	#
393	1.02818	57	0	4	31	159	#
394	0.346456	27	12	160	#
395	0.346456	22	18	12	160	#
396	0.346456	27	14	11	160	#
397	0.742985	43	161	#
398	0.742985	18	26	7	8	161	#
399	0.742985	22	42	8	161	#
400	0.742985	22	27	26	7	8	161	#
401	1.07855	62	162	#
402	1.07855	3	2	23	58	43	162	#
403	1.07855	3	2	23	20	19	43	162	#
404	1.07855	3	2	23	58	8	7	26	18	162	#
405	1.07855	3	2	23	20	19	8	7	26	18	162	#
406	1.10895	29	3	51	163	#
407	1.10895	29	17	59	163	#
408	1.10895	32	8	48	163	#
409	1.10895	28	60	163	#
410	1.10895	28	57	33	163	#
411	0.0763226	22	#
412	0.905829	57	28	164	#
413	0.905829	57	5	29	164	#
414	1.05488	59	165	#
415	1.05488	17	3	51	165	#
416	1.05488	17	56	11	165	#
417	1.05488	6	60	165	#
418	1.05488	13	9	38	165	#
419	1.2603	31	4	35	21	166	#
420	1.2603	31	4	61	58	21	166	#
421	1.2603	31	4	61	19	20	21	166	#
422	1.2603	30	49	20	21	166	#
423	1.2603	31	4	61	19	16	15	166	#
424	0.985501	51	167	#
425	0.985501	48	8	58	23	2	167	#
426	0.985501	48	8	19	20	23	2	167	#
427	0.985501	12	26	7	8	58	23	2	167	#
428	0.985501	12	26	7	8	19	20	23	2	167	#
429	0.755521	40	168	#
430	0.755521	10	9	13	17	168	#
431	0.682316	55	169	#
432	0.682316	23	21	169	#
433	0.682316	2	39	169	#
434	0.682316	23	50	15	169	#
435	0.35122	50	#
436	0.24434	5	3	#
437	0.896372	8	32	170	#
438	0.896372	8	58	23	41	170	#
439	0.896372	8	58	23	2	3	29	170	#
440	0.896372	8	19	20	23	41	170	#
441	0.896372	8	19	20	23	2	3	29	170	#
442	0.656797	39	3	171	#
443	0.656797	55	2	3	171	#
444	0.656797	21	23	2	3	171	#
445	1.17231	43	32	172	#
446	1.17231	62	29	172	#
447	1.17231	18	26	7	8	32	172	#
448	1.17231	22	42	8	32	172	#
449	1.17231	62	5	28	172	#
450	1.18394	26	7	8	32	173	#
451	1.18394	26	7	8	58	23	41	173	#
452	1.18394	26	7	8	58	23	2	3	29	173	#
453	1.18394	26	7	8	19	20	23	41	173	#
454	1.18394	26	7	8	19	20	23	2	3	29	173	#
455	0.584041	1	31	174	#
456	0.584041	0	4	31	174	#
457	1.15694	22	62	5	175	#
458	1.15694	42	53	57	175	#
459	1.15694	42	8	58	23	2	3	5	175	#
460	1.15694	42	8	19	20	23	2	3	5	175	#
461	1.15694	22	62	17	6	175	#
462	0.342896	14	27	176	#
463	0.342896	14	18	22	176	#
464	0.342896	11	12	27	176	#
465	0.343572	31	4	#
466	0.56976	33	11	#
467	0.182483	12	#
468	0.560176	36	18	177	#
469	0.560176	4	37	177	#
470	0.560176	36	27	22	177	#
471	0.916344	4	61	19	16	178	#
472	0.916344	4	35	50	178	#
473	0.916344	52	8	19	16	178	#
474	0.916344	4	61	58	50	178	#
475	0.916344	4	61	19	20	50	178	#
476	0.830983	17	3	39	179	#
477	0.830983	17	3	2	55	179	#
478	0.830983	17	3	2	23	21	179	#
479	0.830983	6	5	3	39	179	#
480	0.830983	6	5	3	2	55	179	#
481	0.171998	14	#
482	1.04134	45	31	180	#
483	1.04134	3	40	30	180	#
484	1.04134	45	24	30	180	#
485	1.04134	2	23	35	4	31	180	#
486	1.04134	2	23	58	61	4	31	180	#
487	0.432178	61	#
488	0.669501	46	181	#
489	0.669501	37	24	181	#
490	0.669501	18	36	25	181	#
491	0.708602	29	17	13	9	182	#
492	0.708602	28	6	13	9	182	#
493	0.708602	28	5	17	13	9	182	#
494	1.00956	54	30	#
495	0.852402	23	58	8	7	26	183	#
496	0.852402	23	20	19	8	7	26	183	#
497	1.13755	5	62	184	#
498	1.13755	6	17	62	184	#
499	1.13755	57	0	36	18	184	#
500	1.13755	5	3	2	23	58	43	184	#
501	1.13755	5	3	2	23	20	19	43	184	#
502	0.0526647	17	#
503	0.894368	29	3	45	#
504	0.303191	5	3	2	#
505	0.185253	28	#
506	0.864223	57	53	185	#
507	0.864223	5	3	2	23	58	8	185	#
508	0.864223	5	3	2	23	20	19	8	185	#
509	0.864223	6	17	3	2	23	58	8	185	#
510	0.864223	6	17	3	2	23	20	19	8	185	#
511	0.249211	2	3	#
512	1.17231	43	32	186	#
513	1.17231	62	29	186	#
514	1.17231	18	26	7	8	32	186	#
515	1.17231	22	42	8	32	186	#
516	1.17231	62	5	28	186	#
517	1.01922	11	60	187	#
518	1.01922	56	5	187	#
519	1.01922	11	33	57	187	#
520	1.01922	11	59	6	187	#
521	1.01922	11	51	3	5	187	#
522	0.725323	17	3	2	23	50	#
523	0.210991	23	#
524	1.04134	45	31	188	#
525	1.04134	3	40	30	188	#
526	1.04134	45	24	30	188	#
527	1.04134	2	23	35	4	31	188	#
528	1.04134	2	23	58	61	4	31	188	#
529	0.791718	11	38	#
530	0.672502	27	12	47	189	#
531	0.672502	22	18	12	47	189	#
532	0.469897	63	4	190	#
533	0.469897	10	24	190	#
534	0.726588	34	#
535	0.155176	20	#
536	0.763937	50	23	2	3	17	#
537	0.626643	47	12	18	#
538	0.34402	36	#
539	0.351277	50	#
540	0.475407	47	#
541	1.03813	59	12	191	#
542	1.03813	17	3	2	23	58	8	7	26	191	#
543	1.03813	17	3	2	23	20	19	8	7	26	191	#
544	0.366439	17	13	#
545	1.05406	31	45	2	192	#
546	1.05406	31	4	35	23	192	#
547	1.05406	31	4	61	58	23	192	#
548	1.05406	31	4	61	19	20	23	192	#
549	1.05406	30	40	3	2	192	#
550	1.18394	26	7	8	32	193	#
551	1.18394	26	7	8	58	23	41	193	#
552	1.18394	26	7	8	58	23	2	3	29	193	#
553	1.18394	26	7	8	19	20	23	41	193	#
554	1.18394	26	7	8	19	20	23	2	3	29	193	#
555	0.511962	10	30	#
556	0.482066	36	4	#
557	0.926831	16	49	#
558	0.184551	28	#
559	0.999473	2	23	58	8	42	194	#
560	0.999473	2	23	20	19	8	42	194	#
561	0.999473	2	23	58	8	7	26	27	194	#
562	0.999473	2	23	20	19	8	7	26	27	194	#
563	0.999473	2	23	58	43	22	194	#
564	0.775722	50	23	2	3	17	#
565	0.912512	59	#
566	0.103912	5	#
567	0.495308	36	#
568	0.800086	3	40	195	#
569	0.800086	45	24	195	#
570	0.940909	43	58	23	196	#
571	0.940909	43	19	20	23	196	#
572	0.940909	18	26	7	8	58	23	196	#
573	0.940909	18	26	7	8	19	20	23	196	#
574	0.940909	22	42	8	58	23	196	#
575	0.89394	59	#
576	0.498997	18	26	7	197	#
577	0.498997	22	42	197	#
578	0.498997	22	27	26	7	197	#
579	1.06339	15	34	#
580	0.279071	29	198	#
581	0.279071	28	5	198	#
582	1.09411	30	10	9	13	199	#
583	1.09411	30	40	17	199	#
584	1.09411	31	45	3	17	199	#
585	1.09411	30	40	5	6	199	#
586	1.09411	31	4	63	9	13	199	#
587	0.256811	27	12	#
588	0.862735	57	1	200	#
589	0.862735	57	0	4	200	#
590	0.862735	5	3	45	200	#
591	0.862735	6	17	3	45	200	#
592	0.909062	63	36	27	201	#
593	0.909062	63	36	18	22	201	#
594	0.909062	63	4	37	22	201	#
595	0.909062	38	12	27	201	#
596	0.909062	10	25	36	27	201	#
597	0.358875	21	#
598	0.93314	54	202	#
599	0.93314	40	29	202	#
600	0.93314	40	5	28	202	#
601	0.93314	10	9	13	17	29	202	#
602	0.93314	10	9	13	6	28	202	#
603	0.214441	29	#
604	0.570369	7	8	58	203	#
605	0.570369	7	8	19	20	203	#
606	0.429346	4	63	#
607	0.999473	42	8	58	23	2	204	#
608	0.999473	42	8	19	20	23	2	204	#
609	0.999473	27	26	7	8	58	23	2	204	#
610	0.999473	27	26	7	8	19	20	23	2	204	#
611	0.999473	22	43	58	23	2	204	#
612	0.291284	24	205	#
613	0.291284	4	25	205	#
614	0.400465	50	#
615	0.861711	18	36	63	206	#
616	0.861711	37	4	63	206	#
617	0.861711	46	10	206	#
618	0.861711	37	24	10	206	#
619	0.861711	18	12	38	206	#
620	0.291882	27	12	207	#
621	0.291882	22	18	12	207	#
622	0.960129	7	8	32	#
623	0.875577	5	3	2	23	50	208	#
624	0.875577	6	17	3	2	23	50	208	#
625	0.875577	5	3	2	23	20	16	208	#
626	1.01922	11	60	209	#
627	1.01922	56	5	209	#
628	1.01922	11	33	57	209	#
629	1.01922	11	59	6	209	#
630	1.01922	11	51	3	5	209	#
631	0.553615	3	2	23	58	210	#
632	0.553615	3	2	23	20	19	210	#
633	0.519489	21	20	#
634	0.388304	31	4	#
635	0.0540192	2	#
636	0.958886	60	211	#
637	0.958886	57	33	211	#
638	0.958886	6	59	211	#
639	0.958886	5	3	51	211	#
640	0.958886	5	17	59	211	#
641	0.65961	35	212	#
642	0.65961	58	61	212	#
643	0.65961	20	19	61	212	#
644	0.65961	58	8	44	212	#
645	0.65961	20	19	8	44	212	#
646	0.430935	11	48	#
647	0.625683	36	18	213	#
648	0.625683	4	37	213	#
649	0.625683	36	27	22	213	#
650	0.935254	45	3	29	214	#
651	0.935254	1	57	28	214	#
652	0.935254	4	0	57	28	214	#
653	0.935254	24	54	214	#
654	0.935254	45	3	5	28	214	#
655	0.640484	23	58	8	7	215	#
656	0.640484	23	20	19	8	7	215	#
657	0.355752	6	13	216	#
658	0.355752	5	17	13	216	#
659	0.621908	36	27	217	#
660	0.621908	36	18	22	217	#
661	0.621908	4	37	22	217	#
662	0.169583	12	#
663	0.219689	24	#
664	0.497779	30	10	#
665	0.969457	35	4	31	218	#
666	0.969457	58	61	4	31	218	#
667	0.969457	20	19	61	4	31	218	#
668	0.969457	20	49	30	218	#
669	0.969457	58	8	52	31	218	#
670	0.130278	27	#
671	0.969457	31	4	35	219	#
672	0.969457	31	4	61	58	219	#
673	0.969457	31	4	61	19	20	219	#
674	0.969457	30	49	20	219	#
675	0.969457	31	52	8	58	219	#
676	0.818965	50	23	2	3	220	#
677	0.818965	16	20	23	2	3	220	#
678	0.818965	15	39	3	220	#
679	0.818965	15	55	2	3	220	#
680	0.818965	15	21	23	2	3	220	#
681	0.530127	5	3	2	23	20	#
682	0.463076	33	#
683	0.144947	20	#
684	0.445497	11	48	221	#
685	0.445497	14	26	7	221	#
686	0.777393	45	3	17	#
687	0.332713	2	3	5	#
688	0.0639321	11	#
689	0.633	9	13	17	3	2	#
690	0.244337	2	3	#
691	1.07047	56	222	#
692	1.07047	11	51	3	222	#
693	1.07047	11	59	17	222	#
694	0.861932	17	3	2	23	50	223	#
695	0.861932	17	3	2	23	20	16	223	#
696	0.861932	17	3	39	15	223	#
697	0.861932	6	5	3	2	23	50	223	#
698	0.861932	17	3	2	55	15	223	#
699	0.366897	26	12	#
700	0.8666	2	51	#
701	0.597097	32	#
702	1.01922	60	11	224	#
703	1.01922	5	56	224	#
704	1.01922	57	33	11	224	#
705	1.01922	6	59	11	224	#
706	1.01922	5	3	51	11	224	#
707	0.675784	46	225	#
708	0.675784	37	24	225	#
709	0.675784	18	36	25	225	#
710	0.675784	37	4	25	225	#
711	0.675784	18	36	4	24	225	#
712	0.616278	35	4	226	#
713	0.616278	58	61	4	226	#
714	0.616278	20	19	61	4	226	#
715	0.443285	48	227	#
716	0.443285	7	26	12	227	#
717	0.85448	58	8	48	11	228	#
718	0.85448	20	19	8	48	11	228	#
719	0.85448	58	8	7	26	14	228	#
720	0.85448	20	19	8	7	26	14	228	#
721	0.85448	58	8	7	26	12	11	228	#
722	0.724595	61	4	31	#
723	0.594537	37	229	#
724	0.594537	18	36	4	229	#
725	0.594537	22	27	36	4	229	#
726	0.604367	9	63	4	#
727	1.08019	21	20	49	230	#
728	1.08019	21	35	25	230	#
729	1.08019	21	58	61	25	230	#
730	1.08019	21	20	19	61	25	230	#
731	1.08019	15	16	49	230	#
732	0.270207	53	#
733	1.03682	2	45	31	231	#
734	1.03682	23	35	4	31	231	#
735	1.03682	23	58	61	4	31	231	#
736	1.03682	23	20	19	61	4	31	231	#
737	0.240103	26	#
738	0.273134	53	#
739	0.777969	57	#
740	0.63707	45	#
741	1.011	11	51	232	#
742	1.011	11	48	8	58	23	2	232	#
743	1.011	11	48	8	19	20	23	2	232	#
744	1.011	14	26	7	8	58	23	2	232	#
745	1.011	14	26	7	8	19	20	23	2	232	#
746	0.393275	13	17	3	#
747	1.10895	51	3	29	233	#
748	1.10895	59	17	29	233	#
749	1.10895	48	8	32	233	#
750	1.10895	60	28	233	#
751	1.10895	33	57	28	233	#
752	0.14275	3	#
753	0.32449	52	234	#
754	0.32449	4	44	234	#
755	0.962145	9	38	11	#
756	0.716983	40	235	#
757	0.716983	10	9	13	17	235	#
758	1.06311	56	236	#
759	1.06311	3	51	11	236	#
760	1.06311	17	59	11	236	#
761	0.233862	24	#
762	0.632511	53	42	237	#
763	0.632511	0	36	27	237	#
764	0.632511	53	7	26	27	237	#
765	0.632511	33	12	27	237	#
766	0.632511	0	36	18	22	237	#
767	0.288498	29	17	#
768	0.866995	63	36	27	238	#
769	0.866995	63	36	18	22	238	#
770	1.16642	56	29	239	#
771	1.16642	11	51	3	29	239	#
772	1.16642	11	59	17	29	239	#
773	1.16642	11	48	8	32	239	#
774	1.16642	11	60	28	239	#
775	0.881255	19	61	4	31	240	#
776	0.881255	49	30	240	#
777	0.881255	19	8	52	31	240	#
778	0.881255	19	8	44	4	31	240	#
779	0.881255	19	61	25	30	240	#
780	0.486625	23	2	3	5	241	#
781	0.486625	23	2	3	17	6	241	#
782	0.841459	13	9	63	242	#
783	0.841459	17	3	45	4	242	#
784	0.841459	6	57	0	242	#
785	0.841459	17	5	57	0	242	#
786	0.766322	19	8	48	243	#
787	0.766322	19	8	7	26	12	243	#
788	0.766322	19	8	7	26	14	11	243	#
789	0.967011	26	7	8	58	23	2	244	#
790	0.967011	26	7	8	19	20	23	2	244	#
791	0.967011	12	51	244	#
792	0.967011	36	4	45	244	#
793	0.967011	14	11	51	244	#
794	0.593751	8	42	#
795	0.451709	19	8	7	#
796	0.163321	6	245	#
797	0.163321	5	17	245	#
798	0.237004	1	246	#
799	0.237004	4	0	246	#
800	1.2603	31	4	35	21	247	#
801	1.2603	31	4	61	58	21	247	#
802	1.2603	31	4	61	19	20	21	247	#
803	1.2603	30	49	20	21	247	#
804	1.2603	31	4	61	19	16	15	247	#
805	0.620698	9	13	17	3	#
806	0.959578	21	35	4	248	#
807	0.959578	21	58	61	4	248	#
808	0.959578	21	20	19	61	4	248	#
809	0.943433	40	30	249	#
810	0.943433	17	13	9	10	30	249	#
811	0.385571	26	18	250	#
812	0.385571	26	27	22	250	#
813	0.561638	19	8	7	26	#
814	0.335427	26	12	#
815	0.601749	37	22	251	#
816	0.601749	4	36	27	251	#
817	0.601749	4	36	18	22	251	#
818	0.271606	30	#
819	0.54266	8	48	#
820	0.879981	58	8	48	252	#
821	0.879981	20	19	8	48	252	#
822	0.879981	58	8	7	26	12	252	#
823	0.879981	20	19	8	7	26	12	252	#
824	0.879981	58	8	7	26	14	11	252	#
825	0.59948	42	8	#
826	0.851945	58	8	7	26	253	#
827	0.851945	20	19	8	7	26	253	#
828	0.851945	58	43	18	253	#
829	0.851945	20	19	43	18	253	#
830	0.851945	58	8	48	12	253	#
831	0.73812	20	23	41	254	#
832	0.73812	20	23	2	3	29	254	#
833	0.73812	19	32	254	#
834	0.73812	20	23	2	3	5	28	254	#
835	1.11729	17	62	22	255	#
836	1.11729	59	12	27	255	#
837	1.11729	17	3	2	23	58	8	42	255	#
838	1.11729	17	3	2	23	20	19	8	42	255	#
839	1.11729	59	12	18	22	255	#
840	0.208108	5	3	#
841	0.749502	38	#
842	0.257284	27	12	#
843	0.399918	13	6	256	#
844	0.399918	13	17	5	256	#
845	1.18394	26	7	8	32	257	#
846	1.18394	26	7	8	58	23	41	257	#
847	1.18394	26	7	8	58	23	2	3	29	257	#
848	1.18394	26	7	8	19	20	23	41	257	#
849	1.18394	26	7	8	19	20	23	2	3	29	257	#
850	0.375457	31	#
851	0.878483	57	53	7	258	#
852	0.878483	5	3	2	23	58	8	7	258	#
853	0.878483	5	3	2	23	20	19	8	7	258	#
854	0.958886	60	259	#
855	0.958886	57	33	259	#
856	0.958886	6	59	259	#
857	0.958886	5	3	51	259	#
858	0.958886	5	17	59	259	#
859	0.358049	26	12	#
860	0.71459	19	8	48	11	260	#
861	0.71459	19	8	7	26	14	260	#
862	0.749225	58	8	42	261	#
863	0.749225	20	19	8	42	261	#
864	1.15694	22	62	5	262	#
865	1.15694	42	53	57	262	#
866	1.15694	42	8	58	23	2	3	5	262	#
867	1.15694	42	8	19	20	23	2	3	5	262	#
868	1.15694	22	62	17	6	262	#
869	0.375352	30	#
870	0.21953	24	#
871	0.761251	19	43	263	#
872	0.761251	19	8	7	26	18	263	#
873	0.761251	19	8	42	22	263	#
874	0.761251	19	8	7	26	27	22	263	#
875	1.11188	11	38	9	264	#
876	1.11188	14	36	63	9	264	#
877	1.11188	11	12	36	63	9	264	#
878	1.11188	14	12	38	9	264	#
879	1.11188	11	59	13	264	#
880	0.377656	26	27	265	#
881	0.377656	26	18	22	265	#
882	0.492803	0	36	266	#
883	0.492803	53	7	26	266	#
884	0.828983	5	40	267	#
885	0.828983	6	13	9	10	267	#
886	0.828983	5	17	13	9	10	267	#
887	0.828983	6	17	40	267	#
888	1.2603	21	35	4	31	268	#
889	1.2603	21	58	61	4	31	268	#
890	1.2603	21	20	19	61	4	31	268	#
891	1.2603	21	20	49	30	268	#
892	1.2603	15	16	19	61	4	31	268	#
893	1.08755	49	16	269	#
894	1.08755	25	61	19	16	269	#
895	1.08755	24	4	61	19	16	269	#
896	1.08755	49	20	50	269	#
897	1.08755	25	35	50	269	#
898	0.217982	3	5	#
899	0.498372	39	#
900	0.721881	5	40	#
901	1.18394	32	8	7	26	270	#
902	1.18394	41	23	58	8	7	26	270	#
903	1.18394	29	3	2	23	58	8	7	26	270	#
904	1.18394	41	23	20	19	8	7	26	270	#
905	1.18394	29	3	2	23	20	19	8	7	26	270	#
906	1.18394	32	8	7	26	271	#
907	1.18394	41	23	58	8	7	26	271	#
908	1.18394	29	3	2	23	58	8	7	26	271	#
909	1.18394	41	23	20	19	8	7	26	271	#
910	1.18394	29	3	2	23	20	19	8	7	26	271	#
911	1.07776	62	5	#
912	0.465445	47	11	#
913	0.756843	63	44	7	#
914	0.797029	26	7	8	58	272	#
915	0.797029	26	7	8	19	20	272	#
916	1.21201	39	3	17	13	9	273	#
917	1.21201	55	2	3	17	13	9	273	#
918	1.21201	21	23	2	3	17	13	9	273	#
919	1.21201	21	35	63	273	#
920	1.21201	21	58	61	63	273	#
921	0.272825	13	#
922	0.7126	25	36	27	274	#
923	0.7126	46	22	274	#
924	0.7126	24	37	22	274	#
925	0.7126	24	4	36	27	274	#
926	0.7126	25	36	18	22	274	#
927	0.0782387	22	#
928	0.871055	8	32	#
929	0.326226	31	#
930	0.6409	47	30	#
931	0.968059	35	4	31	275	#
932	0.968059	58	61	4	31	275	#
933	0.968059	20	19	61	4	31	275	#
934	0.968059	20	49	30	275	#
935	1.0409	9	63	36	276	#
936	1.0409	9	38	12	276	#
937	1.0409	9	10	25	36	276	#
938	1.0409	9	10	24	4	36	276	#
939	1.11078	30	54	277	#
940	1.11078	30	40	29	277	#
941	0.399102	52	278	#
942	0.399102	44	4	278	#
943	0.399102	53	1	278	#
944	0.399102	53	0	4	278	#
945	0.821714	50	23	2	3	17	279	#
946	0.821714	16	20	23	2	3	17	279	#
947	1.02818	30	40	5	280	#
948	1.02818	30	10	9	13	6	280	#
949	1.02818	30	10	9	13	17	5	280	#
950	1.02818	31	1	57	280	#
951	1.02818	31	4	0	57	280	#
952	1.12093	17	62	281	#
953	1.12093	59	12	18	281	#
954	1.12093	17	3	2	23	58	43	281	#
955	1.12093	17	3	2	23	20	19	43	281	#
956	1.12093	6	5	62	281	#
957	0.203995	9	#
958	0.225619	5	3	#
959	0.915326	42	8	58	23	282	#
960	0.915326	42	8	19	20	23	282	#
961	0.767237	3	39	283	#
962	0.767237	3	2	55	283	#
963	0.767237	3	2	23	21	283	#
964	0.156433	20	#
965	0.286123	13	17	#
966	0.712102	10	30	284	#
967	0.712102	63	4	31	284	#
968	0.751329	57	0	#
969	1.19543	16	19	61	4	31	285	#
970	1.19543	16	49	30	285	#
971	1.19543	34	11	47	285	#
972	1.19543	50	35	4	31	285	#
973	1.19543	16	19	8	52	31	285	#
974	0.7126	25	36	27	286	#
975	0.7126	46	22	286	#
976	0.7126	24	37	22	286	#
977	0.7126	24	4	36	27	286	#
978	0.7126	25	36	18	22	286	#
979	0.378579	21	#
980	0.159136	12	#
981	0.759354	19	8	42	287	#
982	0.759354	19	8	7	26	27	287	#
983	0.759354	19	43	22	287	#
984	0.759354	19	8	7	26	18	22	287	#
985	0.969457	31	4	35	288	#
986	0.969457	31	4	61	58	288	#
987	0.969457	31	4	61	19	20	288	#
988	0.969457	30	49	20	288	#
989	0.969457	31	52	8	58	288	#
990	0.311827	5	3	2	#
991	0.769506	47	12	27	289	#
992	0.769506	47	12	18	22	289	#
993	0.769506	47	11	14	27	289	#
994	0.769506	47	11	14	18	22	289	#
995	0.769506	31	37	22	289	#
996	0.564008	45	#
997	1.00096	39	3	17	13	290	#
998	1.00096	55	2	3	17	13	290	#
999	1.00096	21	23	2	3	17	13	290	#
