%% File generated by CATS v.2.1Wed Jun 22 10:37:37 2022

%% The CATS webpage is http://robotics.stanford.edu/CATS

%% PARAMETER SETTINGS:
% Goods: 64; Bids: 1000; Distribution: paths; Runs: 1; Seed: 1656572797
% Paths Distribution Parameters:
% Initial connections:       = 2
% Edge density:              = 3.000000
% Shipping cost factor:      = 1.500000
% Max bid set size:          = 5
% Building penalty:          = 1.700000



goods 64
bids 1002
dummy 417

0	0.524942	54	#
1	0.258543	5	#
2	0.987117	9	25	62	64	#
3	0.987117	5	21	28	57	64	#
4	1.08658	63	65	#
5	1.08658	0	47	65	#
6	0.339664	4	5	#
7	1.11878	38	66	#
8	1.11878	16	29	39	57	66	#
9	1.11878	27	41	66	#
10	1.11878	27	29	37	57	66	#
11	1.11878	8	27	29	34	57	66	#
12	1.06516	54	61	67	#
13	1.06516	4	50	60	67	#
14	1.06516	4	21	54	60	67	#
15	1.06516	18	19	62	67	#
16	1.06516	9	46	50	67	#
17	0.215818	17	#
18	0.206088	20	#
19	1.09836	9	19	62	68	#
20	1.09836	9	23	35	60	68	#
21	1.09836	18	46	50	68	#
22	1.09836	18	21	46	54	68	#
23	0.925192	15	36	#
24	0.422977	26	53	69	#
25	0.422977	7	28	69	#
26	0.422977	6	7	26	69	#
27	0.93727	57	59	70	#
28	0.93727	0	42	70	#
29	0.93727	0	21	55	57	70	#
30	0.93727	1	34	57	70	#
31	0.93727	0	13	34	57	70	#
32	0.936394	10	58	71	#
33	0.936394	9	22	58	71	#
34	0.936394	5	21	24	57	71	#
35	0.936394	21	22	46	57	71	#
36	0.936394	4	21	56	57	71	#
37	0.369761	31	72	#
38	0.369761	11	12	72	#
39	0.466868	18	52	73	#
40	0.466868	18	19	26	73	#
41	0.298449	4	23	#
42	0.866949	31	52	53	74	#
43	0.866949	19	26	31	53	74	#
44	0.866949	11	12	52	53	74	#
45	0.866949	11	12	19	26	53	74	#
46	0.866949	7	19	28	31	74	#
47	0.688756	15	19	75	#
48	0.688756	14	18	19	75	#
49	0.292169	53	76	#
50	0.292169	6	7	76	#
51	0.730046	40	77	#
52	0.730046	9	25	44	77	#
53	0.586977	13	55	78	#
54	0.586977	8	32	78	#
55	0.586977	0	1	55	78	#
56	0.489809	10	33	79	#
57	0.489809	9	22	33	79	#
58	0.0949076	3	#
59	1.01991	4	48	80	#
60	1.01991	4	14	50	80	#
61	1.01991	4	14	21	54	80	#
62	1.01991	15	23	35	80	#
63	1.01991	14	18	23	35	80	#
64	0.0892019	16	#
65	0.478302	55	#
66	1.09105	29	39	57	81	#
67	1.09105	16	38	81	#
68	1.02006	0	54	59	#
69	0.191869	25	82	#
70	0.191869	22	24	82	#
71	0.369367	56	83	#
72	0.369367	10	60	83	#
73	0.369367	9	22	60	83	#
74	0.574522	20	39	#
75	0.420625	6	29	#
76	0.895102	37	57	84	#
77	0.895102	8	34	57	84	#
78	0.895102	16	27	39	57	84	#
79	0.895102	8	17	39	57	84	#
80	0.895102	2	3	34	57	84	#
81	0.719094	3	20	34	85	#
82	0.719094	2	20	37	85	#
83	0.719094	2	8	20	34	85	#
84	0.719094	20	39	45	85	#
85	0.719094	2	16	20	27	39	85	#
86	1.15285	29	42	86	#
87	1.15285	0	29	57	59	86	#
88	1.15285	21	29	55	57	86	#
89	1.15285	13	29	34	57	86	#
90	1.15285	0	1	29	34	57	86	#
91	0.871856	15	52	53	87	#
92	0.871856	14	18	52	53	87	#
93	0.871856	15	19	26	53	87	#
94	0.871856	14	18	19	26	53	87	#
95	0.871856	7	15	19	28	87	#
96	0.709831	14	54	#
97	0.891581	63	88	#
98	0.891581	0	47	88	#
99	1.04445	18	51	89	#
100	1.04445	5	18	50	89	#
101	1.04445	5	18	21	54	89	#
102	1.04445	4	5	23	35	89	#
103	0.375498	7	12	#
104	0.226165	20	#
105	0.827698	6	58	#
106	0.589562	54	#
107	0.719094	3	20	34	90	#
108	0.719094	2	20	37	90	#
109	0.719094	2	8	20	34	90	#
110	0.719094	20	39	45	90	#
111	0.719094	2	16	20	27	39	90	#
112	0.136818	6	#
113	0.853462	6	58	#
114	0.998718	48	91	#
115	0.998718	14	50	91	#
116	0.998718	14	21	54	91	#
117	1.08968	11	63	92	#
118	1.08968	0	11	47	92	#
119	1.08968	22	33	43	92	#
120	1.08968	7	12	57	59	92	#
121	1.08968	0	7	12	42	92	#
122	0.181442	12	#
123	0.617744	19	28	93	#
124	0.617744	6	52	93	#
125	0.617744	6	19	26	93	#
126	0.707676	15	52	94	#
127	0.707676	14	18	52	94	#
128	0.707676	15	19	26	94	#
129	0.707676	14	18	19	26	94	#
130	0.801147	34	57	#
131	0.842949	47	95	#
132	0.842949	0	63	95	#
133	0.526176	28	29	96	#
134	0.526176	6	26	29	96	#
135	1.11878	38	97	#
136	1.11878	16	29	39	57	97	#
137	1.11878	27	41	97	#
138	1.11878	27	29	37	57	97	#
139	1.11878	8	27	29	34	57	97	#
140	0.0758847	22	#
141	0.372896	30	98	#
142	0.372896	7	29	98	#
143	0.216511	2	27	#
144	0.189861	13	#
145	0.458231	28	29	99	#
146	0.458231	6	26	29	99	#
147	0.920248	63	100	#
148	0.920248	0	47	100	#
149	0.958417	6	34	57	101	#
150	0.958417	6	17	39	57	101	#
151	0.958417	6	8	37	57	101	#
152	0.46012	34	#
153	0.297905	28	102	#
154	0.297905	6	26	102	#
155	0.753502	24	44	103	#
156	0.753502	22	25	44	103	#
157	0.753502	1	17	33	103	#
158	0.753502	0	13	17	33	103	#
159	0.753502	10	40	103	#
160	0.359871	5	24	104	#
161	0.359871	22	46	104	#
162	0.0939343	9	#
163	0.575471	0	22	33	105	#
164	0.575471	0	9	10	33	105	#
165	0.212851	5	#
166	0.93223	34	57	106	#
167	0.93223	17	39	57	106	#
168	0.93223	8	37	57	106	#
169	0.93223	8	16	27	39	57	106	#
170	0.93223	2	3	37	57	106	#
171	0.652804	26	31	53	107	#
172	0.652804	11	12	26	53	107	#
173	0.652804	7	28	31	107	#
174	0.652804	6	7	26	31	107	#
175	0.652804	7	11	12	28	107	#
176	0.660458	1	3	33	108	#
177	0.660458	0	3	13	33	108	#
178	0.660458	1	2	8	33	108	#
179	0.660458	2	24	49	108	#
180	0.585805	32	27	#
181	0.938075	15	36	109	#
182	0.938075	14	18	36	109	#
183	0.938075	15	19	28	29	109	#
184	0.938075	14	18	19	28	29	109	#
185	0.938075	15	52	6	29	109	#
186	0.118463	27	#
187	0.0701066	2	#
188	0.692384	18	19	28	110	#
189	0.692384	18	52	6	110	#
190	0.692384	18	19	26	6	110	#
191	0.866949	52	53	31	111	#
192	0.866949	19	26	53	31	111	#
193	0.866949	52	53	12	11	111	#
194	0.866949	19	26	53	12	11	111	#
195	0.866949	19	28	7	31	111	#
196	1.0345	59	57	7	112	#
197	1.0345	0	42	7	112	#
198	1.0345	63	31	112	#
199	1.0345	63	11	12	112	#
200	0.0665737	22	#
201	0.528905	33	#
202	1.20682	60	4	48	113	#
203	1.20682	9	46	48	113	#
204	1.20682	61	54	14	113	#
205	1.20682	60	4	50	14	113	#
206	1.20682	9	25	5	48	113	#
207	0.567882	28	19	18	114	#
208	0.567882	6	52	18	114	#
209	0.567882	6	26	19	18	114	#
210	0.970124	38	115	#
211	0.970124	16	39	57	29	115	#
212	0.0974058	18	#
213	0.539512	18	52	116	#
214	0.539512	18	19	26	116	#
215	0.602423	23	56	117	#
216	0.602423	23	60	10	117	#
217	0.602423	23	60	9	22	117	#
218	0.602423	23	4	5	24	117	#
219	0.602423	23	4	46	22	117	#
220	0.610227	24	5	21	118	#
221	0.610227	22	46	21	118	#
222	0.610227	56	4	21	118	#
223	0.610227	10	61	118	#
224	0.610227	22	9	61	118	#
225	0.848805	58	119	#
226	0.848805	61	57	119	#
227	1.07154	24	51	120	#
228	1.07154	24	5	50	120	#
229	1.07154	24	5	21	54	120	#
230	1.07154	22	46	50	120	#
231	1.07154	22	46	21	54	120	#
232	0.350174	46	121	#
233	0.350174	25	5	121	#
234	0.392898	13	8	27	122	#
235	0.392898	0	1	8	27	122	#
236	0.863916	16	39	57	6	#
237	0.417704	53	26	123	#
238	0.417704	7	28	123	#
239	0.417704	7	6	26	123	#
240	0.431947	24	5	124	#
241	0.431947	22	46	124	#
242	0.431947	56	4	124	#
243	0.431947	22	25	5	124	#
244	0.431947	10	60	4	124	#
245	1.04377	50	4	125	#
246	1.04377	54	21	4	125	#
247	1.04377	18	35	23	125	#
248	1.04377	54	20	23	125	#
249	1.04377	14	48	4	125	#
250	1.11736	10	58	29	126	#
251	1.11736	22	9	58	29	126	#
252	1.11736	24	5	21	57	29	126	#
253	1.11736	22	43	12	30	126	#
254	1.11736	22	46	21	57	29	126	#
255	0.331139	7	12	#
256	0.818086	43	9	127	#
257	0.818086	43	22	10	127	#
258	1.13112	18	51	128	#
259	1.13112	18	50	5	128	#
260	1.13112	18	54	21	5	128	#
261	1.13112	35	23	4	5	128	#
262	1.01377	54	59	0	#
263	0.63384	36	18	#
264	0.602337	20	39	#
265	1.12007	51	129	#
266	1.12007	50	5	129	#
267	1.12007	54	21	5	129	#
268	1.12007	18	35	23	4	5	129	#
269	1.12007	54	20	23	4	5	129	#
270	0.989838	29	57	21	130	#
271	0.989838	29	57	20	23	4	130	#
272	0.577188	4	55	#
273	0.689538	1	33	131	#
274	0.689538	13	0	33	131	#
275	0.689538	8	49	24	131	#
276	0.977297	6	57	34	3	132	#
277	0.977297	6	57	37	2	132	#
278	0.977297	6	57	34	8	2	132	#
279	0.977297	6	57	39	45	132	#
280	0.977297	6	57	39	16	27	2	132	#
281	0.13032	24	#
282	1.16013	12	7	57	34	3	133	#
283	1.16013	11	63	1	3	133	#
284	1.16013	12	7	57	37	2	133	#
285	1.16013	11	47	13	3	133	#
286	1.16013	11	63	0	13	3	133	#
287	0.815215	7	57	39	#
288	0.310304	15	134	#
289	0.310304	14	18	134	#
290	0.941021	6	57	59	135	#
291	0.941021	6	42	0	135	#
292	0.604056	34	136	#
293	0.604056	17	39	136	#
294	0.604056	8	37	136	#
295	0.604056	8	27	16	39	136	#
296	0.604056	3	2	37	136	#
297	1.02005	54	61	#
298	0.0964301	16	#
299	0.340385	13	8	27	#
300	0.550292	4	55	0	#
301	0.855695	15	36	137	#
302	0.855695	14	18	36	137	#
303	0.708107	24	44	138	#
304	0.708107	22	25	44	138	#
305	0.708107	33	1	17	138	#
306	0.0699846	8	#
307	0.876615	59	57	6	#
308	0.336655	4	21	#
309	0.314031	21	#
310	1.20682	60	4	48	139	#
311	1.20682	9	46	48	139	#
312	1.20682	61	54	14	139	#
313	1.20682	60	4	50	14	139	#
314	1.20682	9	25	5	48	139	#
315	1.12964	31	53	52	15	140	#
316	1.12964	31	53	52	18	14	140	#
317	1.12964	31	53	26	19	15	140	#
318	1.12964	31	53	26	19	18	14	140	#
319	1.12964	11	12	53	52	15	140	#
320	0.800782	15	36	141	#
321	0.800782	14	18	36	141	#
322	0.0991899	6	#
323	0.973519	54	34	#
324	1.01769	35	15	142	#
325	1.01769	35	18	14	142	#
326	1.01769	20	54	14	142	#
327	1.01769	20	54	18	15	142	#
328	0.766092	24	44	16	143	#
329	0.766092	33	1	8	27	143	#
330	0.766092	24	49	27	143	#
331	0.766092	33	0	13	8	27	143	#
332	0.766092	22	25	44	16	143	#
333	0.871856	53	52	15	144	#
334	0.871856	53	52	18	14	144	#
335	0.871856	53	26	19	15	144	#
336	0.871856	53	26	19	18	14	144	#
337	0.871856	7	28	19	15	144	#
338	1.07154	51	24	145	#
339	1.07154	50	5	24	145	#
340	1.07154	54	21	5	24	145	#
341	1.07154	50	46	22	145	#
342	1.07154	54	21	46	22	145	#
343	0.629635	0	33	10	146	#
344	0.629635	0	33	22	9	146	#
345	0.729854	57	39	16	#
346	0.866949	52	53	31	147	#
347	0.866949	19	26	53	31	147	#
348	0.866949	52	53	12	11	147	#
349	0.866949	19	26	53	12	11	147	#
350	0.866949	19	28	7	31	147	#
351	1.12941	59	54	18	#
352	0.382452	39	#
353	0.732625	35	18	148	#
354	0.732625	20	54	148	#
355	0.152817	11	#
356	1.01519	15	52	53	12	149	#
357	1.01519	14	18	52	53	12	149	#
358	1.01519	15	19	26	53	12	149	#
359	1.01519	14	18	19	26	53	12	149	#
360	1.01519	15	19	28	7	12	149	#
361	1.03876	3	1	63	150	#
362	1.03876	3	13	47	150	#
363	1.03876	3	13	0	63	150	#
364	1.03876	3	1	0	47	150	#
365	1.03876	2	8	1	63	150	#
366	1.03531	62	151	#
367	1.03531	58	28	151	#
368	1.03531	58	6	26	151	#
369	1.03531	61	57	28	151	#
370	1.03531	61	57	6	26	151	#
371	0.76333	52	53	12	152	#
372	0.76333	19	26	53	12	152	#
373	0.76333	19	28	7	12	152	#
374	0.76333	52	6	7	12	152	#
375	0.76333	19	26	6	7	12	152	#
376	0.558321	33	1	153	#
377	0.558321	33	0	13	153	#
378	0.728183	28	19	15	154	#
379	0.728183	28	19	18	14	154	#
380	0.728183	6	52	15	154	#
381	0.728183	6	52	18	14	154	#
382	0.728183	6	26	19	15	154	#
383	0.473699	26	53	155	#
384	0.473699	28	7	155	#
385	0.473699	26	6	7	155	#
386	0.317796	4	60	#
387	0.874772	29	57	39	#
388	0.215964	5	#
389	0.631874	57	29	#
390	0.321049	30	#
391	1.01519	15	52	53	12	156	#
392	1.01519	14	18	52	53	12	156	#
393	1.01519	15	19	26	53	12	156	#
394	1.01519	14	18	19	26	53	12	156	#
395	1.01519	15	19	28	7	12	156	#
396	1.11878	38	157	#
397	1.11878	29	57	39	16	157	#
398	1.11878	41	27	157	#
399	1.11878	29	57	37	27	157	#
400	1.11878	29	57	34	8	27	157	#
401	0.80415	63	158	#
402	0.80415	47	0	158	#
403	0.728183	15	19	28	159	#
404	0.728183	14	18	19	28	159	#
405	0.728183	15	52	6	159	#
406	0.728183	14	18	52	6	159	#
407	0.728183	15	19	26	6	159	#
408	1.09576	9	58	29	160	#
409	1.09576	43	12	30	160	#
410	1.09576	46	21	57	29	160	#
411	1.09576	9	61	57	29	160	#
412	1.09576	22	10	58	29	160	#
413	0.425571	18	19	#
414	0.811633	16	40	161	#
415	0.811633	16	44	25	9	161	#
416	0.811633	27	49	25	9	161	#
417	0.811633	16	44	24	10	161	#
418	0.811633	16	44	24	22	9	161	#
419	0.222033	29	#
420	0.895102	37	57	162	#
421	0.895102	8	34	57	162	#
422	0.895102	27	16	39	57	162	#
423	0.895102	8	17	39	57	162	#
424	0.895102	2	3	34	57	162	#
425	0.0697942	22	#
426	0.977444	50	163	#
427	0.977444	21	54	163	#
428	0.977444	4	23	35	18	163	#
429	0.977444	4	23	20	54	163	#
430	0.977444	48	14	163	#
431	0.611302	35	#
432	0.984817	43	22	164	#
433	0.984817	43	9	10	164	#
434	0.984817	43	25	24	164	#
435	0.605148	32	165	#
436	0.605148	55	13	8	165	#
437	0.605148	55	0	1	8	165	#
438	0.635824	2	49	166	#
439	0.635824	3	8	49	166	#
440	1.04495	63	167	#
441	1.04495	0	47	167	#
442	0.425435	46	168	#
443	0.425435	25	5	168	#
444	0.425435	9	60	4	168	#
445	0.425435	22	24	5	168	#
446	0.357676	1	17	169	#
447	0.357676	0	13	17	169	#
448	1.14906	29	57	39	170	#
449	1.14906	38	16	170	#
450	1.14906	30	7	57	39	170	#
451	1.14906	29	57	34	17	170	#
452	1.14906	41	27	16	170	#
453	0.677504	44	171	#
454	0.677504	16	27	49	171	#
455	0.0799682	9	#
456	0.792367	43	#
457	0.667326	3	1	33	172	#
458	0.667326	3	13	0	33	172	#
459	0.667326	2	8	1	33	172	#
460	0.667326	2	49	24	172	#
461	0.667326	2	8	13	0	33	172	#
462	0.169667	25	#
463	1.04109	7	42	173	#
464	1.04109	7	57	59	0	173	#
465	1.04109	31	47	173	#
466	1.04109	31	63	0	173	#
467	0.747988	20	59	174	#
468	0.747988	23	4	55	0	174	#
469	0.747988	20	21	55	0	174	#
470	0.281818	1	8	175	#
471	0.281818	0	13	8	175	#
472	0.621781	21	46	176	#
473	0.621781	61	9	176	#
474	0.621781	21	5	25	176	#
475	0.621781	21	4	60	9	176	#
476	0.621781	21	5	24	22	176	#
477	1.13356	37	57	7	12	177	#
478	1.13356	8	34	57	7	12	177	#
479	1.13356	8	1	63	11	177	#
480	1.13356	27	16	39	57	7	12	177	#
481	1.13356	8	13	47	11	177	#
482	1.12964	15	52	53	31	178	#
483	1.12964	14	18	52	53	31	178	#
484	1.12964	15	19	26	53	31	178	#
485	1.12964	14	18	19	26	53	31	178	#
486	1.12964	15	52	53	12	11	178	#
487	1.09576	29	58	9	179	#
488	1.09576	30	12	43	179	#
489	1.09576	29	57	21	46	179	#
490	1.09576	29	57	61	9	179	#
491	1.09576	29	58	10	22	179	#
492	0.276335	14	#
493	0.89939	18	36	180	#
494	0.89939	18	19	28	29	180	#
495	0.89939	18	52	6	29	180	#
496	0.89939	18	19	26	6	29	180	#
497	0.906186	7	57	39	16	#
498	0.244533	19	#
499	0.828863	22	43	11	#
500	1.20373	24	5	48	181	#
501	1.20373	22	46	48	181	#
502	1.20373	56	4	48	181	#
503	1.20373	24	51	14	181	#
504	1.20373	22	25	5	48	181	#
505	0.56513	33	22	182	#
506	0.56513	33	10	9	182	#
507	0.176644	10	183	#
508	0.176644	9	22	183	#
509	0.730436	43	#
510	0.0816416	16	#
511	0.589613	33	10	184	#
512	0.589613	33	22	9	184	#
513	0.28398	8	13	185	#
514	0.28398	8	1	0	185	#
515	0.546555	32	#
516	0.296237	53	186	#
517	0.296237	6	7	186	#
518	0.489497	59	#
519	0.500845	53	26	187	#
520	0.500845	7	28	187	#
521	0.500845	7	6	26	187	#
522	0.211116	16	27	#
523	1.16013	3	34	57	7	12	188	#
524	1.16013	3	1	63	11	188	#
525	1.16013	2	37	57	7	12	188	#
526	1.16013	3	13	47	11	188	#
527	1.16013	3	13	0	63	11	188	#
528	1.10485	19	62	9	189	#
529	1.10485	35	23	60	9	189	#
530	1.10485	18	50	46	189	#
531	1.10485	18	54	21	46	189	#
532	1.10485	35	23	4	46	189	#
533	0.606335	26	53	12	190	#
534	0.606335	28	7	12	190	#
535	0.606335	26	6	7	12	190	#
536	0.907505	9	58	191	#
537	0.907505	46	21	57	191	#
538	0.907505	9	61	57	191	#
539	0.907505	22	10	58	191	#
540	0.907505	25	5	21	57	191	#
541	0.968168	58	6	192	#
542	0.968168	62	26	192	#
543	0.968168	61	57	6	192	#
544	0.968168	60	4	21	57	6	192	#
545	0.71767	25	49	2	193	#
546	0.71767	22	33	1	3	193	#
547	0.71767	22	33	0	13	3	193	#
548	0.71767	22	33	1	8	2	193	#
549	0.71767	22	24	49	2	193	#
550	0.464326	32	#
551	0.200925	1	194	#
552	0.200925	13	0	194	#
553	0.886086	29	57	21	4	#
554	0.658094	4	21	57	#
555	0.674408	44	195	#
556	0.674408	16	27	49	195	#
557	0.824138	58	6	#
558	0.810137	40	196	#
559	0.810137	44	25	9	196	#
560	0.810137	44	24	10	196	#
561	0.810137	44	24	22	9	196	#
562	0.810137	39	61	196	#
563	0.562126	4	55	0	#
564	0.609686	44	#
565	0.681616	59	20	197	#
566	0.681616	0	55	4	23	197	#
567	0.996117	59	57	7	198	#
568	0.996117	0	42	7	198	#
569	1.12964	31	53	52	15	199	#
570	1.12964	31	53	52	18	14	199	#
571	1.12964	31	53	26	19	15	199	#
572	1.12964	31	53	26	19	18	14	199	#
573	1.12964	11	12	53	52	15	199	#
574	1.06528	8	1	63	200	#
575	1.06528	8	13	47	200	#
576	1.06528	8	13	0	63	200	#
577	1.06528	8	1	0	47	200	#
578	1.06528	2	3	1	63	200	#
579	0.724438	22	33	1	201	#
580	0.724438	22	33	0	13	201	#
581	0.724438	25	49	8	201	#
582	0.724438	22	24	49	8	201	#
583	0.724438	9	10	33	1	201	#
584	0.652804	26	53	31	202	#
585	0.652804	26	53	12	11	202	#
586	0.652804	28	7	31	202	#
587	0.652804	26	6	7	31	202	#
588	0.652804	28	7	12	11	202	#
589	0.670027	4	55	13	203	#
590	0.670027	4	32	8	203	#
591	0.670027	4	55	0	1	203	#
592	0.670027	4	32	2	3	203	#
593	0.298533	21	#
594	0.0682272	8	#
595	0.278338	19	#
596	0.804701	15	52	204	#
597	0.804701	14	18	52	204	#
598	0.804701	15	19	26	204	#
599	0.804701	14	18	19	26	204	#
600	0.804701	15	19	28	6	204	#
601	0.772475	63	#
602	1.0247	12	7	57	39	#
603	0.759078	18	19	28	205	#
604	0.759078	18	52	6	205	#
605	0.759078	18	19	26	6	205	#
606	0.101809	16	#
607	0.621781	46	21	206	#
608	0.621781	9	61	206	#
609	0.621781	25	5	21	206	#
610	0.621781	9	60	4	21	206	#
611	0.621781	22	24	5	21	206	#
612	0.816041	43	#
613	1.11742	56	23	35	207	#
614	1.11742	24	51	18	207	#
615	1.11742	10	62	19	207	#
616	1.11742	22	9	62	19	207	#
617	1.11742	10	60	23	35	207	#
618	1.03662	41	208	#
619	1.03662	38	27	208	#
620	1.03662	29	57	37	208	#
621	1.03662	29	57	34	8	208	#
622	1.03662	29	57	39	16	27	208	#
623	0.53685	55	13	209	#
624	0.53685	32	8	209	#
625	0.53685	55	0	1	209	#
626	1.04436	51	210	#
627	1.04436	50	5	210	#
628	1.04436	54	21	5	210	#
629	1.12053	39	57	7	12	211	#
630	1.12053	39	57	6	53	12	211	#
631	0.428318	33	22	#
632	1.16448	51	18	212	#
633	1.16448	5	50	18	212	#
634	1.16448	5	21	54	18	212	#
635	1.16448	5	4	23	35	212	#
636	1.16448	5	21	20	35	212	#
637	0.790754	52	15	213	#
638	0.790754	52	18	14	213	#
639	0.790754	26	19	15	213	#
640	0.790754	26	19	18	14	213	#
641	0.856522	37	57	214	#
642	0.856522	8	34	57	214	#
643	0.856522	27	16	39	57	214	#
644	0.103091	6	#
645	0.320719	60	#
646	0.363531	46	215	#
647	0.363531	5	25	215	#
648	0.804701	15	52	216	#
649	0.804701	14	18	52	216	#
650	0.804701	15	19	26	216	#
651	0.804701	14	18	19	26	216	#
652	0.804701	15	19	28	6	216	#
653	0.24676	28	217	#
654	0.24676	26	6	217	#
655	1.09953	39	57	7	31	218	#
656	1.09953	17	1	63	218	#
657	1.09953	17	13	47	218	#
658	1.09953	17	13	0	63	218	#
659	1.09953	39	57	7	12	11	218	#
660	0.12779	27	#
661	0.690178	44	219	#
662	0.690178	49	27	16	219	#
663	1.09065	12	7	57	34	220	#
664	1.09065	11	63	1	220	#
665	1.09065	11	47	13	220	#
666	1.09065	11	63	0	13	220	#
667	0.775484	63	221	#
668	0.775484	0	47	221	#
669	1.09392	12	7	57	34	222	#
670	1.09392	11	63	1	222	#
671	1.09392	11	47	13	222	#
672	1.09392	11	63	0	13	222	#
673	1.09392	11	47	0	1	222	#
674	1.01332	6	57	59	223	#
675	1.01332	6	42	0	223	#
676	1.01332	6	57	21	55	0	223	#
677	1.08045	2	41	224	#
678	1.08045	3	34	57	29	224	#
679	1.08045	2	27	38	224	#
680	1.08045	2	37	57	29	224	#
681	1.08045	2	8	34	57	29	224	#
682	0.25687	4	23	#
683	0.76333	52	53	12	225	#
684	0.76333	19	26	53	12	225	#
685	0.76333	19	28	7	12	225	#
686	0.76333	52	6	7	12	225	#
687	0.76333	19	26	6	7	12	225	#
688	0.346832	55	#
689	0.82207	22	43	226	#
690	0.82207	10	9	43	226	#
691	0.971266	6	58	9	227	#
692	0.971266	6	57	21	46	227	#
693	0.971266	26	62	9	227	#
694	0.971266	6	57	61	9	227	#
695	0.971266	53	12	43	227	#
696	0.728183	15	19	28	228	#
697	0.728183	14	18	19	28	228	#
698	0.728183	15	52	6	228	#
699	0.728183	14	18	52	6	228	#
700	0.728183	15	19	26	6	228	#
701	0.938075	36	15	229	#
702	0.938075	36	18	14	229	#
703	0.938075	29	28	19	15	229	#
704	0.938075	29	28	19	18	14	229	#
705	0.938075	29	6	52	15	229	#
706	1.07401	48	230	#
707	1.07401	50	14	230	#
708	1.07401	21	54	14	230	#
709	1.07401	50	18	15	230	#
710	1.07401	21	54	18	15	230	#
711	0.306502	60	9	#
712	0.970851	62	231	#
713	0.970851	28	58	231	#
714	0.970851	26	6	58	231	#
715	0.230726	21	#
716	0.316006	29	#
717	0.608152	21	57	#
718	1.05711	29	57	34	232	#
719	1.05711	29	57	39	17	232	#
720	1.05711	41	8	232	#
721	1.05711	38	27	8	232	#
722	1.05711	29	57	37	8	232	#
723	0.369109	31	233	#
724	0.369109	12	11	233	#
725	0.391904	53	12	#
726	0.759038	9	25	49	2	234	#
727	0.759038	10	33	1	3	234	#
728	0.759038	9	22	33	1	3	234	#
729	0.759038	10	33	0	13	3	234	#
730	0.759038	9	22	33	0	13	3	234	#
731	0.439481	57	#
732	0.977943	47	235	#
733	0.977943	0	63	235	#
734	0.216104	9	25	#
735	1.03876	3	1	63	236	#
736	1.03876	3	13	47	236	#
737	1.03876	3	13	0	63	236	#
738	1.03876	3	1	0	47	236	#
739	1.03876	2	8	1	63	236	#
740	0.688213	57	21	#
741	0.990773	28	57	59	237	#
742	0.990773	26	6	57	59	237	#
743	0.314058	46	#
744	0.582546	59	238	#
745	0.582546	21	55	0	238	#
746	0.673395	35	#
747	1.16013	3	34	57	7	12	239	#
748	1.16013	3	1	63	11	239	#
749	1.16013	2	37	57	7	12	239	#
750	1.16013	3	13	47	11	239	#
751	1.16013	3	13	0	63	11	239	#
752	0.192179	23	#
753	0.328193	21	#
754	0.171055	12	#
755	1.02334	34	57	29	#
756	0.753502	24	44	240	#
757	0.753502	22	25	44	240	#
758	0.753502	33	1	17	240	#
759	0.753502	33	0	13	17	240	#
760	0.753502	10	40	240	#
761	0.194803	27	16	#
762	0.578046	33	1	241	#
763	0.578046	33	0	13	241	#
764	0.450169	16	39	#
765	0.977297	6	57	34	3	242	#
766	0.977297	6	57	37	2	242	#
767	0.977297	6	57	34	8	2	242	#
768	0.977297	6	57	39	45	242	#
769	0.977297	6	57	39	16	27	2	242	#
770	0.633019	28	19	18	243	#
771	0.633019	6	52	18	243	#
772	0.633019	6	26	19	18	243	#
773	0.51444	39	20	#
774	0.954138	22	43	244	#
775	0.954138	10	9	43	244	#
776	0.954138	24	25	43	244	#
777	0.115076	3	#
778	0.912247	6	57	37	245	#
779	0.912247	6	57	34	8	245	#
780	0.796582	16	39	20	246	#
781	0.796582	27	37	20	246	#
782	0.796582	27	8	34	20	246	#
783	0.277573	3	13	#
784	0.0707262	22	#
785	0.632464	54	#
786	0.587868	4	55	#
787	0.290827	15	247	#
788	0.290827	18	14	247	#
789	0.71767	2	49	25	248	#
790	0.71767	3	1	33	22	248	#
791	0.71767	3	13	0	33	22	248	#
792	0.71767	2	8	1	33	22	248	#
793	0.71767	2	49	24	22	248	#
794	1.20871	16	39	57	7	12	249	#
795	1.20871	16	39	57	6	53	12	249	#
796	1.20871	27	37	57	7	12	249	#
797	0.252065	1	250	#
798	0.252065	0	13	250	#
799	0.850446	29	57	21	#
800	0.476871	39	#
801	0.295189	1	8	251	#
802	0.295189	0	13	8	251	#
803	0.76333	12	53	52	252	#
804	0.76333	12	53	26	19	252	#
805	0.76333	12	7	28	19	252	#
806	0.76333	12	7	6	52	252	#
807	0.76333	12	7	6	26	19	252	#
808	0.107739	27	#
809	0.0968022	4	#
810	0.177119	25	#
811	0.208446	11	#
812	0.719094	3	34	20	253	#
813	0.719094	2	37	20	253	#
814	0.719094	2	8	34	20	253	#
815	0.719094	45	39	20	253	#
816	0.719094	2	27	16	39	20	253	#
817	1.00544	6	42	254	#
818	1.00544	6	57	59	0	254	#
819	1.00544	6	57	21	55	254	#
820	1.03698	7	57	59	255	#
821	1.03698	7	42	0	255	#
822	1.03698	31	63	255	#
823	1.03698	12	11	63	255	#
824	1.03698	31	47	0	255	#
825	0.776412	25	44	256	#
826	0.776412	22	24	44	256	#
827	0.776412	9	40	256	#
828	0.776412	22	33	1	17	256	#
829	0.776412	22	33	0	13	17	256	#
830	0.249616	13	257	#
831	0.249616	0	1	257	#
832	0.631067	33	1	3	#
833	0.503061	23	60	9	#
834	0.667326	3	1	33	258	#
835	0.667326	3	13	0	33	258	#
836	0.667326	2	8	1	33	258	#
837	0.667326	2	49	24	258	#
838	0.667326	2	8	13	0	33	258	#
839	0.994794	29	57	21	5	#
840	0.801911	50	259	#
841	0.801911	54	21	259	#
842	0.493516	23	4	5	#
843	0.310277	4	5	#
844	0.611854	29	57	#
845	0.0688665	8	#
846	0.53415	16	39	#
847	0.76333	52	53	12	260	#
848	0.76333	19	26	53	12	260	#
849	0.76333	19	28	7	12	260	#
850	0.76333	52	6	7	12	260	#
851	0.76333	19	26	6	7	12	260	#
852	0.711664	18	35	261	#
853	0.711664	54	20	261	#
854	0.273657	29	#
855	0.719094	3	34	20	262	#
856	0.719094	2	37	20	262	#
857	0.719094	2	8	34	20	262	#
858	0.719094	45	39	20	262	#
859	0.719094	2	27	16	39	20	262	#
860	0.396299	4	55	#
861	0.602423	23	56	263	#
862	0.602423	23	60	10	263	#
863	0.602423	23	60	9	22	263	#
864	0.602423	23	4	5	24	263	#
865	0.602423	23	4	46	22	263	#
866	0.316635	6	29	#
867	1.03393	12	7	57	39	#
868	0.728183	15	19	28	264	#
869	0.728183	14	18	19	28	264	#
870	0.728183	15	52	6	264	#
871	0.728183	14	18	52	6	264	#
872	0.728183	15	19	26	6	264	#
873	1.02649	63	11	265	#
874	1.02649	0	47	11	265	#
875	0.34328	5	4	#
876	0.93223	34	57	266	#
877	0.93223	17	39	57	266	#
878	0.93223	8	37	57	266	#
879	0.93223	8	27	16	39	57	266	#
880	0.93223	3	2	37	57	266	#
881	0.0748677	2	#
882	0.837631	48	#
883	0.940986	42	267	#
884	0.940986	0	59	57	267	#
885	0.940986	55	21	57	267	#
886	0.940986	13	34	57	267	#
887	0.940986	0	1	34	57	267	#
888	0.872771	43	#
889	0.109582	18	#
890	0.639983	28	19	18	268	#
891	0.639983	6	52	18	268	#
892	0.639983	6	26	19	18	268	#
893	0.699989	14	54	#
894	0.549373	56	23	#
895	0.438948	29	6	#
896	0.536067	28	29	269	#
897	0.536067	26	6	29	269	#
898	1.14914	59	57	29	270	#
899	1.14914	0	42	29	270	#
900	1.14914	0	55	21	57	29	270	#
901	1.14914	1	34	57	29	270	#
902	1.14914	0	13	34	57	29	270	#
903	0.34726	60	#
904	0.580744	49	8	#
905	1.03876	3	1	63	271	#
906	1.03876	3	13	47	271	#
907	1.03876	3	13	0	63	271	#
908	1.03876	3	1	0	47	271	#
909	1.03876	2	8	1	63	271	#
910	0.719783	33	1	272	#
911	0.719783	33	0	13	272	#
912	0.719783	24	49	8	272	#
913	0.62964	25	49	#
914	0.64159	33	1	3	273	#
915	0.64159	33	0	13	3	273	#
916	0.0718509	22	#
917	1.03662	41	274	#
918	1.03662	27	38	274	#
919	1.03662	37	57	29	274	#
920	1.03662	8	34	57	29	274	#
921	1.03662	27	16	39	57	29	274	#
922	0.0996043	18	#
923	0.0968355	6	#
924	0.494176	18	52	275	#
925	0.494176	18	19	26	275	#
926	1.17067	63	1	276	#
927	1.17067	47	13	276	#
928	1.17067	63	0	13	276	#
929	1.17067	47	0	1	276	#
930	1.17067	31	7	57	34	276	#
931	0.372124	55	0	#
932	0.260591	45	277	#
933	0.260591	2	27	16	277	#
934	0.260591	3	17	277	#
935	1.04377	4	50	278	#
936	1.04377	4	21	54	278	#
937	1.04377	23	35	18	278	#
938	1.04377	23	20	54	278	#
939	1.04377	4	48	14	278	#
940	0.550726	18	19	28	279	#
941	0.550726	18	52	6	279	#
942	0.550726	18	19	26	6	279	#
943	0.31312	30	#
944	0.927956	34	57	7	#
945	0.71767	25	49	2	280	#
946	0.71767	22	33	1	3	280	#
947	0.71767	22	33	0	13	3	280	#
948	0.71767	22	33	1	8	2	280	#
949	0.71767	22	24	49	2	280	#
950	1.12994	39	57	29	281	#
951	1.12994	16	38	281	#
952	1.12994	39	57	7	30	281	#
953	1.12994	17	34	57	29	281	#
954	0.704263	22	33	1	282	#
955	0.704263	22	33	0	13	282	#
956	0.704263	25	49	8	282	#
957	0.342978	29	6	#
958	0.85815	31	53	52	283	#
959	0.85815	31	53	26	19	283	#
960	0.93223	57	34	284	#
961	0.93223	57	39	17	284	#
962	0.93223	57	37	8	284	#
963	0.93223	57	39	16	27	8	284	#
964	0.93223	57	37	2	3	284	#
965	1.11405	19	62	285	#
966	1.11405	35	23	60	285	#
967	1.11405	18	54	61	285	#
968	1.11405	18	50	4	60	285	#
969	1.11405	18	54	21	4	60	285	#
970	0.153767	11	#
971	0.688377	4	32	2	286	#
972	0.688377	4	55	13	3	286	#
973	0.688377	4	32	8	3	286	#
974	0.688377	4	55	0	1	3	286	#
975	0.688377	4	55	13	8	2	286	#
976	0.457864	39	#
977	1.11736	29	58	10	287	#
978	1.11736	29	58	9	22	287	#
979	1.11736	29	57	21	5	24	287	#
980	1.11736	30	12	43	22	287	#
981	1.11736	29	57	21	46	22	287	#
982	0.922055	43	12	288	#
983	0.922055	9	58	7	288	#
984	0.979568	11	63	289	#
985	0.979568	11	47	0	289	#
986	0.721577	49	25	9	290	#
987	0.721577	8	1	33	10	290	#
988	0.721577	49	24	10	290	#
989	0.721577	8	1	33	22	9	290	#
990	0.721577	49	24	22	9	290	#
991	0.621781	21	46	291	#
992	0.621781	61	9	291	#
993	0.621781	21	5	25	291	#
994	0.621781	21	4	60	9	291	#
995	0.621781	21	5	24	22	291	#
996	0.0917873	18	#
997	0.223376	7	#
998	0.628395	59	292	#
999	0.628395	0	55	21	292	#
1000	0.628395	1	34	292	#
1001	0.628395	0	13	34	292	#
