%% File generated by CATS v.2.1Wed Jun 22 10:37:37 2022

%% The CATS webpage is http://robotics.stanford.edu/CATS

%% PARAMETER SETTINGS:
% Goods: 64; Bids: 1000; Distribution: paths; Runs: 1; Seed: 1656572799
% Paths Distribution Parameters:
% Initial connections:       = 2
% Edge density:              = 3.000000
% Shipping cost factor:      = 1.500000
% Max bid set size:          = 5
% Building penalty:          = 1.700000



goods 64
bids 1002
dummy 414

0	0.54911	52	64	#
1	0.54911	16	21	64	#
2	0.966397	16	50	#
3	0.690422	37	#
4	0.774901	27	53	65	#
5	0.774901	12	38	65	#
6	0.774901	8	9	53	65	#
7	0.636946	45	66	#
8	0.636946	30	57	66	#
9	0.636946	4	5	57	66	#
10	0.453309	22	#
11	0.465629	12	53	#
12	0.97367	10	49	67	#
13	0.97367	19	20	22	59	67	#
14	0.97367	14	19	20	22	29	67	#
15	0.97367	21	37	67	#
16	0.640654	41	56	68	#
17	0.640654	18	30	56	68	#
18	0.640654	4	5	18	56	68	#
19	0.640654	0	45	68	#
20	0.61458	14	60	#
21	1.2563	0	34	69	#
22	1.2563	14	15	32	60	69	#
23	1.2563	10	19	27	55	56	69	#
24	1.2563	18	56	61	69	#
25	1.2563	18	23	27	55	56	69	#
26	0.529994	18	51	83	#
27	0.578339	32	#
28	1.08663	13	58	70	#
29	1.08663	25	26	58	70	#
30	1.08663	13	20	36	70	#
31	1.08663	20	25	26	36	70	#
32	1.068	20	39	52	71	#
33	1.068	16	20	21	39	71	#
34	1.068	15	22	32	71	#
35	0.589305	9	28	72	#
36	0.589305	8	27	28	72	#
37	1.19377	44	73	#
38	1.19377	25	40	73	#
39	1.19377	7	25	43	54	73	#
40	1.19377	9	25	48	73	#
41	1.19377	9	25	43	55	73	#
42	1.04828	2	6	15	22	74	#
43	1.04828	2	3	6	20	52	74	#
44	1.04828	7	20	49	74	#
45	1.04828	2	6	17	20	21	74	#
46	1.04828	7	10	19	22	59	74	#
47	1.04244	27	39	52	75	#
48	1.04244	2	3	28	52	75	#
49	1.04244	2	17	21	28	75	#
50	1.04244	20	22	31	75	#
51	1.04244	16	21	27	39	75	#
52	0.278295	5	11	#
53	0.169738	30	76	#
54	0.169738	4	5	76	#
55	0.85741	15	46	#
56	1.05878	16	33	77	#
57	1.05878	12	16	62	77	#
58	1.05878	2	17	28	53	77	#
59	1.05878	16	27	39	53	77	#
60	1.05878	2	3	16	28	53	77	#
61	1.2048	27	48	78	#
62	1.2048	27	43	55	78	#
63	1.2048	6	7	27	28	43	78	#
64	1.2048	8	40	78	#
65	1.2048	8	25	44	78	#
66	0.520068	52	79	#
67	0.520068	16	21	79	#
68	0.580949	30	63	80	#
69	0.580949	41	59	80	#
70	0.580949	18	30	59	80	#
71	0.580949	14	29	41	80	#
72	0.580949	14	18	29	30	80	#
73	0.975313	50	#
74	0.486803	60	#
75	0.282353	1	25	81	#
76	0.282353	0	13	81	#
77	0.282353	0	25	26	81	#
78	0.858479	33	#
79	0.405199	6	28	#
80	1.25042	20	42	82	#
81	1.25042	10	47	49	82	#
82	1.25042	52	62	82	#
83	1.25042	16	21	62	82	#
84	1.25042	12	33	52	82	#
85	0.922099	0	35	#
86	0.529994	7	10	19	83	#
87	0.29531	3	#
88	0.422499	17	84	#
89	0.422499	3	16	84	#
90	0.611577	10	43	#
91	0.78829	9	53	85	#
92	0.78829	8	27	53	85	#
93	1.31068	24	42	#
94	0.648929	43	#
95	0.803318	30	23	55	86	#
96	0.803318	4	5	23	55	86	#
97	0.803318	30	11	10	55	86	#
98	0.803318	30	51	6	28	86	#
99	0.803318	30	23	7	6	28	86	#
100	1.15119	22	31	87	#
101	1.15119	22	15	2	28	87	#
102	1.15119	20	52	39	27	87	#
103	1.15119	20	52	3	2	28	87	#
104	1.15119	20	21	17	2	28	87	#
105	0.901175	54	51	88	#
106	0.901175	54	7	23	88	#
107	0.901175	54	7	10	11	88	#
108	0.901175	9	55	23	88	#
109	0.901175	8	61	88	#
110	0.812807	62	#
111	0.410736	22	#
112	1.01564	29	19	47	89	#
113	1.01564	29	18	11	47	89	#
114	1.01564	29	18	23	10	47	89	#
115	1.01564	14	59	19	47	89	#
116	1.01564	14	15	46	24	89	#
117	0.145755	8	#
118	0.669011	25	43	7	#
119	1.01021	16	62	90	#
120	1.01021	16	33	12	90	#
121	1.01021	17	46	24	90	#
122	1.01021	16	3	46	24	90	#
123	0.790291	25	43	7	#
124	0.612345	57	91	#
125	0.612345	18	56	0	91	#
126	0.163991	23	#
127	0.404947	56	#
128	0.600534	53	12	#
129	1.07118	48	92	#
130	1.07118	55	43	92	#
131	1.07118	28	6	7	43	92	#
132	0.97472	36	13	93	#
133	0.97472	36	26	25	93	#
134	0.420638	14	22	#
135	0.790128	5	51	6	2	94	#
136	0.790128	5	23	7	6	2	94	#
137	0.790128	4	30	51	6	2	94	#
138	0.790128	4	30	23	7	6	2	94	#
139	0.790128	5	11	10	7	6	2	94	#
140	1.07658	24	35	95	#
141	1.07658	47	11	57	95	#
142	1.07658	47	19	56	0	95	#
143	1.07658	47	10	23	57	95	#
144	1.07658	47	19	18	57	95	#
145	0.62967	56	19	10	96	#
146	0.62967	56	18	23	96	#
147	0.62967	13	43	96	#
148	0.62967	26	25	43	96	#
149	0.62967	56	18	11	10	96	#
150	1.03632	24	35	97	#
151	1.03632	47	11	57	97	#
152	1.03632	47	19	56	0	97	#
153	1.03632	47	10	23	57	97	#
154	0.92027	27	55	10	98	#
155	0.92027	27	28	6	7	10	98	#
156	0.92027	8	54	7	10	98	#
157	0.92027	8	9	55	10	98	#
158	0.92027	61	11	98	#
159	1.15454	25	48	99	#
160	1.15454	25	43	55	99	#
161	1.15454	25	43	7	6	28	99	#
162	0.88351	36	100	#
163	0.88351	22	14	60	100	#
164	0.88351	20	58	100	#
165	0.914787	25	43	10	47	#
166	0.587297	6	51	5	101	#
167	0.587297	6	7	23	5	101	#
168	0.829232	22	15	2	#
169	0.123146	16	#
170	1.0474	12	47	19	29	102	#
171	1.0474	12	47	11	18	29	102	#
172	1.0474	53	31	14	102	#
173	1.0885	52	39	8	103	#
174	1.0885	21	16	39	8	103	#
175	0.878246	32	15	104	#
176	0.878246	27	31	104	#
177	0.878246	27	28	2	15	104	#
178	0.850366	55	27	105	#
179	0.850366	7	6	28	27	105	#
180	0.850366	7	54	8	105	#
181	0.826207	15	14	60	#
182	0.876917	54	7	10	106	#
183	0.876917	9	55	10	106	#
184	0.876917	8	27	55	10	106	#
185	0.876917	9	28	6	7	10	106	#
186	0.876917	8	27	28	6	7	10	106	#
187	1.01442	46	17	107	#
188	1.01442	46	3	16	107	#
189	1.01442	24	62	16	107	#
190	0.907426	20	22	63	108	#
191	0.907426	49	23	108	#
192	0.907426	20	22	59	18	108	#
193	0.907426	20	22	14	29	18	108	#
194	0.907426	49	10	11	108	#
195	0.387155	15	#
196	0.905569	37	11	5	#
197	0.970285	19	10	7	54	109	#
198	0.970285	19	10	55	9	109	#
199	0.970285	18	51	54	109	#
200	0.970285	18	23	7	54	109	#
201	0.970285	19	10	55	27	8	109	#
202	0.391067	29	#
203	0.794728	17	2	6	110	#
204	0.794728	16	3	2	6	110	#
205	0.45203	15	14	#
206	0.336721	7	6	#
207	0.310164	1	111	#
208	0.310164	0	26	111	#
209	0.310164	0	13	25	111	#
210	0.940102	13	58	#
211	0.136584	24	#
212	0.141393	12	#
213	0.839259	8	32	15	#
214	0.389665	21	#
215	0.622324	6	51	5	112	#
216	0.622324	6	7	23	5	112	#
217	0.622324	6	51	30	4	112	#
218	0.622324	6	7	23	30	4	112	#
219	0.622324	6	7	10	11	5	112	#
220	1.08707	31	22	113	#
221	1.08707	28	2	15	22	113	#
222	0.583364	47	12	#
223	0.370205	14	15	#
224	0.57161	6	2	3	#
225	0.29881	10	7	#
226	1.0489	56	19	47	114	#
227	1.0489	0	35	24	114	#
228	1.0489	56	18	11	47	114	#
229	1.0489	56	18	23	10	47	114	#
230	1.0489	13	43	10	47	114	#
231	1.07937	55	10	19	56	115	#
232	1.07937	55	23	18	56	115	#
233	1.07937	28	6	7	10	19	56	115	#
234	1.07937	48	13	115	#
235	1.07937	55	43	13	115	#
236	0.627095	16	39	#
237	0.642602	29	41	116	#
238	0.642602	29	18	30	116	#
239	0.642602	29	18	5	4	116	#
240	0.642602	14	63	30	116	#
241	0.642602	14	59	41	116	#
242	0.729533	7	54	#
243	1.23893	52	33	117	#
244	1.23893	21	16	33	117	#
245	0.339065	17	118	#
246	0.339065	3	16	118	#
247	0.225783	7	#
248	0.783075	55	23	30	119	#
249	0.783075	55	23	5	4	119	#
250	0.570993	57	120	#
251	0.570993	0	56	18	120	#
252	0.617442	2	15	14	#
253	1.00693	58	13	121	#
254	1.00693	58	26	25	121	#
255	1.00693	20	36	13	121	#
256	1.00693	20	36	26	25	121	#
257	0.476073	29	19	10	#
258	0.818991	7	10	19	56	122	#
259	0.818991	51	18	56	122	#
260	0.818991	7	23	18	56	122	#
261	0.818991	7	43	13	122	#
262	0.818991	7	43	25	26	122	#
263	0.876917	10	7	54	123	#
264	0.876917	10	55	9	123	#
265	0.876917	10	55	27	8	123	#
266	0.876917	10	7	6	28	9	123	#
267	0.876917	10	7	6	28	27	8	123	#
268	0.384904	56	#
269	0.693128	13	60	14	#
270	0.859501	61	124	#
271	0.859501	23	55	27	124	#
272	0.859501	11	10	55	27	124	#
273	0.859501	51	6	28	27	124	#
274	0.859501	23	7	6	28	27	124	#
275	0.196948	23	125	#
276	0.196948	11	10	125	#
277	0.921947	37	19	126	#
278	0.921947	37	11	18	126	#
279	0.921947	37	10	23	18	126	#
280	0.921947	17	15	59	126	#
281	0.921947	17	15	14	29	126	#
282	0.943938	50	16	#
283	0.0934101	14	#
284	0.719752	38	127	#
285	0.719752	27	53	12	127	#
286	1.12794	44	128	#
287	1.12794	40	25	128	#
288	0.590129	52	129	#
289	0.590129	16	21	129	#
290	1.21779	25	48	27	130	#
291	1.21779	25	43	55	27	130	#
292	1.21779	25	43	7	6	28	27	130	#
293	1.21779	44	8	130	#
294	1.21779	25	40	8	130	#
295	0.227039	26	131	#
296	0.227039	25	13	131	#
297	0.795509	12	47	19	132	#
298	0.795509	12	47	11	18	132	#
299	0.795509	12	47	10	23	18	132	#
300	1.19377	44	133	#
301	1.19377	40	25	133	#
302	1.19377	54	7	43	25	133	#
303	1.19377	9	48	25	133	#
304	1.19377	9	55	43	25	133	#
305	0.895884	14	15	32	8	#
306	0.634037	15	59	134	#
307	0.634037	15	14	29	134	#
308	0.577443	43	25	#
309	0.957605	58	26	135	#
310	0.957605	58	13	25	135	#
311	0.957605	20	36	26	135	#
312	0.803065	22	15	136	#
313	0.803065	20	52	3	136	#
314	0.803065	20	21	17	136	#
315	0.803065	20	21	16	3	136	#
316	0.977567	12	47	19	29	#
317	0.196111	23	137	#
318	0.196111	11	10	137	#
319	0.70451	55	23	138	#
320	0.70451	55	10	11	138	#
321	0.70451	28	6	51	138	#
322	0.70451	28	6	7	23	138	#
323	0.70451	28	6	7	10	11	138	#
324	0.640497	20	21	139	#
325	0.640497	20	52	16	139	#
326	0.603878	3	2	6	#
327	0.0979405	0	#
328	0.885369	31	14	140	#
329	0.885369	28	2	15	14	140	#
330	0.423365	29	19	#
331	0.0143164	25	#
332	0.901175	51	54	141	#
333	0.901175	23	7	54	141	#
334	0.901175	11	10	7	54	141	#
335	0.901175	23	55	9	141	#
336	0.901175	61	8	141	#
337	0.0526809	10	#
338	0.976739	61	5	142	#
339	0.976739	27	55	23	5	142	#
340	0.976739	61	30	4	142	#
341	0.976739	27	55	23	30	4	142	#
342	0.976739	27	55	10	11	5	142	#
343	0.934065	10	37	143	#
344	0.934065	7	6	2	17	143	#
345	0.934065	7	6	2	3	16	143	#
346	0.934065	23	11	37	143	#
347	1.18782	50	1	25	144	#
348	1.18782	50	0	13	144	#
349	1.18782	50	0	26	25	144	#
350	1.18782	3	2	6	7	43	144	#
351	1.18782	16	37	10	43	144	#
352	0.616619	57	11	145	#
353	0.616619	0	56	19	145	#
354	0.616619	57	23	10	145	#
355	0.895128	7	43	25	#
356	0.733667	14	60	146	#
357	0.733667	59	56	146	#
358	0.733667	14	29	56	146	#
359	0.982246	30	11	37	147	#
360	0.982246	4	5	11	37	147	#
361	0.982246	30	23	10	37	147	#
362	0.982246	4	5	23	10	37	147	#
363	0.39269	6	2	#
364	1.00426	37	11	5	148	#
365	1.00426	37	11	30	4	148	#
366	1.00426	37	10	23	5	148	#
367	1.00426	37	10	23	30	4	148	#
368	1.00426	37	19	18	5	148	#
369	0.598342	5	63	149	#
370	0.598342	5	18	59	149	#
371	0.598342	5	18	29	14	149	#
372	0.598342	4	30	63	149	#
373	0.598342	4	41	59	149	#
374	0.874502	49	#
375	0.71138	37	10	#
376	0.905098	62	150	#
377	0.905098	33	12	150	#
378	0.905098	3	46	24	150	#
379	1.03397	48	25	151	#
380	1.03397	55	43	25	151	#
381	1.03397	28	6	7	43	25	151	#
382	0.101222	14	#
383	0.73014	43	7	#
384	0.299632	41	152	#
385	0.299632	18	30	152	#
386	0.299632	18	5	4	152	#
387	1.18782	25	1	50	153	#
388	1.18782	13	0	50	153	#
389	1.18782	25	26	0	50	153	#
390	1.18782	43	7	6	2	3	153	#
391	1.18782	43	10	37	16	153	#
392	0.251387	2	#
393	0.818991	56	19	10	7	154	#
394	0.818991	56	18	51	154	#
395	0.818991	56	18	23	7	154	#
396	0.818991	13	43	7	154	#
397	0.818991	26	25	43	7	154	#
398	0.484305	6	51	155	#
399	0.484305	6	7	23	155	#
400	0.718878	55	10	19	156	#
401	0.718878	55	23	18	156	#
402	0.696407	36	#
403	0.461135	21	#
404	0.56991	63	5	157	#
405	0.56991	59	18	5	157	#
406	1.17568	44	158	#
407	1.17568	25	40	158	#
408	1.17568	25	43	7	54	158	#
409	0.528544	63	159	#
410	0.528544	59	18	159	#
411	0.528544	14	29	18	159	#
412	0.212633	19	#
413	1.24013	20	42	160	#
414	1.24013	49	10	47	160	#
415	1.24013	52	62	160	#
416	1.24013	21	16	62	160	#
417	0.903094	49	20	161	#
418	0.903094	10	19	59	22	161	#
419	0.903094	10	19	29	14	22	161	#
420	0.903094	23	63	22	161	#
421	0.903094	23	18	59	22	161	#
422	0.70451	55	23	162	#
423	0.70451	55	10	11	162	#
424	0.70451	28	6	51	162	#
425	0.70451	28	6	7	23	162	#
426	0.70451	28	6	7	10	11	162	#
427	0.684894	60	14	163	#
428	0.684894	56	59	163	#
429	0.598342	63	5	164	#
430	0.598342	59	18	5	164	#
431	0.598342	14	29	18	5	164	#
432	0.598342	63	30	4	164	#
433	0.598342	59	41	4	164	#
434	0.39137	15	#
435	0.475357	2	3	#
436	1.08739	20	52	39	165	#
437	1.08739	20	21	16	39	165	#
438	1.08739	22	15	32	165	#
439	0.695094	23	57	166	#
440	0.695094	10	11	57	166	#
441	0.695094	10	19	56	0	166	#
442	0.695094	23	18	56	0	166	#
443	0.695094	43	25	1	166	#
444	0.214452	26	167	#
445	0.214452	13	25	167	#
446	0.15278	20	#
447	0.311098	5	11	168	#
448	0.311098	4	30	11	168	#
449	0.400238	51	169	#
450	0.400238	7	23	169	#
451	0.400238	7	10	11	169	#
452	0.09964	0	#
453	0.903094	20	49	170	#
454	0.903094	22	59	19	10	170	#
455	0.903094	22	14	29	19	10	170	#
456	0.903094	22	63	23	170	#
457	0.903094	22	59	18	23	170	#
458	0.625145	57	23	171	#
459	0.625145	57	11	10	171	#
460	0.972366	57	51	6	172	#
461	0.972366	57	23	7	6	172	#
462	0.972366	57	11	10	7	6	172	#
463	0.972366	0	56	19	10	7	6	172	#
464	0.104396	14	#
465	0.891549	33	173	#
466	0.891549	62	12	173	#
467	1.19377	44	174	#
468	1.19377	25	40	174	#
469	1.19377	25	43	7	54	174	#
470	1.19377	25	48	9	174	#
471	1.19377	25	43	55	9	174	#
472	0.526358	57	#
473	0.586306	11	47	175	#
474	0.586306	23	10	47	175	#
475	0.443983	18	29	#
476	0.72097	28	2	17	176	#
477	0.72097	27	39	16	176	#
478	0.72097	28	2	3	16	176	#
479	0.695633	32	15	#
480	0.167598	20	#
481	0.323947	18	5	177	#
482	0.323947	41	4	177	#
483	0.323947	18	30	4	177	#
484	0.985515	13	36	178	#
485	0.985515	25	26	36	178	#
486	0.994299	33	179	#
487	0.994299	12	62	179	#
488	0.994299	53	27	39	179	#
489	0.994299	53	28	2	3	179	#
490	0.994299	12	24	46	3	179	#
491	0.580949	63	30	180	#
492	0.580949	59	41	180	#
493	0.580949	59	18	30	180	#
494	0.580949	14	29	41	180	#
495	0.580949	14	29	18	30	180	#
496	0.967778	2	6	7	43	181	#
497	0.967778	15	14	60	13	181	#
498	0.667543	11	47	12	#
499	0.300477	12	24	#
500	0.963731	2	3	52	182	#
501	0.963731	2	17	21	182	#
502	0.963731	2	3	16	21	182	#
503	0.963731	2	15	22	20	182	#
504	1.01447	30	51	54	183	#
505	1.01447	30	23	7	54	183	#
506	1.01447	4	5	51	54	183	#
507	1.01447	4	5	23	7	54	183	#
508	1.01447	30	11	10	7	54	183	#
509	0.766752	19	37	#
510	0.662704	14	60	#
511	1.0537	62	184	#
512	1.0537	33	12	184	#
513	1.0537	3	46	24	184	#
514	1.0537	39	38	184	#
515	1.0537	16	17	46	24	184	#
516	0.62249	43	#
517	0.491076	63	185	#
518	0.491076	18	59	185	#
519	0.491076	18	29	14	185	#
520	1.10594	50	#
521	1.04828	6	2	15	22	186	#
522	1.04828	6	2	3	52	20	186	#
523	1.04828	7	49	20	186	#
524	1.04828	6	2	17	21	20	186	#
525	1.04828	7	10	19	59	22	186	#
526	0.367321	6	2	#
527	0.176614	26	#
528	0.431555	14	15	#
529	1.28535	52	33	187	#
530	1.28535	21	16	33	187	#
531	1.28535	20	42	12	187	#
532	1.28535	49	10	47	12	187	#
533	1.28535	52	62	12	187	#
534	0.279971	10	7	#
535	0.858121	59	22	188	#
536	0.858121	29	14	22	188	#
537	0.858121	18	63	22	188	#
538	0.12355	0	#
539	1.18073	40	189	#
540	1.18073	25	44	189	#
541	1.18073	43	7	54	189	#
542	1.18073	48	9	189	#
543	1.18073	43	55	9	189	#
544	0.790128	2	6	51	5	190	#
545	0.790128	2	6	7	23	5	190	#
546	0.790128	2	6	51	30	4	190	#
547	0.790128	2	6	7	23	30	4	190	#
548	0.790128	2	6	7	10	11	5	190	#
549	1.07131	52	39	191	#
550	1.07131	21	16	39	191	#
551	1.07131	52	3	32	191	#
552	1.07131	21	17	32	191	#
553	1.07131	21	16	3	32	191	#
554	0.601795	2	15	14	#
555	0.680584	11	57	192	#
556	0.680584	19	56	0	192	#
557	0.680584	10	23	57	192	#
558	0.680584	19	18	57	192	#
559	0.680584	11	18	56	0	192	#
560	0.604741	63	193	#
561	0.604741	59	18	193	#
562	0.604741	14	29	18	193	#
563	1.0458	53	31	194	#
564	1.0458	12	47	19	59	194	#
565	1.0458	12	47	19	29	14	194	#
566	1.0458	53	28	2	15	194	#
567	1.03283	20	22	63	5	195	#
568	1.03283	49	23	5	195	#
569	1.03283	20	22	59	18	5	195	#
570	1.03283	20	22	14	29	18	5	195	#
571	1.03283	20	22	63	30	4	195	#
572	0.184806	2	#
573	0.907426	20	22	63	196	#
574	0.907426	49	23	196	#
575	0.907426	20	22	59	18	196	#
576	0.907426	20	22	14	29	18	196	#
577	0.907426	49	10	11	196	#
578	1.1518	25	48	27	197	#
579	1.1518	25	43	55	27	197	#
580	1.2048	27	48	198	#
581	1.2048	27	55	43	198	#
582	1.2048	27	28	6	7	43	198	#
583	1.2048	8	40	198	#
584	1.2048	8	44	25	198	#
585	0.0947202	14	#
586	1.25042	42	20	199	#
587	1.25042	47	10	49	199	#
588	1.25042	62	52	199	#
589	1.25042	62	16	21	199	#
590	1.25042	12	33	52	199	#
591	0.177438	2	#
592	1.26593	34	200	#
593	1.26593	61	57	200	#
594	1.26593	27	55	23	57	200	#
595	1.26593	39	50	200	#
596	1.26593	27	55	10	11	57	200	#
597	0.265546	19	10	201	#
598	0.265546	18	23	201	#
599	0.916454	11	37	202	#
600	0.916454	23	10	37	202	#
601	0.916454	18	19	37	202	#
602	0.916454	51	6	2	17	202	#
603	0.916454	23	7	6	2	17	202	#
604	0.508644	51	5	203	#
605	0.508644	7	23	5	203	#
606	0.508644	51	30	4	203	#
607	0.508644	7	23	30	4	203	#
608	0.508644	7	10	11	5	203	#
609	0.145854	11	#
610	0.1373	18	#
611	0.103708	14	#
612	0.174138	30	204	#
613	0.174138	5	4	204	#
614	1.25042	20	42	205	#
615	1.25042	49	10	47	205	#
616	1.25042	52	62	205	#
617	1.25042	21	16	62	205	#
618	1.25042	52	33	12	205	#
619	0.631462	20	52	206	#
620	0.631462	20	21	16	206	#
621	0.463011	52	207	#
622	0.463011	16	21	207	#
623	0.111774	12	#
624	0.423843	2	28	#
625	0.717472	14	60	26	208	#
626	0.717472	14	60	13	25	208	#
627	0.914352	22	59	209	#
628	0.914352	22	14	29	209	#
629	0.914352	22	63	18	209	#
630	0.98334	32	15	14	210	#
631	0.98334	27	31	14	210	#
632	0.98334	27	28	2	15	14	210	#
633	0.648615	54	211	#
634	0.648615	6	28	9	211	#
635	0.648615	6	28	27	8	211	#
636	0.132531	8	#
637	0.619526	14	60	#
638	1.0082	5	51	6	2	3	212	#
639	1.0082	5	23	7	6	2	3	212	#
640	1.0082	5	11	37	16	212	#
641	1.0082	4	30	51	6	2	3	212	#
642	1.0082	4	30	23	7	6	2	3	212	#
643	1.00253	30	11	37	213	#
644	1.00253	4	5	11	37	213	#
645	1.00253	30	23	10	37	213	#
646	1.00253	4	5	23	10	37	213	#
647	1.00253	41	19	37	213	#
648	0.229946	13	214	#
649	0.229946	26	25	214	#
650	0.152987	30	#
651	0.895106	35	#
652	0.720967	15	22	#
653	0.885264	47	19	59	#
654	0.679944	9	53	215	#
655	0.679944	8	27	53	215	#
656	0.807171	63	22	216	#
657	0.807171	18	59	22	216	#
658	0.807171	18	29	14	22	216	#
659	0.976739	5	61	217	#
660	0.976739	5	23	55	27	217	#
661	0.976739	4	30	61	217	#
662	0.976739	4	30	23	55	27	217	#
663	0.976739	5	11	10	55	27	217	#
664	0.668177	60	13	218	#
665	0.668177	60	26	25	218	#
666	1.01447	30	51	54	219	#
667	1.01447	30	23	7	54	219	#
668	1.01447	4	5	51	54	219	#
669	1.01447	4	5	23	7	54	219	#
670	1.01447	30	11	10	7	54	219	#
671	1.03006	48	25	220	#
672	1.03006	55	43	25	220	#
673	1.03006	28	6	7	43	25	220	#
674	1.2048	48	27	221	#
675	1.2048	43	55	27	221	#
676	1.2048	43	7	6	28	27	221	#
677	1.2048	40	8	221	#
678	1.2048	25	44	8	221	#
679	0.421399	27	28	#
680	0.886248	19	37	222	#
681	0.886248	18	11	37	222	#
682	0.929646	22	63	5	223	#
683	0.929646	22	59	18	5	223	#
684	0.929646	22	14	29	18	5	223	#
685	0.929646	22	63	30	4	223	#
686	0.929646	22	59	41	4	223	#
687	1.04828	22	15	2	6	224	#
688	1.04828	20	52	3	2	6	224	#
689	1.04828	20	49	7	224	#
690	1.04828	20	21	17	2	6	224	#
691	1.04828	22	59	19	10	7	224	#
692	0.646159	12	47	#
693	0.954033	3	46	225	#
694	0.954033	62	24	225	#
695	0.954033	16	17	46	225	#
696	0.954033	33	12	24	225	#
697	0.316038	41	226	#
698	0.316038	18	30	226	#
699	0.316038	18	5	4	226	#
700	0.69291	31	14	#
701	0.830778	24	46	#
702	1.17429	44	227	#
703	1.17429	25	40	227	#
704	1.17429	25	43	7	54	227	#
705	0.350942	9	228	#
706	0.350942	8	27	228	#
707	0.755324	13	60	14	229	#
708	0.755324	25	26	60	14	229	#
709	0.389304	6	2	#
710	0.924953	25	43	7	6	#
711	1.07937	56	19	10	55	230	#
712	1.07937	56	18	23	55	230	#
713	1.07937	56	19	10	7	6	28	230	#
714	1.07937	13	48	230	#
715	1.07937	13	43	55	230	#
716	0.644333	5	18	29	231	#
717	0.644333	4	41	29	231	#
718	0.644333	4	30	18	29	231	#
719	0.644333	5	63	14	231	#
720	0.644333	5	18	59	14	231	#
721	1.10802	58	13	232	#
722	1.10802	58	26	25	232	#
723	1.10802	20	36	13	232	#
724	1.10802	20	36	26	25	232	#
725	1.10802	58	0	1	25	232	#
726	0.457406	51	233	#
727	0.457406	23	7	233	#
728	0.457406	11	10	7	233	#
729	0.73821	12	47	11	234	#
730	0.73821	12	47	10	23	234	#
731	0.53347	2	15	#
732	0.816742	46	24	#
733	0.605468	60	#
734	1.0308	30	63	22	20	235	#
735	1.0308	30	23	49	235	#
736	1.0308	41	59	22	20	235	#
737	1.0308	30	18	59	22	20	235	#
738	1.0308	41	29	14	22	20	235	#
739	0.591681	20	21	#
740	0.732365	55	27	236	#
741	0.732365	7	6	28	27	236	#
742	1.15636	12	47	19	56	237	#
743	1.15636	12	24	35	0	237	#
744	1.15636	12	47	11	18	56	237	#
745	1.15636	12	47	10	23	18	56	237	#
746	1.15636	12	47	10	43	13	237	#
747	1.10819	57	23	55	238	#
748	1.10819	57	11	10	55	238	#
749	1.10819	57	51	6	28	238	#
750	1.10819	57	23	7	6	28	238	#
751	1.10819	0	56	19	10	55	238	#
752	1.07658	24	35	239	#
753	1.07658	47	11	57	239	#
754	1.07658	47	19	56	0	239	#
755	1.07658	47	10	23	57	239	#
756	1.07658	47	19	18	57	239	#
757	0.477702	63	240	#
758	0.477702	18	59	240	#
759	0.477702	18	29	14	240	#
760	0.698639	16	39	#
761	0.855526	15	32	8	#
762	0.792259	7	10	19	56	241	#
763	0.792259	51	18	56	241	#
764	0.792259	7	23	18	56	241	#
765	0.632674	46	#
766	1.04828	22	15	2	6	242	#
767	1.04828	20	52	3	2	6	242	#
768	1.04828	20	49	7	242	#
769	1.04828	20	21	17	2	6	242	#
770	1.04828	22	59	19	10	7	242	#
771	0.587175	5	18	29	243	#
772	0.587175	4	41	29	243	#
773	0.587175	4	30	18	29	243	#
774	1.27579	54	7	10	19	56	244	#
775	1.27579	44	26	244	#
776	1.27579	40	13	244	#
777	1.27579	44	25	13	244	#
778	1.27579	40	25	26	244	#
779	0.365845	6	7	10	#
780	0.486525	56	0	#
781	1.04244	27	39	52	245	#
782	1.04244	28	2	3	52	245	#
783	1.04244	28	2	17	21	245	#
784	1.04244	31	22	20	245	#
785	1.04244	27	39	16	21	245	#
786	1.00253	37	11	30	246	#
787	1.00253	37	11	5	4	246	#
788	1.00253	37	10	23	30	246	#
789	1.00253	37	10	23	5	4	246	#
790	1.00253	37	19	41	246	#
791	0.888293	7	43	25	#
792	0.941541	27	55	10	19	247	#
793	0.941541	61	18	247	#
794	0.941541	27	55	23	18	247	#
795	0.941541	27	28	6	7	10	19	247	#
796	0.941541	27	55	10	11	18	247	#
797	1.10819	55	23	57	248	#
798	1.10819	55	10	11	57	248	#
799	1.10819	28	6	51	57	248	#
800	1.10819	28	6	7	23	57	248	#
801	1.10819	55	10	19	56	0	248	#
802	1.2563	0	34	249	#
803	1.2563	60	14	15	32	249	#
804	1.2563	56	19	10	55	27	249	#
805	1.2563	56	18	61	249	#
806	1.2563	56	18	23	55	27	249	#
807	0.848932	22	63	250	#
808	0.848932	22	59	18	250	#
809	0.848932	22	14	29	18	250	#
810	0.986856	6	7	43	25	#
811	0.942152	24	35	#
812	1.04733	12	47	10	43	25	#
813	0.912253	22	63	30	251	#
814	0.912253	22	59	41	251	#
815	0.912253	22	59	18	30	251	#
816	0.912253	22	14	29	41	251	#
817	0.912253	22	14	29	18	30	251	#
818	0.243102	7	#
819	0.306619	7	10	#
820	1.1801	20	42	252	#
821	1.1801	49	10	47	252	#
822	1.1801	52	62	252	#
823	0.715571	17	2	28	253	#
824	0.715571	16	39	27	253	#
825	0.715571	16	3	2	28	253	#
826	0.759551	12	47	19	254	#
827	0.759551	12	47	11	18	254	#
828	0.968142	33	16	255	#
829	0.968142	12	62	16	255	#
830	0.921947	19	37	256	#
831	0.921947	18	11	37	256	#
832	0.921947	18	23	10	37	256	#
833	0.921947	59	15	17	256	#
834	0.921947	29	14	15	17	256	#
835	0.617616	60	#
836	0.65221	14	15	2	6	#
837	0.317153	28	#
838	1.2059	34	0	257	#
839	1.2059	32	15	14	60	257	#
840	1.14782	43	10	47	12	#
841	0.47223	63	258	#
842	0.47223	59	18	258	#
843	0.47223	14	29	18	258	#
844	0.207786	2	#
845	0.527697	53	#
846	1.07131	52	39	259	#
847	1.07131	21	16	39	259	#
848	1.07131	52	3	32	259	#
849	1.07131	21	17	32	259	#
850	1.07131	21	16	3	32	259	#
851	0.991532	5	51	54	260	#
852	0.991532	5	23	7	54	260	#
853	1.01453	16	62	261	#
854	1.01453	16	33	12	261	#
855	1.01453	17	46	24	261	#
856	1.01453	16	3	46	24	261	#
857	1.01453	37	47	261	#
858	0.359301	22	#
859	0.852722	49	20	#
860	0.308036	10	7	#
861	1.18073	40	262	#
862	1.18073	25	44	262	#
863	1.18073	43	7	54	262	#
864	1.18073	48	9	262	#
865	1.18073	43	55	9	262	#
866	0.598342	5	63	263	#
867	0.598342	5	18	59	263	#
868	0.598342	5	18	29	14	263	#
869	0.598342	4	30	63	263	#
870	0.598342	4	41	59	263	#
871	0.879193	14	31	264	#
872	0.879193	14	15	2	28	264	#
873	1.12473	0	50	265	#
874	1.12473	60	14	15	3	265	#
875	0.468061	59	266	#
876	0.468061	29	14	266	#
877	0.18993	11	267	#
878	0.18993	10	23	267	#
879	0.299912	24	12	#
880	0.490569	60	#
881	0.518708	29	18	268	#
882	0.518708	14	63	268	#
883	0.518708	14	59	18	268	#
884	1.19377	44	269	#
885	1.19377	40	25	269	#
886	1.19377	54	7	43	25	269	#
887	1.19377	9	48	25	269	#
888	1.19377	9	55	43	25	269	#
889	0.803318	30	23	55	270	#
890	0.803318	4	5	23	55	270	#
891	0.803318	30	11	10	55	270	#
892	0.803318	30	51	6	28	270	#
893	0.803318	30	23	7	6	28	270	#
894	1.03283	5	63	22	20	271	#
895	1.03283	5	23	49	271	#
896	1.03283	5	18	59	22	20	271	#
897	1.03283	5	18	29	14	22	20	271	#
898	1.03283	4	30	63	22	20	271	#
899	0.798797	53	28	2	272	#
900	0.798797	12	24	46	272	#
901	0.77488	11	47	12	273	#
902	0.77488	23	10	47	12	273	#
903	0.77488	18	19	47	12	273	#
904	0.87006	51	6	2	3	274	#
905	0.87006	23	7	6	2	3	274	#
906	0.87006	11	37	16	274	#
907	0.226973	7	#
908	0.756084	63	22	#
909	0.805039	5	23	55	275	#
910	0.805039	4	30	23	55	275	#
911	0.805039	5	11	10	55	275	#
912	0.805039	5	51	6	28	275	#
913	0.805039	5	23	7	6	28	275	#
914	0.279195	29	#
915	0.833722	7	54	276	#
916	0.833722	55	9	276	#
917	0.833722	55	27	8	276	#
918	0.833722	7	6	28	9	276	#
919	0.948451	16	50	#
920	0.861204	63	22	277	#
921	0.861204	18	59	22	277	#
922	0.861204	18	29	14	22	277	#
923	0.573885	2	15	14	#
924	0.599146	31	#
925	0.642602	29	41	278	#
926	0.642602	29	18	30	278	#
927	0.642602	29	18	5	4	278	#
928	0.642602	14	63	30	278	#
929	0.642602	14	59	41	278	#
930	0.951749	49	#
931	0.371962	9	279	#
932	0.371962	8	27	279	#
933	0.793856	56	19	10	7	280	#
934	0.793856	56	18	51	280	#
935	0.793856	56	18	23	7	280	#
936	0.292105	1	281	#
937	0.292105	26	0	281	#
938	0.292105	25	13	0	281	#
939	0.796418	62	#
940	0.959716	35	#
941	0.996543	16	50	#
942	0.0960997	0	#
943	1.04845	16	50	#
944	0.321605	5	11	282	#
945	0.321605	4	30	11	282	#
946	0.321605	5	23	10	282	#
947	0.42447	17	283	#
948	0.42447	16	3	283	#
949	1.05919	52	39	8	284	#
950	1.05919	21	16	39	8	284	#
951	0.570365	47	#
952	0.379133	6	7	10	#
953	0.788938	46	24	#
954	0.865692	38	285	#
955	0.865692	12	53	27	285	#
956	0.865692	12	53	9	8	285	#
957	0.754218	54	7	10	#
958	1.13285	25	43	10	37	#
959	0.295434	18	5	286	#
960	0.295434	41	4	286	#
961	0.295434	18	30	4	286	#
962	0.569723	20	52	287	#
963	0.569723	20	21	16	287	#
964	0.876917	10	7	54	288	#
965	0.876917	10	55	9	288	#
966	0.876917	10	55	27	8	288	#
967	0.876917	10	7	6	28	9	288	#
968	0.876917	10	7	6	28	27	8	288	#
969	0.743643	43	7	#
970	0.126188	18	#
971	0.44467	15	14	#
972	0.976739	61	5	289	#
973	0.976739	27	55	23	5	289	#
974	0.976739	61	30	4	289	#
975	0.976739	27	55	23	30	4	289	#
976	0.976739	27	55	10	11	5	289	#
977	1.03539	58	290	#
978	1.03539	20	36	290	#
979	1.03539	20	22	14	60	290	#
980	0.182201	30	291	#
981	0.182201	5	4	291	#
982	0.670208	7	43	25	#
983	0.542508	12	53	#
984	0.554736	29	41	292	#
985	0.554736	29	18	30	292	#
986	0.554736	29	18	5	4	292	#
987	0.533669	10	43	#
988	0.923094	2	3	52	293	#
989	0.923094	2	17	21	293	#
990	0.923094	2	3	16	21	293	#
991	0.923094	2	15	22	20	293	#
992	0.714818	12	47	11	294	#
993	0.714818	12	47	10	23	294	#
994	0.0479952	10	#
995	0.43781	39	#
996	0.698918	55	27	#
997	0.859501	61	295	#
998	0.859501	27	55	23	295	#
999	0.859501	27	55	10	11	295	#
1000	0.859501	27	28	6	51	295	#
1001	0.859501	27	28	6	7	23	295	#
