%% File generated by CATS v.2.1Wed Jun 22 10:37:36 2022

%% The CATS webpage is http://robotics.stanford.edu/CATS

%% PARAMETER SETTINGS:
% Goods: 64; Bids: 1000; Distribution: paths; Runs: 1; Seed: 1656572748
% Paths Distribution Parameters:
% Initial connections:       = 2
% Edge density:              = 3.000000
% Shipping cost factor:      = 1.500000
% Max bid set size:          = 5
% Building penalty:          = 1.700000



goods 64
bids 1004
dummy 507

0	1.05916	0	2	11	54	#
1	1.08527	16	62	63	64	#
2	1.08527	16	21	39	63	64	#
3	1.08527	17	26	62	63	64	#
4	1.08527	17	21	26	39	63	64	#
5	1.08527	5	6	11	32	64	#
6	0.695636	27	65	#
7	0.695636	7	22	23	65	#
8	0.695636	7	22	24	25	65	#
9	0.810449	51	66	#
10	0.810449	4	24	27	66	#
11	0.810449	22	25	57	66	#
12	0.810449	4	7	22	25	66	#
13	1.22921	21	34	67	#
14	1.22921	7	53	67	#
15	1.22921	4	21	33	67	#
16	1.22921	4	53	57	67	#
17	1.22921	3	4	21	60	67	#
18	0.267596	2	#
19	0.906024	3	4	27	68	#
20	0.906024	3	24	51	68	#
21	0.906024	3	22	23	57	68	#
22	0.906024	3	4	7	22	23	68	#
23	0.906024	3	22	24	25	57	68	#
24	0.870376	5	6	11	18	#
25	0.644454	63	#
26	0.553514	35	69	#
27	0.553514	13	21	28	69	#
28	0.553514	12	62	69	#
29	0.553514	12	21	39	69	#
30	0.553514	11	13	62	69	#
31	1.16553	29	57	70	#
32	1.16553	4	7	29	70	#
33	1.16553	4	13	27	52	70	#
34	1.16553	37	42	70	#
35	1.16553	3	13	59	70	#
36	1.09212	21	60	71	#
37	1.09212	3	21	33	71	#
38	0.549877	42	#
39	1.05297	36	58	72	#
40	1.05297	16	47	72	#
41	1.05297	24	36	55	72	#
42	1.05297	17	26	47	72	#
43	1.05297	16	24	43	72	#
44	0.761018	23	52	73	#
45	0.761018	24	25	52	73	#
46	0.152831	19	#
47	0.758333	32	74	#
48	0.758333	18	36	74	#
49	0.767017	29	#
50	1.07634	14	62	63	75	#
51	1.07634	14	21	39	63	75	#
52	1.07634	11	49	54	75	#
53	1.07634	15	26	62	63	75	#
54	1.07634	15	21	26	39	63	75	#
55	1.07938	21	33	76	#
56	1.07938	4	21	34	76	#
57	1.07938	53	57	76	#
58	1.07938	4	7	53	76	#
59	1.07938	3	21	60	76	#
60	0.959842	30	41	77	#
61	0.959842	1	30	49	77	#
62	0.959842	0	38	49	77	#
63	0.959842	19	20	22	41	77	#
64	0.959842	0	10	30	49	77	#
65	1.06381	22	50	#
66	0.699489	44	78	#
67	0.699489	26	56	78	#
68	0.699489	16	17	56	78	#
69	0.699489	16	19	36	78	#
70	0.699489	14	19	41	78	#
71	0.703944	14	63	79	#
72	0.703944	15	26	63	79	#
73	1.11724	5	6	13	32	80	#
74	1.11724	16	35	63	80	#
75	1.11724	13	16	21	28	63	80	#
76	1.11724	12	16	62	63	80	#
77	1.11724	12	16	21	39	63	80	#
78	0.728796	21	26	63	81	#
79	0.728796	16	17	21	63	81	#
80	0.0285254	21	#
81	0.292599	7	#
82	0.949623	3	40	#
83	0.729123	13	29	#
84	1.11739	7	46	82	#
85	1.11739	7	12	29	82	#
86	1.11739	7	11	13	29	82	#
87	1.11739	11	27	52	82	#
88	0.561878	0	49	#
89	0.333524	2	11	#
90	0.924611	20	21	53	#
91	0.826566	5	6	18	19	#
92	0.95956	8	51	83	#
93	0.95956	4	8	24	27	83	#
94	0.95956	3	9	51	83	#
95	0.0826989	0	#
96	0.248964	9	#
97	0.427951	0	49	#
98	0.373035	6	13	#
99	0.401905	2	11	#
100	0.0803865	24	#
101	0.999651	62	63	84	#
102	0.999651	21	39	63	84	#
103	0.857999	20	56	85	#
104	0.857999	20	26	44	85	#
105	0.857999	17	48	85	#
106	0.857999	16	26	48	85	#
107	0.857999	17	19	20	36	85	#
108	0.824727	0	54	86	#
109	0.824727	13	37	86	#
110	0.824727	5	6	10	18	86	#
111	0.824727	0	13	31	86	#
112	0.141651	10	#
113	0.0790227	13	#
114	0.567348	10	58	#
115	1.12003	22	53	87	#
116	1.12003	23	28	52	87	#
117	1.12003	39	45	87	#
118	1.12003	11	23	39	52	87	#
119	1.12003	21	45	62	87	#
120	0.101075	11	#
121	0.653727	10	55	88	#
122	0.653727	10	24	58	88	#
123	0.489889	5	18	#
124	0.465811	5	18	#
125	1.22243	8	29	57	89	#
126	1.22243	4	7	8	29	89	#
127	0.998568	5	16	32	90	#
128	0.998568	5	17	26	32	90	#
129	0.998568	14	61	90	#
130	0.693135	41	91	#
131	0.693135	49	1	91	#
132	0.693135	49	0	10	91	#
133	0.693135	14	16	36	91	#
134	0.693135	15	17	36	91	#
135	0.957112	36	30	92	#
136	0.957112	48	22	92	#
137	0.957112	17	56	20	22	92	#
138	0.957112	36	19	20	22	92	#
139	0.957112	16	44	20	22	92	#
140	0.779147	29	13	93	#
141	0.779147	46	11	93	#
142	0.747238	63	#
143	0.925534	46	94	#
144	0.925534	12	29	94	#
145	0.925534	11	13	29	94	#
146	0.925534	45	22	94	#
147	1.04213	16	14	49	0	42	#
148	0.574134	41	95	#
149	0.574134	49	1	95	#
150	0.574134	49	0	10	95	#
151	0.112187	17	96	#
152	0.112187	16	26	96	#
153	0.323557	3	4	#
154	0.853043	46	97	#
155	0.853043	12	29	97	#
156	0.853043	11	13	29	97	#
157	0.453166	39	98	#
158	0.453166	62	21	98	#
159	0.735278	21	63	16	99	#
160	0.735278	21	63	26	17	99	#
161	1.12813	29	57	100	#
162	1.12813	29	7	4	100	#
163	0.208035	1	101	#
164	0.208035	10	0	101	#
165	1.03907	56	20	22	102	#
166	1.03907	26	44	20	22	102	#
167	1.03907	17	36	30	102	#
168	1.03907	17	48	22	102	#
169	1.03907	26	16	36	30	102	#
170	1.12003	22	53	103	#
171	1.12003	23	52	28	103	#
172	1.12003	45	39	103	#
173	1.12003	23	52	11	39	103	#
174	1.12003	45	62	21	103	#
175	0.0571808	24	#
176	0.63395	1	30	104	#
177	0.63395	0	38	104	#
178	0.63395	0	10	30	104	#
179	0.63395	1	19	20	22	104	#
180	0.63395	0	10	19	20	22	104	#
181	0.392257	12	2	#
182	1.1298	57	29	105	#
183	1.1298	4	7	29	105	#
184	0.412059	1	18	#
185	1.04503	33	21	106	#
186	1.04503	4	34	21	106	#
187	0.185168	16	14	#
188	1.21405	59	11	107	#
189	1.21405	40	6	11	107	#
190	1.21405	3	57	46	107	#
191	1.21405	3	4	7	46	107	#
192	0.85759	13	6	5	18	108	#
193	0.85759	37	10	108	#
194	0.85759	31	1	108	#
195	0.85759	31	0	10	108	#
196	1.11724	32	5	6	13	109	#
197	1.11724	16	63	35	109	#
198	1.11724	16	63	21	28	13	109	#
199	1.11724	16	63	62	12	109	#
200	1.11724	16	63	21	39	12	109	#
201	0.499969	10	19	20	110	#
202	0.499969	0	1	19	20	110	#
203	0.77687	50	#
204	0.999702	2	46	#
205	0.524462	57	3	111	#
206	0.524462	7	4	3	111	#
207	0.74973	11	52	112	#
208	0.74973	12	13	52	112	#
209	0.696802	24	52	11	#
210	0.874357	13	52	23	113	#
211	0.874357	13	52	24	25	113	#
212	0.874357	29	22	113	#
213	0.874357	12	45	113	#
214	0.957112	36	30	114	#
215	0.957112	48	22	114	#
216	0.957112	17	56	20	22	114	#
217	0.957112	36	19	20	22	114	#
218	0.957112	16	44	20	22	114	#
219	0.713519	27	24	115	#
220	0.713519	7	22	25	115	#
221	0.713519	7	22	23	24	115	#
222	0.142248	14	#
223	0.841101	23	52	116	#
224	0.841101	25	24	52	116	#
225	0.841101	45	11	116	#
226	1.06579	28	21	63	117	#
227	1.06579	11	62	63	117	#
228	1.06579	11	39	21	63	117	#
229	1.06579	6	5	32	16	117	#
230	1.06579	54	49	14	117	#
231	0.370204	18	10	#
232	0.959842	30	41	118	#
233	0.959842	30	1	49	118	#
234	0.959842	38	0	49	118	#
235	0.959842	22	20	19	41	118	#
236	0.959842	30	10	0	49	118	#
237	0.129067	15	#
238	1.10785	54	49	119	#
239	1.10785	6	61	119	#
240	1.10785	28	21	63	14	119	#
241	1.10785	11	62	63	14	119	#
242	1.10785	11	39	21	63	14	119	#
243	0.957112	30	36	120	#
244	0.957112	22	48	120	#
245	0.957112	22	20	56	17	120	#
246	0.957112	22	20	19	36	120	#
247	0.957112	22	20	44	16	120	#
248	1.0878	43	121	#
249	1.0878	24	47	121	#
250	1.0878	55	36	16	121	#
251	1.0878	24	58	36	16	121	#
252	1.0878	55	41	14	121	#
253	0.957112	36	30	122	#
254	0.957112	48	22	122	#
255	0.957112	17	56	20	22	122	#
256	0.957112	36	19	20	22	122	#
257	0.957112	16	44	20	22	122	#
258	0.685425	27	4	#
259	0.969223	48	7	123	#
260	0.969223	17	56	20	7	123	#
261	0.969223	36	19	20	7	123	#
262	0.969223	16	44	20	7	123	#
263	0.969223	16	26	56	20	7	123	#
264	0.321657	2	#
265	0.520696	42	#
266	0.936171	46	20	124	#
267	0.936171	11	6	5	18	19	124	#
268	0.861524	51	3	125	#
269	0.861524	24	27	4	3	125	#
270	0.861524	25	22	57	3	125	#
271	0.861524	25	22	7	4	3	125	#
272	0.949947	20	46	126	#
273	0.949947	19	18	5	6	11	126	#
274	0.949947	20	29	12	126	#
275	0.498023	27	#
276	1.11788	7	46	127	#
277	1.11788	7	29	12	127	#
278	1.11788	7	29	13	11	127	#
279	1.11788	27	52	11	127	#
280	1.11788	7	22	45	127	#
281	0.654256	38	128	#
282	0.654256	10	30	128	#
283	0.654256	10	19	20	22	128	#
284	0.785209	1	58	129	#
285	0.785209	0	10	58	129	#
286	0.785209	1	55	24	129	#
287	0.785209	0	10	55	24	129	#
288	0.106364	17	130	#
289	0.106364	16	26	130	#
290	1.00093	44	20	22	131	#
291	1.00093	26	56	20	22	131	#
292	1.00093	16	36	30	131	#
293	1.00093	16	48	22	131	#
294	1.00093	16	17	56	20	22	131	#
295	1.03733	47	132	#
296	1.03733	16	36	58	132	#
297	1.03733	43	24	132	#
298	1.03733	14	41	58	132	#
299	0.580982	13	6	5	#
300	0.385937	1	19	133	#
301	0.385937	0	10	19	133	#
302	0.219875	4	#
303	0.286507	1	19	134	#
304	0.286507	0	10	19	134	#
305	1.07683	33	135	#
306	1.07683	4	34	135	#
307	1.07683	3	60	135	#
308	1.07683	57	53	21	135	#
309	1.07683	4	7	53	21	135	#
310	0.539606	12	2	136	#
311	0.539606	13	11	2	136	#
312	0.540846	27	#
313	0.0739811	24	#
314	1.10339	6	5	32	137	#
315	1.10339	28	21	63	16	137	#
316	1.10339	11	62	63	16	137	#
317	1.10339	11	39	21	63	16	137	#
318	1.05053	24	52	28	21	138	#
319	1.05053	24	52	11	62	138	#
320	1.05053	24	52	11	39	21	138	#
321	0.890582	13	52	23	139	#
322	0.890582	13	52	24	25	139	#
323	0.890582	29	22	139	#
324	0.890582	12	45	139	#
325	0.890582	13	11	45	139	#
326	1.22714	29	57	3	140	#
327	1.22714	29	7	4	3	140	#
328	1.22714	13	59	140	#
329	1.22714	13	6	40	140	#
330	1.22714	13	52	27	4	3	140	#
331	0.313295	2	#
332	0.0554996	16	#
333	0.823712	29	13	141	#
334	0.823712	46	11	141	#
335	0.696025	56	17	142	#
336	0.696025	19	36	142	#
337	0.696025	44	16	142	#
338	0.696025	56	26	16	142	#
339	0.696025	44	26	17	142	#
340	0.768883	10	55	143	#
341	0.768883	10	58	24	143	#
342	0.768883	0	1	55	143	#
343	0.768883	0	1	58	24	143	#
344	0.768883	38	25	143	#
345	0.574744	63	#
346	0.669616	46	#
347	0.553514	35	144	#
348	0.553514	21	28	13	144	#
349	0.553514	62	12	144	#
350	0.553514	21	39	12	144	#
351	0.553514	62	11	13	144	#
352	0.762502	0	42	3	#
353	0.117219	3	#
354	0.583115	56	#
355	0.734861	63	14	145	#
356	0.734861	63	26	15	145	#
357	0.399109	11	2	#
358	0.949168	40	3	#
359	1.45361	59	11	2	146	#
360	1.45361	40	6	11	2	146	#
361	1.45361	3	57	46	2	146	#
362	1.45361	3	4	7	46	2	146	#
363	1.45361	3	57	29	12	2	146	#
364	0.16253	1	#
365	0.650824	55	147	#
366	0.650824	58	24	147	#
367	0.587789	13	6	5	#
368	0.905249	40	#
369	0.550307	36	#
370	1.21754	11	59	148	#
371	1.21754	11	6	40	148	#
372	1.21754	46	57	3	148	#
373	1.21754	46	7	4	3	148	#
374	1.21754	12	29	57	3	148	#
375	0.81468	54	149	#
376	0.81468	13	31	149	#
377	0.81468	13	37	0	149	#
378	1.16553	29	57	150	#
379	1.16553	29	7	4	150	#
380	1.16553	13	52	27	4	150	#
381	1.16553	37	42	150	#
382	1.16553	13	59	3	150	#
383	0.979346	34	151	#
384	0.979346	7	53	21	151	#
385	0.207418	4	#
386	0.244686	22	#
387	0.632896	0	42	3	#
388	0.959842	30	41	152	#
389	0.959842	30	1	49	152	#
390	0.959842	38	0	49	152	#
391	0.959842	22	20	19	41	152	#
392	0.959842	30	10	0	49	152	#
393	0.833469	18	5	6	13	153	#
394	0.833469	10	37	153	#
395	0.537465	22	20	#
396	0.968281	33	#
397	1.16709	21	34	154	#
398	1.16709	53	7	154	#
399	1.16709	21	33	4	154	#
400	0.276195	19	10	#
401	0.122323	11	#
402	0.483371	12	2	155	#
403	0.483371	13	11	2	155	#
404	0.777646	54	156	#
405	0.777646	31	13	156	#
406	0.282955	1	19	157	#
407	0.282955	0	10	19	157	#
408	1.0424	41	58	158	#
409	1.0424	49	1	58	158	#
410	1.0424	49	0	10	58	158	#
411	1.0424	14	47	158	#
412	1.0424	41	55	24	158	#
413	1.0878	43	159	#
414	1.0878	47	24	159	#
415	1.0878	16	36	55	159	#
416	1.0878	16	36	58	24	159	#
417	1.0878	14	41	55	159	#
418	0.749996	26	63	160	#
419	0.749996	17	16	63	160	#
420	0.749996	15	14	63	160	#
421	0.857999	20	56	161	#
422	0.857999	20	44	26	161	#
423	0.857999	48	17	161	#
424	0.857999	48	16	26	161	#
425	0.857999	20	19	36	17	161	#
426	0.904603	56	20	7	#
427	1.11724	32	5	6	13	162	#
428	1.11724	16	63	35	162	#
429	1.11724	16	63	21	28	13	162	#
430	1.11724	16	63	62	12	162	#
431	1.11724	16	63	21	39	12	162	#
432	1.06579	28	21	63	163	#
433	1.06579	11	62	63	163	#
434	1.06579	11	39	21	63	163	#
435	1.06579	6	5	32	16	163	#
436	1.06579	54	49	14	163	#
437	0.560328	28	164	#
438	0.560328	11	39	164	#
439	0.560328	11	62	21	164	#
440	0.812913	20	19	41	165	#
441	0.812913	20	56	15	165	#
442	0.812913	20	19	1	49	165	#
443	0.812913	20	19	10	0	49	165	#
444	0.812913	20	44	14	165	#
445	0.191974	12	166	#
446	0.191974	11	13	166	#
447	0.508886	12	2	167	#
448	0.508886	13	11	2	167	#
449	1.35394	2	46	7	168	#
450	1.35394	2	12	29	7	168	#
451	1.35394	2	11	13	29	7	168	#
452	1.35394	2	11	52	27	168	#
453	1.35394	2	45	22	7	168	#
454	0.116213	19	#
455	0.840545	18	5	6	169	#
456	0.840545	1	54	169	#
457	0.840545	10	0	54	169	#
458	0.693135	41	170	#
459	0.693135	49	1	170	#
460	0.693135	49	0	10	170	#
461	0.693135	14	16	36	170	#
462	0.693135	15	17	36	170	#
463	1.03149	18	10	42	3	171	#
464	1.03149	18	19	20	57	3	171	#
465	1.03149	18	19	20	7	4	3	171	#
466	1.03149	5	40	171	#
467	1.03149	18	1	0	42	3	171	#
468	0.0254992	21	#
469	0.0274735	21	#
470	0.567198	58	172	#
471	0.567198	24	55	172	#
472	0.573272	32	#
473	0.856918	37	173	#
474	0.856918	31	0	173	#
475	0.856918	13	54	0	173	#
476	0.133549	3	#
477	0.645285	42	#
478	0.661844	1	58	174	#
479	0.661844	0	10	58	174	#
480	0.167706	4	#
481	0.073675	16	#
482	1.1352	35	63	26	175	#
483	1.1352	13	28	21	63	26	175	#
484	1.1352	12	62	63	26	175	#
485	1.1352	12	39	21	63	26	175	#
486	1.1352	13	11	62	63	26	175	#
487	1.11739	62	63	26	176	#
488	1.11739	39	21	63	26	176	#
489	1.11739	62	63	16	17	176	#
490	1.11739	39	21	63	16	17	176	#
491	1.11739	11	28	21	63	26	176	#
492	0.352314	3	4	#
493	0.0972503	11	#
494	0.906408	46	177	#
495	0.906408	12	29	177	#
496	0.906408	11	13	29	177	#
497	0.852718	54	11	178	#
498	0.852718	31	12	178	#
499	0.852718	54	13	12	178	#
500	0.70748	6	5	18	#
501	1.08527	16	63	62	179	#
502	1.08527	16	63	21	39	179	#
503	1.08527	17	26	63	62	179	#
504	1.08527	17	26	63	21	39	179	#
505	1.08527	32	5	6	11	179	#
506	0.739383	0	54	#
507	0.962063	20	46	180	#
508	0.962063	19	18	5	6	11	180	#
509	0.962063	20	29	12	180	#
510	0.962063	20	29	13	11	180	#
511	0.206648	20	#
512	0.391668	19	1	181	#
513	0.391668	19	10	0	181	#
514	0.959842	41	30	182	#
515	0.959842	49	1	30	182	#
516	0.959842	49	0	38	182	#
517	0.959842	41	19	20	22	182	#
518	0.959842	49	0	10	30	182	#
519	0.978919	43	183	#
520	0.978919	24	47	183	#
521	0.0956424	11	#
522	0.132505	19	#
523	0.801316	51	3	184	#
524	0.801316	24	27	4	3	184	#
525	1.09514	57	29	13	185	#
526	1.09514	4	7	29	13	185	#
527	1.09514	4	27	52	185	#
528	1.09514	3	59	185	#
529	1.09514	3	40	6	185	#
530	0.812913	41	19	20	186	#
531	0.812913	15	56	20	186	#
532	0.812913	49	1	19	20	186	#
533	0.812913	49	0	10	19	20	186	#
534	0.812913	14	44	20	186	#
535	0.553587	22	57	187	#
536	0.553587	22	7	4	187	#
537	0.0988258	13	#
538	0.583536	41	188	#
539	0.583536	1	49	188	#
540	0.583536	10	0	49	188	#
541	0.6804	32	17	189	#
542	0.6804	32	16	26	189	#
543	1.07634	14	63	62	190	#
544	1.07634	14	63	21	39	190	#
545	1.07634	49	54	11	190	#
546	1.07634	15	26	63	62	190	#
547	1.07634	15	26	63	21	39	190	#
548	0.138579	19	#
549	0.117547	13	#
550	0.532499	20	19	10	191	#
551	0.532499	20	19	1	0	191	#
552	0.134013	19	#
553	1.12183	21	53	22	192	#
554	1.12183	21	28	52	23	192	#
555	1.12183	62	45	192	#
556	1.12183	21	39	45	192	#
557	1.12183	62	11	52	23	192	#
558	0.0638749	0	#
559	0.785414	21	63	#
560	0.199733	1	193	#
561	0.199733	0	10	193	#
562	1.10458	32	5	6	13	194	#
563	1.10458	16	63	35	194	#
564	1.10458	16	63	21	28	13	194	#
565	0.151473	10	#
566	0.112355	19	#
567	1.14934	60	21	195	#
568	1.14934	3	33	21	195	#
569	1.14934	3	4	34	21	195	#
570	1.14934	3	57	53	195	#
571	1.14934	3	4	7	53	195	#
572	0.0672824	26	#
573	0.124145	11	#
574	0.993198	13	29	7	196	#
575	0.993198	52	27	196	#
576	0.993198	11	46	7	196	#
577	1.09553	40	#
578	0.579319	42	0	#
579	1.09891	22	53	197	#
580	1.09891	23	52	28	197	#
581	1.09891	45	39	197	#
582	0.63395	1	30	198	#
583	0.63395	0	38	198	#
584	0.63395	0	10	30	198	#
585	0.63395	1	19	20	22	198	#
586	0.63395	0	10	19	20	22	198	#
587	0.0933004	13	#
588	0.15449	10	#
589	1.04511	26	47	199	#
590	1.04511	17	36	58	199	#
591	1.04511	26	16	36	58	199	#
592	1.04511	17	16	47	199	#
593	1.04511	15	41	58	199	#
594	0.891339	54	0	200	#
595	0.891339	13	37	200	#
596	0.891339	6	5	18	10	200	#
597	0.891339	13	31	0	200	#
598	0.891339	54	1	10	200	#
599	0.377758	49	#
600	0.811454	51	201	#
601	0.811454	4	27	24	201	#
602	0.811454	57	22	25	201	#
603	0.811454	4	7	22	25	201	#
604	0.811454	57	22	23	24	201	#
605	0.0827896	0	#
606	0.699489	44	202	#
607	0.699489	56	26	202	#
608	0.699489	56	17	16	202	#
609	0.699489	19	36	16	202	#
610	0.699489	19	41	14	202	#
611	1.13854	22	50	#
612	0.809552	46	203	#
613	0.809552	12	29	203	#
614	0.809552	11	13	29	203	#
615	0.696025	56	17	204	#
616	0.696025	19	36	204	#
617	0.696025	44	16	204	#
618	0.696025	56	26	16	204	#
619	0.696025	44	26	17	204	#
620	0.42779	49	#
621	0.998247	52	11	2	205	#
622	0.998247	52	13	12	2	205	#
623	0.169448	14	16	#
624	0.612774	21	28	206	#
625	0.612774	62	11	206	#
626	0.612774	21	39	11	206	#
627	0.612774	35	13	206	#
628	0.612774	62	12	13	206	#
629	0.301152	19	10	#
630	0.768024	58	10	207	#
631	0.768024	24	55	10	207	#
632	0.768024	58	1	0	207	#
633	0.768024	23	38	207	#
634	0.768024	23	30	10	207	#
635	0.673729	42	#
636	0.315604	2	#
637	0.335921	2	#
638	1.08242	63	35	208	#
639	1.08242	63	21	28	13	208	#
640	1.08242	63	62	12	208	#
641	1.08242	63	21	39	12	208	#
642	1.08242	63	62	11	13	208	#
643	1.00093	44	20	22	209	#
644	1.00093	26	56	20	22	209	#
645	1.00093	16	36	30	209	#
646	1.00093	16	48	22	209	#
647	1.00093	16	17	56	20	22	209	#
648	0.956884	56	20	7	#
649	0.563384	0	42	#
650	0.531638	3	57	210	#
651	0.531638	3	4	7	210	#
652	0.929729	31	211	#
653	0.929729	13	54	211	#
654	0.929729	37	0	211	#
655	0.929729	12	11	54	211	#
656	0.929729	13	6	5	18	1	211	#
657	0.471088	5	6	#
658	0.685613	17	32	212	#
659	0.685613	26	16	32	212	#
660	0.369489	22	20	#
661	0.93525	42	10	18	213	#
662	0.93525	57	20	19	18	213	#
663	0.93525	4	7	20	19	18	213	#
664	1.10996	31	49	214	#
665	1.10996	13	54	49	214	#
666	1.10996	37	0	49	214	#
667	0.100269	17	#
668	0.8177	0	54	215	#
669	0.8177	37	13	215	#
670	0.8177	10	18	5	6	215	#
671	0.0962852	13	#
672	0.680431	54	#
673	0.699489	44	216	#
674	0.699489	26	56	216	#
675	0.699489	16	17	56	216	#
676	0.699489	16	36	19	216	#
677	0.699489	14	41	19	216	#
678	1.14666	31	49	217	#
679	1.14666	13	54	49	217	#
680	1.14666	37	0	49	217	#
681	1.14666	13	6	61	217	#
682	1.14666	35	63	14	217	#
683	0.0209445	21	#
684	0.60441	36	17	218	#
685	0.60441	36	16	26	218	#
686	0.60441	41	15	218	#
687	0.60441	19	56	218	#
688	1.0424	58	41	219	#
689	1.0424	58	1	49	219	#
690	1.0424	58	10	0	49	219	#
691	1.0424	47	14	219	#
692	1.0424	24	55	41	219	#
693	0.78327	18	19	20	7	#
694	0.662095	20	22	25	220	#
695	0.662095	19	55	220	#
696	0.662095	19	58	24	220	#
697	0.662095	20	22	23	24	220	#
698	0.61294	10	58	#
699	0.216765	12	221	#
700	0.216765	11	13	221	#
701	0.766175	30	18	222	#
702	0.766175	22	20	19	18	222	#
703	1.14864	59	223	#
704	1.14864	40	6	223	#
705	1.14864	3	57	29	13	223	#
706	1.14864	3	4	7	29	13	223	#
707	1.14864	3	4	27	52	223	#
708	0.600958	57	22	224	#
709	0.600958	4	7	22	224	#
710	0.57047	5	6	13	#
711	0.78782	18	19	20	7	#
712	1.12003	22	53	225	#
713	1.12003	23	52	28	225	#
714	1.12003	45	39	225	#
715	1.12003	23	52	11	39	225	#
716	1.12003	45	62	21	225	#
717	0.209004	4	#
718	0.553514	35	226	#
719	0.553514	21	28	13	226	#
720	0.553514	62	12	226	#
721	0.553514	21	39	12	226	#
722	0.553514	62	11	13	226	#
723	1.04309	52	11	2	227	#
724	1.04309	52	13	12	2	227	#
725	0.176098	12	228	#
726	0.176098	13	11	228	#
727	0.676171	27	229	#
728	0.676171	7	22	23	229	#
729	0.676171	7	22	25	24	229	#
730	0.489523	21	28	230	#
731	0.489523	62	11	230	#
732	0.489523	21	39	11	230	#
733	0.72541	2	11	6	231	#
734	0.72541	2	12	13	6	231	#
735	1.13244	46	2	232	#
736	1.13244	29	12	2	232	#
737	1.13244	29	13	11	2	232	#
738	0.59637	17	36	233	#
739	0.59637	26	16	36	233	#
740	0.113555	13	#
741	0.854402	50	22	#
742	1.01315	42	0	49	#
743	0.680141	42	#
744	1.14666	49	31	234	#
745	1.14666	49	54	13	234	#
746	1.14666	49	0	37	234	#
747	1.14666	61	6	13	234	#
748	1.14666	14	63	35	234	#
749	0.636583	52	13	#
750	1.09514	13	29	57	235	#
751	1.09514	13	29	7	4	235	#
752	1.09514	52	27	4	235	#
753	1.09514	59	3	235	#
754	1.09514	6	40	3	235	#
755	1.24187	46	57	8	236	#
756	1.24187	46	7	4	8	236	#
757	1.00859	41	55	237	#
758	1.00859	41	58	24	237	#
759	1.00859	49	1	55	237	#
760	1.00859	49	1	58	24	237	#
761	1.00859	49	0	10	55	237	#
762	0.89287	11	54	0	238	#
763	0.89287	12	37	238	#
764	0.89287	11	13	37	238	#
765	0.89287	12	31	0	238	#
766	0.89287	11	6	5	18	10	238	#
767	1.21024	34	239	#
768	1.21024	7	53	21	239	#
769	1.21024	4	33	239	#
770	1.21024	4	3	60	239	#
771	0.851641	50	#
772	1.01154	22	53	#
773	0.546235	16	36	#
774	0.191001	4	#
775	0.601189	41	240	#
776	0.601189	49	1	240	#
777	0.601189	49	0	10	240	#
778	1.05097	45	2	241	#
779	1.05097	23	52	11	2	241	#
780	1.05097	25	24	52	11	2	241	#
781	1.09099	52	11	2	242	#
782	1.09099	52	13	12	2	242	#
783	1.11642	50	57	3	243	#
784	1.11642	50	7	4	3	243	#
785	0.929729	31	244	#
786	0.929729	54	13	244	#
787	0.929729	0	37	244	#
788	0.929729	54	11	12	244	#
789	0.929729	1	18	5	6	13	244	#
790	0.283311	8	#
791	0.696046	36	245	#
792	0.696046	41	14	16	245	#
793	0.696046	1	49	14	16	245	#
794	0.696046	10	0	49	14	16	245	#
795	0.696046	41	15	17	245	#
796	0.127384	19	#
797	0.490091	28	246	#
798	0.490091	11	39	246	#
799	0.469462	30	247	#
800	0.469462	19	20	22	247	#
801	0.840836	46	20	#
802	0.632758	58	10	#
803	0.269945	9	#
804	0.879306	3	51	248	#
805	0.879306	3	4	27	24	248	#
806	0.879306	3	57	22	25	248	#
807	0.879306	3	4	7	22	25	248	#
808	0.906024	27	4	3	249	#
809	0.906024	24	51	3	249	#
810	0.906024	23	22	57	3	249	#
811	0.906024	23	22	7	4	3	249	#
812	0.906024	24	25	22	57	3	249	#
813	0.463949	52	#
814	0.222743	19	10	#
815	0.141052	17	250	#
816	0.141052	26	16	250	#
817	1.11438	2	45	251	#
818	1.11438	2	11	52	23	251	#
819	1.11438	2	11	52	24	25	251	#
820	1.11438	2	46	22	251	#
821	1.11438	2	12	13	52	23	251	#
822	0.293673	5	#
823	0.32668	4	3	#
824	1.29422	2	46	7	252	#
825	1.29422	2	12	29	7	252	#
826	1.29422	2	11	13	29	7	252	#
827	1.29422	2	11	52	27	252	#
828	0.529455	41	253	#
829	0.529455	1	49	253	#
830	0.529455	10	0	49	253	#
831	0.0221087	21	#
832	0.998568	16	32	5	254	#
833	0.998568	26	17	32	5	254	#
834	0.998568	14	61	254	#
835	0.998568	26	15	61	254	#
836	0.998568	16	36	18	5	254	#
837	1.00859	41	55	255	#
838	1.00859	41	58	24	255	#
839	1.00859	49	1	55	255	#
840	1.00859	49	1	58	24	255	#
841	1.00859	49	0	10	55	255	#
842	1.01113	59	256	#
843	1.01113	40	6	256	#
844	0.558111	3	57	257	#
845	0.558111	3	4	7	257	#
846	1.20185	3	57	29	258	#
847	1.20185	3	4	7	29	258	#
848	1.20185	59	13	258	#
849	1.20185	40	6	13	258	#
850	1.14388	57	46	259	#
851	1.14388	4	7	46	259	#
852	1.14388	57	29	12	259	#
853	1.14388	4	7	29	12	259	#
854	1.14388	57	29	13	11	259	#
855	1.12003	22	53	260	#
856	1.12003	23	52	28	260	#
857	1.12003	45	39	260	#
858	1.12003	23	52	11	39	260	#
859	1.12003	45	62	21	260	#
860	0.384013	20	19	#
861	1.09688	36	55	261	#
862	1.09688	36	58	24	261	#
863	1.09688	16	43	261	#
864	1.09688	16	47	24	261	#
865	1.09688	17	26	43	261	#
866	1.12939	2	11	52	24	262	#
867	1.12939	2	12	13	52	24	262	#
868	0.380782	19	1	263	#
869	0.380782	19	10	0	263	#
870	0.887184	46	7	#
871	0.29011	18	#
872	0.718507	16	63	264	#
873	0.718507	17	26	63	264	#
874	0.665937	55	265	#
875	0.665937	24	58	265	#
876	0.665937	25	30	265	#
877	0.959842	30	41	266	#
878	0.959842	30	1	49	266	#
879	0.959842	38	0	49	266	#
880	0.959842	22	20	19	41	266	#
881	0.959842	30	10	0	49	266	#
882	0.768883	10	55	267	#
883	0.768883	10	58	24	267	#
884	0.768883	0	1	55	267	#
885	0.768883	0	1	58	24	267	#
886	0.768883	38	25	267	#
887	0.367625	10	18	#
888	0.618376	27	268	#
889	0.618376	7	22	23	268	#
890	1.02805	29	7	269	#
891	1.02805	13	52	27	269	#
892	1.02805	12	46	7	269	#
893	1.00859	41	55	270	#
894	1.00859	41	58	24	270	#
895	1.00859	49	1	55	270	#
896	1.00859	49	1	58	24	270	#
897	1.00859	49	0	10	55	270	#
898	0.68627	63	16	271	#
899	0.68627	63	26	17	271	#
900	0.57238	25	22	20	#
901	0.644603	1	58	272	#
902	0.644603	0	10	58	272	#
903	0.844561	11	6	5	18	#
904	0.8201	58	1	273	#
905	0.8201	58	10	0	273	#
906	0.8201	24	55	1	273	#
907	0.8201	24	55	10	0	273	#
908	0.8201	23	30	1	273	#
909	0.274443	1	19	274	#
910	0.274443	0	10	19	274	#
911	0.929729	31	275	#
912	0.929729	54	13	275	#
913	0.929729	0	37	275	#
914	0.929729	54	11	12	275	#
915	0.929729	1	18	5	6	13	275	#
916	1.12149	7	29	276	#
917	1.12149	27	52	13	276	#
918	1.12149	7	46	12	276	#
919	1.12149	7	46	11	13	276	#
920	1.12149	4	57	29	276	#
921	0.464692	12	2	277	#
922	0.464692	13	11	2	277	#
923	1.08744	26	63	21	28	278	#
924	1.08744	26	63	62	11	278	#
925	1.08744	26	63	21	39	11	278	#
926	1.08744	15	49	54	278	#
927	1.08744	17	32	5	6	278	#
928	1.45361	59	11	2	279	#
929	1.45361	40	6	11	2	279	#
930	1.45361	3	57	46	2	279	#
931	1.45361	3	4	7	46	2	279	#
932	1.45361	3	57	29	12	2	279	#
933	1.00357	60	#
934	1.05271	47	280	#
935	1.05271	58	36	16	280	#
936	1.05271	24	43	280	#
937	1.05271	58	41	14	280	#
938	1.05271	58	1	49	14	280	#
939	0.593646	32	#
940	0.820958	46	281	#
941	0.820958	12	29	281	#
942	0.820958	11	13	29	281	#
943	0.930637	34	282	#
944	0.930637	7	53	21	282	#
945	0.66954	1	18	5	283	#
946	0.66954	0	10	18	5	283	#
947	0.567962	57	22	284	#
948	0.567962	4	7	22	284	#
949	0.605166	21	63	#
950	1.10177	7	29	285	#
951	1.10177	27	52	13	285	#
952	1.10177	7	46	12	285	#
953	1.10177	7	46	11	13	285	#
954	0.553514	35	286	#
955	0.553514	21	28	13	286	#
956	0.553514	62	12	286	#
957	0.553514	21	39	12	286	#
958	0.553514	62	11	13	286	#
959	0.616714	21	63	26	#
960	1.12183	21	53	22	287	#
961	1.12183	21	28	52	23	287	#
962	1.12183	62	45	287	#
963	1.12183	21	39	45	287	#
964	1.12183	62	11	52	23	287	#
965	0.521851	57	288	#
966	0.521851	4	7	288	#
967	1.12183	21	53	22	289	#
968	1.12183	21	28	52	23	289	#
969	1.12183	62	45	289	#
970	1.12183	21	39	45	289	#
971	1.12183	62	11	52	23	289	#
972	0.0631042	16	#
973	0.154105	4	#
974	0.0711492	16	#
975	0.864302	29	7	#
976	0.489292	19	20	7	#
977	0.881922	29	13	290	#
978	0.881922	46	11	290	#
979	0.881922	22	23	52	290	#
980	0.881922	29	12	11	290	#
981	0.193223	16	14	#
982	0.844749	29	291	#
983	0.844749	12	46	291	#
984	0.844749	13	11	46	291	#
985	0.813119	27	4	292	#
986	0.813119	24	51	292	#
987	0.813119	23	22	57	292	#
988	0.813119	23	22	7	4	292	#
989	0.813119	24	25	22	57	292	#
990	0.895297	18	5	6	11	293	#
991	0.895297	1	54	11	293	#
992	0.895297	10	0	54	11	293	#
993	0.300579	18	#
994	0.766873	54	294	#
995	0.766873	31	13	294	#
996	0.371699	57	295	#
997	0.371699	7	4	295	#
998	0.0622207	0	#
999	1.22921	21	34	296	#
1000	1.22921	53	7	296	#
1001	1.22921	21	33	4	296	#
1002	1.22921	53	57	4	296	#
1003	1.22921	21	60	3	4	296	#
