%% File generated by CATS v.2.1Wed Jun 22 10:37:37 2022

%% The CATS webpage is http://robotics.stanford.edu/CATS

%% PARAMETER SETTINGS:
% Goods: 64; Bids: 1000; Distribution: paths; Runs: 1; Seed: 1656572805
% Paths Distribution Parameters:
% Initial connections:       = 2
% Edge density:              = 3.000000
% Shipping cost factor:      = 1.500000
% Max bid set size:          = 5
% Building penalty:          = 1.700000



goods 64
bids 1002
dummy 430

0	0.406038	46	#
1	0.900282	51	64	#
2	0.900282	11	12	48	64	#
3	0.900282	6	7	11	12	64	#
4	0.900282	20	30	64	#
5	0.900282	7	11	47	62	64	#
6	0.913693	35	46	65	#
7	0.913693	10	22	29	46	65	#
8	0.913693	10	17	59	65	#
9	0.735761	11	52	66	#
10	0.735761	11	28	62	66	#
11	0.735761	4	5	21	28	66	#
12	0.735761	26	54	66	#
13	0.735761	11	26	27	62	66	#
14	0.423116	29	33	#
15	0.850223	22	29	46	67	#
16	0.850223	17	59	67	#
17	0.850223	10	35	46	67	#
18	0.625202	63	#
19	1.16282	36	43	68	#
20	1.16282	17	20	39	60	68	#
21	1.16282	17	28	36	60	68	#
22	1.16282	4	5	36	50	68	#
23	1.16282	17	19	24	39	60	68	#
24	0.119711	26	#
25	0.829044	12	24	48	69	#
26	0.829044	6	7	12	24	69	#
27	0.829044	12	19	32	69	#
28	0.89642	43	47	70	#
29	0.89642	18	63	70	#
30	0.89642	17	25	63	70	#
31	0.89642	17	28	47	60	70	#
32	0.89642	4	5	47	50	70	#
33	0.255171	33	#
34	0.841933	22	31	71	#
35	0.841933	46	50	71	#
36	0.866557	0	1	21	25	#
37	0.456859	1	4	5	#
38	0.208061	5	28	#
39	0.523354	34	#
40	1.01069	24	39	60	72	#
41	1.01069	15	55	60	72	#
42	1.01069	13	15	38	60	72	#
43	1.01069	7	24	25	63	72	#
44	1.01069	7	24	28	47	60	72	#
45	1.08127	24	34	39	73	#
46	1.08127	1	9	57	73	#
47	1.08127	7	24	40	73	#
48	1.08127	7	8	24	63	73	#
49	1.08127	1	4	5	7	9	24	47	73	#
50	0.943239	23	31	#
51	0.530808	6	28	47	#
52	1.02092	41	48	74	#
53	1.02092	6	7	41	74	#
54	1.02092	29	33	37	74	#
55	1.02092	3	10	29	37	74	#
56	1.02092	16	29	48	49	74	#
57	0.96833	61	75	#
58	0.96833	7	16	63	75	#
59	0.96833	0	1	4	5	14	38	75	#
60	0.96833	7	15	24	63	75	#
61	0.601251	34	#
62	0.38334	28	47	#
63	0.184633	0	#
64	0.310388	48	#
65	1.14264	1	4	5	9	36	76	#
66	1.14264	20	34	39	76	#
67	1.14264	12	32	44	76	#
68	1.14264	28	34	36	76	#
69	1.14264	7	20	40	76	#
70	0.884183	23	31	#
71	0.279261	7	#
72	0.932558	0	1	21	25	#
73	0.798482	45	77	#
74	0.798482	13	17	60	77	#
75	0.798482	14	43	77	#
76	0.798482	13	28	43	77	#
77	0.798482	14	17	28	60	77	#
78	0.807641	4	31	#
79	0.312322	32	#
80	0.800085	4	31	#
81	0.438437	0	25	#
82	0.150613	1	#
83	0.941257	6	43	47	#
84	0.629921	13	60	#
85	0.445487	6	12	#
86	0.324169	5	14	#
87	0.679304	26	55	78	#
88	0.679304	13	26	38	78	#
89	0.679304	16	26	39	78	#
90	0.679304	14	27	38	78	#
91	0.679304	14	26	28	38	78	#
92	0.534642	22	46	#
93	1.06303	9	42	#
94	0.847078	0	1	21	25	#
95	0.530041	49	79	#
96	0.530041	2	33	79	#
97	0.530041	2	3	10	79	#
98	0.205678	2	#
99	0.854665	1	4	5	7	47	80	#
100	0.854665	1	4	5	28	39	80	#
101	0.854665	1	24	57	80	#
102	0.913901	0	1	21	25	#
103	0.772969	33	59	#
104	0.257039	14	81	#
105	0.257039	13	28	81	#
106	0.55597	3	35	#
107	0.721538	43	82	#
108	0.721538	17	28	60	82	#
109	0.721538	4	5	50	82	#
110	0.542801	49	83	#
111	0.542801	2	33	83	#
112	0.542801	2	3	10	83	#
113	0.523355	27	47	84	#
114	0.523355	26	28	47	84	#
115	1.0442	11	12	37	85	#
116	1.0442	2	53	85	#
117	1.0442	2	16	51	85	#
118	1.0442	2	11	12	16	48	85	#
119	1.0442	24	51	56	85	#
120	0.529771	28	60	#
121	0.580507	50	#
122	0.684511	3	35	86	#
123	0.684511	22	29	33	86	#
124	0.684511	3	10	22	29	86	#
125	0.684511	10	33	35	86	#
126	0.565986	15	49	87	#
127	0.565986	33	56	87	#
128	0.565986	2	15	33	87	#
129	0.565986	3	10	56	87	#
130	0.565986	2	3	10	15	87	#
131	0.452423	4	5	47	#
132	0.395351	5	14	88	#
133	0.395351	5	13	28	88	#
134	0.591435	29	33	89	#
135	0.591435	3	10	29	89	#
136	0.573125	3	56	90	#
137	0.573125	2	3	15	90	#
138	0.573125	10	15	49	90	#
139	0.573125	10	33	56	90	#
140	0.271704	1	4	#
141	0.115367	5	#
142	0.200961	0	#
143	0.91919	6	25	63	91	#
144	0.91919	6	28	47	60	91	#
145	0.91919	13	58	60	91	#
146	0.910255	23	29	49	15	92	#
147	0.910255	23	29	33	56	92	#
148	0.910255	23	41	24	92	#
149	0.910255	23	29	33	2	15	92	#
150	0.910255	23	29	10	3	56	92	#
151	0.32074	18	93	#
152	0.32074	25	17	93	#
153	0.38006	29	23	#
154	0.369836	29	23	#
155	0.565986	49	15	94	#
156	0.565986	33	56	94	#
157	0.565986	33	2	15	94	#
158	0.565986	10	3	56	94	#
159	0.565986	10	3	2	15	94	#
160	0.801903	46	35	95	#
161	0.801903	46	22	29	10	95	#
162	0.801903	17	59	10	95	#
163	0.770673	22	31	#
164	0.518914	47	27	96	#
165	0.518914	47	28	26	96	#
166	1.06855	3	37	12	#
167	0.143648	0	#
168	0.311318	20	97	#
169	0.311318	24	19	97	#
170	0.8593	1	4	5	14	38	#
171	0.883591	53	98	#
172	0.883591	16	51	98	#
173	0.883591	16	48	12	11	98	#
174	0.883591	15	24	51	98	#
175	0.883591	16	7	6	12	11	98	#
176	0.834596	31	#
177	0.383089	14	5	4	#
178	0.775127	9	1	4	5	99	#
179	0.775127	34	28	99	#
180	0.775127	8	0	1	4	5	99	#
181	1.01529	20	41	23	#
182	0.866994	10	29	31	#
183	0.617636	34	26	#
184	0.893656	45	38	#
185	0.604756	23	29	33	#
186	0.923081	25	0	1	21	#
187	0.211399	19	#
188	1.16282	43	36	100	#
189	1.16282	17	60	39	20	100	#
190	1.16282	17	60	28	36	100	#
191	1.16282	50	4	5	36	100	#
192	1.16282	17	60	39	24	19	100	#
193	0.122521	26	#
194	0.225592	5	28	#
195	0.315923	7	24	#
196	0.154246	28	#
197	0.9808	62	43	101	#
198	0.9808	52	60	17	101	#
199	0.9808	62	28	60	17	101	#
200	0.9808	62	5	4	50	101	#
201	0.9808	11	21	50	101	#
202	0.544639	48	16	102	#
203	0.544639	6	7	16	102	#
204	0.544639	48	24	15	102	#
205	0.157478	11	#
206	0.862188	31	1	#
207	0.675502	34	26	#
208	0.351118	16	2	#
209	0.634058	47	7	24	103	#
210	0.634058	28	39	24	103	#
211	0.634058	14	38	15	103	#
212	0.232188	25	#
213	0.915391	61	104	#
214	0.915391	63	7	16	104	#
215	0.995944	6	47	43	105	#
216	0.995944	58	45	105	#
217	0.995944	6	63	18	105	#
218	0.995944	6	63	25	17	105	#
219	0.995944	6	47	28	60	17	105	#
220	0.474166	60	#
221	0.487602	21	4	#
222	0.865366	56	3	35	106	#
223	0.865366	15	49	29	22	106	#
224	0.865366	15	2	3	35	106	#
225	0.865366	56	33	29	22	106	#
226	0.865366	24	41	22	106	#
227	1.37495	62	5	4	31	23	107	#
228	1.37495	11	21	31	23	107	#
229	1.37495	12	48	41	23	107	#
230	1.37495	12	6	7	41	23	107	#
231	1.37495	12	37	33	29	23	107	#
232	0.732139	31	#
233	0.411519	14	5	4	#
234	1.13487	60	39	20	108	#
235	1.13487	60	28	36	108	#
236	1.13487	60	39	24	19	108	#
237	1.13487	25	63	7	20	108	#
238	1.13487	60	28	47	7	20	108	#
239	0.238007	7	#
240	1.05197	20	41	23	109	#
241	1.05197	19	15	49	29	23	109	#
242	1.05197	19	56	33	29	23	109	#
243	1.05197	19	24	41	23	109	#
244	1.05197	19	15	2	33	29	23	109	#
245	0.943626	3	35	46	110	#
246	0.943626	33	29	22	46	110	#
247	0.943626	33	59	17	110	#
248	0.943626	3	10	29	22	46	110	#
249	0.943626	33	10	35	46	110	#
250	0.797738	29	49	111	#
251	0.797738	29	33	2	111	#
252	0.797738	29	10	3	2	111	#
253	0.797738	41	16	111	#
254	0.0863984	10	#
255	1.10541	8	25	59	10	#
256	0.116159	24	#
257	0.439334	1	4	5	28	#
258	0.486942	38	15	#
259	1.06503	21	50	112	#
260	1.06503	21	1	0	18	112	#
261	1.06503	21	1	0	25	17	112	#
262	1.06503	11	62	43	112	#
263	1.06503	21	4	5	43	112	#
264	0.196941	5	4	#
265	0.637252	38	15	19	#
266	0.58472	9	1	4	5	#
267	0.752204	36	5	113	#
268	0.752204	20	7	47	5	113	#
269	0.209944	33	#
270	0.496958	50	#
271	0.671099	13	34	#
272	0.825888	18	46	22	114	#
273	0.825888	25	17	46	22	114	#
274	0.632821	17	46	22	#
275	0.181691	2	#
276	0.830816	20	39	26	115	#
277	0.830816	36	27	115	#
278	0.830816	36	28	26	115	#
279	0.830816	19	24	39	26	115	#
280	0.830816	20	7	47	27	115	#
281	0.604692	49	16	116	#
282	0.604692	33	2	16	116	#
283	0.604692	10	3	2	16	116	#
284	0.604692	49	15	24	116	#
285	0.604692	33	56	24	116	#
286	0.223686	33	#
287	0.505797	38	14	#
288	0.198217	13	#
289	0.792127	41	117	#
290	0.792127	29	49	16	117	#
291	0.792127	29	33	2	16	117	#
292	0.792127	29	10	3	2	16	117	#
293	0.792127	29	49	15	24	117	#
294	0.194839	0	#
295	0.252182	29	#
296	0.479097	15	38	#
297	0.278726	47	#
298	0.861365	46	35	118	#
299	0.861365	46	22	29	10	118	#
300	0.861365	17	59	10	118	#
301	1.04501	61	8	119	#
302	1.04501	55	34	119	#
303	1.04501	38	13	34	119	#
304	1.04501	38	14	5	4	1	9	119	#
305	1.04501	16	39	34	119	#
306	0.66283	22	46	17	#
307	0.966549	20	7	63	120	#
308	0.966549	32	6	63	120	#
309	0.966549	36	5	4	1	0	120	#
310	0.364571	2	16	#
311	0.865366	35	3	56	121	#
312	0.865366	22	29	49	15	121	#
313	0.865366	35	3	2	15	121	#
314	0.865366	22	29	33	56	121	#
315	0.865366	22	41	24	121	#
316	1.08127	24	39	34	122	#
317	1.08127	57	1	9	122	#
318	1.08127	24	7	40	122	#
319	1.08127	24	7	63	8	122	#
320	1.08127	24	7	47	5	4	1	9	122	#
321	0.532455	28	47	6	#
322	1.01607	25	63	6	123	#
323	1.01607	60	28	47	6	123	#
324	1.01607	60	13	58	123	#
325	1.01607	25	0	1	4	5	47	6	123	#
326	1.01607	60	26	27	47	6	123	#
327	0.290833	5	14	#
328	0.248821	25	#
329	0.470021	62	#
330	0.173907	11	#
331	0.542961	33	29	124	#
332	0.542961	3	10	29	124	#
333	0.755561	20	39	26	125	#
334	0.755561	36	27	125	#
335	0.755561	36	28	26	125	#
336	0.755561	19	24	39	26	125	#
337	0.929768	48	41	#
338	0.755243	49	29	22	126	#
339	0.755243	2	3	35	126	#
340	0.755243	2	33	29	22	126	#
341	0.833099	29	22	46	127	#
342	0.833099	59	17	127	#
343	0.833099	10	35	46	127	#
344	0.550948	36	#
345	1.15446	22	31	21	128	#
346	1.15446	46	50	21	128	#
347	0.691726	6	47	27	129	#
348	0.691726	6	47	28	26	129	#
349	0.691726	58	13	26	129	#
350	0.976264	22	41	7	#
351	0.647499	4	5	47	7	#
352	0.776819	40	130	#
353	0.776819	8	63	130	#
354	1.09025	23	41	7	131	#
355	1.09025	23	29	49	16	7	131	#
356	1.09025	23	29	33	2	16	7	131	#
357	1.00721	33	59	132	#
358	1.00721	3	10	59	132	#
359	1.00721	2	55	60	132	#
360	1.00721	2	38	13	60	132	#
361	1.00721	3	35	46	17	132	#
362	0.638623	21	1	0	#
363	0.327872	48	133	#
364	0.327872	7	6	133	#
365	0.9174	23	31	#
366	0.807313	36	5	134	#
367	0.807313	20	7	47	5	134	#
368	0.807313	32	6	47	5	134	#
369	0.807313	20	39	28	5	134	#
370	0.807313	19	24	7	47	5	134	#
371	0.33457	23	22	#
372	0.907326	40	135	#
373	0.907326	63	8	135	#
374	0.907326	47	5	4	1	9	135	#
375	0.907326	47	28	34	135	#
376	0.907326	63	0	9	135	#
377	0.217388	2	#
378	0.727273	43	136	#
379	0.727273	17	60	28	136	#
380	0.727273	50	4	5	136	#
381	0.440022	46	#
382	0.144036	24	#
383	1.04164	21	50	137	#
384	1.04164	21	1	0	18	137	#
385	1.04164	21	1	0	25	17	137	#
386	1.04164	11	62	43	137	#
387	0.355255	24	7	#
388	0.190138	11	#
389	0.587631	33	29	23	#
390	0.498	58	#
391	0.909061	46	35	138	#
392	0.909061	46	22	29	10	138	#
393	0.909061	17	59	10	138	#
394	0.17531	16	#
395	1.18225	48	41	23	139	#
396	1.18225	6	7	41	23	139	#
397	1.18225	37	33	29	23	139	#
398	1.18225	37	3	10	29	23	139	#
399	1.18225	48	16	49	29	23	139	#
400	1.16983	1	31	23	140	#
401	1.16983	0	18	46	22	23	140	#
402	1.16983	0	25	17	46	22	23	140	#
403	0.437289	47	5	#
404	0.574094	45	#
405	0.173578	23	#
406	0.444511	16	7	141	#
407	0.444511	15	24	7	141	#
408	0.315783	48	#
409	0.891527	23	31	4	#
410	0.199548	2	#
411	0.685127	12	32	#
412	0.503089	39	#
413	1.07108	17	60	39	24	142	#
414	1.07108	45	38	15	142	#
415	1.07108	43	47	7	24	142	#
416	0.220816	2	#
417	0.715739	26	39	24	143	#
418	0.715739	26	55	15	143	#
419	0.715739	26	13	38	15	143	#
420	0.715739	27	47	7	24	143	#
421	0.839135	24	51	144	#
422	0.839135	24	48	12	11	144	#
423	0.839135	24	7	6	12	11	144	#
424	0.184832	13	#
425	1.04501	61	8	145	#
426	1.04501	55	34	145	#
427	1.04501	38	13	34	145	#
428	1.04501	38	14	5	4	1	9	145	#
429	1.04501	16	39	34	145	#
430	0.181559	23	#
431	0.571143	56	3	146	#
432	0.571143	15	2	3	146	#
433	0.571143	15	49	10	146	#
434	0.571143	56	33	10	146	#
435	0.692974	3	56	19	147	#
436	0.692974	3	2	15	19	147	#
437	0.577748	56	3	148	#
438	0.577748	15	2	3	148	#
439	0.577748	15	49	10	148	#
440	0.577748	56	33	10	148	#
441	0.577748	15	2	33	10	148	#
442	0.487515	16	7	149	#
443	0.487515	15	24	7	149	#
444	1.04501	61	8	150	#
445	1.04501	55	34	150	#
446	1.04501	38	13	34	150	#
447	1.04501	38	14	5	4	1	9	150	#
448	1.04501	16	39	34	150	#
449	0.290273	9	#
450	0.382122	29	22	#
451	0.447546	29	23	#
452	0.752381	3	56	19	151	#
453	0.752381	3	2	15	19	151	#
454	0.752381	10	49	15	19	151	#
455	0.752381	3	2	16	20	151	#
456	0.752381	10	33	56	19	151	#
457	0.644606	17	60	#
458	1.01069	24	39	60	152	#
459	1.01069	15	55	60	152	#
460	1.01069	15	38	13	60	152	#
461	1.01069	24	7	63	25	152	#
462	1.01069	24	7	47	28	60	152	#
463	1.05197	23	41	20	153	#
464	1.05197	23	29	49	15	19	153	#
465	1.05197	23	29	33	56	19	153	#
466	1.05197	23	41	24	19	153	#
467	1.05197	23	29	33	2	15	19	153	#
468	0.476472	58	#
469	0.673688	63	#
470	0.829295	51	154	#
471	0.829295	11	12	48	154	#
472	0.829295	11	12	6	7	154	#
473	0.474026	3	2	155	#
474	0.474026	10	49	155	#
475	0.474026	10	33	2	155	#
476	1.12286	9	42	156	#
477	1.12286	8	0	42	156	#
478	1.12286	8	61	2	156	#
479	1.12286	34	55	2	156	#
480	1.12286	34	13	38	2	156	#
481	0.699748	21	1	0	#
482	0.742831	1	4	5	47	157	#
483	0.742831	0	63	157	#
484	0.883591	53	158	#
485	0.883591	51	16	158	#
486	0.883591	11	12	48	16	158	#
487	0.883591	51	24	15	158	#
488	0.883591	11	12	6	7	16	158	#
489	0.280109	3	159	#
490	0.280109	33	10	159	#
491	0.709374	14	5	4	1	160	#
492	0.709374	13	28	5	4	1	160	#
493	0.906078	21	50	#
494	0.759376	1	4	5	47	6	#
495	1.04088	17	60	39	161	#
496	1.04088	43	47	7	161	#
497	1.04088	43	28	39	161	#
498	1.04088	45	38	16	161	#
499	1.04088	18	63	7	161	#
500	0.784775	57	162	#
501	0.784775	24	7	47	5	4	162	#
502	0.784775	24	39	28	5	4	162	#
503	0.988989	61	163	#
504	0.988989	63	7	16	163	#
505	0.988989	0	1	4	5	14	38	163	#
506	0.988989	63	7	24	15	163	#
507	0.988989	25	60	55	163	#
508	0.263059	9	#
509	0.995944	6	47	43	164	#
510	0.995944	58	45	164	#
511	0.995944	6	63	18	164	#
512	0.995944	6	63	25	17	164	#
513	0.995944	6	47	28	60	17	164	#
514	0.883591	53	165	#
515	0.883591	51	16	165	#
516	0.883591	11	12	48	16	165	#
517	0.883591	51	24	15	165	#
518	0.883591	11	12	6	7	16	165	#
519	0.66845	38	14	5	166	#
520	0.66845	55	28	5	166	#
521	0.66845	38	13	28	5	166	#
522	0.350451	47	#
523	1.01607	6	63	25	167	#
524	1.01607	6	47	28	60	167	#
525	1.01607	58	13	60	167	#
526	1.01607	6	47	5	4	1	0	25	167	#
527	1.01607	6	47	27	26	60	167	#
528	0.858454	4	5	36	168	#
529	0.858454	57	19	168	#
530	0.858454	4	5	47	7	20	168	#
531	0.858454	4	5	47	6	32	168	#
532	0.795753	51	24	169	#
533	0.795753	11	12	48	24	169	#
534	0.860307	57	170	#
535	0.860307	24	7	47	5	4	170	#
536	0.860307	24	39	28	5	4	170	#
537	0.860307	15	38	14	5	4	170	#
538	0.860307	19	36	5	4	170	#
539	0.773018	23	31	#
540	0.603128	39	24	171	#
541	0.603128	55	15	171	#
542	0.603128	13	38	15	171	#
543	0.769123	0	18	46	172	#
544	0.769123	0	25	17	46	172	#
545	1.17132	1	31	23	173	#
546	1.17132	0	18	46	22	23	173	#
547	1.17132	0	25	17	46	22	23	173	#
548	0.826249	44	#
549	0.963813	57	1	174	#
550	0.963813	24	7	47	5	4	1	174	#
551	0.963813	24	39	28	5	4	1	174	#
552	0.963813	15	38	14	5	4	1	174	#
553	0.963813	24	7	63	0	174	#
554	0.228094	20	#
555	0.680742	43	175	#
556	0.680742	17	60	28	175	#
557	0.680742	50	4	5	175	#
558	0.171459	17	#
559	0.667989	46	22	23	#
560	0.632661	37	#
561	0.418195	48	176	#
562	0.418195	7	6	176	#
563	1.04137	22	41	20	177	#
564	1.04137	35	3	56	19	177	#
565	1.04137	22	29	49	15	19	177	#
566	1.04137	35	3	2	15	19	177	#
567	1.04137	22	29	33	56	19	177	#
568	1.03595	38	45	178	#
569	1.03595	55	60	17	178	#
570	1.03595	38	13	60	17	178	#
571	1.03595	38	14	43	178	#
572	1.03595	49	29	22	46	178	#
573	0.735761	11	52	179	#
574	0.735761	11	62	28	179	#
575	0.735761	21	4	5	28	179	#
576	0.735761	54	26	179	#
577	0.735761	11	62	27	26	179	#
578	0.941788	21	1	0	25	#
579	1.43429	21	31	23	180	#
580	1.43429	11	62	5	4	31	23	180	#
581	1.43429	51	41	23	180	#
582	1.09065	24	39	60	17	181	#
583	1.09065	15	38	45	181	#
584	1.09065	24	7	47	43	181	#
585	1.09065	57	50	181	#
586	1.09065	15	55	60	17	181	#
587	0.245245	2	#
588	0.606136	11	62	182	#
589	0.606136	21	4	5	182	#
590	0.676668	27	62	183	#
591	0.676668	26	52	183	#
592	0.676668	26	28	62	183	#
593	0.772324	42	#
594	0.419786	21	#
595	0.316946	4	1	#
596	0.741818	7	16	2	3	#
597	0.864804	51	24	184	#
598	0.864804	11	12	48	24	184	#
599	0.864804	11	12	6	7	24	184	#
600	0.864804	30	19	184	#
601	0.864804	11	12	32	19	184	#
602	0.520536	0	18	185	#
603	0.520536	0	25	17	185	#
604	0.770284	43	186	#
605	0.770284	28	60	17	186	#
606	0.770284	5	4	50	186	#
607	0.770284	14	45	186	#
608	0.770284	5	4	1	0	18	186	#
609	0.250658	19	#
610	0.181374	23	#
611	0.509608	7	16	187	#
612	0.509608	7	24	15	187	#
613	0.224994	5	4	#
614	0.568544	7	47	5	#
615	0.866492	12	37	#
616	0.303158	14	5	#
617	1.08127	34	39	24	188	#
618	1.08127	9	1	57	188	#
619	1.08127	40	7	24	188	#
620	1.08127	8	63	7	24	188	#
621	1.08127	9	1	4	5	47	7	24	188	#
622	0.835948	33	37	189	#
623	0.835948	10	3	37	189	#
624	0.835948	49	16	48	189	#
625	0.951281	59	25	0	190	#
626	0.951281	29	31	1	190	#
627	0.951281	33	42	190	#
628	0.194425	27	191	#
629	0.194425	26	28	191	#
630	0.110286	26	#
631	0.898714	33	59	192	#
632	0.898714	3	10	59	192	#
633	0.231791	33	#
634	1.0645	0	25	59	10	193	#
635	1.0645	42	3	193	#
636	1.0645	1	31	29	10	193	#
637	1.0645	42	33	10	193	#
638	0.0704676	10	#
639	0.792127	41	194	#
640	0.792127	16	49	29	194	#
641	0.792127	16	2	33	29	194	#
642	0.792127	16	2	3	10	29	194	#
643	0.792127	24	15	49	29	194	#
644	0.857184	57	195	#
645	0.857184	24	7	47	5	4	195	#
646	0.857184	24	39	28	5	4	195	#
647	0.857184	15	38	14	5	4	195	#
648	0.161265	17	#
649	0.521194	49	15	196	#
650	0.521194	33	56	196	#
651	0.521194	33	2	15	196	#
652	1.04501	8	61	197	#
653	1.04501	34	55	197	#
654	1.04501	34	13	38	197	#
655	1.04501	9	1	4	5	14	38	197	#
656	1.04501	34	39	16	197	#
657	0.732443	19	15	49	198	#
658	0.732443	19	56	33	198	#
659	0.732443	19	15	2	33	198	#
660	0.586523	58	199	#
661	0.586523	14	47	6	199	#
662	0.269662	27	200	#
663	0.269662	26	28	200	#
664	0.577748	3	56	201	#
665	0.577748	3	2	15	201	#
666	0.577748	10	49	15	201	#
667	0.577748	10	33	56	201	#
668	0.577748	10	33	2	15	201	#
669	0.923814	12	44	202	#
670	0.923814	6	40	202	#
671	0.923814	6	63	8	202	#
672	0.544687	29	33	203	#
673	0.544687	29	10	3	203	#
674	0.0986804	4	#
675	0.151472	6	#
676	0.450087	29	33	204	#
677	0.450087	29	10	3	204	#
678	0.747914	43	205	#
679	0.747914	28	60	17	205	#
680	0.747914	5	4	50	205	#
681	0.747914	14	45	205	#
682	1.08127	34	39	24	206	#
683	1.08127	9	1	57	206	#
684	1.08127	40	7	24	206	#
685	1.08127	8	63	7	24	206	#
686	1.08127	9	1	4	5	47	7	24	206	#
687	0.953459	23	41	207	#
688	0.953459	23	29	49	16	207	#
689	0.953459	23	29	33	2	16	207	#
690	0.953459	23	29	10	3	2	16	207	#
691	0.953459	23	29	49	15	24	207	#
692	0.766251	31	4	#
693	1.3051	23	31	21	#
694	0.694698	36	5	#
695	0.212091	7	#
696	0.813616	39	60	#
697	0.614827	26	55	208	#
698	0.614827	26	13	38	208	#
699	0.517292	1	21	#
700	1.22623	11	12	37	3	209	#
701	1.22623	53	2	3	209	#
702	1.22623	51	16	2	3	209	#
703	1.22623	21	31	29	10	209	#
704	1.22623	11	12	48	16	2	3	209	#
705	0.521009	4	1	9	#
706	0.368075	18	210	#
707	0.368075	25	17	210	#
708	0.342103	46	#
709	0.217649	3	#
710	0.774642	11	44	211	#
711	0.774642	21	1	9	211	#
712	0.99562	12	44	212	#
713	0.99562	6	40	212	#
714	0.99562	6	63	8	212	#
715	0.99562	6	47	5	4	1	9	212	#
716	0.99562	6	47	28	34	212	#
717	0.655613	39	20	213	#
718	0.655613	28	36	213	#
719	0.655613	39	24	19	213	#
720	0.811408	35	46	214	#
721	0.811408	10	29	22	46	214	#
722	0.811408	10	59	17	214	#
723	0.459308	38	15	#
724	0.211343	7	#
725	0.329802	46	#
726	0.219694	25	#
727	0.807368	31	1	#
728	0.58667	3	2	16	#
729	0.950149	17	60	39	#
730	0.389487	56	215	#
731	0.389487	2	15	215	#
732	0.196142	13	#
733	1.0111	34	39	24	216	#
734	1.0111	9	1	57	216	#
735	0.883591	53	217	#
736	0.883591	51	16	217	#
737	0.883591	11	12	48	16	217	#
738	0.883591	51	24	15	217	#
739	0.883591	11	12	6	7	16	217	#
740	0.86994	63	6	218	#
741	0.86994	0	1	4	5	47	6	218	#
742	0.890639	41	20	219	#
743	0.890639	29	49	15	19	219	#
744	0.890639	29	33	56	19	219	#
745	0.890639	41	24	19	219	#
746	0.890639	29	33	2	15	19	219	#
747	0.500782	21	#
748	0.399486	5	14	220	#
749	0.399486	5	28	13	220	#
750	0.730192	22	46	17	#
751	0.368313	47	28	#
752	0.708937	54	221	#
753	0.708937	11	62	27	221	#
754	0.708937	11	52	26	221	#
755	0.708937	11	62	28	26	221	#
756	0.708937	21	4	5	27	221	#
757	1.02477	36	5	4	1	222	#
758	1.02477	19	57	1	222	#
759	1.02477	20	7	47	5	4	1	222	#
760	1.02477	32	6	47	5	4	1	222	#
761	1.02477	20	39	28	5	4	1	222	#
762	0.363188	7	24	#
763	0.535971	47	7	24	#
764	0.746888	59	#
765	0.237126	13	26	#
766	0.284686	33	223	#
767	0.284686	10	3	223	#
768	0.654546	37	224	#
769	0.654546	2	16	48	224	#
770	1.26411	21	31	225	#
771	1.26411	11	62	5	4	31	225	#
772	1.26411	51	41	225	#
773	0.188269	6	#
774	0.303171	9	#
775	0.871049	41	23	#
776	0.111566	24	#
777	1.06053	63	7	20	226	#
778	1.06053	63	6	32	226	#
779	1.06053	0	1	4	5	36	226	#
780	1.06053	63	7	24	19	226	#
781	1.06053	61	15	19	226	#
782	0.620371	29	49	227	#
783	0.620371	29	33	2	227	#
784	0.620371	29	10	3	2	227	#
785	0.664467	45	228	#
786	0.664467	17	60	13	228	#
787	0.103268	5	#
788	0.324032	12	#
789	0.890639	41	20	229	#
790	0.890639	29	49	15	19	229	#
791	0.890639	29	33	56	19	229	#
792	0.890639	41	24	19	229	#
793	0.890639	29	33	2	15	19	229	#
794	0.792127	41	230	#
795	0.792127	29	49	16	230	#
796	0.792127	29	33	2	16	230	#
797	0.792127	29	10	3	2	16	230	#
798	0.792127	29	49	15	24	230	#
799	0.477456	1	4	5	#
800	0.248074	47	#
801	1.19804	3	37	12	11	231	#
802	1.19804	3	2	53	231	#
803	1.19804	3	2	16	51	231	#
804	1.31244	31	21	232	#
805	1.31244	31	4	5	62	11	232	#
806	1.31244	41	51	232	#
807	1.31244	41	48	12	11	232	#
808	1.31244	22	46	50	21	232	#
809	0.662507	31	#
810	0.919334	60	39	233	#
811	0.919334	25	63	7	233	#
812	0.919334	60	28	47	7	233	#
813	1.22623	11	12	37	3	234	#
814	1.22623	53	2	3	234	#
815	1.22623	51	16	2	3	234	#
816	1.22623	21	31	29	10	234	#
817	1.22623	11	12	48	16	2	3	234	#
818	0.680207	52	11	235	#
819	0.680207	28	62	11	235	#
820	0.680207	28	5	4	21	235	#
821	0.680207	26	54	235	#
822	0.565986	49	15	236	#
823	0.565986	33	56	236	#
824	0.565986	33	2	15	236	#
825	0.565986	10	3	56	236	#
826	0.565986	10	3	2	15	236	#
827	0.418311	1	9	#
828	1.0442	11	12	37	237	#
829	1.0442	53	2	237	#
830	1.0442	51	16	2	237	#
831	1.0442	11	12	48	16	2	237	#
832	1.0442	51	24	56	237	#
833	1.30968	31	21	238	#
834	1.30968	31	4	5	62	11	238	#
835	1.30968	41	51	238	#
836	1.30968	41	48	12	11	238	#
837	0.865366	56	3	35	239	#
838	0.865366	15	49	29	22	239	#
839	0.865366	15	2	3	35	239	#
840	0.865366	56	33	29	22	239	#
841	0.865366	24	41	22	239	#
842	0.748923	29	49	15	240	#
843	0.748923	29	33	56	240	#
844	0.748923	41	24	240	#
845	0.748923	29	33	2	15	240	#
846	0.748923	29	10	3	56	240	#
847	0.464886	1	0	25	#
848	0.347972	25	0	#
849	0.254111	4	5	#
850	0.902058	33	59	241	#
851	0.902058	3	10	59	241	#
852	0.443475	47	28	#
853	0.57299	35	3	242	#
854	0.57299	22	29	33	242	#
855	0.680348	1	4	5	47	243	#
856	0.680348	0	63	243	#
857	0.630856	38	14	5	#
858	0.441051	55	#
859	0.213329	16	#
860	0.191843	17	#
861	0.705636	37	244	#
862	0.705636	48	16	2	244	#
863	0.705636	6	7	16	2	244	#
864	0.705636	48	24	56	244	#
865	0.705636	48	24	15	2	244	#
866	0.425483	4	5	14	245	#
867	0.425483	4	5	28	13	245	#
868	0.546429	26	39	#
869	0.943626	3	35	46	246	#
870	0.943626	33	29	22	46	246	#
871	0.943626	33	59	17	246	#
872	0.943626	3	10	29	22	46	246	#
873	0.943626	33	10	35	46	246	#
874	0.928899	1	4	5	47	7	247	#
875	0.928899	1	4	5	28	39	247	#
876	0.928899	1	57	24	247	#
877	0.928899	0	63	7	247	#
878	0.500926	21	#
879	0.563121	60	13	#
880	0.360218	18	248	#
881	0.360218	17	25	248	#
882	0.740361	31	#
883	0.604696	14	62	249	#
884	0.604696	13	52	249	#
885	0.604696	13	28	62	249	#
886	0.615003	37	#
887	0.666736	17	46	22	#
888	0.71586	43	250	#
889	0.71586	17	60	28	250	#
890	0.71586	50	4	5	250	#
891	0.248149	47	#
892	0.748923	15	49	29	251	#
893	0.748923	56	33	29	251	#
894	0.748923	24	41	251	#
895	0.748923	15	2	33	29	251	#
896	0.748923	56	3	10	29	251	#
897	0.986334	4	31	23	#
898	0.447374	5	47	#
899	0.748652	19	15	49	252	#
900	0.748652	19	56	33	252	#
901	0.748652	19	15	2	33	252	#
902	0.748652	19	56	3	10	252	#
903	0.748652	20	16	49	252	#
904	0.38643	62	#
905	1.06111	24	39	60	17	253	#
906	1.06111	15	38	45	253	#
907	0.670194	24	7	47	5	#
908	0.703012	57	254	#
909	0.703012	4	5	47	7	24	254	#
910	0.864804	24	51	255	#
911	0.864804	24	48	12	11	255	#
912	0.864804	24	7	6	12	11	255	#
913	0.864804	19	30	255	#
914	0.864804	19	32	12	11	255	#
915	1.05259	60	39	20	256	#
916	1.05259	60	28	36	256	#
917	1.05259	60	39	24	19	256	#
918	1.12346	8	25	59	10	#
919	0.865366	56	3	35	257	#
920	0.865366	15	49	29	22	257	#
921	0.865366	15	2	3	35	257	#
922	0.865366	56	33	29	22	257	#
923	0.865366	24	41	22	257	#
924	0.207783	2	#
925	0.668161	11	62	14	#
926	0.660166	5	14	38	258	#
927	0.660166	5	28	55	258	#
928	0.660166	5	28	13	38	258	#
929	0.160497	17	#
930	0.593484	50	#
931	0.509216	27	47	259	#
932	0.509216	26	28	47	259	#
933	0.638377	62	27	260	#
934	0.638377	52	26	260	#
935	0.638377	62	28	26	260	#
936	0.105795	4	#
937	0.767496	38	14	5	4	261	#
938	0.767496	55	28	5	4	261	#
939	0.767496	38	13	28	5	4	261	#
940	0.767496	15	57	261	#
941	0.767496	16	7	47	5	4	261	#
942	0.329227	28	5	4	#
943	0.460276	62	#
944	0.890639	41	20	262	#
945	0.890639	29	49	15	19	262	#
946	0.890639	29	33	56	19	262	#
947	0.890639	41	24	19	262	#
948	0.890639	29	33	2	15	19	262	#
949	0.127649	28	#
950	0.202043	2	#
951	0.236427	2	#
952	0.89642	47	43	263	#
953	0.89642	63	18	263	#
954	0.89642	63	25	17	263	#
955	0.89642	47	28	60	17	263	#
956	0.89642	47	5	4	50	263	#
957	0.488933	39	24	#
958	0.485634	5	47	6	#
959	1.13487	20	39	60	264	#
960	1.13487	36	28	60	264	#
961	1.13487	19	24	39	60	264	#
962	1.13487	20	7	63	25	264	#
963	1.13487	20	7	47	28	60	264	#
964	0.708937	54	265	#
965	0.708937	27	62	11	265	#
966	0.708937	26	52	11	265	#
967	0.708937	26	28	62	11	265	#
968	0.708937	27	5	4	21	265	#
969	0.26195	8	#
970	0.638694	26	39	266	#
971	0.638694	27	47	7	266	#
972	0.638694	26	28	47	7	266	#
973	1.07768	36	5	4	1	9	#
974	0.413256	0	25	#
975	0.510904	60	28	#
976	0.365006	32	#
977	0.59453	24	7	47	267	#
978	0.59453	24	39	28	267	#
979	0.592207	11	12	6	#
980	0.590281	35	3	268	#
981	0.590281	22	29	33	268	#
982	0.423288	18	269	#
983	0.423288	17	25	269	#
984	0.98409	49	29	23	270	#
985	0.98409	2	33	29	23	270	#
986	0.98409	2	3	10	29	23	270	#
987	0.98409	16	41	23	270	#
988	0.0829873	10	#
989	0.313283	14	5	#
990	1.26662	23	31	21	#
991	0.66882	41	#
992	0.667438	12	48	24	#
993	0.858691	1	4	5	36	#
994	0.617024	1	4	5	14	271	#
995	0.617024	1	4	5	28	13	271	#
996	0.510413	14	5	4	1	#
997	0.387441	39	#
998	0.194367	0	#
999	0.622539	7	16	2	272	#
1000	0.622539	7	24	56	272	#
1001	0.622539	7	24	15	2	272	#
