%% File generated by CATS v.2.1Wed Jun 22 10:37:37 2022

%% The CATS webpage is http://robotics.stanford.edu/CATS

%% PARAMETER SETTINGS:
% Goods: 64; Bids: 1000; Distribution: paths; Runs: 1; Seed: 1656572816
% Paths Distribution Parameters:
% Initial connections:       = 2
% Edge density:              = 3.000000
% Shipping cost factor:      = 1.500000
% Max bid set size:          = 5
% Building penalty:          = 1.700000



goods 64
bids 1000
dummy 375

0	0.694954	4	22	63	#
1	0.846476	19	58	#
2	0.112032	11	#
3	1.00055	18	22	25	33	64	#
4	1.00055	10	11	22	25	33	64	#
5	1.00055	22	25	39	49	64	#
6	1.00055	8	9	25	39	64	#
7	1.00055	22	25	35	56	64	#
8	0.459699	17	19	65	#
9	0.459699	6	52	65	#
10	1.04221	55	66	#
11	1.04221	16	54	66	#
12	1.04221	16	19	51	66	#
13	1.04221	16	19	25	58	66	#
14	0.782906	23	62	67	#
15	0.782906	23	26	44	67	#
16	1.207	51	52	68	#
17	1.207	25	52	58	68	#
18	1.207	7	54	68	#
19	1.207	7	19	51	68	#
20	1.207	7	19	25	58	68	#
21	0.758335	7	20	28	69	#
22	0.758335	2	3	7	20	69	#
23	0.758335	6	17	20	28	69	#
24	0.758335	2	3	6	17	20	69	#
25	0.758335	23	24	26	52	69	#
26	0.131358	8	#
27	0.632879	19	44	#
28	1.30069	48	70	#
29	1.30069	16	51	52	70	#
30	1.30069	16	25	52	58	70	#
31	1.30069	7	55	70	#
32	1.30069	7	16	54	70	#
33	0.316489	3	20	#
34	0.145399	22	#
35	0.745933	4	22	63	#
36	0.11331	4	#
37	0.406017	17	71	#
38	0.406017	6	7	71	#
39	0.217366	49	#
40	1.16715	55	72	#
41	1.16715	16	54	72	#
42	1.16715	16	19	51	72	#
43	1.16715	16	19	25	58	72	#
44	1.16715	13	16	20	23	27	45	72	#
45	0.449755	5	23	73	#
46	0.449755	4	23	34	73	#
47	0.849353	62	74	#
48	0.849353	26	44	74	#
49	0.695796	10	31	75	#
50	0.695796	1	44	75	#
51	0.695796	0	10	44	75	#
52	0.722003	40	#
53	0.519807	56	#
54	1.02314	13	23	27	45	76	#
55	1.02314	13	24	28	45	76	#
56	1.02314	5	23	27	36	76	#
57	1.02314	23	25	27	34	63	76	#
58	1.02314	25	28	59	63	76	#
59	0.642914	9	16	25	#
60	0.774915	10	22	33	77	#
61	0.774915	1	22	56	77	#
62	0.774915	0	10	22	56	77	#
63	0.774915	21	22	46	77	#
64	0.660185	44	#
65	0.643969	20	23	27	34	78	#
66	0.643969	19	23	26	34	78	#
67	0.643969	20	28	59	78	#
68	0.806939	19	44	#
69	0.167392	0	#
70	0.366541	29	#
71	1.11899	60	79	#
72	1.11899	16	18	22	25	33	79	#
73	1.11899	10	11	16	22	25	33	79	#
74	1.11899	16	22	25	39	49	79	#
75	1.11899	8	9	16	25	39	79	#
76	0.870068	30	56	80	#
77	0.870068	21	53	80	#
78	0.870068	29	33	80	#
79	0.870068	0	29	56	80	#
80	0.870068	1	10	29	56	80	#
81	1.08658	30	37	62	81	#
82	1.08658	2	30	50	81	#
83	1.00314	24	38	82	#
84	1.00314	11	24	47	82	#
85	1.00314	35	50	82	#
86	1.00314	0	18	50	82	#
87	1.00314	1	11	50	82	#
88	0.288972	26	27	83	#
89	0.288972	19	20	83	#
90	0.669594	45	#
91	0.631705	9	16	25	#
92	0.739523	12	45	#
93	1.04099	2	42	59	84	#
94	1.04099	2	24	34	42	84	#
95	1.04099	2	4	43	59	84	#
96	1.04099	23	34	37	42	84	#
97	0.937617	13	23	27	45	#
98	0.18762	26	#
99	0.84773	4	21	22	63	85	#
100	0.84773	15	43	85	#
101	0.84773	4	15	42	85	#
102	0.84773	21	43	49	85	#
103	0.84773	4	21	42	49	85	#
104	0.849183	16	45	86	#
105	0.849183	14	32	86	#
106	0.672056	25	63	87	#
107	0.672056	4	36	87	#
108	0.343242	29	#
109	0.547617	9	25	#
110	0.926689	22	25	56	#
111	0.72789	3	17	20	88	#
112	0.72789	2	17	20	28	88	#
113	0.72789	3	6	7	20	88	#
114	0.935178	17	19	44	#
115	0.622467	43	89	#
116	0.622467	4	42	89	#
117	0.136327	22	#
118	0.996692	37	40	90	#
119	0.996692	2	21	22	59	63	90	#
120	0.996692	3	41	90	#
121	0.996692	3	27	40	90	#
122	0.996692	2	23	24	40	90	#
123	0.7039	39	#
124	0.631171	43	91	#
125	0.631171	4	42	91	#
126	0.0624531	2	#
127	0.937687	13	16	45	92	#
128	0.937687	32	34	92	#
129	0.937687	5	16	36	92	#
130	0.937687	4	5	32	92	#
131	0.937687	16	25	34	63	92	#
132	0.201984	20	#
133	0.402614	13	24	#
134	1.07346	34	47	93	#
135	1.07346	4	57	93	#
136	1.07346	1	23	34	62	93	#
137	1.07346	0	10	23	34	62	93	#
138	1.07346	10	23	26	31	34	93	#
139	0.179717	0	94	#
140	0.179717	1	10	94	#
141	0.782736	3	17	20	95	#
142	0.782736	2	17	20	28	95	#
143	0.782736	3	6	7	20	95	#
144	0.782736	2	6	7	20	28	95	#
145	0.782736	17	20	27	37	95	#
146	0.451318	2	13	24	#
147	0.683079	10	46	96	#
148	0.683079	21	33	96	#
149	0.683079	0	21	56	96	#
150	0.318903	3	20	#
151	0.529892	23	26	34	#
152	0.355723	5	97	#
153	0.355723	4	34	97	#
154	0.264941	25	#
155	0.291529	10	29	#
156	0.873764	21	22	63	98	#
157	0.873764	15	42	98	#
158	0.873764	21	42	49	98	#
159	0.873764	4	15	43	98	#
160	0.873764	15	22	49	63	98	#
161	0.67412	11	46	99	#
162	0.67412	10	18	46	99	#
163	0.67412	15	39	99	#
164	0.814917	27	62	100	#
165	0.814917	26	27	44	100	#
166	0.814917	19	20	44	100	#
167	0.441121	52	101	#
168	0.441121	7	19	101	#
169	0.841384	5	23	61	#
170	0.270209	29	10	#
171	0.442734	34	23	27	102	#
172	0.442734	59	28	102	#
173	0.631301	62	#
174	0.496807	27	23	34	103	#
175	0.496807	28	59	103	#
176	1.08498	57	10	104	#
177	1.08498	5	47	10	104	#
178	1.08498	5	23	62	0	104	#
179	1.08498	5	23	26	31	104	#
180	1.08498	5	23	62	1	10	104	#
181	0.972982	61	4	59	2	105	#
182	0.972982	61	5	24	2	105	#
183	1.0139	45	13	24	2	106	#
184	1.0139	25	63	59	2	106	#
185	1.0139	45	13	23	37	106	#
186	1.0139	36	4	59	2	106	#
187	1.0139	36	5	24	2	106	#
188	0.606255	36	#
189	0.826976	40	21	#
190	1.11012	27	23	13	45	16	107	#
191	1.11012	27	23	34	32	107	#
192	1.11012	28	59	32	107	#
193	1.11012	3	2	59	32	107	#
194	1.11012	28	24	13	45	16	107	#
195	0.24067	15	#
196	0.392648	7	108	#
197	0.392648	6	17	108	#
198	0.30744	8	49	#
199	0.477778	63	#
200	0.743054	31	18	109	#
201	0.743054	31	10	11	109	#
202	0.743054	44	35	109	#
203	0.743054	44	0	18	109	#
204	0.743054	44	1	11	109	#
205	0.629862	3	20	17	#
206	0.743054	31	18	110	#
207	0.743054	31	10	11	110	#
208	0.743054	44	35	110	#
209	0.743054	44	0	18	110	#
210	0.743054	44	1	11	110	#
211	0.684867	22	56	#
212	0.635578	56	#
213	0.933077	34	23	27	20	17	111	#
214	0.933077	34	23	26	19	17	111	#
215	0.933077	59	28	20	17	111	#
216	0.933077	34	23	26	52	6	111	#
217	0.227936	9	#
218	0.70955	63	59	#
219	0.105704	23	#
220	0.447555	20	28	112	#
221	0.447555	20	3	2	112	#
222	0.586292	26	23	34	113	#
223	0.586292	26	23	5	4	113	#
224	0.25781	14	#
225	0.775369	63	34	23	114	#
226	0.775369	58	26	114	#
227	1.10383	42	39	115	#
228	1.10383	34	38	115	#
229	1.10383	34	47	11	115	#
230	1.10383	4	57	11	115	#
231	1.10383	34	47	10	18	115	#
232	0.955451	32	59	#
233	0.661766	9	25	16	#
234	0.517652	34	23	27	116	#
235	0.517652	59	28	116	#
236	0.517652	59	2	3	116	#
237	0.517652	4	5	23	27	116	#
238	0.517652	34	24	28	116	#
239	0.936351	34	23	26	52	117	#
240	0.936351	34	23	27	20	7	117	#
241	0.936351	34	23	26	19	7	117	#
242	0.936351	59	28	20	7	117	#
243	0.936351	4	5	23	26	52	117	#
244	1.05887	21	22	58	19	118	#
245	1.05887	41	20	118	#
246	1.05887	40	27	20	118	#
247	1.05887	40	26	19	118	#
248	0.487773	25	22	49	#
249	0.931025	61	5	23	119	#
250	0.931025	61	4	34	23	119	#
251	0.38975	15	8	120	#
252	0.38975	21	49	8	120	#
253	0.603685	34	23	26	121	#
254	0.603685	4	5	23	26	121	#
255	0.885136	23	13	45	#
256	0.533947	39	#
257	0.738423	11	46	122	#
258	0.738423	18	10	46	122	#
259	0.738423	39	15	122	#
260	0.738423	18	33	21	122	#
261	0.738423	11	10	33	21	122	#
262	0.678666	45	#
263	0.736704	28	20	17	123	#
264	0.736704	2	3	20	17	123	#
265	0.736704	28	20	7	6	123	#
266	0.684235	33	18	124	#
267	0.684235	33	10	11	124	#
268	0.684235	49	39	124	#
269	0.684235	56	35	124	#
270	0.684235	56	0	18	124	#
271	0.614668	36	#
272	1.34821	17	55	125	#
273	1.34821	17	54	16	125	#
274	1.34821	17	19	51	16	125	#
275	1.34821	17	19	58	25	16	125	#
276	1.34821	6	48	125	#
277	0.578541	22	56	#
278	0.227796	9	#
279	1.05718	41	126	#
280	1.05718	27	40	126	#
281	1.05718	27	23	34	63	22	21	126	#
282	0.886414	13	23	26	52	127	#
283	0.886414	13	23	27	20	7	127	#
284	0.886414	13	23	26	19	7	127	#
285	0.513035	56	#
286	0.975519	0	50	128	#
287	0.975519	10	47	24	128	#
288	0.975519	10	1	50	128	#
289	0.975519	0	62	23	24	128	#
290	0.975519	31	26	23	24	128	#
291	1.00055	18	33	22	25	129	#
292	1.00055	11	10	33	22	25	129	#
293	1.00055	39	49	22	25	129	#
294	1.00055	39	8	9	25	129	#
295	1.00055	35	56	22	25	129	#
296	0.587794	2	24	13	130	#
297	0.587794	37	23	13	130	#
298	0.587794	3	27	23	13	130	#
299	0.587794	2	59	14	130	#
300	0.310422	10	29	#
301	1.00576	10	31	52	#
302	1.16715	55	131	#
303	1.16715	16	54	131	#
304	1.16715	16	51	19	131	#
305	1.16715	16	25	58	19	131	#
306	1.16715	16	45	13	23	27	20	131	#
307	0.648226	39	8	#
308	1.1109	2	59	32	132	#
309	1.1109	2	24	13	45	16	132	#
310	1.1109	2	24	34	32	132	#
311	1.1109	2	59	63	25	16	132	#
312	1.1109	37	23	13	45	16	132	#
313	0.430881	29	18	133	#
314	0.430881	29	10	11	133	#
315	0.295981	29	#
316	0.300828	37	134	#
317	0.300828	3	27	134	#
318	0.300828	2	24	23	134	#
319	0.304307	14	#
320	0.977969	47	24	2	135	#
321	0.977969	1	62	37	135	#
322	0.977969	10	0	62	37	135	#
323	0.977969	1	50	2	135	#
324	0.977969	10	0	50	2	135	#
325	0.96042	27	62	136	#
326	0.96042	27	26	44	136	#
327	0.96042	20	19	44	136	#
328	0.96042	28	50	136	#
329	0.96042	3	37	62	136	#
330	0.470831	52	137	#
331	0.470831	7	19	137	#
332	0.657516	63	34	#
333	0.649732	20	17	138	#
334	0.649732	20	7	6	138	#
335	1.019	16	25	22	56	#
336	0.730924	12	25	9	#
337	0.270666	9	#
338	0.6248	8	39	#
339	0.139349	19	#
340	0.723489	45	13	#
341	0.63405	32	#
342	0.587488	61	4	#
343	0.444142	19	17	#
344	0.174979	3	#
345	0.864216	19	31	18	139	#
346	0.864216	19	31	10	11	139	#
347	0.864216	19	44	35	139	#
348	0.864216	19	44	0	18	139	#
349	0.864216	19	44	1	11	139	#
350	0.666148	10	33	140	#
351	0.666148	1	56	140	#
352	0.666148	10	0	56	140	#
353	0.666148	46	21	140	#
354	0.779578	19	44	#
355	0.341861	16	25	#
356	0.613356	33	141	#
357	0.613356	56	0	141	#
358	0.481243	24	23	26	142	#
359	0.481243	28	27	26	142	#
360	0.481243	28	20	19	142	#
361	0.481243	2	37	26	142	#
362	0.481243	2	3	27	26	142	#
363	0.614899	20	27	23	34	143	#
364	0.614899	19	26	23	34	143	#
365	0.614899	20	28	59	143	#
366	0.870068	30	56	144	#
367	0.870068	53	21	144	#
368	0.870068	29	33	144	#
369	0.870068	29	0	56	144	#
370	0.870068	29	10	1	56	144	#
371	0.940438	42	59	145	#
372	0.940438	42	34	24	145	#
373	0.251725	14	#
374	1.34022	52	26	23	5	61	#
375	0.936351	52	26	23	34	146	#
376	0.936351	7	20	27	23	34	146	#
377	0.936351	7	19	26	23	34	146	#
378	0.936351	7	20	28	59	146	#
379	0.936351	52	26	23	5	4	146	#
380	0.0603447	2	#
381	0.880007	59	63	22	#
382	0.806705	23	34	63	147	#
383	0.806705	26	58	147	#
384	0.973816	21	22	63	59	148	#
385	0.973816	40	23	24	148	#
386	0.973816	15	42	59	148	#
387	0.973816	41	28	148	#
388	0.973816	40	27	28	148	#
389	0.946581	10	31	19	149	#
390	0.946581	1	44	19	149	#
391	0.946581	10	0	44	19	149	#
392	0.946581	11	18	31	19	149	#
393	0.946581	11	35	44	19	149	#
394	0.844089	4	63	22	150	#
395	0.844089	43	49	150	#
396	0.844089	4	42	49	150	#
397	0.844089	43	15	21	150	#
398	0.844089	4	42	15	21	150	#
399	0.1665	22	#
400	1.00314	24	38	151	#
401	1.00314	24	47	11	151	#
402	1.00314	50	35	151	#
403	1.00314	50	0	18	151	#
404	1.00314	50	1	11	151	#
405	1.08491	41	152	#
406	1.08491	40	27	152	#
407	1.08491	21	22	63	34	23	27	152	#
408	1.08491	21	22	63	59	28	152	#
409	1.08491	40	37	3	152	#
410	0.68689	63	4	#
411	0.919331	5	61	153	#
412	0.919331	34	4	61	153	#
413	0.919331	13	45	12	153	#
414	0.429324	17	154	#
415	0.429324	6	7	154	#
416	0.844509	31	155	#
417	0.844509	0	44	155	#
418	0.844509	10	1	44	155	#
419	0.844509	18	35	44	155	#
420	0.844509	10	11	35	44	155	#
421	0.216525	27	23	#
422	0.481243	24	23	26	156	#
423	0.481243	28	27	26	156	#
424	0.481243	28	20	19	156	#
425	0.481243	2	37	26	156	#
426	0.481243	2	3	27	26	156	#
427	0.355439	23	34	#
428	0.864216	19	31	18	157	#
429	0.864216	19	31	10	11	157	#
430	0.864216	19	44	35	157	#
431	0.864216	19	44	0	18	157	#
432	0.864216	19	44	1	11	157	#
433	0.844089	22	63	4	158	#
434	0.844089	49	43	158	#
435	0.844089	49	42	4	158	#
436	0.844089	21	15	43	158	#
437	0.844089	21	15	42	4	158	#
438	0.952651	47	24	159	#
439	0.952651	1	50	159	#
440	0.952651	10	0	50	159	#
441	0.233206	21	22	#
442	0.236309	49	#
443	0.0208313	10	#
444	0.163139	22	#
445	0.499241	52	160	#
446	0.499241	19	7	160	#
447	0.499241	19	17	6	160	#
448	0.640324	36	#
449	0.235953	24	23	#
450	1.28351	52	58	161	#
451	1.28351	7	19	58	161	#
452	1.28351	6	17	19	58	161	#
453	1.28351	52	26	23	34	63	161	#
454	1.28351	7	20	27	23	34	63	161	#
455	0.738204	21	22	63	162	#
456	0.738204	15	42	162	#
457	0.834598	0	62	163	#
458	0.834598	31	26	163	#
459	0.834598	10	1	62	163	#
460	0.834598	0	44	26	163	#
461	0.834598	10	1	44	26	163	#
462	0.371534	16	25	#
463	0.209879	20	#
464	1.207	52	51	164	#
465	1.207	52	58	25	164	#
466	1.207	7	54	164	#
467	1.207	7	19	51	164	#
468	1.207	7	19	58	25	164	#
469	0.861792	10	31	19	165	#
470	0.861792	1	44	19	165	#
471	0.861792	10	0	44	19	165	#
472	0.977969	47	24	2	166	#
473	0.977969	1	62	37	166	#
474	0.977969	10	0	62	37	166	#
475	0.977969	1	50	2	166	#
476	0.977969	10	0	50	2	166	#
477	0.154579	19	#
478	0.637903	16	25	22	49	167	#
479	0.637903	16	25	9	8	167	#
480	0.0958569	4	#
481	1.05008	2	24	38	168	#
482	1.05008	2	24	47	11	168	#
483	1.05008	37	62	35	168	#
484	1.05008	37	62	0	18	168	#
485	1.05008	37	62	1	11	168	#
486	1.08491	41	169	#
487	1.08491	40	27	169	#
488	1.08491	21	22	63	34	23	27	169	#
489	1.08491	21	22	63	59	28	169	#
490	1.08491	40	37	3	169	#
491	0.758335	7	20	28	170	#
492	0.758335	7	20	3	2	170	#
493	0.758335	6	17	20	28	170	#
494	0.758335	6	17	20	3	2	170	#
495	0.758335	52	26	23	24	170	#
496	0.42919	7	171	#
497	0.42919	6	17	171	#
498	0.917643	5	61	172	#
499	0.917643	34	4	61	172	#
500	0.917643	13	45	12	172	#
501	0.908301	0	62	27	173	#
502	0.908301	31	26	27	173	#
503	0.908301	31	19	20	173	#
504	0.908301	10	1	62	27	173	#
505	0.908301	0	44	26	27	173	#
506	1.06475	16	51	174	#
507	1.06475	16	25	58	174	#
508	1.06475	16	45	13	23	26	174	#
509	0.854588	35	62	175	#
510	0.854588	18	0	62	175	#
511	0.854588	11	1	62	175	#
512	0.854588	11	10	0	62	175	#
513	0.854588	18	31	26	175	#
514	0.204294	13	#
515	1.02279	58	22	21	176	#
516	1.02279	26	40	176	#
517	1.02279	44	56	21	176	#
518	0.147061	24	#
519	0.81785	63	22	21	177	#
520	0.81785	42	15	177	#
521	0.81785	42	49	21	177	#
522	0.30953	34	#
523	0.463795	20	3	178	#
524	0.463795	20	28	2	178	#
525	0.927343	1	62	27	179	#
526	0.927343	10	0	62	27	179	#
527	0.927343	10	31	26	27	179	#
528	0.927343	10	31	19	20	179	#
529	0.927343	1	44	26	27	179	#
530	0.55233	20	17	180	#
531	0.55233	20	7	6	180	#
532	0.396501	9	25	#
533	0.662083	36	181	#
534	0.662083	12	61	181	#
535	1.05101	54	182	#
536	1.05101	19	51	182	#
537	1.05101	19	58	25	182	#
538	1.05101	20	27	23	13	45	182	#
539	1.05101	19	26	23	13	45	182	#
540	0.390662	13	24	#
541	0.337773	20	3	#
542	1.15165	58	19	17	183	#
543	1.15165	58	52	6	183	#
544	1.15165	58	19	7	6	183	#
545	0.975519	0	50	184	#
546	0.975519	10	47	24	184	#
547	0.975519	10	1	50	184	#
548	0.975519	0	62	23	24	184	#
549	0.975519	31	26	23	24	184	#
550	0.122862	11	185	#
551	0.122862	18	10	185	#
552	1.23072	16	25	22	56	30	186	#
553	1.23072	16	25	22	21	53	186	#
554	0.882121	62	187	#
555	0.882121	26	44	187	#
556	0.758335	7	20	28	188	#
557	0.758335	7	20	3	2	188	#
558	0.758335	6	17	20	28	188	#
559	0.758335	6	17	20	3	2	188	#
560	0.758335	52	26	23	24	188	#
561	0.235947	13	#
562	1.2455	54	17	189	#
563	1.2455	51	19	17	189	#
564	1.2455	25	58	19	17	189	#
565	1.2455	51	52	6	189	#
566	1.2455	25	58	52	6	189	#
567	0.595058	63	#
568	0.71834	8	43	190	#
569	0.71834	8	42	4	190	#
570	0.71834	9	63	4	190	#
571	0.274916	30	#
572	0.42657	25	9	#
573	0.514369	61	#
574	0.143258	19	#
575	0.183491	3	#
576	0.672479	17	20	27	23	191	#
577	0.672479	17	19	26	23	191	#
578	0.354517	12	16	#
579	0.790429	28	20	17	192	#
580	0.790429	2	3	20	17	192	#
581	0.790429	28	20	7	6	192	#
582	0.790429	2	3	20	7	6	192	#
583	0.790429	24	23	27	20	17	192	#
584	0.993228	16	45	13	23	193	#
585	0.993228	32	34	23	193	#
586	1.1234	16	51	194	#
587	1.1234	16	25	58	194	#
588	1.1234	16	45	13	23	26	194	#
589	1.1234	32	34	23	26	194	#
590	1.1234	55	19	194	#
591	0.112239	21	#
592	0.161719	0	#
593	0.927343	1	62	27	195	#
594	0.927343	10	0	62	27	195	#
595	0.927343	10	31	26	27	195	#
596	0.927343	10	31	19	20	195	#
597	0.927343	1	44	26	27	195	#
598	0.893513	47	196	#
599	0.893513	23	62	1	196	#
600	0.893513	23	62	0	10	196	#
601	0.893513	23	26	31	10	196	#
602	0.893513	23	26	44	1	196	#
603	1.07346	47	34	197	#
604	1.07346	57	4	197	#
605	1.07346	1	62	23	34	197	#
606	1.07346	10	0	62	23	34	197	#
607	1.07346	10	31	26	23	34	197	#
608	0.474257	37	26	198	#
609	0.474257	3	27	26	198	#
610	0.474257	3	20	19	198	#
611	0.474257	2	24	23	26	198	#
612	0.474257	2	28	27	26	198	#
613	0.841723	56	22	25	#
614	0.764454	19	31	10	#
615	0.552093	26	23	34	#
616	0.582844	2	24	13	199	#
617	0.582844	37	23	13	199	#
618	0.582844	3	27	23	13	199	#
619	0.582844	2	59	14	199	#
620	0.670516	16	25	9	#
621	0.244813	12	#
622	0.604762	33	200	#
623	0.604762	0	56	200	#
624	0.166749	3	#
625	0.765515	3	20	17	201	#
626	0.765515	2	28	20	17	201	#
627	0.765515	3	20	7	6	201	#
628	0.765515	2	28	20	7	6	201	#
629	1.28351	58	52	202	#
630	1.28351	58	19	7	202	#
631	1.28351	58	19	17	6	202	#
632	1.28351	63	34	23	26	52	202	#
633	1.28351	63	34	23	27	20	7	202	#
634	0.103028	21	#
635	0.943845	25	22	33	203	#
636	0.943845	25	22	56	0	203	#
637	0.943845	25	22	56	1	10	203	#
638	0.943845	25	22	21	46	10	203	#
639	0.245803	34	#
640	0.802151	10	33	22	204	#
641	0.802151	1	56	22	204	#
642	0.802151	10	0	56	22	204	#
643	0.802151	46	21	22	204	#
644	0.321523	34	#
645	0.272239	29	#
646	1.11012	16	45	13	23	27	205	#
647	1.11012	32	34	23	27	205	#
648	1.11012	32	59	28	205	#
649	1.11012	32	59	2	3	205	#
650	1.11012	16	45	13	24	28	205	#
651	0.679366	9	25	16	#
652	1.00055	18	33	22	25	206	#
653	1.00055	11	10	33	22	25	206	#
654	1.00055	39	49	22	25	206	#
655	1.00055	39	8	9	25	206	#
656	1.00055	35	56	22	25	206	#
657	0.750746	30	56	207	#
658	0.750746	53	21	207	#
659	0.901361	19	31	208	#
660	0.901361	19	44	0	208	#
661	0.901361	19	44	1	10	208	#
662	0.399384	52	#
663	0.514696	34	23	26	#
664	0.975519	0	50	209	#
665	0.975519	10	47	24	209	#
666	0.975519	10	1	50	209	#
667	0.975519	0	62	23	24	209	#
668	0.975519	31	26	23	24	209	#
669	0.334481	23	34	#
670	0.711624	45	#
671	1.30069	48	210	#
672	1.30069	16	51	52	210	#
673	1.30069	16	25	58	52	210	#
674	1.30069	55	7	210	#
675	1.30069	16	54	7	210	#
676	1.07883	10	31	52	211	#
677	1.07883	10	31	19	7	211	#
678	1.07883	1	44	52	211	#
679	1.07883	10	0	44	52	211	#
680	1.07883	1	44	19	7	211	#
681	0.684235	18	33	212	#
682	0.684235	11	10	33	212	#
683	0.684235	39	49	212	#
684	0.684235	35	56	212	#
685	0.684235	18	0	56	212	#
686	0.443764	3	20	213	#
687	0.443764	2	28	20	213	#
688	0.949258	16	25	22	56	#
689	0.939641	59	32	#
690	0.543337	22	25	12	#
691	0.15076	27	#
692	0.314629	14	#
693	0.589066	45	#
694	0.414122	2	24	13	#
695	0.992883	56	22	25	16	#
696	0.729728	52	26	23	214	#
697	0.729728	7	20	27	23	214	#
698	0.729728	7	19	26	23	214	#
699	0.729728	6	17	20	27	23	214	#
700	0.729728	6	17	19	26	23	214	#
701	1.34821	17	55	215	#
702	1.34821	17	54	16	215	#
703	1.34821	17	19	51	16	215	#
704	1.34821	17	19	58	25	16	215	#
705	1.34821	6	48	215	#
706	0.959196	5	23	26	52	216	#
707	0.959196	5	23	27	20	7	216	#
708	0.959196	5	23	26	19	7	216	#
709	0.959196	4	34	23	26	52	216	#
710	0.959196	4	34	23	27	20	7	216	#
711	0.383227	13	24	#
712	0.656359	22	63	4	#
713	0.108377	6	#
714	0.663057	45	#
715	1.09804	20	27	23	5	61	217	#
716	1.09804	19	26	23	5	61	217	#
717	1.09804	54	12	217	#
718	1.09804	19	51	12	217	#
719	1.09804	19	58	25	12	217	#
720	0.19309	26	#
721	0.966424	35	62	27	218	#
722	0.966424	18	0	62	27	218	#
723	0.966424	11	1	62	27	218	#
724	0.966424	11	10	0	62	27	218	#
725	0.966424	18	31	26	27	218	#
726	0.198499	15	#
727	1.25516	22	58	52	219	#
728	1.25516	22	58	19	7	219	#
729	1.25516	22	58	19	17	6	219	#
730	0.67776	20	27	23	5	220	#
731	0.67776	19	26	23	5	220	#
732	0.67776	20	27	23	34	4	220	#
733	0.67776	19	26	23	34	4	220	#
734	0.67776	20	28	59	4	220	#
735	0.956854	45	13	23	27	#
736	0.294696	8	15	#
737	1.34821	55	17	221	#
738	1.34821	16	54	17	221	#
739	1.34821	16	51	19	17	221	#
740	1.34821	16	25	58	19	17	221	#
741	1.34821	48	6	221	#
742	0.39791	16	25	#
743	0.111802	23	#
744	0.975519	0	50	222	#
745	0.975519	10	47	24	222	#
746	0.975519	10	1	50	222	#
747	0.975519	0	62	23	24	222	#
748	0.975519	31	26	23	24	222	#
749	0.834598	0	62	223	#
750	0.834598	31	26	223	#
751	0.834598	10	1	62	223	#
752	0.834598	0	44	26	223	#
753	0.834598	10	1	44	26	223	#
754	1.11548	26	23	5	61	224	#
755	1.11548	51	12	224	#
756	1.11548	58	25	12	224	#
757	1.11548	26	23	34	4	61	224	#
758	0.583353	36	#
759	0.308111	20	28	#
760	0.973991	24	47	225	#
761	0.973991	50	1	225	#
762	0.973991	50	0	10	225	#
763	0.973991	24	23	62	1	225	#
764	0.973991	24	23	62	0	10	225	#
765	1.0681	57	226	#
766	1.0681	47	5	226	#
767	1.0681	1	62	23	5	226	#
768	1.0681	10	0	62	23	5	226	#
769	1.0681	47	34	4	226	#
770	0.081668	2	#
771	0.230498	12	#
772	0.376515	26	37	#
773	0.106713	6	#
774	0.480286	56	#
775	0.199332	25	#
776	0.213295	15	#
777	0.72868	36	227	#
778	0.72868	12	61	227	#
779	0.72868	25	63	4	227	#
780	0.299502	29	#
781	1.21651	30	56	22	25	12	#
782	0.118821	21	#
783	0.5215	46	#
784	0.629999	26	23	34	228	#
785	0.629999	26	23	5	4	228	#
786	1.00052	44	52	229	#
787	1.00052	44	19	7	229	#
788	1.00052	44	19	17	6	229	#
789	1.05979	31	52	230	#
790	1.05979	31	19	7	230	#
791	1.05979	0	44	52	230	#
792	1.05979	10	1	44	52	230	#
793	1.05979	0	44	19	7	230	#
794	0.870569	44	19	231	#
795	0.870569	0	31	19	231	#
796	0.870569	62	27	20	231	#
797	0.870569	62	26	19	231	#
798	0.254351	9	#
799	1.01165	52	31	10	#
800	0.391042	24	13	#
801	0.825419	10	31	232	#
802	0.825419	1	44	232	#
803	0.825419	10	0	44	232	#
804	0.825419	11	18	31	232	#
805	0.825419	11	35	44	232	#
806	0.619632	42	#
807	0.840951	32	233	#
808	0.840951	63	25	16	233	#
809	0.840951	4	36	16	233	#
810	0.840951	14	45	16	233	#
811	0.222012	20	#
812	0.161141	20	#
813	0.969242	2	59	63	22	#
814	0.17204	28	#
815	0.477297	63	#
816	0.161813	16	#
817	0.913148	58	22	21	234	#
818	0.913148	26	40	234	#
819	0.100859	21	#
820	0.158892	28	#
821	0.941692	59	63	22	235	#
822	0.941692	24	34	63	22	235	#
823	0.230608	20	#
824	0.170511	0	#
825	0.998141	19	58	22	#
826	0.468108	2	59	236	#
827	0.468108	2	24	34	236	#
828	0.751705	32	237	#
829	0.751705	16	25	63	237	#
830	0.474029	24	13	#
831	1.203	10	33	22	25	12	238	#
832	1.203	1	56	22	25	12	238	#
833	1.203	10	0	56	22	25	12	238	#
834	1.203	46	21	22	25	12	238	#
835	0.299876	27	26	239	#
836	0.299876	20	19	239	#
837	1.09879	57	11	240	#
838	1.09879	57	10	18	240	#
839	1.09879	5	38	240	#
840	1.09879	5	47	11	240	#
841	1.09879	43	39	240	#
842	0.346035	30	#
843	0.621035	17	20	241	#
844	0.621035	6	7	20	241	#
845	0.216388	12	#
846	0.954237	56	22	25	#
847	0.729728	52	26	23	242	#
848	0.729728	7	20	27	23	242	#
849	0.729728	7	19	26	23	242	#
850	0.729728	6	17	20	27	23	242	#
851	0.729728	6	17	19	26	23	242	#
852	0.278174	13	#
853	1.03792	59	4	61	243	#
854	1.03792	24	5	61	243	#
855	1.03792	24	34	4	61	243	#
856	1.03792	24	13	45	12	243	#
857	0.177008	20	#
858	0.782736	3	20	17	244	#
859	0.782736	2	28	20	17	244	#
860	0.782736	3	20	7	6	244	#
861	0.782736	2	28	20	7	6	244	#
862	0.782736	37	27	20	17	244	#
863	0.46882	9	25	#
864	0.838033	52	26	23	34	#
865	0.874763	58	19	#
866	1.01569	23	13	45	16	245	#
867	1.01569	23	34	32	245	#
868	1.01569	23	5	36	16	245	#
869	1.01569	23	5	4	32	245	#
870	1.01569	23	34	63	25	16	245	#
871	0.637694	56	22	#
872	0.756306	19	44	#
873	0.513495	39	#
874	1.05101	54	246	#
875	1.05101	19	51	246	#
876	1.05101	19	58	25	246	#
877	1.05101	20	27	23	13	45	246	#
878	1.05101	19	26	23	13	45	246	#
879	0.912391	62	23	5	#
880	0.296101	29	#
881	0.224185	15	#
882	0.930785	13	23	26	52	247	#
883	0.930785	13	23	27	20	7	247	#
884	0.930785	13	23	26	19	7	247	#
885	0.930785	13	23	27	20	17	6	247	#
886	0.930785	13	23	26	19	17	6	247	#
887	0.433793	2	24	13	#
888	0.0833433	23	#
889	0.568219	17	20	248	#
890	0.568219	6	7	20	248	#
891	0.482164	9	25	#
892	0.936351	52	26	23	34	249	#
893	0.936351	7	20	27	23	34	249	#
894	0.936351	7	19	26	23	34	249	#
895	0.936351	7	20	28	59	249	#
896	0.936351	52	26	23	5	4	249	#
897	1.06234	16	45	13	23	27	250	#
898	1.06234	32	34	23	27	250	#
899	1.06234	32	59	28	250	#
900	0.765487	33	251	#
901	0.765487	0	56	251	#
902	0.765487	10	1	56	251	#
903	0.765487	10	46	21	251	#
904	0.765487	18	39	49	251	#
905	0.891801	47	252	#
906	0.891801	1	62	23	252	#
907	0.891801	10	0	62	23	252	#
908	0.891801	10	31	26	23	252	#
909	0.162574	20	#
910	0.412843	59	253	#
911	0.412843	34	24	253	#
912	0.307569	26	23	#
913	0.190738	23	27	#
914	1.07267	19	58	22	254	#
915	1.07267	19	44	56	254	#
916	1.07267	20	41	21	254	#
917	1.07267	20	27	40	21	254	#
918	1.07267	19	26	40	21	254	#
919	1.27543	16	25	22	56	30	255	#
920	1.27543	16	25	22	21	53	255	#
921	1.27543	16	25	22	33	29	255	#
922	1.27543	16	25	22	56	0	29	255	#
923	1.27543	60	18	29	255	#
924	0.766158	50	#
925	0.710383	56	30	#
926	0.354921	23	34	#
927	1.23479	10	33	22	25	12	256	#
928	1.23479	1	56	22	25	12	256	#
929	1.23479	10	0	56	22	25	12	256	#
930	1.23479	46	21	22	25	12	256	#
931	0.715853	23	62	#
932	1.08491	41	257	#
933	1.08491	40	27	257	#
934	1.08491	21	22	63	34	23	27	257	#
935	1.08491	21	22	63	59	28	257	#
936	1.08491	40	37	3	257	#
937	0.296231	34	#
938	0.673844	34	23	27	20	258	#
939	0.673844	34	23	26	19	258	#
940	0.673844	59	28	20	258	#
941	0.673844	59	2	3	20	258	#
942	0.673844	4	5	23	27	20	258	#
943	0.743054	31	18	259	#
944	0.743054	31	10	11	259	#
945	0.743054	44	35	259	#
946	0.743054	44	0	18	259	#
947	0.743054	44	1	11	259	#
948	0.160592	1	260	#
949	0.160592	0	10	260	#
950	1.03992	11	60	261	#
951	1.03992	10	33	22	25	16	261	#
952	1.03992	1	56	22	25	16	261	#
953	1.03992	10	0	56	22	25	16	261	#
954	1.03992	46	21	22	25	16	261	#
955	0.637925	22	63	#
956	1.09804	20	27	23	5	61	262	#
957	1.09804	19	26	23	5	61	262	#
958	1.09804	54	12	262	#
959	1.09804	19	51	12	262	#
960	1.09804	19	58	25	12	262	#
961	1.08498	57	10	263	#
962	1.08498	5	47	10	263	#
963	1.08498	5	23	62	0	263	#
964	1.08498	5	23	26	31	263	#
965	1.08498	5	23	62	1	10	263	#
966	0.71592	16	36	264	#
967	0.71592	32	4	264	#
968	0.534171	4	63	#
969	0.270349	35	265	#
970	0.270349	18	0	265	#
971	0.270349	11	1	265	#
972	0.270349	11	10	0	265	#
973	0.613972	39	#
974	0.865218	32	266	#
975	0.865218	16	25	63	266	#
976	0.865218	16	36	4	266	#
977	0.865218	16	45	14	266	#
978	0.865218	16	12	61	4	266	#
979	0.71227	63	22	267	#
980	0.71227	42	49	267	#
981	0.973991	47	24	268	#
982	0.973991	1	50	268	#
983	0.973991	10	0	50	268	#
984	0.973991	1	62	23	24	268	#
985	0.973991	10	0	62	23	24	268	#
986	0.655735	20	27	23	5	269	#
987	0.655735	19	26	23	5	269	#
988	0.798342	23	40	#
989	0.0922601	23	#
990	0.282148	35	270	#
991	0.282148	18	0	270	#
992	0.282148	11	1	270	#
993	0.282148	11	10	0	270	#
994	0.282148	18	10	1	270	#
995	1.05008	2	24	38	271	#
996	1.05008	2	24	47	11	271	#
997	1.05008	37	62	35	271	#
998	1.05008	37	62	0	18	271	#
999	1.05008	37	62	1	11	271	#
