%% File generated by CATS v.2.1Wed Jun 22 10:37:37 2022

%% The CATS webpage is http://robotics.stanford.edu/CATS

%% PARAMETER SETTINGS:
% Goods: 64; Bids: 1000; Distribution: paths; Runs: 1; Seed: 1656572820
% Paths Distribution Parameters:
% Initial connections:       = 2
% Edge density:              = 3.000000
% Shipping cost factor:      = 1.500000
% Max bid set size:          = 5
% Building penalty:          = 1.700000



goods 64
bids 1002
dummy 426

0	0.823132	10	45	64	#
1	0.823132	9	20	45	64	#
2	0.746481	36	65	#
3	0.746481	11	27	62	65	#
4	1.09279	59	66	#
5	1.09279	35	43	55	66	#
6	1.09279	7	60	66	#
7	1.09279	7	19	35	43	66	#
8	1.09279	30	50	55	66	#
9	0.711548	39	67	#
10	0.711548	16	45	67	#
11	0.893439	7	32	#
12	0.493351	13	46	68	#
13	0.493351	11	27	28	68	#
14	0.986334	2	13	46	58	#
15	0.948027	1	31	69	#
16	0.948027	0	9	31	69	#
17	0.88472	2	33	52	70	#
18	0.88472	2	5	52	63	70	#
19	0.88472	2	4	19	52	63	70	#
20	0.852267	14	21	31	#
21	0.283453	26	#
22	0.628199	14	15	23	#
23	1.07608	25	33	52	71	#
24	1.07608	5	25	52	63	71	#
25	1.07608	4	19	25	52	63	71	#
26	1.07608	26	49	52	71	#
27	1.07608	17	26	33	52	71	#
28	0.982057	18	20	25	45	72	#
29	0.982057	20	26	39	72	#
30	0.982057	9	10	18	25	45	72	#
31	0.982057	22	25	53	72	#
32	0.982057	9	21	25	53	72	#
33	0.215528	23	#
34	0.806492	18	45	73	#
35	0.806492	17	39	73	#
36	0.806492	16	17	45	73	#
37	0.806492	16	18	39	73	#
38	0.806492	32	63	73	#
39	0.663866	20	28	30	#
40	0.138468	18	#
41	0.127233	13	#
42	0.0966848	4	#
43	0.542287	5	57	74	#
44	0.542287	4	19	57	74	#
45	0.87226	50	55	75	#
46	0.87226	22	43	55	75	#
47	0.87226	7	19	50	75	#
48	0.87226	9	21	43	55	75	#
49	0.87226	7	19	22	43	75	#
50	0.105487	16	#
51	0.411789	35	#
52	0.652437	44	76	#
53	0.652437	8	18	23	24	76	#
54	1.13394	2	27	28	58	77	#
55	1.13394	2	12	46	58	77	#
56	1.13394	2	11	13	46	58	77	#
57	1.13394	3	6	27	28	58	77	#
58	0.841327	1	31	78	#
59	0.841327	0	9	31	78	#
60	0.663043	20	46	79	#
61	0.663043	9	56	79	#
62	0.663043	9	10	46	79	#
63	0.359869	8	18	#
64	0.108037	16	#
65	0.969719	27	38	80	#
66	0.969719	27	28	32	80	#
67	0.969719	12	15	48	80	#
68	0.969719	12	14	15	23	57	80	#
69	0.969719	12	32	46	80	#
70	0.482332	55	81	#
71	0.482332	7	19	81	#
72	0.482332	4	5	7	81	#
73	0.818798	14	44	82	#
74	0.818798	8	14	18	23	24	82	#
75	0.899278	14	44	83	#
76	0.899278	8	14	18	23	24	83	#
77	0.899278	14	16	23	24	40	83	#
78	0.899278	8	14	16	17	23	24	83	#
79	0.941862	25	53	84	#
80	0.941862	19	25	43	63	84	#
81	0.941862	26	42	84	#
82	0.941862	17	25	42	84	#
83	0.941862	4	25	33	43	84	#
84	0.823231	43	55	85	#
85	0.823231	7	19	43	85	#
86	0.823231	4	5	7	43	85	#
87	0.98996	22	37	86	#
88	0.98996	9	21	37	86	#
89	0.98996	20	54	86	#
90	0.98996	9	10	54	86	#
91	0.0502431	9	#
92	0.776796	27	62	87	#
93	0.776796	11	36	87	#
94	0.776796	10	21	27	28	87	#
95	0.776796	20	22	27	28	87	#
96	0.776796	9	20	21	27	28	87	#
97	0.631097	27	62	#
98	0.587903	56	88	#
99	0.587903	10	46	88	#
100	0.587903	9	20	46	88	#
101	1.23702	27	34	#
102	1.06878	13	41	89	#
103	1.06878	11	12	41	89	#
104	1.06878	14	18	23	24	25	61	89	#
105	1.06878	13	14	15	18	23	24	25	89	#
106	1.06878	14	16	23	24	26	61	89	#
107	0.116683	18	#
108	0.839226	14	21	31	#
109	0.700723	35	43	#
110	0.740415	1	31	90	#
111	0.740415	0	9	31	90	#
112	0.914013	36	43	#
113	0.450517	4	7	19	91	#
114	0.109847	11	#
115	0.450517	5	7	91	#
116	0.450517	4	55	91	#
117	0.60173	53	#
118	0.922627	9	30	31	92	#
119	0.922627	1	29	31	92	#
120	0.922627	0	9	29	31	92	#
121	0.922627	14	51	92	#
122	0.323652	18	25	93	#
123	0.323652	16	26	93	#
124	0.648757	2	58	#
125	0.174219	17	#
126	0.492397	62	#
127	0.0971202	4	#
128	0.123302	13	#
129	0.42719	18	63	#
130	0.87226	50	55	94	#
131	0.87226	22	43	55	94	#
132	0.87226	7	19	50	94	#
133	0.87226	9	21	43	55	94	#
134	0.87226	7	19	22	43	94	#
135	0.635084	4	50	95	#
136	0.635084	4	22	43	95	#
137	0.635084	4	9	21	43	95	#
138	1.0467	2	46	58	96	#
139	1.0467	15	47	96	#
140	0.531866	62	#
141	0.312546	12	27	#
142	0.406326	27	12	97	#
143	0.406326	27	11	13	97	#
144	0.646282	50	4	98	#
145	0.646282	22	43	4	98	#
146	0.646282	9	21	43	4	98	#
147	0.373235	52	#
148	1.03322	14	47	99	#
149	1.03322	23	57	5	52	99	#
150	1.03322	23	57	19	4	52	99	#
151	0.552862	4	52	3	#
152	0.625147	63	25	#
153	0.248416	28	#
154	1.23386	15	48	7	100	#
155	1.23386	15	14	23	57	7	100	#
156	1.23386	46	32	7	100	#
157	1.23386	15	48	19	55	100	#
158	1.23386	15	14	23	57	19	55	100	#
159	0.883226	27	28	58	#
160	0.228044	25	#
161	1.22215	35	53	25	101	#
162	1.22215	60	63	25	101	#
163	1.22215	35	43	19	63	25	101	#
164	1.22215	35	42	26	101	#
165	1.22215	30	20	45	18	25	101	#
166	0.868683	62	43	102	#
167	0.868683	38	19	102	#
168	0.868683	28	32	19	102	#
169	0.868683	28	10	21	43	102	#
170	0.868683	28	20	50	102	#
171	0.89408	18	24	23	14	61	103	#
172	0.89408	18	24	23	14	15	13	103	#
173	0.650844	0	20	46	104	#
174	0.650844	1	56	104	#
175	0.650844	0	9	56	104	#
176	0.650844	1	10	46	104	#
177	0.650844	0	9	10	46	104	#
178	0.650844	46	20	0	105	#
179	0.650844	56	1	105	#
180	0.650844	56	9	0	105	#
181	0.650844	46	10	1	105	#
182	0.650844	46	10	9	0	105	#
183	0.222919	8	#
184	0.99496	7	57	23	106	#
185	0.99496	55	19	57	23	106	#
186	0.99496	7	48	14	106	#
187	0.117034	13	#
188	0.821082	60	107	#
189	0.821082	19	43	35	107	#
190	0.821082	5	4	43	35	107	#
191	0.860853	28	58	2	#
192	0.380842	35	#
193	0.559584	20	46	108	#
194	0.559584	9	56	108	#
195	0.559584	9	10	46	108	#
196	1.21544	7	48	61	109	#
197	1.21544	7	48	15	13	109	#
198	1.21544	7	57	23	14	61	109	#
199	1.21544	7	57	23	14	15	13	109	#
200	1.21544	7	32	46	13	109	#
201	0.853989	20	39	110	#
202	0.853989	9	10	39	110	#
203	0.853989	20	45	16	110	#
204	0.853989	9	10	45	16	110	#
205	0.853989	22	42	110	#
206	0.470025	3	52	#
207	0.630773	20	46	13	111	#
208	0.630773	9	56	13	111	#
209	0.630773	9	10	46	13	111	#
210	0.575643	63	17	112	#
211	0.575643	63	18	16	112	#
212	0.820728	39	10	113	#
213	0.820728	16	45	10	113	#
214	0.820728	39	20	9	113	#
215	0.820728	16	45	20	9	113	#
216	0.820728	42	21	113	#
217	0.724797	2	58	#
218	0.688248	50	0	114	#
219	0.688248	43	21	1	114	#
220	0.688248	43	22	0	114	#
221	0.688248	43	21	9	0	114	#
222	0.688248	50	9	1	114	#
223	0.815127	16	24	23	14	15	#
224	0.582206	10	28	27	#
225	0.866003	23	31	1	115	#
226	0.866003	23	31	9	0	115	#
227	0.253335	28	#
228	0.894835	28	58	6	116	#
229	0.894835	28	58	2	3	116	#
230	0.474924	4	52	#
231	0.478264	33	117	#
232	0.478264	63	5	117	#
233	0.478264	63	19	4	117	#
234	0.475651	3	52	#
235	0.96258	54	118	#
236	0.96258	45	18	8	118	#
237	0.96258	39	40	118	#
238	0.96258	39	17	8	118	#
239	0.96258	45	16	40	118	#
240	0.191073	27	#
241	0.992885	49	52	2	119	#
242	0.992885	17	33	52	2	119	#
243	0.992885	17	63	5	52	2	119	#
244	0.992885	17	63	19	4	52	2	119	#
245	0.529856	57	5	120	#
246	0.529856	57	19	4	120	#
247	0.362331	27	11	#
248	0.419009	19	57	#
249	1.01405	13	46	58	121	#
250	1.01405	11	27	28	58	121	#
251	0.450832	62	#
252	0.257463	21	#
253	0.110929	3	#
254	1.04075	12	15	14	23	24	18	122	#
255	1.04075	11	61	14	23	24	18	122	#
256	1.04075	11	13	15	14	23	24	18	122	#
257	1.04075	27	28	45	18	122	#
258	1.04075	12	15	14	23	24	16	17	122	#
259	0.881617	45	10	123	#
260	0.881617	45	20	9	123	#
261	0.881617	16	39	10	123	#
262	0.881617	24	23	31	123	#
263	0.881617	16	39	20	9	123	#
264	1.0418	36	43	4	124	#
265	1.0418	61	48	5	124	#
266	1.0418	13	15	48	5	124	#
267	1.0418	61	14	23	57	5	124	#
268	1.0418	13	15	14	23	57	5	124	#
269	0.620425	24	18	8	125	#
270	0.620425	24	16	40	125	#
271	0.620425	24	16	17	8	125	#
272	0.605769	50	19	126	#
273	0.605769	22	43	19	126	#
274	0.605769	9	21	43	19	126	#
275	0.913716	30	20	28	27	127	#
276	0.913716	30	9	10	28	27	127	#
277	0.913716	30	20	46	12	127	#
278	0.913716	29	0	20	28	27	127	#
279	0.913716	30	9	56	12	127	#
280	0.714255	48	128	#
281	0.714255	57	23	14	128	#
282	0.328004	7	#
283	0.250488	29	#
284	0.744548	15	14	23	24	#
285	0.638794	44	#
286	0.438395	4	52	#
287	0.425626	63	#
288	0.699923	4	50	0	#
289	0.623483	20	46	13	129	#
290	0.623483	9	56	13	129	#
291	0.623483	9	10	46	13	129	#
292	0.885394	55	43	21	130	#
293	0.885394	7	19	43	21	130	#
294	0.885394	55	50	9	130	#
295	0.885394	55	43	22	9	130	#
296	0.885394	7	19	50	9	130	#
297	0.444895	25	18	24	#
298	0.745349	24	23	14	15	#
299	1.11813	58	46	131	#
300	1.11813	58	28	27	12	131	#
301	1.11813	58	28	27	11	13	131	#
302	1.11813	2	47	15	131	#
303	1.11813	58	10	56	131	#
304	0.581299	23	57	#
305	0.501609	5	52	2	#
306	0.0719591	4	#
307	0.514892	61	14	132	#
308	0.514892	13	15	14	132	#
309	0.806418	18	45	10	133	#
310	0.806418	53	21	133	#
311	0.941862	25	53	134	#
312	0.941862	25	63	19	43	134	#
313	0.941862	26	42	134	#
314	0.941862	25	17	42	134	#
315	0.941862	25	33	4	43	134	#
316	0.801326	9	31	14	135	#
317	0.801326	20	46	15	135	#
318	0.801326	9	56	15	135	#
319	0.801326	9	10	46	15	135	#
320	0.819935	21	31	14	#
321	0.612662	23	24	18	25	#
322	0.935746	31	9	30	136	#
323	0.935746	31	1	29	136	#
324	0.935746	31	9	0	29	136	#
325	0.935746	14	51	136	#
326	0.858624	37	137	#
327	0.858624	53	8	137	#
328	0.446	40	138	#
329	0.446	8	17	138	#
330	0.446	8	18	16	138	#
331	0.991675	21	37	139	#
332	0.991675	10	54	139	#
333	0.991675	9	22	37	139	#
334	0.991675	9	20	54	139	#
335	0.991675	10	45	18	8	139	#
336	0.853989	39	20	140	#
337	0.853989	39	10	9	140	#
338	0.853989	16	45	20	140	#
339	0.853989	16	45	10	9	140	#
340	0.853989	42	22	140	#
341	0.301267	15	#
342	0.534102	18	24	23	14	#
343	0.497229	43	19	141	#
344	0.497229	43	4	5	141	#
345	0.992247	58	28	27	142	#
346	0.992247	58	46	12	142	#
347	0.431934	14	15	#
348	0.348332	61	143	#
349	0.348332	15	13	143	#
350	0.763303	45	10	144	#
351	0.763303	45	20	9	144	#
352	0.418365	57	19	#
353	0.573554	21	43	4	#
354	1.00288	22	37	145	#
355	1.00288	9	21	37	145	#
356	1.00288	20	54	145	#
357	1.00288	9	10	54	145	#
358	1.00288	20	45	18	8	145	#
359	0.933049	58	46	#
360	0.178638	27	#
361	0.802006	15	14	23	24	#
362	0.791955	52	33	146	#
363	0.791955	52	5	63	146	#
364	0.791955	52	4	19	63	146	#
365	0.0889378	2	#
366	1.02866	27	28	58	147	#
367	1.02866	12	46	58	147	#
368	1.02866	11	13	46	58	147	#
369	0.181998	20	#
370	0.370549	4	52	#
371	0.491648	52	4	#
372	0.740651	31	1	148	#
373	0.740651	31	9	0	148	#
374	0.201214	24	#
375	0.606717	58	#
376	0.843018	41	#
377	0.269041	22	149	#
378	0.269041	9	21	149	#
379	0.150668	17	#
380	1.1031	7	48	150	#
381	1.1031	7	57	23	14	150	#
382	1.1031	55	19	48	150	#
383	1.1031	55	19	57	23	14	150	#
384	1.1031	55	4	5	48	150	#
385	0.800948	46	20	30	151	#
386	0.800948	56	9	30	151	#
387	0.800948	46	10	9	30	151	#
388	0.532088	14	61	152	#
389	0.532088	14	15	13	152	#
390	0.740325	25	18	24	23	14	153	#
391	0.740325	26	16	24	23	14	153	#
392	0.356829	18	25	154	#
393	0.356829	16	26	154	#
394	1.00409	3	47	#
395	0.862823	61	14	23	24	155	#
396	0.862823	13	15	14	23	24	155	#
397	0.571908	14	23	24	18	#
398	1.15027	54	28	156	#
399	1.15027	8	18	45	28	156	#
400	1.15027	37	62	156	#
401	1.15027	40	39	28	156	#
402	1.15027	8	17	39	28	156	#
403	0.100364	11	#
404	0.431937	15	12	#
405	0.884659	43	55	157	#
406	0.884659	43	19	7	157	#
407	0.884659	43	4	5	7	157	#
408	0.784575	39	158	#
409	0.784575	16	45	158	#
410	0.784575	17	18	45	158	#
411	0.913716	27	28	20	30	159	#
412	0.913716	27	28	10	9	30	159	#
413	0.913716	12	46	20	30	159	#
414	0.913716	27	28	20	0	29	159	#
415	0.913716	12	56	9	30	159	#
416	0.759471	0	50	4	160	#
417	0.759471	1	21	43	4	160	#
418	0.759471	0	22	43	4	160	#
419	0.759471	0	9	21	43	4	160	#
420	0.759471	1	9	50	4	160	#
421	0.941266	58	28	27	#
422	1.00593	51	161	#
423	1.00593	30	9	31	14	161	#
424	1.00593	29	1	31	14	161	#
425	1.00593	30	20	46	15	161	#
426	1.00593	29	0	9	31	14	161	#
427	1.12335	41	12	162	#
428	1.12335	41	13	11	162	#
429	1.12335	25	18	24	23	14	15	12	162	#
430	1.12335	26	16	24	23	14	15	12	162	#
431	1.12335	25	18	24	23	14	61	11	162	#
432	0.690937	57	23	163	#
433	0.690937	48	14	163	#
434	0.659644	37	#
435	0.364518	57	#
436	0.571081	50	164	#
437	0.571081	43	22	164	#
438	0.571081	43	21	9	164	#
439	0.916752	1	31	23	165	#
440	0.916752	0	9	31	23	165	#
441	0.598192	53	#
442	0.5904	19	50	166	#
443	0.5904	19	43	22	166	#
444	0.759471	4	50	0	167	#
445	0.759471	4	43	21	1	167	#
446	0.759471	4	43	22	0	167	#
447	0.759471	4	43	21	9	0	167	#
448	0.759471	4	50	9	1	167	#
449	0.394855	12	27	168	#
450	0.394855	13	11	27	168	#
451	0.596763	17	63	19	169	#
452	0.596763	49	4	169	#
453	0.596763	16	18	63	19	169	#
454	0.115223	16	#
455	0.207518	21	#
456	0.493025	18	24	23	#
457	0.446793	5	7	170	#
458	0.446793	4	55	170	#
459	0.446793	4	19	7	170	#
460	0.63068	56	171	#
461	0.63068	10	46	171	#
462	0.63068	9	20	46	171	#
463	0.820728	10	39	172	#
464	0.820728	10	45	16	172	#
465	0.820728	9	20	39	172	#
466	0.820728	9	20	45	16	172	#
467	0.820728	21	42	172	#
468	0.200973	10	#
469	1.13642	35	37	173	#
470	1.13642	30	22	37	173	#
471	1.13642	30	9	21	37	173	#
472	1.13642	35	53	8	173	#
473	0.768634	53	174	#
474	0.768634	63	19	43	174	#
475	0.640873	57	7	#
476	0.98482	2	47	14	175	#
477	0.98482	2	52	5	57	23	175	#
478	0.98482	2	52	4	19	57	23	175	#
479	1.11801	44	14	61	176	#
480	1.11801	44	14	15	13	176	#
481	1.11801	8	18	24	23	14	61	176	#
482	1.11801	8	18	24	23	14	15	13	176	#
483	1.11801	44	14	15	12	11	176	#
484	0.522635	15	14	23	#
485	0.768419	19	50	0	177	#
486	0.768419	19	43	21	1	177	#
487	0.768419	19	43	22	0	177	#
488	0.768419	19	43	21	9	0	177	#
489	0.768419	19	50	9	1	177	#
490	0.345931	30	9	#
491	0.317632	20	0	#
492	0.786947	23	57	5	178	#
493	0.786947	23	57	19	4	178	#
494	0.709847	5	48	179	#
495	0.709847	5	57	23	14	179	#
496	1.12189	12	15	14	44	180	#
497	1.12189	11	61	14	44	180	#
498	1.12189	11	13	15	14	44	180	#
499	1.12189	27	28	54	180	#
500	1.12189	12	15	14	23	24	18	8	180	#
501	0.309059	22	181	#
502	0.309059	9	21	181	#
503	0.743987	62	43	#
504	0.441442	18	63	#
505	0.400672	7	#
506	0.957402	15	48	19	182	#
507	0.957402	15	14	23	57	19	182	#
508	0.957402	46	32	19	182	#
509	0.957402	56	21	43	182	#
510	0.957402	46	10	21	43	182	#
511	0.672613	21	43	19	183	#
512	0.672613	9	50	19	183	#
513	0.672613	9	22	43	19	183	#
514	0.672613	10	32	183	#
515	0.672613	21	43	4	5	183	#
516	0.937832	47	3	#
517	0.342349	15	#
518	0.709729	18	45	#
519	0.93646	30	9	31	184	#
520	0.93646	29	1	31	184	#
521	0.93646	29	0	9	31	184	#
522	0.93646	51	14	184	#
523	1.1491	37	35	185	#
524	1.1491	37	22	30	185	#
525	1.1491	37	21	9	30	185	#
526	1.1491	8	53	35	185	#
527	0.854295	15	48	186	#
528	0.854295	15	14	23	57	186	#
529	0.854295	46	32	186	#
530	0.637866	15	12	27	187	#
531	0.637866	61	11	27	187	#
532	0.637866	15	13	11	27	187	#
533	0.18185	25	#
534	0.418337	7	#
535	0.93193	48	61	188	#
536	0.93193	48	15	13	188	#
537	0.93193	57	23	14	61	188	#
538	0.93193	57	23	14	15	13	188	#
539	0.93193	32	46	13	188	#
540	1.04958	59	189	#
541	1.04958	55	43	35	189	#
542	1.04958	7	60	189	#
543	1.04958	7	19	43	35	189	#
544	0.880178	33	52	2	190	#
545	0.880178	63	5	52	2	190	#
546	0.880178	63	19	4	52	2	190	#
547	0.153899	12	#
548	0.553286	4	52	3	#
549	0.138437	13	#
550	0.672788	21	43	191	#
551	0.672788	9	50	191	#
552	0.672788	9	22	43	191	#
553	0.344674	35	#
554	0.467151	1	21	192	#
555	0.467151	0	22	192	#
556	0.467151	0	9	21	192	#
557	0.467151	1	9	22	192	#
558	0.139198	14	#
559	0.875112	54	193	#
560	0.875112	45	18	8	193	#
561	0.859301	10	45	18	194	#
562	0.859301	21	53	194	#
563	0.859301	9	20	45	18	194	#
564	0.859301	9	22	53	194	#
565	0.859301	21	43	19	63	194	#
566	0.806492	45	18	195	#
567	0.806492	39	17	195	#
568	0.806492	45	16	17	195	#
569	0.806492	39	16	18	195	#
570	0.806492	32	63	195	#
571	0.220966	6	196	#
572	0.220966	3	2	196	#
573	1.04262	1	21	37	197	#
574	1.04262	0	22	37	197	#
575	1.04262	0	9	21	37	197	#
576	1.04262	0	20	54	197	#
577	1.04262	1	10	54	197	#
578	0.739123	58	2	198	#
579	0.739123	58	6	3	198	#
580	0.654104	27	62	#
581	0.910981	43	62	27	#
582	0.993655	7	32	199	#
583	0.993655	55	19	32	199	#
584	0.993655	55	43	21	10	199	#
585	0.993655	55	50	20	199	#
586	0.993655	7	19	43	21	10	199	#
587	0.932144	38	200	#
588	0.932144	32	28	200	#
589	0.932144	19	43	62	200	#
590	0.932144	19	43	21	10	28	200	#
591	0.932144	5	4	43	62	200	#
592	0.57467	52	5	201	#
593	0.57467	52	4	19	201	#
594	0.812602	45	18	25	202	#
595	0.812602	39	26	202	#
596	0.291072	15	#
597	0.993655	7	32	203	#
598	0.993655	55	19	32	203	#
599	0.993655	55	43	21	10	203	#
600	0.993655	55	50	20	203	#
601	0.993655	7	19	43	21	10	203	#
602	0.78642	25	53	#
603	1.13221	6	58	46	13	204	#
604	1.13221	3	2	58	46	13	204	#
605	1.13221	6	58	28	27	11	204	#
606	1.13221	3	2	58	28	27	11	204	#
607	0.559485	45	#
608	0.398582	0	20	205	#
609	0.398582	1	10	205	#
610	0.398582	0	9	10	205	#
611	0.398582	1	9	20	205	#
612	0.0922057	4	#
613	0.15544	6	206	#
614	0.15544	3	2	206	#
615	0.845251	21	43	55	207	#
616	0.845251	21	43	19	7	207	#
617	0.968726	49	52	2	208	#
618	0.968726	17	33	52	2	208	#
619	0.968726	17	63	5	52	2	208	#
620	0.968726	17	63	19	4	52	2	208	#
621	1.02427	49	52	3	209	#
622	1.02427	17	33	52	3	209	#
623	1.02427	17	63	5	52	3	209	#
624	1.02427	17	63	19	4	52	3	209	#
625	1.02427	16	18	33	52	3	209	#
626	0.764282	43	55	210	#
627	0.764282	43	19	7	210	#
628	0.713971	9	31	23	#
629	0.409231	35	#
630	0.197792	1	211	#
631	0.197792	0	9	211	#
632	0.675965	30	20	28	212	#
633	0.675965	30	9	10	28	212	#
634	0.979507	45	20	0	213	#
635	0.979507	45	10	1	213	#
636	0.979507	45	10	9	0	213	#
637	0.979507	45	20	9	1	213	#
638	0.979507	16	39	20	0	213	#
639	0.681703	23	57	5	214	#
640	0.681703	23	57	19	4	214	#
641	0.675818	3	52	5	215	#
642	0.675818	3	52	4	19	215	#
643	0.675818	6	2	52	5	215	#
644	0.675818	6	2	52	4	19	215	#
645	0.793904	54	#
646	0.538856	45	#
647	0.568605	25	63	#
648	0.362646	27	11	#
649	1.04262	37	21	1	216	#
650	1.04262	37	22	0	216	#
651	1.04262	37	21	9	0	216	#
652	1.04262	54	20	0	216	#
653	1.04262	54	10	1	216	#
654	0.622814	25	18	24	23	#
655	0.302905	24	16	#
656	1.06878	13	41	217	#
657	1.06878	11	12	41	217	#
658	1.06878	61	14	23	24	18	25	217	#
659	1.06878	13	15	14	23	24	18	25	217	#
660	1.06878	61	14	23	24	16	26	217	#
661	0.959176	37	21	218	#
662	0.959176	54	10	218	#
663	0.959176	37	22	9	218	#
664	0.959176	54	20	9	218	#
665	0.995843	43	36	219	#
666	0.995843	43	62	27	11	219	#
667	0.995843	19	48	61	219	#
668	0.995843	19	48	15	13	219	#
669	0.995843	19	57	23	14	61	219	#
670	1.01171	3	52	49	220	#
671	1.01171	3	52	33	17	220	#
672	1.01171	3	52	5	63	17	220	#
673	1.01171	3	52	4	19	63	17	220	#
674	0.194016	24	#
675	0.196146	10	#
676	1.08026	39	28	221	#
677	1.08026	16	45	28	221	#
678	1.08026	17	18	45	28	221	#
679	1.08026	16	24	23	14	15	12	27	221	#
680	1.08026	42	62	221	#
681	0.706454	58	#
682	0.916686	45	28	222	#
683	0.916686	16	39	28	222	#
684	0.899388	30	9	31	#
685	0.695279	50	223	#
686	0.695279	43	22	223	#
687	0.695279	43	21	9	223	#
688	0.275679	11	27	#
689	0.323198	24	16	#
690	0.815577	24	23	14	15	#
691	0.368926	18	25	224	#
692	0.368926	16	26	224	#
693	0.802945	57	5	52	225	#
694	0.802945	57	19	4	52	225	#
695	0.246343	20	226	#
696	0.246343	10	9	226	#
697	0.979507	0	20	45	227	#
698	0.979507	1	10	45	227	#
699	0.979507	0	9	10	45	227	#
700	0.979507	1	9	20	45	227	#
701	0.979507	0	20	39	16	227	#
702	0.341794	15	14	#
703	0.720972	21	56	228	#
704	0.720972	21	10	46	228	#
705	0.720972	22	20	46	228	#
706	0.720972	21	9	20	46	228	#
707	0.720972	36	13	228	#
708	1.01801	47	229	#
709	1.01801	52	5	48	229	#
710	1.01801	52	5	57	23	14	229	#
711	1.01801	52	4	19	48	229	#
712	1.01801	52	4	19	57	23	14	229	#
713	0.962817	12	15	14	23	24	18	#
714	0.702367	30	20	28	230	#
715	0.702367	30	9	10	28	230	#
716	0.341325	11	27	#
717	0.529012	56	231	#
718	0.529012	10	46	231	#
719	0.529012	9	20	46	231	#
720	0.449003	5	7	232	#
721	0.449003	4	55	232	#
722	0.449003	4	19	7	232	#
723	1.00468	2	58	46	13	#
724	0.379204	12	27	233	#
725	0.379204	13	11	27	233	#
726	0.93193	61	48	234	#
727	0.93193	13	15	48	234	#
728	0.93193	61	14	23	57	234	#
729	0.93193	13	15	14	23	57	234	#
730	0.93193	13	46	32	234	#
731	1.06524	2	58	28	27	235	#
732	1.06524	2	58	46	12	235	#
733	0.779391	25	33	236	#
734	0.779391	25	63	5	236	#
735	0.779391	25	63	19	4	236	#
736	0.779391	26	49	236	#
737	0.779391	26	17	33	236	#
738	0.89387	18	24	23	14	15	#
739	0.460273	12	15	237	#
740	0.460273	11	61	237	#
741	0.460273	11	13	15	237	#
742	0.363543	12	27	238	#
743	0.363543	13	11	27	238	#
744	0.672264	56	13	239	#
745	0.672264	10	46	13	239	#
746	0.672264	10	28	27	11	239	#
747	0.672264	9	20	46	13	239	#
748	0.672264	9	20	28	27	11	239	#
749	0.672264	13	56	240	#
750	0.672264	13	46	10	240	#
751	0.672264	11	27	28	10	240	#
752	0.672264	13	46	20	9	240	#
753	0.672264	11	27	28	20	9	240	#
754	0.631496	57	23	#
755	0.914883	43	62	27	#
756	0.117108	13	#
757	0.694946	44	241	#
758	0.694946	8	18	24	23	241	#
759	0.737864	36	242	#
760	0.737864	11	27	62	242	#
761	0.379209	52	4	#
762	0.953539	18	45	20	0	243	#
763	0.953539	18	45	10	1	243	#
764	0.953539	18	45	10	9	0	243	#
765	0.953539	53	21	1	243	#
766	0.953539	53	22	0	243	#
767	1.19507	6	58	46	13	244	#
768	1.19507	3	2	58	46	13	244	#
769	1.19507	6	58	28	27	11	244	#
770	1.19507	3	2	58	28	27	11	244	#
771	1.19507	6	58	46	12	11	244	#
772	1.06878	41	13	245	#
773	1.06878	41	12	11	245	#
774	1.06878	25	18	24	23	14	61	245	#
775	1.06878	25	18	24	23	14	15	13	245	#
776	1.06878	26	16	24	23	14	61	245	#
777	0.649	21	43	4	246	#
778	0.649	9	50	4	246	#
779	0.649	9	22	43	4	246	#
780	0.477753	14	61	247	#
781	0.477753	14	15	13	247	#
782	0.548005	24	18	25	248	#
783	0.548005	24	16	26	248	#
784	0.602354	58	#
785	0.288977	22	249	#
786	0.288977	21	9	249	#
787	1.03929	28	39	250	#
788	1.03929	28	45	16	250	#
789	1.03929	28	45	18	17	250	#
790	1.11801	61	14	44	251	#
791	1.11801	13	15	14	44	251	#
792	1.11801	61	14	23	24	18	8	251	#
793	1.11801	13	15	14	23	24	18	8	251	#
794	1.11801	11	12	15	14	44	251	#
795	0.642694	56	252	#
796	0.642694	10	46	252	#
797	0.642694	9	20	46	252	#
798	0.16967	25	#
799	0.730285	31	1	253	#
800	0.730285	31	9	0	253	#
801	0.432613	57	#
802	0.801006	7	57	23	#
803	0.791859	45	18	254	#
804	0.791859	39	17	254	#
805	0.791859	45	16	17	254	#
806	1.00288	37	22	255	#
807	1.00288	37	21	9	255	#
808	1.00288	54	20	255	#
809	1.00288	54	10	9	255	#
810	1.00288	8	18	45	20	255	#
811	0.853989	39	20	256	#
812	0.853989	39	10	9	256	#
813	0.853989	16	45	20	256	#
814	0.853989	16	45	10	9	256	#
815	0.853989	42	22	256	#
816	0.632506	21	43	19	257	#
817	0.632506	9	50	19	257	#
818	0.632506	9	22	43	19	257	#
819	1.067	42	35	258	#
820	1.067	39	20	30	258	#
821	1.067	39	10	9	30	258	#
822	1.067	16	45	20	30	258	#
823	1.067	17	53	35	258	#
824	0.942233	22	37	259	#
825	0.942233	9	21	37	259	#
826	0.942233	20	54	259	#
827	0.942233	9	10	54	259	#
828	0.305446	30	#
829	1.0418	36	43	4	260	#
830	1.0418	61	48	5	260	#
831	1.0418	13	15	48	5	260	#
832	1.0418	61	14	23	57	5	260	#
833	1.0418	13	15	14	23	57	5	260	#
834	0.547107	19	63	25	#
835	0.37885	27	11	#
836	0.570789	33	261	#
837	0.570789	5	63	261	#
838	0.570789	4	19	63	261	#
839	0.173728	0	#
840	0.338948	24	18	#
841	0.454019	21	1	262	#
842	0.454019	22	0	262	#
843	0.454019	21	9	0	262	#
844	0.454019	22	9	1	262	#
845	1.03292	13	46	58	2	263	#
846	1.03292	11	27	28	58	2	263	#
847	0.570745	23	57	#
848	1.15027	54	28	264	#
849	1.15027	8	18	45	28	264	#
850	1.15027	37	62	264	#
851	1.15027	40	39	28	264	#
852	1.15027	8	17	39	28	264	#
853	0.424015	40	265	#
854	0.424015	8	17	265	#
855	0.424015	8	18	16	265	#
856	0.978133	21	37	266	#
857	0.978133	10	54	266	#
858	0.978133	9	22	37	266	#
859	0.978133	9	20	54	266	#
860	0.5015	52	5	267	#
861	0.5015	52	4	19	267	#
862	0.473127	57	5	268	#
863	0.473127	57	19	4	268	#
864	1.01903	25	33	52	3	269	#
865	1.01903	25	63	5	52	3	269	#
866	1.01903	25	63	19	4	52	3	269	#
867	0.725726	58	#
868	0.304507	11	27	#
869	0.507332	33	270	#
870	0.507332	5	63	270	#
871	0.507332	4	19	63	270	#
872	0.853989	20	39	271	#
873	0.853989	9	10	39	271	#
874	0.853989	20	45	16	271	#
875	0.853989	9	10	45	16	271	#
876	0.853989	22	42	271	#
877	1.0418	36	43	4	272	#
878	1.0418	61	48	5	272	#
879	1.0418	13	15	48	5	272	#
880	1.0418	61	14	23	57	5	272	#
881	1.0418	13	15	14	23	57	5	272	#
882	0.161642	18	#
883	0.957402	15	48	19	273	#
884	0.957402	15	14	23	57	19	273	#
885	0.957402	46	32	19	273	#
886	0.957402	56	21	43	273	#
887	0.957402	46	10	21	43	273	#
888	1.03651	46	58	2	#
889	0.957966	28	58	2	274	#
890	0.957966	28	58	6	3	274	#
891	0.991675	21	37	275	#
892	0.991675	10	54	275	#
893	0.991675	9	22	37	275	#
894	0.991675	9	20	54	275	#
895	0.991675	10	45	18	8	275	#
896	0.776986	52	5	57	276	#
897	0.776986	52	4	19	57	276	#
898	0.461646	5	52	277	#
899	0.461646	19	4	52	277	#
900	0.584364	62	278	#
901	0.584364	21	10	28	278	#
902	0.632616	23	57	19	#
903	0.765265	23	57	5	279	#
904	0.765265	23	57	19	4	279	#
905	0.784094	58	28	#
906	0.243445	29	#
907	0.157055	12	#
908	0.900931	0	20	39	#
909	0.576072	23	57	#
910	0.674064	3	52	5	280	#
911	0.674064	3	52	4	19	280	#
912	0.674064	6	2	52	5	280	#
913	0.674064	6	2	52	4	19	280	#
914	0.156873	17	#
915	0.352411	23	14	#
916	0.944153	54	281	#
917	0.944153	45	18	8	281	#
918	0.944153	39	40	281	#
919	0.944153	39	17	8	281	#
920	0.969058	2	58	28	27	#
921	1.12189	12	15	14	44	282	#
922	1.12189	11	61	14	44	282	#
923	1.12189	11	13	15	14	44	282	#
924	1.12189	27	28	54	282	#
925	1.12189	12	15	14	23	24	18	8	282	#
926	0.558399	18	24	23	14	#
927	0.851419	3	52	5	7	283	#
928	0.851419	3	52	4	55	283	#
929	0.851419	3	52	4	19	7	283	#
930	0.400642	4	52	#
931	0.367133	30	9	#
932	0.153951	0	#
933	0.935248	41	284	#
934	0.935248	15	14	23	24	18	25	284	#
935	0.932144	38	285	#
936	0.932144	32	28	285	#
937	0.932144	19	43	62	285	#
938	0.932144	19	43	21	10	28	285	#
939	0.932144	5	4	43	62	285	#
940	0.886725	48	15	286	#
941	0.886725	57	23	14	15	286	#
942	0.886725	32	46	286	#
943	0.480808	55	287	#
944	0.480808	19	7	287	#
945	0.969719	27	38	288	#
946	0.969719	27	28	32	288	#
947	0.969719	12	15	48	288	#
948	0.969719	12	15	14	23	57	288	#
949	0.969719	12	46	32	288	#
950	0.984997	45	28	289	#
951	0.984997	16	39	28	289	#
952	0.984997	24	23	14	15	12	27	289	#
953	1.06878	13	41	290	#
954	1.06878	11	12	41	290	#
955	1.06878	61	14	23	24	18	25	290	#
956	1.06878	13	15	14	23	24	18	25	290	#
957	1.06878	61	14	23	24	16	26	290	#
958	0.941862	53	25	291	#
959	0.941862	43	19	63	25	291	#
960	0.941862	42	26	291	#
961	0.941862	42	17	25	291	#
962	0.941862	43	4	33	25	291	#
963	0.744895	4	50	0	292	#
964	0.744895	4	43	21	1	292	#
965	0.744895	4	43	22	0	292	#
966	0.744895	4	43	21	9	0	292	#
967	0.739574	12	15	14	23	293	#
968	0.739574	11	61	14	23	293	#
969	0.739574	11	13	15	14	23	293	#
970	0.983865	55	50	0	294	#
971	0.983865	55	43	21	1	294	#
972	0.983865	55	43	22	0	294	#
973	0.983865	7	19	50	0	294	#
974	0.983865	55	43	21	9	0	294	#
975	0.131577	18	#
976	0.727279	45	10	295	#
977	0.727279	45	20	9	295	#
978	1.04075	12	15	14	23	24	18	296	#
979	1.04075	11	61	14	23	24	18	296	#
980	1.04075	11	13	15	14	23	24	18	296	#
981	1.04075	27	28	45	18	296	#
982	1.04075	12	15	14	23	24	16	17	296	#
983	0.766491	23	57	5	297	#
984	0.766491	23	57	19	4	297	#
985	0.906111	18	33	52	2	298	#
986	0.906111	18	63	5	52	2	298	#
987	0.953539	0	20	45	18	299	#
988	0.953539	1	10	45	18	299	#
989	0.953539	0	9	10	45	18	299	#
990	0.953539	1	21	53	299	#
991	0.953539	0	22	53	299	#
992	0.953539	0	20	45	18	300	#
993	0.953539	1	10	45	18	300	#
994	0.953539	0	9	10	45	18	300	#
995	0.953539	1	21	53	300	#
996	0.953539	0	22	53	300	#
997	0.499857	24	18	25	301	#
998	0.499857	24	16	26	301	#
999	0.884436	24	23	14	15	12	302	#
1000	0.884436	24	23	14	61	11	302	#
1001	0.884436	24	23	14	15	13	11	302	#
