%% File generated by CATS v.2.1Wed Jun 22 10:37:37 2022

%% The CATS webpage is http://robotics.stanford.edu/CATS

%% PARAMETER SETTINGS:
% Goods: 64; Bids: 1000; Distribution: paths; Runs: 1; Seed: 1656572824
% Paths Distribution Parameters:
% Initial connections:       = 2
% Edge density:              = 3.000000
% Shipping cost factor:      = 1.500000
% Max bid set size:          = 5
% Building penalty:          = 1.700000



goods 64
bids 1002
dummy 464

0	0.558739	4	41	#
1	0.966683	42	56	64	#
2	0.966683	29	59	64	#
3	0.966683	19	28	59	64	#
4	0.966683	18	26	28	59	64	#
5	0.844992	4	38	65	#
6	0.844992	11	62	65	#
7	0.532921	5	42	66	#
8	0.532921	4	27	42	66	#
9	0.969811	19	34	67	#
10	0.969811	56	61	67	#
11	0.969811	28	29	34	67	#
12	0.969811	18	26	34	67	#
13	0.969811	17	42	56	67	#
14	0.708852	40	44	68	#
15	0.708852	10	33	68	#
16	0.708852	10	23	46	68	#
17	0.708852	1	16	44	68	#
18	0.708852	10	22	23	40	68	#
19	1.01535	24	45	69	#
20	1.01535	4	22	42	63	69	#
21	1.01535	22	25	59	69	#
22	1.01535	4	16	61	63	69	#
23	1.01535	16	25	28	34	69	#
24	0.807126	2	42	54	#
25	0.868776	6	40	44	70	#
26	0.868776	7	33	70	#
27	0.868776	6	10	33	70	#
28	0.868776	7	23	46	70	#
29	0.868776	6	10	23	46	70	#
30	0.977904	22	42	56	71	#
31	0.977904	16	19	34	71	#
32	0.977904	22	29	59	71	#
33	0.977904	16	56	61	71	#
34	0.977904	19	22	28	59	71	#
35	0.581307	51	#
36	0.595384	24	30	#
37	0.196568	25	#
38	0.98055	52	72	#
39	0.98055	26	58	72	#
40	0.98055	18	19	58	72	#
41	0.98055	14	26	57	72	#
42	0.98055	8	14	26	31	72	#
43	0.682817	51	73	#
44	0.682817	11	21	30	73	#
45	0.991323	13	58	74	#
46	0.991323	43	51	74	#
47	0.991323	28	39	51	74	#
48	0.991323	24	25	28	51	74	#
49	0.991323	11	12	57	74	#
50	1.0341	38	75	#
51	1.0341	4	11	62	75	#
52	0.589137	56	#
53	0.40207	17	23	76	#
54	0.40207	16	22	23	76	#
55	0.523713	36	#
56	0.949412	19	58	77	#
57	0.949412	9	14	29	36	77	#
58	0.949412	14	19	57	77	#
59	0.949412	28	29	58	77	#
60	0.949412	18	52	77	#
61	0.371372	3	19	#
62	0.8219	2	42	54	#
63	0.0769804	28	#
64	0.899899	12	57	78	#
65	0.899899	8	12	31	78	#
66	0.899899	9	12	28	36	78	#
67	0.899899	21	30	43	78	#
68	0.899899	21	28	30	39	78	#
69	0.191205	11	#
70	0.901253	7	50	79	#
71	0.901253	6	10	50	79	#
72	1.13738	38	54	80	#
73	1.13738	3	13	58	80	#
74	1.13738	2	9	11	12	37	80	#
75	1.13738	2	9	13	14	37	80	#
76	1.13738	51	53	80	#
77	0.751026	2	37	81	#
78	0.751026	3	28	36	81	#
79	1.04255	7	49	82	#
80	1.04255	7	13	50	82	#
81	1.04255	6	10	49	82	#
82	1.04255	6	10	13	50	82	#
83	0.688207	37	#
84	0.105781	27	#
85	0.32981	15	20	#
86	1.00024	10	49	83	#
87	1.00024	10	13	50	83	#
88	0.893649	9	12	36	84	#
89	0.893649	21	30	39	84	#
90	0.893649	21	24	25	30	84	#
91	0.893649	8	12	15	36	84	#
92	0.893649	12	28	57	84	#
93	0.85501	1	60	85	#
94	0.85501	0	1	11	13	85	#
95	0.828426	9	36	86	#
96	0.828426	8	15	36	86	#
97	0.828426	28	57	86	#
98	0.828426	8	28	31	86	#
99	0.584266	46	87	#
100	0.584266	22	40	87	#
101	0.584266	1	17	87	#
102	0.584266	1	16	22	87	#
103	0.584266	16	17	40	87	#
104	1.16652	32	88	#
105	1.16652	4	6	41	55	88	#
106	1.16652	6	24	48	88	#
107	1.16652	4	6	24	55	63	88	#
108	1.16652	5	6	27	41	55	88	#
109	0.146162	9	#
110	0.318442	0	#
111	1.22502	7	49	89	#
112	1.22502	7	13	50	89	#
113	1.22502	6	10	49	89	#
114	1.22502	6	10	13	50	89	#
115	1.22502	6	38	55	89	#
116	1.08394	10	49	90	#
117	1.08394	10	13	50	90	#
118	1.08394	38	55	90	#
119	1.08394	0	13	40	44	90	#
120	1.08394	10	11	47	90	#
121	0.438353	9	12	91	#
122	0.438353	8	12	15	91	#
123	0.911904	4	35	#
124	0.946695	45	#
125	0.628386	60	92	#
126	0.628386	0	13	11	92	#
127	0.628386	0	14	12	92	#
128	0.800056	22	59	#
129	0.880547	35	93	#
130	0.880547	30	41	93	#
131	0.880547	30	24	63	93	#
132	0.723125	54	55	10	#
133	1.16664	19	58	0	94	#
134	1.16664	19	34	1	94	#
135	1.16664	56	61	1	94	#
136	1.16664	29	36	9	14	0	94	#
137	1.16664	19	57	14	0	94	#
138	1.01536	42	56	18	95	#
139	1.01536	59	29	18	95	#
140	1.01536	59	28	26	95	#
141	1.01536	59	28	19	18	95	#
142	1.01536	42	54	3	26	95	#
143	0.941082	18	56	42	96	#
144	0.941082	18	29	59	96	#
145	0.941082	26	28	59	96	#
146	0.941082	18	19	28	59	96	#
147	0.486094	55	4	#
148	0.716548	27	35	#
149	0.183952	11	#
150	0.735331	28	36	97	#
151	0.735331	31	15	97	#
152	0.752119	34	#
153	0.591736	56	5	#
154	0.861707	55	56	18	#
155	0.0750578	28	#
156	0.717652	36	#
157	0.300974	14	9	#
158	0.493602	4	42	#
159	0.941391	59	22	98	#
160	0.941391	28	34	16	98	#
161	0.941391	59	17	16	98	#
162	1.13184	42	4	35	99	#
163	1.13184	46	0	14	8	20	99	#
164	1.13184	22	45	30	99	#
165	1.13184	22	40	0	14	8	20	99	#
166	1.13184	17	1	0	14	8	20	99	#
167	0.691769	51	100	#
168	0.691769	30	21	11	100	#
169	0.775642	6	55	5	101	#
170	0.775642	6	55	4	27	101	#
171	0.200577	6	#
172	1.11543	13	52	102	#
173	1.11543	13	58	26	102	#
174	1.11543	51	39	29	18	102	#
175	1.11543	13	58	19	18	102	#
176	1.11543	51	43	26	102	#
177	0.902252	13	0	46	103	#
178	0.902252	13	0	40	22	103	#
179	0.902252	13	0	1	17	103	#
180	0.902252	13	0	1	16	22	103	#
181	0.970485	30	53	104	#
182	0.970485	30	43	3	104	#
183	0.970485	30	39	28	3	104	#
184	0.970485	30	24	25	28	3	104	#
185	0.970485	20	15	37	2	104	#
186	0.985745	42	56	105	#
187	0.985745	59	29	105	#
188	0.985745	59	28	19	105	#
189	0.985745	59	28	26	18	105	#
190	0.985745	42	54	3	19	105	#
191	0.597478	6	55	4	#
192	0.972987	22	42	54	106	#
193	0.972987	16	61	54	106	#
194	0.972987	16	17	42	54	106	#
195	0.972987	44	55	54	106	#
196	0.16862	22	#
197	0.765506	57	107	#
198	0.765506	8	31	107	#
199	0.765506	9	36	28	107	#
200	0.765506	8	15	36	28	107	#
201	0.918633	46	0	13	108	#
202	0.918633	22	40	0	13	108	#
203	0.918633	17	1	0	13	108	#
204	0.918633	22	16	1	0	13	108	#
205	0.98055	52	109	#
206	0.98055	26	58	109	#
207	0.98055	18	19	58	109	#
208	0.98055	26	57	14	109	#
209	0.98055	26	31	8	14	109	#
210	0.615626	24	30	#
211	0.478336	14	8	20	#
212	0.893649	12	9	36	110	#
213	0.893649	21	30	39	110	#
214	0.893649	21	30	24	25	110	#
215	0.893649	12	8	15	36	110	#
216	0.893649	12	57	28	110	#
217	0.587607	5	56	#
218	0.978104	45	16	111	#
219	0.978104	41	4	61	111	#
220	0.969811	34	19	112	#
221	0.969811	61	56	112	#
222	0.969811	34	28	29	112	#
223	0.969811	34	26	18	112	#
224	0.969811	17	42	56	112	#
225	0.899899	12	57	113	#
226	0.899899	12	8	31	113	#
227	0.899899	12	9	36	28	113	#
228	0.899899	21	30	43	113	#
229	0.899899	21	30	39	28	113	#
230	0.575454	9	14	0	#
231	1.1655	6	55	56	18	114	#
232	1.1655	6	55	54	3	26	114	#
233	0.414757	23	17	115	#
234	0.414757	23	22	16	115	#
235	0.145668	22	#
236	0.708852	44	40	116	#
237	0.708852	10	33	116	#
238	0.708852	10	23	46	116	#
239	0.708852	44	16	1	116	#
240	0.708852	10	23	22	40	116	#
241	0.743454	38	#
242	0.312901	10	23	#
243	0.618259	30	39	117	#
244	0.618259	30	24	25	117	#
245	0.905943	46	0	13	118	#
246	0.905943	22	40	0	13	118	#
247	0.905943	17	1	0	13	118	#
248	0.905943	22	16	1	0	13	118	#
249	0.812893	51	24	#
250	1.11543	13	52	119	#
251	1.11543	13	58	26	119	#
252	1.11543	51	39	29	18	119	#
253	1.11543	13	58	19	18	119	#
254	1.11543	51	43	26	119	#
255	0.904313	37	2	120	#
256	0.904313	36	28	3	120	#
257	0.904313	15	31	3	120	#
258	0.869365	47	#
259	0.953592	55	54	3	28	121	#
260	0.953592	48	25	121	#
261	0.953592	55	56	29	121	#
262	0.953592	10	23	59	121	#
263	1.16725	24	30	20	8	14	0	122	#
264	1.16725	63	4	61	1	122	#
265	1.16725	24	30	21	60	122	#
266	1.16725	24	51	13	0	122	#
267	1.09247	12	9	37	123	#
268	1.09247	12	8	15	37	123	#
269	0.675424	18	56	4	#
270	0.836759	57	26	124	#
271	0.836759	8	31	26	124	#
272	0.836759	9	36	29	18	124	#
273	0.836759	57	19	18	124	#
274	0.836759	9	36	28	26	124	#
275	0.566291	20	8	14	#
276	1.22502	49	7	125	#
277	1.22502	13	50	7	125	#
278	1.22502	49	10	6	125	#
279	1.22502	13	50	10	6	125	#
280	1.22502	38	55	6	125	#
281	0.534375	6	44	#
282	0.109457	10	#
283	0.936008	14	50	#
284	0.144245	16	#
285	0.969811	34	19	126	#
286	0.969811	61	56	126	#
287	0.969811	34	28	29	126	#
288	0.969811	34	26	18	126	#
289	0.969811	17	42	56	126	#
290	0.748564	51	24	#
291	0.174438	6	#
292	0.252363	29	18	127	#
293	0.252363	28	26	127	#
294	0.929269	37	15	20	#
295	1.04645	54	61	1	#
296	1.01504	6	55	54	128	#
297	1.01504	7	10	55	54	128	#
298	0.96148	22	59	129	#
299	0.96148	16	34	28	129	#
300	0.96148	16	17	59	129	#
301	0.222899	14	#
302	1.00752	16	34	26	130	#
303	1.00752	22	42	56	18	130	#
304	1.00752	16	34	19	18	130	#
305	1.00752	22	59	29	18	130	#
306	1.00752	22	59	28	26	130	#
307	0.383916	29	25	131	#
308	0.383916	19	28	25	131	#
309	0.104789	16	#
310	0.332024	21	#
311	0.616052	4	56	#
312	0.912051	58	132	#
313	0.912051	57	14	132	#
314	0.912051	31	8	14	132	#
315	0.912051	28	36	9	14	132	#
316	0.912051	28	36	15	8	14	132	#
317	0.493898	9	12	11	133	#
318	0.493898	9	14	13	133	#
319	0.601284	42	5	134	#
320	0.601284	42	4	27	134	#
321	1.01499	47	135	#
322	1.01499	11	49	135	#
323	1.01499	11	13	50	135	#
324	1.01499	12	14	50	135	#
325	0.899899	57	12	136	#
326	0.899899	31	8	12	136	#
327	0.899899	28	36	9	12	136	#
328	0.899899	43	30	21	136	#
329	0.899899	28	39	30	21	136	#
330	0.949412	58	19	137	#
331	0.949412	14	9	36	29	137	#
332	0.949412	14	57	19	137	#
333	0.949412	58	28	29	137	#
334	0.949412	52	18	137	#
335	0.749132	5	55	6	138	#
336	0.749132	27	4	55	6	138	#
337	0.863716	49	139	#
338	0.863716	13	50	139	#
339	0.887347	58	19	#
340	0.990802	61	54	140	#
341	0.990802	17	42	54	140	#
342	0.990802	16	22	42	54	140	#
343	0.990802	34	3	140	#
344	0.94807	37	9	141	#
345	0.94807	37	15	8	141	#
346	0.970723	22	59	142	#
347	0.970723	16	34	28	142	#
348	0.970723	16	17	59	142	#
349	0.452723	14	0	#
350	0.239651	17	143	#
351	0.239651	16	22	143	#
352	0.811517	58	144	#
353	0.811517	57	14	144	#
354	0.651516	18	56	4	#
355	0.695258	24	30	21	#
356	0.870784	2	37	9	145	#
357	0.870784	3	57	145	#
358	0.870784	2	37	15	8	145	#
359	0.870784	3	31	8	145	#
360	0.870784	3	28	36	9	145	#
361	0.467011	55	#
362	0.441591	43	146	#
363	0.441591	28	39	146	#
364	0.441591	28	25	24	146	#
365	1.15707	0	52	147	#
366	1.15707	0	58	26	147	#
367	1.15707	1	34	26	147	#
368	1.15707	0	58	19	18	147	#
369	1.15707	1	34	19	18	147	#
370	0.907512	2	54	42	22	#
371	1.21436	7	50	14	8	148	#
372	1.21436	6	10	50	14	8	148	#
373	0.71836	37	9	#
374	0.546556	60	#
375	1.03143	12	57	26	149	#
376	1.03143	12	8	31	26	149	#
377	1.03143	12	9	36	29	18	149	#
378	1.03143	12	57	19	18	149	#
379	1.03143	12	9	36	28	26	149	#
380	1.31523	35	4	55	6	150	#
381	1.31523	30	32	150	#
382	1.31523	30	41	4	55	6	150	#
383	1.31523	20	8	14	50	7	150	#
384	1.31523	20	8	14	50	10	6	150	#
385	0.235787	26	151	#
386	0.235787	19	18	151	#
387	0.781937	48	#
388	0.620407	21	30	#
389	0.708852	44	40	152	#
390	0.708852	10	33	152	#
391	0.708852	10	23	46	152	#
392	0.708852	44	16	1	152	#
393	0.708852	10	23	22	40	152	#
394	0.311162	28	25	#
395	0.847602	18	29	36	153	#
396	0.847602	26	28	36	153	#
397	0.847602	18	19	28	36	153	#
398	0.847602	26	31	15	153	#
399	0.98055	52	154	#
400	0.98055	58	26	154	#
401	0.98055	58	19	18	154	#
402	0.98055	14	57	26	154	#
403	0.98055	14	8	31	26	154	#
404	0.996187	29	36	9	12	155	#
405	0.996187	19	57	12	155	#
406	0.996187	19	31	8	12	155	#
407	0.996187	29	39	30	21	155	#
408	0.996187	29	25	24	30	21	155	#
409	0.737971	14	8	20	30	#
410	0.666522	33	156	#
411	0.666522	46	23	156	#
412	0.666522	40	22	23	156	#
413	0.666522	1	17	23	156	#
414	0.666522	1	16	22	23	156	#
415	0.801141	43	30	157	#
416	0.801141	28	39	30	157	#
417	0.801141	28	25	24	30	157	#
418	0.801141	31	20	157	#
419	0.629238	36	28	#
420	0.725248	4	56	18	#
421	0.647239	22	42	158	#
422	0.647239	16	61	158	#
423	0.647239	16	17	42	158	#
424	0.973502	48	10	159	#
425	0.973502	63	4	55	10	159	#
426	0.845552	26	31	160	#
427	0.845552	18	19	31	160	#
428	0.845552	18	29	36	15	160	#
429	0.845552	26	28	36	15	160	#
430	0.845552	18	29	28	31	160	#
431	0.100238	8	#
432	1.0047	60	46	161	#
433	1.0047	60	40	22	161	#
434	1.0047	60	1	17	161	#
435	1.0047	60	1	16	22	161	#
436	1.0047	11	13	0	46	161	#
437	0.0979221	10	#
438	0.941454	47	#
439	0.14962	15	#
440	0.248809	25	28	#
441	0.430119	61	#
442	0.120674	16	#
443	0.0968057	8	#
444	1.16482	35	4	55	162	#
445	1.16482	30	41	4	55	162	#
446	1.16482	20	8	14	50	10	162	#
447	1.16482	35	27	5	55	162	#
448	1.16482	30	24	48	162	#
449	0.570025	24	30	#
450	0.464297	20	15	163	#
451	0.464297	20	8	9	163	#
452	0.476431	40	164	#
453	0.476431	1	16	164	#
454	0.123193	22	#
455	0.7939	19	31	165	#
456	0.7939	29	36	15	165	#
457	0.7939	29	28	31	165	#
458	0.7939	19	28	36	15	165	#
459	0.7939	18	26	31	165	#
460	0.55112	43	166	#
461	0.55112	28	39	166	#
462	0.55112	28	25	24	166	#
463	0.699918	40	44	167	#
464	0.699918	33	10	167	#
465	1.11543	52	13	168	#
466	1.11543	26	58	13	168	#
467	1.11543	18	29	39	51	168	#
468	1.11543	18	19	58	13	168	#
469	1.11543	26	43	51	168	#
470	0.199767	11	#
471	0.601002	42	5	169	#
472	0.601002	42	4	27	169	#
473	0.558839	41	170	#
474	0.558839	63	24	170	#
475	0.930111	40	60	171	#
476	0.930111	16	1	60	171	#
477	0.930111	40	0	13	11	171	#
478	0.930111	40	0	14	12	171	#
479	0.101393	8	#
480	0.528127	56	18	#
481	0.167617	19	#
482	0.964679	42	56	18	172	#
483	0.964679	59	29	18	172	#
484	0.964679	59	28	26	172	#
485	0.964679	59	28	19	18	172	#
486	1.21476	56	55	6	173	#
487	1.21476	56	55	10	7	173	#
488	1.21476	19	3	54	55	6	173	#
489	1.21476	29	28	3	54	55	6	173	#
490	1.21476	18	26	3	54	55	6	173	#
491	0.766563	31	174	#
492	0.766563	28	36	15	174	#
493	0.766563	57	8	174	#
494	0.766563	28	36	9	8	174	#
495	1.0324	49	175	#
496	1.0324	50	13	175	#
497	1.0324	47	11	175	#
498	1.0324	33	0	13	175	#
499	1.0324	23	46	0	13	175	#
500	0.691929	1	0	13	#
501	0.735653	13	0	1	#
502	1.31523	35	4	55	6	176	#
503	1.31523	30	32	176	#
504	1.31523	30	41	4	55	6	176	#
505	1.31523	20	8	14	50	7	176	#
506	1.31523	20	8	14	50	10	6	176	#
507	0.873683	43	30	177	#
508	0.873683	28	39	30	177	#
509	0.873683	28	25	24	30	177	#
510	0.873683	31	20	177	#
511	0.873683	19	29	39	30	177	#
512	0.977904	22	42	56	178	#
513	0.977904	16	34	19	178	#
514	0.977904	22	59	29	178	#
515	0.977904	16	61	56	178	#
516	0.977904	22	59	28	19	178	#
517	1.11543	13	52	179	#
518	1.11543	13	58	26	179	#
519	1.11543	51	39	29	18	179	#
520	1.11543	13	58	19	18	179	#
521	1.11543	51	43	26	179	#
522	0.404452	1	#
523	1.06375	10	47	180	#
524	1.06375	10	49	11	180	#
525	1.06375	10	50	13	11	180	#
526	1.06375	10	50	14	12	180	#
527	1.06375	55	4	62	180	#
528	0.879264	36	29	18	181	#
529	0.879264	36	28	26	181	#
530	0.879264	36	28	19	18	181	#
531	0.879264	15	31	26	181	#
532	0.879264	15	31	19	18	181	#
533	0.176736	17	#
534	0.949412	19	58	182	#
535	0.949412	29	36	9	14	182	#
536	0.949412	19	57	14	182	#
537	0.949412	29	28	58	182	#
538	0.949412	18	52	182	#
539	0.636665	37	#
540	0.372507	12	9	#
541	0.584118	30	21	#
542	0.951749	41	4	55	10	#
543	0.406096	23	22	#
544	0.728491	2	37	#
545	0.4842	54	4	#
546	0.385293	44	#
547	0.35946	28	3	#
548	0.912051	58	183	#
549	0.912051	57	14	183	#
550	0.912051	31	8	14	183	#
551	0.912051	28	36	9	14	183	#
552	0.912051	28	36	15	8	14	183	#
553	0.953668	47	184	#
554	0.953668	11	49	184	#
555	0.953668	11	13	50	184	#
556	0.777366	20	8	14	0	185	#
557	0.777366	21	60	185	#
558	1.0095	47	10	#
559	1.0713	47	186	#
560	1.0713	11	49	186	#
561	1.0713	11	13	50	186	#
562	1.0713	12	14	50	186	#
563	1.0713	60	33	186	#
564	1.08856	30	45	187	#
565	1.08856	20	8	14	0	40	187	#
566	1.08856	21	60	40	187	#
567	1.08856	20	8	14	0	1	16	187	#
568	1.08856	21	60	1	16	187	#
569	0.0987737	10	#
570	1.13079	14	50	7	188	#
571	1.13079	14	50	10	6	188	#
572	1.18801	49	7	189	#
573	1.18801	13	50	7	189	#
574	1.18801	49	10	6	189	#
575	1.18801	13	50	10	6	189	#
576	0.139096	22	#
577	0.681328	37	9	#
578	0.996187	12	9	36	29	190	#
579	0.996187	12	57	19	190	#
580	0.996187	12	8	31	19	190	#
581	0.996187	21	30	39	29	190	#
582	0.996187	21	30	24	25	29	190	#
583	0.868776	40	44	6	191	#
584	0.868776	33	7	191	#
585	0.868776	33	10	6	191	#
586	0.868776	46	23	7	191	#
587	0.868776	46	23	10	6	191	#
588	0.339739	8	14	#
589	1.00752	26	34	16	192	#
590	1.00752	18	56	42	22	192	#
591	1.00752	18	19	34	16	192	#
592	1.00752	18	29	59	22	192	#
593	1.00752	26	28	59	22	192	#
594	0.949412	19	58	193	#
595	0.949412	29	36	9	14	193	#
596	0.949412	19	57	14	193	#
597	0.949412	29	28	58	193	#
598	0.949412	18	52	193	#
599	0.276736	7	194	#
600	0.276736	6	10	194	#
601	0.952346	28	3	54	55	195	#
602	0.952346	25	48	195	#
603	0.952346	29	56	55	195	#
604	0.952346	59	23	10	195	#
605	0.563968	56	18	#
606	0.912051	58	196	#
607	0.912051	57	14	196	#
608	0.912051	31	8	14	196	#
609	0.912051	28	36	9	14	196	#
610	0.912051	28	36	15	8	14	196	#
611	0.566041	4	63	#
612	0.296285	1	#
613	1.15707	52	0	197	#
614	1.15707	26	58	0	197	#
615	1.15707	26	34	1	197	#
616	1.15707	18	19	58	0	197	#
617	1.15707	18	19	34	1	197	#
618	0.938374	10	50	198	#
619	0.938374	44	40	0	198	#
620	0.938374	10	33	0	198	#
621	0.938374	10	23	46	0	198	#
622	0.938374	44	16	1	0	198	#
623	0.998995	22	45	199	#
624	0.998995	42	4	41	199	#
625	0.998995	42	4	63	24	199	#
626	0.998995	59	39	199	#
627	0.998995	59	25	24	199	#
628	0.999563	37	9	12	200	#
629	0.999563	37	15	8	12	200	#
630	0.936872	41	4	55	201	#
631	0.936872	24	48	201	#
632	0.81684	30	39	29	18	202	#
633	0.81684	30	43	26	202	#
634	0.81684	30	24	25	29	18	202	#
635	0.81684	30	39	28	26	202	#
636	0.81684	30	24	25	28	26	202	#
637	0.870784	9	37	2	203	#
638	0.870784	57	3	203	#
639	0.870784	8	15	37	2	203	#
640	0.870784	8	31	3	203	#
641	0.870784	9	36	28	3	203	#
642	0.228077	28	25	#
643	0.96079	53	30	204	#
644	0.96079	3	43	30	204	#
645	0.96079	3	28	39	30	204	#
646	0.96079	3	28	25	24	30	204	#
647	0.1744	2	#
648	0.866362	35	205	#
649	0.866362	41	30	205	#
650	0.866362	63	24	30	205	#
651	1.0713	47	206	#
652	1.0713	49	11	206	#
653	1.0713	50	13	11	206	#
654	1.0713	50	14	12	206	#
655	1.0713	33	60	206	#
656	0.98093	34	207	#
657	0.98093	17	59	28	207	#
658	0.98093	61	54	3	207	#
659	0.98093	16	22	59	28	207	#
660	0.98093	61	56	19	207	#
661	0.232744	11	#
662	0.836021	9	36	29	208	#
663	0.836021	57	19	208	#
664	0.836021	8	31	19	208	#
665	0.836021	9	36	28	19	208	#
666	0.836021	8	15	36	29	208	#
667	0.720123	35	209	#
668	0.720123	30	41	209	#
669	0.899899	12	57	210	#
670	0.899899	12	8	31	210	#
671	0.899899	12	9	36	28	210	#
672	0.899899	21	30	43	210	#
673	0.899899	21	30	39	28	210	#
674	0.977904	56	42	22	211	#
675	0.977904	19	34	16	211	#
676	0.977904	29	59	22	211	#
677	0.977904	56	61	16	211	#
678	0.977904	19	28	59	22	211	#
679	0.289406	14	8	#
680	0.908643	12	9	37	#
681	0.74842	35	4	#
682	1.01458	3	58	212	#
683	1.01458	2	37	9	14	212	#
684	1.01458	3	57	14	212	#
685	1.01458	2	37	15	8	14	212	#
686	1.01458	3	31	8	14	212	#
687	0.787221	29	39	30	213	#
688	0.787221	29	25	24	30	213	#
689	0.787221	19	43	30	213	#
690	0.787221	19	28	39	30	213	#
691	0.787221	19	28	25	24	30	213	#
692	1.13738	38	54	214	#
693	1.13738	13	58	3	214	#
694	1.13738	11	12	9	37	2	214	#
695	1.13738	13	14	9	37	2	214	#
696	1.13738	51	53	214	#
697	0.554036	60	#
698	1.1189	38	54	215	#
699	1.1189	13	58	3	215	#
700	0.540251	4	54	216	#
701	0.540251	27	5	54	216	#
702	1.0975	30	20	8	14	0	217	#
703	1.0975	30	21	60	217	#
704	1.0975	51	13	0	217	#
705	1.0975	45	40	217	#
706	1.0975	30	21	11	13	0	217	#
707	0.996106	0	58	218	#
708	0.996106	1	34	218	#
709	0.192035	11	#
710	0.435939	61	#
711	0.117226	22	#
712	0.969811	34	19	219	#
713	0.969811	61	56	219	#
714	0.969811	34	28	29	219	#
715	0.969811	34	26	18	219	#
716	0.969811	17	42	56	219	#
717	0.0890757	8	#
718	0.865187	36	29	18	220	#
719	0.865187	36	28	26	220	#
720	0.865187	36	28	19	18	220	#
721	0.865187	15	31	26	220	#
722	1.19817	7	47	221	#
723	1.19817	6	10	47	221	#
724	1.19817	7	49	11	221	#
725	1.19817	7	50	13	11	221	#
726	1.19817	6	10	49	11	221	#
727	0.181924	25	#
728	0.345348	3	19	#
729	0.40615	40	222	#
730	0.40615	16	1	222	#
731	0.830772	38	#
732	0.632342	51	#
733	0.972461	0	58	223	#
734	0.972461	1	34	223	#
735	0.946171	37	9	224	#
736	0.946171	37	15	8	224	#
737	0.226561	23	#
738	1.0841	7	50	225	#
739	1.0841	6	10	50	225	#
740	1.0841	6	44	40	0	225	#
741	1.0841	7	33	0	225	#
742	1.0841	6	10	33	0	225	#
743	0.730782	18	56	4	226	#
744	0.730782	26	3	54	4	226	#
745	0.730782	18	56	5	27	226	#
746	0.534568	4	54	227	#
747	0.534568	27	5	54	227	#
748	1.03289	34	26	228	#
749	1.03289	34	19	18	228	#
750	1.03289	61	56	18	228	#
751	1.03289	34	28	29	18	228	#
752	1.03289	17	42	56	18	228	#
753	0.7939	19	31	229	#
754	0.7939	29	36	15	229	#
755	0.7939	29	28	31	229	#
756	0.7939	19	28	36	15	229	#
757	0.7939	18	26	31	229	#
758	0.888752	28	3	54	55	#
759	0.183182	29	#
760	0.753268	37	#
761	0.949412	58	19	230	#
762	0.949412	14	9	36	29	230	#
763	0.949412	14	57	19	230	#
764	0.949412	58	28	29	230	#
765	0.949412	52	18	230	#
766	0.575803	6	55	#
767	1.0047	60	46	231	#
768	1.0047	60	40	22	231	#
769	1.0047	60	1	17	231	#
770	1.0047	60	1	16	22	231	#
771	1.0047	11	13	0	46	231	#
772	1.09661	0	14	9	36	232	#
773	1.09661	0	58	28	232	#
774	1.09661	1	34	28	232	#
775	1.09661	0	14	8	15	36	232	#
776	1.09661	0	14	57	28	232	#
777	0.933842	60	40	233	#
778	0.933842	60	1	16	233	#
779	0.933842	11	13	0	40	233	#
780	0.933842	12	14	0	40	233	#
781	0.916867	14	50	10	#
782	0.834921	38	#
783	0.460678	39	234	#
784	0.460678	24	25	234	#
785	0.460678	43	28	234	#
786	0.404783	11	13	235	#
787	0.404783	12	14	235	#
788	1.04528	41	4	55	10	236	#
789	1.04528	24	48	10	236	#
790	1.04528	45	22	23	236	#
791	1.04528	24	63	4	55	10	236	#
792	1.04797	14	50	10	#
793	0.723328	39	30	237	#
794	0.723328	25	24	30	237	#
795	0.723328	28	43	30	237	#
796	0.790829	15	37	238	#
797	0.790829	8	9	37	238	#
798	0.672415	0	14	8	239	#
799	0.672415	0	14	9	15	239	#
800	0.704394	4	41	240	#
801	0.704394	4	63	24	240	#
802	0.704394	5	27	41	240	#
803	0.0930625	4	#
804	0.958405	28	34	241	#
805	0.958405	59	17	241	#
806	0.958405	59	22	16	241	#
807	0.555526	41	242	#
808	0.555526	63	24	242	#
809	0.758363	45	#
810	0.315557	20	#
811	1.13564	0	52	243	#
812	1.13564	0	58	26	243	#
813	1.13564	1	34	26	243	#
814	0.977944	39	51	244	#
815	0.977944	25	24	51	244	#
816	0.977944	36	9	12	11	244	#
817	0.977944	36	9	14	13	244	#
818	0.977944	28	58	13	244	#
819	0.829494	2	54	42	#
820	0.948735	37	2	245	#
821	0.948735	36	28	3	245	#
822	0.948735	15	31	3	245	#
823	0.114523	8	#
824	0.417172	20	15	#
825	0.969811	34	19	246	#
826	0.969811	61	56	246	#
827	0.969811	34	28	29	246	#
828	0.969811	34	26	18	246	#
829	0.969811	17	42	56	246	#
830	1.19817	47	7	247	#
831	1.19817	47	10	6	247	#
832	1.19817	11	49	7	247	#
833	1.19817	11	13	50	7	247	#
834	1.19817	11	49	10	6	247	#
835	0.422299	39	248	#
836	0.422299	25	24	248	#
837	0.0978664	8	#
838	0.468469	44	249	#
839	0.468469	10	23	22	249	#
840	0.164804	5	#
841	0.663326	4	56	18	#
842	0.205886	5	250	#
843	0.205886	4	27	250	#
844	1.04002	54	38	#
845	0.354772	3	28	#
846	0.192586	19	#
847	0.977944	51	39	251	#
848	0.977944	51	24	25	251	#
849	0.977944	11	12	9	36	251	#
850	0.977944	13	14	9	36	251	#
851	0.977944	13	58	28	251	#
852	1.07215	6	48	252	#
853	1.07215	6	55	4	63	252	#
854	0.429039	40	253	#
855	0.429039	1	16	253	#
856	0.876011	42	56	18	#
857	0.711054	15	36	254	#
858	0.711054	31	28	254	#
859	0.711054	8	9	36	254	#
860	0.464178	63	4	#
861	0.384786	63	#
862	0.12197	16	#
863	0.636337	31	#
864	1.03143	26	57	12	255	#
865	1.03143	26	31	8	12	255	#
866	1.03143	18	29	36	9	12	255	#
867	1.03143	18	19	57	12	255	#
868	1.03143	26	28	36	9	12	255	#
869	0.414535	25	29	18	256	#
870	0.414535	25	28	26	256	#
871	0.665006	9	36	#
872	0.647106	4	56	18	#
873	0.48801	20	15	257	#
874	0.48801	20	8	9	257	#
875	0.301416	8	20	#
876	1.04608	7	50	258	#
877	1.04608	6	10	50	258	#
878	0.776909	43	30	259	#
879	0.776909	28	39	30	259	#
880	0.776909	28	25	24	30	259	#
881	0.17454	11	#
882	0.490272	44	260	#
883	0.490272	22	23	10	260	#
884	0.749502	30	20	8	14	#
885	0.858159	50	7	261	#
886	0.858159	50	10	6	261	#
887	0.1635	19	#
888	0.682598	51	262	#
889	0.682598	30	21	11	262	#
890	0.919516	2	54	55	6	#
891	0.856675	0	14	8	20	263	#
892	0.856675	60	21	263	#
893	0.856675	0	13	11	21	263	#
894	0.856675	0	14	12	21	263	#
895	0.856675	0	14	9	15	20	263	#
896	0.922047	50	10	264	#
897	0.922047	0	40	44	264	#
898	0.922047	0	33	10	264	#
899	0.185405	19	#
900	0.943217	50	14	#
901	1.27587	6	55	4	35	265	#
902	1.27587	32	30	265	#
903	0.742122	31	266	#
904	0.742122	28	36	15	266	#
905	0.742122	57	8	266	#
906	0.544245	18	29	39	267	#
907	0.544245	26	43	267	#
908	0.544245	18	29	25	24	267	#
909	0.544245	26	28	39	267	#
910	0.544245	26	28	25	24	267	#
911	0.95011	45	22	268	#
912	0.95011	41	4	42	268	#
913	1.01535	24	45	269	#
914	1.01535	63	4	42	22	269	#
915	1.01535	25	59	22	269	#
916	1.01535	63	4	61	16	269	#
917	1.01535	25	28	34	16	269	#
918	1.00752	16	34	26	270	#
919	1.00752	22	42	56	18	270	#
920	1.00752	16	34	19	18	270	#
921	1.00752	22	59	29	18	270	#
922	1.00752	22	59	28	26	270	#
923	0.651625	17	23	7	271	#
924	0.651625	16	44	6	271	#
925	0.651625	17	23	10	6	271	#
926	0.651625	16	22	23	7	271	#
927	0.651625	16	22	23	10	6	271	#
928	0.269834	3	#
929	1.05961	10	55	4	41	272	#
930	1.05961	10	48	24	272	#
931	1.05961	23	22	45	272	#
932	1.05961	10	55	4	63	24	272	#
933	0.892561	59	22	273	#
934	0.892561	28	34	16	273	#
935	0.544245	18	29	39	274	#
936	0.544245	26	43	274	#
937	0.544245	18	29	25	24	274	#
938	0.544245	26	28	39	274	#
939	0.544245	26	28	25	24	274	#
940	0.274403	28	3	#
941	0.98055	52	275	#
942	0.98055	26	58	275	#
943	0.98055	18	19	58	275	#
944	0.98055	26	57	14	275	#
945	0.98055	26	31	8	14	275	#
946	0.748991	38	#
947	0.464417	56	#
948	1.01555	48	276	#
949	1.01555	55	4	63	276	#
950	1.01555	55	5	27	63	276	#
951	1.01555	55	4	41	24	276	#
952	0.442884	25	28	3	#
953	0.154586	22	#
954	0.615909	60	277	#
955	0.615909	11	13	0	277	#
956	0.615909	12	14	0	277	#
957	0.682447	15	37	#
958	0.591094	6	55	#
959	0.960896	34	16	278	#
960	0.960896	28	59	22	278	#
961	1.03143	26	57	12	279	#
962	1.03143	26	31	8	12	279	#
963	1.03143	18	29	36	9	12	279	#
964	1.03143	18	19	57	12	279	#
965	1.03143	26	28	36	9	12	279	#
966	0.961235	37	9	14	280	#
967	0.961235	37	15	8	14	280	#
968	1.16482	35	4	55	281	#
969	1.16482	30	41	4	55	281	#
970	1.16482	20	8	14	50	10	281	#
971	1.16482	35	27	5	55	281	#
972	1.16482	30	24	48	281	#
973	0.329882	15	20	#
974	1.31523	6	55	4	35	282	#
975	1.31523	32	30	282	#
976	1.31523	6	55	4	41	30	282	#
977	1.31523	7	50	14	8	20	282	#
978	1.31523	6	10	50	14	8	20	282	#
979	1.31523	6	55	4	35	283	#
980	1.31523	32	30	283	#
981	1.31523	6	55	4	41	30	283	#
982	1.31523	7	50	14	8	20	283	#
983	1.31523	6	10	50	14	8	20	283	#
984	0.606733	51	#
985	1.07481	58	0	284	#
986	1.07481	34	1	284	#
987	1.07481	57	14	0	284	#
988	1.07481	31	8	14	0	284	#
989	1.07481	28	36	9	14	0	284	#
990	0.723078	50	10	#
991	1.13184	35	4	42	285	#
992	1.13184	20	8	14	0	46	285	#
993	1.13184	30	45	22	285	#
994	1.13184	20	8	14	0	40	22	285	#
995	1.13184	20	8	14	0	1	17	285	#
996	0.337023	30	#
997	1.13184	35	4	42	286	#
998	1.13184	20	8	14	0	46	286	#
999	1.13184	30	45	22	286	#
1000	1.13184	20	8	14	0	40	22	286	#
1001	1.13184	20	8	14	0	1	17	286	#
