%% File generated by CATS v.2.1Wed Jun 22 10:37:37 2022

%% The CATS webpage is http://robotics.stanford.edu/CATS

%% PARAMETER SETTINGS:
% Goods: 64; Bids: 1000; Distribution: paths; Runs: 1; Seed: 1656572826
% Paths Distribution Parameters:
% Initial connections:       = 2
% Edge density:              = 3.000000
% Shipping cost factor:      = 1.500000
% Max bid set size:          = 5
% Building penalty:          = 1.700000



goods 64
bids 1000
dummy 334

0	1.2982	15	16	19	47	64	#
1	1.2982	3	15	16	19	32	64	#
2	1.2982	7	15	16	31	47	64	#
3	1.2982	4	14	15	16	19	32	64	#
4	1.2982	3	7	15	16	31	32	64	#
5	0.364693	19	#
6	0.0575507	4	#
7	0.984088	14	24	49	#
8	0.380838	44	65	#
9	0.380838	1	52	65	#
10	0.412838	5	38	#
11	0.525674	11	52	66	#
12	0.525674	17	48	66	#
13	0.525674	1	11	44	66	#
14	0.525674	12	17	52	66	#
15	0.525674	18	20	48	66	#
16	1.0588	11	22	35	44	#
17	0.831324	57	67	#
18	0.831324	12	50	67	#
19	0.831324	1	48	56	67	#
20	0.831324	11	17	50	67	#
21	0.831324	1	27	48	60	67	#
22	1.05036	21	40	68	#
23	1.05036	2	35	54	68	#
24	1.05036	0	1	35	54	68	#
25	1.05036	15	31	39	68	#
26	1.05036	0	21	54	58	68	#
27	0.530762	37	#
28	0.76084	61	69	#
29	0.76084	31	37	69	#
30	0.558267	46	70	#
31	0.558267	11	34	70	#
32	0.558267	12	17	34	70	#
33	0.166692	7	#
34	0.692337	1	35	71	#
35	0.692337	21	58	71	#
36	0.692337	0	2	35	71	#
37	0.692337	1	21	33	71	#
38	0.540391	2	28	60	72	#
39	0.540391	0	1	28	60	72	#
40	1.12379	20	23	48	58	88	#
41	0.535601	32	73	#
42	0.535601	3	47	73	#
43	0.535601	4	14	47	73	#
44	0.683189	10	12	34	74	#
45	0.683189	9	12	20	34	74	#
46	0.683189	10	17	46	74	#
47	0.683189	10	11	17	34	74	#
48	0.683189	9	18	46	74	#
49	0.635565	2	35	75	#
50	0.635565	0	1	35	75	#
51	0.166314	12	20	#
52	1.04085	11	44	59	76	#
53	1.04085	1	11	52	59	76	#
54	0.265795	31	#
55	0.0622019	1	#
56	0.599718	8	37	#
57	0.951045	29	36	38	77	#
58	0.951045	22	30	36	38	77	#
59	0.951045	5	21	30	36	53	77	#
60	0.951045	3	5	53	63	77	#
61	0.951045	5	23	29	36	53	77	#
62	0.558037	5	29	38	#
63	0.0471187	0	#
64	1.02862	40	78	#
65	1.02862	0	54	58	78	#
66	1.02862	2	33	54	78	#
67	1.02862	0	1	33	54	78	#
68	1.02862	2	21	35	54	78	#
69	1.294	42	47	79	#
70	1.294	3	32	42	79	#
71	1.294	7	20	45	47	79	#
72	1.294	9	15	16	19	47	79	#
73	1.294	3	18	51	79	#
74	0.0489439	20	#
75	0.787053	0	26	62	80	#
76	0.787053	2	25	62	80	#
77	0.787053	0	1	25	62	80	#
78	1.08612	22	41	81	#
79	1.08612	1	22	35	48	81	#
80	1.08612	12	22	35	44	81	#
81	1.08612	23	48	58	81	#
82	1.08612	21	22	48	58	81	#
83	0.663538	39	82	#
84	0.663538	30	37	82	#
85	0.663538	22	29	37	82	#
86	0.141124	11	#
87	0.917101	55	83	#
88	0.917101	5	20	57	83	#
89	0.917101	5	12	20	50	83	#
90	0.917101	1	5	20	48	56	83	#
91	0.917101	5	11	18	50	83	#
92	0.925457	15	61	84	#
93	0.925457	15	31	37	84	#
94	0.47906	52	85	#
95	0.47906	1	44	85	#
96	0.47906	0	2	44	85	#
97	0.559975	3	30	36	86	#
98	0.559975	21	63	86	#
99	1.12379	12	20	22	35	44	88	#
100	0.6403	7	37	87	#
101	0.6403	36	47	87	#
102	0.314324	24	#
103	1.12379	20	22	41	88	#
104	1.12379	1	20	22	35	48	88	#
105	1.12379	38	55	88	#
106	0.949026	6	55	89	#
107	0.949026	1	20	28	48	60	89	#
108	0.949026	13	20	57	89	#
109	0.949026	12	20	28	44	60	89	#
110	0.949026	12	20	34	43	89	#
111	0.649463	36	30	21	90	#
112	0.649463	3	63	90	#
113	0.649463	36	29	23	90	#
114	0.649463	36	29	22	21	90	#
115	0.649463	4	14	63	90	#
116	1.04468	58	48	20	91	#
117	1.04468	21	41	20	91	#
118	1.04468	33	1	48	20	91	#
119	1.04468	21	35	1	48	20	91	#
120	1.04468	33	44	12	20	91	#
121	0.627586	58	0	92	#
122	0.627586	33	2	92	#
123	0.627586	33	1	0	92	#
124	0.627586	21	35	2	92	#
125	0.627586	21	35	1	0	92	#
126	0.940023	24	49	3	93	#
127	0.940023	2	59	36	93	#
128	0.940023	0	1	59	36	93	#
129	0.940023	24	8	7	47	93	#
130	0.582793	62	0	#
131	1.03681	20	41	94	#
132	1.03681	20	48	1	35	94	#
133	1.03681	20	12	44	35	94	#
134	1.03681	20	48	58	21	94	#
135	1.03681	20	12	52	1	35	94	#
136	1.31818	4	47	42	20	95	#
137	1.31818	4	47	7	45	95	#
138	1.31818	14	51	17	95	#
139	1.31818	4	36	59	1	48	95	#
140	1.31818	14	32	42	20	95	#
141	0.670275	7	8	24	0	#
142	1.26466	20	42	47	96	#
143	1.26466	45	7	47	96	#
144	1.26466	48	1	59	36	96	#
145	1.26466	17	51	3	96	#
146	1.26466	20	42	32	3	96	#
147	1.03681	20	41	97	#
148	1.03681	20	48	1	35	97	#
149	1.03681	20	12	44	35	97	#
150	1.03681	20	48	58	21	97	#
151	1.03681	20	12	52	1	35	97	#
152	1.28468	44	59	36	98	#
153	1.28468	52	1	59	36	98	#
154	1.28468	52	0	24	49	3	98	#
155	1.28468	52	0	2	59	36	98	#
156	1.28468	44	2	24	49	3	98	#
157	0.500325	34	12	99	#
158	0.500325	46	17	99	#
159	0.500325	34	11	17	99	#
160	0.154009	23	100	#
161	0.154009	21	22	100	#
162	0.121396	14	101	#
163	0.121396	3	4	101	#
164	0.241314	16	#
165	0.665805	49	14	102	#
166	0.665805	49	3	4	102	#
167	0.998739	41	103	#
168	0.998739	35	1	48	103	#
169	0.998739	35	44	12	103	#
170	0.998739	21	58	48	103	#
171	0.998739	35	1	52	12	103	#
172	0.852401	20	57	104	#
173	0.852401	20	12	50	104	#
174	0.852401	20	48	1	56	104	#
175	0.852401	18	11	50	104	#
176	0.852401	20	17	11	50	104	#
177	0.772643	50	105	#
178	0.772643	56	44	105	#
179	0.772643	56	1	52	105	#
180	0.772643	27	60	44	105	#
181	0.772643	27	60	1	52	105	#
182	0.969037	61	15	106	#
183	0.969037	37	31	15	106	#
184	0.559853	44	11	107	#
185	0.559853	1	52	11	107	#
186	0.559853	1	48	17	107	#
187	0.559853	44	12	17	107	#
188	0.559853	2	0	52	11	107	#
189	0.360384	24	2	108	#
190	0.360384	24	0	1	108	#
191	0.210099	29	#
192	0.549896	15	19	#
193	0.901724	62	0	26	109	#
194	0.901724	62	2	25	109	#
195	0.901724	62	0	1	25	109	#
196	0.901724	62	2	1	26	109	#
197	0.901724	15	54	0	26	109	#
198	0.574595	5	56	1	110	#
199	0.574595	5	27	60	1	110	#
200	0.574595	5	56	2	0	110	#
201	0.574595	6	28	60	1	110	#
202	0.770992	16	15	31	#
203	0.0417316	20	#
204	0.208992	27	#
205	0.327427	31	#
206	0.998739	41	111	#
207	0.998739	48	1	35	111	#
208	0.998739	12	44	35	111	#
209	0.998739	48	58	21	111	#
210	0.998739	12	52	1	35	111	#
211	0.282996	19	#
212	0.799538	4	47	19	112	#
213	0.799538	14	32	19	112	#
214	0.799538	14	3	47	19	112	#
215	0.799538	4	3	32	19	112	#
216	0.543062	24	8	#
217	0.194471	7	#
218	0.769831	3	49	113	#
219	0.769831	47	7	8	113	#
220	0.769831	4	14	49	113	#
221	0.769831	3	32	7	8	113	#
222	1.05389	56	2	54	114	#
223	1.05389	56	1	0	54	114	#
224	1.05389	27	60	2	54	114	#
225	1.05389	27	60	1	0	54	114	#
226	1.05389	13	28	60	2	54	114	#
227	0.540679	5	38	29	#
228	0.132127	11	#
229	0.0954451	5	#
230	0.939559	45	115	#
231	0.939559	48	0	24	8	115	#
232	0.939559	10	16	15	31	115	#
233	0.939559	12	52	0	24	8	115	#
234	0.939559	20	9	16	15	31	115	#
235	0.404365	0	24	116	#
236	0.404365	1	2	24	116	#
237	0.964737	24	49	3	117	#
238	0.964737	2	59	36	117	#
239	0.964737	0	1	59	36	117	#
240	0.964737	24	8	7	47	117	#
241	0.964737	24	49	14	4	117	#
242	0.375555	44	#
243	0.607205	2	56	5	118	#
244	0.607205	0	1	56	5	118	#
245	0.607205	2	60	27	5	118	#
246	0.607205	0	1	60	27	5	118	#
247	0.607205	2	60	28	6	118	#
248	0.821869	25	33	119	#
249	0.821869	25	35	21	119	#
250	0.821869	26	58	119	#
251	0.821869	25	1	58	119	#
252	0.821869	26	1	33	119	#
253	0.555759	21	30	36	120	#
254	0.555759	63	3	120	#
255	0.772643	50	121	#
256	0.772643	44	56	121	#
257	0.772643	52	1	56	121	#
258	0.772643	44	60	27	121	#
259	0.772643	52	1	60	27	121	#
260	0.538559	47	122	#
261	0.538559	32	3	122	#
262	0.559853	44	11	123	#
263	0.559853	1	52	11	123	#
264	0.559853	1	48	17	123	#
265	0.559853	44	12	17	123	#
266	0.559853	2	0	52	11	123	#
267	0.679291	21	39	124	#
268	0.679291	21	30	37	124	#
269	0.901094	5	50	11	125	#
270	0.901094	5	56	44	11	125	#
271	0.901094	5	57	17	125	#
272	0.901094	55	18	125	#
273	0.901094	55	20	17	125	#
274	1.22393	4	47	42	#
275	0.765384	32	19	126	#
276	0.765384	3	47	19	126	#
277	0.598759	62	#
278	0.874109	47	19	15	#
279	0.503532	35	#
280	1.175	41	10	127	#
281	1.175	41	20	9	127	#
282	1.175	35	1	48	10	127	#
283	1.175	35	1	48	20	9	127	#
284	1.175	21	40	16	127	#
285	0.904969	53	21	39	128	#
286	0.904969	56	2	24	8	128	#
287	0.904969	56	1	0	24	8	128	#
288	0.336776	26	129	#
289	0.336776	25	1	129	#
290	0.419901	56	130	#
291	0.419901	27	60	130	#
292	0.811719	28	60	44	131	#
293	0.811719	43	34	131	#
294	0.811719	13	50	131	#
295	0.811719	28	60	1	52	131	#
296	0.811719	6	5	50	131	#
297	0.531841	48	0	132	#
298	0.531841	12	52	0	132	#
299	0.531841	48	1	2	132	#
300	0.809958	60	44	11	133	#
301	0.809958	60	1	52	11	133	#
302	0.809958	60	1	48	17	133	#
303	0.809958	60	44	12	17	133	#
304	0.809958	60	2	0	52	11	133	#
305	1.01277	54	2	60	28	134	#
306	1.01277	54	0	1	60	28	134	#
307	1.01277	54	2	56	13	134	#
308	1.01277	54	0	1	56	13	134	#
309	1.01277	54	2	56	5	6	134	#
310	1.28468	36	59	44	135	#
311	1.28468	36	59	1	52	135	#
312	1.28468	3	49	24	0	52	135	#
313	1.28468	36	59	2	0	52	135	#
314	1.28468	3	49	24	2	44	135	#
315	1.28468	44	59	36	136	#
316	1.28468	52	1	59	36	136	#
317	1.28468	52	0	24	49	3	136	#
318	1.28468	52	0	2	59	36	136	#
319	1.28468	44	2	24	49	3	136	#
320	0.576643	1	60	28	137	#
321	0.576643	1	56	13	137	#
322	0.576643	0	2	60	28	137	#
323	0.576643	1	56	5	6	137	#
324	0.576643	1	60	27	13	137	#
325	0.583977	39	21	#
326	0.507805	2	54	138	#
327	0.507805	1	0	54	138	#
328	0.951198	15	19	47	4	#
329	0.946915	17	45	139	#
330	0.946915	18	20	45	139	#
331	0.946915	11	52	0	24	8	139	#
332	0.946915	17	48	0	24	8	139	#
333	0.946915	11	12	45	139	#
334	0.535668	0	48	140	#
335	0.535668	0	52	12	140	#
336	0.535668	2	1	48	140	#
337	0.905981	11	44	60	28	141	#
338	0.905981	46	43	141	#
339	0.905981	11	34	43	141	#
340	0.905981	11	50	13	141	#
341	0.905981	11	52	1	60	28	141	#
342	0.883818	57	5	142	#
343	0.883818	20	55	142	#
344	0.883818	12	50	5	142	#
345	0.883818	48	1	56	5	142	#
346	0.883818	17	11	50	5	142	#
347	0.53637	36	29	#
348	0.223669	9	#
349	0.813827	59	2	143	#
350	0.813827	59	1	0	143	#
351	0.813827	37	8	24	143	#
352	0.813827	30	35	2	143	#
353	0.813827	30	35	1	0	143	#
354	0.380199	34	#
355	0.622931	59	#
356	0.946457	20	42	144	#
357	0.946457	45	7	144	#
358	0.946457	10	16	15	19	144	#
359	0.946457	20	9	16	15	19	144	#
360	0.946457	17	18	42	144	#
361	0.10998	22	#
362	0.946915	17	45	145	#
363	0.946915	18	20	45	145	#
364	0.946915	11	52	0	24	8	145	#
365	0.946915	17	48	0	24	8	145	#
366	0.946915	11	12	45	145	#
367	0.251055	27	5	#
368	0.607205	2	56	5	146	#
369	0.607205	0	1	56	5	146	#
370	0.607205	2	60	27	5	146	#
371	0.607205	0	1	60	27	5	146	#
372	0.607205	2	60	28	6	146	#
373	0.812562	48	0	24	147	#
374	0.812562	12	52	0	24	147	#
375	0.812562	48	1	2	24	147	#
376	0.812562	17	11	52	0	24	147	#
377	0.430352	47	4	#
378	0.583965	36	30	148	#
379	0.583965	36	29	22	148	#
380	0.611309	2	60	28	149	#
381	0.611309	0	1	60	28	149	#
382	0.611309	2	56	13	149	#
383	0.611309	0	1	56	13	149	#
384	0.611309	2	56	5	6	149	#
385	0.649463	36	30	21	150	#
386	0.649463	3	63	150	#
387	0.649463	36	29	23	150	#
388	0.649463	36	29	22	21	150	#
389	0.649463	4	14	63	150	#
390	0.735645	36	29	38	#
391	0.0625528	0	#
392	0.0541677	0	#
393	0.360032	19	#
394	0.70792	2	54	151	#
395	0.70792	1	0	54	151	#
396	0.483221	29	38	#
397	1.21322	16	15	19	47	4	#
398	0.768259	62	0	26	152	#
399	0.768259	62	2	25	152	#
400	0.768259	62	0	1	25	152	#
401	0.751697	3	49	153	#
402	0.751697	47	7	8	153	#
403	0.751697	4	14	49	153	#
404	0.751697	3	32	7	8	153	#
405	0.349269	24	#
406	0.917101	55	154	#
407	0.917101	20	57	5	154	#
408	0.917101	20	12	50	5	154	#
409	0.917101	20	48	1	56	5	154	#
410	0.917101	18	11	50	5	154	#
411	1.02106	42	155	#
412	1.02106	7	45	20	155	#
413	1.02106	19	15	16	9	155	#
414	1.02106	19	15	16	10	20	155	#
415	1.02106	7	45	17	18	155	#
416	0.739211	7	39	#
417	0.526971	31	15	#
418	0.909012	31	39	156	#
419	0.909012	61	30	156	#
420	0.909012	31	37	30	156	#
421	0.909012	61	29	22	156	#
422	0.909012	31	37	29	22	156	#
423	0.0762322	4	#
424	0.0514277	3	#
425	0.636389	59	1	#
426	0.473684	37	#
427	0.483197	1	48	20	#
428	0.19162	8	#
429	0.571999	17	10	16	157	#
430	0.571999	18	9	16	157	#
431	0.571999	17	20	9	16	157	#
432	0.919784	63	53	158	#
433	0.919784	3	36	29	38	5	158	#
434	0.919784	3	36	30	21	53	158	#
435	0.919784	3	36	29	23	53	158	#
436	0.919784	3	36	29	22	21	53	158	#
437	0.823648	24	0	52	11	159	#
438	0.823648	24	0	48	17	159	#
439	0.823648	24	2	44	11	159	#
440	0.823648	24	0	1	44	11	159	#
441	0.823648	24	2	1	52	11	159	#
442	0.983211	36	59	1	160	#
443	0.983211	3	49	24	0	160	#
444	0.983211	36	59	2	0	160	#
445	0.983211	47	7	8	24	0	160	#
446	0.983211	3	49	24	2	1	160	#
447	0.518986	1	48	161	#
448	0.518986	44	12	161	#
449	0.518986	1	52	12	161	#
450	0.518986	44	11	17	161	#
451	0.518986	2	0	48	161	#
452	0.942156	24	49	14	162	#
453	0.942156	24	49	3	4	162	#
454	1.00866	5	56	2	54	163	#
455	1.00866	5	56	1	0	54	163	#
456	1.00866	5	27	60	2	54	163	#
457	1.00866	5	27	60	1	0	54	163	#
458	1.00866	6	28	60	2	54	163	#
459	1.26337	51	17	164	#
460	1.26337	32	42	20	164	#
461	1.26337	3	47	42	20	164	#
462	1.26337	49	24	0	48	164	#
463	1.26337	32	7	45	164	#
464	0.930455	45	165	#
465	0.930455	8	24	0	48	165	#
466	0.930455	31	15	16	10	165	#
467	0.930455	8	24	0	52	12	165	#
468	0.704971	62	2	166	#
469	0.704971	62	0	1	166	#
470	0.704971	15	54	2	166	#
471	0.704971	15	54	0	1	166	#
472	1.05077	61	15	167	#
473	1.05077	37	31	15	167	#
474	1.05077	37	7	19	15	167	#
475	1.05077	59	2	54	167	#
476	1.05077	59	1	0	54	167	#
477	0.790157	16	15	31	#
478	0.370478	7	8	#
479	0.628101	1	35	22	#
480	0.899157	42	168	#
481	0.899157	7	45	20	168	#
482	0.643283	19	47	#
483	0.20989	9	#
484	1.00866	5	56	2	54	169	#
485	1.00866	5	56	1	0	54	169	#
486	1.00866	5	27	60	2	54	169	#
487	1.00866	5	27	60	1	0	54	169	#
488	1.00866	6	28	60	2	54	169	#
489	0.98139	0	24	49	170	#
490	0.98139	1	59	36	3	170	#
491	0.98139	1	2	24	49	170	#
492	0.580358	31	15	#
493	0.682689	38	29	171	#
494	0.682689	38	22	30	171	#
495	0.682689	5	53	21	30	171	#
496	0.772643	50	172	#
497	0.772643	44	56	172	#
498	0.772643	52	1	56	172	#
499	0.772643	44	60	27	172	#
500	0.772643	52	1	60	27	172	#
501	0.387565	26	0	173	#
502	0.387565	25	2	173	#
503	0.387565	25	1	0	173	#
504	0.387565	26	1	2	173	#
505	0.645046	35	1	174	#
506	0.645046	21	58	174	#
507	0.645046	35	2	0	174	#
508	0.645046	21	33	1	174	#
509	0.431753	0	52	175	#
510	0.431753	2	44	175	#
511	0.431753	0	1	44	175	#
512	0.997749	18	42	176	#
513	0.997749	17	20	42	176	#
514	0.997749	17	45	7	176	#
515	0.997749	18	20	45	7	176	#
516	0.997749	17	10	16	15	19	176	#
517	0.498248	0	52	11	177	#
518	0.498248	0	48	17	177	#
519	1.05389	54	2	56	178	#
520	1.05389	54	0	1	56	178	#
521	1.05389	54	2	60	27	178	#
522	1.05389	54	0	1	60	27	178	#
523	1.05389	54	2	60	28	13	178	#
524	0.0388588	20	#
525	0.708146	35	1	179	#
526	0.708146	21	58	179	#
527	0.708146	35	2	0	179	#
528	0.708146	21	33	1	179	#
529	0.708146	21	33	2	0	179	#
530	1.31331	4	47	42	180	#
531	1.31331	14	32	42	180	#
532	1.31331	14	3	47	42	180	#
533	1.31331	4	3	32	42	180	#
534	0.441895	54	#
535	0.685906	59	1	#
536	1.28056	4	47	19	15	16	181	#
537	1.28056	14	32	19	15	16	181	#
538	1.28056	14	3	47	19	15	16	181	#
539	1.28056	4	3	32	19	15	16	181	#
540	1.28056	4	47	7	31	15	16	181	#
541	0.259855	27	5	#
542	0.516427	2	56	182	#
543	0.516427	0	1	56	182	#
544	0.516427	2	60	27	182	#
545	0.516427	0	1	60	27	182	#
546	0.949592	1	59	36	183	#
547	0.949592	0	24	49	3	183	#
548	1.26466	20	42	47	184	#
549	1.26466	45	7	47	184	#
550	1.26466	48	1	59	36	184	#
551	1.26466	17	51	3	184	#
552	1.26466	20	42	32	3	184	#
553	0.946915	17	45	185	#
554	0.946915	18	20	45	185	#
555	0.946915	11	52	0	24	8	185	#
556	0.946915	17	48	0	24	8	185	#
557	0.946915	11	12	45	185	#
558	0.975692	62	2	60	28	186	#
559	0.975692	62	0	1	60	28	186	#
560	0.685807	49	#
561	1.01553	26	0	24	8	7	187	#
562	1.01553	25	2	24	8	7	187	#
563	1.01553	25	1	0	24	8	7	187	#
564	1.01553	26	1	2	24	8	7	187	#
565	1.01553	26	0	62	19	187	#
566	1.0697	28	60	2	62	188	#
567	1.0697	28	60	1	0	62	188	#
568	1.0697	13	56	2	62	188	#
569	1.0697	13	56	1	0	62	188	#
570	1.0697	6	5	56	2	62	188	#
571	0.882975	8	24	0	52	189	#
572	0.882975	45	12	189	#
573	0.882975	8	24	2	44	189	#
574	0.882975	8	24	0	1	44	189	#
575	0.882975	45	17	11	189	#
576	0.699575	24	8	7	#
577	1.02474	11	44	35	190	#
578	1.02474	11	52	1	35	190	#
579	1.02474	17	41	190	#
580	1.02474	17	48	1	35	190	#
581	1.02474	11	44	33	21	190	#
582	0.0766851	4	#
583	0.281215	26	191	#
584	0.281215	1	25	191	#
585	0.921221	55	6	192	#
586	0.921221	20	48	1	60	28	192	#
587	0.234603	28	#
588	0.488221	38	29	#
589	0.611309	2	60	28	193	#
590	0.611309	0	1	60	28	193	#
591	0.611309	2	56	13	193	#
592	0.611309	0	1	56	13	193	#
593	0.611309	2	56	5	6	193	#
594	0.936404	59	25	194	#
595	0.936404	59	1	26	194	#
596	0.936404	59	2	0	26	194	#
597	0.875696	21	39	7	195	#
598	0.875696	21	30	37	7	195	#
599	0.875696	23	29	37	7	195	#
600	0.875696	21	22	29	37	7	195	#
601	0.875696	23	22	39	7	195	#
602	0.772643	50	196	#
603	0.772643	44	56	196	#
604	0.772643	52	1	56	196	#
605	0.772643	44	60	27	196	#
606	0.772643	52	1	60	27	196	#
607	0.456236	37	#
608	0.407789	46	197	#
609	0.407789	34	11	197	#
610	0.249146	9	#
611	0.158661	13	#
612	0.879828	26	0	54	198	#
613	0.879828	25	2	54	198	#
614	0.879828	25	1	0	54	198	#
615	0.879828	26	1	2	54	198	#
616	0.879828	34	12	10	16	198	#
617	0.820018	4	36	29	38	#
618	0.88196	36	29	38	5	199	#
619	0.88196	36	30	21	53	199	#
620	0.88196	3	63	53	199	#
621	0.88196	36	29	23	53	199	#
622	0.88196	36	29	22	21	53	199	#
623	1.26466	20	42	47	200	#
624	1.26466	45	7	47	200	#
625	1.26466	48	1	59	36	200	#
626	1.26466	17	51	3	200	#
627	1.26466	20	42	32	3	200	#
628	1.2465	20	42	47	201	#
629	1.2465	45	7	47	201	#
630	0.917324	33	44	202	#
631	0.917324	21	35	44	202	#
632	0.917324	58	52	202	#
633	0.917324	33	1	52	202	#
634	0.917324	21	35	1	52	202	#
635	0.88196	36	29	38	5	203	#
636	0.88196	36	30	21	53	203	#
637	0.88196	3	63	53	203	#
638	0.88196	36	29	23	53	203	#
639	0.88196	36	29	22	21	53	203	#
640	1.00661	58	48	204	#
641	1.00661	21	41	204	#
642	1.00661	33	1	48	204	#
643	1.00661	21	35	1	48	204	#
644	1.00661	33	44	12	204	#
645	1.26598	14	51	205	#
646	1.26598	4	3	51	205	#
647	0.883818	5	57	206	#
648	0.883818	55	20	206	#
649	0.883818	5	50	12	206	#
650	0.883818	5	56	1	48	206	#
651	0.883818	5	50	11	17	206	#
652	0.953341	26	0	24	8	7	207	#
653	0.953341	25	2	24	8	7	207	#
654	0.953341	25	1	0	24	8	7	207	#
655	0.953341	26	1	2	24	8	7	207	#
656	0.148407	11	#
657	0.660557	63	208	#
658	0.660557	21	30	36	3	208	#
659	0.660557	23	29	36	3	208	#
660	0.660557	21	22	29	36	3	208	#
661	0.357775	10	17	209	#
662	0.357775	9	18	209	#
663	0.357775	9	20	17	209	#
664	0.357775	10	20	18	209	#
665	0.529476	11	44	210	#
666	0.529476	11	52	1	210	#
667	0.529476	17	48	1	210	#
668	0.842131	50	5	211	#
669	0.842131	44	56	5	211	#
670	0.842131	52	1	56	5	211	#
671	0.842131	44	60	27	5	211	#
672	0.842131	52	1	60	27	5	211	#
673	1.00661	48	58	212	#
674	1.00661	41	21	212	#
675	1.00661	48	1	33	212	#
676	1.00661	48	1	35	21	212	#
677	1.00661	12	44	33	212	#
678	0.677117	30	36	213	#
679	0.677117	22	29	36	213	#
680	0.677117	21	63	3	213	#
681	0.677117	21	23	29	36	213	#
682	0.870854	59	36	#
683	1.26091	16	15	19	32	214	#
684	1.26091	16	15	19	47	3	214	#
685	1.26091	16	15	19	47	4	14	214	#
686	1.26091	16	15	31	7	32	214	#
687	1.26091	16	15	31	7	47	3	214	#
688	0.8415	11	50	215	#
689	0.8415	11	44	56	215	#
690	0.8415	17	57	215	#
691	0.8415	11	52	1	56	215	#
692	0.8415	11	44	60	27	215	#
693	0.404441	44	216	#
694	0.404441	52	1	216	#
695	0.432734	52	217	#
696	0.432734	44	1	217	#
697	0.772643	50	218	#
698	0.772643	56	44	218	#
699	0.772643	56	1	52	218	#
700	0.772643	27	60	44	218	#
701	0.772643	27	60	1	52	218	#
702	1.01099	57	10	219	#
703	1.01099	57	20	9	219	#
704	1.01099	50	12	10	219	#
705	1.01099	50	12	20	9	219	#
706	1.01099	56	1	48	10	219	#
707	1.28956	51	3	220	#
708	1.28956	18	42	47	220	#
709	1.28956	17	20	42	47	220	#
710	1.28956	11	44	59	36	220	#
711	1.28956	17	45	7	47	220	#
712	0.814126	22	35	25	#
713	0.201433	23	221	#
714	0.201433	21	22	221	#
715	0.688627	33	222	#
716	0.688627	35	21	222	#
717	0.688627	1	58	222	#
718	0.688627	56	53	222	#
719	0.688627	2	0	58	222	#
720	0.964737	24	49	3	223	#
721	0.964737	2	59	36	223	#
722	0.964737	0	1	59	36	223	#
723	0.964737	24	8	7	47	223	#
724	0.964737	24	49	14	4	223	#
725	1.28956	51	3	224	#
726	1.28956	18	42	47	224	#
727	1.28956	17	20	42	47	224	#
728	1.28956	11	44	59	36	224	#
729	1.28956	17	45	7	47	224	#
730	0.309617	30	225	#
731	0.309617	29	22	225	#
732	0.522392	36	29	#
733	0.412103	44	226	#
734	0.412103	1	52	226	#
735	0.934466	3	36	59	227	#
736	0.934466	49	24	2	227	#
737	0.934466	49	24	0	1	227	#
738	0.573306	7	37	#
739	0.8415	50	11	228	#
740	0.8415	56	44	11	228	#
741	0.8415	57	17	228	#
742	0.8415	56	1	52	11	228	#
743	0.8415	27	60	44	11	228	#
744	0.474138	37	#
745	0.462221	48	20	#
746	0.337916	0	24	#
747	0.865625	56	2	54	229	#
748	0.865625	56	1	0	54	229	#
749	0.27679	9	230	#
750	0.27679	10	20	230	#
751	0.901094	5	50	11	231	#
752	0.901094	5	56	44	11	231	#
753	0.901094	5	57	17	231	#
754	0.901094	55	18	231	#
755	0.901094	55	20	17	231	#
756	0.454496	52	232	#
757	0.454496	1	44	232	#
758	0.955731	44	35	233	#
759	0.955731	52	1	35	233	#
760	0.955731	44	33	21	233	#
761	0.955731	52	58	21	233	#
762	0.955731	52	0	2	35	233	#
763	0.162262	13	234	#
764	0.162262	6	5	234	#
765	0.946915	17	45	235	#
766	0.946915	18	20	45	235	#
767	0.946915	11	52	0	24	8	235	#
768	0.946915	17	48	0	24	8	235	#
769	0.946915	11	12	45	235	#
770	0.525674	11	52	236	#
771	0.525674	17	48	236	#
772	0.525674	11	44	1	236	#
773	0.525674	17	12	52	236	#
774	0.525674	18	20	48	236	#
775	0.78285	21	39	7	#
776	0.666149	2	35	237	#
777	0.666149	0	1	35	237	#
778	0.666149	0	58	21	237	#
779	0.666149	2	33	21	237	#
780	0.666149	0	1	33	21	237	#
781	0.751889	50	5	#
782	0.695471	36	30	238	#
783	0.695471	36	29	22	238	#
784	0.695471	3	63	21	238	#
785	0.695471	36	29	23	21	238	#
786	0.695471	4	14	63	21	238	#
787	0.901724	62	0	26	239	#
788	0.901724	62	2	25	239	#
789	0.901724	62	0	1	25	239	#
790	0.901724	62	2	1	26	239	#
791	0.901724	15	54	0	26	239	#
792	0.374599	38	5	#
793	1.02474	35	44	11	240	#
794	1.02474	35	1	52	11	240	#
795	1.02474	41	17	240	#
796	1.02474	35	1	48	17	240	#
797	1.02474	21	33	44	11	240	#
798	0.54292	44	11	241	#
799	0.54292	1	52	11	241	#
800	0.54292	1	48	17	241	#
801	0.54292	44	12	17	241	#
802	0.952259	47	19	15	242	#
803	0.952259	3	32	19	15	242	#
804	0.831324	57	243	#
805	0.831324	50	12	243	#
806	0.831324	56	1	48	243	#
807	0.831324	50	11	17	243	#
808	0.831324	27	60	1	48	243	#
809	0.688947	2	62	244	#
810	0.688947	1	0	62	244	#
811	0.185299	23	245	#
812	0.185299	22	21	245	#
813	1.0656	5	56	2	62	246	#
814	1.0656	5	56	1	0	62	246	#
815	1.0656	5	27	60	2	62	246	#
816	1.0656	5	27	60	1	0	62	246	#
817	1.0656	6	28	60	2	62	246	#
818	0.0942764	17	#
819	0.247267	28	#
820	0.954437	31	39	21	247	#
821	0.954437	61	30	21	247	#
822	0.954437	31	37	30	21	247	#
823	0.954437	61	29	23	247	#
824	0.954437	61	29	22	21	247	#
825	0.566583	1	56	248	#
826	0.566583	1	60	27	248	#
827	0.566583	0	2	56	248	#
828	0.566583	0	2	60	27	248	#
829	0.307749	7	8	#
830	0.5463	20	48	1	249	#
831	0.5463	20	12	44	249	#
832	0.5463	20	12	52	1	249	#
833	0.5463	18	11	44	249	#
834	0.5463	20	17	11	44	249	#
835	0.55281	54	0	250	#
836	0.55281	54	2	1	250	#
837	0.397725	19	#
838	0.669713	47	19	#
839	0.316173	25	251	#
840	0.316173	26	1	251	#
841	0.491984	11	44	252	#
842	0.491984	11	52	1	252	#
843	0.0439727	1	#
844	0.515177	20	48	253	#
845	0.515177	20	12	52	253	#
846	0.488637	56	1	254	#
847	0.488637	27	60	1	254	#
848	0.917324	33	44	255	#
849	0.917324	21	35	44	255	#
850	0.917324	58	52	255	#
851	0.917324	33	1	52	255	#
852	0.917324	21	35	1	52	255	#
853	0.719304	26	0	24	256	#
854	0.719304	25	2	24	256	#
855	0.719304	25	1	0	24	256	#
856	0.719304	26	1	2	24	256	#
857	0.569355	8	24	#
858	0.154734	7	#
859	1.00866	54	2	56	5	257	#
860	1.00866	54	0	1	56	5	257	#
861	1.00866	54	2	60	27	5	257	#
862	1.00866	54	0	1	60	27	5	257	#
863	1.00866	54	2	60	28	6	257	#
864	0.823648	11	52	0	24	258	#
865	0.823648	17	48	0	24	258	#
866	0.823648	11	44	2	24	258	#
867	0.823648	11	44	1	0	24	258	#
868	0.823648	11	52	1	2	24	258	#
869	0.605192	35	259	#
870	0.605192	21	33	259	#
871	0.521857	52	11	260	#
872	0.521857	48	17	260	#
873	0.521857	1	44	11	260	#
874	0.963308	42	18	261	#
875	0.963308	42	20	17	261	#
876	0.963308	7	45	17	261	#
877	0.0595946	4	#
878	0.807157	62	2	60	262	#
879	0.807157	62	0	1	60	262	#
880	0.832355	7	39	263	#
881	0.832355	7	37	30	263	#
882	0.832355	7	37	29	22	263	#
883	0.98009	59	44	264	#
884	0.98009	59	1	52	264	#
885	0.741804	45	#
886	1.04715	15	61	265	#
887	1.04715	15	31	37	265	#
888	1.04715	15	19	7	37	265	#
889	0.842131	50	5	266	#
890	0.842131	44	56	5	266	#
891	0.842131	52	1	56	5	266	#
892	0.842131	44	60	27	5	266	#
893	0.842131	52	1	60	27	5	266	#
894	1.12379	22	41	20	267	#
895	1.12379	22	35	1	48	20	267	#
896	1.12379	38	55	267	#
897	1.12379	22	35	44	12	20	267	#
898	1.12379	23	58	48	20	267	#
899	0.43691	34	#
900	0.207183	29	#
901	0.490549	8	24	0	#
902	0.999455	54	2	60	268	#
903	0.999455	54	0	1	60	268	#
904	0.999455	54	2	56	27	268	#
905	0.999455	54	0	1	56	27	268	#
906	0.888277	62	0	26	269	#
907	0.888277	62	2	25	269	#
908	0.888277	62	0	1	25	269	#
909	0.888277	62	2	1	26	269	#
910	0.742347	20	48	1	60	#
911	0.538976	35	#
912	0.667122	8	24	2	270	#
913	0.667122	8	24	0	1	270	#
914	0.150883	7	#
915	0.919784	53	63	271	#
916	0.919784	5	38	29	36	3	271	#
917	0.919784	53	21	30	36	3	271	#
918	0.919784	53	23	29	36	3	271	#
919	0.919784	53	21	22	29	36	3	271	#
920	1.06446	62	2	56	5	272	#
921	1.06446	62	0	1	56	5	272	#
922	1.06446	62	2	60	27	5	272	#
923	1.06446	62	0	1	60	27	5	272	#
924	0.8954	18	42	273	#
925	0.8954	17	20	42	273	#
926	0.82813	4	47	19	274	#
927	0.82813	14	32	19	274	#
928	0.82813	14	3	47	19	274	#
929	0.82813	4	3	32	19	274	#
930	0.82813	4	47	7	31	274	#
931	0.797948	60	44	275	#
932	0.797948	60	1	52	275	#
933	0.797948	60	2	0	52	275	#
934	0.797948	60	25	34	275	#
935	0.797948	27	50	275	#
936	1.0148	33	44	11	276	#
937	1.0148	21	35	44	11	276	#
938	1.0148	58	52	11	276	#
939	1.0148	33	1	52	11	276	#
940	1.0148	58	48	17	276	#
941	1.175	41	10	277	#
942	1.175	41	20	9	277	#
943	1.175	35	1	48	10	277	#
944	1.175	35	1	48	20	9	277	#
945	1.175	21	40	16	277	#
946	0.678793	30	36	278	#
947	0.678793	22	29	36	278	#
948	0.678793	21	63	3	278	#
949	0.678793	21	23	29	36	278	#
950	0.99695	4	36	59	279	#
951	0.99695	14	3	36	59	279	#
952	0.99695	14	49	24	2	279	#
953	0.99695	14	49	24	0	1	279	#
954	0.99695	4	3	49	24	2	279	#
955	0.748623	26	0	62	#
956	0.0837562	4	#
957	0.99695	59	36	4	280	#
958	0.99695	59	36	3	14	280	#
959	0.99695	2	24	49	14	280	#
960	0.99695	1	0	24	49	14	280	#
961	0.99695	2	24	49	3	4	280	#
962	0.114394	6	#
963	1.29032	51	281	#
964	1.29032	32	42	18	281	#
965	1.29032	3	47	42	18	281	#
966	1.29032	49	24	0	52	11	281	#
967	1.29032	32	42	20	17	281	#
968	0.599128	38	29	#
969	0.628057	2	35	282	#
970	0.628057	0	1	35	282	#
971	0.551963	48	283	#
972	0.551963	52	12	283	#
973	0.551963	52	11	17	283	#
974	0.551963	1	44	12	283	#
975	0.551963	1	44	11	17	283	#
976	0.557172	60	28	284	#
977	0.557172	56	13	284	#
978	0.557172	56	5	6	284	#
979	0.557172	60	27	13	284	#
980	0.557172	60	27	5	6	284	#
981	0.806478	32	19	285	#
982	0.806478	3	47	19	285	#
983	0.806478	14	4	47	19	285	#
984	1.24268	44	59	36	286	#
985	1.24268	52	1	59	36	286	#
986	1.24268	52	0	24	49	3	286	#
987	0.115156	14	287	#
988	0.115156	3	4	287	#
989	0.518986	1	48	288	#
990	0.518986	44	12	288	#
991	0.518986	1	52	12	288	#
992	0.518986	44	11	17	288	#
993	0.518986	2	0	48	288	#
994	0.0952065	5	#
995	0.468932	54	0	#
996	0.196135	9	#
997	0.919568	36	29	38	6	#
998	0.241884	5	27	#
999	0.405824	38	#
