%% File generated by CATS v.2.1Wed Jun 22 10:37:37 2022

%% The CATS webpage is http://robotics.stanford.edu/CATS

%% PARAMETER SETTINGS:
% Goods: 64; Bids: 1000; Distribution: paths; Runs: 1; Seed: 1656572830
% Paths Distribution Parameters:
% Initial connections:       = 2
% Edge density:              = 3.000000
% Shipping cost factor:      = 1.500000
% Max bid set size:          = 5
% Building penalty:          = 1.700000



goods 64
bids 1002
dummy 354

0	0.861665	11	19	27	#
1	0.297288	27	#
2	0.743313	32	64	#
3	0.743313	2	48	64	#
4	0.743313	14	55	64	#
5	0.743313	3	9	48	64	#
6	0.687324	58	60	65	#
7	0.687324	16	24	60	65	#
8	0.748498	17	47	66	#
9	0.748498	45	53	66	#
10	0.748498	0	17	41	66	#
11	0.748498	15	23	53	66	#
12	0.748498	0	14	45	56	66	#
13	0.670544	18	20	27	#
14	0.453675	16	61	67	#
15	0.453675	16	18	20	23	67	#
16	0.453675	16	17	18	21	67	#
17	0.453675	16	17	18	20	22	67	#
18	0.306972	57	68	#
19	0.306972	5	16	23	68	#
20	0.306972	5	16	17	22	68	#
21	0.306972	4	16	23	30	68	#
22	0.306972	4	16	17	22	30	68	#
23	0.555484	18	20	57	69	#
24	0.555484	5	16	61	69	#
25	0.555484	5	16	18	20	23	69	#
26	0.555484	5	16	17	18	21	69	#
27	0.555484	5	16	17	18	20	22	69	#
28	0.803576	43	57	70	#
29	0.803576	5	16	39	70	#
30	0.803576	5	16	23	43	70	#
31	0.803576	5	16	17	22	43	70	#
32	0.803576	18	20	42	57	70	#
33	0.779471	11	46	71	#
34	0.779471	20	23	40	71	#
35	0.779471	17	21	40	71	#
36	0.779471	17	20	22	40	71	#
37	0.779471	36	58	71	#
38	0.126205	9	#
39	0.706	6	44	56	#
40	0.443902	22	50	#
41	0.131577	9	#
42	0.650495	16	30	46	#
43	0.169825	4	12	#
44	0.523129	18	21	72	#
45	0.523129	18	20	22	72	#
46	0.523129	17	61	72	#
47	0.523129	17	18	20	23	72	#
48	0.865704	63	73	#
49	0.865704	6	7	36	73	#
50	0.865704	5	11	16	46	73	#
51	0.865704	20	40	57	73	#
52	0.865704	5	24	36	73	#
53	0.828961	1	3	25	28	74	#
54	0.828961	1	29	59	74	#
55	0.828961	1	2	25	29	74	#
56	0.828961	1	9	28	59	74	#
57	0.828961	1	11	28	54	74	#
58	0.524308	48	#
59	0.551122	1	11	75	#
60	0.551122	0	8	11	75	#
61	0.399158	42	#
62	0.0764441	30	#
63	0.965777	13	28	39	76	#
64	0.965777	13	23	28	43	76	#
65	0.965777	13	17	22	28	43	76	#
66	0.965777	13	28	42	61	76	#
67	0.965777	13	18	20	23	28	42	76	#
68	0.705369	5	16	60	77	#
69	0.705369	4	16	30	60	77	#
70	0.705369	5	16	17	26	50	77	#
71	0.705369	4	12	13	60	77	#
72	0.705369	4	16	17	26	30	50	77	#
73	0.315901	1	#
74	0.338339	19	#
75	0.429064	48	#
76	0.717845	14	38	56	78	#
77	0.717845	20	31	56	78	#
78	0.717845	14	15	20	56	78	#
79	0.717845	21	41	78	#
80	0.717845	20	22	41	78	#
81	0.755416	0	44	56	79	#
82	0.755416	14	44	53	79	#
83	0.84486	35	80	#
84	0.84486	11	13	46	80	#
85	0.84486	13	20	23	40	80	#
86	0.84486	11	12	16	30	46	80	#
87	0.84486	12	34	40	80	#
88	0.214958	13	17	81	#
89	0.214958	12	16	17	30	81	#
90	0.749259	8	11	19	#
91	0.749105	3	28	51	#
92	0.911674	6	32	44	82	#
93	0.911674	2	49	82	#
94	0.911674	2	6	44	48	82	#
95	0.911674	6	14	44	55	82	#
96	0.911674	33	37	82	#
97	0.134394	23	83	#
98	0.134394	17	22	83	#
99	0.274226	4	7	#
100	0.700203	10	46	#
101	1.10629	53	62	84	#
102	1.10629	0	26	52	84	#
103	0.108667	0	#
104	0.526065	13	61	85	#
105	0.526065	13	23	20	18	85	#
106	0.526065	12	34	18	85	#
107	0.526065	13	17	21	18	85	#
108	0.526065	13	17	22	20	18	85	#
109	0.97823	52	26	#
110	0.15945	26	#
111	1.05935	26	52	86	#
112	1.05935	62	14	56	86	#
113	1.05935	26	50	41	86	#
114	1.05935	60	17	41	86	#
115	1.05935	26	50	22	31	56	86	#
116	0.293763	4	7	#
117	0.318354	42	#
118	0.372993	33	#
119	1.10619	62	53	87	#
120	1.10619	26	52	0	87	#
121	1.10619	62	14	56	0	87	#
122	1.10619	26	50	47	87	#
123	0.302825	14	38	#
124	0.401607	3	28	88	#
125	0.401607	2	29	88	#
126	0.511182	60	#
127	0.730827	32	89	#
128	0.730827	2	48	89	#
129	0.730827	55	14	89	#
130	0.730827	9	3	48	89	#
131	0.947015	0	52	#
132	0.156072	23	90	#
133	0.156072	17	22	90	#
134	0.0305606	16	#
135	0.616434	60	91	#
136	0.616434	26	50	17	91	#
137	0.752525	43	92	#
138	0.752525	20	18	42	92	#
139	0.752525	22	21	18	42	92	#
140	0.752525	31	48	3	92	#
141	0.752525	37	9	92	#
142	0.133022	5	#
143	0.123516	13	#
144	0.707111	10	46	93	#
145	0.707111	48	14	45	93	#
146	0.555484	57	20	18	94	#
147	0.555484	5	16	61	94	#
148	0.555484	5	16	23	20	18	94	#
149	0.555484	5	16	17	21	18	94	#
150	0.555484	5	16	17	22	20	18	94	#
151	0.459014	33	20	#
152	0.0784867	17	#
153	0.752525	43	95	#
154	0.752525	42	18	20	95	#
155	0.752525	42	18	21	22	95	#
156	0.752525	3	48	31	95	#
157	0.752525	9	37	95	#
158	0.24446	58	96	#
159	0.24446	24	16	96	#
160	0.355108	20	57	#
161	0.748498	17	47	97	#
162	0.748498	45	53	97	#
163	0.748498	17	41	0	97	#
164	0.748498	23	15	53	97	#
165	0.748498	45	14	56	0	97	#
166	0.508324	33	20	98	#
167	0.508324	7	57	20	98	#
168	0.508324	7	5	16	23	20	98	#
169	0.508324	6	58	23	20	98	#
170	0.508324	6	24	16	23	20	98	#
171	0.476162	26	50	#
172	0.441309	20	18	99	#
173	0.441309	22	21	18	99	#
174	0.756353	60	58	100	#
175	0.756353	60	16	24	100	#
176	0.756353	26	50	17	58	100	#
177	0.756353	26	50	17	16	24	100	#
178	0.351813	56	#
179	0.901528	37	57	101	#
180	0.901528	37	23	16	5	101	#
181	0.901528	37	22	17	16	5	101	#
182	0.901528	9	43	57	101	#
183	0.901528	2	10	46	16	5	101	#
184	0.447009	19	18	#
185	0.192329	15	#
186	0.762137	41	17	13	102	#
187	0.762137	41	17	16	30	12	102	#
188	0.762137	56	14	45	13	102	#
189	0.762137	56	31	23	13	102	#
190	0.762137	56	31	22	17	13	102	#
191	0.713237	32	103	#
192	0.713237	48	2	103	#
193	0.713237	14	55	103	#
194	0.713237	48	3	9	103	#
195	0.338848	34	104	#
196	0.338848	30	16	23	20	104	#
197	0.338848	30	16	17	21	104	#
198	0.338848	30	16	17	22	20	104	#
199	0.25515	54	#
200	0.204163	7	#
201	0.164398	30	16	17	#
202	0.931613	34	18	42	28	105	#
203	0.931613	30	16	39	28	105	#
204	0.931613	30	16	23	43	28	105	#
205	0.614192	42	18	#
206	0.367	28	3	#
207	0.54885	8	59	106	#
208	0.54885	51	2	106	#
209	0.920069	0	56	44	6	107	#
210	0.920069	53	14	44	6	107	#
211	0.920069	1	36	6	107	#
212	0.920069	53	15	33	107	#
213	0.920069	0	56	31	33	107	#
214	0.755265	16	46	11	#
215	0.77155	38	18	27	#
216	0.347574	12	4	7	#
217	0.629275	3	42	18	108	#
218	0.629275	10	19	18	108	#
219	0.625032	48	3	109	#
220	0.625032	32	9	109	#
221	0.625032	48	2	9	109	#
222	1.01925	28	43	33	#
223	1.18576	60	46	11	110	#
224	1.18576	26	50	21	40	110	#
225	1.18576	26	50	22	20	40	110	#
226	1.18576	60	23	20	40	110	#
227	1.18576	60	17	21	40	110	#
228	0.450597	25	1	#
229	0.758894	13	46	111	#
230	0.758894	12	30	16	46	111	#
231	0.758894	13	61	19	111	#
232	0.758894	13	23	20	18	19	111	#
233	0.758894	12	34	18	19	111	#
234	0.693546	46	16	112	#
235	0.693546	19	61	16	112	#
236	0.693546	19	18	20	23	16	112	#
237	0.693546	19	18	21	17	16	112	#
238	0.693546	19	18	20	22	17	16	112	#
239	0.0853538	22	#
240	0.659647	3	25	1	113	#
241	0.659647	9	59	1	113	#
242	0.659647	54	11	1	113	#
243	0.659647	3	51	0	113	#
244	0.659647	9	2	25	1	113	#
245	0.105018	17	16	#
246	0.0376013	14	#
247	0.472591	50	26	#
248	0.313985	38	114	#
249	0.313985	15	20	114	#
250	0.291576	22	15	#
251	0.610083	32	115	#
252	0.610083	48	2	115	#
253	0.610083	14	55	115	#
254	0.133122	26	#
255	0.666969	31	56	116	#
256	0.666969	15	14	56	116	#
257	0.666969	22	41	116	#
258	0.745581	62	117	#
259	0.745581	45	60	117	#
260	0.745581	15	22	50	26	117	#
261	0.745581	15	23	60	117	#
262	0.745581	15	22	17	60	117	#
263	0.646032	41	17	118	#
264	0.646032	56	14	45	118	#
265	0.772179	47	17	16	119	#
266	0.772179	53	45	16	119	#
267	0.772179	0	41	17	16	119	#
268	0.772179	53	15	23	16	119	#
269	0.772179	0	56	14	45	16	119	#
270	0.372209	57	20	120	#
271	0.372209	5	16	23	20	120	#
272	0.372209	5	16	17	21	120	#
273	0.372209	5	16	17	22	20	120	#
274	0.372209	4	34	120	#
275	0.262729	24	30	#
276	0.902106	28	43	22	121	#
277	0.902106	28	42	18	21	121	#
278	0.902106	28	42	18	20	22	121	#
279	0.902106	28	39	17	121	#
280	0.902106	28	43	23	17	121	#
281	0.416593	3	28	122	#
282	0.416593	2	29	122	#
283	0.416593	2	9	28	122	#
284	0.544773	56	0	123	#
285	0.544773	14	53	123	#
286	0.84149	13	17	47	124	#
287	0.84149	13	45	53	124	#
288	0.84149	13	17	41	0	124	#
289	0.84149	13	23	15	53	124	#
290	0.84149	12	30	16	17	47	124	#
291	0.73942	10	46	125	#
292	0.73942	48	14	45	125	#
293	0.73942	48	31	23	125	#
294	0.73942	48	31	22	17	125	#
295	0.73942	48	14	15	23	125	#
296	0.904431	49	126	#
297	0.904431	48	44	6	126	#
298	0.904431	48	31	33	126	#
299	0.904431	25	36	6	126	#
300	0.904431	48	14	15	33	126	#
301	0.702746	53	15	127	#
302	0.702746	0	56	31	127	#
303	0.702746	0	56	14	15	127	#
304	0.702746	53	14	31	127	#
305	0.702746	47	22	127	#
306	0.555484	18	20	57	128	#
307	0.555484	61	16	5	128	#
308	0.555484	18	20	23	16	5	128	#
309	0.555484	18	21	17	16	5	128	#
310	0.555484	18	20	22	17	16	5	128	#
311	0.224191	58	129	#
312	0.224191	24	16	129	#
313	0.464951	44	6	#
314	0.598631	8	59	130	#
315	0.598631	51	2	130	#
316	0.598631	8	25	2	130	#
317	0.28422	38	14	#
318	0.195268	7	#
319	0.221123	17	13	131	#
320	0.221123	17	16	30	12	131	#
321	0.459539	44	6	#
322	0.634901	17	46	132	#
323	0.634901	21	18	19	132	#
324	0.634901	22	20	18	19	132	#
325	0.702746	15	53	133	#
326	0.702746	31	56	0	133	#
327	0.702746	15	14	56	0	133	#
328	0.702746	31	14	53	133	#
329	0.702746	22	47	133	#
330	0.901528	57	37	134	#
331	0.901528	5	16	23	37	134	#
332	0.901528	5	16	17	22	37	134	#
333	0.901528	57	43	9	134	#
334	0.901528	5	16	46	10	2	134	#
335	0.120071	0	#
336	0.264611	31	135	#
337	0.264611	15	14	135	#
338	0.614347	55	136	#
339	0.614347	32	14	136	#
340	0.614347	2	48	14	136	#
341	0.231908	15	#
342	0.984227	57	43	28	137	#
343	0.984227	5	16	39	28	137	#
344	0.984227	5	16	23	43	28	137	#
345	0.984227	5	16	17	22	43	28	137	#
346	0.984227	57	20	18	42	28	137	#
347	0.67099	18	42	28	#
348	0.818801	51	3	28	138	#
349	0.818801	8	25	3	28	138	#
350	0.818801	8	59	29	138	#
351	0.818801	51	2	29	138	#
352	0.818801	8	25	2	29	138	#
353	0.175838	7	#
354	0.73942	46	10	139	#
355	0.73942	45	14	48	139	#
356	0.73942	23	31	48	139	#
357	0.73942	17	22	31	48	139	#
358	0.73942	23	15	14	48	139	#
359	0.459665	57	31	140	#
360	0.459665	5	16	45	14	140	#
361	0.459665	5	16	23	31	140	#
362	0.459665	5	16	17	22	31	140	#
363	0.459665	57	15	14	140	#
364	0.658864	1	59	141	#
365	0.658864	1	25	2	141	#
366	0.658864	0	8	59	141	#
367	0.658864	0	51	2	141	#
368	0.658864	0	8	25	2	141	#
369	0.780125	44	48	3	#
370	0.780268	63	#
371	1.03286	0	52	142	#
372	1.03286	47	50	142	#
373	1.03286	0	41	50	142	#
374	1.03286	53	15	22	50	142	#
375	1.03286	0	56	31	22	50	142	#
376	0.416081	54	28	#
377	0.838079	30	16	17	47	143	#
378	0.838079	30	16	45	53	143	#
379	0.838079	30	16	17	41	0	143	#
380	0.838079	30	16	23	15	53	143	#
381	0.838079	30	16	45	14	56	0	143	#
382	0.0483105	14	#
383	0.64266	1	25	3	144	#
384	0.64266	1	59	9	144	#
385	0.750426	9	42	18	145	#
386	0.750426	2	3	42	18	145	#
387	0.750426	2	10	19	18	145	#
388	0.750426	37	20	145	#
389	0.750426	55	38	145	#
390	0.131609	9	#
391	0.772179	47	17	16	146	#
392	0.772179	53	45	16	146	#
393	0.772179	0	41	17	16	146	#
394	0.772179	53	15	23	16	146	#
395	0.772179	0	56	14	45	16	146	#
396	0.612002	15	22	50	#
397	0.274009	31	22	#
398	0.685694	39	147	#
399	0.685694	23	43	147	#
400	0.685694	17	22	43	147	#
401	0.685694	61	42	147	#
402	0.685694	23	20	18	42	147	#
403	0.369554	3	28	148	#
404	0.369554	2	29	148	#
405	0.813238	30	16	46	10	149	#
406	0.813238	30	16	45	14	48	149	#
407	0.813238	30	16	23	31	48	149	#
408	0.813238	30	16	17	22	31	48	149	#
409	0.813238	12	13	46	10	149	#
410	0.762137	41	17	13	150	#
411	0.762137	41	17	16	30	12	150	#
412	0.762137	56	14	45	13	150	#
413	0.762137	56	31	23	13	150	#
414	0.762137	56	31	22	17	13	150	#
415	0.478941	3	25	151	#
416	0.478941	9	59	151	#
417	0.478941	54	11	151	#
418	0.478941	9	2	25	151	#
419	0.753244	30	16	17	41	152	#
420	0.753244	30	16	45	14	56	152	#
421	0.753244	30	16	23	31	56	152	#
422	0.753244	30	16	17	22	31	56	152	#
423	0.753244	12	13	17	41	152	#
424	0.760537	22	31	48	153	#
425	0.760537	22	15	14	48	153	#
426	0.760537	17	46	10	153	#
427	0.760537	22	43	3	153	#
428	0.760537	21	18	42	3	153	#
429	0.275331	25	#
430	0.718594	11	46	#
431	0.7631	16	46	10	154	#
432	0.7631	16	45	14	48	154	#
433	0.7631	16	23	31	48	154	#
434	0.7631	16	17	22	31	48	154	#
435	0.7631	16	23	15	14	48	154	#
436	0.146071	5	16	#
437	0.721666	27	18	21	155	#
438	0.721666	27	18	20	22	155	#
439	0.973229	52	0	156	#
440	0.973229	50	47	156	#
441	0.503353	60	#
442	0.471037	25	3	157	#
443	0.471037	59	9	157	#
444	0.471037	11	54	157	#
445	0.471037	25	2	9	157	#
446	0.704654	37	158	#
447	0.704654	43	9	158	#
448	0.704654	20	18	42	9	158	#
449	0.704654	31	32	158	#
450	0.704654	31	48	2	158	#
451	0.555484	57	20	18	159	#
452	0.555484	5	16	61	159	#
453	0.555484	5	16	23	20	18	159	#
454	0.555484	5	16	17	21	18	159	#
455	0.555484	5	16	17	22	20	18	159	#
456	0.459665	31	57	160	#
457	0.459665	14	45	16	5	160	#
458	0.459665	31	23	16	5	160	#
459	0.459665	31	22	17	16	5	160	#
460	0.459665	14	15	57	160	#
461	0.646942	32	161	#
462	0.646942	48	2	161	#
463	0.646942	14	55	161	#
464	0.646942	48	3	9	161	#
465	0.356689	18	20	#
466	0.720185	44	48	#
467	0.320949	45	162	#
468	0.320949	15	23	162	#
469	0.320949	15	22	17	162	#
470	0.0378338	14	#
471	0.679763	41	17	163	#
472	0.679763	56	14	45	163	#
473	0.679763	56	31	23	163	#
474	0.679763	56	31	22	17	163	#
475	0.679763	56	14	15	23	163	#
476	0.784025	27	18	34	#
477	0.867061	37	23	16	30	164	#
478	0.867061	37	22	17	16	30	164	#
479	0.867061	9	42	18	34	164	#
480	0.867061	2	10	46	16	30	164	#
481	0.867061	9	39	16	30	164	#
482	0.902106	22	43	28	165	#
483	0.902106	21	18	42	28	165	#
484	0.902106	22	20	18	42	28	165	#
485	0.902106	17	39	28	165	#
486	0.902106	17	23	43	28	165	#
487	0.685694	39	166	#
488	0.685694	23	43	166	#
489	0.685694	17	22	43	166	#
490	0.685694	61	42	166	#
491	0.685694	23	20	18	42	166	#
492	0.745581	62	167	#
493	0.745581	45	60	167	#
494	0.745581	15	22	50	26	167	#
495	0.745581	15	23	60	167	#
496	0.745581	15	22	17	60	167	#
497	1.06847	62	14	48	#
498	0.322303	34	168	#
499	0.322303	30	16	23	20	168	#
500	0.91341	43	33	169	#
501	0.91341	42	18	20	33	169	#
502	0.91341	3	49	169	#
503	0.91341	3	48	44	6	169	#
504	0.132599	20	#
505	0.768288	42	18	34	170	#
506	0.768288	39	16	30	170	#
507	0.768288	43	23	16	30	170	#
508	0.768288	43	22	17	16	30	170	#
509	0.768288	42	61	16	30	170	#
510	0.243825	23	13	171	#
511	0.243825	22	17	13	171	#
512	0.685694	39	172	#
513	0.685694	43	23	172	#
514	0.685694	43	22	17	172	#
515	0.685694	42	61	172	#
516	0.685694	42	18	20	23	172	#
517	0.372209	57	20	173	#
518	0.372209	5	16	23	20	173	#
519	0.372209	5	16	17	21	173	#
520	0.372209	5	16	17	22	20	173	#
521	0.372209	4	34	173	#
522	0.565283	41	#
523	0.740538	46	13	174	#
524	0.740538	46	16	30	12	174	#
525	0.803576	57	43	175	#
526	0.803576	5	16	39	175	#
527	0.803576	5	16	23	43	175	#
528	0.803576	5	16	17	22	43	175	#
529	0.803576	57	20	18	42	175	#
530	1.00504	28	43	33	#
531	0.770266	20	40	176	#
532	0.770266	20	18	19	11	176	#
533	0.770266	22	21	40	176	#
534	0.449911	56	#
535	0.419613	59	177	#
536	0.419613	25	2	177	#
537	0.61828	58	61	178	#
538	0.61828	24	16	61	178	#
539	0.61828	58	23	20	18	178	#
540	0.61828	24	16	23	20	18	178	#
541	0.61828	58	17	21	18	178	#
542	0.3926	3	25	#
543	0.256548	57	179	#
544	0.256548	23	16	5	179	#
545	0.256548	22	17	16	5	179	#
546	0.121945	6	#
547	0.415507	28	3	180	#
548	0.415507	29	2	180	#
549	0.415507	28	9	2	180	#
550	0.597764	50	17	16	5	181	#
551	0.597764	50	17	16	30	4	181	#
552	0.134105	5	#
553	0.535448	11	1	#
554	0.0978545	6	#
555	0.27165	54	#
556	0.814418	27	61	13	182	#
557	0.814418	27	18	20	23	13	182	#
558	0.814418	27	18	34	12	182	#
559	0.814418	27	18	21	17	13	182	#
560	0.814418	27	18	20	22	17	13	182	#
561	0.709374	39	16	183	#
562	0.709374	43	23	16	183	#
563	0.709374	43	22	17	16	183	#
564	0.709374	42	61	16	183	#
565	0.709374	42	18	20	23	16	183	#
566	0.785184	7	5	16	60	184	#
567	0.785184	6	58	60	184	#
568	0.785184	6	24	16	60	184	#
569	0.785184	7	4	30	16	60	184	#
570	0.441664	45	13	185	#
571	0.441664	15	23	13	185	#
572	0.441664	45	16	30	12	185	#
573	0.441664	15	22	17	13	185	#
574	0.441664	15	23	16	30	12	185	#
575	0.139377	3	#
576	0.804565	27	18	34	186	#
577	0.804565	27	61	16	30	186	#
578	0.804565	27	18	20	23	16	30	186	#
579	0.804565	27	18	21	17	16	30	186	#
580	0.804565	27	18	20	22	17	16	30	186	#
581	0.790229	60	58	187	#
582	0.790229	60	16	24	187	#
583	0.790229	26	50	17	58	187	#
584	0.790229	26	50	17	16	24	187	#
585	0.790229	60	16	5	7	6	187	#
586	0.779512	16	46	11	188	#
587	0.779512	24	36	188	#
588	0.779512	16	23	20	40	188	#
589	0.779512	16	17	21	40	188	#
590	0.779512	16	17	22	20	40	188	#
591	1.09323	26	50	22	43	189	#
592	1.09323	60	39	189	#
593	1.09323	60	23	43	189	#
594	1.09323	26	50	21	18	42	189	#
595	1.09323	26	50	22	20	18	42	189	#
596	0.336184	6	44	#
597	0.785127	13	39	190	#
598	0.785127	13	23	43	190	#
599	0.785127	13	17	22	43	190	#
600	0.785127	13	61	42	190	#
601	0.785127	13	23	20	18	42	190	#
602	0.696129	46	10	#
603	0.232672	13	17	191	#
604	0.232672	12	30	16	17	191	#
605	0.855062	44	48	3	192	#
606	0.855062	58	39	192	#
607	0.855062	58	23	43	192	#
608	0.855062	24	16	39	192	#
609	0.855062	24	16	23	43	192	#
610	0.777544	37	23	193	#
611	0.777544	37	22	17	193	#
612	0.777544	2	10	46	193	#
613	0.777544	9	39	193	#
614	0.777544	9	43	23	193	#
615	0.372209	57	20	194	#
616	0.372209	5	16	23	20	194	#
617	0.372209	5	16	17	21	194	#
618	0.372209	5	16	17	22	20	194	#
619	0.372209	4	34	194	#
620	0.838079	30	16	17	47	195	#
621	0.838079	30	16	45	53	195	#
622	0.838079	30	16	17	41	0	195	#
623	0.838079	30	16	23	15	53	195	#
624	0.838079	30	16	45	14	56	0	195	#
625	0.599852	48	14	#
626	0.459665	31	57	196	#
627	0.459665	14	45	16	5	196	#
628	0.459665	31	23	16	5	196	#
629	0.459665	31	22	17	16	5	196	#
630	0.459665	14	15	57	196	#
631	0.392063	44	6	#
632	0.791948	27	18	38	14	197	#
633	0.791948	27	18	20	31	197	#
634	0.14555	3	#
635	0.685369	62	#
636	0.684266	22	31	48	#
637	0.27832	25	#
638	0.922277	43	33	198	#
639	0.922277	42	18	20	33	198	#
640	0.922277	3	49	198	#
641	0.922277	3	48	44	6	198	#
642	0.922277	43	57	7	198	#
643	0.729674	44	56	0	199	#
644	0.729674	44	14	53	199	#
645	0.419131	59	200	#
646	0.419131	25	2	200	#
647	0.829776	11	46	16	30	201	#
648	0.829776	40	34	201	#
649	0.829776	35	12	201	#
650	0.829776	36	24	30	201	#
651	0.829776	63	4	201	#
652	0.735031	20	18	27	202	#
653	0.735031	22	21	18	27	202	#
654	0.0941984	17	16	#
655	0.441664	13	45	203	#
656	0.441664	13	23	15	203	#
657	0.441664	12	30	16	45	203	#
658	0.441664	13	17	22	15	203	#
659	0.441664	12	30	16	23	15	203	#
660	0.644764	9	42	18	#
661	0.841913	28	39	204	#
662	0.841913	28	43	23	204	#
663	0.695946	7	5	16	17	50	205	#
664	0.695946	33	22	50	205	#
665	0.695946	6	58	17	50	205	#
666	0.695946	6	24	16	17	50	205	#
667	0.0851093	22	#
668	0.526065	13	61	206	#
669	0.526065	13	23	20	18	206	#
670	0.526065	12	34	18	206	#
671	0.526065	13	17	21	18	206	#
672	0.526065	13	17	22	20	18	206	#
673	0.911674	6	44	32	207	#
674	0.911674	49	2	207	#
675	0.911674	6	44	48	2	207	#
676	0.911674	6	44	14	55	207	#
677	0.911674	33	37	207	#
678	0.693546	16	46	208	#
679	0.693546	16	61	19	208	#
680	0.693546	16	23	20	18	19	208	#
681	0.693546	16	17	21	18	19	208	#
682	0.693546	16	17	22	20	18	19	208	#
683	0.675461	22	31	48	#
684	0.294529	45	#
685	0.19997	58	209	#
686	0.19997	16	24	209	#
687	0.358235	7	4	12	#
688	0.303683	57	210	#
689	0.303683	23	16	5	210	#
690	0.303683	22	17	16	5	210	#
691	0.303683	23	16	30	4	210	#
692	0.356516	34	211	#
693	0.356516	20	23	16	30	211	#
694	0.356516	21	17	16	30	211	#
695	0.356516	20	22	17	16	30	211	#
696	0.53401	51	212	#
697	0.53401	25	8	212	#
698	0.902106	22	43	28	213	#
699	0.902106	21	18	42	28	213	#
700	0.902106	22	20	18	42	28	213	#
701	0.902106	17	39	28	213	#
702	0.902106	17	23	43	28	213	#
703	0.459665	57	31	214	#
704	0.459665	5	16	45	14	214	#
705	0.459665	5	16	23	31	214	#
706	0.459665	5	16	17	22	31	214	#
707	0.459665	57	15	14	214	#
708	0.890024	28	39	16	215	#
709	0.890024	28	43	23	16	215	#
710	0.890024	28	43	22	17	16	215	#
711	0.890024	28	42	61	16	215	#
712	0.890024	28	42	18	20	23	16	215	#
713	0.867061	37	23	16	30	216	#
714	0.867061	37	22	17	16	30	216	#
715	0.867061	9	42	18	34	216	#
716	0.867061	2	10	46	16	30	216	#
717	0.867061	9	39	16	30	216	#
718	0.720434	3	42	27	217	#
719	0.720434	10	19	27	217	#
720	0.562252	13	60	#
721	0.142784	4	12	#
722	0.835248	28	3	48	14	218	#
723	0.835248	29	55	218	#
724	0.835248	29	32	14	218	#
725	0.835248	29	2	48	14	218	#
726	0.835248	28	9	55	218	#
727	0.342331	44	#
728	0.440079	9	42	#
729	0.714685	41	219	#
730	0.714685	56	31	22	219	#
731	0.714685	56	14	15	22	219	#
732	0.714685	56	14	45	17	219	#
733	0.714685	56	31	23	17	219	#
734	0.444174	50	#
735	0.865704	63	220	#
736	0.865704	7	6	36	220	#
737	0.865704	5	16	46	11	220	#
738	0.865704	57	20	40	220	#
739	0.865704	5	24	36	220	#
740	0.284455	15	22	#
741	0.499374	18	19	#
742	0.53415	16	61	221	#
743	0.53415	16	23	20	18	221	#
744	0.53415	16	17	21	18	221	#
745	0.53415	16	17	22	20	18	221	#
746	0.53415	30	34	18	221	#
747	0.668848	32	222	#
748	0.668848	2	48	222	#
749	0.668848	55	14	222	#
750	0.668848	9	3	48	222	#
751	0.293837	2	10	#
752	0.693546	16	46	223	#
753	0.693546	16	61	19	223	#
754	0.693546	16	23	20	18	19	223	#
755	0.693546	16	17	21	18	19	223	#
756	0.693546	16	17	22	20	18	19	223	#
757	0.814192	44	48	3	#
758	1.05935	52	26	224	#
759	1.05935	56	14	62	224	#
760	1.05935	41	50	26	224	#
761	1.05935	41	17	60	224	#
762	1.05935	56	31	22	50	26	224	#
763	0.704654	37	225	#
764	0.704654	43	9	225	#
765	0.704654	20	18	42	9	225	#
766	0.704654	31	32	225	#
767	0.704654	31	48	2	225	#
768	0.691909	27	18	20	#
769	0.277369	29	#
770	0.663244	3	51	226	#
771	0.663244	3	25	8	226	#
772	0.663244	9	59	8	226	#
773	0.663244	9	2	51	226	#
774	0.663244	54	11	8	226	#
775	0.13259	4	#
776	0.304584	15	22	227	#
777	0.304584	14	31	22	227	#
778	0.109027	4	#
779	0.890024	28	39	16	228	#
780	0.890024	28	43	23	16	228	#
781	0.890024	28	43	22	17	16	228	#
782	0.890024	28	42	61	16	228	#
783	0.890024	28	42	18	20	23	16	228	#
784	0.410317	18	38	#
785	0.785127	39	13	229	#
786	0.785127	43	23	13	229	#
787	0.785127	43	22	17	13	229	#
788	0.785127	42	61	13	229	#
789	0.785127	42	18	20	23	13	229	#
790	0.125583	5	#
791	0.635047	50	22	15	230	#
792	0.635047	50	22	31	14	230	#
793	0.0931028	6	#
794	0.25694	24	231	#
795	0.25694	58	16	231	#
796	0.866344	39	28	232	#
797	0.866344	23	43	28	232	#
798	0.866344	17	22	43	28	232	#
799	0.866344	61	42	28	232	#
800	0.866344	23	20	18	42	28	232	#
801	0.184681	28	#
802	1.03791	52	233	#
803	1.03791	50	41	233	#
804	1.03791	50	22	31	56	233	#
805	1.03791	50	22	15	14	56	233	#
806	1.03791	50	17	45	14	56	233	#
807	0.372209	57	20	234	#
808	0.372209	5	16	23	20	234	#
809	0.372209	5	16	17	21	234	#
810	0.372209	5	16	17	22	20	234	#
811	0.372209	4	34	234	#
812	1.05935	26	52	235	#
813	1.05935	62	14	56	235	#
814	1.05935	26	50	41	235	#
815	1.05935	60	17	41	235	#
816	1.05935	26	50	22	31	56	235	#
817	0.283052	14	38	#
818	0.100004	4	#
819	0.236806	17	16	5	#
820	0.701545	38	14	56	236	#
821	0.701545	20	31	56	236	#
822	0.701545	20	15	14	56	236	#
823	0.581638	11	19	#
824	0.755159	53	38	237	#
825	0.755159	0	56	14	38	237	#
826	0.755159	53	15	20	237	#
827	0.755159	1	40	237	#
828	0.755159	0	56	31	20	237	#
829	0.803576	43	57	238	#
830	0.803576	39	16	5	238	#
831	0.803576	43	23	16	5	238	#
832	0.803576	43	22	17	16	5	238	#
833	0.803576	42	18	20	57	238	#
834	0.555484	18	20	57	239	#
835	0.555484	61	16	5	239	#
836	0.555484	18	20	23	16	5	239	#
837	0.555484	18	21	17	16	5	239	#
838	0.555484	18	20	22	17	16	5	239	#
839	0.0729534	17	#
840	0.405086	3	25	#
841	0.829776	30	16	46	11	240	#
842	0.829776	34	40	240	#
843	0.829776	12	35	240	#
844	0.829776	30	24	36	240	#
845	0.829776	4	63	240	#
846	0.531916	8	59	#
847	0.555484	57	20	18	241	#
848	0.555484	5	16	61	241	#
849	0.555484	5	16	23	20	18	241	#
850	0.555484	5	16	17	21	18	241	#
851	0.555484	5	16	17	22	20	18	241	#
852	0.444264	13	45	14	242	#
853	0.444264	13	23	31	242	#
854	0.444264	13	17	22	31	242	#
855	0.444264	13	23	15	14	242	#
856	0.444264	12	30	16	45	14	242	#
857	0.891392	32	44	243	#
858	0.891392	2	48	44	243	#
859	0.891392	55	14	44	243	#
860	0.891392	59	36	243	#
861	0.891392	9	3	48	44	243	#
862	0.774828	3	48	44	#
863	0.73369	43	244	#
864	0.73369	42	18	20	244	#
865	0.73369	42	18	21	22	244	#
866	0.73369	3	48	31	244	#
867	0.902106	22	43	28	245	#
868	0.902106	21	18	42	28	245	#
869	0.902106	22	20	18	42	28	245	#
870	0.902106	17	39	28	245	#
871	0.902106	17	23	43	28	245	#
872	0.466957	48	14	#
873	0.658064	27	19	#
874	0.545418	46	#
875	0.773327	41	17	16	5	246	#
876	0.773327	56	31	57	246	#
877	0.0914353	6	#
878	0.703443	16	17	41	247	#
879	0.703443	16	45	14	56	247	#
880	0.703443	16	23	31	56	247	#
881	0.703443	16	17	22	31	56	247	#
882	0.703443	16	23	15	14	56	247	#
883	0.0478445	12	#
884	0.449744	48	14	#
885	0.821794	13	46	10	248	#
886	0.821794	12	30	16	46	10	248	#
887	0.821794	13	45	14	48	248	#
888	0.821794	13	23	31	48	248	#
889	0.821794	13	17	22	31	48	248	#
890	0.758894	13	46	249	#
891	0.758894	12	30	16	46	249	#
892	0.758894	13	61	19	249	#
893	0.758894	13	23	20	18	19	249	#
894	0.758894	12	34	18	19	249	#
895	0.0378965	14	#
896	0.66557	46	17	250	#
897	0.66557	19	18	21	250	#
898	0.66557	19	18	20	22	250	#
899	0.249516	24	30	#
900	0.190736	21	251	#
901	0.190736	22	20	251	#
902	1.08485	33	43	28	252	#
903	1.08485	33	20	18	42	28	252	#
904	1.08485	49	3	28	252	#
905	1.08485	6	44	48	3	28	252	#
906	0.47706	61	253	#
907	0.47706	23	20	18	253	#
908	0.47706	17	21	18	253	#
909	0.47706	17	22	20	18	253	#
910	0.385049	59	254	#
911	0.385049	2	25	254	#
912	0.526065	13	61	255	#
913	0.526065	13	23	20	18	255	#
914	0.526065	12	34	18	255	#
915	0.526065	13	17	21	18	255	#
916	0.526065	13	17	22	20	18	255	#
917	0.469655	50	17	16	#
918	0.828961	28	3	25	1	256	#
919	0.828961	29	59	1	256	#
920	0.828961	29	2	25	1	256	#
921	0.828961	28	9	59	1	256	#
922	0.828961	28	54	11	1	256	#
923	0.55907	50	26	257	#
924	0.55907	17	60	257	#
925	0.306972	57	258	#
926	0.306972	23	16	5	258	#
927	0.306972	22	17	16	5	258	#
928	0.306972	23	16	30	4	258	#
929	0.306972	22	17	16	30	4	258	#
930	0.195378	28	#
931	0.823258	6	36	#
932	0.891392	32	44	259	#
933	0.891392	2	48	44	259	#
934	0.891392	55	14	44	259	#
935	0.891392	59	36	259	#
936	0.891392	9	3	48	44	259	#
937	0.290211	29	#
938	0.480055	25	3	260	#
939	0.480055	59	9	260	#
940	0.480055	11	54	260	#
941	0.480055	25	2	9	260	#
942	0.243591	28	#
943	0.752525	43	261	#
944	0.752525	20	18	42	261	#
945	0.752525	22	21	18	42	261	#
946	0.752525	31	48	3	261	#
947	0.752525	37	9	261	#
948	0.433736	48	#
949	0.460172	60	16	#
950	0.658864	59	1	262	#
951	0.658864	2	25	1	262	#
952	0.658864	59	8	0	262	#
953	0.658864	2	51	0	262	#
954	0.658864	2	25	8	0	262	#
955	0.838079	47	17	16	30	263	#
956	0.838079	53	45	16	30	263	#
957	0.838079	0	41	17	16	30	263	#
958	0.838079	53	15	23	16	30	263	#
959	0.838079	0	56	14	45	16	30	263	#
960	0.813238	10	46	16	30	264	#
961	0.813238	48	14	45	16	30	264	#
962	0.813238	48	31	23	16	30	264	#
963	0.813238	48	31	22	17	16	30	264	#
964	0.813238	10	46	13	12	264	#
965	0.205111	23	16	30	#
966	0.447377	57	31	265	#
967	0.447377	5	16	45	14	265	#
968	0.447377	5	16	23	31	265	#
969	0.282272	1	#
970	0.20997	13	17	266	#
971	0.20997	12	30	16	17	266	#
972	0.447941	14	48	#
973	0.710354	28	3	48	#
974	0.814418	27	61	13	267	#
975	0.814418	27	18	20	23	13	267	#
976	0.814418	27	18	34	12	267	#
977	0.814418	27	18	21	17	13	267	#
978	0.814418	27	18	20	22	17	13	267	#
979	0.358095	59	268	#
980	0.358095	2	25	268	#
981	0.242151	57	269	#
982	0.242151	23	16	5	269	#
983	0.459665	31	57	270	#
984	0.459665	14	45	16	5	270	#
985	0.459665	31	23	16	5	270	#
986	0.459665	31	22	17	16	5	270	#
987	0.459665	14	15	57	270	#
988	0.309786	1	#
989	0.248223	7	6	#
990	1.11807	27	19	11	8	271	#
991	1.11807	27	19	11	1	0	271	#
992	1.11807	27	18	38	14	56	271	#
993	1.11807	27	42	3	51	271	#
994	1.11807	27	19	10	51	271	#
995	0.157048	17	16	30	#
996	0.352528	16	45	272	#
997	0.352528	16	23	15	272	#
998	0.352528	16	17	22	15	272	#
999	0.748308	41	17	13	273	#
1000	0.748308	41	17	16	30	12	273	#
1001	0.748308	56	14	45	13	273	#
