%% File generated by CATS v.2.1Wed Jun 22 10:37:37 2022

%% The CATS webpage is http://robotics.stanford.edu/CATS

%% PARAMETER SETTINGS:
% Goods: 64; Bids: 1000; Distribution: paths; Runs: 1; Seed: 1656572832
% Paths Distribution Parameters:
% Initial connections:       = 2
% Edge density:              = 3.000000
% Shipping cost factor:      = 1.500000
% Max bid set size:          = 5
% Building penalty:          = 1.700000



goods 64
bids 1004
dummy 417

0	0.923725	0	1	48	64	#
1	0.923725	0	18	52	64	#
2	0.203656	50	65	#
3	0.203656	0	7	65	#
4	0.25415	10	#
5	0.228415	23	#
6	0.79925	17	35	62	#
7	0.184441	17	#
8	0.792022	25	40	66	#
9	0.792022	24	26	40	66	#
10	0.782244	6	13	41	67	#
11	0.782244	6	13	14	15	67	#
12	0.782244	5	13	14	39	67	#
13	0.782244	5	10	13	41	67	#
14	0.782244	5	10	13	14	15	67	#
15	0.573251	57	#
16	0.441438	45	68	#
17	0.441438	1	16	17	68	#
18	0.576417	1	17	54	#
19	0.973957	4	55	69	#
20	0.973957	31	39	61	69	#
21	0.973957	10	15	31	61	69	#
22	1.0299	43	70	#
23	1.0299	13	37	70	#
24	1.0299	3	18	30	70	#
25	1.0299	12	21	37	70	#
26	1.0299	3	13	46	70	#
27	0.926124	12	43	71	#
28	0.926124	21	37	71	#
29	0.313293	0	1	24	#
30	0.46057	11	31	#
31	1.01765	10	55	72	#
32	1.01765	3	15	18	49	72	#
33	1.01765	3	11	15	18	61	72	#
34	1.01765	37	41	72	#
35	1.01765	6	58	72	#
36	0.819353	55	#
37	0.173329	1	#
38	0.819636	32	73	#
39	0.819636	39	59	73	#
40	0.819636	1	25	40	73	#
41	0.819636	10	15	59	73	#
42	0.819636	14	39	42	73	#
43	0.319368	1	17	#
44	0.661774	7	33	74	#
45	0.661774	17	50	54	74	#
46	0.661774	0	7	17	54	74	#
47	0.772235	34	56	75	#
48	0.772235	2	7	34	75	#
49	0.772235	0	16	17	56	75	#
50	0.772235	2	16	17	50	75	#
51	0.772235	0	2	7	16	17	75	#
52	0.880066	5	40	76	#
53	0.880066	26	38	76	#
54	0.880066	6	15	57	76	#
55	0.880066	24	25	38	76	#
56	0.880066	5	39	57	76	#
57	0.702223	13	14	16	62	77	#
58	0.702223	14	23	29	77	#
59	0.702223	13	14	22	29	77	#
60	0.702223	12	14	16	21	62	77	#
61	0.716458	38	#
62	0.0959897	0	#
63	0.493242	8	15	61	#
64	0.850803	18	49	78	#
65	0.850803	11	18	61	78	#
66	0.850803	8	9	18	61	78	#
67	0.850803	14	46	78	#
68	0.850803	9	14	18	53	78	#
69	0.734336	11	36	79	#
70	0.734336	8	9	36	79	#
71	0.3844	14	23	#
72	0.707256	13	14	39	80	#
73	0.707256	10	13	41	80	#
74	0.707256	10	13	14	15	80	#
75	0.707256	12	14	21	39	80	#
76	0.707256	10	12	21	41	80	#
77	0.948829	5	32	81	#
78	0.948829	6	15	59	81	#
79	0.948829	1	24	38	81	#
80	0.948829	5	39	59	81	#
81	0.948829	1	5	25	40	81	#
82	0.693939	17	27	35	82	#
83	0.693939	17	27	50	63	82	#
84	0.693939	0	7	17	27	63	82	#
85	0.693939	17	19	28	50	82	#
86	0.693939	0	7	17	19	28	82	#
87	0.858056	0	15	59	83	#
88	0.858056	0	41	42	83	#
89	0.858056	0	14	15	42	83	#
90	0.858056	0	13	17	41	62	83	#
91	0.858056	0	1	41	60	83	#
92	0.659662	17	35	84	#
93	0.659662	17	50	63	84	#
94	0.659662	0	7	17	63	84	#
95	0.659662	17	19	20	50	84	#
96	0.659662	0	7	17	19	20	84	#
97	0.857419	3	4	27	63	85	#
98	0.857419	3	19	47	85	#
99	0.857419	3	4	19	28	85	#
100	0.857419	3	4	19	20	27	85	#
101	0.805084	25	44	57	86	#
102	0.805084	14	51	86	#
103	0.406935	8	31	#
104	0.734487	34	56	87	#
105	0.734487	34	7	2	87	#
106	0.183687	19	#
107	0.714655	55	#
108	0.42454	31	#
109	0.491333	60	25	#
110	1.14405	2	63	27	4	3	#
111	0.842981	49	18	3	#
112	0.436446	39	88	#
113	0.436446	15	10	88	#
114	1.2072	3	4	27	63	2	89	#
115	1.2072	3	47	19	2	89	#
116	1.2072	3	4	28	19	2	89	#
117	1.2072	3	4	27	20	19	2	89	#
118	1.2072	48	1	0	56	89	#
119	0.150209	1	#
120	0.790182	6	41	21	90	#
121	0.790182	6	15	14	21	90	#
122	0.790182	5	39	14	21	90	#
123	0.790182	5	10	41	21	90	#
124	0.790182	6	41	13	12	90	#
125	0.777379	37	#
126	0.302827	12	22	#
127	0.439732	4	#
128	0.471823	49	91	#
129	0.471823	61	11	91	#
130	0.471823	61	8	9	91	#
131	0.544349	41	23	92	#
132	0.544349	15	14	23	92	#
133	0.329664	25	1	93	#
134	0.329664	26	24	1	93	#
135	1.0172	5	32	0	94	#
136	1.0172	6	15	59	0	94	#
137	1.0172	38	24	1	0	94	#
138	1.0172	5	39	59	0	94	#
139	1.0172	5	40	25	1	0	94	#
140	0.717565	16	62	13	14	95	#
141	0.717565	29	23	14	95	#
142	0.717565	29	22	13	14	95	#
143	0.717565	16	62	12	21	14	95	#
144	0.717565	16	54	23	14	95	#
145	0.336781	13	14	#
146	0.921951	54	17	35	27	96	#
147	0.921951	33	7	63	27	96	#
148	0.921951	33	7	19	28	96	#
149	0.921951	33	0	35	27	96	#
150	0.921951	23	53	8	31	96	#
151	0.157216	11	97	#
152	0.157216	8	9	97	#
153	1.0355	44	25	40	98	#
154	1.0355	44	24	26	40	98	#
155	1.0355	19	50	32	98	#
156	1.0355	19	7	0	32	98	#
157	1.0355	44	25	57	39	98	#
158	0.818072	18	49	15	#
159	0.42074	60	#
160	0.485018	60	#
161	1.00674	56	0	42	99	#
162	1.00674	2	50	42	99	#
163	1.00674	2	7	0	42	99	#
164	1.00674	56	0	17	62	13	99	#
165	1.00674	56	0	1	60	99	#
166	0.601899	48	#
167	0.624902	56	100	#
168	0.624902	2	7	100	#
169	0.624902	2	50	0	100	#
170	0.79678	43	#
171	0.440212	18	9	#
172	0.8354	35	17	54	#
173	0.849949	15	59	50	101	#
174	0.849949	15	59	0	7	101	#
175	0.849949	41	42	50	101	#
176	0.849949	41	42	0	7	101	#
177	0.849949	15	14	42	50	101	#
178	0.221068	19	#
179	0.991409	6	41	13	62	102	#
180	0.991409	6	15	14	13	62	102	#
181	0.991409	5	39	14	13	62	102	#
182	0.991409	5	10	41	13	62	102	#
183	0.991409	5	10	15	14	13	62	102	#
184	0.434459	34	103	#
185	0.434459	16	17	0	103	#
186	0.641699	36	#
187	0.981952	17	35	27	4	104	#
188	0.981952	62	43	104	#
189	0.981952	17	50	63	27	4	104	#
190	0.981952	17	0	7	63	27	4	104	#
191	0.981952	17	50	19	47	104	#
192	0.620771	19	7	34	105	#
193	0.620771	19	50	17	16	105	#
194	0.620771	19	7	0	17	16	105	#
195	0.620771	44	45	105	#
196	0.620771	44	1	17	16	105	#
197	0.306492	1	25	#
198	0.299669	62	#
199	0.685816	14	13	62	16	106	#
200	0.685816	14	23	29	106	#
201	0.782244	13	41	6	107	#
202	0.782244	13	14	15	6	107	#
203	0.782244	13	14	39	5	107	#
204	0.782244	13	41	10	5	107	#
205	0.782244	13	14	15	10	5	107	#
206	0.057026	27	#
207	0.824163	35	27	4	108	#
208	0.824163	50	63	27	4	108	#
209	0.824163	0	7	63	27	4	108	#
210	0.824163	50	19	47	108	#
211	0.824163	50	19	28	4	108	#
212	0.144163	14	#
213	0.642897	48	#
214	0.30089	12	62	#
215	0.620771	34	7	19	109	#
216	0.620771	16	17	50	19	109	#
217	0.620771	16	17	0	7	19	109	#
218	0.620771	45	44	109	#
219	0.620771	16	17	1	44	109	#
220	0.681804	30	22	110	#
221	0.681804	9	53	23	110	#
222	0.333486	53	#
223	0.881098	39	14	13	62	111	#
224	0.881098	10	41	13	62	111	#
225	0.881098	10	15	14	13	62	111	#
226	0.881098	32	17	111	#
227	0.881098	39	14	21	12	62	111	#
228	0.344442	16	17	#
229	0.699147	42	50	112	#
230	0.699147	42	0	7	112	#
231	0.699147	13	62	17	50	112	#
232	0.699147	13	62	17	0	7	112	#
233	0.699147	60	1	50	112	#
234	0.285053	10	#
235	1.12464	56	0	52	113	#
236	1.12464	2	50	52	113	#
237	1.12464	2	7	0	52	113	#
238	1.12464	2	63	27	31	11	113	#
239	1.12464	2	63	27	31	8	9	113	#
240	0.605366	40	#
241	0.664092	56	0	17	114	#
242	0.664092	2	50	17	114	#
243	0.664092	2	7	0	17	114	#
244	0.23546	1	24	#
245	1.00199	56	0	17	62	12	115	#
246	1.00199	2	50	17	62	12	115	#
247	1.00199	2	7	0	17	62	12	115	#
248	0.44647	44	24	116	#
249	0.44647	44	25	26	116	#
250	0.363828	31	#
251	0.167528	22	#
252	0.651794	54	17	1	117	#
253	0.651794	23	60	117	#
254	0.651794	29	45	117	#
255	0.651794	33	0	1	117	#
256	0.651794	22	62	17	1	117	#
257	0.676396	17	52	118	#
258	0.676396	62	30	118	#
259	0.756935	40	26	119	#
260	0.756935	40	25	24	119	#
261	0.234674	17	#
262	0.685628	62	13	14	120	#
263	0.685628	62	12	21	14	120	#
264	0.685628	54	23	14	120	#
265	0.685628	17	59	120	#
266	0.685628	17	42	14	120	#
267	0.556767	14	13	62	#
268	0.698732	56	0	121	#
269	0.698732	2	50	121	#
270	0.698732	2	7	0	121	#
271	0.449471	9	18	122	#
272	0.449471	8	11	18	122	#
273	0.935906	16	62	13	14	39	123	#
274	0.935906	29	23	14	39	123	#
275	0.935906	16	62	13	41	10	123	#
276	0.935906	29	23	41	10	123	#
277	0.935906	16	62	13	14	15	10	123	#
278	0.50982	13	53	#
279	0.715312	19	50	17	62	124	#
280	0.715312	19	7	0	17	62	124	#
281	0.186068	20	#
282	0.546401	47	125	#
283	0.546401	28	4	125	#
284	0.546401	20	27	4	125	#
285	0.263976	44	#
286	0.935906	16	62	13	14	39	126	#
287	0.935906	29	23	14	39	126	#
288	0.935906	16	62	13	41	10	126	#
289	0.935906	29	23	41	10	126	#
290	0.935906	16	62	13	14	15	10	126	#
291	0.609849	1	17	54	127	#
292	0.609849	60	23	127	#
293	0.921951	54	17	35	27	128	#
294	0.921951	33	7	63	27	128	#
295	0.921951	33	7	19	28	128	#
296	0.921951	33	0	35	27	128	#
297	0.921951	23	53	8	31	128	#
298	0.55769	27	63	7	129	#
299	0.55769	28	19	7	129	#
300	0.55769	27	35	0	129	#
301	0.55769	27	20	19	7	129	#
302	1.11964	36	31	27	130	#
303	1.11964	58	4	27	130	#
304	1.11964	6	15	61	31	27	130	#
305	1.11964	5	55	4	27	130	#
306	1.11964	5	39	61	31	27	130	#
307	0.935906	39	14	13	62	16	131	#
308	0.935906	39	14	23	29	131	#
309	0.935906	10	41	13	62	16	131	#
310	0.935906	10	41	23	29	131	#
311	0.935906	10	15	14	13	62	16	131	#
312	0.278565	19	7	#
313	1.09913	22	43	132	#
314	1.09913	23	37	132	#
315	1.09913	22	13	37	132	#
316	1.09913	22	30	18	3	132	#
317	1.09913	23	46	3	132	#
318	0.960876	32	50	133	#
319	0.960876	32	0	7	133	#
320	0.960876	39	59	50	133	#
321	0.960876	39	59	0	7	133	#
322	0.960876	40	25	1	50	133	#
323	0.829039	1	48	134	#
324	0.829039	52	18	134	#
325	0.885097	38	135	#
326	0.885097	5	40	26	135	#
327	0.637928	6	41	136	#
328	0.637928	6	15	14	136	#
329	0.637928	5	39	14	136	#
330	0.637928	5	10	41	136	#
331	0.637928	5	10	15	14	136	#
332	0.944521	0	1	48	137	#
333	0.944521	0	52	18	137	#
334	0.944521	7	63	27	4	3	137	#
335	0.944521	7	19	47	3	137	#
336	0.944521	7	19	28	4	3	137	#
337	0.578797	25	57	138	#
338	0.578797	60	14	138	#
339	0.659662	35	17	139	#
340	0.659662	63	50	17	139	#
341	0.659662	63	7	0	17	139	#
342	0.659662	20	19	50	17	139	#
343	0.659662	20	19	7	0	17	139	#
344	0.390729	14	13	140	#
345	0.390729	14	21	12	140	#
346	0.78491	58	141	#
347	0.78491	55	5	141	#
348	0.240808	20	#
349	0.724289	0	59	142	#
350	0.724289	0	42	14	142	#
351	0.724289	0	17	62	13	14	142	#
352	0.724289	0	1	25	57	142	#
353	0.724289	0	1	60	14	142	#
354	1.04974	12	62	17	0	56	143	#
355	1.04974	12	62	17	50	2	143	#
356	1.04974	12	62	17	0	7	2	143	#
357	1.04974	21	42	0	56	143	#
358	1.04974	21	42	50	2	143	#
359	0.294803	19	7	#
360	0.225286	62	#
361	0.650648	1	0	56	144	#
362	0.650648	1	50	2	144	#
363	0.650648	1	0	7	2	144	#
364	0.193608	17	#
365	0.453386	23	14	145	#
366	0.453386	22	13	14	145	#
367	0.659662	17	35	146	#
368	0.659662	17	50	63	146	#
369	0.659662	17	0	7	63	146	#
370	0.659662	17	50	19	20	146	#
371	0.659662	17	0	7	19	20	146	#
372	0.269705	0	17	#
373	0.746993	23	14	39	147	#
374	0.746993	23	41	10	147	#
375	0.746993	23	14	15	10	147	#
376	0.746993	22	13	14	39	147	#
377	0.31982	0	1	25	#
378	0.849949	15	59	50	148	#
379	0.849949	15	59	0	7	148	#
380	0.849949	41	42	50	148	#
381	0.849949	41	42	0	7	148	#
382	0.849949	15	14	42	50	148	#
383	0.270767	23	#
384	0.644084	33	7	149	#
385	0.644084	54	17	50	149	#
386	0.644084	54	17	0	7	149	#
387	0.39995	6	150	#
388	0.39995	10	5	150	#
389	0.398831	25	1	17	#
390	0.587144	52	#
391	1.02679	56	0	59	151	#
392	1.02679	2	50	59	151	#
393	1.02679	2	7	0	59	151	#
394	1.02679	56	0	42	14	151	#
395	1.02679	2	50	42	14	151	#
396	0.899599	3	4	27	63	152	#
397	0.899599	3	47	19	152	#
398	0.899599	3	4	28	19	152	#
399	0.899599	3	4	27	20	19	152	#
400	0.899599	48	1	50	152	#
401	1.26344	32	0	56	153	#
402	1.26344	32	50	2	153	#
403	1.26344	32	0	7	2	153	#
404	1.26344	39	59	0	56	153	#
405	1.26344	39	59	50	2	153	#
406	0.689461	40	#
407	0.326857	1	17	#
408	0.208867	20	#
409	0.934708	12	30	18	154	#
410	0.934708	21	46	154	#
411	0.934708	21	53	9	18	154	#
412	0.934708	21	53	8	11	18	154	#
413	0.934708	12	13	46	154	#
414	0.604789	17	52	#
415	0.432277	14	23	#
416	0.345156	27	4	#
417	0.505485	34	7	155	#
418	0.505485	16	17	50	155	#
419	0.505485	16	17	0	7	155	#
420	0.638651	36	#
421	0.499253	18	3	#
422	0.748746	52	17	16	#
423	0.70858	48	24	#
424	0.829849	0	32	#
425	0.532315	16	62	13	156	#
426	0.532315	29	23	156	#
427	0.678869	16	17	35	27	#
428	0.619478	23	53	8	157	#
429	0.619478	23	14	61	157	#
430	0.338253	34	158	#
431	0.338253	0	17	16	158	#
432	0.894947	51	41	159	#
433	0.894947	44	60	41	159	#
434	0.894947	44	25	57	15	159	#
435	0.894947	51	14	15	159	#
436	0.894947	44	60	14	15	159	#
437	0.17526	22	#
438	0.971764	55	10	#
439	0.170802	7	#
440	0.918924	44	25	40	#
441	1.02679	56	0	59	160	#
442	1.02679	2	50	59	160	#
443	1.02679	2	7	0	59	160	#
444	1.02679	56	0	42	14	160	#
445	1.02679	2	50	42	14	160	#
446	0.799346	38	#
447	0.470063	42	#
448	0.501844	35	161	#
449	0.501844	63	50	161	#
450	0.501844	63	7	0	161	#
451	0.501844	20	19	50	161	#
452	0.501844	20	19	7	0	161	#
453	0.19984	14	#
454	1.08948	5	32	50	162	#
455	1.08948	5	32	0	7	162	#
456	1.08948	6	15	59	50	162	#
457	1.08948	38	24	1	50	162	#
458	1.08948	6	15	59	0	7	162	#
459	0.588244	39	14	21	#
460	0.19193	13	#
461	0.740437	35	17	16	163	#
462	0.740437	63	7	34	163	#
463	0.740437	35	0	34	163	#
464	0.740437	20	19	7	34	163	#
465	0.740437	63	50	17	16	163	#
466	0.680139	7	33	164	#
467	0.680139	50	17	54	164	#
468	0.680139	7	0	17	54	164	#
469	0.680139	7	34	29	164	#
470	1.06611	36	31	27	#
471	0.34523	25	1	0	#
472	0.74571	55	#
473	0.492699	62	13	165	#
474	0.492699	62	12	21	165	#
475	0.492699	54	23	165	#
476	0.466583	60	#
477	0.452843	49	166	#
478	0.452843	61	11	166	#
479	0.452843	61	8	9	166	#
480	0.340316	61	#
481	0.19335	21	#
482	0.59199	45	25	167	#
483	0.59199	16	17	1	25	167	#
484	0.59199	45	24	26	167	#
485	0.59199	34	0	1	25	167	#
486	0.59199	16	17	1	24	26	167	#
487	0.771057	55	#
488	0.357658	62	16	#
489	0.655913	59	168	#
490	0.655913	42	14	168	#
491	0.655913	17	62	13	14	168	#
492	0.655913	1	25	57	168	#
493	0.655913	1	60	14	168	#
494	0.499779	17	50	19	169	#
495	0.499779	17	0	7	19	169	#
496	0.728761	51	170	#
497	0.728761	44	60	170	#
498	0.728761	19	50	42	170	#
499	0.728761	19	7	0	42	170	#
500	0.511018	52	#
501	0.432823	24	44	171	#
502	0.432823	26	25	44	171	#
503	0.657658	42	50	172	#
504	0.657658	42	0	7	172	#
505	0.579208	49	15	173	#
506	0.579208	11	61	15	173	#
507	0.579208	9	8	61	15	173	#
508	0.450363	35	#
509	0.921951	54	17	35	27	174	#
510	0.921951	33	7	63	27	174	#
511	0.921951	33	7	19	28	174	#
512	0.921951	33	0	35	27	174	#
513	0.921951	23	53	8	31	174	#
514	0.216752	19	#
515	0.454972	35	#
516	0.579379	60	25	175	#
517	0.579379	14	57	175	#
518	0.337444	29	#
519	0.305775	44	#
520	0.115832	26	#
521	0.57609	39	14	176	#
522	0.57609	10	41	176	#
523	0.57609	10	15	14	176	#
524	0.659662	17	35	177	#
525	0.659662	17	50	63	177	#
526	0.659662	17	0	7	63	177	#
527	0.659662	17	50	19	20	177	#
528	0.659662	17	0	7	19	20	177	#
529	0.388516	8	61	#
530	0.0434109	8	#
531	0.270439	29	#
532	0.886245	35	17	54	178	#
533	0.886245	63	7	33	178	#
534	0.886245	35	0	33	178	#
535	0.886245	20	19	7	33	178	#
536	0.886245	35	17	62	22	178	#
537	0.359909	50	17	179	#
538	0.359909	7	0	17	179	#
539	0.519716	9	53	180	#
540	0.519716	11	8	53	180	#
541	0.519716	49	14	180	#
542	0.519716	11	61	14	180	#
543	0.519716	9	8	61	14	180	#
544	0.545754	21	41	181	#
545	0.545754	21	14	15	181	#
546	0.545754	12	13	41	181	#
547	0.545754	12	13	14	15	181	#
548	0.824479	25	40	182	#
549	0.824479	24	26	40	182	#
550	0.824479	25	57	39	182	#
551	0.824479	60	14	39	182	#
552	0.824479	1	32	182	#
553	0.712491	14	13	62	16	183	#
554	0.712491	14	23	29	183	#
555	0.712491	14	13	22	29	183	#
556	0.712491	14	21	12	62	16	183	#
557	0.289691	62	#
558	0.809319	56	0	1	25	184	#
559	0.809319	2	50	1	25	184	#
560	0.809319	2	7	0	1	25	184	#
561	0.809319	2	19	44	25	184	#
562	0.809319	56	0	1	24	26	184	#
563	0.819716	31	8	53	185	#
564	0.819716	31	61	14	185	#
565	0.819716	27	35	42	185	#
566	0.819716	28	51	185	#
567	0.819716	28	44	60	185	#
568	0.899599	3	4	27	63	186	#
569	0.899599	3	47	19	186	#
570	0.899599	3	4	28	19	186	#
571	0.899599	3	4	27	20	19	186	#
572	0.899599	48	1	50	186	#
573	0.653624	8	36	#
574	0.921951	27	35	17	54	187	#
575	0.921951	27	63	7	33	187	#
576	0.921951	28	19	7	33	187	#
577	0.921951	27	35	0	33	187	#
578	0.921951	31	8	53	23	187	#
579	1.08457	45	48	188	#
580	1.08457	16	17	1	48	188	#
581	1.08457	16	17	52	18	188	#
582	1.08457	16	62	30	18	188	#
583	1.08457	34	0	1	48	188	#
584	0.485571	42	#
585	0.404336	49	189	#
586	0.404336	11	61	189	#
587	0.404336	9	8	61	189	#
588	0.497014	42	0	#
589	0.849949	50	59	15	190	#
590	0.849949	7	0	59	15	190	#
591	0.849949	50	42	41	190	#
592	0.849949	7	0	42	41	190	#
593	0.849949	50	42	14	15	190	#
594	0.336516	6	#
595	0.417056	35	#
596	0.656013	51	191	#
597	0.656013	60	44	191	#
598	0.162583	13	#
599	0.680121	51	192	#
600	0.680121	60	44	192	#
601	0.350367	16	62	#
602	0.325251	0	1	25	#
603	0.502691	7	63	27	193	#
604	0.502691	7	19	28	193	#
605	0.502691	0	35	27	193	#
606	0.502691	7	19	20	27	193	#
607	0.85148	23	41	6	194	#
608	0.85148	23	14	15	6	194	#
609	0.85148	23	14	39	5	194	#
610	0.85148	23	41	10	5	194	#
611	0.85148	23	14	15	10	5	194	#
612	0.299739	63	#
613	1.15402	56	0	59	15	195	#
614	1.15402	2	50	59	15	195	#
615	1.15402	2	7	0	59	15	195	#
616	1.15402	56	0	42	41	195	#
617	1.06712	58	196	#
618	1.06712	5	55	196	#
619	0.0473944	27	#
620	0.69205	62	13	53	197	#
621	0.69205	17	52	9	197	#
622	0.933496	36	31	#
623	0.518146	60	25	#
624	0.407334	63	27	198	#
625	0.407334	19	28	198	#
626	0.407334	19	20	27	198	#
627	0.306759	34	#
628	0.700468	26	40	#
629	0.436859	41	21	199	#
630	0.436859	15	14	21	199	#
631	0.546832	18	9	200	#
632	0.546832	18	11	8	200	#
633	0.170917	21	#
634	1.02679	59	0	56	201	#
635	1.02679	59	50	2	201	#
636	1.02679	59	0	7	2	201	#
637	1.02679	14	42	0	56	201	#
638	1.02679	14	42	50	2	201	#
639	0.584446	57	#
640	0.519716	53	9	202	#
641	0.519716	53	8	11	202	#
642	0.519716	14	49	202	#
643	0.519716	14	61	11	202	#
644	0.519716	14	61	8	9	202	#
645	1.02679	56	0	59	203	#
646	1.02679	2	50	59	203	#
647	1.02679	2	7	0	59	203	#
648	1.02679	56	0	42	14	203	#
649	1.02679	2	50	42	14	203	#
650	0.685242	14	13	62	16	204	#
651	0.685242	14	23	29	204	#
652	0.635542	55	#
653	0.981555	38	205	#
654	0.981555	26	40	5	205	#
655	0.981555	24	25	40	5	205	#
656	0.981555	26	57	15	6	205	#
657	0.981555	26	57	39	5	205	#
658	0.407572	2	#
659	0.71144	30	22	206	#
660	0.71144	9	53	23	206	#
661	0.71144	11	8	53	23	206	#
662	0.71144	49	14	23	206	#
663	0.71144	9	53	13	22	206	#
664	1.0172	5	32	0	207	#
665	1.0172	6	15	59	0	207	#
666	1.0172	38	24	1	0	207	#
667	1.0172	5	39	59	0	207	#
668	1.0172	5	40	25	1	0	207	#
669	0.192456	15	#
670	0.746172	51	208	#
671	0.746172	44	60	208	#
672	0.746172	19	50	42	208	#
673	0.746172	19	7	0	42	208	#
674	0.746172	44	1	42	208	#
675	1.05563	48	1	17	209	#
676	1.05563	18	52	17	209	#
677	1.05563	18	30	62	209	#
678	1.05563	3	4	27	35	17	209	#
679	1.05563	46	13	62	209	#
680	0.730237	3	47	210	#
681	0.730237	3	4	28	210	#
682	0.730237	3	4	27	20	210	#
683	0.393537	31	27	#
684	0.894947	51	41	211	#
685	0.894947	44	60	41	211	#
686	0.894947	44	25	57	15	211	#
687	0.894947	51	14	15	211	#
688	0.894947	44	60	14	15	211	#
689	0.430703	53	#
690	0.519398	54	17	212	#
691	0.519398	33	0	212	#
692	1.05394	9	52	0	56	213	#
693	1.05394	9	52	50	2	213	#
694	1.05394	9	52	0	7	2	213	#
695	1.05394	8	31	27	63	2	213	#
696	1.05394	8	31	28	19	2	213	#
697	0.800535	24	48	214	#
698	0.800535	26	25	48	214	#
699	0.869584	48	#
700	0.752775	46	215	#
701	0.752775	53	9	18	215	#
702	0.819636	32	216	#
703	0.819636	39	59	216	#
704	0.819636	40	25	1	216	#
705	0.819636	10	15	59	216	#
706	0.819636	39	14	42	216	#
707	0.793337	53	13	62	16	#
708	0.823995	41	13	62	16	217	#
709	0.823995	41	23	29	217	#
710	0.823995	15	14	13	62	16	217	#
711	0.823995	15	14	23	29	217	#
712	0.823995	41	13	22	29	217	#
713	0.982581	56	0	52	218	#
714	0.982581	2	50	52	218	#
715	0.982581	2	7	0	52	218	#
716	0.748689	48	#
717	0.662516	17	0	56	219	#
718	0.662516	17	50	2	219	#
719	0.662516	17	0	7	2	219	#
720	0.773297	4	27	63	7	220	#
721	0.773297	47	19	7	220	#
722	0.773297	4	28	19	7	220	#
723	0.773297	4	27	35	0	220	#
724	0.773297	4	27	20	19	7	220	#
725	0.957666	37	221	#
726	0.957666	46	3	221	#
727	0.957666	13	43	221	#
728	0.957666	53	9	18	3	221	#
729	0.957666	53	8	11	18	3	221	#
730	0.837325	18	30	12	#
731	0.57543	50	17	62	222	#
732	0.57543	7	0	17	62	222	#
733	0.166023	22	#
734	0.570339	0	56	223	#
735	0.570339	50	2	223	#
736	0.570339	0	7	2	223	#
737	0.949965	38	24	224	#
738	0.949965	5	40	25	224	#
739	0.949965	38	26	25	224	#
740	0.949965	5	40	26	24	224	#
741	0.949965	6	41	60	224	#
742	1.2072	2	63	27	4	3	225	#
743	1.2072	2	19	47	3	225	#
744	1.2072	2	19	28	4	3	225	#
745	1.2072	2	19	20	27	4	3	225	#
746	1.2072	56	0	1	48	225	#
747	0.11742	12	#
748	0.619061	13	14	39	226	#
749	0.619061	13	41	10	226	#
750	0.619061	13	14	15	10	226	#
751	0.772052	58	227	#
752	0.772052	5	55	227	#
753	0.574966	25	60	228	#
754	0.574966	57	14	228	#
755	0.726584	31	61	#
756	0.480479	57	#
757	0.588891	33	229	#
758	0.588891	54	17	0	229	#
759	0.588891	29	34	229	#
760	0.960876	32	50	230	#
761	0.960876	32	0	7	230	#
762	0.960876	39	59	50	230	#
763	0.960876	39	59	0	7	230	#
764	0.960876	40	25	1	50	230	#
765	0.954911	37	231	#
766	0.954911	3	46	231	#
767	0.954911	43	13	231	#
768	0.954911	3	18	9	53	231	#
769	0.717719	55	#
770	1.02779	58	232	#
771	1.02779	55	5	232	#
772	0.3129	22	12	#
773	0.282955	7	19	#
774	0.283001	29	#
775	0.475185	6	15	233	#
776	0.475185	5	39	233	#
777	0.949965	24	38	234	#
778	0.949965	25	40	5	234	#
779	0.949965	25	26	38	234	#
780	0.949965	24	26	40	5	234	#
781	0.949965	60	41	6	234	#
782	0.996365	22	30	18	235	#
783	0.996365	23	46	235	#
784	0.996365	23	53	9	18	235	#
785	0.996365	23	53	8	11	18	235	#
786	0.996365	23	14	49	18	235	#
787	0.637356	17	52	#
788	0.77424	27	35	17	16	236	#
789	0.77424	27	63	7	34	236	#
790	0.77424	28	19	7	34	236	#
791	0.77424	27	35	0	34	236	#
792	0.77424	27	20	19	7	34	236	#
793	1.0172	0	32	5	237	#
794	1.0172	0	59	15	6	237	#
795	1.0172	0	1	24	38	237	#
796	1.0172	0	59	39	5	237	#
797	1.0172	0	1	25	40	5	237	#
798	0.603353	15	6	238	#
799	0.603353	39	5	238	#
800	0.603353	15	10	5	238	#
801	0.439479	0	17	62	#
802	0.422898	34	239	#
803	0.422898	16	17	0	239	#
804	0.346682	25	1	0	#
805	0.620771	19	7	34	240	#
806	0.620771	19	50	17	16	240	#
807	0.620771	19	7	0	17	16	240	#
808	0.620771	44	45	240	#
809	0.620771	44	1	17	16	240	#
810	0.524025	0	52	#
811	0.353897	63	241	#
812	0.353897	20	19	241	#
813	0.198305	17	#
814	0.547411	33	242	#
815	0.547411	0	17	54	242	#
816	0.554926	7	34	243	#
817	0.554926	50	17	16	243	#
818	0.554926	7	0	17	16	243	#
819	0.554926	50	0	34	243	#
820	0.110182	26	#
821	0.697525	48	#
822	0.821772	37	#
823	0.59377	59	244	#
824	0.59377	42	14	244	#
825	0.71786	0	59	245	#
826	0.71786	0	42	14	245	#
827	0.71786	0	17	62	13	14	245	#
828	0.71786	0	1	25	57	245	#
829	0.426451	24	44	246	#
830	0.426451	26	25	44	246	#
831	0.730225	53	23	247	#
832	0.730225	53	13	22	247	#
833	0.730225	8	61	14	23	247	#
834	0.730225	9	30	22	247	#
835	0.730225	53	21	12	22	247	#
836	0.827807	55	#
837	0.847133	31	61	15	#
838	0.543881	21	41	248	#
839	0.543881	21	14	15	248	#
840	0.543881	12	13	41	248	#
841	0.543881	12	13	14	15	248	#
842	0.724289	59	0	249	#
843	0.724289	14	42	0	249	#
844	0.724289	14	13	62	17	0	249	#
845	0.724289	57	25	1	0	249	#
846	0.724289	14	60	1	0	249	#
847	0.921518	56	33	250	#
848	0.921518	2	7	33	250	#
849	0.921518	56	0	17	54	250	#
850	0.921518	2	50	17	54	250	#
851	0.921518	2	7	0	17	54	250	#
852	0.593222	34	7	19	#
853	0.167061	5	#
854	0.809319	25	1	0	56	251	#
855	0.809319	25	1	50	2	251	#
856	0.809319	25	1	0	7	2	251	#
857	0.809319	25	44	19	2	251	#
858	0.809319	26	24	1	0	56	251	#
859	0.403612	9	18	#
860	0.938999	38	252	#
861	0.938999	5	40	26	252	#
862	0.938999	5	40	25	24	252	#
863	0.157129	11	253	#
864	0.157129	9	8	253	#
865	0.23602	0	17	#
866	0.761969	60	41	254	#
867	0.761969	25	57	15	254	#
868	0.761969	60	14	15	254	#
869	0.761969	1	59	15	254	#
870	0.761969	24	26	57	15	254	#
871	0.885878	48	255	#
872	0.885878	18	52	1	255	#
873	0.314842	17	16	#
874	0.759989	62	17	50	19	256	#
875	0.759989	62	17	0	7	19	256	#
876	0.759989	62	17	1	44	256	#
877	0.759989	13	51	256	#
878	0.832309	58	257	#
879	0.832309	55	5	257	#
880	0.155852	11	258	#
881	0.155852	8	9	258	#
882	0.662972	55	#
883	0.944521	0	1	48	259	#
884	0.944521	0	52	18	259	#
885	0.944521	7	63	27	4	3	259	#
886	0.944521	7	19	47	3	259	#
887	0.944521	7	19	28	4	3	259	#
888	0.771499	26	40	260	#
889	0.771499	24	25	40	260	#
890	0.50331	49	15	#
891	0.375748	44	24	#
892	0.418007	60	#
893	0.39567	14	13	261	#
894	0.39567	14	21	12	261	#
895	0.676048	33	7	262	#
896	0.676048	54	17	50	262	#
897	0.676048	54	17	0	7	262	#
898	0.676048	29	34	7	262	#
899	0.761223	3	47	263	#
900	0.761223	3	4	28	263	#
901	0.761223	3	4	27	20	263	#
902	0.492099	53	9	264	#
903	0.492099	53	8	11	264	#
904	0.492099	14	49	264	#
905	0.30245	6	#
906	0.461721	25	1	17	#
907	0.455566	23	14	265	#
908	0.455566	22	13	14	265	#
909	0.628707	17	50	19	266	#
910	0.628707	17	0	7	19	266	#
911	0.628707	17	1	44	266	#
912	0.452025	8	31	27	#
913	0.772235	34	56	267	#
914	0.772235	34	7	2	267	#
915	0.772235	16	17	0	56	267	#
916	0.772235	16	17	50	2	267	#
917	0.772235	16	17	0	7	2	267	#
918	0.596372	39	14	13	#
919	0.935906	16	62	13	14	39	268	#
920	0.935906	29	23	14	39	268	#
921	0.935906	16	62	13	41	10	268	#
922	0.935906	29	23	41	10	268	#
923	0.935906	16	62	13	14	15	10	268	#
924	0.194568	10	#
925	0.968052	10	55	#
926	0.77376	61	31	#
927	0.86255	32	5	#
928	0.491449	60	25	#
929	0.774921	36	269	#
930	0.774921	6	15	61	269	#
931	0.774921	5	39	61	269	#
932	0.774921	5	10	15	61	269	#
933	0.0842558	9	#
934	0.149917	1	#
935	0.473107	62	17	0	#
936	0.640034	0	56	270	#
937	0.640034	50	2	270	#
938	0.640034	0	7	2	270	#
939	0.654955	53	23	271	#
940	0.654955	53	13	22	271	#
941	0.654955	8	61	14	23	271	#
942	0.341137	13	14	#
943	0.368755	35	#
944	0.444323	25	1	17	#
945	0.7094	31	61	#
946	0.863307	30	18	272	#
947	0.863307	13	46	272	#
948	0.863307	13	53	9	18	272	#
949	0.652614	42	0	273	#
950	0.652614	13	62	17	0	273	#
951	0.652614	60	1	0	273	#
952	0.959771	5	32	0	#
953	0.782244	13	41	6	274	#
954	0.782244	13	14	15	6	274	#
955	0.782244	13	14	39	5	274	#
956	0.782244	13	41	10	5	274	#
957	0.782244	13	14	15	10	5	274	#
958	0.783515	18	49	275	#
959	0.783515	18	11	61	275	#
960	0.783515	18	9	8	61	275	#
961	0.202613	19	#
962	1.08457	48	45	276	#
963	1.08457	48	1	17	16	276	#
964	1.08457	18	52	17	16	276	#
965	1.08457	18	30	62	16	276	#
966	1.08457	48	1	0	34	276	#
967	0.67661	40	#
968	0.606767	52	#
969	0.777009	50	59	277	#
970	0.777009	7	0	59	277	#
971	0.777009	50	42	14	277	#
972	0.777009	7	0	42	14	277	#
973	0.536367	17	1	25	278	#
974	0.536367	17	1	24	26	278	#
975	1.02679	56	0	59	279	#
976	1.02679	2	50	59	279	#
977	1.02679	2	7	0	59	279	#
978	1.02679	56	0	42	14	279	#
979	1.02679	2	50	42	14	279	#
980	0.494134	3	18	#
981	0.658625	3	4	27	#
982	0.596948	57	#
983	0.937099	0	1	48	280	#
984	0.937099	0	52	18	280	#
985	0.937099	7	63	27	4	3	280	#
986	0.22134	17	#
987	0.120521	11	281	#
988	0.120521	9	8	281	#
989	0.59723	60	25	282	#
990	0.59723	14	57	282	#
991	0.59723	60	24	26	282	#
992	0.805084	57	25	44	283	#
993	0.805084	14	51	283	#
994	0.805084	14	60	44	283	#
995	0.805084	59	50	19	283	#
996	0.805084	59	0	7	19	283	#
997	0.372659	16	17	284	#
998	0.372659	34	0	284	#
999	1.05554	16	62	13	41	6	285	#
1000	1.05554	29	23	41	6	285	#
1001	1.05554	16	62	13	14	15	6	285	#
1002	1.05554	29	23	14	15	6	285	#
1003	1.05554	16	62	13	14	39	5	285	#
