%% File generated by CATS v.2.1Wed Jun 22 10:37:37 2022

%% The CATS webpage is http://robotics.stanford.edu/CATS

%% PARAMETER SETTINGS:
% Goods: 64; Bids: 1000; Distribution: paths; Runs: 1; Seed: 1656572838
% Paths Distribution Parameters:
% Initial connections:       = 2
% Edge density:              = 3.000000
% Shipping cost factor:      = 1.500000
% Max bid set size:          = 5
% Building penalty:          = 1.700000



goods 64
bids 1000
dummy 449

0	0.49489	3	4	14	#
1	1.1253	29	38	64	#
2	1.1253	27	28	29	64	#
3	1.1253	11	13	28	48	52	64	#
4	1.1253	8	29	41	64	#
5	1.1253	4	5	11	13	28	56	64	#
6	0.529335	1	13	65	#
7	0.529335	0	10	13	65	#
8	0.955545	15	44	66	#
9	0.955545	11	15	54	66	#
10	0.955545	13	55	66	#
11	0.955545	16	17	44	66	#
12	0.955545	17	49	57	66	#
13	0.630841	5	7	28	67	#
14	0.630841	4	5	6	28	67	#
15	0.691958	55	#
16	0.951272	19	20	28	52	68	#
17	0.951272	8	9	20	28	52	68	#
18	0.951272	9	14	20	33	68	#
19	0.951272	4	5	14	19	20	28	68	#
20	0.951272	4	5	8	9	14	20	28	68	#
21	0.649694	30	69	#
22	0.649694	2	12	69	#
23	0.405823	3	14	#
24	1.05591	17	46	70	#
25	1.05591	14	18	36	70	#
26	1.05591	50	52	70	#
27	1.05591	16	34	70	#
28	0.173037	11	#
29	0.261843	13	#
30	0.71032	61	71	#
31	0.71032	6	56	71	#
32	0.71032	6	14	48	71	#
33	0.71032	4	7	56	71	#
34	0.71032	4	7	14	48	71	#
35	1.21261	31	72	#
36	1.21261	14	20	24	36	72	#
37	1.21261	2	3	14	36	72	#
38	0.106082	10	#
39	0.197862	23	#
40	1.07056	5	17	50	73	#
41	1.07056	17	26	53	73	#
42	1.07056	4	17	18	36	73	#
43	1.07056	17	18	25	53	73	#
44	1.07056	4	14	46	73	#
45	0.785471	20	24	52	74	#
46	0.785471	2	3	52	74	#
47	0.785471	4	5	14	20	24	74	#
48	0.785471	2	3	4	5	14	74	#
49	0.276773	12	#
50	0.13617	18	#
51	0.806531	60	75	#
52	0.806531	23	49	75	#
53	0.491336	22	57	76	#
54	0.491336	21	23	57	76	#
55	0.491336	18	58	76	#
56	0.356243	14	20	#
57	1.23997	2	22	45	77	#
58	1.23997	2	21	23	45	77	#
59	1.23997	31	58	77	#
60	1.23997	11	21	30	60	77	#
61	1.23997	2	11	12	21	60	77	#
62	1.00222	6	14	62	78	#
63	1.00222	10	11	13	61	78	#
64	1.00222	6	10	11	13	56	78	#
65	1.00222	6	10	11	13	14	48	78	#
66	1.00222	4	7	14	62	78	#
67	0.556196	21	25	58	79	#
68	0.556196	23	26	57	79	#
69	0.735142	8	28	52	80	#
70	0.735142	14	33	80	#
71	0.735142	4	5	8	14	28	80	#
72	0.529627	3	6	14	#
73	1.19089	14	20	36	81	#
74	1.19089	24	31	81	#
75	0.210936	13	#
76	0.566972	29	#
77	1.03553	23	45	82	#
78	1.03553	21	22	45	82	#
79	1.03553	11	12	60	82	#
80	1.06035	6	36	83	#
81	1.06035	4	7	36	83	#
82	1.06035	7	25	53	83	#
83	1.27117	2	45	84	#
84	1.27117	11	30	49	84	#
85	1.27117	2	11	12	49	84	#
86	1.27117	18	31	57	84	#
87	1.07949	6	18	36	85	#
88	1.07949	5	7	50	85	#
89	1.07949	7	26	53	85	#
90	1.07949	4	7	18	36	85	#
91	1.07949	6	25	26	36	85	#
92	0.92596	7	53	#
93	1.04701	5	16	50	86	#
94	1.04701	4	39	86	#
95	1.04701	16	26	53	86	#
96	1.04701	4	16	18	36	86	#
97	1.04701	5	15	17	50	86	#
98	1.02074	51	87	#
99	1.02074	20	35	87	#
100	1.02074	20	37	48	87	#
101	0.948474	51	88	#
102	0.948474	20	35	88	#
103	0.948474	20	37	48	88	#
104	0.604714	8	28	52	89	#
105	0.604714	14	33	89	#
106	0.823674	32	#
107	0.731423	43	#
108	0.722628	36	#
109	0.642687	11	56	90	#
110	0.642687	11	14	48	90	#
111	1.09207	19	20	24	28	52	91	#
112	1.09207	8	9	20	24	28	52	91	#
113	1.09207	9	14	20	24	33	91	#
114	1.09207	2	3	19	28	52	91	#
115	1.09207	2	3	8	9	28	52	91	#
116	0.132661	25	#
117	0.395893	26	57	#
118	1.08699	8	16	42	92	#
119	1.08699	16	28	50	92	#
120	1.08699	8	15	17	42	92	#
121	1.08699	15	17	28	50	92	#
122	1.08699	8	16	18	32	92	#
123	0.220521	24	#
124	1.22576	20	46	93	#
125	1.22576	15	59	93	#
126	1.22576	15	20	34	93	#
127	1.22576	14	17	18	20	36	93	#
128	1.22576	15	20	48	54	93	#
129	0.776827	12	37	#
130	0.487463	19	28	94	#
131	0.487463	8	9	28	94	#
132	0.966426	37	56	95	#
133	0.966426	14	35	95	#
134	0.966426	14	37	48	95	#
135	1.02311	40	96	#
136	1.02311	58	63	96	#
137	1.02311	22	43	96	#
138	1.02311	21	23	43	96	#
139	0.761097	44	#
140	0.56562	22	47	#
141	1.11239	31	#
142	0.588587	47	23	97	#
143	0.588587	16	57	23	97	#
144	0.588587	15	17	57	23	97	#
145	0.588587	47	22	21	97	#
146	0.588587	16	57	22	21	97	#
147	0.925051	55	#
148	0.784776	0	63	#
149	0.786451	62	98	#
150	0.786451	48	11	13	10	98	#
151	1.08334	34	99	#
152	1.08334	46	15	99	#
153	1.08334	48	54	99	#
154	1.08334	14	39	99	#
155	1.08334	46	17	16	99	#
156	0.773351	19	28	52	100	#
157	0.773351	9	8	28	52	100	#
158	0.773351	9	33	14	100	#
159	0.773351	19	28	5	4	14	100	#
160	0.773351	9	8	28	5	4	14	100	#
161	0.785785	61	11	101	#
162	0.785785	6	56	11	101	#
163	0.785785	6	14	48	11	101	#
164	0.216396	2	#
165	1.18981	6	39	102	#
166	1.18981	6	36	18	16	102	#
167	1.18981	6	36	18	17	15	102	#
168	1.18981	61	54	102	#
169	1.18981	6	14	34	102	#
170	0.923503	6	36	#
171	0.374778	57	17	#
172	0.213115	7	#
173	0.897354	17	55	10	103	#
174	0.897354	18	63	0	103	#
175	1.20117	17	18	31	104	#
176	1.20117	15	54	30	104	#
177	1.20117	15	54	12	2	104	#
178	1.20117	17	26	25	31	104	#
179	1.20117	15	16	18	31	104	#
180	1.32937	32	63	105	#
181	1.32937	41	29	1	105	#
182	1.32937	8	38	29	1	105	#
183	1.32937	33	56	37	105	#
184	1.32937	41	29	10	0	105	#
185	1.02557	15	55	106	#
186	1.02557	44	13	106	#
187	1.02557	16	17	55	106	#
188	1.02557	54	11	13	106	#
189	1.17999	10	29	38	107	#
190	1.17999	10	29	27	28	107	#
191	1.17999	62	52	28	107	#
192	1.17999	62	14	4	5	28	107	#
193	1.17999	10	13	11	48	52	28	107	#
194	0.918157	33	56	108	#
195	0.918157	8	28	52	48	108	#
196	0.918157	33	14	48	108	#
197	0.290857	4	14	#
198	0.554451	56	11	#
199	0.742954	61	11	109	#
200	0.742954	6	56	11	109	#
201	0.742954	6	14	48	11	109	#
202	0.112623	4	#
203	0.302737	57	#
204	0.348931	14	20	#
205	0.115901	4	#
206	1.08699	8	42	16	110	#
207	1.08699	28	50	16	110	#
208	1.08699	8	42	17	15	110	#
209	1.08699	28	50	17	15	110	#
210	1.08699	8	32	18	16	110	#
211	1.04636	53	111	#
212	1.04636	4	36	25	111	#
213	1.04636	5	50	26	111	#
214	1.04636	4	36	18	26	111	#
215	0.323634	10	13	#
216	0.874083	49	13	#
217	1.23997	22	45	2	112	#
218	1.23997	21	23	45	2	112	#
219	1.23997	58	31	112	#
220	1.23997	21	60	11	30	112	#
221	1.23997	21	60	11	12	2	112	#
222	0.82512	55	#
223	1.08699	8	42	16	113	#
224	1.08699	28	50	16	113	#
225	1.08699	8	42	17	15	113	#
226	1.08699	28	50	17	15	113	#
227	1.08699	8	32	18	16	113	#
228	0.882866	54	114	#
229	0.882866	44	11	114	#
230	0.142078	25	#
231	0.309131	14	6	#
232	0.326926	10	13	#
233	0.913103	10	29	#
234	0.515502	30	115	#
235	0.515502	12	2	115	#
236	0.783386	44	116	#
237	0.783386	54	11	116	#
238	0.366166	24	20	#
239	0.697573	36	#
240	0.554402	4	14	3	#
241	1.23376	30	54	117	#
242	1.23376	2	12	54	117	#
243	1.23376	31	18	16	117	#
244	1.23376	31	18	17	15	117	#
245	1.23376	24	59	117	#
246	0.852483	36	18	#
247	0.814262	29	#
248	0.82881	55	10	#
249	1.08306	17	18	36	6	#
250	1.03273	16	42	118	#
251	1.03273	15	17	42	118	#
252	1.03273	16	18	32	118	#
253	1.03273	15	17	18	32	118	#
254	0.928066	23	45	#
255	0.481944	47	119	#
256	0.481944	16	57	119	#
257	0.481944	15	17	57	119	#
258	0.373335	52	120	#
259	0.373335	14	4	5	120	#
260	0.761579	61	11	121	#
261	0.761579	6	56	11	121	#
262	0.761579	6	14	48	11	121	#
263	1.19851	46	20	122	#
264	1.19851	15	59	122	#
265	1.19851	15	34	20	122	#
266	0.75486	54	15	#
267	0.171201	26	#
268	0.97708	5	50	17	123	#
269	0.97708	53	26	17	123	#
270	0.807579	48	52	28	#
271	0.773351	19	28	52	124	#
272	0.773351	9	8	28	52	124	#
273	0.773351	9	33	14	124	#
274	0.773351	19	28	5	4	14	124	#
275	0.773351	9	8	28	5	4	14	124	#
276	0.588587	47	23	125	#
277	0.588587	16	57	23	125	#
278	0.588587	15	17	57	23	125	#
279	0.588587	47	22	21	125	#
280	0.588587	16	57	22	21	125	#
281	0.782378	8	28	5	7	126	#
282	0.782378	33	6	126	#
283	0.782378	8	28	5	4	6	126	#
284	0.782378	33	4	7	126	#
285	0.853432	13	49	#
286	1.09144	4	56	37	127	#
287	1.09144	4	14	35	127	#
288	1.09144	4	14	48	37	127	#
289	1.09144	4	56	11	13	1	127	#
290	1.09144	4	14	62	0	127	#
291	0.410774	58	21	#
292	1.09207	24	20	52	28	19	128	#
293	1.09207	24	20	52	28	8	9	128	#
294	1.09207	24	20	14	33	9	128	#
295	1.09207	2	3	52	28	19	128	#
296	1.09207	2	3	52	28	8	9	128	#
297	1.17999	10	29	38	129	#
298	1.17999	10	29	27	28	129	#
299	1.17999	62	52	28	129	#
300	1.17999	62	14	4	5	28	129	#
301	1.17999	10	13	11	48	52	28	129	#
302	0.768305	54	#
303	1.18039	36	6	130	#
304	1.18039	36	4	7	130	#
305	1.18039	25	53	7	130	#
306	1.18039	25	53	4	6	130	#
307	1.18039	18	50	5	7	130	#
308	0.901673	25	36	131	#
309	0.901673	53	4	131	#
310	0.763082	13	11	56	132	#
311	0.763082	13	11	48	14	132	#
312	0.872738	45	#
313	0.922043	60	133	#
314	0.922043	23	49	133	#
315	0.922043	21	22	49	133	#
316	0.193076	16	134	#
317	0.193076	15	17	134	#
318	0.36271	19	135	#
319	0.36271	8	9	135	#
320	0.426204	57	22	#
321	0.825117	49	13	#
322	0.168658	18	#
323	0.459689	48	136	#
324	0.459689	3	12	136	#
325	0.392652	58	#
326	1.00619	56	37	137	#
327	1.00619	14	35	137	#
328	1.00619	14	48	37	137	#
329	1.00619	56	11	13	1	137	#
330	1.00619	14	62	0	137	#
331	0.126892	10	#
332	0.274391	5	4	#
333	1.00263	5	53	138	#
334	1.00263	50	26	138	#
335	1.00263	50	18	25	138	#
336	0.0977291	17	#
337	0.901722	17	55	10	139	#
338	0.901722	18	63	0	139	#
339	0.129346	11	#
340	1.18927	42	140	#
341	1.18927	32	18	140	#
342	1.18927	32	25	26	140	#
343	1.18927	8	28	50	140	#
344	0.731834	24	20	52	141	#
345	0.731834	2	3	52	141	#
346	0.731834	24	20	14	4	5	141	#
347	0.731834	2	3	14	4	5	141	#
348	1.08334	55	10	142	#
349	1.08334	17	18	63	0	142	#
350	1.08334	15	44	13	10	142	#
351	1.08334	17	18	63	1	10	142	#
352	0.588813	13	1	143	#
353	0.588813	13	10	0	143	#
354	0.588813	11	37	143	#
355	0.948151	29	38	#
356	0.110626	4	#
357	0.845971	61	11	13	#
358	1.05903	3	52	28	8	144	#
359	1.05903	3	14	33	144	#
360	1.05903	3	14	4	5	28	8	144	#
361	1.05903	3	52	28	19	9	144	#
362	1.05903	3	14	6	7	5	28	8	144	#
363	1.01932	46	17	145	#
364	1.01932	14	36	18	145	#
365	0.529671	28	19	146	#
366	0.529671	28	8	9	146	#
367	0.878686	44	16	147	#
368	0.878686	49	57	147	#
369	0.878686	44	15	17	147	#
370	1.13332	17	50	148	#
371	1.13332	15	16	50	148	#
372	1.13332	17	26	53	5	148	#
373	1.13332	17	18	36	4	5	148	#
374	0.615057	17	57	23	149	#
375	0.615057	17	57	22	21	149	#
376	0.615057	17	18	58	21	149	#
377	0.615057	15	47	23	149	#
378	0.615057	15	16	57	23	149	#
379	1.2153	17	46	20	150	#
380	1.2153	18	36	14	20	150	#
381	1.2153	18	31	24	150	#
382	1.2153	16	59	150	#
383	1.2153	17	15	59	150	#
384	0.856786	48	52	28	151	#
385	0.856786	56	4	5	28	151	#
386	0.856786	48	14	4	5	28	151	#
387	0.676122	56	11	152	#
388	0.676122	14	48	11	152	#
389	1.29624	10	29	41	9	153	#
390	1.29624	10	29	38	19	153	#
391	1.29624	10	29	38	8	9	153	#
392	1.29624	10	29	27	28	19	153	#
393	1.29624	10	29	27	28	8	9	153	#
394	0.746001	19	28	5	154	#
395	0.746001	9	8	28	5	154	#
396	0.746001	9	33	4	154	#
397	1.08334	34	155	#
398	1.08334	46	15	155	#
399	1.08334	48	54	155	#
400	1.08334	14	39	155	#
401	1.08334	46	17	16	155	#
402	0.909956	44	15	156	#
403	0.909956	11	54	15	156	#
404	0.909956	13	55	156	#
405	0.967254	16	50	157	#
406	0.967254	15	17	50	157	#
407	0.320705	14	4	#
408	0.534999	48	20	#
409	0.868844	49	158	#
410	0.868844	60	23	158	#
411	0.868844	60	21	22	158	#
412	0.15907	23	#
413	0.163131	14	#
414	1.20117	17	18	31	159	#
415	1.20117	15	54	30	159	#
416	1.20117	15	54	12	2	159	#
417	1.20117	17	26	25	31	159	#
418	1.20117	15	16	18	31	159	#
419	1.15112	17	50	160	#
420	1.15112	15	16	50	160	#
421	1.15112	17	26	53	5	160	#
422	1.15112	17	18	36	4	5	160	#
423	1.15112	46	52	160	#
424	0.937994	32	8	#
425	0.998606	36	161	#
426	0.998606	4	53	25	161	#
427	0.268115	27	#
428	1.09207	19	28	52	20	24	162	#
429	1.09207	9	8	28	52	20	24	162	#
430	1.09207	9	33	14	20	24	162	#
431	1.09207	19	28	52	3	2	162	#
432	1.09207	9	8	28	52	3	2	162	#
433	0.426506	14	3	#
434	0.395171	21	58	#
435	0.0824604	17	#
436	0.662661	4	56	11	#
437	0.156756	23	#
438	0.336443	57	17	#
439	0.65875	48	52	163	#
440	0.65875	56	4	5	163	#
441	0.701017	7	5	28	8	164	#
442	0.701017	6	33	164	#
443	0.701017	6	4	5	28	8	164	#
444	1.07233	18	36	6	165	#
445	1.07233	50	5	7	165	#
446	1.07233	26	53	7	165	#
447	1.07233	18	36	4	7	165	#
448	0.68241	4	56	166	#
449	0.68241	4	14	48	166	#
450	0.68241	4	14	3	12	166	#
451	1.1053	61	37	167	#
452	1.1053	6	56	37	167	#
453	1.1053	6	14	35	167	#
454	1.1053	6	14	48	37	167	#
455	1.1053	61	11	13	1	167	#
456	0.978841	50	#
457	0.333548	0	#
458	0.920723	54	168	#
459	0.920723	44	11	168	#
460	0.958448	10	29	#
461	0.925022	62	169	#
462	0.925022	10	13	11	48	169	#
463	0.925022	10	13	11	12	3	169	#
464	0.301696	0	#
465	0.566731	22	47	170	#
466	0.566731	22	57	16	170	#
467	0.566731	21	23	47	170	#
468	0.566731	22	57	17	15	170	#
469	1.03871	10	29	27	171	#
470	1.03871	62	52	171	#
471	1.03871	62	14	4	5	171	#
472	1.03871	10	13	11	48	52	171	#
473	1.03871	10	13	11	56	4	5	171	#
474	0.678961	10	13	11	12	#
475	0.921797	36	25	172	#
476	0.921797	4	53	172	#
477	0.958705	54	173	#
478	0.958705	44	11	173	#
479	0.85277	52	48	11	174	#
480	0.85277	5	4	56	11	174	#
481	0.85277	5	4	14	48	11	174	#
482	0.700513	52	28	8	175	#
483	0.700513	14	33	175	#
484	0.700513	14	4	5	28	8	175	#
485	1.18039	36	6	176	#
486	1.18039	36	4	7	176	#
487	1.18039	25	53	7	176	#
488	1.18039	25	53	4	6	176	#
489	1.18039	18	50	5	7	176	#
490	1.10362	7	53	177	#
491	1.10362	6	36	25	177	#
492	1.10362	6	4	53	177	#
493	1.10362	7	4	36	25	177	#
494	1.10362	6	36	18	26	177	#
495	0.189656	9	#
496	1.13633	25	32	9	178	#
497	1.13633	26	42	9	178	#
498	1.13633	26	18	32	9	178	#
499	0.81775	13	49	#
500	0.0792909	15	#
501	0.987763	49	13	179	#
502	0.987763	43	1	179	#
503	0.987763	23	60	13	179	#
504	1.06599	53	7	180	#
505	1.06599	25	36	6	180	#
506	1.06599	53	4	6	180	#
507	1.06599	25	36	4	7	180	#
508	0.24183	3	#
509	0.907213	43	181	#
510	0.907213	63	18	57	181	#
511	0.768842	3	52	28	182	#
512	0.768842	3	14	4	5	28	182	#
513	1.18981	39	6	183	#
514	1.18981	16	18	36	6	183	#
515	1.18981	15	17	18	36	6	183	#
516	1.18981	54	61	183	#
517	1.18981	34	14	6	183	#
518	1.06004	36	18	184	#
519	1.06004	36	25	26	184	#
520	1.06004	4	5	50	184	#
521	1.06004	4	53	26	184	#
522	1.06004	4	53	25	18	184	#
523	1.02404	23	43	185	#
524	1.02404	21	40	185	#
525	1.02404	21	58	63	185	#
526	1.02404	21	22	43	185	#
527	1.02404	23	57	18	63	185	#
528	0.641215	33	186	#
529	0.641215	8	28	5	4	186	#
530	0.524226	19	28	187	#
531	0.524226	9	8	28	187	#
532	0.564709	30	188	#
533	0.564709	12	2	188	#
534	1.09157	10	13	49	189	#
535	1.09157	0	43	189	#
536	1.09157	10	1	43	189	#
537	1.09157	10	13	60	23	189	#
538	1.09157	10	55	17	57	189	#
539	1.1651	9	42	16	190	#
540	1.1651	9	42	17	15	190	#
541	1.1651	9	32	18	16	190	#
542	1.1651	9	32	18	17	15	190	#
543	1.10863	35	52	191	#
544	1.10863	37	48	52	191	#
545	1.10863	1	29	27	191	#
546	1.10863	37	56	4	5	191	#
547	1.10863	35	14	4	5	191	#
548	0.903679	10	13	49	#
549	0.555127	41	192	#
550	0.555127	8	38	192	#
551	0.555127	8	28	27	192	#
552	0.503163	6	14	3	#
553	1.18981	39	6	193	#
554	1.18981	16	18	36	6	193	#
555	1.18981	15	17	18	36	6	193	#
556	1.18981	54	61	193	#
557	1.18981	34	14	6	193	#
558	1.11537	54	12	194	#
559	1.11537	44	11	12	194	#
560	1.11537	34	3	194	#
561	1.11537	47	45	194	#
562	1.11537	16	57	45	194	#
563	0.962502	23	43	195	#
564	0.962502	21	40	195	#
565	0.962502	21	58	63	195	#
566	0.962502	21	22	43	195	#
567	0.951272	19	28	52	20	196	#
568	0.951272	9	8	28	52	20	196	#
569	0.951272	9	33	14	20	196	#
570	0.951272	19	28	5	4	14	20	196	#
571	0.951272	9	8	28	5	4	14	20	196	#
572	0.389641	38	#
573	0.476459	48	11	#
574	0.674922	8	28	5	7	197	#
575	0.674922	33	6	197	#
576	0.674922	8	28	5	4	6	197	#
577	1.03871	27	29	10	198	#
578	1.03871	52	62	198	#
579	1.03871	5	4	14	62	198	#
580	1.03871	52	48	11	13	10	198	#
581	1.03871	5	4	56	11	13	10	198	#
582	0.880334	28	52	20	199	#
583	0.880334	28	5	4	14	20	199	#
584	0.880334	8	33	14	20	199	#
585	0.919457	31	#
586	1.1564	9	41	29	#
587	0.812509	60	200	#
588	0.812509	49	23	200	#
589	0.899866	32	8	#
590	0.759198	52	48	201	#
591	0.759198	5	4	56	201	#
592	0.759198	5	4	14	48	201	#
593	0.759198	52	3	12	201	#
594	1.06318	16	50	202	#
595	1.06318	15	17	50	202	#
596	0.962995	56	33	203	#
597	0.962995	48	52	28	8	203	#
598	0.962995	48	14	33	203	#
599	0.962995	56	4	5	28	8	203	#
600	0.962995	48	14	4	5	28	8	203	#
601	1.20181	54	30	204	#
602	1.20181	54	12	2	204	#
603	1.20181	16	18	31	204	#
604	1.20181	15	17	18	31	204	#
605	0.376802	16	18	205	#
606	0.376802	15	17	18	205	#
607	0.138939	25	#
608	1.02934	28	52	48	11	206	#
609	1.02934	28	5	4	56	11	206	#
610	1.02934	28	5	4	14	48	11	206	#
611	0.588587	23	47	207	#
612	0.588587	23	57	16	207	#
613	0.588587	23	57	17	15	207	#
614	0.588587	21	22	47	207	#
615	0.588587	21	22	57	16	207	#
616	1.06004	18	36	208	#
617	1.06004	26	25	36	208	#
618	1.06004	50	5	4	208	#
619	1.06004	26	53	4	208	#
620	1.06004	18	25	53	4	208	#
621	0.296331	6	14	#
622	1.01052	7	53	209	#
623	1.01052	6	36	25	209	#
624	1.01052	6	4	53	209	#
625	1.25557	38	29	1	210	#
626	1.25557	28	52	35	210	#
627	1.25557	28	52	48	37	210	#
628	1.25557	28	27	29	1	210	#
629	1.25557	28	5	4	56	37	210	#
630	0.541267	22	57	17	211	#
631	0.541267	21	23	57	17	211	#
632	0.541267	58	18	17	211	#
633	0.822063	13	11	48	20	#
634	1.07105	23	45	2	#
635	0.853565	29	10	#
636	1.19733	20	46	17	212	#
637	1.19733	20	14	36	18	212	#
638	1.19733	24	31	18	212	#
639	1.23195	31	18	213	#
640	1.23195	31	25	26	213	#
641	1.23195	2	45	57	213	#
642	1.23195	30	54	16	213	#
643	1.23195	2	12	54	16	213	#
644	0.418532	58	#
645	1.2153	20	46	17	214	#
646	1.2153	20	14	36	18	214	#
647	1.2153	24	31	18	214	#
648	1.2153	59	16	214	#
649	1.2153	59	15	17	214	#
650	0.664899	24	20	14	4	215	#
651	0.664899	2	3	14	4	215	#
652	0.510418	33	216	#
653	0.510418	4	5	28	8	216	#
654	1.21942	24	2	45	217	#
655	1.21942	20	3	45	217	#
656	0.754308	60	#
657	0.511567	28	19	218	#
658	0.511567	28	8	9	218	#
659	0.334393	28	8	#
660	0.229461	18	17	#
661	0.778466	63	0	#
662	1.24919	24	2	45	219	#
663	1.24919	20	3	45	219	#
664	0.492844	28	5	4	#
665	0.997241	8	28	52	3	220	#
666	0.997241	33	14	3	220	#
667	0.997241	8	28	5	4	14	3	220	#
668	0.762312	63	18	17	#
669	1.15745	12	54	15	221	#
670	1.15745	3	46	221	#
671	1.15745	45	57	17	221	#
672	1.15745	12	54	16	17	221	#
673	0.193287	16	222	#
674	0.193287	15	17	222	#
675	0.865184	0	63	223	#
676	0.865184	10	1	63	223	#
677	0.552555	33	224	#
678	0.552555	4	5	28	8	224	#
679	1.21098	9	41	29	225	#
680	1.21098	19	38	29	225	#
681	1.21098	9	8	38	29	225	#
682	1.21098	19	28	27	29	225	#
683	1.21098	9	8	28	27	29	225	#
684	0.687635	11	56	226	#
685	0.687635	11	48	14	226	#
686	0.974114	42	8	227	#
687	0.974114	50	28	227	#
688	0.974114	18	32	8	227	#
689	1.09144	4	56	37	228	#
690	1.09144	4	14	35	228	#
691	1.09144	4	14	48	37	228	#
692	1.09144	4	56	11	13	1	228	#
693	1.09144	4	14	62	0	228	#
694	0.556422	52	20	229	#
695	0.556422	5	4	14	20	229	#
696	1.10475	22	45	2	230	#
697	1.10475	21	23	45	2	230	#
698	0.297308	27	#
699	0.908584	36	6	#
700	0.891052	35	231	#
701	0.891052	48	37	231	#
702	0.891052	62	0	231	#
703	0.891052	3	12	37	231	#
704	0.891052	48	11	13	1	231	#
705	0.573039	22	47	232	#
706	0.573039	22	57	16	232	#
707	0.573039	21	23	47	232	#
708	0.573039	22	57	17	15	232	#
709	0.573039	21	23	57	16	232	#
710	0.863557	4	56	11	13	233	#
711	0.863557	4	14	48	11	13	233	#
712	0.769144	19	28	5	7	234	#
713	0.769144	9	8	28	5	7	234	#
714	0.769144	9	33	6	234	#
715	0.91802	29	10	#
716	1.09889	10	13	60	235	#
717	1.09889	10	13	49	23	235	#
718	1.09889	0	43	23	235	#
719	1.09889	0	40	21	235	#
720	1.09889	10	13	49	22	21	235	#
721	0.425723	4	14	3	#
722	0.131279	11	#
723	0.173484	18	#
724	0.269646	17	18	#
725	0.738278	7	5	28	8	236	#
726	0.738278	6	33	236	#
727	0.738278	6	4	5	28	8	236	#
728	0.738278	7	4	33	236	#
729	0.99045	32	25	237	#
730	0.99045	42	26	237	#
731	0.99045	32	18	26	237	#
732	0.108655	4	#
733	0.853641	36	#
734	0.987844	61	11	13	238	#
735	0.987844	6	56	11	13	238	#
736	0.987844	6	14	48	11	13	238	#
737	0.987844	7	4	56	11	13	238	#
738	0.987844	6	14	62	10	238	#
739	0.951272	20	52	28	19	239	#
740	0.951272	20	52	28	8	9	239	#
741	0.951272	20	14	33	9	239	#
742	0.951272	20	14	4	5	28	19	239	#
743	0.951272	20	14	4	5	28	8	9	239	#
744	0.994796	36	18	240	#
745	0.994796	36	25	26	240	#
746	0.994796	4	5	50	240	#
747	0.994796	4	53	26	240	#
748	1.14234	8	42	17	241	#
749	1.14234	28	50	17	241	#
750	1.14234	8	32	18	17	241	#
751	1.14234	8	32	25	26	17	241	#
752	1.14234	8	42	16	15	241	#
753	1.11537	54	12	242	#
754	1.11537	44	11	12	242	#
755	1.11537	34	3	242	#
756	1.11537	47	45	242	#
757	1.11537	16	57	45	242	#
758	0.335291	58	#
759	0.743337	54	#
760	0.719675	9	33	243	#
761	0.719675	19	28	5	4	243	#
762	0.719675	9	8	28	5	4	243	#
763	0.78785	8	28	52	20	244	#
764	0.78785	33	14	20	244	#
765	0.413934	58	#
766	1.0428	36	14	20	245	#
767	1.0428	31	24	245	#
768	0.95706	29	38	#
769	1.03871	10	29	27	246	#
770	1.03871	62	52	246	#
771	1.03871	62	14	4	5	246	#
772	1.03871	10	13	11	48	52	246	#
773	1.03871	10	13	11	56	4	5	246	#
774	1.0372	46	17	247	#
775	1.0372	14	36	18	247	#
776	0.666932	63	18	#
777	0.992672	56	11	13	248	#
778	0.992672	14	48	11	13	248	#
779	0.992672	14	62	10	248	#
780	0.992672	14	3	12	11	13	248	#
781	0.545185	47	22	#
782	1.0957	60	13	249	#
783	1.0957	23	49	13	249	#
784	1.0957	21	22	49	13	249	#
785	1.0957	23	43	1	249	#
786	0.277441	16	18	#
787	0.985718	8	28	52	20	24	250	#
788	0.985718	33	14	20	24	250	#
789	0.985718	8	28	52	3	2	250	#
790	0.985718	33	14	3	2	250	#
791	0.985718	8	28	5	4	14	20	24	250	#
792	0.667164	10	29	#
793	0.349433	7	5	#
794	1.25557	1	29	38	251	#
795	1.25557	35	52	28	251	#
796	1.25557	37	48	52	28	251	#
797	1.25557	1	29	27	28	251	#
798	1.25557	37	56	4	5	28	251	#
799	0.538743	17	57	23	252	#
800	0.538743	17	57	22	21	252	#
801	0.0980378	10	#
802	1.15112	50	17	253	#
803	1.15112	50	16	15	253	#
804	1.15112	5	53	26	17	253	#
805	1.15112	5	4	36	18	17	253	#
806	1.15112	52	46	253	#
807	0.382826	5	7	254	#
808	0.382826	5	4	6	254	#
809	0.0769535	15	#
810	0.987094	45	22	255	#
811	0.987094	45	23	21	255	#
812	1.02156	34	256	#
813	1.02156	46	15	256	#
814	1.02156	48	54	256	#
815	0.856203	20	52	28	8	257	#
816	0.856203	20	14	33	257	#
817	0.856203	20	14	4	5	28	8	257	#
818	0.603756	56	258	#
819	0.603756	48	14	258	#
820	0.603756	12	3	14	258	#
821	0.953359	44	15	259	#
822	0.953359	11	54	15	259	#
823	0.953359	13	55	259	#
824	0.953359	44	16	17	259	#
825	0.985204	30	37	260	#
826	0.985204	2	12	37	260	#
827	0.466692	48	261	#
828	0.466692	3	12	261	#
829	0.608219	25	58	262	#
830	0.608219	26	57	22	262	#
831	0.608219	26	57	23	21	262	#
832	0.608219	26	18	58	262	#
833	0.530911	22	57	17	263	#
834	0.530911	21	23	57	17	263	#
835	0.530911	58	18	17	263	#
836	0.0390249	21	#
837	0.73829	55	#
838	0.216404	7	#
839	1.12907	46	264	#
840	1.12907	15	34	264	#
841	1.12907	17	18	36	14	264	#
842	1.12907	15	54	48	264	#
843	1.12907	17	50	52	264	#
844	1.11537	54	12	265	#
845	1.11537	44	11	12	265	#
846	1.11537	34	3	265	#
847	1.11537	47	45	265	#
848	1.11537	16	57	45	265	#
849	0.545969	14	20	24	266	#
850	0.545969	14	3	2	266	#
851	0.867173	8	32	#
852	0.306064	12	#
853	0.925466	27	29	10	267	#
854	0.925466	52	62	267	#
855	0.679783	52	28	268	#
856	0.679783	14	4	5	28	268	#
857	0.965141	48	52	28	269	#
858	0.965141	56	4	5	28	269	#
859	0.965141	48	14	4	5	28	269	#
860	0.965141	12	3	52	28	269	#
861	0.269488	4	5	#
862	1.23997	22	45	2	270	#
863	1.23997	21	23	45	2	270	#
864	1.23997	58	31	270	#
865	1.23997	21	60	11	30	270	#
866	1.23997	21	60	11	12	2	270	#
867	0.588587	47	23	271	#
868	0.588587	16	57	23	271	#
869	0.588587	15	17	57	23	271	#
870	0.588587	47	22	21	271	#
871	0.588587	16	57	22	21	271	#
872	0.82512	20	48	11	13	#
873	0.21326	2	#
874	0.461902	37	#
875	0.96747	3	52	28	19	272	#
876	0.96747	3	52	28	8	9	272	#
877	0.96747	3	14	33	9	272	#
878	0.96747	3	14	4	5	28	19	272	#
879	0.96747	3	14	4	5	28	8	9	272	#
880	0.361183	58	#
881	0.903788	15	44	273	#
882	0.903788	15	54	11	273	#
883	0.903788	55	13	273	#
884	0.0428558	21	#
885	1.20252	10	29	41	274	#
886	1.20252	10	29	38	8	274	#
887	1.20252	10	29	27	28	8	274	#
888	1.20252	62	52	28	8	274	#
889	1.20252	62	14	33	274	#
890	0.473346	58	25	#
891	1.00605	37	30	275	#
892	1.00605	37	12	2	275	#
893	1.00605	1	13	11	30	275	#
894	1.00605	1	13	11	12	2	275	#
895	1.00605	51	24	275	#
896	0.564064	56	276	#
897	0.564064	14	48	276	#
898	0.859846	17	55	#
899	0.291588	28	8	#
900	0.309632	5	7	#
901	0.825406	8	32	#
902	0.966028	4	56	11	13	277	#
903	0.966028	4	14	48	11	13	277	#
904	0.966028	4	14	62	10	277	#
905	0.966028	5	27	29	277	#
906	0.966028	4	14	3	12	11	13	277	#
907	0.803646	21	60	11	#
908	0.238227	20	#
909	1.10922	38	29	278	#
910	1.10922	28	27	29	278	#
911	1.10922	28	52	48	11	13	278	#
912	1.10922	8	41	29	278	#
913	0.715319	56	4	279	#
914	0.715319	48	14	4	279	#
915	0.715319	12	3	14	4	279	#
916	0.715319	61	7	279	#
917	0.631744	28	52	280	#
918	0.631744	28	5	4	14	280	#
919	0.504182	3	52	#
920	0.949183	13	11	56	281	#
921	0.949183	13	11	48	14	281	#
922	0.949183	10	62	14	281	#
923	0.949183	13	11	12	3	14	281	#
924	1.1053	61	37	282	#
925	1.1053	6	56	37	282	#
926	1.1053	6	14	35	282	#
927	1.1053	6	14	48	37	282	#
928	1.1053	61	11	13	1	282	#
929	1.00605	30	37	283	#
930	1.00605	2	12	37	283	#
931	1.00605	30	11	13	1	283	#
932	1.00605	2	12	11	13	1	283	#
933	1.00605	24	51	283	#
934	0.96423	42	284	#
935	0.96423	18	32	284	#
936	0.96423	26	25	32	284	#
937	0.111585	10	#
938	0.316406	57	#
939	0.222243	22	285	#
940	0.222243	23	21	285	#
941	0.58144	19	28	5	286	#
942	0.58144	9	8	28	5	286	#
943	0.352152	1	287	#
944	0.352152	0	10	287	#
945	0.526395	6	14	3	#
946	0.0965206	15	#
947	0.771436	15	54	#
948	0.555024	7	5	27	#
949	0.275463	3	#
950	1.03959	40	288	#
951	1.03959	63	58	288	#
952	1.03959	43	22	288	#
953	1.03959	43	23	21	288	#
954	1.03959	63	18	57	22	288	#
955	0.764157	35	289	#
956	0.764157	48	37	289	#
957	0.203527	20	#
958	0.340147	13	11	#
959	1.02882	24	20	52	28	290	#
960	1.02882	2	3	52	28	290	#
961	1.02882	24	20	14	4	5	28	290	#
962	1.02882	2	3	14	4	5	28	290	#
963	0.547342	48	11	#
964	0.308545	6	14	#
965	0.804752	37	12	#
966	0.95099	36	18	291	#
967	0.95099	36	25	26	291	#
968	1.1053	37	61	292	#
969	1.1053	37	56	6	292	#
970	1.1053	35	14	6	292	#
971	1.1053	37	48	14	6	292	#
972	1.1053	1	13	11	61	292	#
973	0.966028	4	56	11	13	293	#
974	0.966028	4	14	48	11	13	293	#
975	0.966028	4	14	62	10	293	#
976	0.966028	5	27	29	293	#
977	0.966028	4	14	3	12	11	13	293	#
978	0.305941	4	14	#
979	0.393344	16	18	294	#
980	0.393344	15	17	18	294	#
981	0.393344	16	26	25	294	#
982	0.72446	49	#
983	1.10863	35	52	295	#
984	1.10863	37	48	52	295	#
985	1.10863	1	29	27	295	#
986	1.10863	37	56	4	5	295	#
987	1.10863	35	14	4	5	295	#
988	1.03113	4	14	62	296	#
989	1.03113	4	56	11	13	10	296	#
990	1.03113	4	14	48	11	13	10	296	#
991	1.03113	5	27	29	10	296	#
992	0.880786	43	297	#
993	0.880786	57	18	63	297	#
994	1.08334	34	298	#
995	1.08334	46	15	298	#
996	1.08334	48	54	298	#
997	1.08334	14	39	298	#
998	1.08334	46	17	16	298	#
999	0.180491	26	#
