%% File generated by CATS v.2.1Wed Jun 22 10:37:37 2022

%% The CATS webpage is http://robotics.stanford.edu/CATS

%% PARAMETER SETTINGS:
% Goods: 64; Bids: 1000; Distribution: paths; Runs: 1; Seed: 1656572840
% Paths Distribution Parameters:
% Initial connections:       = 2
% Edge density:              = 3.000000
% Shipping cost factor:      = 1.500000
% Max bid set size:          = 5
% Building penalty:          = 1.700000



goods 64
bids 1000
dummy 445

0	0.614978	46	64	#
1	0.614978	0	13	59	64	#
2	0.369626	24	37	#
3	0.501396	1	43	65	#
4	0.501396	0	27	43	65	#
5	0.501396	0	17	40	65	#
6	0.902796	0	36	66	#
7	0.902796	0	2	22	55	66	#
8	0.902796	1	23	33	66	#
9	0.902796	0	23	27	33	66	#
10	0.902796	1	22	23	44	66	#
11	0.170263	25	#
12	0.582667	0	12	59	#
13	1.03759	22	28	48	67	#
14	1.03759	2	22	28	49	67	#
15	1.03759	22	39	60	67	#
16	1.03759	22	26	28	47	67	#
17	1.03759	22	24	26	28	50	67	#
18	0.720759	2	7	34	68	#
19	0.720759	2	6	22	34	68	#
20	0.720759	6	10	51	68	#
21	0.720759	7	10	61	68	#
22	0.720759	6	10	22	61	68	#
23	0.816669	14	63	69	#
24	0.816669	14	20	21	38	69	#
25	0.816669	12	13	29	69	#
26	0.816669	12	13	14	53	69	#
27	0.816669	14	16	39	69	#
28	1.25584	5	54	70	#
29	1.25584	35	46	70	#
30	1.25584	0	13	35	59	70	#
31	1.25584	5	16	46	70	#
32	1.25584	0	5	13	16	59	70	#
33	0.947642	12	13	49	71	#
34	0.947642	3	14	63	71	#
35	0.947642	16	28	49	71	#
36	0.52123	2	3	7	72	#
37	0.52123	2	3	6	22	72	#
38	0.52123	7	14	60	72	#
39	0.52123	6	14	22	60	72	#
40	0.967093	7	12	48	73	#
41	0.967093	2	7	12	49	73	#
42	0.967093	6	12	22	48	73	#
43	0.967093	2	6	12	22	49	73	#
44	0.967093	7	12	26	47	73	#
45	1.02368	2	4	57	74	#
46	1.02368	2	4	15	56	74	#
47	0.307517	8	18	75	#
48	0.307517	9	18	20	75	#
49	0.307517	17	31	75	#
50	0.307517	8	17	25	75	#
51	0.85592	32	43	76	#
52	0.85592	3	41	56	76	#
53	0.85592	17	43	52	76	#
54	0.85592	3	23	56	58	76	#
55	1.14314	3	4	57	77	#
56	1.14314	3	4	15	56	77	#
57	1.14314	14	20	21	42	77	#
58	1.14314	4	19	30	77	#
59	1.14314	4	14	19	37	77	#
60	0.877171	12	13	49	#
61	0.426623	11	14	21	78	#
62	0.426623	10	14	20	21	78	#
63	0.426623	9	10	58	78	#
64	0.426623	8	11	58	78	#
65	0.426623	8	10	20	58	78	#
66	0.861043	20	31	38	79	#
67	0.861043	9	25	38	79	#
68	0.861043	8	20	25	38	79	#
69	0.861043	9	17	18	38	79	#
70	0.861043	8	17	18	20	38	79	#
71	0.638152	33	80	#
72	0.638152	22	44	80	#
73	0.638152	2	3	22	58	80	#
74	0.638152	6	62	80	#
75	0.638152	6	7	44	80	#
76	0.431701	2	56	#
77	0.723228	55	81	#
78	0.723228	3	27	41	81	#
79	0.723228	0	1	3	41	81	#
80	0.723228	3	23	27	58	81	#
81	0.723228	0	1	3	23	58	81	#
82	0.265827	8	23	#
83	0.584892	61	82	#
84	0.584892	20	21	60	82	#
85	0.584892	2	3	14	20	21	82	#
86	0.584892	9	44	82	#
87	0.584892	8	20	44	82	#
88	0.504892	3	56	#
89	0.6772	22	50	83	#
90	0.6772	22	24	47	83	#
91	0.6772	6	7	50	83	#
92	0.6772	6	7	24	47	83	#
93	0.6772	22	37	60	83	#
94	0.556046	3	56	#
95	0.302101	26	#
96	0.90518	12	49	84	#
97	0.90518	3	12	29	84	#
98	0.90518	3	12	14	53	84	#
99	0.723228	55	85	#
100	0.723228	3	27	41	85	#
101	0.723228	0	1	3	41	85	#
102	0.723228	3	23	27	58	85	#
103	0.723228	0	1	3	23	58	85	#
104	0.208834	43	#
105	1.10241	22	60	63	86	#
106	1.10241	12	13	22	48	86	#
107	1.10241	2	12	13	22	49	86	#
108	1.10241	38	51	86	#
109	1.10241	22	38	61	86	#
110	0.544913	21	60	87	#
111	0.544913	20	61	87	#
112	0.544913	2	3	14	21	87	#
113	0.570548	3	14	45	#
114	1.25584	54	5	88	#
115	1.25584	46	35	88	#
116	1.25584	0	59	13	35	88	#
117	1.25584	46	16	5	88	#
118	1.25584	0	59	13	16	5	88	#
119	0.748919	46	89	#
120	0.748919	13	59	0	89	#
121	0.748919	16	54	89	#
122	0.706265	45	37	90	#
123	0.706265	45	14	30	90	#
124	0.706265	31	21	37	90	#
125	0.706265	25	8	21	37	90	#
126	0.613307	41	27	91	#
127	0.613307	41	1	0	91	#
128	0.613307	58	23	27	91	#
129	0.613307	58	23	1	0	91	#
130	0.0359003	24	#
131	0.923768	12	49	92	#
132	0.923768	12	29	3	92	#
133	0.923768	12	53	14	3	92	#
134	0.923768	12	26	24	30	3	92	#
135	0.923768	12	26	24	37	14	3	92	#
136	0.909388	45	39	93	#
137	0.909388	31	20	38	16	93	#
138	0.909388	45	53	28	93	#
139	0.909388	25	9	38	16	93	#
140	0.909388	25	8	20	38	16	93	#
141	0.513223	3	56	#
142	0.310591	9	18	94	#
143	0.310591	20	8	18	94	#
144	0.310591	20	31	17	94	#
145	0.310591	9	25	17	94	#
146	0.310591	20	8	25	17	94	#
147	0.123065	8	95	#
148	0.123065	9	20	95	#
149	0.545749	45	14	3	96	#
150	0.545749	25	58	3	96	#
151	0.613412	47	22	97	#
152	0.613412	24	50	22	97	#
153	0.252371	1	98	#
154	0.252371	27	0	98	#
155	0.599782	32	#
156	0.115333	16	#
157	0.558901	7	60	99	#
158	0.558901	6	22	60	99	#
159	0.558901	7	2	3	14	99	#
160	0.558901	6	22	2	3	14	99	#
161	0.653455	60	45	100	#
162	0.653455	2	3	14	45	100	#
163	0.653455	44	25	100	#
164	0.837312	2	55	0	101	#
165	0.837312	44	23	1	101	#
166	0.837312	44	23	27	0	101	#
167	0.837312	2	3	41	1	101	#
168	0.837312	2	3	41	27	0	101	#
169	0.422063	10	9	18	102	#
170	0.422063	11	8	18	102	#
171	0.422063	10	20	8	18	102	#
172	0.422063	11	20	9	18	102	#
173	0.422063	11	31	17	102	#
174	1.06419	0	55	57	103	#
175	1.06419	0	55	56	15	103	#
176	0.330254	37	#
177	0.67174	47	7	104	#
178	0.67174	24	50	7	104	#
179	0.67174	47	22	6	104	#
180	0.67174	24	50	22	6	104	#
181	0.625484	62	105	#
182	0.625484	6	33	105	#
183	0.625484	7	44	105	#
184	0.625484	6	22	44	105	#
185	0.625484	7	2	3	58	105	#
186	0.64316	2	57	106	#
187	0.64316	2	56	15	106	#
188	0.848545	22	48	107	#
189	0.848545	22	2	49	107	#
190	0.848545	22	47	26	107	#
191	0.848545	22	50	24	26	107	#
192	0.848545	22	60	53	107	#
193	0.760905	56	34	#
194	0.0757657	17	#
195	0.380162	37	#
196	0.843735	57	3	14	21	108	#
197	0.843735	19	37	21	108	#
198	0.843735	15	56	3	14	21	108	#
199	0.685094	46	109	#
200	0.685094	0	59	13	109	#
201	0.233144	3	#
202	0.372484	31	11	110	#
203	0.372484	31	20	10	110	#
204	0.372484	25	9	10	110	#
205	0.372484	25	8	11	110	#
206	0.372484	25	8	20	10	110	#
207	0.169412	10	111	#
208	0.169412	11	20	111	#
209	0.925038	6	36	0	112	#
210	0.925038	7	2	55	0	112	#
211	0.925038	6	22	2	55	0	112	#
212	0.925038	62	23	1	112	#
213	0.925038	62	23	27	0	112	#
214	1.17299	31	20	42	113	#
215	1.17299	25	9	42	113	#
216	1.17299	25	8	20	42	113	#
217	1.17299	17	18	9	42	113	#
218	1.17299	17	18	8	20	42	113	#
219	0.321672	8	18	114	#
220	0.321672	20	9	18	114	#
221	0.321672	31	17	114	#
222	0.321672	8	25	17	114	#
223	0.321672	20	9	25	17	114	#
224	0.0371986	24	#
225	0.604543	62	115	#
226	0.604543	6	33	115	#
227	0.604543	7	44	115	#
228	0.604543	6	22	44	115	#
229	0.646649	1	41	116	#
230	0.646649	0	27	41	116	#
231	0.646649	1	23	58	116	#
232	0.646649	0	27	23	58	116	#
233	0.646649	1	43	45	14	116	#
234	0.609094	26	12	13	117	#
235	0.609094	26	28	16	117	#
236	0.598753	27	43	45	118	#
237	0.598753	0	1	43	45	118	#
238	0.598753	27	41	14	118	#
239	0.598753	0	1	41	14	118	#
240	0.598753	27	23	8	21	118	#
241	0.573452	60	21	119	#
242	0.573452	61	20	119	#
243	0.573452	2	3	14	21	119	#
244	0.573452	44	8	119	#
245	0.237882	21	#
246	0.402665	14	21	11	120	#
247	0.402665	14	21	20	10	120	#
248	0.780405	20	38	121	#
249	0.780405	8	9	38	121	#
250	0.442468	40	0	122	#
251	0.442468	17	43	1	122	#
252	0.442468	17	43	27	0	122	#
253	0.238789	43	#
254	0.264354	14	3	#
255	0.839763	19	24	26	12	#
256	0.194138	3	#
257	0.767839	29	12	123	#
258	0.767839	14	53	12	123	#
259	0.767839	30	24	26	12	123	#
260	0.767839	14	37	24	26	12	123	#
261	0.505803	56	2	7	124	#
262	0.505803	56	2	22	6	124	#
263	0.9781	49	12	13	125	#
264	0.9781	3	14	63	125	#
265	0.9781	49	28	16	125	#
266	0.9781	3	14	21	20	38	125	#
267	0.9781	3	29	12	13	125	#
268	0.68936	4	15	#
269	0.14684	11	126	#
270	0.14684	10	20	126	#
271	0.127938	7	127	#
272	0.127938	22	6	127	#
273	0.00210447	0	#
274	0.584892	61	128	#
275	0.584892	20	21	60	128	#
276	0.584892	20	21	14	3	2	128	#
277	0.584892	9	44	128	#
278	0.584892	20	8	44	128	#
279	0.933751	28	49	129	#
280	0.933751	39	14	3	129	#
281	0.933751	28	29	3	129	#
282	0.933751	28	53	14	3	129	#
283	0.721668	52	130	#
284	0.721668	17	32	130	#
285	1.08672	55	57	131	#
286	1.08672	55	56	15	131	#
287	0.283099	56	#
288	0.974035	35	132	#
289	0.974035	16	5	132	#
290	0.563054	7	60	133	#
291	0.563054	6	22	60	133	#
292	0.563054	7	2	3	14	133	#
293	0.563054	6	22	2	3	14	133	#
294	0.966207	5	28	134	#
295	0.966207	35	13	12	134	#
296	0.966207	5	16	13	12	134	#
297	0.59036	5	#
298	0.302867	37	#
299	1.23216	9	42	135	#
300	1.23216	8	20	42	135	#
301	1.23216	8	11	10	42	135	#
302	1.23216	58	3	57	4	135	#
303	1.23216	58	3	56	15	4	135	#
304	0.949618	55	56	136	#
305	0.949618	27	43	32	136	#
306	0.949618	0	1	43	32	136	#
307	0.949618	40	52	136	#
308	0.949618	27	41	3	56	136	#
309	0.501996	59	#
310	0.217059	1	137	#
311	0.217059	0	27	137	#
312	1.17299	31	20	42	138	#
313	1.17299	25	9	42	138	#
314	1.17299	25	8	20	42	138	#
315	1.17299	17	18	9	42	138	#
316	1.17299	17	18	8	20	42	138	#
317	0.159448	16	#
318	0.562285	45	60	#
319	1.03688	60	63	139	#
320	1.03688	48	12	13	139	#
321	1.03688	2	49	12	13	139	#
322	1.03688	61	38	139	#
323	1.03688	60	21	20	38	139	#
324	0.711411	37	45	140	#
325	0.711411	30	14	45	140	#
326	0.711411	37	21	31	140	#
327	0.711411	37	21	8	25	140	#
328	0.711411	30	58	25	140	#
329	1.1242	7	60	63	141	#
330	1.1242	6	22	60	63	141	#
331	1.1242	7	48	12	13	141	#
332	1.1242	7	2	49	12	13	141	#
333	1.1242	6	22	48	12	13	141	#
334	0.533412	37	45	#
335	0.682105	46	0	142	#
336	0.682105	13	59	142	#
337	0.598753	27	43	45	143	#
338	0.598753	0	1	43	45	143	#
339	0.598753	27	41	14	143	#
340	0.598753	0	1	41	14	143	#
341	0.598753	27	23	8	21	143	#
342	0.18679	15	#
343	0.505735	24	19	#
344	1.02321	10	42	144	#
345	1.02321	11	20	42	144	#
346	0.773639	38	9	145	#
347	0.773639	38	20	8	145	#
348	0.625497	47	146	#
349	0.625497	50	24	146	#
350	1.23216	9	42	147	#
351	1.23216	8	20	42	147	#
352	1.23216	8	11	10	42	147	#
353	1.23216	58	3	57	4	147	#
354	1.23216	58	3	56	15	4	147	#
355	0.657294	55	#
356	1.03688	60	63	148	#
357	1.03688	48	12	13	148	#
358	1.03688	2	49	12	13	148	#
359	1.03688	61	38	148	#
360	1.03688	60	21	20	38	148	#
361	0.426623	11	21	14	149	#
362	0.426623	10	20	21	14	149	#
363	0.426623	10	9	58	149	#
364	0.426623	11	8	58	149	#
365	0.426623	10	20	8	58	149	#
366	0.260509	22	2	#
367	0.720759	34	2	7	150	#
368	0.720759	34	2	22	6	150	#
369	0.720759	10	51	6	150	#
370	0.720759	10	61	7	150	#
371	0.720759	10	61	22	6	150	#
372	0.314442	58	#
373	0.762543	4	15	#
374	0.730299	52	151	#
375	0.730299	32	17	151	#
376	0.00230617	0	#
377	0.663587	16	38	#
378	0.626564	49	#
379	0.531818	3	14	45	#
380	0.445571	27	43	152	#
381	0.445571	0	1	43	152	#
382	1.17299	42	20	31	153	#
383	1.17299	42	9	25	153	#
384	1.17299	42	20	8	25	153	#
385	1.17299	42	9	18	17	153	#
386	1.17299	42	20	8	18	17	153	#
387	0.863713	28	49	#
388	0.881321	48	12	154	#
389	0.881321	2	49	12	154	#
390	0.881321	47	26	12	154	#
391	0.881321	50	24	26	12	154	#
392	0.881321	60	53	12	154	#
393	0.760788	53	12	155	#
394	0.760788	14	29	12	155	#
395	0.760788	37	24	26	12	155	#
396	1.06573	28	48	7	156	#
397	1.06573	28	49	2	7	156	#
398	1.06573	28	48	22	6	156	#
399	1.06573	28	49	2	22	6	156	#
400	1.06573	39	60	7	156	#
401	0.155651	11	157	#
402	0.155651	10	20	157	#
403	0.278648	58	#
404	0.446064	3	58	#
405	0.242202	21	#
406	0.458409	60	158	#
407	0.458409	14	3	2	158	#
408	0.117193	8	159	#
409	0.117193	20	9	159	#
410	0.769698	23	62	160	#
411	0.769698	23	33	6	160	#
412	0.769698	23	44	7	160	#
413	0.769698	23	44	22	6	160	#
414	0.769698	41	3	2	7	160	#
415	0.265365	8	18	#
416	0.824243	15	32	161	#
417	0.824243	15	52	17	161	#
418	0.377895	27	43	162	#
419	0.377895	0	1	43	162	#
420	1.10241	63	60	22	163	#
421	1.10241	13	12	48	22	163	#
422	1.10241	13	12	49	2	22	163	#
423	1.10241	38	51	163	#
424	1.10241	38	61	22	163	#
425	0.788012	63	164	#
426	0.788012	38	20	21	164	#
427	0.788012	13	12	53	164	#
428	0.788012	16	39	164	#
429	0.788012	16	28	53	164	#
430	0.241696	43	#
431	0.310591	18	9	165	#
432	0.310591	18	8	20	165	#
433	0.310591	17	31	20	165	#
434	0.310591	17	25	9	165	#
435	0.310591	17	25	8	20	165	#
436	0.389978	24	26	#
437	0.715401	7	50	166	#
438	0.715401	6	22	50	166	#
439	0.715401	7	47	24	166	#
440	0.715401	6	22	47	24	166	#
441	0.715401	7	60	37	166	#
442	0.617926	7	60	21	167	#
443	0.617926	6	22	60	21	167	#
444	0.617926	6	51	20	167	#
445	0.617926	7	61	20	167	#
446	0.617926	6	22	61	20	167	#
447	1.04729	9	42	168	#
448	1.04729	8	20	42	168	#
449	0.750347	41	30	24	169	#
450	0.750347	43	45	37	24	169	#
451	0.750347	41	14	37	24	169	#
452	0.750347	23	8	21	37	24	169	#
453	0.750347	23	58	30	24	169	#
454	0.884666	36	0	170	#
455	0.884666	22	2	55	0	170	#
456	0.611206	6	51	171	#
457	0.611206	7	61	171	#
458	0.611206	6	22	61	171	#
459	0.611206	7	60	21	20	171	#
460	0.611206	6	22	60	21	20	171	#
461	0.144143	10	172	#
462	0.144143	11	20	172	#
463	0.89479	12	26	24	19	15	#
464	0.818508	49	173	#
465	0.818508	29	3	173	#
466	0.818508	53	14	3	173	#
467	0.818508	26	24	30	3	173	#
468	0.818508	26	24	37	14	3	173	#
469	0.72669	46	174	#
470	0.72669	13	59	0	174	#
471	0.479952	41	175	#
472	0.479952	58	23	175	#
473	0.479952	14	45	43	175	#
474	0.720759	7	2	34	176	#
475	0.720759	6	22	2	34	176	#
476	0.720759	6	51	10	176	#
477	0.720759	7	61	10	176	#
478	0.720759	6	22	61	10	176	#
479	0.309704	14	21	177	#
480	0.309704	58	8	177	#
481	0.849202	18	9	38	178	#
482	0.849202	18	8	20	38	178	#
483	0.849202	17	31	20	38	178	#
484	0.849202	17	25	9	38	178	#
485	0.849202	17	25	8	20	38	178	#
486	1.14314	4	57	3	179	#
487	1.14314	4	15	56	3	179	#
488	1.14314	42	20	21	14	179	#
489	1.14314	4	19	30	179	#
490	1.14314	4	19	37	14	179	#
491	0.617628	50	7	180	#
492	0.617628	50	22	6	180	#
493	0.823514	0	46	181	#
494	0.823514	59	13	181	#
495	0.823514	0	54	16	181	#
496	0.909388	45	39	182	#
497	0.909388	31	20	38	16	182	#
498	0.909388	45	53	28	182	#
499	0.909388	25	9	38	16	182	#
500	0.909388	25	8	20	38	16	182	#
501	0.118509	12	#
502	0.310208	28	#
503	0.556318	60	22	183	#
504	0.556318	14	3	2	22	183	#
505	0.556318	60	7	6	183	#
506	0.556318	14	3	2	7	6	183	#
507	1.03759	28	48	22	184	#
508	1.03759	28	49	2	22	184	#
509	1.03759	39	60	22	184	#
510	1.03759	28	26	47	22	184	#
511	1.03759	28	26	24	50	22	184	#
512	0.466805	22	2	3	185	#
513	0.466805	22	60	14	185	#
514	0.466805	6	7	2	3	185	#
515	0.411006	41	186	#
516	0.411006	58	23	186	#
517	0.0775782	17	#
518	0.246975	28	#
519	1.1306	42	#
520	0.855722	32	15	187	#
521	0.855722	17	52	15	187	#
522	0.398542	57	#
523	0.122114	8	188	#
524	0.122114	9	20	188	#
525	0.837312	2	55	0	189	#
526	0.837312	44	23	1	189	#
527	0.837312	44	23	27	0	189	#
528	0.837312	2	3	41	1	189	#
529	0.837312	2	3	41	27	0	189	#
530	0.409977	59	#
531	0.175579	25	#
532	0.227324	3	#
533	0.0147957	20	#
534	0.704808	38	9	190	#
535	0.704808	38	20	8	190	#
536	0.861832	7	48	191	#
537	0.861832	7	2	49	191	#
538	0.861832	6	22	48	191	#
539	0.861832	6	22	2	49	191	#
540	0.861832	7	47	26	191	#
541	0.215359	58	#
542	0.664248	45	60	7	192	#
543	0.664248	45	60	22	6	192	#
544	0.248314	2	22	#
545	0.853387	57	3	14	21	193	#
546	0.853387	19	37	21	193	#
547	0.853387	15	56	3	14	21	193	#
548	0.4283	59	#
549	0.385091	23	1	194	#
550	0.385091	23	27	0	194	#
551	0.174517	25	#
552	0.85885	39	14	195	#
553	0.85885	28	29	195	#
554	0.85885	28	53	14	195	#
555	0.85885	28	26	24	30	195	#
556	0.85885	16	63	14	195	#
557	0.322818	31	196	#
558	0.322818	25	8	196	#
559	0.322818	25	9	20	196	#
560	0.322818	17	18	8	196	#
561	0.339047	9	23	197	#
562	0.339047	20	8	23	197	#
563	0.437531	57	198	#
564	0.437531	15	56	198	#
565	0.419384	11	21	199	#
566	0.419384	10	20	21	199	#
567	0.59348	7	60	200	#
568	0.59348	6	22	60	200	#
569	0.59348	7	2	3	14	200	#
570	0.59348	6	22	2	3	14	200	#
571	0.816669	63	14	201	#
572	0.816669	38	20	21	14	201	#
573	0.816669	13	12	29	201	#
574	0.816669	13	12	53	14	201	#
575	0.816669	16	39	14	201	#
576	0.0412182	24	#
577	0.585777	22	50	202	#
578	0.585777	22	47	24	202	#
579	0.358947	37	24	#
580	1.17161	42	9	23	203	#
581	1.17161	42	20	8	23	203	#
582	0.816669	63	14	204	#
583	0.816669	38	20	21	14	204	#
584	0.816669	13	12	29	204	#
585	0.816669	13	12	53	14	204	#
586	0.816669	16	39	14	204	#
587	0.192206	11	205	#
588	0.192206	10	20	205	#
589	0.426623	11	21	14	206	#
590	0.426623	10	20	21	14	206	#
591	0.426623	10	9	58	206	#
592	0.426623	11	8	58	206	#
593	0.426623	10	20	8	58	206	#
594	0.818818	2	55	#
595	0.77606	48	207	#
596	0.77606	2	49	207	#
597	0.77606	47	26	207	#
598	0.77606	50	24	26	207	#
599	0.77606	60	53	207	#
600	0.172863	10	208	#
601	0.172863	20	11	208	#
602	0.349708	8	23	209	#
603	0.349708	20	9	23	209	#
604	0.646649	1	41	210	#
605	0.646649	0	27	41	210	#
606	0.646649	1	23	58	210	#
607	0.646649	0	27	23	58	210	#
608	0.646649	1	43	45	14	210	#
609	0.953806	22	48	12	211	#
610	0.953806	22	2	49	12	211	#
611	0.953806	22	47	26	12	211	#
612	0.953806	22	50	24	26	12	211	#
613	0.953806	22	60	53	12	211	#
614	1.06573	28	48	7	212	#
615	1.06573	28	49	2	7	212	#
616	1.06573	28	48	22	6	212	#
617	1.06573	28	49	2	22	6	212	#
618	1.06573	39	60	7	212	#
619	0.842565	38	9	213	#
620	0.842565	38	20	8	213	#
621	0.46378	60	7	214	#
622	0.46378	60	22	6	214	#
623	0.720759	34	2	7	215	#
624	0.720759	34	2	22	6	215	#
625	0.720759	10	51	6	215	#
626	0.720759	10	61	7	215	#
627	0.720759	10	61	22	6	215	#
628	1.03688	60	63	216	#
629	1.03688	48	12	13	216	#
630	1.03688	2	49	12	13	216	#
631	1.03688	61	38	216	#
632	1.03688	60	21	20	38	216	#
633	0.803031	39	217	#
634	0.803031	53	28	217	#
635	0.803031	14	29	28	217	#
636	0.803031	63	16	217	#
637	0.803031	37	24	26	28	217	#
638	0.967093	7	48	12	218	#
639	0.967093	7	2	49	12	218	#
640	0.967093	6	22	48	12	218	#
641	0.967093	6	22	2	49	12	218	#
642	0.967093	7	47	26	12	218	#
643	1.25395	5	54	0	219	#
644	1.25395	35	46	0	219	#
645	1.25395	35	13	59	219	#
646	1.25395	5	16	46	0	219	#
647	1.25395	5	16	13	59	219	#
648	0.849202	18	9	38	220	#
649	0.849202	18	8	20	38	220	#
650	0.849202	17	31	20	38	220	#
651	0.849202	17	25	9	38	220	#
652	0.849202	17	25	8	20	38	220	#
653	0.674405	53	221	#
654	0.674405	29	14	221	#
655	0.674405	26	24	37	221	#
656	0.515128	40	222	#
657	0.515128	27	43	17	222	#
658	0.515128	0	1	43	17	222	#
659	0.515128	27	23	18	222	#
660	0.515128	0	1	23	18	222	#
661	0.578204	12	59	#
662	0.569968	0	59	12	#
663	0.258935	45	#
664	0.041997	24	#
665	0.802436	52	223	#
666	0.802436	32	17	223	#
667	0.802436	56	3	14	45	17	223	#
668	0.802436	56	3	58	18	223	#
669	0.745765	0	46	224	#
670	0.745765	59	13	224	#
671	0.745765	0	54	16	224	#
672	0.443003	0	59	#
673	1.22567	2	57	4	225	#
674	1.22567	2	56	15	4	225	#
675	0.284462	43	17	#
676	0.967093	7	48	12	226	#
677	0.967093	7	2	49	12	226	#
678	0.967093	6	22	48	12	226	#
679	0.967093	6	22	2	49	12	226	#
680	0.967093	7	47	26	12	226	#
681	0.232465	2	22	#
682	0.707775	57	2	7	227	#
683	0.707775	57	2	22	6	227	#
684	0.707775	15	56	2	7	227	#
685	0.707775	15	56	2	22	6	227	#
686	0.623791	22	60	21	228	#
687	0.623791	51	20	228	#
688	0.623791	22	61	20	228	#
689	0.623791	22	2	3	14	21	228	#
690	0.884311	12	49	229	#
691	0.884311	12	29	3	229	#
692	0.884311	12	53	14	3	229	#
693	0.203804	27	230	#
694	0.203804	0	1	230	#
695	0.534889	3	56	#
696	1.04143	10	42	231	#
697	1.04143	11	20	42	231	#
698	0.261737	58	#
699	0.723228	55	232	#
700	0.723228	27	41	3	232	#
701	0.723228	0	1	41	3	232	#
702	0.723228	27	23	58	3	232	#
703	0.723228	0	1	23	58	3	232	#
704	0.687255	34	2	22	233	#
705	0.687255	10	51	233	#
706	0.687255	10	61	22	233	#
707	0.687255	11	21	60	22	233	#
708	0.687255	10	20	21	60	22	233	#
709	0.720759	34	2	7	234	#
710	0.720759	34	2	22	6	234	#
711	0.720759	10	51	6	234	#
712	0.720759	10	61	7	234	#
713	0.720759	10	61	22	6	234	#
714	0.642457	51	235	#
715	0.642457	22	61	235	#
716	0.642457	22	60	21	20	235	#
717	0.642457	22	2	3	14	21	20	235	#
718	0.642457	6	7	61	235	#
719	1.26467	42	236	#
720	1.26467	35	38	236	#
721	1.26467	5	16	38	236	#
722	1.26467	4	57	3	14	21	20	236	#
723	1.26467	4	19	37	21	20	236	#
724	0.550361	53	#
725	0.604706	41	1	237	#
726	0.604706	41	27	0	237	#
727	0.604706	58	23	1	237	#
728	0.604706	58	23	27	0	237	#
729	0.112962	8	238	#
730	0.112962	20	9	238	#
731	0.684514	52	239	#
732	0.684514	32	17	239	#
733	0.21839	58	#
734	0.597154	45	43	1	240	#
735	0.597154	45	43	27	0	240	#
736	0.597154	14	41	1	240	#
737	0.597154	14	41	27	0	240	#
738	0.597154	21	8	23	1	240	#
739	0.724826	55	0	241	#
740	0.724826	3	41	1	241	#
741	0.724826	3	41	27	0	241	#
742	0.724826	3	58	23	1	241	#
743	0.724826	3	58	23	27	0	241	#
744	0.310591	18	9	242	#
745	0.310591	18	8	20	242	#
746	0.310591	17	31	20	242	#
747	0.310591	17	25	9	242	#
748	0.310591	17	25	8	20	242	#
749	0.236409	23	#
750	0.861043	38	20	31	243	#
751	0.861043	38	9	25	243	#
752	0.861043	38	20	8	25	243	#
753	0.861043	38	9	18	17	243	#
754	0.861043	38	20	8	18	17	243	#
755	1.28352	23	9	42	244	#
756	1.28352	23	8	20	42	244	#
757	1.28352	43	31	20	42	244	#
758	1.28352	43	25	9	42	244	#
759	1.28352	43	25	8	20	42	244	#
760	0.169804	21	#
761	0.494598	58	3	245	#
762	0.494598	8	21	14	3	245	#
763	0.881321	12	48	246	#
764	0.881321	12	49	2	246	#
765	0.881321	12	26	47	246	#
766	0.881321	12	26	24	50	246	#
767	0.881321	12	53	60	246	#
768	0.580522	38	20	#
769	0.916387	0	55	56	#
770	0.45783	60	247	#
771	0.45783	2	3	14	247	#
772	0.816669	63	14	248	#
773	0.816669	38	20	21	14	248	#
774	0.816669	13	12	29	248	#
775	0.816669	13	12	53	14	248	#
776	0.816669	16	39	14	248	#
777	0.465364	21	14	3	249	#
778	0.465364	8	58	3	249	#
779	0.693734	3	57	250	#
780	0.693734	3	56	15	250	#
781	0.693734	30	19	250	#
782	0.693734	14	37	19	250	#
783	0.725941	39	251	#
784	0.725941	28	53	251	#
785	0.643071	17	45	37	#
786	0.265983	13	#
787	0.552764	57	2	252	#
788	0.552764	15	56	2	252	#
789	0.00197235	0	#
790	0.718739	16	38	20	#
791	0.759034	12	26	24	19	#
792	0.242904	1	253	#
793	0.242904	27	0	253	#
794	0.721797	41	30	254	#
795	0.721797	43	45	37	254	#
796	0.721797	41	14	37	254	#
797	0.721797	23	8	21	37	254	#
798	0.721797	23	58	30	254	#
799	0.536212	57	255	#
800	0.536212	15	56	255	#
801	0.280335	14	21	20	#
802	0.370821	27	23	256	#
803	0.370821	0	1	23	256	#
804	0.486841	41	257	#
805	0.486841	23	58	257	#
806	0.486841	43	45	14	257	#
807	0.486841	23	8	21	14	257	#
808	0.151777	11	258	#
809	0.151777	20	10	258	#
810	0.256182	58	#
811	0.741759	14	3	57	259	#
812	0.741759	37	19	259	#
813	0.741759	14	3	56	15	259	#
814	0.741759	14	30	19	259	#
815	0.319895	24	37	#
816	1.14314	4	57	3	260	#
817	1.14314	4	15	56	3	260	#
818	1.14314	42	20	21	14	260	#
819	1.14314	4	19	30	260	#
820	1.14314	4	19	37	14	260	#
821	0.541326	24	26	28	#
822	1.06573	7	48	28	261	#
823	1.06573	7	2	49	28	261	#
824	1.06573	6	22	48	28	261	#
825	1.06573	6	22	2	49	28	261	#
826	1.06573	7	60	39	261	#
827	0.616308	54	#
828	0.358801	56	#
829	0.861832	7	48	262	#
830	0.861832	7	2	49	262	#
831	0.861832	6	22	48	262	#
832	0.861832	6	22	2	49	262	#
833	0.861832	7	47	26	262	#
834	0.895184	15	52	263	#
835	0.895184	15	32	17	263	#
836	0.638152	33	264	#
837	0.638152	22	44	264	#
838	0.638152	22	2	3	58	264	#
839	0.638152	6	62	264	#
840	0.638152	6	7	44	264	#
841	0.837312	2	55	0	265	#
842	0.837312	44	23	1	265	#
843	0.837312	44	23	27	0	265	#
844	0.837312	2	3	41	1	265	#
845	0.837312	2	3	41	27	0	265	#
846	0.227321	1	266	#
847	0.227321	0	27	266	#
848	0.552805	7	2	56	267	#
849	0.552805	6	22	2	56	267	#
850	1.1242	63	60	7	268	#
851	1.1242	63	60	22	6	268	#
852	1.1242	13	12	48	7	268	#
853	1.1242	13	12	49	2	7	268	#
854	1.1242	13	12	48	22	6	268	#
855	0.85885	39	14	269	#
856	0.85885	28	29	269	#
857	0.85885	28	53	14	269	#
858	0.85885	28	26	24	30	269	#
859	0.85885	16	63	14	269	#
860	0.957491	12	48	7	270	#
861	0.957491	12	49	2	7	270	#
862	0.957491	12	48	22	6	270	#
863	0.957491	12	49	2	22	6	270	#
864	0.81734	15	32	271	#
865	0.81734	15	52	17	271	#
866	0.0307788	24	#
867	0.625484	62	272	#
868	0.625484	33	6	272	#
869	0.625484	44	7	272	#
870	0.625484	44	22	6	272	#
871	0.625484	58	3	2	7	272	#
872	0.721797	30	41	273	#
873	0.721797	37	45	43	273	#
874	0.721797	37	14	41	273	#
875	0.721797	37	21	8	23	273	#
876	0.721797	30	58	23	273	#
877	0.37028	26	24	#
878	0.261548	7	2	274	#
879	0.261548	6	22	2	274	#
880	0.625649	53	275	#
881	0.625649	29	14	275	#
882	0.625649	26	24	37	275	#
883	0.721797	30	41	276	#
884	0.721797	37	45	43	276	#
885	0.721797	37	14	41	276	#
886	0.721797	37	21	8	23	276	#
887	0.721797	30	58	23	276	#
888	0.595339	41	1	277	#
889	0.595339	41	27	0	277	#
890	0.595339	58	23	1	277	#
891	0.595339	58	23	27	0	277	#
892	1.1624	42	20	278	#
893	1.1624	42	9	8	278	#
894	1.1624	42	10	11	278	#
895	0.713399	19	24	26	#
896	0.493977	3	14	21	20	279	#
897	0.493977	3	58	9	279	#
898	0.493977	3	58	8	20	279	#
899	0.732228	44	23	280	#
900	0.732228	2	3	41	280	#
901	0.732228	2	3	58	23	280	#
902	0.732228	60	45	43	280	#
903	0.464007	7	60	281	#
904	0.464007	6	22	60	281	#
905	0.680082	7	2	57	282	#
906	0.680082	6	22	2	57	282	#
907	0.680082	7	2	56	15	282	#
908	0.680082	6	22	2	56	15	282	#
909	0.389461	1	23	283	#
910	0.389461	0	27	23	283	#
911	0.997545	35	284	#
912	0.997545	16	5	284	#
913	0.233419	14	3	#
914	1.14314	3	57	4	285	#
915	1.14314	3	56	15	4	285	#
916	1.14314	14	21	20	42	285	#
917	1.14314	30	19	4	285	#
918	1.14314	14	37	19	4	285	#
919	0.484526	19	#
920	0.261643	31	20	286	#
921	0.261643	25	9	286	#
922	0.261643	25	8	20	286	#
923	0.103495	8	#
924	1.04802	13	35	287	#
925	1.04802	13	16	5	287	#
926	1.04802	12	28	5	287	#
927	0.957655	7	48	12	288	#
928	0.957655	7	2	49	12	288	#
929	0.957655	6	22	48	12	288	#
930	0.957655	6	22	2	49	12	288	#
931	0.422063	18	9	10	289	#
932	0.422063	18	8	11	289	#
933	0.422063	18	8	20	10	289	#
934	0.422063	18	9	20	11	289	#
935	0.422063	17	31	11	289	#
936	0.605601	0	46	290	#
937	0.605601	59	13	290	#
938	0.848545	22	48	291	#
939	0.848545	22	2	49	291	#
940	0.848545	22	47	26	291	#
941	0.848545	22	50	24	26	291	#
942	0.848545	22	60	53	291	#
943	0.494091	60	22	292	#
944	0.494091	14	3	2	22	292	#
945	0.494091	60	7	6	292	#
946	0.648247	41	27	293	#
947	0.648247	41	1	0	293	#
948	0.648247	58	23	27	293	#
949	0.648247	58	23	1	0	293	#
950	0.648247	14	45	43	27	293	#
951	0.0427912	24	#
952	0.884692	39	45	#
953	0.165043	2	#
954	0.724826	55	0	294	#
955	0.724826	3	41	1	294	#
956	0.724826	3	41	27	0	294	#
957	0.724826	3	58	23	1	294	#
958	0.724826	3	58	23	27	0	294	#
959	0.861832	48	7	295	#
960	0.861832	49	2	7	295	#
961	0.861832	48	22	6	295	#
962	0.861832	49	2	22	6	295	#
963	0.861832	26	47	7	295	#
964	0.278172	45	#
965	0.221457	22	2	#
966	0.965107	48	28	296	#
967	0.965107	2	49	28	296	#
968	0.965107	60	39	296	#
969	0.965107	47	26	28	296	#
970	0.965107	50	24	26	28	296	#
971	0.633692	2	34	297	#
972	0.633692	61	10	297	#
973	0.633692	60	21	11	297	#
974	0.633692	60	21	20	10	297	#
975	0.633692	61	20	11	297	#
976	0.260173	27	298	#
977	0.260173	0	1	298	#
978	0.700428	56	3	58	#
979	1.25828	22	2	57	4	299	#
980	1.25828	22	2	56	15	4	299	#
981	1.25828	6	7	2	57	4	299	#
982	1.25828	6	7	2	56	15	4	299	#
983	0.605153	17	45	37	#
984	0.914243	34	57	300	#
985	0.914243	34	56	15	300	#
986	0.950515	0	55	56	301	#
987	0.950515	1	43	32	301	#
988	0.950515	1	41	3	56	301	#
989	0.950515	0	27	43	32	301	#
990	0.950515	0	40	52	301	#
991	0.52954	24	30	302	#
992	0.52954	24	37	14	302	#
993	0.756786	49	303	#
994	0.756786	3	29	303	#
995	0.756786	3	14	53	303	#
996	0.483989	4	#
997	0.486671	34	#
998	1.08693	22	2	57	4	304	#
999	1.08693	22	2	56	15	4	304	#
