%% File generated by CATS v.2.1Wed Jun 22 10:37:36 2022

%% The CATS webpage is http://robotics.stanford.edu/CATS

%% PARAMETER SETTINGS:
% Goods: 64; Bids: 1000; Distribution: paths; Runs: 1; Seed: 1656572752
% Paths Distribution Parameters:
% Initial connections:       = 2
% Edge density:              = 3.000000
% Shipping cost factor:      = 1.500000
% Max bid set size:          = 5
% Building penalty:          = 1.700000



goods 64
bids 1004
dummy 342

0	1.01715	34	64	#
1	1.01715	4	12	18	64	#
2	1.01715	0	1	4	12	64	#
3	0.462564	0	30	43	65	#
4	0.462564	0	23	30	40	65	#
5	1.0601	4	12	66	#
6	1.0601	18	34	66	#
7	1.0601	51	55	66	#
8	1.0601	7	51	56	66	#
9	1.0601	6	25	51	56	66	#
10	0.683992	2	54	67	#
11	0.683992	2	8	9	16	67	#
12	0.683992	3	22	54	67	#
13	0.595693	23	45	68	#
14	0.595693	16	23	60	68	#
15	0.421182	18	30	43	#
16	1.09898	36	53	#
17	0.0526868	27	#
18	0.690833	33	69	#
19	0.690833	38	44	69	#
20	0.690833	10	26	38	69	#
21	0.690833	7	46	69	#
22	0.690833	6	25	46	69	#
23	0.747149	4	12	#
24	0.701653	63	70	#
25	0.701653	19	23	45	70	#
26	0.400802	12	#
27	0.897688	30	52	71	#
28	0.897688	9	30	61	71	#
29	0.897688	30	37	58	71	#
30	0.897688	9	30	31	32	48	71	#
31	0.897688	9	21	30	31	32	39	71	#
32	0.246121	37	72	#
33	0.246121	31	47	72	#
34	0.246121	6	31	32	72	#
35	0.576213	54	73	#
36	0.576213	8	9	16	73	#
37	0.576213	16	19	50	73	#
38	0.38679	38	51	#
39	0.699594	14	63	#
40	0.871923	19	57	74	#
41	0.871923	11	14	19	74	#
42	0.871923	11	15	49	74	#
43	0.871923	29	49	57	74	#
44	0.871923	11	15	16	59	74	#
45	0.354801	2	8	#
46	0.34457	17	21	75	#
47	0.34457	6	17	20	75	#
48	1.13439	2	8	62	76	#
49	1.13439	3	8	22	62	76	#
50	1.13439	2	13	17	54	76	#
51	1.13439	2	8	9	13	39	76	#
52	1.13439	2	8	9	13	16	17	76	#
53	0.917905	5	9	16	#
54	0.596681	7	17	20	51	77	#
55	0.596681	17	21	25	51	77	#
56	0.596681	6	17	20	25	51	77	#
57	1.10566	3	7	35	51	78	#
58	1.10566	3	6	25	35	51	78	#
59	1.10566	3	29	36	50	78	#
60	1.10566	3	7	17	20	51	54	78	#
61	1.10566	3	17	21	25	51	54	78	#
62	0.27076	37	79	#
63	0.27076	31	47	79	#
64	0.27076	6	31	32	79	#
65	0.27076	7	27	31	79	#
66	0.27076	6	25	27	31	79	#
67	0.105088	18	#
68	1.12704	4	23	41	80	#
69	1.12704	28	38	55	80	#
70	1.12704	23	24	38	55	80	#
71	1.12704	4	24	28	41	80	#
72	1.12704	4	12	28	38	51	80	#
73	0.710966	44	81	#
74	0.710966	10	26	81	#
75	0.85775	35	47	82	#
76	0.85775	6	32	35	82	#
77	0.85775	17	21	32	54	82	#
78	0.85775	7	27	35	82	#
79	0.85775	17	20	47	54	82	#
80	0.589633	62	#
81	0.0672514	6	#
82	0.611956	26	27	31	38	84	#
83	0.893043	3	35	83	#
84	0.893043	3	17	20	54	83	#
85	0.893043	3	8	58	83	#
86	0.893043	3	8	9	20	39	83	#
87	0.893043	3	8	9	16	17	20	83	#
88	0.611956	26	28	40	84	#
89	0.611956	24	26	43	84	#
90	0.611956	23	26	28	43	84	#
91	0.611956	23	24	26	40	84	#
92	0.365652	28	40	85	#
93	0.365652	24	43	85	#
94	0.365652	23	28	43	85	#
95	0.365652	23	24	40	85	#
96	0.365652	27	31	38	85	#
97	0.515749	29	50	#
98	0.800767	52	86	#
99	0.800767	9	61	86	#
100	0.800767	37	58	86	#
101	0.800767	9	31	32	48	86	#
102	0.800767	9	21	31	32	39	86	#
103	0.645663	7	19	20	39	87	#
104	0.645663	7	16	17	19	20	87	#
105	0.645663	19	25	48	87	#
106	0.645663	19	21	25	39	87	#
107	0.645663	16	17	19	21	25	87	#
108	0.638101	15	17	59	88	#
109	0.638101	14	19	39	88	#
110	0.638101	14	16	17	19	88	#
111	0.638101	15	39	49	88	#
112	0.638101	15	16	17	49	88	#
113	0.740593	15	17	21	59	89	#
114	0.740593	6	15	17	20	59	89	#
115	0.740593	14	19	48	89	#
116	0.740593	14	19	21	39	89	#
117	0.740593	14	16	17	19	21	89	#
118	0.585473	61	90	#
119	0.585473	31	32	48	90	#
120	0.585473	21	31	32	39	90	#
121	0.585473	16	17	21	31	32	90	#
122	0.585473	20	37	39	90	#
123	0.694194	3	54	91	#
124	0.694194	3	8	9	16	91	#
125	0.694194	2	22	54	91	#
126	0.694194	3	16	19	50	91	#
127	0.694194	2	8	9	16	22	91	#
128	0.772935	2	17	54	#
129	0.911787	2	42	#
130	0.242363	30	18	#
131	0.0686119	16	#
132	0.932725	3	35	6	92	#
133	0.932725	3	54	17	21	92	#
134	0.932725	3	54	17	20	6	92	#
135	0.932725	3	8	9	48	92	#
136	0.932725	3	8	9	39	21	92	#
137	0.608168	3	50	93	#
138	0.608168	22	2	50	93	#
139	0.87333	57	19	16	94	#
140	0.87333	11	15	59	94	#
141	0.87333	11	14	19	16	94	#
142	0.87333	57	29	59	94	#
143	0.87333	11	15	49	16	94	#
144	0.248044	27	38	#
145	0.683433	9	48	32	95	#
146	0.683433	9	39	21	32	95	#
147	0.683433	9	16	17	21	32	95	#
148	0.683433	58	47	95	#
149	0.683433	58	6	32	95	#
150	0.928174	55	27	96	#
151	0.928174	55	25	32	96	#
152	0.928174	56	47	96	#
153	0.928174	56	6	32	96	#
154	0.928174	4	12	51	27	96	#
155	0.307791	10	#
156	0.0905699	16	#
157	0.209826	15	#
158	0.453335	28	40	30	97	#
159	0.453335	24	43	30	97	#
160	0.453335	28	23	43	30	97	#
161	0.453335	24	23	40	30	97	#
162	0.453335	38	51	18	97	#
163	0.0670429	28	#
164	1.00752	9	19	57	98	#
165	1.00752	9	19	14	11	98	#
166	0.678069	32	48	19	99	#
167	0.678069	32	21	39	19	99	#
168	0.678069	32	21	17	16	19	99	#
169	0.678069	47	20	39	19	99	#
170	0.678069	47	20	17	16	19	99	#
171	0.625654	15	59	17	100	#
172	0.625654	14	19	39	100	#
173	0.625654	14	19	16	17	100	#
174	0.612394	63	23	#
175	0.853185	62	8	#
176	0.946642	7	35	3	101	#
177	0.946642	25	6	35	3	101	#
178	0.946642	7	20	17	54	3	101	#
179	0.946642	25	21	17	54	3	101	#
180	0.700881	3	50	29	102	#
181	0.700881	22	53	102	#
182	0.700881	22	2	50	29	102	#
183	0.079984	32	#
184	1.03265	12	4	103	#
185	1.03265	18	34	103	#
186	1.03265	51	55	103	#
187	0.521547	26	38	27	#
188	0.723916	47	46	104	#
189	0.723916	32	6	46	104	#
190	0.723916	27	33	104	#
191	0.723916	27	38	44	104	#
192	0.723916	27	38	26	10	104	#
193	0.639281	54	3	105	#
194	0.639281	16	9	8	3	105	#
195	0.957754	56	106	#
196	0.957754	7	55	106	#
197	0.957754	20	13	4	106	#
198	0.957754	6	25	55	106	#
199	0.957754	47	27	55	106	#
200	0.20044	30	18	#
201	0.700145	44	28	107	#
202	0.700145	10	26	28	107	#
203	0.700145	44	24	23	107	#
204	0.700145	10	26	24	23	107	#
205	0.623583	54	108	#
206	0.623583	8	9	16	108	#
207	0.623583	50	19	16	108	#
208	0.623583	50	29	59	108	#
209	0.640347	59	17	21	32	109	#
210	0.640347	59	17	20	47	109	#
211	0.640347	59	17	20	6	32	109	#
212	0.640347	59	17	20	7	27	109	#
213	0.640347	59	17	21	25	27	109	#
214	0.952004	63	50	2	#
215	0.801239	15	59	17	21	32	110	#
216	0.801239	15	59	17	20	47	110	#
217	0.801239	15	59	17	20	6	32	110	#
218	0.196247	21	111	#
219	0.196247	20	6	111	#
220	1.03723	5	9	19	#
221	0.250577	15	#
222	0.559534	9	39	112	#
223	0.559534	9	16	17	112	#
224	0.955377	7	35	3	113	#
225	0.955377	25	6	35	3	113	#
226	0.955377	7	20	17	54	3	113	#
227	0.955377	25	21	17	54	3	113	#
228	0.955377	25	6	20	17	54	3	113	#
229	1.04341	23	63	50	3	114	#
230	1.04341	60	54	3	114	#
231	1.04341	45	9	8	3	114	#
232	1.04341	60	16	9	8	3	114	#
233	1.04341	23	63	50	2	22	114	#
234	0.39119	17	21	115	#
235	0.39119	17	20	6	115	#
236	0.633792	2	54	116	#
237	0.633792	2	8	9	16	116	#
238	0.215162	31	27	#
239	0.586282	2	54	#
240	0.620673	24	41	117	#
241	0.620673	28	23	41	117	#
242	0.705026	23	41	118	#
243	0.705026	28	24	41	118	#
244	0.705026	28	38	51	12	118	#
245	0.705026	40	30	18	12	118	#
246	0.705026	23	43	30	18	12	118	#
247	0.871738	15	36	119	#
248	0.871738	14	29	36	119	#
249	0.882412	3	54	17	120	#
250	0.882412	3	8	9	39	120	#
251	0.882412	3	8	9	16	17	120	#
252	0.882412	22	2	54	17	120	#
253	0.882412	3	50	19	39	120	#
254	0.349626	39	121	#
255	0.349626	16	17	121	#
256	1.06721	35	37	30	122	#
257	1.06721	35	47	31	30	122	#
258	1.06721	35	6	32	31	30	122	#
259	1.06721	35	7	51	18	122	#
260	1.06721	54	17	21	32	31	30	122	#
261	1.13499	1	51	7	35	123	#
262	1.13499	1	51	25	6	35	123	#
263	1.13499	1	36	29	50	123	#
264	1.13499	1	51	7	20	17	54	123	#
265	1.13499	1	51	25	21	17	54	123	#
266	0.129412	18	#
267	0.648221	2	8	9	124	#
268	0.648221	2	50	19	124	#
269	0.648221	2	54	16	124	#
270	0.648221	22	3	8	9	124	#
271	0.726315	36	#
272	0.151431	1	#
273	0.638101	17	59	15	125	#
274	0.638101	39	19	14	125	#
275	0.638101	17	16	19	14	125	#
276	0.638101	39	49	15	125	#
277	0.638101	17	16	49	15	125	#
278	0.645663	19	39	20	7	126	#
279	0.645663	19	16	17	20	7	126	#
280	0.645663	19	48	25	126	#
281	0.645663	19	39	21	25	126	#
282	0.645663	19	16	17	21	25	126	#
283	0.431111	17	21	32	127	#
284	0.431111	17	20	47	127	#
285	0.431111	17	20	6	32	127	#
286	0.431111	17	20	7	27	127	#
287	0.431111	17	21	25	27	127	#
288	0.534194	17	13	#
289	0.0710508	27	#
290	0.365811	39	128	#
291	0.365811	16	17	128	#
292	0.6552	58	129	#
293	0.6552	20	39	9	129	#
294	0.6552	20	17	16	9	129	#
295	0.6552	6	48	9	129	#
296	0.6552	6	21	39	9	129	#
297	0.138798	30	#
298	0.687742	46	6	#
299	0.338398	26	#
300	0.26026	10	#
301	0.472451	48	32	130	#
302	0.472451	39	21	32	130	#
303	0.472451	16	17	21	32	130	#
304	0.472451	39	20	47	130	#
305	0.472451	16	17	20	47	130	#
306	0.403311	28	40	30	131	#
307	0.403311	24	43	30	131	#
308	0.403311	28	23	43	30	131	#
309	0.88133	17	54	2	132	#
310	0.88133	39	9	8	2	132	#
311	0.88133	17	16	9	8	2	132	#
312	0.88133	17	54	3	22	132	#
313	0.88133	39	19	50	2	132	#
314	0.435102	1	51	7	133	#
315	0.435102	1	51	25	6	133	#
316	0.435102	0	30	37	133	#
317	0.435102	0	30	31	47	133	#
318	0.435102	0	30	31	32	6	133	#
319	0.864025	30	40	28	44	134	#
320	0.864025	30	40	28	26	10	134	#
321	0.864025	30	43	24	44	134	#
322	0.864025	30	43	24	26	10	134	#
323	0.864025	30	43	23	28	44	134	#
324	0.864025	30	40	28	44	135	#
325	0.864025	30	40	28	26	10	135	#
326	0.864025	30	43	24	44	135	#
327	0.864025	30	43	24	26	10	135	#
328	0.864025	30	43	23	28	44	135	#
329	0.760596	26	38	51	136	#
330	0.760596	26	28	40	30	18	136	#
331	0.760596	26	24	43	30	18	136	#
332	0.760596	26	28	23	43	30	18	136	#
333	0.760596	26	24	23	40	30	18	136	#
334	0.161984	14	#
335	0.365396	16	9	#
336	0.850179	51	33	137	#
337	0.850179	51	38	44	137	#
338	0.850179	51	38	26	10	137	#
339	0.850179	51	7	46	137	#
340	0.850179	51	25	6	46	137	#
341	0.754805	31	32	21	17	59	138	#
342	0.754805	37	20	17	59	138	#
343	0.754805	31	47	20	17	59	138	#
344	0.754805	31	32	6	20	17	59	138	#
345	0.754805	31	27	7	20	17	59	138	#
346	0.972308	50	63	28	139	#
347	0.972308	50	63	23	24	139	#
348	0.972308	54	60	24	139	#
349	0.972308	54	60	23	28	139	#
350	0.972308	8	9	45	24	139	#
351	0.235264	18	30	#
352	1.01316	23	41	4	#
353	0.577786	61	#
354	0.23406	51	#
355	1.0907	37	35	2	140	#
356	1.0907	31	47	35	2	140	#
357	1.0907	31	32	6	35	2	140	#
358	1.0907	31	32	21	17	54	2	140	#
359	1.0907	37	20	17	54	2	140	#
360	0.328885	26	#
361	0.135788	31	#
362	0.701055	63	#
363	0.388573	30	40	141	#
364	0.388573	30	43	23	141	#
365	0.85775	47	35	142	#
366	0.85775	32	6	35	142	#
367	0.85775	32	21	17	54	142	#
368	0.85775	27	7	35	142	#
369	0.85775	47	20	17	54	142	#
370	0.767105	44	28	40	143	#
371	0.767105	10	26	28	40	143	#
372	0.767105	44	24	43	143	#
373	0.767105	10	26	24	43	143	#
374	0.767105	44	28	23	43	143	#
375	0.640347	32	21	17	59	144	#
376	0.640347	47	20	17	59	144	#
377	0.640347	32	6	20	17	59	144	#
378	0.640347	27	7	20	17	59	144	#
379	0.640347	27	25	21	17	59	144	#
380	0.852759	19	39	13	145	#
381	0.852759	19	16	17	13	145	#
382	0.852759	29	59	17	13	145	#
383	0.979932	12	4	146	#
384	0.979932	18	34	146	#
385	0.979932	51	55	146	#
386	0.618668	44	147	#
387	0.618668	26	10	147	#
388	0.61166	44	28	148	#
389	0.61166	10	26	28	148	#
390	0.61166	44	24	23	148	#
391	0.61166	10	26	24	23	148	#
392	0.718879	46	47	149	#
393	0.718879	46	6	32	149	#
394	0.439426	39	20	150	#
395	0.439426	16	17	20	150	#
396	0.439426	48	6	150	#
397	0.439426	39	21	6	150	#
398	0.439426	16	17	21	6	150	#
399	0.849381	46	20	151	#
400	0.849381	46	6	21	151	#
401	0.849381	33	7	20	151	#
402	0.849381	44	38	7	20	151	#
403	0.849381	10	26	38	7	20	151	#
404	1.09898	53	36	152	#
405	1.09898	2	35	7	51	152	#
406	1.09898	2	35	6	25	51	152	#
407	1.09898	2	50	29	36	152	#
408	1.09898	2	54	17	20	7	51	152	#
409	0.751498	14	63	23	#
410	0.846095	5	#
411	0.86359	45	9	153	#
412	0.86359	60	16	9	153	#
413	1.09316	13	20	46	154	#
414	1.09316	41	24	44	154	#
415	1.09316	41	24	26	10	154	#
416	1.09316	41	23	28	44	154	#
417	1.09316	41	23	28	26	10	154	#
418	1.0907	2	35	37	155	#
419	1.0907	2	35	47	31	155	#
420	1.0907	2	35	6	32	31	155	#
421	1.0907	2	54	17	21	32	31	155	#
422	1.0907	2	54	17	20	37	155	#
423	0.49252	9	39	156	#
424	0.49252	9	16	17	156	#
425	0.893043	35	3	157	#
426	0.893043	20	17	54	3	157	#
427	0.893043	58	8	3	157	#
428	0.893043	20	39	9	8	3	157	#
429	0.893043	20	17	16	9	8	3	157	#
430	0.355798	26	28	158	#
431	0.355798	26	24	23	158	#
432	1.0907	2	35	37	159	#
433	1.0907	2	35	47	31	159	#
434	1.0907	2	35	6	32	31	159	#
435	1.0907	2	54	17	21	32	31	159	#
436	1.0907	2	54	17	20	37	159	#
437	0.716609	3	8	9	160	#
438	0.716609	3	50	19	160	#
439	0.716609	3	54	16	160	#
440	0.716609	22	2	8	9	160	#
441	0.716609	22	2	50	19	160	#
442	0.772073	35	161	#
443	0.772073	54	17	20	161	#
444	0.772073	8	58	161	#
445	0.772073	8	9	39	20	161	#
446	0.772073	8	9	16	17	20	161	#
447	0.645524	45	162	#
448	0.645524	60	16	162	#
449	0.794316	13	17	59	#
450	1.22511	49	9	5	163	#
451	1.22511	59	16	9	5	163	#
452	1.22511	29	19	9	5	163	#
453	1.22511	59	17	13	4	163	#
454	1.22511	29	50	8	5	163	#
455	0.811755	35	6	164	#
456	0.811755	54	17	21	164	#
457	0.811755	54	17	20	6	164	#
458	0.811755	8	9	48	164	#
459	0.811755	8	9	39	21	164	#
460	0.0770622	32	#
461	0.680698	14	63	23	#
462	0.811755	35	6	165	#
463	0.811755	54	17	21	165	#
464	0.811755	54	17	20	6	165	#
465	0.811755	8	9	48	165	#
466	0.811755	8	9	39	21	165	#
467	0.972308	28	63	50	166	#
468	0.972308	24	23	63	50	166	#
469	0.972308	24	60	54	166	#
470	0.972308	28	23	60	54	166	#
471	0.972308	24	45	9	8	166	#
472	0.196553	17	#
473	0.49588	13	20	#
474	0.644175	3	50	14	#
475	0.494675	54	167	#
476	0.494675	16	9	8	167	#
477	0.567032	9	8	168	#
478	0.567032	19	50	168	#
479	0.567032	16	54	168	#
480	0.945353	50	63	23	169	#
481	0.945353	54	60	169	#
482	0.945353	8	9	45	169	#
483	0.945353	8	9	16	60	169	#
484	0.945353	50	63	28	24	169	#
485	0.823643	15	36	170	#
486	0.823643	14	29	36	170	#
487	0.187874	15	#
488	0.42741	20	39	171	#
489	0.42741	20	17	16	171	#
490	0.283242	17	#
491	1.09178	3	35	37	172	#
492	1.09178	3	35	47	31	172	#
493	1.09178	3	35	6	32	31	172	#
494	1.09178	3	54	17	21	32	31	172	#
495	1.09178	3	54	17	20	37	172	#
496	0.443108	28	38	51	173	#
497	0.443108	40	30	18	173	#
498	0.443108	23	43	30	18	173	#
499	0.218641	49	#
500	0.645663	7	20	39	19	174	#
501	0.645663	7	20	17	16	19	174	#
502	0.645663	25	48	19	174	#
503	0.645663	25	21	39	19	174	#
504	0.645663	25	21	17	16	19	174	#
505	0.317351	9	16	#
506	1.03716	34	30	175	#
507	1.03716	4	12	18	30	175	#
508	1.03716	55	27	31	175	#
509	1.03716	55	25	32	31	175	#
510	1.03716	56	37	175	#
511	0.535284	27	51	12	#
512	0.605321	48	19	176	#
513	0.605321	21	39	19	176	#
514	0.605321	21	17	16	19	176	#
515	0.605321	6	20	39	19	176	#
516	0.605321	6	20	17	16	19	176	#
517	0.682878	9	48	32	177	#
518	0.682878	9	39	21	32	177	#
519	0.682878	9	16	17	21	32	177	#
520	0.682878	58	47	177	#
521	0.699638	30	40	28	26	178	#
522	0.699638	30	43	24	26	178	#
523	0.699638	30	43	23	28	26	178	#
524	0.699638	30	40	23	24	26	178	#
525	0.699638	18	51	38	26	178	#
526	0.651729	7	58	179	#
527	0.651729	7	20	39	9	179	#
528	0.651729	7	20	17	16	9	179	#
529	1.02321	12	4	180	#
530	1.02321	18	34	180	#
531	1.02321	51	55	180	#
532	0.338975	17	21	181	#
533	0.338975	17	20	6	181	#
534	0.811336	15	59	17	21	32	182	#
535	0.811336	15	59	17	20	47	182	#
536	0.811336	15	59	17	20	6	32	182	#
537	0.811336	15	59	17	20	7	27	182	#
538	0.811336	15	59	17	21	25	27	182	#
539	0.123325	7	183	#
540	0.123325	6	25	183	#
541	0.864025	44	28	40	30	184	#
542	0.864025	10	26	28	40	30	184	#
543	0.864025	44	24	43	30	184	#
544	0.864025	10	26	24	43	30	184	#
545	0.864025	44	28	23	43	30	184	#
546	0.48009	45	185	#
547	0.48009	60	16	185	#
548	1.0805	3	50	63	28	186	#
549	1.0805	3	50	63	23	24	186	#
550	1.0805	3	54	60	24	186	#
551	1.0805	3	54	60	23	28	186	#
552	1.0805	22	2	50	63	28	186	#
553	0.370402	9	16	#
554	0.723916	46	47	187	#
555	0.723916	46	6	32	187	#
556	0.723916	33	27	187	#
557	0.723916	44	38	27	187	#
558	0.723916	10	26	38	27	187	#
559	0.928174	55	27	188	#
560	0.928174	55	25	32	188	#
561	0.928174	56	47	188	#
562	0.928174	56	6	32	188	#
563	0.928174	4	12	51	27	188	#
564	0.0244672	23	#
565	0.709178	63	23	189	#
566	0.709178	63	28	24	189	#
567	0.709178	19	45	189	#
568	0.709178	19	16	60	189	#
569	1.04341	23	63	50	3	190	#
570	1.04341	60	54	3	190	#
571	1.04341	45	9	8	3	190	#
572	1.04341	60	16	9	8	3	190	#
573	1.04341	23	63	50	2	22	190	#
574	1.08735	50	57	191	#
575	1.08735	50	14	11	191	#
576	1.08735	50	29	15	11	191	#
577	0.545569	31	32	21	17	192	#
578	0.545569	37	20	17	192	#
579	0.545569	31	47	20	17	192	#
580	0.545569	31	32	6	20	17	192	#
581	0.545569	31	27	7	20	17	192	#
582	0.441045	12	51	#
583	0.292166	9	#
584	0.886157	18	36	29	193	#
585	0.886157	30	40	63	193	#
586	0.886157	30	43	23	63	193	#
587	0.886157	30	61	19	193	#
588	0.886157	30	31	32	48	19	193	#
589	0.614181	32	21	17	59	#
590	0.368682	51	7	20	194	#
591	0.368682	51	25	21	194	#
592	0.368682	51	25	6	20	194	#
593	0.723916	47	46	195	#
594	0.723916	32	6	46	195	#
595	0.723916	27	33	195	#
596	0.723916	27	38	44	195	#
597	0.723916	27	38	26	10	195	#
598	0.236722	19	#
599	0.98469	35	7	51	196	#
600	0.98469	35	6	25	51	196	#
601	0.98469	50	29	36	196	#
602	0.98469	54	17	20	7	51	196	#
603	0.98469	54	17	21	25	51	196	#
604	0.685117	9	39	197	#
605	0.685117	9	16	17	197	#
606	0.685117	58	20	197	#
607	0.661338	53	198	#
608	0.661338	2	50	29	198	#
609	0.661338	22	3	50	29	198	#
610	0.678482	20	17	59	15	#
611	0.73569	29	50	3	199	#
612	0.73569	53	22	199	#
613	0.73569	29	50	2	22	199	#
614	0.73569	53	2	3	199	#
615	0.73569	15	14	50	3	199	#
616	0.266189	19	#
617	0.708219	44	28	200	#
618	0.708219	10	26	28	200	#
619	0.708219	44	24	23	200	#
620	0.708219	10	26	24	23	200	#
621	1.10171	62	8	3	201	#
622	1.10171	62	8	2	22	201	#
623	1.10171	13	17	54	3	201	#
624	0.427492	2	50	#
625	0.617257	54	202	#
626	0.617257	8	9	16	202	#
627	0.617257	50	19	16	202	#
628	1.04341	3	50	63	23	203	#
629	1.04341	3	54	60	203	#
630	1.04341	3	8	9	45	203	#
631	1.04341	3	8	9	16	60	203	#
632	1.04341	22	2	50	63	23	203	#
633	0.440045	7	20	39	204	#
634	0.440045	7	20	17	16	204	#
635	0.440045	25	48	204	#
636	0.440045	25	21	39	204	#
637	0.440045	25	21	17	16	204	#
638	0.296469	51	7	205	#
639	0.296469	51	25	6	205	#
640	0.638101	15	59	17	206	#
641	0.638101	14	19	39	206	#
642	0.638101	14	19	16	17	206	#
643	0.638101	15	49	39	206	#
644	0.638101	15	49	16	17	206	#
645	1.09316	13	20	46	207	#
646	1.09316	41	24	44	207	#
647	1.09316	41	24	26	10	207	#
648	1.09316	41	23	28	44	207	#
649	1.09316	41	23	28	26	10	207	#
650	0.127701	22	#
651	0.27076	37	208	#
652	0.27076	47	31	208	#
653	0.27076	6	32	31	208	#
654	0.27076	7	27	31	208	#
655	0.27076	6	25	27	31	208	#
656	0.331324	26	#
657	0.977638	47	35	2	209	#
658	0.977638	32	6	35	2	209	#
659	0.977638	32	21	17	54	2	209	#
660	0.977638	27	7	35	2	209	#
661	0.977638	47	20	17	54	2	209	#
662	1.12704	4	41	23	210	#
663	1.12704	55	38	28	210	#
664	1.12704	55	38	24	23	210	#
665	1.12704	4	41	24	28	210	#
666	1.12704	4	12	51	38	28	210	#
667	0.225974	51	27	#
668	0.87333	57	19	16	211	#
669	0.87333	11	15	59	211	#
670	0.87333	11	14	19	16	211	#
671	0.87333	57	29	59	211	#
672	0.87333	11	15	49	16	211	#
673	0.0288727	23	#
674	0.4619	4	#
675	0.889296	2	35	6	#
676	0.0978709	0	#
677	0.126432	20	#
678	0.937859	34	212	#
679	0.937859	4	12	18	212	#
680	1.07051	4	12	1	213	#
681	1.07051	34	0	213	#
682	1.07051	4	12	18	0	213	#
683	1.07051	34	18	1	213	#
684	0.469566	1	12	#
685	0.765436	46	214	#
686	0.765436	33	7	214	#
687	0.765436	44	38	7	214	#
688	0.765436	10	26	38	7	214	#
689	0.765436	33	25	6	214	#
690	0.754733	0	30	40	28	26	215	#
691	0.754733	0	30	43	24	26	215	#
692	0.754733	0	30	43	23	28	26	215	#
693	0.754733	1	51	38	26	215	#
694	0.754733	0	30	40	23	24	26	215	#
695	0.725571	6	46	216	#
696	0.725571	25	33	216	#
697	0.725571	25	38	44	216	#
698	0.725571	25	38	26	10	216	#
699	0.725571	25	7	46	216	#
700	0.590074	54	217	#
701	0.590074	16	9	8	217	#
702	0.590074	16	19	50	217	#
703	0.177976	15	#
704	0.954233	62	8	#
705	0.682394	30	61	218	#
706	0.682394	30	31	32	48	218	#
707	0.682394	30	31	32	21	39	218	#
708	0.682394	30	31	32	21	17	16	218	#
709	0.682394	30	37	20	39	218	#
710	0.79057	63	40	219	#
711	0.79057	63	23	43	219	#
712	0.79057	19	61	219	#
713	0.79057	19	48	32	31	219	#
714	0.79057	19	39	21	32	31	219	#
715	1.05287	5	8	3	220	#
716	1.05287	5	8	2	22	220	#
717	0.247457	37	221	#
718	0.247457	31	47	221	#
719	0.247457	31	32	6	221	#
720	0.603187	2	54	222	#
721	0.603187	2	8	9	16	222	#
722	0.85496	57	19	223	#
723	0.85496	11	14	19	223	#
724	0.85496	11	15	49	223	#
725	0.85496	57	29	49	223	#
726	0.472451	32	48	224	#
727	0.472451	32	21	39	224	#
728	0.472451	32	21	17	16	224	#
729	0.472451	47	20	39	224	#
730	0.472451	47	20	17	16	224	#
731	0.754805	31	32	21	17	59	225	#
732	0.754805	37	20	17	59	225	#
733	0.754805	31	47	20	17	59	225	#
734	0.754805	31	32	6	20	17	59	225	#
735	0.754805	31	27	7	20	17	59	225	#
736	0.957754	56	226	#
737	0.957754	55	7	226	#
738	0.957754	4	13	20	226	#
739	0.957754	55	25	6	226	#
740	0.957754	55	27	47	226	#
741	0.452043	17	21	227	#
742	0.452043	17	20	6	227	#
743	0.452043	17	20	7	25	227	#
744	0.452043	16	48	227	#
745	0.452043	16	39	21	227	#
746	0.723916	46	47	228	#
747	0.723916	46	6	32	228	#
748	0.723916	33	27	228	#
749	0.723916	44	38	27	228	#
750	0.723916	10	26	38	27	228	#
751	0.389393	30	43	229	#
752	0.389393	30	40	23	229	#
753	0.236085	32	21	230	#
754	0.236085	47	20	230	#
755	0.236085	32	6	20	230	#
756	0.236085	27	7	20	230	#
757	0.236085	27	25	21	230	#
758	1.06208	2	8	5	231	#
759	1.06208	22	3	8	5	231	#
760	0.585473	61	232	#
761	0.585473	31	32	48	232	#
762	0.585473	31	32	21	39	232	#
763	0.585473	31	32	21	17	16	232	#
764	0.585473	37	20	39	232	#
765	0.304304	59	233	#
766	0.304304	16	49	233	#
767	0.931644	6	35	2	234	#
768	0.931644	21	17	54	2	234	#
769	0.931644	6	20	17	54	2	234	#
770	0.931644	48	9	8	2	234	#
771	0.931644	21	39	9	8	2	234	#
772	0.748618	36	1	#
773	0.846529	50	63	23	#
774	0.18254	31	27	#
775	0.725571	6	46	235	#
776	0.725571	25	33	235	#
777	0.725571	25	38	44	235	#
778	0.725571	25	38	26	10	235	#
779	0.725571	25	7	46	235	#
780	0.258064	38	#
781	0.558481	23	60	236	#
782	0.558481	28	24	60	236	#
783	0.558481	23	45	16	236	#
784	0.591615	4	#
785	0.835965	2	54	17	237	#
786	0.835965	2	8	9	39	237	#
787	0.835965	2	8	9	16	17	237	#
788	0.694194	54	3	238	#
789	0.694194	16	9	8	3	238	#
790	0.694194	54	2	22	238	#
791	0.694194	16	19	50	3	238	#
792	0.694194	16	9	8	2	22	238	#
793	0.965221	34	30	239	#
794	0.965221	4	12	18	30	239	#
795	0.965221	55	27	31	239	#
796	0.970812	35	37	240	#
797	0.970812	35	47	31	240	#
798	0.970812	35	6	32	31	240	#
799	0.970812	54	17	21	32	31	240	#
800	0.970812	54	17	20	37	240	#
801	1.04585	5	9	49	#
802	0.552796	50	29	#
803	0.22999	25	51	#
804	0.688565	2	54	241	#
805	0.688565	2	8	9	16	241	#
806	0.688565	22	3	54	241	#
807	0.688565	2	50	19	16	241	#
808	0.688565	53	59	241	#
809	0.955542	55	242	#
810	0.955542	51	12	4	242	#
811	0.955542	7	56	242	#
812	0.955542	25	6	56	242	#
813	0.955542	7	20	13	4	242	#
814	0.461507	7	20	17	243	#
815	0.461507	25	21	17	243	#
816	0.461507	25	6	20	17	243	#
817	0.461507	27	32	21	17	243	#
818	0.461507	7	6	21	17	243	#
819	0.815124	58	7	51	244	#
820	0.815124	9	39	20	7	51	244	#
821	0.815124	9	16	17	20	7	51	244	#
822	0.815124	9	48	25	51	244	#
823	0.815124	62	12	244	#
824	0.75296	63	245	#
825	0.75296	23	45	19	245	#
826	0.75296	23	60	16	19	245	#
827	0.429865	49	9	#
828	1.09336	4	12	1	246	#
829	1.09336	34	0	246	#
830	1.09336	4	12	18	0	246	#
831	1.09336	34	18	1	246	#
832	1.09336	55	51	1	246	#
833	0.836963	24	45	9	247	#
834	0.836963	24	60	16	9	247	#
835	0.836963	28	23	45	9	247	#
836	0.836963	28	23	60	16	9	247	#
837	0.836963	38	7	58	247	#
838	0.350543	31	32	21	248	#
839	0.350543	37	20	248	#
840	0.350543	31	47	20	248	#
841	0.350543	31	32	6	20	248	#
842	0.350543	31	27	7	20	248	#
843	0.0593466	6	#
844	0.931982	42	22	#
845	0.438309	39	20	7	249	#
846	0.438309	16	17	20	7	249	#
847	0.149996	31	#
848	0.140557	20	#
849	0.527919	26	38	27	#
850	0.237635	8	#
851	0.5518	24	45	#
852	1.12451	4	41	250	#
853	1.12451	55	38	24	250	#
854	1.12451	55	38	28	23	250	#
855	1.12451	34	30	43	250	#
856	1.12451	4	12	18	30	43	250	#
857	0.945353	23	63	50	251	#
858	0.945353	60	54	251	#
859	0.945353	45	9	8	251	#
860	0.945353	60	16	9	8	251	#
861	0.945353	24	28	63	50	251	#
862	0.767105	44	28	40	252	#
863	0.767105	10	26	28	40	252	#
864	0.767105	44	24	43	252	#
865	0.767105	10	26	24	43	252	#
866	0.767105	44	28	23	43	252	#
867	0.897688	30	52	253	#
868	0.897688	30	61	9	253	#
869	0.897688	30	37	58	253	#
870	0.897688	30	31	32	48	9	253	#
871	0.897688	30	31	32	21	39	9	253	#
872	0.128887	3	#
873	0.989918	4	41	#
874	0.670531	45	254	#
875	0.670531	60	16	254	#
876	0.905528	62	8	3	#
877	1.07407	37	35	3	#
878	0.0613887	27	#
879	0.876133	29	36	18	255	#
880	0.876133	63	40	30	255	#
881	0.876133	63	23	43	30	255	#
882	0.876133	19	61	30	255	#
883	0.16588	21	256	#
884	0.16588	20	6	256	#
885	0.556271	11	#
886	0.354664	30	40	257	#
887	0.354664	30	43	23	257	#
888	0.28486	16	19	#
889	0.116667	30	#
890	0.137207	22	#
891	0.819974	18	36	29	#
892	0.335166	28	26	#
893	0.299187	25	51	258	#
894	0.299187	32	27	51	258	#
895	0.299187	6	7	51	258	#
896	0.954296	2	35	7	259	#
897	0.954296	2	35	6	25	259	#
898	0.954296	2	54	17	20	7	259	#
899	0.954296	2	54	17	21	25	259	#
900	0.954296	2	54	17	20	6	25	259	#
901	0.244445	59	#
902	0.911295	14	63	40	260	#
903	0.911295	14	63	23	43	260	#
904	0.911295	15	59	17	21	32	31	260	#
905	0.911295	15	59	17	20	37	260	#
906	0.911295	15	59	17	20	47	31	260	#
907	0.815124	58	7	51	261	#
908	0.815124	9	39	20	7	51	261	#
909	0.815124	9	16	17	20	7	51	261	#
910	0.815124	9	48	25	51	261	#
911	0.815124	62	12	261	#
912	0.118758	22	#
913	0.754805	59	17	21	32	31	262	#
914	0.754805	59	17	20	37	262	#
915	0.754805	59	17	20	47	31	262	#
916	0.754805	59	17	20	6	32	31	262	#
917	0.754805	59	17	20	7	27	31	262	#
918	0.772073	35	263	#
919	0.772073	54	17	20	263	#
920	0.772073	8	58	263	#
921	0.772073	8	9	39	20	263	#
922	0.772073	8	9	16	17	20	263	#
923	0.871923	57	19	264	#
924	0.871923	11	14	19	264	#
925	0.871923	11	15	49	264	#
926	0.871923	57	29	49	264	#
927	0.871923	11	15	59	16	264	#
928	0.388574	12	18	#
929	0.052176	25	#
930	0.250196	31	32	265	#
931	0.250196	31	27	25	265	#
932	0.178341	2	#
933	0.678548	44	28	266	#
934	0.678548	10	26	28	266	#
935	0.678548	44	24	23	266	#
936	0.678548	10	26	24	23	266	#
937	0.59084	44	24	267	#
938	0.59084	10	26	24	267	#
939	0.59084	44	28	23	267	#
940	0.59084	10	26	28	23	267	#
941	1.07746	49	9	5	#
942	0.458832	12	18	#
943	0.491874	49	9	268	#
944	0.491874	59	16	9	268	#
945	0.723916	47	46	269	#
946	0.723916	32	6	46	269	#
947	0.723916	27	33	269	#
948	0.723916	27	38	44	269	#
949	0.723916	27	38	26	10	269	#
950	0.159938	3	#
951	0.395623	25	51	1	270	#
952	0.395623	32	31	30	0	270	#
953	1.07917	38	55	271	#
954	1.07917	24	41	4	271	#
955	1.07917	28	23	41	4	271	#
956	1.07917	38	51	12	4	271	#
957	1.07917	38	7	56	271	#
958	0.505714	12	51	27	#
959	0.6552	58	272	#
960	0.6552	20	39	9	272	#
961	0.6552	20	17	16	9	272	#
962	0.6552	6	48	9	272	#
963	0.6552	6	21	39	9	272	#
964	0.0865272	16	#
965	1.13439	2	8	62	273	#
966	1.13439	22	3	8	62	273	#
967	1.13439	2	54	17	13	273	#
968	1.13439	2	8	9	39	13	273	#
969	1.13439	2	8	9	16	17	13	273	#
970	1.06721	30	37	35	274	#
971	1.06721	30	31	47	35	274	#
972	1.06721	30	31	32	6	35	274	#
973	1.06721	18	51	7	35	274	#
974	1.06721	30	31	32	21	17	54	274	#
975	0.945353	23	63	50	275	#
976	0.945353	60	54	275	#
977	0.945353	45	9	8	275	#
978	0.945353	60	16	9	8	275	#
979	0.945353	24	28	63	50	275	#
980	0.997599	50	63	276	#
981	0.997599	54	60	23	276	#
982	0.997599	8	9	45	23	276	#
983	0.997599	8	9	16	60	23	276	#
984	0.997599	54	60	24	28	276	#
985	0.835804	57	19	277	#
986	0.835804	11	14	19	277	#
987	0.835804	11	15	49	277	#
988	0.63808	17	59	15	278	#
989	0.63808	39	19	14	278	#
990	0.63808	17	16	19	14	278	#
991	0.63808	39	49	15	278	#
992	0.585011	41	#
993	1.05921	62	8	279	#
994	1.05921	13	17	54	279	#
995	1.05921	13	39	9	8	279	#
996	1.05921	13	17	16	9	8	279	#
997	0.532561	54	280	#
998	0.532561	8	9	16	280	#
999	0.804969	29	36	281	#
1000	0.804969	19	39	20	7	51	281	#
1001	0.804969	19	16	17	20	7	51	281	#
1002	0.804969	19	48	25	51	281	#
1003	0.804969	19	39	21	25	51	281	#
