%% File generated by CATS v.2.1Wed Jun 22 10:37:36 2022

%% The CATS webpage is http://robotics.stanford.edu/CATS

%% PARAMETER SETTINGS:
% Goods: 64; Bids: 1000; Distribution: paths; Runs: 1; Seed: 1656572756
% Paths Distribution Parameters:
% Initial connections:       = 2
% Edge density:              = 3.000000
% Shipping cost factor:      = 1.500000
% Max bid set size:          = 5
% Building penalty:          = 1.700000



goods 64
bids 1000
dummy 482

0	0.324684	29	#
1	1.01124	17	41	61	64	#
2	1.01124	11	47	64	#
3	0.845365	6	19	27	41	65	#
4	0.845365	6	17	18	19	41	65	#
5	0.845365	6	13	50	65	#
6	0.845365	22	54	65	#
7	0.845365	6	12	22	50	65	#
8	0.816479	17	28	38	#
9	0.816359	28	38	#
10	1.20072	28	42	66	#
11	1.20072	11	53	66	#
12	0.0557458	17	#
13	1.19497	12	34	88	#
14	0.913288	10	39	67	#
15	0.913288	10	14	61	67	#
16	0.913288	14	16	46	67	#
17	0.913288	10	11	14	46	67	#
18	0.913288	11	16	39	67	#
19	0.727154	14	27	41	68	#
20	0.727154	14	17	18	41	68	#
21	0.260797	18	22	#
22	1.05664	9	57	69	#
23	1.05664	13	30	69	#
24	1.05664	12	22	30	69	#
25	1.05664	2	3	57	69	#
26	1.05664	14	27	41	58	69	#
27	0.153974	13	#
28	0.973778	25	41	44	70	#
29	0.973778	19	25	41	51	70	#
30	0.973778	17	26	41	44	70	#
31	0.973778	17	19	26	41	51	70	#
32	0.973778	6	7	19	25	41	70	#
33	0.884158	43	71	#
34	0.884158	7	52	71	#
35	0.884158	6	51	52	71	#
36	0.631785	39	#
37	0.243318	7	#
38	0.806483	21	52	72	#
39	0.806483	0	24	37	72	#
40	0.806483	8	20	52	72	#
41	0.806483	0	1	52	72	#
42	0.806483	0	24	32	33	72	#
43	0.925492	9	63	73	#
44	0.925492	3	48	73	#
45	0.925492	0	32	56	73	#
46	0.925492	2	3	63	73	#
47	1.07886	4	31	74	#
48	1.07886	5	10	31	74	#
49	1.07886	25	41	61	74	#
50	0.134842	8	#
51	0.323109	1	7	#
52	0.969113	9	63	75	#
53	0.969113	3	48	75	#
54	0.969113	0	32	56	75	#
55	0.969113	2	3	63	75	#
56	0.969113	2	9	48	75	#
57	0.240939	51	#
58	0.755699	61	76	#
59	0.755699	11	46	76	#
60	1.19497	49	88	#
61	0.304344	19	#
62	0.573486	3	40	#
63	0.893771	57	#
64	0.0966176	18	#
65	0.996108	17	21	41	44	77	#
66	0.996108	17	19	21	41	51	77	#
67	0.996108	6	7	17	19	21	41	77	#
68	0.996108	8	17	20	41	44	77	#
69	0.996108	8	17	19	20	41	51	77	#
70	0.280501	51	78	#
71	0.280501	6	7	78	#
72	0.450863	29	79	#
73	0.450863	24	28	79	#
74	0.201369	15	#
75	0.974399	1	41	44	80	#
76	0.974399	1	19	41	51	80	#
77	0.974399	0	21	41	44	80	#
78	0.974399	0	19	21	41	51	80	#
79	0.974399	1	6	7	19	41	80	#
80	1.16674	10	49	81	#
81	1.16674	13	59	81	#
82	1.16674	12	22	59	81	#
83	1.16674	11	12	62	81	#
84	1.16674	36	41	61	81	#
85	1.06255	45	82	#
86	1.06255	23	48	82	#
87	1.06255	2	23	63	82	#
88	1.06255	9	33	63	82	#
89	1.06255	3	9	23	63	82	#
90	0.89843	17	20	41	44	83	#
91	0.89843	17	19	20	41	51	83	#
92	1.09895	59	84	#
93	1.09895	27	41	61	84	#
94	1.09895	17	18	41	61	84	#
95	1.09895	11	18	47	84	#
96	1.09895	10	35	84	#
97	0.951812	41	44	85	#
98	0.951812	19	41	51	85	#
99	0.951812	6	7	19	41	85	#
100	0.951812	14	15	41	51	85	#
101	0.435388	1	51	86	#
102	0.435388	0	21	51	86	#
103	0.435388	1	6	7	86	#
104	0.435388	0	6	7	21	86	#
105	0.435388	0	8	20	51	86	#
106	0.268317	18	26	#
107	0.282877	55	87	#
108	0.282877	7	20	87	#
109	0.124116	3	#
110	0.84885	4	39	#
111	0.44748	15	51	89	#
112	0.44748	6	7	15	89	#
113	0.257025	4	11	#
114	1.11629	22	57	90	#
115	1.11629	9	12	30	90	#
116	1.11629	12	13	57	90	#
117	1.11629	2	3	12	30	90	#
118	1.11629	9	13	22	30	90	#
119	1.06478	17	41	61	91	#
120	1.06478	11	47	91	#
121	1.06478	11	17	41	46	91	#
122	1.06478	4	26	31	91	#
123	1.06478	18	59	91	#
124	0.687969	28	38	#
125	0.259182	55	92	#
126	0.259182	7	20	92	#
127	0.819124	20	60	#
128	0.114492	22	#
129	1.16674	49	10	93	#
130	1.16674	13	59	93	#
131	1.16674	12	22	59	93	#
132	1.16674	12	62	11	93	#
133	1.16674	36	41	61	93	#
134	1.03162	18	57	94	#
135	1.03162	17	27	57	94	#
136	0.234802	14	#
137	1.19497	49	95	#
138	1.19497	12	34	95	#
139	1.19497	13	35	95	#
140	1.19497	13	59	10	95	#
141	1.19497	12	22	35	95	#
142	0.680182	9	58	14	#
143	0.221812	7	#
144	0.34828	32	#
145	0.294943	2	23	#
146	0.996293	51	50	96	#
147	0.996293	7	6	50	96	#
148	0.996293	7	54	12	96	#
149	0.996293	44	41	36	96	#
150	0.996293	51	19	41	36	96	#
151	0.0753912	10	#
152	0.697465	14	58	3	#
153	0.751079	6	43	#
154	0.400927	15	51	#
155	0.913288	10	39	97	#
156	0.913288	10	61	14	97	#
157	0.913288	16	46	14	97	#
158	0.913288	10	11	46	14	97	#
159	0.913288	16	11	39	97	#
160	1.05047	61	41	98	#
161	1.05047	11	46	41	98	#
162	1.05047	11	47	17	98	#
163	1.05047	4	31	25	98	#
164	0.197957	14	#
165	0.184019	27	99	#
166	0.184019	17	18	99	#
167	0.962003	44	41	100	#
168	0.962003	51	19	41	100	#
169	0.962003	7	6	19	41	100	#
170	0.962003	51	15	14	41	100	#
171	0.962003	7	6	15	14	41	100	#
172	0.916125	54	101	#
173	0.916125	6	50	12	101	#
174	0.916125	6	19	41	27	22	101	#
175	0.916125	6	19	41	17	18	22	101	#
176	0.916125	6	50	13	22	101	#
177	0.424796	51	1	102	#
178	0.424796	51	21	0	102	#
179	0.424796	6	7	1	102	#
180	0.424796	6	7	21	0	102	#
181	0.254878	51	#
182	0.581505	21	51	15	103	#
183	0.581505	21	7	6	15	103	#
184	0.581505	8	20	51	15	103	#
185	0.581505	0	1	51	15	103	#
186	0.685309	43	#
187	0.108248	3	#
188	1.09895	59	104	#
189	1.09895	27	41	61	104	#
190	1.09895	18	17	41	61	104	#
191	1.09895	18	47	11	104	#
192	1.09895	35	10	104	#
193	0.284517	13	18	105	#
194	0.284517	12	22	18	105	#
195	0.284517	36	17	105	#
196	0.253618	33	#
197	0.950677	12	50	51	106	#
198	0.950677	54	7	106	#
199	0.950677	12	50	6	7	106	#
200	0.608315	17	41	14	#
201	0.725317	41	19	6	#
202	0.937585	4	48	#
203	0.849805	60	1	107	#
204	0.849805	60	21	0	107	#
205	0.849805	29	37	107	#
206	0.849805	28	24	37	107	#
207	0.849805	60	20	8	0	107	#
208	0.883298	38	28	#
209	0.959649	1	51	50	108	#
210	0.959649	0	21	51	50	108	#
211	0.985515	48	109	#
212	0.985515	2	63	109	#
213	0.985515	3	9	63	109	#
214	0.180922	15	#
215	0.970135	20	44	41	17	110	#
216	0.970135	20	51	19	41	17	110	#
217	0.970135	55	6	19	41	17	110	#
218	0.970135	20	7	6	19	41	17	110	#
219	0.740362	24	37	111	#
220	0.740362	52	1	111	#
221	0.740362	52	21	0	111	#
222	0.703384	12	50	#
223	0.924375	28	38	17	112	#
224	0.924375	28	38	18	27	112	#
225	0.840211	17	41	19	113	#
226	0.840211	17	41	14	15	113	#
227	0.840211	18	27	41	19	113	#
228	0.840211	18	13	50	113	#
229	0.840211	18	22	12	50	113	#
230	0.296943	22	27	114	#
231	0.296943	22	18	17	114	#
232	0.451973	22	18	26	115	#
233	0.451973	22	27	25	115	#
234	0.451973	22	18	17	25	115	#
235	0.451973	22	27	17	26	115	#
236	0.451973	12	36	25	115	#
237	1.02424	9	63	4	#
238	0.496674	44	116	#
239	0.496674	19	51	116	#
240	0.496674	19	6	7	116	#
241	1.11346	18	26	31	117	#
242	1.11346	27	25	31	117	#
243	1.11346	18	17	25	31	117	#
244	1.11346	27	17	26	31	117	#
245	1.11346	59	4	117	#
246	0.19681	27	118	#
247	0.19681	18	17	118	#
248	0.117021	21	#
249	1.05324	4	48	119	#
250	1.05324	4	63	2	119	#
251	1.05324	10	5	48	119	#
252	1.05324	4	63	9	3	119	#
253	1.05324	10	5	63	2	119	#
254	0.924973	27	41	44	120	#
255	0.924973	27	41	19	51	120	#
256	0.924973	18	17	41	44	120	#
257	0.924973	18	17	41	19	51	120	#
258	0.924973	13	50	51	120	#
259	1.25468	10	53	121	#
260	1.25468	16	42	28	121	#
261	1.25468	10	11	42	28	121	#
262	1.25468	5	45	24	121	#
263	1.25468	16	11	53	121	#
264	0.173505	13	122	#
265	0.173505	12	22	122	#
266	0.988654	58	14	41	#
267	1.17034	62	123	#
268	1.17034	47	18	22	123	#
269	1.17034	46	41	27	22	123	#
270	1.17034	46	41	17	18	22	123	#
271	1.17034	47	17	27	22	123	#
272	0.415885	0	32	#
273	1.05582	59	#
274	1.35489	16	42	124	#
275	1.35489	10	11	42	124	#
276	1.35489	10	53	28	124	#
277	1.35489	5	4	11	42	124	#
278	1.35489	5	45	29	124	#
279	0.103472	18	#
280	1.35439	42	11	125	#
281	1.35439	28	53	125	#
282	1.35439	42	16	10	125	#
283	1.35439	29	45	4	125	#
284	1.35439	28	24	45	4	125	#
285	0.134584	2	#
286	0.451973	26	18	22	126	#
287	0.451973	25	27	22	126	#
288	0.451973	25	17	18	22	126	#
289	0.451973	26	17	27	22	126	#
290	0.451973	25	36	12	126	#
291	0.42977	25	36	127	#
292	0.42977	26	18	13	127	#
293	0.42977	26	18	22	12	127	#
294	0.42977	25	27	13	127	#
295	0.42977	25	17	18	13	127	#
296	0.591314	52	#
297	0.405278	1	51	128	#
298	0.405278	0	21	51	128	#
299	0.252286	4	11	#
300	0.78657	51	50	#
301	1.25225	53	129	#
302	1.25225	28	42	11	129	#
303	1.25225	24	45	4	129	#
304	0.085437	20	#
305	0.327011	21	7	#
306	0.360497	41	#
307	0.996293	51	50	130	#
308	0.996293	7	6	50	130	#
309	0.996293	7	54	12	130	#
310	0.996293	44	41	36	130	#
311	0.996293	51	19	41	36	130	#
312	0.197655	5	#
313	1.03543	29	38	131	#
314	1.03543	24	28	38	131	#
315	0.625854	20	44	132	#
316	0.625854	20	51	19	132	#
317	0.625854	55	6	19	132	#
318	0.625854	20	7	6	19	132	#
319	0.625854	8	21	44	132	#
320	0.34794	21	7	#
321	1.02952	42	#
322	0.10512	20	#
323	0.969476	28	38	26	133	#
324	0.969476	28	38	17	25	133	#
325	0.77818	46	14	134	#
326	0.77818	11	39	134	#
327	0.762809	60	21	#
328	1.01466	20	44	41	17	135	#
329	1.01466	20	51	19	41	17	135	#
330	1.01466	55	6	19	41	17	135	#
331	1.01466	20	7	6	19	41	17	135	#
332	0.919779	45	#
333	0.727268	6	19	41	17	#
334	0.962003	41	44	136	#
335	0.962003	41	19	51	136	#
336	0.962003	41	19	6	7	136	#
337	0.962003	41	14	15	51	136	#
338	0.962003	41	14	15	6	7	136	#
339	0.684368	46	#
340	1.09895	59	137	#
341	1.09895	61	41	27	137	#
342	1.09895	61	41	17	18	137	#
343	1.09895	11	47	18	137	#
344	1.09895	10	35	137	#
345	0.991594	50	51	20	138	#
346	0.991594	50	6	55	138	#
347	0.991594	50	6	7	20	138	#
348	0.991594	50	51	21	8	138	#
349	0.26276	55	139	#
350	0.26276	7	20	139	#
351	0.530978	38	#
352	0.719284	25	41	14	#
353	1.00916	9	30	140	#
354	1.00916	57	13	140	#
355	1.00916	2	3	30	140	#
356	1.08315	3	58	14	41	141	#
357	1.08315	23	29	38	17	141	#
358	1.08315	23	24	28	38	17	141	#
359	1.08315	2	57	27	141	#
360	1.08315	2	57	18	17	141	#
361	1.06659	12	50	51	1	142	#
362	1.06659	12	50	51	21	0	142	#
363	1.06659	54	7	1	142	#
364	1.06659	54	7	21	0	142	#
365	1.06659	12	50	6	7	1	142	#
366	0.974399	1	44	41	143	#
367	0.974399	1	51	19	41	143	#
368	0.974399	0	21	44	41	143	#
369	0.974399	0	21	51	19	41	143	#
370	0.974399	1	7	6	19	41	143	#
371	0.058762	0	#
372	1.07942	25	41	44	21	144	#
373	1.07942	25	41	19	51	21	144	#
374	1.07942	26	17	41	44	21	144	#
375	1.07942	26	17	41	19	51	21	144	#
376	1.07942	25	41	19	6	7	21	144	#
377	0.689	10	61	#
378	0.148221	2	#
379	0.252773	33	#
380	1.05664	57	9	145	#
381	1.05664	13	30	145	#
382	1.05664	22	12	30	145	#
383	1.05664	57	2	3	145	#
384	1.05664	27	41	14	58	145	#
385	0.906612	26	38	28	146	#
386	0.906612	25	17	38	28	146	#
387	0.986506	9	63	4	#
388	0.177756	16	#
389	0.763895	38	#
390	1.06478	17	41	61	147	#
391	1.06478	47	11	147	#
392	1.06478	17	41	46	11	147	#
393	1.06478	26	31	4	147	#
394	1.06478	18	59	147	#
395	0.703828	4	56	#
396	0.288964	27	22	148	#
397	0.288964	17	18	22	148	#
398	0.867824	41	44	21	149	#
399	0.867824	41	19	51	21	149	#
400	0.963428	31	26	150	#
401	0.963428	31	25	17	150	#
402	0.922244	31	#
403	1.18992	26	38	29	23	151	#
404	1.18992	26	38	28	24	23	151	#
405	1.18992	25	41	14	58	3	151	#
406	1.18992	25	17	38	29	23	151	#
407	1.18992	26	18	57	2	151	#
408	0.990571	31	4	#
409	1.2815	53	152	#
410	1.2815	11	42	28	152	#
411	1.2815	4	45	24	152	#
412	1.2815	4	48	23	24	152	#
413	1.2815	10	16	42	28	152	#
414	1.10577	18	57	153	#
415	1.10577	17	27	57	153	#
416	1.10577	17	41	14	58	9	153	#
417	1.10577	38	29	23	2	153	#
418	1.10577	38	28	24	23	2	153	#
419	0.238401	14	#
420	0.850775	38	28	#
421	0.402161	0	32	#
422	1.14719	5	45	154	#
423	1.14719	5	48	23	154	#
424	1.14719	10	4	45	154	#
425	1.14719	5	63	2	23	154	#
426	1.14719	10	4	48	23	154	#
427	0.659212	50	12	#
428	0.794742	60	155	#
429	0.794742	28	52	155	#
430	1.093	11	4	31	156	#
431	1.093	46	41	25	156	#
432	1.093	47	26	156	#
433	1.093	47	17	25	156	#
434	1.093	46	41	17	26	156	#
435	0.239593	14	#
436	0.850704	25	41	19	157	#
437	0.850704	26	17	41	19	157	#
438	0.850704	25	41	14	15	157	#
439	0.570702	56	#
440	0.0788786	12	#
441	1.04781	20	44	41	25	158	#
442	1.04781	20	51	19	41	25	158	#
443	1.04781	20	44	41	17	26	158	#
444	1.04781	20	51	19	41	17	26	158	#
445	1.04781	55	6	19	41	25	158	#
446	1.093	31	4	11	159	#
447	1.093	25	41	46	159	#
448	1.093	26	47	159	#
449	1.093	25	17	47	159	#
450	1.093	26	17	41	46	159	#
451	0.959343	28	38	17	160	#
452	0.959343	28	38	18	27	160	#
453	0.959343	28	38	26	25	160	#
454	0.992382	61	41	#
455	0.654998	2	23	29	161	#
456	0.654998	2	23	24	28	161	#
457	0.654998	9	33	29	161	#
458	0.654998	9	33	24	28	161	#
459	0.654998	9	3	23	29	161	#
460	0.569767	0	37	#
461	0.985084	31	26	162	#
462	0.985084	31	25	17	162	#
463	1.06659	1	51	50	12	163	#
464	1.06659	0	21	51	50	12	163	#
465	1.06659	1	7	54	163	#
466	1.06659	0	21	7	54	163	#
467	1.06659	1	7	6	50	12	163	#
468	0.813586	39	10	#
469	0.223769	0	8	#
470	0.337113	1	7	164	#
471	0.337113	0	21	7	164	#
472	0.650223	33	29	165	#
473	0.650223	33	24	28	165	#
474	0.650223	3	23	29	165	#
475	0.650223	3	23	24	28	165	#
476	0.650223	9	2	23	29	165	#
477	0.610652	41	27	22	166	#
478	0.610652	41	17	18	22	166	#
479	1.07372	57	22	167	#
480	1.07372	9	30	12	167	#
481	1.07372	57	13	12	167	#
482	1.07372	2	3	30	12	167	#
483	0.539219	32	3	168	#
484	0.539219	32	9	2	168	#
485	0.704543	17	41	14	#
486	1.08437	5	63	9	169	#
487	1.08437	10	4	63	9	169	#
488	1.08437	5	48	3	169	#
489	1.08437	5	56	0	32	169	#
490	1.08437	5	63	2	3	169	#
491	0.117488	9	#
492	1.03062	21	44	41	27	170	#
493	1.03062	21	51	19	41	27	170	#
494	1.03062	21	44	41	17	18	170	#
495	1.03062	21	51	19	41	17	18	170	#
496	1.03062	21	51	50	13	170	#
497	0.135351	8	#
498	0.742643	56	0	#
499	1.03839	57	9	171	#
500	1.03839	13	30	171	#
501	1.03839	22	12	30	171	#
502	0.42528	7	1	172	#
503	0.42528	7	21	0	172	#
504	0.42528	55	8	0	172	#
505	0.42528	7	20	8	0	172	#
506	0.19034	25	#
507	0.675193	37	173	#
508	0.675193	32	33	173	#
509	0.675193	32	3	23	173	#
510	0.675193	32	9	2	23	173	#
511	0.60217	27	41	174	#
512	0.60217	18	17	41	174	#
513	0.178713	0	8	#
514	0.987378	20	44	41	17	175	#
515	0.987378	20	51	19	41	17	175	#
516	0.987378	55	6	19	41	17	175	#
517	0.987378	20	7	6	19	41	17	175	#
518	1.10819	1	44	41	25	176	#
519	1.10819	1	51	19	41	25	176	#
520	1.10819	0	21	44	41	25	176	#
521	1.10819	0	21	51	19	41	25	176	#
522	1.10819	1	44	41	17	26	176	#
523	0.773454	39	177	#
524	0.773454	61	14	177	#
525	0.561026	40	#
526	0.236737	24	#
527	1.12781	57	27	178	#
528	1.12781	57	18	17	178	#
529	1.12781	9	58	14	41	178	#
530	1.12781	9	30	36	178	#
531	1.12781	2	3	58	14	41	178	#
532	1.01043	9	57	179	#
533	1.01043	30	13	179	#
534	1.01043	30	12	22	179	#
535	1.06255	45	180	#
536	1.06255	48	23	180	#
537	1.06255	63	2	23	180	#
538	1.06255	63	9	33	180	#
539	1.06255	63	9	3	23	180	#
540	0.901167	43	181	#
541	0.901167	52	7	181	#
542	0.901167	52	51	6	181	#
543	0.901167	24	33	40	181	#
544	1.08523	42	28	182	#
545	1.08523	11	53	182	#
546	0.180164	1	183	#
547	0.180164	0	21	183	#
548	1.02284	1	44	41	17	184	#
549	1.02284	1	51	19	41	17	184	#
550	1.02284	0	21	44	41	17	184	#
551	1.02284	0	21	51	19	41	17	184	#
552	1.02284	1	7	6	19	41	17	184	#
553	0.394109	1	51	185	#
554	0.394109	0	21	51	185	#
555	0.707275	37	186	#
556	0.707275	33	32	186	#
557	0.707275	23	3	32	186	#
558	0.707275	23	2	9	32	186	#
559	0.435388	1	51	187	#
560	0.435388	0	21	51	187	#
561	0.435388	1	7	6	187	#
562	0.435388	0	21	7	6	187	#
563	0.435388	0	8	20	51	187	#
564	1.17829	53	188	#
565	1.17829	28	42	11	188	#
566	0.894881	5	63	#
567	0.974065	21	44	41	17	189	#
568	0.974065	21	51	19	41	17	189	#
569	0.947666	41	44	21	190	#
570	0.947666	41	19	51	21	190	#
571	0.947666	41	19	6	7	21	190	#
572	0.947666	41	44	20	8	190	#
573	0.947666	41	19	51	20	8	190	#
574	0.295957	51	20	#
575	1.35439	11	42	191	#
576	1.35439	53	28	191	#
577	1.35439	10	16	42	191	#
578	1.35439	4	45	29	191	#
579	1.35439	4	45	24	28	191	#
580	1.06659	12	50	51	1	192	#
581	1.06659	12	50	51	21	0	192	#
582	1.06659	54	7	1	192	#
583	1.06659	54	7	21	0	192	#
584	1.06659	12	50	6	7	1	192	#
585	1.15438	34	193	#
586	1.15438	49	12	193	#
587	1.15438	35	22	193	#
588	1.15438	10	59	22	193	#
589	1.15438	16	62	193	#
590	1.08837	9	30	194	#
591	1.08837	57	13	194	#
592	1.08837	2	3	30	194	#
593	1.08837	57	22	12	194	#
594	0.718507	38	#
595	1.26041	42	195	#
596	1.26041	28	53	11	195	#
597	0.127301	11	#
598	1.06009	31	26	196	#
599	1.06009	31	25	17	196	#
600	0.576452	2	23	24	197	#
601	0.576452	9	33	24	197	#
602	0.576452	9	3	23	24	197	#
603	0.978641	4	48	198	#
604	0.978641	4	63	2	198	#
605	0.295862	2	23	#
606	1.10577	18	57	199	#
607	1.10577	17	27	57	199	#
608	1.10577	17	41	14	58	9	199	#
609	1.10577	38	29	23	2	199	#
610	1.10577	38	28	24	23	2	199	#
611	0.26867	24	#
612	0.0991233	10	#
613	0.591834	21	51	15	200	#
614	0.591834	21	7	6	15	200	#
615	0.591834	8	20	51	15	200	#
616	0.591834	0	1	51	15	200	#
617	1.1343	47	201	#
618	1.1343	17	41	46	201	#
619	1.1343	17	41	61	11	201	#
620	1.1343	18	27	41	46	201	#
621	0.293664	6	15	#
622	1.15844	41	46	202	#
623	1.15844	17	47	202	#
624	1.15844	41	61	11	202	#
625	1.15844	27	18	47	202	#
626	1.15844	25	31	4	11	202	#
627	1.08437	5	63	9	203	#
628	1.08437	10	4	63	9	203	#
629	1.08437	5	48	3	203	#
630	1.08437	5	56	0	32	203	#
631	1.08437	5	63	2	3	203	#
632	0.125216	22	#
633	1.00289	12	50	51	20	204	#
634	1.00289	54	55	204	#
635	1.00289	54	7	20	204	#
636	1.00289	12	50	6	55	204	#
637	1.00289	12	50	6	7	20	204	#
638	0.764697	41	19	6	#
639	0.947666	21	44	41	205	#
640	0.947666	21	51	19	41	205	#
641	0.947666	21	7	6	19	41	205	#
642	0.947666	8	20	44	41	205	#
643	0.947666	8	20	51	19	41	205	#
644	0.316064	19	#
645	0.185	0	8	#
646	0.344172	21	7	#
647	1.15377	28	38	26	206	#
648	1.15377	28	38	17	25	206	#
649	1.15377	28	38	18	27	25	206	#
650	0.917778	30	12	#
651	1.30457	42	11	207	#
652	1.30457	28	53	207	#
653	1.30457	42	16	10	207	#
654	1.06659	1	51	50	12	208	#
655	1.06659	0	21	51	50	12	208	#
656	1.06659	1	7	54	208	#
657	1.06659	0	21	7	54	208	#
658	1.06659	1	7	6	50	12	208	#
659	0.957994	63	9	209	#
660	0.957994	48	3	209	#
661	0.957994	56	0	32	209	#
662	0.957994	63	2	3	209	#
663	0.119932	2	#
664	0.30347	27	22	210	#
665	0.30347	17	18	22	210	#
666	0.742641	21	60	#
667	1.24215	11	42	211	#
668	1.24215	53	28	211	#
669	1.24215	10	16	42	211	#
670	0.973778	25	41	44	212	#
671	0.973778	25	41	19	51	212	#
672	0.973778	26	17	41	44	212	#
673	0.973778	26	17	41	19	51	212	#
674	0.973778	25	41	19	6	7	212	#
675	1.19497	49	213	#
676	1.19497	12	34	213	#
677	1.19497	13	35	213	#
678	1.19497	13	59	10	213	#
679	1.19497	12	22	35	213	#
680	0.0682999	0	#
681	1.12255	57	27	214	#
682	1.12255	57	18	17	214	#
683	1.12255	9	58	14	41	214	#
684	1.12255	9	30	36	214	#
685	1.07997	2	57	215	#
686	1.07997	3	9	57	215	#
687	1.07997	3	30	13	215	#
688	1.07997	3	30	12	22	215	#
689	1.07997	23	29	38	18	215	#
690	0.306019	15	6	#
691	0.102269	10	#
692	1.08437	9	63	5	216	#
693	1.08437	9	63	4	10	216	#
694	1.08437	3	48	5	216	#
695	1.08437	32	0	56	5	216	#
696	1.08437	3	2	63	5	216	#
697	0.98867	63	217	#
698	0.98867	48	2	217	#
699	0.98867	48	3	9	217	#
700	0.231839	16	218	#
701	0.231839	11	10	218	#
702	1.04421	20	51	50	219	#
703	1.04421	55	6	50	219	#
704	1.04421	20	7	6	50	219	#
705	1.04421	8	21	51	50	219	#
706	1.04421	55	54	12	219	#
707	0.966793	48	4	220	#
708	0.966793	2	63	4	220	#
709	0.888882	45	#
710	1.06255	45	221	#
711	1.06255	23	48	221	#
712	1.06255	23	2	63	221	#
713	1.06255	33	9	63	221	#
714	1.06255	23	3	9	63	221	#
715	1.10802	38	29	23	222	#
716	1.10802	38	28	24	23	222	#
717	1.10802	18	57	2	222	#
718	1.10802	17	41	14	58	3	222	#
719	0.126979	11	#
720	0.605635	21	44	223	#
721	0.605635	21	51	19	223	#
722	0.605635	21	7	6	19	223	#
723	0.605635	8	20	44	223	#
724	0.605635	8	20	51	19	223	#
725	0.224085	8	0	#
726	0.613124	3	40	#
727	0.104623	12	#
728	1.25468	10	53	224	#
729	1.25468	16	42	28	224	#
730	1.25468	10	11	42	28	224	#
731	1.25468	5	45	24	224	#
732	1.25468	16	11	53	224	#
733	0.267619	19	#
734	1.0444	18	47	225	#
735	1.0444	27	41	46	225	#
736	1.0444	18	17	41	46	225	#
737	0.232806	26	226	#
738	0.232806	25	17	226	#
739	0.154175	11	#
740	0.0539145	0	#
741	0.42197	51	1	227	#
742	0.42197	51	21	0	227	#
743	0.42197	6	7	1	227	#
744	0.42197	6	7	21	0	227	#
745	0.413911	32	0	#
746	1.06478	61	41	17	228	#
747	1.06478	11	47	228	#
748	1.06478	11	46	41	17	228	#
749	1.06478	4	31	26	228	#
750	1.06478	59	18	228	#
751	0.622562	61	#
752	0.975931	59	#
753	0.312409	11	4	#
754	0.324789	19	6	#
755	0.905354	30	#
756	0.947356	1	44	41	229	#
757	0.947356	1	51	19	41	229	#
758	0.947356	0	21	44	41	229	#
759	0.947356	0	21	51	19	41	229	#
760	0.856413	8	56	5	#
761	0.6196	41	27	22	230	#
762	0.6196	41	17	18	22	230	#
763	1.10819	25	41	44	1	231	#
764	1.10819	25	41	19	51	1	231	#
765	1.10819	25	41	44	21	0	231	#
766	1.10819	25	41	19	51	21	0	231	#
767	1.10819	26	17	41	44	1	231	#
768	0.245069	22	27	232	#
769	0.245069	22	18	17	232	#
770	0.947761	2	57	#
771	1.19497	49	233	#
772	1.19497	34	12	233	#
773	1.19497	35	13	233	#
774	1.19497	10	59	13	233	#
775	1.19497	35	22	12	233	#
776	1.11262	10	61	41	17	234	#
777	1.11262	16	47	234	#
778	1.11262	10	11	47	234	#
779	1.11262	5	31	26	234	#
780	1.11262	16	46	41	17	234	#
781	1.2815	53	235	#
782	1.2815	11	42	28	235	#
783	1.2815	4	45	24	235	#
784	1.2815	4	48	23	24	235	#
785	1.2815	10	16	42	28	235	#
786	0.664892	46	#
787	0.116159	6	#
788	1.00945	18	57	#
789	0.831034	60	236	#
790	0.831034	52	28	236	#
791	0.901484	6	19	41	25	237	#
792	0.901484	6	19	41	17	26	237	#
793	0.197482	14	#
794	1.0632	26	38	29	238	#
795	1.0632	26	38	28	24	238	#
796	1.0632	25	17	38	29	238	#
797	1.0632	25	17	38	28	24	238	#
798	0.292253	51	239	#
799	0.292253	6	7	239	#
800	0.835471	17	38	28	#
801	0.490727	58	#
802	0.950209	18	38	29	240	#
803	0.950209	18	38	28	24	240	#
804	0.780089	37	24	241	#
805	0.780089	1	52	241	#
806	0.780089	0	21	52	241	#
807	0.780089	32	33	24	241	#
808	0.780089	32	3	23	24	241	#
809	0.428996	6	19	#
810	0.211777	5	#
811	1.20608	45	24	242	#
812	1.20608	4	53	242	#
813	1.20608	48	23	24	242	#
814	1.20608	63	2	23	24	242	#
815	1.20608	5	10	53	242	#
816	1.07196	41	14	58	243	#
817	1.07196	36	30	243	#
818	1.07196	27	57	9	243	#
819	1.07196	27	13	30	243	#
820	1.07196	17	18	57	9	243	#
821	0.213039	14	#
822	0.806726	43	244	#
823	0.806726	7	52	244	#
824	0.770771	14	46	245	#
825	0.770771	39	11	245	#
826	0.310179	36	246	#
827	0.310179	13	27	246	#
828	0.310179	13	18	17	246	#
829	0.310179	12	22	27	246	#
830	0.310179	12	22	18	17	246	#
831	0.225359	16	247	#
832	0.225359	10	11	247	#
833	0.116314	11	#
834	0.0998503	6	#
835	0.729398	27	41	14	248	#
836	0.729398	18	17	41	14	248	#
837	1.07942	25	41	44	21	249	#
838	1.07942	25	41	19	51	21	249	#
839	1.07942	26	17	41	44	21	249	#
840	1.07942	26	17	41	19	51	21	249	#
841	1.07942	25	41	19	6	7	21	249	#
842	1.24336	42	11	4	250	#
843	1.24336	29	45	250	#
844	1.24336	28	24	45	250	#
845	1.24336	42	16	5	250	#
846	1.24336	42	11	10	5	250	#
847	1.16461	12	62	251	#
848	1.16461	36	41	46	251	#
849	1.16461	13	18	47	251	#
850	1.16461	12	22	18	47	251	#
851	1.16461	13	27	41	46	251	#
852	0.703898	52	21	#
853	0.318489	19	#
854	0.21685	25	252	#
855	0.21685	26	17	252	#
856	0.688273	52	#
857	0.757239	43	253	#
858	0.757239	7	52	253	#
859	0.765667	46	254	#
860	0.765667	11	61	254	#
861	0.973778	25	41	44	255	#
862	0.973778	25	41	19	51	255	#
863	0.973778	26	17	41	44	255	#
864	0.973778	26	17	41	19	51	255	#
865	0.973778	25	41	19	6	7	255	#
866	1.2815	53	256	#
867	1.2815	28	42	11	256	#
868	1.2815	24	45	4	256	#
869	1.2815	24	23	48	4	256	#
870	1.2815	28	42	16	10	256	#
871	0.877019	61	10	257	#
872	0.877019	46	16	257	#
873	0.877019	46	11	10	257	#
874	0.877019	61	11	16	257	#
875	0.877019	14	39	10	257	#
876	0.0735889	10	#
877	0.871447	21	60	258	#
878	0.871447	8	20	60	258	#
879	0.871447	0	1	60	258	#
880	0.871447	21	52	28	258	#
881	0.871447	0	37	29	258	#
882	0.416107	26	18	22	259	#
883	0.416107	25	27	22	259	#
884	0.416107	25	17	18	22	259	#
885	0.654998	2	23	29	260	#
886	0.654998	2	23	24	28	260	#
887	0.654998	9	33	29	260	#
888	0.654998	9	33	24	28	260	#
889	0.654998	9	3	23	29	260	#
890	0.774149	21	52	261	#
891	0.774149	0	37	24	261	#
892	0.774149	8	20	52	261	#
893	0.774149	0	1	52	261	#
894	1.04383	27	41	44	1	262	#
895	1.04383	27	41	19	51	1	262	#
896	1.04383	27	41	44	21	0	262	#
897	0.818044	60	21	263	#
898	0.818044	60	20	8	263	#
899	0.818044	60	1	0	263	#
900	0.818044	28	52	21	263	#
901	0.271061	36	#
902	0.642106	43	#
903	0.763018	38	#
904	1.30209	42	264	#
905	1.30209	11	53	28	264	#
906	0.797211	54	265	#
907	0.797211	12	50	6	265	#
908	1.10244	25	31	266	#
909	1.10244	17	26	31	266	#
910	1.10244	41	61	4	266	#
911	0.24819	33	#
912	0.303864	33	267	#
913	0.303864	3	23	267	#
914	0.22519	19	#
915	1.12239	28	42	268	#
916	1.12239	53	11	268	#
917	1.06982	30	#
918	0.850328	39	10	269	#
919	0.850328	14	61	10	269	#
920	0.18775	5	#
921	0.887255	5	56	8	270	#
922	0.887255	10	4	56	8	270	#
923	0.46983	15	51	20	#
924	1.02045	42	#
925	0.983585	17	41	44	271	#
926	0.983585	17	41	19	51	271	#
927	0.983585	17	41	19	6	7	271	#
928	0.983585	17	41	14	15	51	271	#
929	0.983585	18	27	41	44	271	#
930	0.967884	41	44	20	272	#
931	0.967884	41	19	51	20	272	#
932	0.967884	41	19	6	55	272	#
933	0.967884	41	19	6	7	20	272	#
934	0.967884	41	44	21	8	272	#
935	1.09999	28	38	26	273	#
936	1.09999	28	38	17	25	273	#
937	1.09999	28	38	18	27	25	273	#
938	0.197859	27	274	#
939	0.197859	17	18	274	#
940	1.01386	50	51	1	275	#
941	1.01386	50	51	21	0	275	#
942	1.01386	50	6	7	1	275	#
943	1.01386	50	6	7	21	0	275	#
944	1.01386	50	51	20	8	0	275	#
945	0.841296	54	276	#
946	0.841296	12	50	6	276	#
947	0.989766	18	57	#
948	0.816084	8	56	277	#
949	0.816084	20	21	56	277	#
950	0.293429	55	278	#
951	0.293429	7	20	278	#
952	1.01565	25	41	19	6	279	#
953	1.01565	26	17	41	19	6	279	#
954	1.01565	25	41	14	15	6	279	#
955	1.01565	26	17	41	14	15	6	279	#
956	1.11856	4	45	280	#
957	1.11856	4	48	23	280	#
958	1.11856	4	63	2	23	280	#
959	1.11856	10	5	45	280	#
960	0.731944	50	12	#
961	0.272408	24	#
962	0.902972	20	51	50	#
963	0.173176	5	#
964	0.611717	15	51	1	281	#
965	0.611717	15	51	21	0	281	#
966	0.611717	15	6	7	1	281	#
967	0.611717	15	6	7	21	0	281	#
968	0.611717	15	51	20	8	0	281	#
969	0.413087	0	32	#
970	0.259801	33	282	#
971	0.259801	23	3	282	#
972	0.840211	17	41	19	283	#
973	0.840211	17	41	14	15	283	#
974	0.840211	18	27	41	19	283	#
975	0.840211	18	13	50	283	#
976	0.840211	18	22	12	50	283	#
977	1.08254	31	25	284	#
978	1.08254	31	26	17	284	#
979	1.08254	4	61	41	284	#
980	0.122481	20	#
981	0.255765	18	13	#
982	0.249793	16	285	#
983	0.249793	10	11	285	#
984	0.451973	26	18	22	286	#
985	0.451973	25	27	22	286	#
986	0.451973	25	17	18	22	286	#
987	0.451973	26	17	27	22	286	#
988	0.451973	25	36	12	286	#
989	0.0566637	17	#
990	0.221271	7	#
991	0.996108	17	41	44	21	287	#
992	0.996108	17	41	19	51	21	287	#
993	0.996108	17	41	19	6	7	21	287	#
994	0.996108	17	41	44	20	8	287	#
995	0.996108	17	41	19	51	20	8	287	#
996	1.03722	48	5	288	#
997	1.03722	2	63	5	288	#
998	1.03722	48	4	10	288	#
999	1.03722	2	63	4	10	288	#
