%% File generated by CATS v.2.1Wed Jun 22 10:37:36 2022

%% The CATS webpage is http://robotics.stanford.edu/CATS

%% PARAMETER SETTINGS:
% Goods: 64; Bids: 1000; Distribution: paths; Runs: 1; Seed: 1656572758
% Paths Distribution Parameters:
% Initial connections:       = 2
% Edge density:              = 3.000000
% Shipping cost factor:      = 1.500000
% Max bid set size:          = 5
% Building penalty:          = 1.700000



goods 64
bids 1004
dummy 435

0	0.215727	23	#
1	0.159977	8	#
2	0.465896	10	42	#
3	0.91068	42	62	#
4	0.275161	59	64	#
5	0.275161	4	20	64	#
6	0.887543	16	48	65	#
7	0.887543	8	49	65	#
8	0.887543	8	16	47	65	#
9	0.860633	14	22	41	66	#
10	0.860633	13	38	41	66	#
11	0.860633	13	19	22	41	66	#
12	0.797212	3	15	42	67	#
13	0.797212	12	15	58	67	#
14	0.797212	2	12	15	42	67	#
15	0.797212	3	10	11	42	67	#
16	0.797212	2	3	15	58	67	#
17	1.15967	21	53	68	#
18	1.15967	18	20	53	68	#
19	1.15967	20	34	49	68	#
20	1.15967	16	20	34	47	68	#
21	1.15967	5	53	59	68	#
22	0.136339	4	#
23	1.1559	50	62	69	#
24	1.1559	4	43	62	69	#
25	1.1559	31	59	69	#
26	1.1559	4	20	31	69	#
27	1.1559	5	18	43	62	69	#
28	0.531041	15	42	#
29	1.14927	5	32	#
30	0.465556	1	27	70	#
31	0.465556	17	26	70	#
32	0.465556	1	16	26	70	#
33	0.465556	16	17	27	70	#
34	0.507544	50	71	#
35	0.507544	4	43	71	#
36	0.623178	13	35	72	#
37	0.623178	14	19	35	72	#
38	0.780207	0	15	44	#
39	0.601686	8	28	#
40	0.252186	34	#
41	0.989642	43	62	#
42	0.562992	44	#
43	0.629791	37	73	#
44	0.629791	3	18	60	73	#
45	0.629791	12	18	30	73	#
46	0.629791	2	12	18	60	73	#
47	0.5573	13	41	#
48	0.456241	30	74	#
49	0.456241	2	60	74	#
50	0.860379	19	56	75	#
51	0.860379	14	61	75	#
52	0.860379	14	25	41	75	#
53	0.860379	13	19	61	75	#
54	0.860379	13	19	25	41	75	#
55	1.09143	5	53	76	#
56	1.09143	4	18	53	76	#
57	1.09143	4	34	49	76	#
58	1.09143	5	8	40	76	#
59	1.09143	4	16	34	47	76	#
60	0.319789	59	77	#
61	0.319789	4	20	77	#
62	0.711808	34	46	78	#
63	0.711808	27	34	57	78	#
64	0.711808	16	26	34	57	78	#
65	0.711808	18	24	60	78	#
66	0.711808	23	37	78	#
67	0.218963	11	#
68	0.125151	19	#
69	1.11759	58	62	79	#
70	1.11759	2	42	62	79	#
71	1.11759	2	35	56	79	#
72	1.11759	2	13	35	61	79	#
73	1.11759	3	12	42	62	79	#
74	0.0907891	2	#
75	0.517467	39	80	#
76	0.517467	10	43	80	#
77	0.517467	18	45	80	#
78	0.0990184	18	#
79	0.471671	45	#
80	0.465302	0	1	10	81	#
81	0.465302	0	10	16	17	81	#
82	0.472208	9	28	#
83	0.761446	63	#
84	0.969539	47	82	#
85	0.969539	16	49	82	#
86	0.969539	8	48	82	#
87	0.252085	26	83	#
88	0.252085	16	27	83	#
89	0.0157589	16	#
90	1.15736	8	23	36	84	#
91	1.15736	13	24	35	41	84	#
92	1.15736	3	13	23	35	41	84	#
93	1.15736	16	46	48	84	#
94	1.15736	2	13	33	35	41	84	#
95	0.251996	59	#
96	0.649993	13	29	85	#
97	0.649993	14	19	29	85	#
98	0.174299	14	#
99	0.403541	0	15	#
100	0.995483	6	7	30	#
101	0.33919	15	#
102	0.966266	20	63	86	#
103	0.966266	20	34	54	86	#
104	0.966266	16	20	34	52	86	#
105	0.966266	13	16	20	34	55	86	#
106	0.630254	18	60	87	#
107	0.630254	4	5	60	87	#
108	0.630254	42	43	87	#
109	0.630254	2	18	30	87	#
110	0.765625	7	30	88	#
111	0.765625	2	7	60	88	#
112	0.182461	1	89	#
113	0.182461	16	17	89	#
114	0.592277	5	30	90	#
115	0.592277	2	5	60	90	#
116	0.700387	10	24	42	#
117	0.835742	15	24	42	91	#
118	0.835742	0	1	15	46	91	#
119	0.835742	0	15	16	17	46	91	#
120	0.835742	3	15	23	42	91	#
121	0.630627	14	41	92	#
122	0.630627	13	19	41	92	#
123	1.04369	18	53	93	#
124	1.04369	34	49	93	#
125	1.04369	16	34	47	93	#
126	1.04369	4	5	53	93	#
127	1.04369	8	18	40	93	#
128	0.41799	20	34	#
129	0.370638	38	94	#
130	0.370638	19	22	94	#
131	0.620038	14	41	95	#
132	0.620038	13	19	41	95	#
133	0.452546	20	34	#
134	0.346715	35	#
135	0.441121	6	22	#
136	0.960211	58	62	#
137	1.01448	5	53	96	#
138	1.01448	4	18	53	96	#
139	0.344713	59	97	#
140	0.344713	4	20	97	#
141	0.621526	10	50	98	#
142	0.621526	5	45	98	#
143	0.621526	4	39	98	#
144	0.621526	4	10	43	98	#
145	0.621526	4	18	45	98	#
146	1.06852	21	53	99	#
147	1.06852	18	20	53	99	#
148	0.550784	3	60	100	#
149	0.550784	12	30	100	#
150	0.550784	2	12	60	100	#
151	0.731024	19	56	#
152	0.751995	10	51	#
153	0.893503	13	35	60	101	#
154	0.893503	63	18	101	#
155	0.893503	54	34	18	101	#
156	0.893503	52	16	34	18	101	#
157	0.893503	13	55	16	34	18	101	#
158	0.556095	15	0	1	102	#
159	0.556095	15	0	17	16	102	#
160	0.497787	13	35	#
161	0.623048	45	103	#
162	0.623048	18	39	103	#
163	0.623048	18	43	10	103	#
164	0.67886	3	42	15	#
165	1.04263	29	13	35	3	104	#
166	1.04263	29	13	35	2	12	104	#
167	1.04263	29	14	19	35	3	104	#
168	1.04263	28	36	104	#
169	0.846304	51	11	#
170	0.451081	20	34	16	#
171	0.812512	24	35	13	105	#
172	0.812512	23	3	35	13	105	#
173	0.812512	33	2	35	13	105	#
174	0.812512	23	12	2	35	13	105	#
175	0.812512	24	35	19	14	105	#
176	1.14401	62	0	17	106	#
177	1.14401	62	0	1	16	106	#
178	1.14401	25	48	106	#
179	1.14401	56	55	106	#
180	1.14401	25	8	47	106	#
181	0.58384	10	58	107	#
182	0.58384	10	42	2	107	#
183	1.04474	20	34	16	55	19	108	#
184	1.04474	21	60	35	19	108	#
185	1.04474	20	18	60	35	19	108	#
186	1.04474	20	63	14	108	#
187	0.737407	21	60	109	#
188	0.737407	20	18	60	109	#
189	0.737407	59	5	60	109	#
190	0.7706	51	#
191	0.843374	53	#
192	1.04369	53	18	110	#
193	1.04369	49	34	110	#
194	1.04369	47	16	34	110	#
195	1.04369	53	5	4	110	#
196	1.04369	8	40	18	110	#
197	0.458029	58	111	#
198	0.458029	42	2	111	#
199	0.414878	28	#
200	0.943773	62	0	17	112	#
201	0.943773	62	0	1	16	112	#
202	0.445461	6	22	#
203	0.673574	3	60	5	113	#
204	0.673574	37	4	113	#
205	0.673574	12	30	5	113	#
206	0.673574	12	2	60	5	113	#
207	0.286301	25	#
208	1.02364	20	34	16	55	114	#
209	1.02364	21	60	35	114	#
210	1.02364	20	18	60	35	114	#
211	1.02364	21	18	34	16	55	114	#
212	1.02364	20	63	13	114	#
213	0.60747	60	5	115	#
214	0.60747	60	18	4	115	#
215	1.1559	62	50	116	#
216	1.1559	62	43	4	116	#
217	1.1559	31	59	116	#
218	1.1559	31	20	4	116	#
219	1.1559	62	43	18	5	116	#
220	1.04549	53	117	#
221	1.04549	40	8	117	#
222	1.11615	62	42	3	118	#
223	1.11615	62	58	12	118	#
224	1.11615	56	35	3	118	#
225	1.11615	62	42	2	12	118	#
226	0.686235	60	24	119	#
227	0.686235	18	34	46	119	#
228	0.686235	60	3	23	119	#
229	1.06639	32	#
230	0.743272	3	35	13	120	#
231	0.743272	12	2	35	13	120	#
232	0.743272	3	35	19	14	120	#
233	0.743272	12	2	35	19	14	120	#
234	1.08777	19	55	16	34	20	121	#
235	1.08777	19	35	60	21	121	#
236	1.08777	19	35	60	18	20	121	#
237	1.08777	14	63	20	121	#
238	1.08777	19	55	16	34	18	21	121	#
239	0.81356	58	7	122	#
240	0.81356	42	2	7	122	#
241	0.81356	42	3	12	7	122	#
242	0.215634	11	#
243	0.70946	10	42	24	#
244	0.572202	30	18	123	#
245	0.572202	2	60	18	123	#
246	0.466511	6	38	124	#
247	0.466511	6	22	19	124	#
248	0.16763	20	#
249	0.380212	15	0	#
250	0.216753	10	#
251	0.447976	29	#
252	0.797212	3	42	15	125	#
253	0.797212	12	58	15	125	#
254	0.797212	12	2	42	15	125	#
255	0.797212	3	42	10	11	125	#
256	0.797212	3	2	58	15	125	#
257	1.15606	9	36	23	#
258	0.173108	17	126	#
259	0.173108	16	1	126	#
260	0.711808	34	46	127	#
261	0.711808	34	27	57	127	#
262	0.711808	34	16	26	57	127	#
263	0.711808	18	60	24	127	#
264	0.711808	37	23	127	#
265	0.494173	25	8	#
266	0.591421	46	1	128	#
267	0.591421	46	16	17	128	#
268	0.591421	57	27	1	128	#
269	0.591421	57	26	17	128	#
270	0.591421	57	26	16	1	128	#
271	0.435707	38	129	#
272	0.435707	22	19	129	#
273	0.996329	51	11	130	#
274	0.996329	51	10	15	130	#
275	0.200623	17	131	#
276	0.200623	16	1	131	#
277	0.628265	10	0	1	27	132	#
278	0.628265	10	0	17	26	132	#
279	0.628265	10	0	1	16	26	132	#
280	0.628265	10	0	17	16	27	132	#
281	0.644838	3	60	5	#
282	0.673776	6	51	#
283	1.10761	50	62	133	#
284	1.10761	4	43	62	133	#
285	1.10761	59	31	133	#
286	0.582108	60	18	#
287	0.3012	15	#
288	0.63341	30	134	#
289	0.63341	2	60	134	#
290	0.63341	12	3	60	134	#
291	0.225396	10	#
292	0.32633	42	#
293	0.203608	9	#
294	0.476656	42	10	#
295	1.08451	26	47	135	#
296	1.08451	27	49	135	#
297	1.08451	27	16	47	135	#
298	1.08451	26	16	49	135	#
299	1.08451	26	48	8	135	#
300	0.447226	60	#
301	0.703904	20	37	#
302	1.12677	29	13	35	24	136	#
303	1.12677	29	13	35	3	23	136	#
304	1.12677	29	13	35	2	33	136	#
305	1.12677	29	13	35	2	12	23	136	#
306	1.12677	29	14	19	35	24	136	#
307	0.83357	56	19	137	#
308	0.83357	61	14	137	#
309	0.83357	25	41	14	137	#
310	0.83357	61	13	19	137	#
311	0.451428	28	9	#
312	0.758574	21	60	138	#
313	0.758574	20	18	60	138	#
314	0.758574	59	5	60	138	#
315	0.758574	20	4	5	60	138	#
316	0.88982	53	#
317	0.741508	24	35	13	#
318	0.608229	37	139	#
319	0.608229	3	60	18	139	#
320	0.657313	3	60	5	140	#
321	0.657313	37	4	140	#
322	0.770847	61	141	#
323	0.770847	25	41	141	#
324	0.770847	56	13	141	#
325	0.929941	29	13	35	142	#
326	0.929941	29	14	19	35	142	#
327	0.195058	27	143	#
328	0.195058	16	26	143	#
329	0.211993	23	#
330	1.08568	7	30	21	144	#
331	1.08568	7	2	60	21	144	#
332	1.08568	7	30	18	20	144	#
333	1.08568	7	2	60	18	20	144	#
334	1.08568	7	12	37	20	144	#
335	0.900334	1	49	145	#
336	0.900334	17	47	145	#
337	0.900334	1	16	47	145	#
338	0.900334	17	16	49	145	#
339	0.0174901	16	#
340	0.946335	26	55	38	146	#
341	0.946335	26	55	19	22	146	#
342	0.946335	27	16	55	38	146	#
343	0.946335	27	16	55	19	22	146	#
344	1.07343	5	40	147	#
345	1.07343	4	18	40	147	#
346	1.07343	5	53	8	147	#
347	0.181924	14	#
348	0.360876	0	15	#
349	1.17886	6	38	56	148	#
350	1.17886	6	22	19	56	148	#
351	1.17886	6	22	14	61	148	#
352	1.17886	6	22	14	41	25	148	#
353	1.17886	6	38	13	61	148	#
354	0.548534	6	22	14	#
355	0.19244	14	#
356	1.24499	31	149	#
357	1.24499	20	43	62	149	#
358	1.24499	20	34	1	0	62	149	#
359	1.24499	59	50	62	149	#
360	1.24499	20	34	16	17	0	62	149	#
361	0.890257	20	34	16	55	#
362	0.45193	14	22	150	#
363	0.45193	13	38	150	#
364	0.45193	13	19	22	150	#
365	0.796051	29	13	35	#
366	0.661668	35	24	151	#
367	0.661668	35	3	23	151	#
368	0.832154	36	#
369	0.54381	16	55	#
370	0.860046	20	34	46	152	#
371	0.860046	20	34	27	57	152	#
372	0.860046	20	34	16	26	57	152	#
373	0.860046	21	60	24	152	#
374	0.860046	20	18	60	24	152	#
375	1.07928	23	36	8	153	#
376	1.07928	24	35	13	41	153	#
377	0.328888	29	#
378	1.15967	21	53	154	#
379	1.15967	20	18	53	154	#
380	1.15967	20	34	49	154	#
381	1.15967	20	34	16	47	154	#
382	1.15967	59	5	53	154	#
383	1.20502	24	42	62	155	#
384	1.20502	46	1	0	62	155	#
385	1.20502	46	16	17	0	62	155	#
386	1.20502	23	3	42	62	155	#
387	1.20502	24	35	56	155	#
388	0.205051	20	#
389	0.923352	16	48	156	#
390	0.923352	49	8	156	#
391	0.923352	16	47	8	156	#
392	0.923352	1	0	15	44	156	#
393	0.923352	54	41	156	#
394	0.336975	27	1	157	#
395	0.336975	26	17	157	#
396	0.336975	26	16	1	157	#
397	0.336975	27	16	17	157	#
398	0.430873	46	16	#
399	1.18902	53	158	#
400	1.18902	8	40	158	#
401	1.18902	49	34	18	158	#
402	1.18902	47	16	34	18	158	#
403	1.11759	58	62	159	#
404	1.11759	2	42	62	159	#
405	1.11759	2	35	56	159	#
406	1.11759	2	35	13	61	159	#
407	1.11759	12	3	42	62	159	#
408	1.08369	36	160	#
409	1.08369	8	41	13	35	3	160	#
410	0.987737	53	161	#
411	0.987737	40	8	161	#
412	0.256823	17	0	162	#
413	0.256823	16	1	0	162	#
414	0.744225	22	14	29	#
415	0.157505	13	#
416	0.567412	58	10	163	#
417	0.567412	2	42	10	163	#
418	0.943006	12	36	164	#
419	0.943006	2	3	36	164	#
420	1.02699	29	52	165	#
421	1.02699	29	13	55	165	#
422	1.02699	29	54	16	165	#
423	1.02699	29	14	19	55	165	#
424	1.02699	28	47	165	#
425	0.394039	17	0	10	166	#
426	0.394039	16	1	0	10	166	#
427	0.435495	7	#
428	0.701765	34	16	55	#
429	0.515861	28	8	#
430	0.654758	55	26	167	#
431	0.654758	55	16	27	167	#
432	0.76433	47	168	#
433	0.76433	16	49	168	#
434	0.373903	58	169	#
435	0.373903	2	42	169	#
436	0.49582	13	41	#
437	0.500485	8	28	#
438	0.582134	1	0	15	170	#
439	0.582134	16	17	0	15	170	#
440	0.747174	58	15	171	#
441	0.747174	2	42	15	171	#
442	0.747174	58	10	11	171	#
443	0.747174	2	42	10	11	171	#
444	0.747174	12	3	42	15	171	#
445	1.23185	32	5	172	#
446	1.23185	29	63	4	172	#
447	1.23185	32	18	4	172	#
448	1.23185	28	53	5	172	#
449	1.23185	29	54	34	4	172	#
450	0.837909	7	30	18	173	#
451	0.837909	7	2	60	18	173	#
452	1.04507	48	26	174	#
453	1.04507	48	16	27	174	#
454	1.04507	8	47	26	174	#
455	1.04507	8	49	27	174	#
456	1.04507	8	47	16	27	174	#
457	1.1108	27	1	0	62	175	#
458	1.1108	26	17	0	62	175	#
459	1.1108	26	16	1	0	62	175	#
460	1.1108	27	16	17	0	62	175	#
461	0.318247	10	0	#
462	1.02995	62	42	176	#
463	1.02995	56	35	176	#
464	0.57833	19	55	16	#
465	0.540584	46	1	177	#
466	0.540584	46	16	17	177	#
467	0.795483	27	1	0	10	178	#
468	0.795483	26	17	0	10	178	#
469	0.795483	26	16	1	0	10	178	#
470	0.795483	27	16	17	0	10	178	#
471	0.24421	21	179	#
472	0.24421	18	20	179	#
473	0.0159129	16	#
474	1.11869	62	43	180	#
475	1.11869	31	20	180	#
476	1.11869	62	0	1	34	180	#
477	1.11869	62	0	17	16	34	180	#
478	1.11869	62	50	4	180	#
479	1.17886	6	38	56	181	#
480	1.17886	6	22	19	56	181	#
481	1.17886	6	22	14	61	181	#
482	1.17886	6	22	14	41	25	181	#
483	1.17886	6	38	13	61	181	#
484	1.08451	26	47	182	#
485	1.08451	27	49	182	#
486	1.08451	27	16	47	182	#
487	1.08451	26	16	49	182	#
488	1.08451	26	48	8	182	#
489	0.812512	13	35	24	183	#
490	0.812512	13	35	3	23	183	#
491	0.812512	13	35	2	33	183	#
492	0.812512	13	35	2	12	23	183	#
493	0.812512	14	19	35	24	183	#
494	0.400218	35	#
495	1.13406	32	184	#
496	1.13406	28	53	184	#
497	1.13406	29	13	35	60	184	#
498	0.471943	17	0	15	#
499	0.497397	14	29	#
500	0.666313	54	185	#
501	0.666313	52	16	185	#
502	0.666313	13	55	16	185	#
503	1.02699	52	29	186	#
504	1.02699	55	13	29	186	#
505	1.02699	16	54	29	186	#
506	1.02699	55	19	14	29	186	#
507	1.02699	47	28	186	#
508	0.450898	35	19	#
509	0.970913	7	30	18	187	#
510	0.970913	7	2	60	18	187	#
511	0.970913	7	12	37	187	#
512	0.970913	7	12	3	60	18	187	#
513	0.970913	7	58	43	187	#
514	0.179098	20	#
515	0.812512	24	35	13	188	#
516	0.812512	23	3	35	13	188	#
517	0.812512	33	2	35	13	188	#
518	0.812512	23	12	2	35	13	188	#
519	0.812512	24	35	19	14	188	#
520	0.537289	60	189	#
521	0.537289	2	30	189	#
522	0.587276	45	190	#
523	0.587276	18	39	190	#
524	0.587276	18	43	10	190	#
525	1.06735	42	35	13	29	#
526	1.15736	23	36	8	191	#
527	1.15736	24	35	13	41	191	#
528	1.15736	23	3	35	13	41	191	#
529	1.15736	46	16	48	191	#
530	1.15736	33	2	35	13	41	191	#
531	0.638876	29	13	192	#
532	0.638876	29	14	19	192	#
533	0.546853	14	29	193	#
534	0.546853	19	13	29	193	#
535	0.462838	3	42	194	#
536	0.462838	12	58	194	#
537	0.462838	12	2	42	194	#
538	0.935803	53	#
539	1.12677	29	13	35	24	195	#
540	1.12677	29	13	35	3	23	195	#
541	1.12677	29	13	35	2	33	195	#
542	1.12677	29	13	35	2	12	23	195	#
543	1.12677	29	14	19	35	24	195	#
544	0.482614	60	18	#
545	1.03438	40	196	#
546	1.03438	53	8	196	#
547	0.300311	24	#
548	0.495489	0	42	3	#
549	0.863004	62	0	1	197	#
550	0.863004	62	0	17	16	197	#
551	0.505771	1	46	198	#
552	0.505771	17	16	46	198	#
553	1.06499	40	18	199	#
554	1.06499	8	53	18	199	#
555	1.06499	44	15	43	199	#
556	1.06499	48	16	34	199	#
557	1.06499	40	5	4	199	#
558	0.726568	20	37	200	#
559	0.726568	21	60	3	200	#
560	0.726568	20	18	60	3	200	#
561	0.625529	15	42	#
562	0.375849	7	#
563	0.942206	62	0	1	201	#
564	0.942206	62	0	17	16	201	#
565	0.571281	38	6	202	#
566	0.571281	19	22	6	202	#
567	0.941152	36	#
568	1.00434	19	55	16	34	4	203	#
569	1.00434	19	35	60	5	203	#
570	1.00434	19	35	60	18	4	203	#
571	1.00434	19	55	16	34	18	5	203	#
572	1.00434	14	63	4	203	#
573	0.388485	35	#
574	0.789855	0	58	7	204	#
575	0.789855	0	42	2	7	204	#
576	0.50853	27	1	0	205	#
577	0.50853	26	17	0	205	#
578	0.50853	26	16	1	0	205	#
579	0.50853	27	16	17	0	205	#
580	0.567176	5	60	206	#
581	0.567176	4	18	60	206	#
582	0.397087	33	207	#
583	0.397087	23	12	207	#
584	0.397087	24	2	207	#
585	0.397087	23	3	2	207	#
586	0.982203	51	11	208	#
587	0.982203	51	10	15	208	#
588	0.118703	19	#
589	0.808483	38	55	209	#
590	0.808483	22	19	55	209	#
591	0.635164	39	210	#
592	0.635164	43	10	210	#
593	0.635164	18	45	210	#
594	0.635164	34	1	0	10	210	#
595	0.635164	34	16	17	0	10	210	#
596	0.712746	3	35	13	211	#
597	0.712746	12	2	35	13	211	#
598	0.712746	3	35	19	14	211	#
599	0.362625	25	#
600	0.284854	33	212	#
601	0.284854	12	23	212	#
602	0.870287	20	34	16	55	#
603	1.18306	32	5	213	#
604	1.18306	29	63	4	213	#
605	1.18306	32	18	4	213	#
606	1.02694	11	51	6	214	#
607	1.02694	15	58	7	214	#
608	1.02694	15	42	2	7	214	#
609	1.02694	11	10	58	7	214	#
610	1.02694	11	10	42	2	7	214	#
611	0.456577	44	#
612	0.546523	25	8	#
613	0.773716	51	#
614	0.511132	60	#
615	0.883851	63	215	#
616	0.883851	34	54	215	#
617	0.883851	34	16	52	215	#
618	0.883851	34	16	55	13	215	#
619	0.883851	18	60	35	13	215	#
620	0.462725	17	0	10	216	#
621	0.462725	16	1	0	10	216	#
622	0.562132	10	50	217	#
623	0.562132	45	5	217	#
624	1.13256	5	40	218	#
625	1.13256	4	18	40	218	#
626	1.13256	5	53	8	218	#
627	1.13256	50	15	44	218	#
628	1.13256	4	18	53	8	218	#
629	0.104246	12	#
630	1.08451	26	47	219	#
631	1.08451	27	49	219	#
632	1.08451	27	16	47	219	#
633	1.08451	26	16	49	219	#
634	1.08451	26	48	8	219	#
635	0.754857	27	1	0	15	220	#
636	0.754857	26	17	0	15	220	#
637	0.754857	26	16	1	0	15	220	#
638	0.754857	27	16	17	0	15	220	#
639	0.754857	27	1	0	10	11	220	#
640	0.47705	17	0	15	#
641	0.609825	24	42	221	#
642	0.609825	46	1	0	221	#
643	0.609825	46	16	17	0	221	#
644	0.609825	23	3	42	221	#
645	0.609825	33	58	221	#
646	0.0962144	0	#
647	0.315299	15	#
648	1.0694	40	222	#
649	1.0694	53	8	222	#
650	0.609825	24	42	223	#
651	0.609825	46	1	0	223	#
652	0.609825	46	16	17	0	223	#
653	0.609825	23	3	42	223	#
654	0.609825	33	58	223	#
655	0.860379	56	19	224	#
656	0.860379	61	14	224	#
657	0.860379	25	41	14	224	#
658	0.860379	61	13	19	224	#
659	0.860379	25	41	13	19	224	#
660	1.02699	52	29	225	#
661	1.02699	55	13	29	225	#
662	1.02699	16	54	29	225	#
663	1.02699	55	19	14	29	225	#
664	1.02699	47	28	225	#
665	1.09462	62	0	1	27	226	#
666	1.09462	62	0	17	26	226	#
667	1.09462	62	0	1	16	26	226	#
668	1.09462	62	0	17	16	27	226	#
669	0.67908	24	35	19	#
670	0.720645	62	#
671	0.566118	29	13	227	#
672	0.566118	29	14	19	227	#
673	0.652586	51	#
674	1.19897	32	228	#
675	1.19897	53	28	228	#
676	1.19897	60	35	13	29	228	#
677	1.19897	18	63	29	228	#
678	1.19897	18	34	54	29	228	#
679	1.21406	29	63	20	#
680	0.651562	18	30	229	#
681	0.651562	18	60	2	229	#
682	0.651562	37	12	229	#
683	0.769827	10	42	24	230	#
684	0.769827	10	0	1	46	230	#
685	0.769827	10	0	17	16	46	230	#
686	0.769827	10	42	3	23	230	#
687	0.769827	10	58	33	230	#
688	0.447285	29	#
689	1.00131	5	40	#
690	0.742933	52	26	231	#
691	0.742933	13	55	26	231	#
692	0.742933	54	27	231	#
693	0.742933	52	16	27	231	#
694	0.742933	13	55	16	27	231	#
695	0.104119	0	#
696	0.82792	47	232	#
697	0.82792	16	49	232	#
698	1.15967	21	53	233	#
699	1.15967	20	18	53	233	#
700	1.15967	20	34	49	233	#
701	1.15967	20	34	16	47	233	#
702	1.15967	59	5	53	233	#
703	0.333266	57	#
704	0.177223	10	#
705	0.802406	51	10	234	#
706	0.802406	6	7	58	234	#
707	0.476185	16	46	235	#
708	0.476185	26	57	235	#
709	0.476185	16	27	57	235	#
710	1.05719	29	52	26	236	#
711	1.05719	29	13	55	26	236	#
712	1.05719	29	54	27	236	#
713	1.05719	29	52	16	27	236	#
714	1.05719	29	13	55	16	27	236	#
715	0.516979	14	41	#
716	1.04369	18	53	237	#
717	1.04369	34	49	237	#
718	1.04369	34	16	47	237	#
719	1.04369	4	5	53	237	#
720	1.04369	18	40	8	237	#
721	0.292288	34	#
722	0.334647	34	#
723	0.844759	0	62	#
724	0.159853	13	#
725	0.995483	30	7	6	238	#
726	0.995483	60	2	7	6	238	#
727	0.995483	45	51	238	#
728	0.995483	60	35	38	238	#
729	0.995483	60	35	19	22	238	#
730	0.427834	7	12	#
731	0.171191	4	#
732	0.0143229	16	#
733	0.878031	0	62	#
734	0.129817	19	#
735	0.873962	35	13	41	#
736	0.78039	0	58	7	239	#
737	0.78039	0	42	2	7	239	#
738	0.923352	16	48	240	#
739	0.923352	49	8	240	#
740	0.923352	16	47	8	240	#
741	0.923352	1	0	15	44	240	#
742	0.923352	54	41	240	#
743	0.628665	55	#
744	1.02809	29	13	35	24	#
745	0.835889	36	12	#
746	0.75816	60	35	#
747	0.576511	42	15	#
748	0.263565	17	0	241	#
749	0.263565	16	1	0	241	#
750	0.21302	20	#
751	0.9484	38	56	#
752	1.02095	62	0	1	242	#
753	1.02095	62	0	17	16	242	#
754	0.405982	34	20	#
755	0.206533	20	#
756	0.639174	15	0	1	27	#
757	1.12564	29	63	243	#
758	1.12564	32	18	243	#
759	1.12564	29	54	34	243	#
760	1.12564	29	52	16	34	243	#
761	1.12564	29	13	55	16	34	243	#
762	0.12255	12	#
763	0.203841	1	244	#
764	0.203841	16	17	244	#
765	0.535052	18	30	245	#
766	0.535052	18	60	2	245	#
767	0.664675	44	#
768	0.495061	60	#
769	1.19897	32	246	#
770	1.19897	28	53	246	#
771	1.19897	29	13	35	60	246	#
772	1.19897	29	63	18	246	#
773	1.19897	29	54	34	18	246	#
774	1.09143	5	53	247	#
775	1.09143	4	18	53	247	#
776	1.09143	4	34	49	247	#
777	1.09143	5	40	8	247	#
778	1.09143	4	34	16	47	247	#
779	0.829989	38	55	248	#
780	0.829989	22	19	55	248	#
781	0.448491	16	46	249	#
782	0.448491	26	57	249	#
783	0.812961	47	250	#
784	0.812961	16	49	250	#
785	0.516516	55	#
786	0.51319	7	2	#
787	0.804249	34	16	55	19	#
788	0.446817	27	1	251	#
789	0.446817	26	17	251	#
790	0.446817	26	16	1	251	#
791	0.446817	27	16	17	251	#
792	0.631708	10	0	1	27	252	#
793	0.631708	10	0	17	26	252	#
794	0.631708	10	0	1	16	26	252	#
795	0.631708	10	0	17	16	27	252	#
796	0.709765	24	35	253	#
797	0.709765	23	3	35	253	#
798	0.709765	33	2	35	253	#
799	0.709765	23	12	2	35	253	#
800	1.04507	26	48	254	#
801	1.04507	27	16	48	254	#
802	1.04507	26	47	8	254	#
803	1.04507	27	49	8	254	#
804	1.04507	27	16	47	8	254	#
805	0.620121	21	60	255	#
806	0.620121	20	18	60	255	#
807	0.196046	27	256	#
808	0.196046	26	16	256	#
809	1.04369	53	18	257	#
810	1.04369	49	34	257	#
811	1.04369	47	16	34	257	#
812	1.04369	53	5	4	257	#
813	1.04369	8	40	18	257	#
814	0.306028	7	#
815	0.336609	1	27	258	#
816	0.336609	17	26	258	#
817	0.336609	1	16	26	258	#
818	0.336609	17	16	27	258	#
819	1.20502	24	42	62	259	#
820	1.20502	46	1	0	62	259	#
821	1.20502	46	16	17	0	62	259	#
822	1.20502	23	3	42	62	259	#
823	1.20502	24	35	56	259	#
824	0.274609	10	0	#
825	0.697972	24	60	260	#
826	0.697972	46	34	18	260	#
827	0.697972	23	3	60	260	#
828	1.0562	47	26	261	#
829	1.0562	49	27	261	#
830	1.0562	47	16	27	261	#
831	1.0562	49	16	26	261	#
832	0.776062	20	37	262	#
833	0.776062	21	60	3	262	#
834	0.776062	20	18	60	3	262	#
835	0.776062	21	30	12	262	#
836	0.776062	21	60	2	12	262	#
837	0.246674	27	263	#
838	0.246674	16	26	263	#
839	0.632404	3	60	5	#
840	1.04291	51	11	264	#
841	1.04291	51	10	15	264	#
842	1.04291	6	7	58	15	264	#
843	0.135383	5	#
844	1.22985	27	1	0	62	265	#
845	1.22985	26	17	0	62	265	#
846	1.22985	26	16	1	0	62	265	#
847	1.22985	27	16	17	0	62	265	#
848	1.22985	26	48	25	265	#
849	0.484383	60	18	#
850	0.919481	48	266	#
851	0.919481	8	47	266	#
852	0.919481	8	49	16	266	#
853	0.919481	41	52	266	#
854	0.919481	44	15	0	17	266	#
855	0.856038	24	42	15	267	#
856	0.856038	46	1	0	15	267	#
857	0.856038	46	16	17	0	15	267	#
858	0.856038	23	3	42	15	267	#
859	0.856038	33	58	15	267	#
860	0.811653	10	51	268	#
861	0.811653	58	7	6	268	#
862	0.811653	42	2	7	6	268	#
863	0.642151	18	30	269	#
864	0.642151	18	60	2	269	#
865	0.642151	37	12	269	#
866	0.880133	49	270	#
867	0.880133	16	47	270	#
868	0.766597	54	271	#
869	0.766597	52	16	271	#
870	0.766597	13	55	16	271	#
871	0.766597	14	19	55	16	271	#
872	0.347574	24	272	#
873	0.347574	23	3	272	#
874	0.535876	3	42	0	273	#
875	0.535876	12	58	0	273	#
876	0.923352	16	48	274	#
877	0.923352	49	8	274	#
878	0.923352	16	47	8	274	#
879	0.923352	1	0	15	44	274	#
880	0.923352	54	41	274	#
881	0.120499	2	#
882	1.00434	19	55	16	34	4	275	#
883	1.00434	19	35	60	5	275	#
884	1.00434	19	35	60	18	4	275	#
885	1.00434	19	55	16	34	18	5	275	#
886	1.00434	14	63	4	275	#
887	1.03495	41	13	35	2	276	#
888	1.03495	8	36	12	276	#
889	1.03495	41	14	19	35	2	276	#
890	1.03495	41	13	35	3	12	276	#
891	1.03495	44	15	58	276	#
892	0.785086	21	30	277	#
893	0.785086	21	60	2	277	#
894	0.785086	20	18	30	277	#
895	0.785086	20	18	60	2	277	#
896	0.785086	20	37	12	277	#
897	0.903984	2	35	13	41	#
898	1.04565	29	13	35	42	#
899	1.02364	20	34	16	55	278	#
900	1.02364	21	60	35	278	#
901	1.02364	20	18	60	35	278	#
902	1.02364	21	18	34	16	55	278	#
903	1.02364	20	63	13	278	#
904	0.191883	10	#
905	0.181879	14	#
906	1.05781	62	42	3	279	#
907	1.05781	62	58	12	279	#
908	0.361594	15	#
909	1.14401	17	0	62	280	#
910	1.14401	16	1	0	62	280	#
911	1.14401	48	25	280	#
912	1.14401	55	56	280	#
913	1.14401	47	8	25	280	#
914	1.11869	43	62	281	#
915	1.11869	20	31	281	#
916	1.11869	34	1	0	62	281	#
917	1.11869	34	16	17	0	62	281	#
918	1.11869	4	50	62	281	#
919	0.314752	7	#
920	0.773758	60	35	282	#
921	0.773758	18	34	16	55	282	#
922	1.12564	29	63	283	#
923	1.12564	32	18	283	#
924	1.12564	29	54	34	283	#
925	1.12564	29	52	16	34	283	#
926	1.12564	29	13	55	16	34	283	#
927	0.163574	14	#
928	0.507587	27	1	0	284	#
929	0.507587	26	17	0	284	#
930	0.507587	26	16	1	0	284	#
931	0.507587	27	16	17	0	284	#
932	0.950567	53	18	#
933	0.472625	22	6	#
934	0.481187	6	22	#
935	1.03495	2	35	13	41	285	#
936	1.03495	12	36	8	285	#
937	1.03495	2	35	19	14	41	285	#
938	1.03495	12	3	35	13	41	285	#
939	1.03495	58	15	44	285	#
940	0.347853	42	#
941	0.952853	29	14	22	6	286	#
942	0.952853	29	13	38	6	286	#
943	0.952853	29	13	19	22	6	286	#
944	0.595104	13	41	#
945	0.149468	3	#
946	0.602748	8	25	#
947	0.169795	5	#
948	0.610455	8	44	#
949	0.973216	53	287	#
950	0.973216	8	40	287	#
951	0.459803	2	7	#
952	1.08568	7	30	21	288	#
953	1.08568	7	2	60	21	288	#
954	1.08568	7	30	18	20	288	#
955	1.08568	7	2	60	18	20	288	#
956	1.08568	7	12	37	20	288	#
957	0.578648	27	1	0	10	289	#
958	0.578648	26	17	0	10	289	#
959	0.578648	26	16	1	0	10	289	#
960	0.578648	27	16	17	0	10	289	#
961	0.14339	12	#
962	0.2044	8	#
963	0.332	57	#
964	0.158396	3	#
965	0.621526	50	10	290	#
966	0.621526	5	45	290	#
967	0.621526	4	39	290	#
968	0.621526	4	43	10	290	#
969	0.621526	4	18	45	290	#
970	0.606487	52	291	#
971	0.606487	13	55	291	#
972	0.606487	54	16	291	#
973	0.213713	11	#
974	1.20502	62	42	24	292	#
975	1.20502	62	0	1	46	292	#
976	1.20502	62	0	17	16	46	292	#
977	1.20502	62	42	3	23	292	#
978	1.20502	56	35	24	292	#
979	1.10137	40	21	293	#
980	1.10137	40	18	20	293	#
981	0.772835	60	35	19	#
982	0.139583	3	#
983	1.17886	6	38	56	294	#
984	1.17886	6	22	19	56	294	#
985	1.17886	6	22	14	61	294	#
986	1.17886	6	22	14	41	25	294	#
987	1.17886	6	38	13	61	294	#
988	0.521905	60	#
989	1.08341	62	42	295	#
990	1.08341	56	35	295	#
991	1.08341	61	13	35	295	#
992	1.08341	62	58	2	295	#
993	1.08341	25	41	13	35	295	#
994	0.605048	50	10	296	#
995	0.605048	5	45	296	#
996	0.605048	4	39	296	#
997	0.843417	38	55	16	297	#
998	0.843417	22	19	55	16	297	#
999	0.860379	19	56	298	#
1000	0.860379	14	61	298	#
1001	0.860379	14	41	25	298	#
1002	0.860379	19	13	61	298	#
1003	0.860379	19	13	41	25	298	#
