%% File generated by CATS v.2.1Wed Jun 22 10:37:36 2022

%% The CATS webpage is http://robotics.stanford.edu/CATS

%% PARAMETER SETTINGS:
% Goods: 64; Bids: 1000; Distribution: paths; Runs: 1; Seed: 1656572760
% Paths Distribution Parameters:
% Initial connections:       = 2
% Edge density:              = 3.000000
% Shipping cost factor:      = 1.500000
% Max bid set size:          = 5
% Building penalty:          = 1.700000



goods 64
bids 1000
dummy 370

0	0.673388	17	47	#
1	0.471147	14	15	24	#
2	0.212471	27	64	#
3	0.212471	25	26	64	#
4	0.4143	9	21	#
5	0.823367	15	23	25	50	65	#
6	0.823367	14	15	23	24	26	65	#
7	0.823367	14	15	23	24	25	27	65	#
8	0.823367	16	17	23	25	50	65	#
9	0.695421	15	23	50	#
10	0.706466	33	66	#
11	0.706466	0	31	66	#
12	0.706466	0	24	39	66	#
13	0.813388	50	57	67	#
14	0.813388	25	41	67	#
15	0.813388	14	24	27	57	67	#
16	0.813388	15	50	56	67	#
17	0.813388	14	24	25	26	57	67	#
18	0.621849	16	20	63	68	#
19	0.621849	2	16	20	23	68	#
20	0.171589	26	69	#
21	0.171589	25	27	69	#
22	1.12239	3	30	42	70	#
23	1.12239	0	51	59	70	#
24	1.12239	0	8	43	51	70	#
25	1.12239	0	3	30	49	70	#
26	1.12239	4	5	18	60	70	#
27	0.168288	14	#
28	0.1745	5	#
29	0.352277	15	23	#
30	0.696514	19	22	53	71	#
31	0.696514	18	19	21	53	71	#
32	0.930487	9	41	72	#
33	0.930487	26	32	72	#
34	0.930487	25	27	32	72	#
35	0.930487	24	26	55	72	#
36	0.930487	9	25	50	57	72	#
37	0.638337	48	#
38	0.845669	15	23	50	73	#
39	0.845669	14	15	23	24	27	73	#
40	0.845669	14	15	23	24	25	26	73	#
41	0.845669	16	17	23	50	73	#
42	0.845669	14	16	17	23	24	27	73	#
43	0.897977	11	38	74	#
44	0.897977	1	11	25	48	74	#
45	0.897977	10	11	26	31	74	#
46	0.897977	0	10	11	25	48	74	#
47	0.897977	10	11	25	27	31	74	#
48	0.182699	1	75	#
49	0.182699	0	10	75	#
50	0.993502	44	53	76	#
51	0.993502	18	52	53	76	#
52	0.993502	3	16	47	63	76	#
53	0.993502	2	3	16	23	47	76	#
54	0.993502	12	30	46	76	#
55	0.857005	14	17	36	77	#
56	0.857005	18	55	77	#
57	0.857005	9	14	18	57	77	#
58	0.911433	34	78	#
59	0.911433	3	30	54	78	#
60	0.911433	3	6	30	62	78	#
61	0.887263	11	44	79	#
62	0.887263	11	18	52	79	#
63	0.904704	21	55	80	#
64	0.904704	9	14	21	57	80	#
65	0.904704	14	17	21	40	80	#
66	0.904704	14	15	21	61	80	#
67	0.904704	9	14	15	21	56	80	#
68	0.656085	9	57	81	#
69	0.656085	17	40	81	#
70	0.656085	15	61	81	#
71	0.656085	9	15	56	81	#
72	0.656085	8	9	17	28	81	#
73	0.784768	50	57	82	#
74	0.784768	25	41	82	#
75	0.150317	12	#
76	0.578443	39	#
77	0.697555	17	25	50	83	#
78	0.697555	14	17	24	26	83	#
79	0.697555	14	17	24	25	27	83	#
80	0.243505	53	#
81	0.235649	28	#
82	0.29188	16	23	#
83	0.310228	1	11	84	#
84	0.310228	0	10	11	84	#
85	0.609203	14	17	28	#
86	0.827245	21	52	#
87	0.690217	25	38	#
88	0.300063	4	18	#
89	0.69512	25	38	#
90	0.790428	0	59	85	#
91	0.790428	0	8	43	85	#
92	0.790428	0	35	45	85	#
93	0.790428	1	13	35	85	#
94	0.790428	0	10	13	35	85	#
95	0.682513	17	47	#
96	0.283843	8	9	#
97	0.904704	21	55	86	#
98	0.904704	9	14	21	57	86	#
99	0.904704	14	17	21	40	86	#
100	0.904704	14	15	21	61	86	#
101	0.904704	9	14	15	21	56	86	#
102	0.745637	55	87	#
103	0.745637	9	14	57	87	#
104	0.745637	14	17	40	87	#
105	0.745637	14	15	61	87	#
106	0.745637	9	14	15	56	87	#
107	0.246674	3	#
108	1.16807	6	29	39	88	#
109	1.16807	0	37	88	#
110	1.16807	7	29	31	88	#
111	1.16807	6	24	29	31	88	#
112	1.16807	0	7	29	33	88	#
113	0.449466	43	#
114	0.640969	59	89	#
115	0.640969	8	43	89	#
116	0.567714	14	17	28	#
117	0.591948	23	58	#
118	0.678814	54	3	#
119	0.729796	50	17	90	#
120	0.729796	27	24	14	17	90	#
121	0.729796	25	26	24	14	17	90	#
122	0.729796	50	15	16	90	#
123	0.729796	27	24	14	15	16	90	#
124	0.729796	50	17	91	#
125	0.729796	27	24	14	17	91	#
126	0.729796	25	26	24	14	17	91	#
127	0.729796	50	15	16	91	#
128	0.729796	27	24	14	15	16	91	#
129	0.750913	15	63	20	92	#
130	0.750913	15	23	2	20	92	#
131	0.146715	8	#
132	0.9712	54	3	53	93	#
133	0.9712	6	14	17	36	93	#
134	0.9712	6	55	18	93	#
135	0.9712	6	14	57	9	18	93	#
136	0.9712	34	5	4	93	#
137	0.418842	45	0	94	#
138	0.418842	13	1	94	#
139	0.418842	13	10	0	94	#
140	0.418842	12	11	1	94	#
141	0.418842	12	11	10	0	94	#
142	0.586755	15	50	95	#
143	0.586755	15	14	24	27	95	#
144	0.594297	22	53	96	#
145	0.594297	21	18	53	96	#
146	0.594297	22	4	5	30	96	#
147	0.951274	44	11	97	#
148	0.951274	18	52	11	97	#
149	0.951274	18	9	35	13	97	#
150	0.951274	18	9	59	10	97	#
151	0.951274	18	9	8	43	10	97	#
152	0.874933	14	6	29	98	#
153	0.874933	14	24	7	29	98	#
154	0.225346	17	#
155	0.67404	39	0	99	#
156	0.67404	24	33	99	#
157	0.67404	24	31	0	99	#
158	0.216873	19	#
159	0.639714	29	#
160	0.978736	49	100	#
161	0.978736	0	42	100	#
162	0.978736	10	11	47	16	63	100	#
163	0.978736	10	11	47	16	23	2	100	#
164	0.978736	10	1	42	100	#
165	0.926792	9	41	101	#
166	0.926792	32	26	101	#
167	0.926792	32	27	25	101	#
168	0.926792	55	24	26	101	#
169	0.733779	20	54	#
170	0.939767	49	102	#
171	0.939767	42	0	102	#
172	1.05683	36	17	50	103	#
173	1.05683	18	32	27	103	#
174	1.05683	36	17	14	24	27	103	#
175	1.05683	18	9	57	50	103	#
176	1.05683	18	9	41	25	103	#
177	0.715098	20	63	16	104	#
178	0.715098	20	2	23	16	104	#
179	0.717166	24	62	105	#
180	0.717166	24	14	15	63	105	#
181	0.717166	7	54	105	#
182	0.717166	24	14	15	23	2	105	#
183	0.717166	24	6	54	105	#
184	0.657137	4	18	61	106	#
185	0.657137	4	18	9	56	106	#
186	0.657137	5	58	23	106	#
187	0.657137	5	30	3	63	106	#
188	0.657137	5	30	3	2	23	106	#
189	0.812575	41	107	#
190	0.812575	25	50	57	107	#
191	0.812575	26	24	14	57	107	#
192	0.812575	25	27	24	14	57	107	#
193	0.812575	25	50	15	56	107	#
194	0.2467	24	14	#
195	0.890673	31	45	108	#
196	0.890673	31	10	13	108	#
197	0.890673	33	0	45	108	#
198	0.890673	31	10	11	12	108	#
199	0.890673	33	1	13	108	#
200	0.219212	1	109	#
201	0.219212	10	0	109	#
202	0.194049	19	#
203	0.940962	6	14	17	47	110	#
204	0.940962	6	39	10	11	110	#
205	0.940962	7	31	10	11	110	#
206	0.382313	53	18	#
207	0.642909	61	18	4	111	#
208	0.642909	56	9	18	4	111	#
209	0.337953	22	112	#
210	0.337953	18	21	112	#
211	0.373956	28	16	#
212	1.09656	42	3	30	113	#
213	1.09656	0	59	51	113	#
214	1.09656	0	43	8	51	113	#
215	1.09656	0	49	3	30	113	#
216	0.717166	24	62	114	#
217	0.717166	24	14	15	63	114	#
218	0.717166	7	54	114	#
219	0.717166	24	14	15	23	2	114	#
220	0.717166	24	6	54	114	#
221	1.08619	20	63	16	47	115	#
222	1.08619	20	2	23	16	47	115	#
223	1.08619	19	53	44	115	#
224	1.08619	19	53	18	52	115	#
225	1.08619	19	3	63	16	47	115	#
226	0.7175	16	63	3	116	#
227	0.7175	16	23	2	3	116	#
228	0.7175	36	53	116	#
229	0.7175	16	23	58	30	116	#
230	0.458202	50	117	#
231	0.458202	14	24	27	117	#
232	0.458202	14	24	26	25	117	#
233	1.02592	34	5	118	#
234	1.02592	54	3	30	5	118	#
235	1.02592	54	3	53	4	118	#
236	1.02592	6	14	17	36	4	118	#
237	0.68745	15	50	25	119	#
238	0.68745	15	14	24	26	119	#
239	0.68745	15	14	24	27	25	119	#
240	0.313248	9	18	#
241	0.959115	20	62	24	26	120	#
242	0.959115	20	62	24	27	25	120	#
243	0.765012	38	121	#
244	0.765012	25	48	1	121	#
245	0.765012	26	31	10	121	#
246	0.765012	25	48	0	10	121	#
247	0.765012	25	27	31	10	121	#
248	1.04638	26	24	62	3	30	122	#
249	1.04638	25	27	24	62	3	30	122	#
250	1.04638	26	7	34	122	#
251	1.04638	25	27	7	34	122	#
252	1.04638	25	50	15	23	58	122	#
253	0.268642	23	16	#
254	0.254271	19	30	#
255	0.825938	10	49	#
256	0.693255	26	31	123	#
257	0.693255	25	48	0	123	#
258	0.693255	25	27	31	123	#
259	0.679339	30	51	8	124	#
260	0.679339	53	18	9	8	124	#
261	1.08619	20	63	16	47	125	#
262	1.08619	20	2	23	16	47	125	#
263	1.08619	19	53	44	125	#
264	1.08619	19	53	18	52	125	#
265	1.08619	19	3	63	16	47	125	#
266	0.689024	10	39	#
267	0.0697309	0	#
268	0.640485	30	51	8	126	#
269	0.640485	53	18	9	8	126	#
270	0.789238	6	29	127	#
271	0.789238	24	7	29	127	#
272	1.15222	25	50	17	36	4	128	#
273	1.15222	41	9	18	4	128	#
274	1.15222	26	32	18	4	128	#
275	1.15222	26	24	14	17	36	4	128	#
276	1.15222	25	27	32	18	4	128	#
277	0.485282	35	#
278	0.345546	17	14	#
279	0.707776	0	59	129	#
280	0.707776	0	43	8	129	#
281	0.767737	34	130	#
282	0.767737	54	3	30	130	#
283	0.64775	54	131	#
284	0.64775	6	62	131	#
285	0.72935	48	132	#
286	0.72935	27	33	132	#
287	0.72935	25	26	33	132	#
288	0.72935	27	31	0	132	#
289	0.72935	25	26	31	0	132	#
290	0.248297	13	#
291	0.654068	4	18	61	133	#
292	0.654068	4	18	9	56	133	#
293	0.654068	5	58	23	133	#
294	0.654068	5	30	3	63	133	#
295	0.730791	25	50	17	134	#
296	0.730791	26	24	14	17	134	#
297	0.730791	25	27	24	14	17	134	#
298	0.730791	25	50	15	16	134	#
299	0.730791	26	24	14	15	16	134	#
300	0.936384	49	135	#
301	0.936384	42	0	135	#
302	0.264133	15	#
303	0.319514	8	28	#
304	1.16218	39	6	29	136	#
305	1.16218	0	37	136	#
306	1.16218	31	7	29	136	#
307	0.958398	11	52	21	137	#
308	0.958398	13	35	9	21	137	#
309	0.366979	2	3	#
310	0.708543	48	25	138	#
311	0.708543	33	26	138	#
312	0.708543	33	27	25	138	#
313	0.343094	4	22	#
314	0.958649	4	44	11	139	#
315	0.958649	4	18	52	11	139	#
316	0.129286	24	#
317	0.183364	11	#
318	0.140221	8	#
319	0.656085	57	9	140	#
320	0.656085	17	40	140	#
321	0.656085	15	61	140	#
322	0.656085	15	56	9	140	#
323	0.656085	17	28	8	9	140	#
324	0.115065	10	#
325	0.895145	28	17	50	25	141	#
326	0.895145	28	17	14	24	26	141	#
327	0.895145	28	17	14	24	27	25	141	#
328	0.895145	8	41	141	#
329	0.895145	28	16	15	50	25	141	#
330	0.135716	4	#
331	0.408343	50	25	142	#
332	0.408343	14	24	26	142	#
333	0.408343	14	24	27	25	142	#
334	0.994434	21	32	143	#
335	0.994434	21	55	24	143	#
336	0.994434	21	9	57	14	24	143	#
337	0.994434	21	40	17	14	24	143	#
338	0.994434	21	61	15	14	24	143	#
339	0.372596	15	14	#
340	0.162052	16	#
341	0.959228	14	17	36	4	144	#
342	0.959228	55	18	4	144	#
343	0.959228	62	3	30	5	144	#
344	0.959228	14	57	9	18	4	144	#
345	0.959228	14	17	40	18	4	144	#
346	0.346339	14	6	#
347	0.420939	4	18	9	#
348	1.08955	21	9	41	145	#
349	1.08955	21	32	26	145	#
350	1.08955	21	32	27	25	145	#
351	1.08955	21	55	24	26	145	#
352	1.08955	21	9	57	50	25	145	#
353	0.517869	8	9	18	4	#
354	0.67497	29	6	#
355	0.745637	55	146	#
356	0.745637	9	57	14	146	#
357	0.745637	40	17	14	146	#
358	0.745637	61	15	14	146	#
359	0.745637	9	56	15	14	146	#
360	0.189002	5	#
361	0.996538	27	24	62	3	147	#
362	0.996538	25	26	24	62	3	147	#
363	0.996538	50	15	63	3	147	#
364	0.996538	50	15	23	2	3	147	#
365	0.996538	27	24	14	15	63	3	147	#
366	0.418842	0	45	148	#
367	0.418842	1	13	148	#
368	0.418842	0	10	13	148	#
369	0.418842	1	11	12	148	#
370	0.418842	0	10	11	12	148	#
371	0.182702	26	149	#
372	0.182702	27	25	149	#
373	0.469505	47	#
374	0.198012	9	#
375	0.399122	9	18	4	#
376	0.664744	29	7	150	#
377	0.664744	29	6	24	150	#
378	0.560502	57	151	#
379	0.560502	15	56	151	#
380	0.560502	17	28	8	151	#
381	0.814083	24	14	57	152	#
382	0.814083	24	14	15	56	152	#
383	0.814083	24	14	17	28	8	152	#
384	0.436001	9	21	#
385	0.838303	30	3	62	153	#
386	0.838303	58	23	15	14	153	#
387	0.838303	30	3	63	15	14	153	#
388	0.838303	30	3	2	23	15	14	153	#
389	0.838303	34	6	153	#
390	1.16807	39	6	29	154	#
391	1.16807	0	37	154	#
392	1.16807	31	7	29	154	#
393	1.16807	31	24	6	29	154	#
394	1.16807	0	33	7	29	154	#
395	0.72935	48	155	#
396	0.72935	33	27	155	#
397	0.72935	33	26	25	155	#
398	0.72935	0	31	27	155	#
399	0.72935	0	31	26	25	155	#
400	1.03674	46	30	19	156	#
401	1.03674	35	51	30	19	156	#
402	0.816427	27	24	62	157	#
403	0.816427	25	26	24	62	157	#
404	0.816427	50	15	63	157	#
405	0.816427	50	15	23	2	157	#
406	0.816427	27	24	14	15	63	157	#
407	0.646763	33	158	#
408	0.646763	0	31	158	#
409	1.16463	39	6	29	159	#
410	1.16463	0	37	159	#
411	1.16463	31	7	29	159	#
412	0.838303	30	3	62	160	#
413	0.838303	58	23	15	14	160	#
414	0.838303	30	3	63	15	14	160	#
415	0.838303	30	3	2	23	15	14	160	#
416	0.838303	34	6	160	#
417	0.584247	35	#
418	0.588866	23	58	161	#
419	0.588866	63	3	30	161	#
420	0.588866	23	2	3	30	161	#
421	0.627102	16	63	3	162	#
422	0.627102	16	23	2	3	162	#
423	0.545102	58	5	163	#
424	0.545102	2	3	30	5	163	#
425	0.637307	3	63	16	164	#
426	0.637307	3	2	23	16	164	#
427	0.377509	20	2	#
428	0.523235	33	#
429	0.826363	49	165	#
430	0.826363	0	42	165	#
431	0.543495	31	#
432	0.18771	7	#
433	0.880584	11	44	166	#
434	0.880584	11	52	18	166	#
435	0.555434	53	22	167	#
436	0.555434	53	18	21	167	#
437	0.849845	42	168	#
438	0.849845	49	0	168	#
439	0.173202	5	#
440	0.453503	14	15	23	#
441	1.04638	26	24	62	3	30	169	#
442	1.04638	25	27	24	62	3	30	169	#
443	1.04638	26	7	34	169	#
444	1.04638	25	27	7	34	169	#
445	1.04638	25	50	15	23	58	169	#
446	0.348713	20	2	#
447	0.580657	40	170	#
448	0.580657	9	8	28	170	#
449	0.580657	61	16	170	#
450	0.580657	9	56	16	170	#
451	1.07591	4	18	60	171	#
452	1.07591	4	18	9	59	0	171	#
453	1.07591	4	18	9	8	43	0	171	#
454	1.07591	4	44	11	1	171	#
455	1.07591	4	44	11	10	0	171	#
456	0.924586	2	42	172	#
457	0.924586	2	49	0	172	#
458	0.924586	23	16	47	11	1	172	#
459	0.924586	23	16	47	11	10	0	172	#
460	0.442953	50	173	#
461	0.442953	14	24	27	173	#
462	0.442953	14	24	26	25	173	#
463	0.67969	25	38	#
464	0.980569	60	18	174	#
465	0.980569	0	59	9	18	174	#
466	0.980569	0	43	8	9	18	174	#
467	0.980569	1	11	44	174	#
468	0.980569	0	10	11	44	174	#
469	1.08186	27	32	21	175	#
470	1.08186	50	57	9	21	175	#
471	1.08186	25	41	9	21	175	#
472	1.08186	27	24	55	21	175	#
473	1.08186	25	26	32	21	175	#
474	0.519266	33	#
475	0.987159	46	12	176	#
476	0.987159	51	35	12	176	#
477	0.987159	5	4	44	176	#
478	0.987159	5	4	18	52	176	#
479	0.987159	30	53	44	176	#
480	0.114306	30	#
481	1.15008	20	42	177	#
482	1.15008	20	49	0	177	#
483	1.15008	19	3	42	177	#
484	1.15008	19	3	49	0	177	#
485	1.15008	20	49	10	1	177	#
486	0.85461	38	11	#
487	0.865287	38	11	#
488	0.190171	16	#
489	0.176108	11	#
490	0.120796	10	#
491	0.308601	13	178	#
492	0.308601	11	12	178	#
493	0.0107803	25	#
494	1.08186	21	32	27	179	#
495	1.08186	21	9	57	50	179	#
496	1.08186	21	9	41	25	179	#
497	1.08186	21	55	24	27	179	#
498	1.08186	21	32	26	25	179	#
499	1.12239	30	3	42	180	#
500	1.12239	51	59	0	180	#
501	1.12239	51	8	43	0	180	#
502	1.12239	30	3	49	0	180	#
503	1.12239	5	4	18	60	180	#
504	0.742106	16	63	20	181	#
505	0.742106	16	23	2	20	181	#
506	0.742106	16	63	3	19	181	#
507	0.742106	16	23	2	3	19	181	#
508	0.898718	21	52	182	#
509	0.898718	21	9	35	12	182	#
510	1.10637	29	6	39	183	#
511	1.10637	37	0	183	#
512	0.408789	9	21	#
513	0.831948	29	7	184	#
514	0.831948	29	6	24	184	#
515	0.841916	55	6	185	#
516	0.841916	9	57	14	6	185	#
517	0.582094	31	186	#
518	0.582094	0	33	186	#
519	0.195698	14	#
520	0.177774	26	187	#
521	0.177774	27	25	187	#
522	0.926702	24	62	3	30	188	#
523	0.926702	7	34	188	#
524	0.926702	24	14	15	23	58	188	#
525	0.926702	24	14	15	63	3	30	188	#
526	0.926702	7	54	3	30	188	#
527	0.97132	49	3	#
528	0.758487	20	62	#
529	0.00923203	25	#
530	0.643115	53	22	189	#
531	0.643115	53	18	21	189	#
532	0.643115	30	5	4	22	189	#
533	0.643115	30	5	4	18	21	189	#
534	0.308092	3	30	#
535	0.556645	15	50	#
536	0.655204	4	18	61	190	#
537	0.655204	4	18	9	56	190	#
538	0.655204	5	58	23	190	#
539	0.655204	5	30	3	63	190	#
540	0.455437	28	17	#
541	0.683134	55	#
542	0.863029	3	62	24	191	#
543	0.863029	3	63	15	14	24	191	#
544	0.863029	3	54	7	191	#
545	0.863029	3	2	23	15	14	24	191	#
546	0.212045	3	#
547	0.154413	6	#
548	0.199481	28	#
549	0.966042	20	63	16	47	192	#
550	0.966042	20	2	23	16	47	192	#
551	0.817422	62	24	26	193	#
552	0.817422	62	24	27	25	193	#
553	0.817422	63	15	50	25	193	#
554	0.817422	2	23	15	50	25	193	#
555	0.817422	63	15	14	24	26	193	#
556	0.587265	54	#
557	0.188368	27	194	#
558	0.188368	25	26	194	#
559	0.979901	20	62	24	26	195	#
560	0.979901	20	62	24	27	25	195	#
561	0.5859	18	61	196	#
562	0.5859	18	9	56	196	#
563	0.454563	5	4	18	197	#
564	0.454563	30	53	18	197	#
565	0.156976	2	#
566	0.205189	21	#
567	0.307884	24	26	198	#
568	0.307884	24	27	25	198	#
569	1.12239	42	3	30	199	#
570	1.12239	0	59	51	199	#
571	1.12239	0	43	8	51	199	#
572	1.12239	0	49	3	30	199	#
573	1.12239	60	18	4	5	199	#
574	0.942692	35	9	18	4	200	#
575	0.942692	12	44	4	200	#
576	0.942692	12	52	18	4	200	#
577	0.942692	46	5	200	#
578	0.655994	50	15	201	#
579	0.655994	27	24	14	15	201	#
580	0.655994	25	26	24	14	15	201	#
581	0.204468	5	#
582	0.826727	17	36	4	202	#
583	0.826727	57	9	18	4	202	#
584	0.826727	17	40	18	4	202	#
585	0.826727	15	61	18	4	202	#
586	0.826727	15	56	9	18	4	202	#
587	0.51769	33	#
588	0.267536	16	23	#
589	0.812575	41	203	#
590	0.812575	25	50	57	203	#
591	0.812575	26	24	14	57	203	#
592	0.812575	25	27	24	14	57	203	#
593	0.812575	25	50	15	56	203	#
594	0.335891	9	21	#
595	0.633899	50	15	204	#
596	0.633899	27	24	14	15	204	#
597	0.633899	25	26	24	14	15	204	#
598	0.904704	21	55	205	#
599	0.904704	21	9	57	14	205	#
600	0.904704	21	40	17	14	205	#
601	0.904704	21	61	15	14	205	#
602	0.904704	21	9	56	15	14	205	#
603	0.922796	32	27	206	#
604	0.922796	9	57	50	206	#
605	0.922796	9	41	25	206	#
606	0.922796	55	24	27	206	#
607	0.922796	32	26	25	206	#
608	0.720877	62	3	#
609	1.00462	42	207	#
610	1.00462	49	0	207	#
611	1.00462	49	10	1	207	#
612	0.612963	20	63	16	208	#
613	0.612963	20	2	23	16	208	#
614	0.286084	18	4	#
615	0.932915	59	9	18	209	#
616	0.932915	43	8	9	18	209	#
617	0.932915	0	60	18	209	#
618	0.932915	10	11	44	209	#
619	0.932915	10	11	52	18	209	#
620	0.568549	51	210	#
621	0.568549	9	18	4	5	210	#
622	1.08186	27	32	21	211	#
623	1.08186	50	57	9	21	211	#
624	1.08186	25	41	9	21	211	#
625	1.08186	27	24	55	21	211	#
626	1.08186	25	26	32	21	211	#
627	0.0132626	25	#
628	0.970977	13	38	212	#
629	0.970977	12	11	38	212	#
630	0.970977	45	31	26	212	#
631	0.970977	45	0	48	25	212	#
632	0.970977	45	31	27	25	212	#
633	0.236916	7	213	#
634	0.236916	24	6	213	#
635	0.162222	6	#
636	0.785632	20	63	15	214	#
637	0.785632	20	2	23	15	214	#
638	0.785632	19	3	63	15	214	#
639	0.785632	19	3	2	23	15	214	#
640	0.785632	20	63	16	17	214	#
641	0.482204	24	14	15	#
642	0.177513	21	#
643	0.922796	32	27	215	#
644	0.922796	9	57	50	215	#
645	0.922796	9	41	25	215	#
646	0.922796	55	24	27	215	#
647	0.922796	32	26	25	215	#
648	0.790428	0	59	216	#
649	0.790428	0	43	8	216	#
650	0.790428	0	45	35	216	#
651	0.790428	1	13	35	216	#
652	0.790428	0	10	13	35	216	#
653	0.782547	58	23	15	217	#
654	0.782547	30	3	63	15	217	#
655	0.782547	30	3	2	23	15	217	#
656	0.782109	39	6	218	#
657	0.782109	31	7	218	#
658	0.782109	31	24	6	218	#
659	0.782109	0	33	7	218	#
660	0.782109	39	24	7	218	#
661	0.559446	5	4	22	219	#
662	0.559446	30	53	22	219	#
663	0.559446	5	4	18	21	219	#
664	0.904704	21	55	220	#
665	0.904704	21	9	57	14	220	#
666	0.904704	21	40	17	14	220	#
667	0.904704	21	61	15	14	220	#
668	0.904704	21	9	56	15	14	220	#
669	0.817422	26	24	62	221	#
670	0.817422	25	27	24	62	221	#
671	0.817422	25	50	15	63	221	#
672	0.817422	25	50	15	23	2	221	#
673	0.817422	26	24	14	15	63	221	#
674	0.30093	63	222	#
675	0.30093	23	2	222	#
676	0.591912	61	223	#
677	0.591912	9	56	223	#
678	0.591912	40	16	223	#
679	0.94731	4	18	9	35	224	#
680	0.94731	4	44	12	224	#
681	0.94731	4	18	52	12	224	#
682	0.94731	5	46	224	#
683	0.94731	5	51	35	224	#
684	0.554885	43	#
685	0.528002	20	63	225	#
686	0.528002	20	2	23	225	#
687	0.183389	12	#
688	0.890776	7	29	226	#
689	0.890776	24	6	29	226	#
690	0.141522	18	#
691	0.196852	12	#
692	0.894582	50	17	28	227	#
693	0.894582	27	24	14	17	28	227	#
694	0.894582	25	26	24	14	17	28	227	#
695	0.894582	50	15	16	28	227	#
696	0.894582	50	57	8	227	#
697	0.932575	49	228	#
698	0.932575	42	0	228	#
699	0.725031	58	23	16	229	#
700	0.725031	30	3	63	16	229	#
701	0.725031	30	3	2	23	16	229	#
702	0.725031	51	8	28	229	#
703	0.725031	5	4	36	229	#
704	0.203952	3	#
705	0.741147	25	50	15	23	230	#
706	0.741147	26	24	14	15	23	230	#
707	0.741147	25	27	24	14	15	23	230	#
708	1.0244	20	42	231	#
709	1.0244	20	49	0	231	#
710	0.959812	32	18	232	#
711	0.959812	24	14	17	36	232	#
712	0.959812	24	55	18	232	#
713	0.959812	24	14	57	9	18	232	#
714	0.959812	24	14	17	40	18	232	#
715	0.159664	8	#
716	0.81168	44	233	#
717	0.81168	18	52	233	#
718	0.214291	53	#
719	0.584316	35	#
720	0.716916	6	29	234	#
721	0.716916	24	7	29	234	#
722	1.03139	42	3	235	#
723	1.03139	0	49	3	235	#
724	0.671894	12	35	#
725	0.996538	27	24	62	3	236	#
726	0.996538	25	26	24	62	3	236	#
727	0.996538	50	15	63	3	236	#
728	0.996538	50	15	23	2	3	236	#
729	0.996538	27	24	14	15	63	3	236	#
730	1.02765	42	237	#
731	1.02765	0	49	237	#
732	1.02765	1	10	49	237	#
733	1.02765	1	11	47	16	63	237	#
734	1.02765	1	11	47	16	23	2	237	#
735	0.18557	11	#
736	0.900643	30	3	62	24	238	#
737	0.900643	34	7	238	#
738	0.445736	8	9	21	#
739	0.57927	8	51	#
740	0.987159	12	46	239	#
741	0.987159	12	35	51	239	#
742	0.987159	44	4	5	239	#
743	0.987159	52	18	4	5	239	#
744	0.987159	44	53	30	239	#
745	0.372725	7	27	240	#
746	0.372725	7	26	25	240	#
747	0.372725	6	24	27	240	#
748	0.745637	55	241	#
749	0.745637	14	57	9	241	#
750	0.745637	14	17	40	241	#
751	0.745637	14	15	61	241	#
752	0.745637	14	15	56	9	241	#
753	0.850361	3	62	242	#
754	0.850361	3	63	15	14	242	#
755	0.850361	3	2	23	15	14	242	#
756	0.850361	3	54	6	242	#
757	0.929191	49	243	#
758	0.929191	0	42	243	#
759	0.264167	53	#
760	0.418842	0	45	244	#
761	0.418842	1	13	244	#
762	0.418842	0	10	13	244	#
763	0.418842	1	11	12	244	#
764	0.418842	0	10	11	12	244	#
765	1.04873	47	16	63	20	245	#
766	1.04873	47	16	23	2	20	245	#
767	0.249324	15	#
768	0.1694	19	#
769	0.987159	46	12	246	#
770	0.987159	51	35	12	246	#
771	0.987159	5	4	44	246	#
772	0.987159	5	4	18	52	246	#
773	0.987159	30	53	44	246	#
774	0.187051	26	247	#
775	0.187051	25	27	247	#
776	0.41567	4	22	248	#
777	0.41567	4	18	21	248	#
778	0.826727	17	36	4	249	#
779	0.826727	57	9	18	4	249	#
780	0.826727	17	40	18	4	249	#
781	0.826727	15	61	18	4	249	#
782	0.826727	15	56	9	18	4	249	#
783	0.77488	23	15	50	25	250	#
784	0.77488	23	15	14	24	26	250	#
785	0.77488	23	15	14	24	27	25	250	#
786	1.05971	3	49	251	#
787	1.05971	3	42	0	251	#
788	1.05971	30	51	59	251	#
789	1.05971	30	51	8	43	251	#
790	1.05971	53	18	9	59	251	#
791	0.918868	3	42	#
792	0.544656	31	#
793	0.247078	7	252	#
794	0.247078	24	6	252	#
795	0.168036	5	#
796	0.993502	44	53	253	#
797	0.993502	52	18	53	253	#
798	0.993502	47	16	63	3	253	#
799	0.993502	47	16	23	2	3	253	#
800	0.993502	12	46	30	253	#
801	1.1752	37	254	#
802	1.1752	29	7	33	254	#
803	1.1752	29	6	39	0	254	#
804	1.1752	29	6	24	33	254	#
805	1.1752	29	7	31	0	254	#
806	0.628472	16	63	20	255	#
807	0.628472	16	23	2	20	255	#
808	0.42218	35	#
809	0.708392	48	256	#
810	0.708392	33	27	256	#
811	0.708392	33	26	25	256	#
812	0.397038	45	257	#
813	0.397038	13	10	257	#
814	0.397038	12	11	10	257	#
815	0.622753	5	4	22	258	#
816	0.622753	30	53	22	258	#
817	0.622753	5	4	18	21	258	#
818	0.622753	30	53	18	21	258	#
819	0.745834	38	#
820	0.151765	16	#
821	0.959812	32	18	259	#
822	0.959812	24	14	17	36	259	#
823	0.959812	24	55	18	259	#
824	0.959812	24	14	57	9	18	259	#
825	0.959812	24	14	17	40	18	259	#
826	1.08758	42	3	260	#
827	1.08758	0	49	3	260	#
828	1.08758	0	59	51	30	260	#
829	1.08758	60	18	53	260	#
830	1.08758	0	43	8	51	30	260	#
831	1.34482	29	6	14	17	47	261	#
832	1.34482	29	6	39	10	11	261	#
833	1.34482	37	1	11	261	#
834	1.34482	37	0	10	11	261	#
835	1.34482	29	7	31	10	11	261	#
836	0.535149	58	262	#
837	0.535149	2	3	30	262	#
838	0.200882	18	#
839	0.680486	54	263	#
840	0.680486	62	6	263	#
841	0.809135	18	9	35	#
842	0.103043	30	#
843	0.188567	27	264	#
844	0.188567	26	25	264	#
845	0.499276	8	9	18	#
846	0.335881	8	9	#
847	0.537519	15	63	265	#
848	0.537519	15	23	2	265	#
849	0.268686	15	#
850	0.451561	3	2	#
851	0.567561	5	58	266	#
852	0.567561	5	30	3	2	266	#
853	0.94731	35	9	18	4	267	#
854	0.94731	12	44	4	267	#
855	0.94731	12	52	18	4	267	#
856	0.94731	46	5	267	#
857	0.94731	35	51	5	267	#
858	0.753803	28	17	50	#
859	0.948431	34	268	#
860	0.948431	54	3	30	268	#
861	0.948431	6	62	3	30	268	#
862	0.580728	0	39	#
863	0.987159	46	12	269	#
864	0.987159	51	35	12	269	#
865	0.987159	5	4	44	269	#
866	0.987159	5	4	18	52	269	#
867	0.987159	30	53	44	269	#
868	0.206732	26	270	#
869	0.206732	25	27	270	#
870	0.234487	17	#
871	0.876641	54	3	271	#
872	0.876641	34	30	271	#
873	0.876641	6	62	3	271	#
874	0.876641	54	20	19	271	#
875	0.876641	6	14	15	63	3	271	#
876	0.643298	17	47	#
877	0.478779	18	53	272	#
878	0.478779	18	4	5	30	272	#
879	0.423918	53	19	#
880	0.873761	29	7	27	273	#
881	0.873761	29	7	26	25	273	#
882	0.873761	29	6	24	27	273	#
883	0.873761	29	6	24	26	25	273	#
884	0.538686	33	#
885	0.648018	8	51	#
886	0.684324	21	61	23	274	#
887	0.684324	21	9	56	23	274	#
888	1.34482	47	17	14	6	29	275	#
889	1.34482	11	10	39	6	29	275	#
890	1.34482	11	1	37	275	#
891	1.34482	11	10	0	37	275	#
892	1.34482	11	10	31	7	29	275	#
893	1.04638	26	24	62	3	30	276	#
894	1.04638	25	27	24	62	3	30	276	#
895	1.04638	26	7	34	276	#
896	1.04638	25	27	7	34	276	#
897	1.04638	25	50	15	23	58	276	#
898	0.924829	49	277	#
899	0.924829	42	0	277	#
900	0.308082	24	14	#
901	0.34922	16	28	#
902	0.560998	17	14	6	#
903	0.263579	30	5	#
904	0.248702	20	#
905	0.318832	53	#
906	0.981267	46	278	#
907	0.981267	51	35	278	#
908	0.981267	5	4	18	9	35	278	#
909	0.981267	30	53	18	9	35	278	#
910	0.681783	6	14	17	28	#
911	0.199023	21	#
912	0.0796904	30	#
913	0.815152	57	9	21	279	#
914	0.815152	17	40	21	279	#
915	0.815152	15	61	21	279	#
916	0.815152	15	56	9	21	279	#
917	0.815152	17	28	8	9	21	279	#
918	0.215608	16	#
919	0.191416	5	#
920	0.141922	11	#
921	0.440158	2	3	#
922	0.535814	53	22	280	#
923	0.535814	53	18	21	280	#
924	0.640611	62	281	#
925	0.640611	63	15	14	281	#
926	0.640611	2	23	15	14	281	#
927	0.640611	54	6	281	#
928	0.440573	2	20	#
929	0.466062	50	25	282	#
930	0.466062	14	24	26	282	#
931	0.466062	14	24	27	25	282	#
932	0.390672	51	#
933	0.890673	31	45	283	#
934	0.890673	31	10	13	283	#
935	0.890673	33	0	45	283	#
936	0.890673	31	10	11	12	283	#
937	0.890673	33	1	13	283	#
938	0.74844	52	21	#
939	0.728354	25	48	284	#
940	0.728354	26	33	284	#
941	0.728354	25	27	33	284	#
942	0.728354	26	31	0	284	#
943	0.728354	25	27	31	0	284	#
944	0.508777	53	19	285	#
945	0.508777	4	5	30	19	285	#
946	0.69341	17	50	286	#
947	0.69341	17	14	24	27	286	#
948	0.69341	17	14	24	26	25	286	#
949	0.71945	16	23	58	287	#
950	0.71945	16	63	3	30	287	#
951	0.71945	16	23	2	3	30	287	#
952	0.71945	28	8	51	287	#
953	0.766008	25	38	288	#
954	0.766008	48	1	288	#
955	0.766008	48	0	10	288	#
956	0.766008	27	31	10	288	#
957	0.766008	25	26	31	10	288	#
958	0.997533	26	24	62	3	289	#
959	0.997533	25	27	24	62	3	289	#
960	0.997533	25	50	15	63	3	289	#
961	0.997533	25	50	15	23	2	3	289	#
962	0.997533	26	24	14	15	63	3	289	#
963	0.347565	3	2	#
964	1.13202	42	20	290	#
965	1.13202	0	49	20	290	#
966	1.13202	42	3	19	290	#
967	1.13202	0	49	3	19	290	#
968	0.996538	3	62	24	27	291	#
969	0.996538	3	62	24	26	25	291	#
970	0.996538	3	63	15	50	291	#
971	0.996538	3	2	23	15	50	291	#
972	0.996538	3	63	15	14	24	27	291	#
973	0.6011	54	#
974	1.15222	4	36	17	50	25	292	#
975	1.15222	4	18	9	41	292	#
976	1.15222	4	18	32	26	292	#
977	1.15222	4	36	17	14	24	26	292	#
978	1.15222	4	18	32	27	25	292	#
979	0.399916	2	20	#
980	0.657137	61	18	4	293	#
981	0.657137	56	9	18	4	293	#
982	0.657137	23	58	5	293	#
983	0.657137	63	3	30	5	293	#
984	0.657137	23	2	3	30	5	293	#
985	0.675288	35	12	#
986	0.158264	1	294	#
987	0.158264	10	0	294	#
988	0.260163	17	#
989	0.9712	53	3	54	295	#
990	0.9712	36	17	14	6	295	#
991	0.9712	18	55	6	295	#
992	0.9712	18	9	57	14	6	295	#
993	0.9712	4	5	34	295	#
994	1.03039	26	24	62	20	296	#
995	1.03039	25	27	24	62	20	296	#
996	1.03039	25	50	15	63	20	296	#
997	1.03039	25	50	15	23	2	20	296	#
998	1.03039	26	24	14	15	63	20	296	#
999	0.53907	39	#
