%% File generated by CATS v.2.1Wed Jun 22 10:37:56 2022

%% The CATS webpage is http://robotics.stanford.edu/CATS

%% PARAMETER SETTINGS:
% Goods: 64; Bids: 1000; Distribution: scheduling; Runs: 1; Seed: 1656573087
% Scheduling Distribution Parameters:
% max_length                = 10
% deviation                 = 0.500000
% prob_additional_deadline  = 0.700000
% additivity                = 0.200000



goods 64
bids 1017
dummy 23

0	11.4153	0	1	2	3	4	5	6	7	8	9	64	#
1	11.4153	1	2	3	4	5	6	7	8	9	10	64	#
2	11.4153	2	3	4	5	6	7	8	9	10	11	64	#
3	11.4153	3	4	5	6	7	8	9	10	11	12	64	#
4	11.4153	4	5	6	7	8	9	10	11	12	13	64	#
5	11.4153	5	6	7	8	9	10	11	12	13	14	64	#
6	11.4153	6	7	8	9	10	11	12	13	14	15	64	#
7	11.4153	7	8	9	10	11	12	13	14	15	16	64	#
8	11.4153	8	9	10	11	12	13	14	15	16	17	64	#
9	11.4153	9	10	11	12	13	14	15	16	17	18	64	#
10	11.4153	10	11	12	13	14	15	16	17	18	19	64	#
11	11.4153	11	12	13	14	15	16	17	18	19	20	64	#
12	11.4153	12	13	14	15	16	17	18	19	20	21	64	#
13	11.4153	13	14	15	16	17	18	19	20	21	22	64	#
14	11.4153	14	15	16	17	18	19	20	21	22	23	64	#
15	11.4153	15	16	17	18	19	20	21	22	23	24	64	#
16	11.4153	16	17	18	19	20	21	22	23	24	25	64	#
17	11.4153	17	18	19	20	21	22	23	24	25	26	64	#
18	11.4153	18	19	20	21	22	23	24	25	26	27	64	#
19	11.4153	19	20	21	22	23	24	25	26	27	28	64	#
20	11.4153	20	21	22	23	24	25	26	27	28	29	64	#
21	11.4153	21	22	23	24	25	26	27	28	29	30	64	#
22	11.4153	22	23	24	25	26	27	28	29	30	31	64	#
23	11.4153	23	24	25	26	27	28	29	30	31	32	64	#
24	11.4153	24	25	26	27	28	29	30	31	32	33	64	#
25	11.4153	25	26	27	28	29	30	31	32	33	34	64	#
26	11.4153	26	27	28	29	30	31	32	33	34	35	64	#
27	11.4153	27	28	29	30	31	32	33	34	35	36	64	#
28	11.4153	28	29	30	31	32	33	34	35	36	37	64	#
29	11.4153	29	30	31	32	33	34	35	36	37	38	64	#
30	11.4153	30	31	32	33	34	35	36	37	38	39	64	#
31	11.4153	31	32	33	34	35	36	37	38	39	40	64	#
32	11.4153	32	33	34	35	36	37	38	39	40	41	64	#
33	11.4153	33	34	35	36	37	38	39	40	41	42	64	#
34	11.4153	34	35	36	37	38	39	40	41	42	43	64	#
35	11.4153	35	36	37	38	39	40	41	42	43	44	64	#
36	11.4153	36	37	38	39	40	41	42	43	44	45	64	#
37	8.85669	37	38	39	40	41	42	43	44	45	46	64	#
38	8.85669	38	39	40	41	42	43	44	45	46	47	64	#
39	8.85669	39	40	41	42	43	44	45	46	47	48	64	#
40	8.85669	40	41	42	43	44	45	46	47	48	49	64	#
41	8.85669	41	42	43	44	45	46	47	48	49	50	64	#
42	8.85669	42	43	44	45	46	47	48	49	50	51	64	#
43	8.85669	43	44	45	46	47	48	49	50	51	52	64	#
44	8.85669	44	45	46	47	48	49	50	51	52	53	64	#
45	8.85669	45	46	47	48	49	50	51	52	53	54	64	#
46	8.85669	46	47	48	49	50	51	52	53	54	55	64	#
47	8.85669	47	48	49	50	51	52	53	54	55	56	64	#
48	8.85669	48	49	50	51	52	53	54	55	56	57	64	#
49	8.85669	49	50	51	52	53	54	55	56	57	58	64	#
50	8.56147	50	51	52	53	54	55	56	57	58	59	64	#
51	8.56147	51	52	53	54	55	56	57	58	59	60	64	#
52	8.28529	52	53	54	55	56	57	58	59	60	61	64	#
53	8.28529	53	54	55	56	57	58	59	60	61	62	64	#
54	8.15378	54	55	56	57	58	59	60	61	62	63	64	#
55	21.5456	0	1	2	3	4	5	6	7	8	9	65	#
56	21.5456	1	2	3	4	5	6	7	8	9	10	65	#
57	21.5456	2	3	4	5	6	7	8	9	10	11	65	#
58	21.5456	3	4	5	6	7	8	9	10	11	12	65	#
59	21.5456	4	5	6	7	8	9	10	11	12	13	65	#
60	21.5456	5	6	7	8	9	10	11	12	13	14	65	#
61	21.5456	6	7	8	9	10	11	12	13	14	15	65	#
62	21.5456	7	8	9	10	11	12	13	14	15	16	65	#
63	21.5456	8	9	10	11	12	13	14	15	16	17	65	#
64	21.5456	9	10	11	12	13	14	15	16	17	18	65	#
65	21.5456	10	11	12	13	14	15	16	17	18	19	65	#
66	21.5456	11	12	13	14	15	16	17	18	19	20	65	#
67	21.5456	12	13	14	15	16	17	18	19	20	21	65	#
68	21.5456	13	14	15	16	17	18	19	20	21	22	65	#
69	21.5456	14	15	16	17	18	19	20	21	22	23	65	#
70	21.5456	15	16	17	18	19	20	21	22	23	24	65	#
71	21.5456	16	17	18	19	20	21	22	23	24	25	65	#
72	21.5456	17	18	19	20	21	22	23	24	25	26	65	#
73	21.5456	18	19	20	21	22	23	24	25	26	27	65	#
74	21.5456	19	20	21	22	23	24	25	26	27	28	65	#
75	21.5456	20	21	22	23	24	25	26	27	28	29	65	#
76	21.5456	21	22	23	24	25	26	27	28	29	30	65	#
77	21.5456	22	23	24	25	26	27	28	29	30	31	65	#
78	21.5456	23	24	25	26	27	28	29	30	31	32	65	#
79	21.5456	24	25	26	27	28	29	30	31	32	33	65	#
80	21.5456	25	26	27	28	29	30	31	32	33	34	65	#
81	21.5456	26	27	28	29	30	31	32	33	34	35	65	#
82	21.5456	27	28	29	30	31	32	33	34	35	36	65	#
83	21.5456	28	29	30	31	32	33	34	35	36	37	65	#
84	21.5456	29	30	31	32	33	34	35	36	37	38	65	#
85	21.5456	30	31	32	33	34	35	36	37	38	39	65	#
86	21.5456	31	32	33	34	35	36	37	38	39	40	65	#
87	21.5456	32	33	34	35	36	37	38	39	40	41	65	#
88	21.5456	33	34	35	36	37	38	39	40	41	42	65	#
89	21.5456	34	35	36	37	38	39	40	41	42	43	65	#
90	21.5456	35	36	37	38	39	40	41	42	43	44	65	#
91	21.5456	36	37	38	39	40	41	42	43	44	45	65	#
92	21.5456	37	38	39	40	41	42	43	44	45	46	65	#
93	21.5456	38	39	40	41	42	43	44	45	46	47	65	#
94	21.5456	39	40	41	42	43	44	45	46	47	48	65	#
95	21.5456	40	41	42	43	44	45	46	47	48	49	65	#
96	21.5456	41	42	43	44	45	46	47	48	49	50	65	#
97	21.1231	42	43	44	45	46	47	48	49	50	51	65	#
98	17.6603	43	44	45	46	47	48	49	50	51	52	65	#
99	17.6603	44	45	46	47	48	49	50	51	52	53	65	#
100	17.6603	45	46	47	48	49	50	51	52	53	54	65	#
101	17.6603	46	47	48	49	50	51	52	53	54	55	65	#
102	17.6603	47	48	49	50	51	52	53	54	55	56	65	#
103	17.6603	48	49	50	51	52	53	54	55	56	57	65	#
104	17.6603	49	50	51	52	53	54	55	56	57	58	65	#
105	17.6603	50	51	52	53	54	55	56	57	58	59	65	#
106	17.6603	51	52	53	54	55	56	57	58	59	60	65	#
107	17.6603	52	53	54	55	56	57	58	59	60	61	65	#
108	17.3755	53	54	55	56	57	58	59	60	61	62	65	#
109	17.0997	54	55	56	57	58	59	60	61	62	63	65	#
110	21.8013	0	1	2	3	4	5	6	7	8	9	66	#
111	21.8013	1	2	3	4	5	6	7	8	9	10	66	#
112	21.8013	2	3	4	5	6	7	8	9	10	11	66	#
113	21.8013	3	4	5	6	7	8	9	10	11	12	66	#
114	21.8013	4	5	6	7	8	9	10	11	12	13	66	#
115	21.8013	5	6	7	8	9	10	11	12	13	14	66	#
116	21.8013	6	7	8	9	10	11	12	13	14	15	66	#
117	21.8013	7	8	9	10	11	12	13	14	15	16	66	#
118	21.8013	8	9	10	11	12	13	14	15	16	17	66	#
119	21.8013	9	10	11	12	13	14	15	16	17	18	66	#
120	21.8013	10	11	12	13	14	15	16	17	18	19	66	#
121	21.8013	11	12	13	14	15	16	17	18	19	20	66	#
122	21.8013	12	13	14	15	16	17	18	19	20	21	66	#
123	21.8013	13	14	15	16	17	18	19	20	21	22	66	#
124	21.8013	14	15	16	17	18	19	20	21	22	23	66	#
125	21.8013	15	16	17	18	19	20	21	22	23	24	66	#
126	21.8013	16	17	18	19	20	21	22	23	24	25	66	#
127	21.8013	17	18	19	20	21	22	23	24	25	26	66	#
128	21.8013	18	19	20	21	22	23	24	25	26	27	66	#
129	21.8013	19	20	21	22	23	24	25	26	27	28	66	#
130	21.8013	20	21	22	23	24	25	26	27	28	29	66	#
131	21.8013	21	22	23	24	25	26	27	28	29	30	66	#
132	21.8013	22	23	24	25	26	27	28	29	30	31	66	#
133	21.8013	23	24	25	26	27	28	29	30	31	32	66	#
134	21.8013	24	25	26	27	28	29	30	31	32	33	66	#
135	21.8013	25	26	27	28	29	30	31	32	33	34	66	#
136	21.8013	26	27	28	29	30	31	32	33	34	35	66	#
137	21.8013	27	28	29	30	31	32	33	34	35	36	66	#
138	21.8013	28	29	30	31	32	33	34	35	36	37	66	#
139	21.8013	29	30	31	32	33	34	35	36	37	38	66	#
140	21.8013	30	31	32	33	34	35	36	37	38	39	66	#
141	21.8013	31	32	33	34	35	36	37	38	39	40	66	#
142	21.8013	32	33	34	35	36	37	38	39	40	41	66	#
143	21.8013	33	34	35	36	37	38	39	40	41	42	66	#
144	21.8013	34	35	36	37	38	39	40	41	42	43	66	#
145	21.8013	35	36	37	38	39	40	41	42	43	44	66	#
146	21.8013	36	37	38	39	40	41	42	43	44	45	66	#
147	21.8013	37	38	39	40	41	42	43	44	45	46	66	#
148	21.3374	38	39	40	41	42	43	44	45	46	47	66	#
149	16.7143	39	40	41	42	43	44	45	46	47	48	66	#
150	16.7143	40	41	42	43	44	45	46	47	48	49	66	#
151	16.7143	41	42	43	44	45	46	47	48	49	50	66	#
152	16.7143	42	43	44	45	46	47	48	49	50	51	66	#
153	16.7143	43	44	45	46	47	48	49	50	51	52	66	#
154	16.7143	44	45	46	47	48	49	50	51	52	53	66	#
155	16.7143	45	46	47	48	49	50	51	52	53	54	66	#
156	16.7143	46	47	48	49	50	51	52	53	54	55	66	#
157	16.7143	47	48	49	50	51	52	53	54	55	56	66	#
158	16.7143	48	49	50	51	52	53	54	55	56	57	66	#
159	16.7143	49	50	51	52	53	54	55	56	57	58	66	#
160	16.7143	50	51	52	53	54	55	56	57	58	59	66	#
161	16.7143	51	52	53	54	55	56	57	58	59	60	66	#
162	16.4403	52	53	54	55	56	57	58	59	60	61	66	#
163	16.1751	53	54	55	56	57	58	59	60	61	62	66	#
164	5.59404	0	1	2	3	4	5	6	67	#
165	5.59404	1	2	3	4	5	6	7	67	#
166	5.59404	2	3	4	5	6	7	8	67	#
167	5.59404	3	4	5	6	7	8	9	67	#
168	5.59404	4	5	6	7	8	9	10	67	#
169	5.59404	5	6	7	8	9	10	11	67	#
170	5.59404	6	7	8	9	10	11	12	67	#
171	5.59404	7	8	9	10	11	12	13	67	#
172	21.2114	0	1	2	3	4	5	6	7	8	9	68	#
173	21.2114	1	2	3	4	5	6	7	8	9	10	68	#
174	21.2114	2	3	4	5	6	7	8	9	10	11	68	#
175	21.2114	3	4	5	6	7	8	9	10	11	12	68	#
176	21.2114	4	5	6	7	8	9	10	11	12	13	68	#
177	21.2114	5	6	7	8	9	10	11	12	13	14	68	#
178	21.2114	6	7	8	9	10	11	12	13	14	15	68	#
179	21.2114	7	8	9	10	11	12	13	14	15	16	68	#
180	21.2114	8	9	10	11	12	13	14	15	16	17	68	#
181	21.2114	9	10	11	12	13	14	15	16	17	18	68	#
182	21.2114	10	11	12	13	14	15	16	17	18	19	68	#
183	21.2114	11	12	13	14	15	16	17	18	19	20	68	#
184	21.2114	12	13	14	15	16	17	18	19	20	21	68	#
185	21.2114	13	14	15	16	17	18	19	20	21	22	68	#
186	21.2114	14	15	16	17	18	19	20	21	22	23	68	#
187	21.2114	15	16	17	18	19	20	21	22	23	24	68	#
188	21.2114	16	17	18	19	20	21	22	23	24	25	68	#
189	21.2114	17	18	19	20	21	22	23	24	25	26	68	#
190	21.2114	18	19	20	21	22	23	24	25	26	27	68	#
191	21.2114	19	20	21	22	23	24	25	26	27	28	68	#
192	21.2114	20	21	22	23	24	25	26	27	28	29	68	#
193	21.2114	21	22	23	24	25	26	27	28	29	30	68	#
194	21.2114	22	23	24	25	26	27	28	29	30	31	68	#
195	21.2114	23	24	25	26	27	28	29	30	31	32	68	#
196	21.2114	24	25	26	27	28	29	30	31	32	33	68	#
197	21.2114	25	26	27	28	29	30	31	32	33	34	68	#
198	21.2114	26	27	28	29	30	31	32	33	34	35	68	#
199	21.2114	27	28	29	30	31	32	33	34	35	36	68	#
200	21.2114	28	29	30	31	32	33	34	35	36	37	68	#
201	21.2114	29	30	31	32	33	34	35	36	37	38	68	#
202	21.2114	30	31	32	33	34	35	36	37	38	39	68	#
203	21.2114	31	32	33	34	35	36	37	38	39	40	68	#
204	21.2114	32	33	34	35	36	37	38	39	40	41	68	#
205	21.2114	33	34	35	36	37	38	39	40	41	42	68	#
206	21.2114	34	35	36	37	38	39	40	41	42	43	68	#
207	21.2114	35	36	37	38	39	40	41	42	43	44	68	#
208	21.2114	36	37	38	39	40	41	42	43	44	45	68	#
209	21.2114	37	38	39	40	41	42	43	44	45	46	68	#
210	17.118	38	39	40	41	42	43	44	45	46	47	68	#
211	17.118	39	40	41	42	43	44	45	46	47	48	68	#
212	17.118	40	41	42	43	44	45	46	47	48	49	68	#
213	17.118	41	42	43	44	45	46	47	48	49	50	68	#
214	17.118	42	43	44	45	46	47	48	49	50	51	68	#
215	17.118	43	44	45	46	47	48	49	50	51	52	68	#
216	17.118	44	45	46	47	48	49	50	51	52	53	68	#
217	17.118	45	46	47	48	49	50	51	52	53	54	68	#
218	17.118	46	47	48	49	50	51	52	53	54	55	68	#
219	17.118	47	48	49	50	51	52	53	54	55	56	68	#
220	17.118	48	49	50	51	52	53	54	55	56	57	68	#
221	3.56011	0	1	2	3	4	69	#
222	3.56011	1	2	3	4	5	69	#
223	3.56011	2	3	4	5	6	69	#
224	3.56011	3	4	5	6	7	69	#
225	3.56011	4	5	6	7	8	69	#
226	3.56011	5	6	7	8	9	69	#
227	3.56011	6	7	8	9	10	69	#
228	3.56011	7	8	9	10	11	69	#
229	3.56011	8	9	10	11	12	69	#
230	3.56011	9	10	11	12	13	69	#
231	3.56011	10	11	12	13	14	69	#
232	3.56011	11	12	13	14	15	69	#
233	3.56011	12	13	14	15	16	69	#
234	3.56011	13	14	15	16	17	69	#
235	3.56011	14	15	16	17	18	69	#
236	3.56011	15	16	17	18	19	69	#
237	3.56011	16	17	18	19	20	69	#
238	3.56011	17	18	19	20	21	69	#
239	3.56011	18	19	20	21	22	69	#
240	3.56011	19	20	21	22	23	69	#
241	3.56011	20	21	22	23	24	69	#
242	3.56011	21	22	23	24	25	69	#
243	3.56011	22	23	24	25	26	69	#
244	3.56011	23	24	25	26	27	69	#
245	3.56011	24	25	26	27	28	69	#
246	3.56011	25	26	27	28	29	69	#
247	3.56011	26	27	28	29	30	69	#
248	3.56011	27	28	29	30	31	69	#
249	3.56011	28	29	30	31	32	69	#
250	1.99866	29	30	31	32	33	69	#
251	1.99866	30	31	32	33	34	69	#
252	1.99866	31	32	33	34	35	69	#
253	1.99866	32	33	34	35	36	69	#
254	1.99866	33	34	35	36	37	69	#
255	1.99866	34	35	36	37	38	69	#
256	1.99866	35	36	37	38	39	69	#
257	1.99866	36	37	38	39	40	69	#
258	1.99866	37	38	39	40	41	69	#
259	1.99866	38	39	40	41	42	69	#
260	1.99866	39	40	41	42	43	69	#
261	1.99866	40	41	42	43	44	69	#
262	1.99866	41	42	43	44	45	69	#
263	1.99866	42	43	44	45	46	69	#
264	1.99866	43	44	45	46	47	69	#
265	1.99866	44	45	46	47	48	69	#
266	1.99866	45	46	47	48	49	69	#
267	1.99866	46	47	48	49	50	69	#
268	1.99866	47	48	49	50	51	69	#
269	1.99866	48	49	50	51	52	69	#
270	1.99866	49	50	51	52	53	69	#
271	1.99866	50	51	52	53	54	69	#
272	1.99866	51	52	53	54	55	69	#
273	1.99866	52	53	54	55	56	69	#
274	1.99866	53	54	55	56	57	69	#
275	1.89872	54	55	56	57	58	69	#
276	1.89872	55	56	57	58	59	69	#
277	1.89872	56	57	58	59	60	69	#
278	1.80831	57	58	59	60	61	69	#
279	1.80831	58	59	60	61	62	69	#
280	1.80831	59	60	61	62	63	69	#
281	2.83961	0	1	2	3	70	#
282	2.83961	1	2	3	4	70	#
283	2.83961	2	3	4	5	70	#
284	2.83961	3	4	5	6	70	#
285	2.83961	4	5	6	7	70	#
286	2.83961	5	6	7	8	70	#
287	2.83961	6	7	8	9	70	#
288	2.83961	7	8	9	10	70	#
289	2.83961	8	9	10	11	70	#
290	2.83961	9	10	11	12	70	#
291	2.83961	10	11	12	13	70	#
292	2.83961	11	12	13	14	70	#
293	2.83961	12	13	14	15	70	#
294	2.83961	13	14	15	16	70	#
295	2.83961	14	15	16	17	70	#
296	2.83961	15	16	17	18	70	#
297	2.83961	16	17	18	19	70	#
298	2.83961	17	18	19	20	70	#
299	2.83961	18	19	20	21	70	#
300	2.83961	19	20	21	22	70	#
301	2.83961	20	21	22	23	70	#
302	2.83961	21	22	23	24	70	#
303	2.83961	22	23	24	25	70	#
304	2.83961	23	24	25	26	70	#
305	2.83961	24	25	26	27	70	#
306	2.83961	25	26	27	28	70	#
307	2.83961	26	27	28	29	70	#
308	2.83961	27	28	29	30	70	#
309	2.83961	28	29	30	31	70	#
310	2.83961	29	30	31	32	70	#
311	2.83961	30	31	32	33	70	#
312	2.83961	31	32	33	34	70	#
313	2.83961	32	33	34	35	70	#
314	2.83961	33	34	35	36	70	#
315	2.83961	34	35	36	37	70	#
316	2.83961	35	36	37	38	70	#
317	2.83961	36	37	38	39	70	#
318	2.83961	37	38	39	40	70	#
319	2.83961	38	39	40	41	70	#
320	2.83961	39	40	41	42	70	#
321	2.83961	40	41	42	43	70	#
322	2.83961	41	42	43	44	70	#
323	2.83961	42	43	44	45	70	#
324	2.83961	43	44	45	46	70	#
325	2.83961	44	45	46	47	70	#
326	2.83961	45	46	47	48	70	#
327	2.83961	46	47	48	49	70	#
328	2.83961	47	48	49	50	70	#
329	2.83961	48	49	50	51	70	#
330	2.83961	49	50	51	52	70	#
331	2.83961	50	51	52	53	70	#
332	2.83961	51	52	53	54	70	#
333	2.83961	52	53	54	55	70	#
334	2.83961	53	54	55	56	70	#
335	18.2869	0	1	2	3	4	5	6	7	8	9	71	#
336	18.2869	1	2	3	4	5	6	7	8	9	10	71	#
337	18.2869	2	3	4	5	6	7	8	9	10	11	71	#
338	18.2869	3	4	5	6	7	8	9	10	11	12	71	#
339	18.2869	4	5	6	7	8	9	10	11	12	13	71	#
340	18.2869	5	6	7	8	9	10	11	12	13	14	71	#
341	18.2869	6	7	8	9	10	11	12	13	14	15	71	#
342	18.2869	7	8	9	10	11	12	13	14	15	16	71	#
343	18.2869	8	9	10	11	12	13	14	15	16	17	71	#
344	18.2869	9	10	11	12	13	14	15	16	17	18	71	#
345	18.2869	10	11	12	13	14	15	16	17	18	19	71	#
346	18.2869	11	12	13	14	15	16	17	18	19	20	71	#
347	18.2869	12	13	14	15	16	17	18	19	20	21	71	#
348	18.2869	13	14	15	16	17	18	19	20	21	22	71	#
349	18.2869	14	15	16	17	18	19	20	21	22	23	71	#
350	18.2869	15	16	17	18	19	20	21	22	23	24	71	#
351	18.2869	16	17	18	19	20	21	22	23	24	25	71	#
352	18.2869	17	18	19	20	21	22	23	24	25	26	71	#
353	18.2869	18	19	20	21	22	23	24	25	26	27	71	#
354	18.2869	19	20	21	22	23	24	25	26	27	28	71	#
355	18.2869	20	21	22	23	24	25	26	27	28	29	71	#
356	18.2869	21	22	23	24	25	26	27	28	29	30	71	#
357	18.2869	22	23	24	25	26	27	28	29	30	31	71	#
358	18.2869	23	24	25	26	27	28	29	30	31	32	71	#
359	18.2869	24	25	26	27	28	29	30	31	32	33	71	#
360	18.2869	25	26	27	28	29	30	31	32	33	34	71	#
361	18.2869	26	27	28	29	30	31	32	33	34	35	71	#
362	18.2869	27	28	29	30	31	32	33	34	35	36	71	#
363	18.2869	28	29	30	31	32	33	34	35	36	37	71	#
364	18.2869	29	30	31	32	33	34	35	36	37	38	71	#
365	18.2869	30	31	32	33	34	35	36	37	38	39	71	#
366	18.2869	31	32	33	34	35	36	37	38	39	40	71	#
367	18.2869	32	33	34	35	36	37	38	39	40	41	71	#
368	18.2869	33	34	35	36	37	38	39	40	41	42	71	#
369	18.2869	34	35	36	37	38	39	40	41	42	43	71	#
370	18.2869	35	36	37	38	39	40	41	42	43	44	71	#
371	18.2869	36	37	38	39	40	41	42	43	44	45	71	#
372	18.2869	37	38	39	40	41	42	43	44	45	46	71	#
373	18.2869	38	39	40	41	42	43	44	45	46	47	71	#
374	18.2869	39	40	41	42	43	44	45	46	47	48	71	#
375	18.2869	40	41	42	43	44	45	46	47	48	49	71	#
376	18.2869	41	42	43	44	45	46	47	48	49	50	71	#
377	18.2869	42	43	44	45	46	47	48	49	50	51	71	#
378	18.2869	43	44	45	46	47	48	49	50	51	52	71	#
379	18.2869	44	45	46	47	48	49	50	51	52	53	71	#
380	18.2869	45	46	47	48	49	50	51	52	53	54	71	#
381	18.2869	46	47	48	49	50	51	52	53	54	55	71	#
382	18.2869	47	48	49	50	51	52	53	54	55	56	71	#
383	18.2869	48	49	50	51	52	53	54	55	56	57	71	#
384	18.2869	49	50	51	52	53	54	55	56	57	58	71	#
385	16.8355	50	51	52	53	54	55	56	57	58	59	71	#
386	16.8355	51	52	53	54	55	56	57	58	59	60	71	#
387	16.8355	52	53	54	55	56	57	58	59	60	61	71	#
388	16.8355	53	54	55	56	57	58	59	60	61	62	71	#
389	16.8355	54	55	56	57	58	59	60	61	62	63	71	#
390	2.43129	0	1	72	#
391	2.43129	1	2	72	#
392	2.43129	2	3	72	#
393	2.43129	3	4	72	#
394	2.43129	4	5	72	#
395	2.43129	5	6	72	#
396	2.43129	6	7	72	#
397	2.43129	7	8	72	#
398	2.43129	8	9	72	#
399	2.43129	9	10	72	#
400	2.43129	10	11	72	#
401	2.43129	11	12	72	#
402	2.43129	12	13	72	#
403	2.43129	13	14	72	#
404	2.43129	14	15	72	#
405	2.43129	15	16	72	#
406	2.43129	16	17	72	#
407	2.43129	17	18	72	#
408	2.43129	18	19	72	#
409	2.43129	19	20	72	#
410	2.43129	20	21	72	#
411	2.43129	21	22	72	#
412	2.43129	22	23	72	#
413	2.43129	23	24	72	#
414	2.43129	24	25	72	#
415	2.43129	25	26	72	#
416	2.43129	26	27	72	#
417	2.43129	27	28	72	#
418	2.43129	28	29	72	#
419	2.43129	29	30	72	#
420	2.43129	30	31	72	#
421	2.43129	31	32	72	#
422	8.58284	0	1	2	3	4	5	6	7	8	9	73	#
423	8.58284	1	2	3	4	5	6	7	8	9	10	73	#
424	8.58284	2	3	4	5	6	7	8	9	10	11	73	#
425	8.58284	3	4	5	6	7	8	9	10	11	12	73	#
426	8.58284	4	5	6	7	8	9	10	11	12	13	73	#
427	13.7831	0	1	2	3	4	5	6	7	8	74	#
428	13.7831	1	2	3	4	5	6	7	8	9	74	#
429	13.7831	2	3	4	5	6	7	8	9	10	74	#
430	13.7831	3	4	5	6	7	8	9	10	11	74	#
431	13.7831	4	5	6	7	8	9	10	11	12	74	#
432	13.7831	5	6	7	8	9	10	11	12	13	74	#
433	13.7831	6	7	8	9	10	11	12	13	14	74	#
434	13.7831	7	8	9	10	11	12	13	14	15	74	#
435	13.7831	8	9	10	11	12	13	14	15	16	74	#
436	13.7831	9	10	11	12	13	14	15	16	17	74	#
437	13.7831	10	11	12	13	14	15	16	17	18	74	#
438	13.7831	11	12	13	14	15	16	17	18	19	74	#
439	13.7831	12	13	14	15	16	17	18	19	20	74	#
440	13.7831	13	14	15	16	17	18	19	20	21	74	#
441	13.7831	14	15	16	17	18	19	20	21	22	74	#
442	13.7831	15	16	17	18	19	20	21	22	23	74	#
443	13.7831	16	17	18	19	20	21	22	23	24	74	#
444	13.7831	17	18	19	20	21	22	23	24	25	74	#
445	13.7831	18	19	20	21	22	23	24	25	26	74	#
446	13.7831	19	20	21	22	23	24	25	26	27	74	#
447	13.7831	20	21	22	23	24	25	26	27	28	74	#
448	13.7831	21	22	23	24	25	26	27	28	29	74	#
449	13.7831	22	23	24	25	26	27	28	29	30	74	#
450	13.7831	23	24	25	26	27	28	29	30	31	74	#
451	13.7831	24	25	26	27	28	29	30	31	32	74	#
452	13.7831	25	26	27	28	29	30	31	32	33	74	#
453	13.7831	26	27	28	29	30	31	32	33	34	74	#
454	13.7831	27	28	29	30	31	32	33	34	35	74	#
455	13.7831	28	29	30	31	32	33	34	35	36	74	#
456	13.7831	29	30	31	32	33	34	35	36	37	74	#
457	13.7831	30	31	32	33	34	35	36	37	38	74	#
458	13.7831	31	32	33	34	35	36	37	38	39	74	#
459	13.7831	32	33	34	35	36	37	38	39	40	74	#
460	13.7831	33	34	35	36	37	38	39	40	41	74	#
461	13.7831	34	35	36	37	38	39	40	41	42	74	#
462	13.7831	35	36	37	38	39	40	41	42	43	74	#
463	13.7831	36	37	38	39	40	41	42	43	44	74	#
464	13.7831	37	38	39	40	41	42	43	44	45	74	#
465	13.7831	38	39	40	41	42	43	44	45	46	74	#
466	13.7831	39	40	41	42	43	44	45	46	47	74	#
467	13.7831	40	41	42	43	44	45	46	47	48	74	#
468	13.7831	41	42	43	44	45	46	47	48	49	74	#
469	13.7831	42	43	44	45	46	47	48	49	50	74	#
470	13.7831	43	44	45	46	47	48	49	50	51	74	#
471	13.7831	44	45	46	47	48	49	50	51	52	74	#
472	11.3766	45	46	47	48	49	50	51	52	53	74	#
473	11.3766	46	47	48	49	50	51	52	53	54	74	#
474	11.3766	47	48	49	50	51	52	53	54	55	74	#
475	11.3766	48	49	50	51	52	53	54	55	56	74	#
476	11.3766	49	50	51	52	53	54	55	56	57	74	#
477	11.3766	50	51	52	53	54	55	56	57	58	74	#
478	11.3766	51	52	53	54	55	56	57	58	59	74	#
479	11.3766	52	53	54	55	56	57	58	59	60	74	#
480	11.3766	53	54	55	56	57	58	59	60	61	74	#
481	11.3766	54	55	56	57	58	59	60	61	62	74	#
482	11.3766	55	56	57	58	59	60	61	62	63	74	#
483	2.71663	0	1	2	75	#
484	2.71663	1	2	3	75	#
485	2.71663	2	3	4	75	#
486	2.71663	3	4	5	75	#
487	2.71663	4	5	6	75	#
488	2.71663	5	6	7	75	#
489	2.71663	6	7	8	75	#
490	2.71663	7	8	9	75	#
491	2.71663	8	9	10	75	#
492	2.71663	9	10	11	75	#
493	2.71663	10	11	12	75	#
494	2.71663	11	12	13	75	#
495	2.71663	12	13	14	75	#
496	2.71663	13	14	15	75	#
497	2.71663	14	15	16	75	#
498	2.71663	15	16	17	75	#
499	2.71663	16	17	18	75	#
500	2.71663	17	18	19	75	#
501	2.71663	18	19	20	75	#
502	2.71663	19	20	21	75	#
503	2.71663	20	21	22	75	#
504	2.71663	21	22	23	75	#
505	2.71663	22	23	24	75	#
506	2.71663	23	24	25	75	#
507	2.71663	24	25	26	75	#
508	2.71663	25	26	27	75	#
509	2.71663	26	27	28	75	#
510	2.71663	27	28	29	75	#
511	2.71663	28	29	30	75	#
512	2.71663	29	30	31	75	#
513	2.71663	30	31	32	75	#
514	2.71663	31	32	33	75	#
515	2.71663	32	33	34	75	#
516	2.71663	33	34	35	75	#
517	2.71663	34	35	36	75	#
518	2.71663	35	36	37	75	#
519	2.71663	36	37	38	75	#
520	2.71663	37	38	39	75	#
521	2.71663	38	39	40	75	#
522	2.71663	39	40	41	75	#
523	2.71663	40	41	42	75	#
524	2.71663	41	42	43	75	#
525	2.71663	42	43	44	75	#
526	2.71663	43	44	45	75	#
527	2.71663	44	45	46	75	#
528	2.71663	45	46	47	75	#
529	2.71663	46	47	48	75	#
530	2.71663	47	48	49	75	#
531	2.71663	48	49	50	75	#
532	2.71663	49	50	51	75	#
533	2.71663	50	51	52	75	#
534	2.71663	51	52	53	75	#
535	2.71663	52	53	54	75	#
536	2.71663	53	54	55	75	#
537	2.71663	54	55	56	75	#
538	2.71663	55	56	57	75	#
539	2.71663	56	57	58	75	#
540	2.71663	57	58	59	75	#
541	1.29237	0	1	76	#
542	1.29237	1	2	76	#
543	1.29237	2	3	76	#
544	1.29237	3	4	76	#
545	1.29237	4	5	76	#
546	1.29237	5	6	76	#
547	1.29237	6	7	76	#
548	1.29237	7	8	76	#
549	1.29237	8	9	76	#
550	1.29237	9	10	76	#
551	1.29237	10	11	76	#
552	1.29237	11	12	76	#
553	1.29237	12	13	76	#
554	1.29237	13	14	76	#
555	1.29237	14	15	76	#
556	1.29237	15	16	76	#
557	1.29237	16	17	76	#
558	1.29237	17	18	76	#
559	1.29237	18	19	76	#
560	1.29237	19	20	76	#
561	1.29237	20	21	76	#
562	1.29237	21	22	76	#
563	1.29237	22	23	76	#
564	1.29237	23	24	76	#
565	1.29237	24	25	76	#
566	1.29237	25	26	76	#
567	1.29237	26	27	76	#
568	1.29237	27	28	76	#
569	1.29237	28	29	76	#
570	1.29237	29	30	76	#
571	1.29237	30	31	76	#
572	1.29237	31	32	76	#
573	0.795305	32	33	76	#
574	0.795305	33	34	76	#
575	0.795305	34	35	76	#
576	0.795305	35	36	76	#
577	0.795305	36	37	76	#
578	0.795305	37	38	76	#
579	0.795305	38	39	76	#
580	0.795305	39	40	76	#
581	0.795305	40	41	76	#
582	0.795305	41	42	76	#
583	0.795305	42	43	76	#
584	0.795305	43	44	76	#
585	0.795305	44	45	76	#
586	0.795305	45	46	76	#
587	0.795305	46	47	76	#
588	0.795305	47	48	76	#
589	0.795305	48	49	76	#
590	0.795305	49	50	76	#
591	0.795305	50	51	76	#
592	0.795305	51	52	76	#
593	0.725541	52	53	76	#
594	0.725541	53	54	76	#
595	0.725541	54	55	76	#
596	0.725541	55	56	76	#
597	0.725541	56	57	76	#
598	1.24173	0	77	#
599	1.24173	1	77	#
600	1.24173	2	77	#
601	1.24173	3	77	#
602	1.24173	4	77	#
603	1.24173	5	77	#
604	1.24173	6	77	#
605	1.24173	7	77	#
606	1.24173	8	77	#
607	1.24173	9	77	#
608	1.24173	10	77	#
609	1.24173	11	77	#
610	1.24173	12	77	#
611	1.24173	13	77	#
612	1.24173	14	77	#
613	1.24173	15	77	#
614	1.24173	16	77	#
615	1.24173	17	77	#
616	1.24173	18	77	#
617	1.24173	19	77	#
618	1.24173	20	77	#
619	1.24173	21	77	#
620	1.24173	22	77	#
621	1.24173	23	77	#
622	1.24173	24	77	#
623	1.24173	25	77	#
624	1.24173	26	77	#
625	1.24173	27	77	#
626	1.24173	28	77	#
627	1.24173	29	77	#
628	1.24173	30	77	#
629	1.24173	31	77	#
630	1.24173	32	77	#
631	1.24173	33	77	#
632	1.24173	34	77	#
633	1.24173	35	77	#
634	1.24173	36	77	#
635	1.24173	37	77	#
636	1.24173	38	77	#
637	1.24173	39	77	#
638	1.4413	0	78	#
639	1.4413	1	78	#
640	1.4413	2	78	#
641	1.4413	3	78	#
642	1.4413	4	78	#
643	1.4413	5	78	#
644	1.4413	6	78	#
645	1.4413	7	78	#
646	1.4413	8	78	#
647	1.4413	9	78	#
648	1.4413	10	78	#
649	1.4413	11	78	#
650	1.4413	12	78	#
651	1.4413	13	78	#
652	12.7455	0	1	2	3	4	5	6	7	8	9	79	#
653	12.7455	1	2	3	4	5	6	7	8	9	10	79	#
654	12.7455	2	3	4	5	6	7	8	9	10	11	79	#
655	12.7455	3	4	5	6	7	8	9	10	11	12	79	#
656	12.7455	4	5	6	7	8	9	10	11	12	13	79	#
657	12.7455	5	6	7	8	9	10	11	12	13	14	79	#
658	12.7455	6	7	8	9	10	11	12	13	14	15	79	#
659	11.9489	7	8	9	10	11	12	13	14	15	16	79	#
660	2.44668	0	1	80	#
661	2.44668	1	2	80	#
662	2.44668	2	3	80	#
663	2.44668	3	4	80	#
664	2.44668	4	5	80	#
665	2.44668	5	6	80	#
666	2.44668	6	7	80	#
667	2.44668	7	8	80	#
668	2.44668	8	9	80	#
669	2.44668	9	10	80	#
670	2.44668	10	11	80	#
671	2.44668	11	12	80	#
672	2.44668	12	13	80	#
673	2.44668	13	14	80	#
674	2.44668	14	15	80	#
675	2.44668	15	16	80	#
676	2.44668	16	17	80	#
677	2.44668	17	18	80	#
678	2.44668	18	19	80	#
679	2.44668	19	20	80	#
680	2.44668	20	21	80	#
681	2.44668	21	22	80	#
682	2.44668	22	23	80	#
683	2.44668	23	24	80	#
684	2.44668	24	25	80	#
685	2.44668	25	26	80	#
686	2.44668	26	27	80	#
687	2.44668	27	28	80	#
688	2.44668	28	29	80	#
689	2.44668	29	30	80	#
690	2.44668	30	31	80	#
691	2.44668	31	32	80	#
692	2.44668	32	33	80	#
693	2.44668	33	34	80	#
694	2.44668	34	35	80	#
695	2.44668	35	36	80	#
696	2.44668	36	37	80	#
697	2.44668	37	38	80	#
698	2.44668	38	39	80	#
699	2.44668	39	40	80	#
700	2.44668	40	41	80	#
701	2.44668	41	42	80	#
702	2.44668	42	43	80	#
703	2.44668	43	44	80	#
704	2.44668	44	45	80	#
705	2.44668	45	46	80	#
706	2.44668	46	47	80	#
707	2.44668	47	48	80	#
708	2.44668	48	49	80	#
709	2.44668	49	50	80	#
710	2.44668	50	51	80	#
711	2.44668	51	52	80	#
712	2.44668	52	53	80	#
713	2.44668	53	54	80	#
714	2.44668	54	55	80	#
715	2.44668	55	56	80	#
716	2.44668	56	57	80	#
717	2.44668	57	58	80	#
718	2.36513	58	59	80	#
719	2.36513	59	60	80	#
720	2.32635	60	61	80	#
721	2.2525	61	62	80	#
722	2.2525	62	63	80	#
723	0.614721	0	81	#
724	0.614721	1	81	#
725	0.614721	2	81	#
726	0.614721	3	81	#
727	0.614721	4	81	#
728	0.614721	5	81	#
729	0.614721	6	81	#
730	0.614721	7	81	#
731	0.614721	8	81	#
732	0.614721	9	81	#
733	0.614721	10	81	#
734	0.614721	11	81	#
735	0.614721	12	81	#
736	0.614721	13	81	#
737	0.614721	14	81	#
738	0.614721	15	81	#
739	0.614721	16	81	#
740	0.614721	17	81	#
741	0.614721	18	81	#
742	0.614721	19	81	#
743	0.614721	20	81	#
744	0.614721	21	81	#
745	0.614721	22	81	#
746	0.614721	23	81	#
747	0.614721	24	81	#
748	0.614721	25	81	#
749	0.614721	26	81	#
750	0.614721	27	81	#
751	0.614721	28	81	#
752	0.614721	29	81	#
753	0.614721	30	81	#
754	0.614721	31	81	#
755	0.614721	32	81	#
756	0.614721	33	81	#
757	0.614721	34	81	#
758	0.614721	35	81	#
759	0.614721	36	81	#
760	0.614721	37	81	#
761	0.614721	38	81	#
762	4.94556	0	1	2	3	4	82	#
763	4.94556	1	2	3	4	5	82	#
764	4.94556	2	3	4	5	6	82	#
765	4.94556	3	4	5	6	7	82	#
766	4.94556	4	5	6	7	8	82	#
767	4.94556	5	6	7	8	9	82	#
768	4.94556	6	7	8	9	10	82	#
769	4.94556	7	8	9	10	11	82	#
770	4.94556	8	9	10	11	12	82	#
771	4.94556	9	10	11	12	13	82	#
772	4.94556	10	11	12	13	14	82	#
773	4.94556	11	12	13	14	15	82	#
774	4.94556	12	13	14	15	16	82	#
775	4.94556	13	14	15	16	17	82	#
776	4.94556	14	15	16	17	18	82	#
777	4.94556	15	16	17	18	19	82	#
778	4.94556	16	17	18	19	20	82	#
779	4.94556	17	18	19	20	21	82	#
780	4.94556	18	19	20	21	22	82	#
781	4.94556	19	20	21	22	23	82	#
782	4.94556	20	21	22	23	24	82	#
783	4.94556	21	22	23	24	25	82	#
784	4.94556	22	23	24	25	26	82	#
785	4.94556	23	24	25	26	27	82	#
786	4.94556	24	25	26	27	28	82	#
787	4.94556	25	26	27	28	29	82	#
788	4.94556	26	27	28	29	30	82	#
789	4.94556	27	28	29	30	31	82	#
790	4.79101	28	29	30	31	32	82	#
791	2.89269	29	30	31	32	33	82	#
792	2.89269	30	31	32	33	34	82	#
793	2.89269	31	32	33	34	35	82	#
794	2.89269	32	33	34	35	36	82	#
795	2.89269	33	34	35	36	37	82	#
796	2.89269	34	35	36	37	38	82	#
797	2.89269	35	36	37	38	39	82	#
798	2.89269	36	37	38	39	40	82	#
799	2.89269	37	38	39	40	41	82	#
800	2.89269	38	39	40	41	42	82	#
801	2.89269	39	40	41	42	43	82	#
802	2.89269	40	41	42	43	44	82	#
803	2.89269	41	42	43	44	45	82	#
804	2.89269	42	43	44	45	46	82	#
805	2.89269	43	44	45	46	47	82	#
806	2.89269	44	45	46	47	48	82	#
807	2.89269	45	46	47	48	49	82	#
808	2.89269	46	47	48	49	50	82	#
809	2.89269	47	48	49	50	51	82	#
810	2.89269	48	49	50	51	52	82	#
811	2.89269	49	50	51	52	53	82	#
812	2.68969	50	51	52	53	54	82	#
813	2.68969	51	52	53	54	55	82	#
814	2.68969	52	53	54	55	56	82	#
815	2.68969	53	54	55	56	57	82	#
816	2.43353	54	55	56	57	58	82	#
817	2.43353	55	56	57	58	59	82	#
818	2.43353	56	57	58	59	60	82	#
819	2.43353	57	58	59	60	61	82	#
820	2.43353	58	59	60	61	62	82	#
821	2.43353	59	60	61	62	63	82	#
822	8.06833	0	1	2	3	4	83	#
823	8.06833	1	2	3	4	5	83	#
824	8.06833	2	3	4	5	6	83	#
825	8.06833	3	4	5	6	7	83	#
826	8.06833	4	5	6	7	8	83	#
827	8.06833	5	6	7	8	9	83	#
828	8.06833	6	7	8	9	10	83	#
829	8.06833	7	8	9	10	11	83	#
830	8.06833	8	9	10	11	12	83	#
831	8.06833	9	10	11	12	13	83	#
832	8.06833	10	11	12	13	14	83	#
833	8.06833	11	12	13	14	15	83	#
834	8.06833	12	13	14	15	16	83	#
835	8.06833	13	14	15	16	17	83	#
836	8.06833	14	15	16	17	18	83	#
837	8.06833	15	16	17	18	19	83	#
838	8.06833	16	17	18	19	20	83	#
839	8.06833	17	18	19	20	21	83	#
840	2.68944	18	19	20	21	22	83	#
841	2.68944	19	20	21	22	23	83	#
842	2.68944	20	21	22	23	24	83	#
843	2.68944	21	22	23	24	25	83	#
844	2.68944	22	23	24	25	26	83	#
845	2.68944	23	24	25	26	27	83	#
846	2.68944	24	25	26	27	28	83	#
847	2.68944	25	26	27	28	29	83	#
848	2.68944	26	27	28	29	30	83	#
849	2.68944	27	28	29	30	31	83	#
850	2.68944	28	29	30	31	32	83	#
851	2.68944	29	30	31	32	33	83	#
852	2.68944	30	31	32	33	34	83	#
853	2.68944	31	32	33	34	35	83	#
854	2.68944	32	33	34	35	36	83	#
855	2.68944	33	34	35	36	37	83	#
856	2.68944	34	35	36	37	38	83	#
857	2.68944	35	36	37	38	39	83	#
858	2.68944	36	37	38	39	40	83	#
859	2.68944	37	38	39	40	41	83	#
860	2.68944	38	39	40	41	42	83	#
861	2.68944	39	40	41	42	43	83	#
862	2.68944	40	41	42	43	44	83	#
863	2.68944	41	42	43	44	45	83	#
864	2.68944	42	43	44	45	46	83	#
865	2.68944	43	44	45	46	47	83	#
866	2.68944	44	45	46	47	48	83	#
867	2.68944	45	46	47	48	49	83	#
868	2.68944	46	47	48	49	50	83	#
869	2.68944	47	48	49	50	51	83	#
870	2.68944	48	49	50	51	52	83	#
871	2.68944	49	50	51	52	53	83	#
872	2.68944	50	51	52	53	54	83	#
873	2.68944	51	52	53	54	55	83	#
874	2.68944	52	53	54	55	56	83	#
875	2.68944	53	54	55	56	57	83	#
876	2.68944	54	55	56	57	58	83	#
877	2.68944	55	56	57	58	59	83	#
878	2.68944	56	57	58	59	60	83	#
879	2.68944	57	58	59	60	61	83	#
880	2.68944	58	59	60	61	62	83	#
881	2.68944	59	60	61	62	63	83	#
882	2.7166	0	1	84	#
883	2.7166	1	2	84	#
884	2.7166	2	3	84	#
885	2.7166	3	4	84	#
886	2.7166	4	5	84	#
887	2.7166	5	6	84	#
888	2.7166	6	7	84	#
889	2.7166	7	8	84	#
890	2.7166	8	9	84	#
891	2.7166	9	10	84	#
892	2.7166	10	11	84	#
893	2.7166	11	12	84	#
894	2.7166	12	13	84	#
895	2.7166	13	14	84	#
896	2.7166	14	15	84	#
897	2.7166	15	16	84	#
898	2.7166	16	17	84	#
899	2.7166	17	18	84	#
900	2.7166	18	19	84	#
901	2.7166	19	20	84	#
902	2.7166	20	21	84	#
903	2.7166	21	22	84	#
904	2.7166	22	23	84	#
905	2.7166	23	24	84	#
906	2.7166	24	25	84	#
907	2.7166	25	26	84	#
908	2.7166	26	27	84	#
909	2.7166	27	28	84	#
910	2.7166	28	29	84	#
911	2.7166	29	30	84	#
912	2.7166	30	31	84	#
913	2.7166	31	32	84	#
914	2.7166	32	33	84	#
915	2.7166	33	34	84	#
916	2.7166	34	35	84	#
917	2.7166	35	36	84	#
918	2.7166	36	37	84	#
919	2.7166	37	38	84	#
920	2.7166	38	39	84	#
921	2.7166	39	40	84	#
922	2.7166	40	41	84	#
923	2.7166	41	42	84	#
924	2.7166	42	43	84	#
925	2.7166	43	44	84	#
926	2.7166	44	45	84	#
927	2.7166	45	46	84	#
928	2.7166	46	47	84	#
929	2.7166	47	48	84	#
930	2.7166	48	49	84	#
931	2.7166	49	50	84	#
932	2.7166	50	51	84	#
933	2.7166	51	52	84	#
934	2.7166	52	53	84	#
935	2.7166	53	54	84	#
936	2.7166	54	55	84	#
937	2.7166	55	56	84	#
938	2.7166	56	57	84	#
939	2.7166	57	58	84	#
940	2.7166	58	59	84	#
941	2.7166	59	60	84	#
942	2.7166	60	61	84	#
943	2.7166	61	62	84	#
944	2.7166	62	63	84	#
945	17.167	0	1	2	3	4	5	6	7	85	#
946	17.167	1	2	3	4	5	6	7	8	85	#
947	17.167	2	3	4	5	6	7	8	9	85	#
948	17.167	3	4	5	6	7	8	9	10	85	#
949	17.167	4	5	6	7	8	9	10	11	85	#
950	17.167	5	6	7	8	9	10	11	12	85	#
951	17.167	6	7	8	9	10	11	12	13	85	#
952	17.167	7	8	9	10	11	12	13	14	85	#
953	17.167	8	9	10	11	12	13	14	15	85	#
954	17.167	9	10	11	12	13	14	15	16	85	#
955	17.167	10	11	12	13	14	15	16	17	85	#
956	17.167	11	12	13	14	15	16	17	18	85	#
957	17.167	12	13	14	15	16	17	18	19	85	#
958	17.167	13	14	15	16	17	18	19	20	85	#
959	17.167	14	15	16	17	18	19	20	21	85	#
960	17.167	15	16	17	18	19	20	21	22	85	#
961	17.167	16	17	18	19	20	21	22	23	85	#
962	17.167	17	18	19	20	21	22	23	24	85	#
963	17.167	18	19	20	21	22	23	24	25	85	#
964	17.167	19	20	21	22	23	24	25	26	85	#
965	17.167	20	21	22	23	24	25	26	27	85	#
966	17.167	21	22	23	24	25	26	27	28	85	#
967	17.167	22	23	24	25	26	27	28	29	85	#
968	17.167	23	24	25	26	27	28	29	30	85	#
969	17.167	24	25	26	27	28	29	30	31	85	#
970	17.167	25	26	27	28	29	30	31	32	85	#
971	17.167	26	27	28	29	30	31	32	33	85	#
972	17.167	27	28	29	30	31	32	33	34	85	#
973	17.167	28	29	30	31	32	33	34	35	85	#
974	17.167	29	30	31	32	33	34	35	36	85	#
975	17.167	30	31	32	33	34	35	36	37	85	#
976	17.167	31	32	33	34	35	36	37	38	85	#
977	17.167	32	33	34	35	36	37	38	39	85	#
978	17.167	33	34	35	36	37	38	39	40	85	#
979	17.167	34	35	36	37	38	39	40	41	85	#
980	17.167	35	36	37	38	39	40	41	42	85	#
981	17.167	36	37	38	39	40	41	42	43	85	#
982	17.167	37	38	39	40	41	42	43	44	85	#
983	17.167	38	39	40	41	42	43	44	45	85	#
984	17.167	39	40	41	42	43	44	45	46	85	#
985	17.167	40	41	42	43	44	45	46	47	85	#
986	17.167	41	42	43	44	45	46	47	48	85	#
987	17.167	42	43	44	45	46	47	48	49	85	#
988	5.42092	0	1	2	86	#
989	5.42092	1	2	3	86	#
990	5.42092	2	3	4	86	#
991	5.42092	3	4	5	86	#
992	5.42092	4	5	6	86	#
993	5.42092	5	6	7	86	#
994	5.42092	6	7	8	86	#
995	5.42092	7	8	9	86	#
996	5.42092	8	9	10	86	#
997	5.42092	9	10	11	86	#
998	5.42092	10	11	12	86	#
999	5.42092	11	12	13	86	#
1000	5.42092	12	13	14	86	#
1001	5.42092	13	14	15	86	#
1002	5.42092	14	15	16	86	#
1003	5.42092	15	16	17	86	#
1004	5.42092	16	17	18	86	#
1005	5.42092	17	18	19	86	#
1006	5.42092	18	19	20	86	#
1007	5.42092	19	20	21	86	#
1008	5.42092	20	21	22	86	#
1009	5.42092	21	22	23	86	#
1010	5.42092	22	23	24	86	#
1011	5.42092	23	24	25	86	#
1012	5.42092	24	25	26	86	#
1013	5.42092	25	26	27	86	#
1014	5.42092	26	27	28	86	#
1015	5.42092	27	28	29	86	#
1016	5.42092	28	29	30	86	#
