%% File generated by CATS v.2.1Wed Jun 22 10:37:56 2022

%% The CATS webpage is http://robotics.stanford.edu/CATS

%% PARAMETER SETTINGS:
% Goods: 64; Bids: 1000; Distribution: scheduling; Runs: 1; Seed: 1656573089
% Scheduling Distribution Parameters:
% max_length                = 10
% deviation                 = 0.500000
% prob_additional_deadline  = 0.700000
% additivity                = 0.200000



goods 64
bids 1019
dummy 23

0	1.19715	0	64	#
1	1.19715	1	64	#
2	1.19715	2	64	#
3	1.19715	3	64	#
4	1.19715	4	64	#
5	1.19715	5	64	#
6	0.221694	6	64	#
7	0.221694	7	64	#
8	0.221694	8	64	#
9	0.221694	9	64	#
10	0.221694	10	64	#
11	0.221694	11	64	#
12	0.221694	12	64	#
13	0.221694	13	64	#
14	0.221694	14	64	#
15	0.221694	15	64	#
16	0.221694	16	64	#
17	0.221694	17	64	#
18	0.221694	18	64	#
19	0.221694	19	64	#
20	0.221694	20	64	#
21	0.221694	21	64	#
22	0.221694	22	64	#
23	0.221694	23	64	#
24	0.221694	24	64	#
25	0.221694	25	64	#
26	0.221694	26	64	#
27	0.221694	27	64	#
28	0.171021	28	64	#
29	0.171021	29	64	#
30	0.171021	30	64	#
31	0.171021	31	64	#
32	0.171021	32	64	#
33	0.171021	33	64	#
34	0.171021	34	64	#
35	0.171021	35	64	#
36	0.15348	36	64	#
37	0.15348	37	64	#
38	0.15348	38	64	#
39	0.15348	39	64	#
40	0.967322	0	65	#
41	0.967322	1	65	#
42	0.967322	2	65	#
43	0.967322	3	65	#
44	0.967322	4	65	#
45	0.967322	5	65	#
46	0.967322	6	65	#
47	0.967322	7	65	#
48	0.967322	8	65	#
49	0.967322	9	65	#
50	0.967322	10	65	#
51	0.186024	11	65	#
52	0.186024	12	65	#
53	0.186024	13	65	#
54	0.186024	14	65	#
55	0.186024	15	65	#
56	0.186024	16	65	#
57	0.186024	17	65	#
58	0.186024	18	65	#
59	0.186024	19	65	#
60	0.186024	20	65	#
61	0.186024	21	65	#
62	0.186024	22	65	#
63	0.186024	23	65	#
64	0.186024	24	65	#
65	0.186024	25	65	#
66	0.186024	26	65	#
67	0.186024	27	65	#
68	0.186024	28	65	#
69	0.186024	29	65	#
70	0.186024	30	65	#
71	0.186024	31	65	#
72	0.186024	32	65	#
73	0.186024	33	65	#
74	0.186024	34	65	#
75	0.186024	35	65	#
76	0.186024	36	65	#
77	0.186024	37	65	#
78	0.186024	38	65	#
79	0.186024	39	65	#
80	0.186024	40	65	#
81	0.186024	41	65	#
82	0.186024	42	65	#
83	0.186024	43	65	#
84	0.186024	44	65	#
85	0.186024	45	65	#
86	0.186024	46	65	#
87	0.186024	47	65	#
88	0.186024	48	65	#
89	0.186024	49	65	#
90	0.186024	50	65	#
91	0.186024	51	65	#
92	0.186024	52	65	#
93	0.163953	53	65	#
94	0.163953	54	65	#
95	0.163953	55	65	#
96	0.163953	56	65	#
97	0.163953	57	65	#
98	0.163953	58	65	#
99	0.163953	59	65	#
100	0.153543	60	65	#
101	0.153543	61	65	#
102	0.153543	62	65	#
103	0.153543	63	65	#
104	14.3406	0	1	2	3	4	5	6	66	#
105	14.3406	1	2	3	4	5	6	7	66	#
106	14.3406	2	3	4	5	6	7	8	66	#
107	14.3406	3	4	5	6	7	8	9	66	#
108	14.3406	4	5	6	7	8	9	10	66	#
109	14.3406	5	6	7	8	9	10	11	66	#
110	14.3406	6	7	8	9	10	11	12	66	#
111	14.3406	7	8	9	10	11	12	13	66	#
112	14.3406	8	9	10	11	12	13	14	66	#
113	14.3406	9	10	11	12	13	14	15	66	#
114	14.3406	10	11	12	13	14	15	16	66	#
115	14.3406	11	12	13	14	15	16	17	66	#
116	14.3406	12	13	14	15	16	17	18	66	#
117	14.3406	13	14	15	16	17	18	19	66	#
118	14.3406	14	15	16	17	18	19	20	66	#
119	14.3406	15	16	17	18	19	20	21	66	#
120	14.3406	16	17	18	19	20	21	22	66	#
121	14.3406	17	18	19	20	21	22	23	66	#
122	14.3406	18	19	20	21	22	23	24	66	#
123	14.3406	19	20	21	22	23	24	25	66	#
124	14.3406	20	21	22	23	24	25	26	66	#
125	14.3406	21	22	23	24	25	26	27	66	#
126	14.3406	22	23	24	25	26	27	28	66	#
127	14.3406	23	24	25	26	27	28	29	66	#
128	14.3406	24	25	26	27	28	29	30	66	#
129	14.3406	25	26	27	28	29	30	31	66	#
130	14.3406	26	27	28	29	30	31	32	66	#
131	14.3406	27	28	29	30	31	32	33	66	#
132	14.3406	28	29	30	31	32	33	34	66	#
133	14.3406	29	30	31	32	33	34	35	66	#
134	14.3406	30	31	32	33	34	35	36	66	#
135	14.3406	31	32	33	34	35	36	37	66	#
136	14.3406	32	33	34	35	36	37	38	66	#
137	14.3406	33	34	35	36	37	38	39	66	#
138	14.3406	34	35	36	37	38	39	40	66	#
139	9.89006	35	36	37	38	39	40	41	66	#
140	9.89006	36	37	38	39	40	41	42	66	#
141	9.89006	37	38	39	40	41	42	43	66	#
142	9.89006	38	39	40	41	42	43	44	66	#
143	9.89006	39	40	41	42	43	44	45	66	#
144	9.89006	40	41	42	43	44	45	46	66	#
145	9.89006	41	42	43	44	45	46	47	66	#
146	9.89006	42	43	44	45	46	47	48	66	#
147	9.89006	43	44	45	46	47	48	49	66	#
148	9.89006	44	45	46	47	48	49	50	66	#
149	9.89006	45	46	47	48	49	50	51	66	#
150	9.89006	46	47	48	49	50	51	52	66	#
151	9.89006	47	48	49	50	51	52	53	66	#
152	9.89006	48	49	50	51	52	53	54	66	#
153	9.89006	49	50	51	52	53	54	55	66	#
154	9.89006	50	51	52	53	54	55	56	66	#
155	9.89006	51	52	53	54	55	56	57	66	#
156	9.89006	52	53	54	55	56	57	58	66	#
157	9.25199	53	54	55	56	57	58	59	66	#
158	9.25199	54	55	56	57	58	59	60	66	#
159	9.25199	55	56	57	58	59	60	61	66	#
160	9.25199	56	57	58	59	60	61	62	66	#
161	20.4056	0	1	2	3	4	5	6	7	8	67	#
162	20.4056	1	2	3	4	5	6	7	8	9	67	#
163	20.4056	2	3	4	5	6	7	8	9	10	67	#
164	20.4056	3	4	5	6	7	8	9	10	11	67	#
165	20.4056	4	5	6	7	8	9	10	11	12	67	#
166	20.4056	5	6	7	8	9	10	11	12	13	67	#
167	13.2636	6	7	8	9	10	11	12	13	14	67	#
168	13.2636	7	8	9	10	11	12	13	14	15	67	#
169	13.2636	8	9	10	11	12	13	14	15	16	67	#
170	13.2636	9	10	11	12	13	14	15	16	17	67	#
171	13.2636	10	11	12	13	14	15	16	17	18	67	#
172	13.2636	11	12	13	14	15	16	17	18	19	67	#
173	13.2636	12	13	14	15	16	17	18	19	20	67	#
174	5.41373	13	14	15	16	17	18	19	20	21	67	#
175	5.41373	14	15	16	17	18	19	20	21	22	67	#
176	5.41373	15	16	17	18	19	20	21	22	23	67	#
177	5.41373	16	17	18	19	20	21	22	23	24	67	#
178	5.41373	17	18	19	20	21	22	23	24	25	67	#
179	5.41373	18	19	20	21	22	23	24	25	26	67	#
180	5.41373	19	20	21	22	23	24	25	26	27	67	#
181	5.41373	20	21	22	23	24	25	26	27	28	67	#
182	5.41373	21	22	23	24	25	26	27	28	29	67	#
183	5.41373	22	23	24	25	26	27	28	29	30	67	#
184	5.41373	23	24	25	26	27	28	29	30	31	67	#
185	5.41373	24	25	26	27	28	29	30	31	32	67	#
186	5.41373	25	26	27	28	29	30	31	32	33	67	#
187	5.41373	26	27	28	29	30	31	32	33	34	67	#
188	5.41373	27	28	29	30	31	32	33	34	35	67	#
189	5.41373	28	29	30	31	32	33	34	35	36	67	#
190	5.41373	29	30	31	32	33	34	35	36	37	67	#
191	5.41373	30	31	32	33	34	35	36	37	38	67	#
192	5.41373	31	32	33	34	35	36	37	38	39	67	#
193	5.41373	32	33	34	35	36	37	38	39	40	67	#
194	5.41373	33	34	35	36	37	38	39	40	41	67	#
195	5.41373	34	35	36	37	38	39	40	41	42	67	#
196	5.41373	35	36	37	38	39	40	41	42	43	67	#
197	5.41373	36	37	38	39	40	41	42	43	44	67	#
198	5.41373	37	38	39	40	41	42	43	44	45	67	#
199	5.41373	38	39	40	41	42	43	44	45	46	67	#
200	5.41373	39	40	41	42	43	44	45	46	47	67	#
201	5.41373	40	41	42	43	44	45	46	47	48	67	#
202	5.41373	41	42	43	44	45	46	47	48	49	67	#
203	5.1014	42	43	44	45	46	47	48	49	50	67	#
204	5.1014	43	44	45	46	47	48	49	50	51	67	#
205	5.1014	44	45	46	47	48	49	50	51	52	67	#
206	11.4284	0	1	2	3	4	5	6	68	#
207	11.4284	1	2	3	4	5	6	7	68	#
208	11.4284	2	3	4	5	6	7	8	68	#
209	11.4284	3	4	5	6	7	8	9	68	#
210	11.4284	4	5	6	7	8	9	10	68	#
211	11.4284	5	6	7	8	9	10	11	68	#
212	11.4284	6	7	8	9	10	11	12	68	#
213	11.4284	7	8	9	10	11	12	13	68	#
214	11.4284	8	9	10	11	12	13	14	68	#
215	11.4284	9	10	11	12	13	14	15	68	#
216	11.4284	10	11	12	13	14	15	16	68	#
217	11.4284	11	12	13	14	15	16	17	68	#
218	11.4284	12	13	14	15	16	17	18	68	#
219	11.4284	13	14	15	16	17	18	19	68	#
220	11.4284	14	15	16	17	18	19	20	68	#
221	11.4284	15	16	17	18	19	20	21	68	#
222	11.4284	16	17	18	19	20	21	22	68	#
223	11.4284	17	18	19	20	21	22	23	68	#
224	11.4284	18	19	20	21	22	23	24	68	#
225	11.4284	19	20	21	22	23	24	25	68	#
226	11.4284	20	21	22	23	24	25	26	68	#
227	10.8207	0	1	2	3	4	5	6	7	69	#
228	10.8207	1	2	3	4	5	6	7	8	69	#
229	10.8207	2	3	4	5	6	7	8	9	69	#
230	10.8207	3	4	5	6	7	8	9	10	69	#
231	10.8207	4	5	6	7	8	9	10	11	69	#
232	10.8207	5	6	7	8	9	10	11	12	69	#
233	10.8207	6	7	8	9	10	11	12	13	69	#
234	10.8207	7	8	9	10	11	12	13	14	69	#
235	10.8207	8	9	10	11	12	13	14	15	69	#
236	10.8207	9	10	11	12	13	14	15	16	69	#
237	10.8207	10	11	12	13	14	15	16	17	69	#
238	10.8207	11	12	13	14	15	16	17	18	69	#
239	10.8207	12	13	14	15	16	17	18	19	69	#
240	10.8207	13	14	15	16	17	18	19	20	69	#
241	10.8207	14	15	16	17	18	19	20	21	69	#
242	10.8207	15	16	17	18	19	20	21	22	69	#
243	10.8207	16	17	18	19	20	21	22	23	69	#
244	10.8207	17	18	19	20	21	22	23	24	69	#
245	10.8207	18	19	20	21	22	23	24	25	69	#
246	10.8207	19	20	21	22	23	24	25	26	69	#
247	10.8207	20	21	22	23	24	25	26	27	69	#
248	10.8207	21	22	23	24	25	26	27	28	69	#
249	10.8207	22	23	24	25	26	27	28	29	69	#
250	10.8207	23	24	25	26	27	28	29	30	69	#
251	10.8207	24	25	26	27	28	29	30	31	69	#
252	10.8207	25	26	27	28	29	30	31	32	69	#
253	10.8207	26	27	28	29	30	31	32	33	69	#
254	10.8207	27	28	29	30	31	32	33	34	69	#
255	10.8207	28	29	30	31	32	33	34	35	69	#
256	10.8207	29	30	31	32	33	34	35	36	69	#
257	10.8207	30	31	32	33	34	35	36	37	69	#
258	10.8207	31	32	33	34	35	36	37	38	69	#
259	10.8207	32	33	34	35	36	37	38	39	69	#
260	10.8207	33	34	35	36	37	38	39	40	69	#
261	10.8207	34	35	36	37	38	39	40	41	69	#
262	7.78332	35	36	37	38	39	40	41	42	69	#
263	7.78332	36	37	38	39	40	41	42	43	69	#
264	7.78332	37	38	39	40	41	42	43	44	69	#
265	7.78332	38	39	40	41	42	43	44	45	69	#
266	7.78332	39	40	41	42	43	44	45	46	69	#
267	7.78332	40	41	42	43	44	45	46	47	69	#
268	7.78332	41	42	43	44	45	46	47	48	69	#
269	7.78332	42	43	44	45	46	47	48	49	69	#
270	7.78332	43	44	45	46	47	48	49	50	69	#
271	7.78332	44	45	46	47	48	49	50	51	69	#
272	7.78332	45	46	47	48	49	50	51	52	69	#
273	7.78332	46	47	48	49	50	51	52	53	69	#
274	7.78332	47	48	49	50	51	52	53	54	69	#
275	7.78332	48	49	50	51	52	53	54	55	69	#
276	7.78332	49	50	51	52	53	54	55	56	69	#
277	7.78332	50	51	52	53	54	55	56	57	69	#
278	7.51948	51	52	53	54	55	56	57	58	69	#
279	7.51948	52	53	54	55	56	57	58	59	69	#
280	7.04205	53	54	55	56	57	58	59	60	69	#
281	7.04205	54	55	56	57	58	59	60	61	69	#
282	7.04205	55	56	57	58	59	60	61	62	69	#
283	7.04205	56	57	58	59	60	61	62	63	69	#
284	13.8506	0	1	2	3	4	5	6	70	#
285	13.8506	1	2	3	4	5	6	7	70	#
286	13.8506	2	3	4	5	6	7	8	70	#
287	13.8506	3	4	5	6	7	8	9	70	#
288	13.8506	4	5	6	7	8	9	10	70	#
289	13.8506	5	6	7	8	9	10	11	70	#
290	13.8506	6	7	8	9	10	11	12	70	#
291	13.8506	7	8	9	10	11	12	13	70	#
292	13.8506	8	9	10	11	12	13	14	70	#
293	13.8506	9	10	11	12	13	14	15	70	#
294	13.8506	10	11	12	13	14	15	16	70	#
295	13.8506	11	12	13	14	15	16	17	70	#
296	13.8506	12	13	14	15	16	17	18	70	#
297	13.8506	13	14	15	16	17	18	19	70	#
298	13.8506	14	15	16	17	18	19	20	70	#
299	13.8506	15	16	17	18	19	20	21	70	#
300	13.8506	16	17	18	19	20	21	22	70	#
301	13.8506	17	18	19	20	21	22	23	70	#
302	13.8506	18	19	20	21	22	23	24	70	#
303	13.8506	19	20	21	22	23	24	25	70	#
304	13.8506	20	21	22	23	24	25	26	70	#
305	13.8506	21	22	23	24	25	26	27	70	#
306	13.8506	22	23	24	25	26	27	28	70	#
307	13.8506	23	24	25	26	27	28	29	70	#
308	13.8506	24	25	26	27	28	29	30	70	#
309	13.8506	25	26	27	28	29	30	31	70	#
310	13.8506	26	27	28	29	30	31	32	70	#
311	13.8506	27	28	29	30	31	32	33	70	#
312	13.8506	28	29	30	31	32	33	34	70	#
313	13.8506	29	30	31	32	33	34	35	70	#
314	13.8506	30	31	32	33	34	35	36	70	#
315	13.8506	31	32	33	34	35	36	37	70	#
316	13.8506	32	33	34	35	36	37	38	70	#
317	13.8506	33	34	35	36	37	38	39	70	#
318	13.8506	34	35	36	37	38	39	40	70	#
319	13.8506	35	36	37	38	39	40	41	70	#
320	13.8506	36	37	38	39	40	41	42	70	#
321	13.8506	37	38	39	40	41	42	43	70	#
322	13.8506	38	39	40	41	42	43	44	70	#
323	13.8506	39	40	41	42	43	44	45	70	#
324	13.8506	40	41	42	43	44	45	46	70	#
325	13.8506	41	42	43	44	45	46	47	70	#
326	13.8506	42	43	44	45	46	47	48	70	#
327	13.8506	43	44	45	46	47	48	49	70	#
328	13.8506	44	45	46	47	48	49	50	70	#
329	13.8506	45	46	47	48	49	50	51	70	#
330	13.8506	46	47	48	49	50	51	52	70	#
331	13.8506	47	48	49	50	51	52	53	70	#
332	13.8506	48	49	50	51	52	53	54	70	#
333	3.42075	0	1	2	3	71	#
334	3.42075	1	2	3	4	71	#
335	3.42075	2	3	4	5	71	#
336	3.42075	3	4	5	6	71	#
337	3.42075	4	5	6	7	71	#
338	3.42075	5	6	7	8	71	#
339	3.42075	6	7	8	9	71	#
340	3.42075	7	8	9	10	71	#
341	3.42075	8	9	10	11	71	#
342	3.42075	9	10	11	12	71	#
343	3.42075	10	11	12	13	71	#
344	5.4547	0	1	2	3	4	72	#
345	5.4547	1	2	3	4	5	72	#
346	5.4547	2	3	4	5	6	72	#
347	5.4547	3	4	5	6	7	72	#
348	5.4547	4	5	6	7	8	72	#
349	5.4547	5	6	7	8	9	72	#
350	5.4547	6	7	8	9	10	72	#
351	5.4547	7	8	9	10	11	72	#
352	5.4547	8	9	10	11	12	72	#
353	5.4547	9	10	11	12	13	72	#
354	5.4547	10	11	12	13	14	72	#
355	5.4547	11	12	13	14	15	72	#
356	5.4547	12	13	14	15	16	72	#
357	5.4547	13	14	15	16	17	72	#
358	5.4547	14	15	16	17	18	72	#
359	5.4547	15	16	17	18	19	72	#
360	5.4547	16	17	18	19	20	72	#
361	5.4547	17	18	19	20	21	72	#
362	5.4547	18	19	20	21	22	72	#
363	5.4547	19	20	21	22	23	72	#
364	5.4547	20	21	22	23	24	72	#
365	5.4547	21	22	23	24	25	72	#
366	5.4547	22	23	24	25	26	72	#
367	5.4547	23	24	25	26	27	72	#
368	5.4547	24	25	26	27	28	72	#
369	5.4547	25	26	27	28	29	72	#
370	5.4547	26	27	28	29	30	72	#
371	5.4547	27	28	29	30	31	72	#
372	5.4547	28	29	30	31	32	72	#
373	5.4547	29	30	31	32	33	72	#
374	5.4547	30	31	32	33	34	72	#
375	5.4547	31	32	33	34	35	72	#
376	5.4547	32	33	34	35	36	72	#
377	5.4547	33	34	35	36	37	72	#
378	5.4547	34	35	36	37	38	72	#
379	5.4547	35	36	37	38	39	72	#
380	4.25467	36	37	38	39	40	72	#
381	4.25467	37	38	39	40	41	72	#
382	4.25467	38	39	40	41	42	72	#
383	4.25467	39	40	41	42	43	72	#
384	4.25467	40	41	42	43	44	72	#
385	4.25467	41	42	43	44	45	72	#
386	4.25467	42	43	44	45	46	72	#
387	4.25467	43	44	45	46	47	72	#
388	4.25467	44	45	46	47	48	72	#
389	4.25467	45	46	47	48	49	72	#
390	4.25467	46	47	48	49	50	72	#
391	5.58332	0	1	2	73	#
392	5.58332	1	2	3	73	#
393	5.58332	2	3	4	73	#
394	5.58332	3	4	5	73	#
395	5.58332	4	5	6	73	#
396	5.58332	5	6	7	73	#
397	5.58332	6	7	8	73	#
398	5.58332	7	8	9	73	#
399	5.58332	8	9	10	73	#
400	5.58332	9	10	11	73	#
401	4.72434	10	11	12	73	#
402	4.72434	11	12	13	73	#
403	2.11781	12	13	14	73	#
404	2.11781	13	14	15	73	#
405	2.11781	14	15	16	73	#
406	2.11781	15	16	17	73	#
407	2.11781	16	17	18	73	#
408	2.11781	17	18	19	73	#
409	2.11781	18	19	20	73	#
410	2.11781	19	20	21	73	#
411	2.11781	20	21	22	73	#
412	2.11781	21	22	23	73	#
413	2.11781	22	23	24	73	#
414	2.11781	23	24	25	73	#
415	2.11781	24	25	26	73	#
416	2.11781	25	26	27	73	#
417	2.11781	26	27	28	73	#
418	2.11781	27	28	29	73	#
419	1.6599	28	29	30	73	#
420	1.6599	29	30	31	73	#
421	1.6599	30	31	32	73	#
422	1.6599	31	32	33	73	#
423	1.6599	32	33	34	73	#
424	1.6599	33	34	35	73	#
425	1.6599	34	35	36	73	#
426	1.6599	35	36	37	73	#
427	7.88334	0	1	2	3	4	5	6	7	8	74	#
428	7.88334	1	2	3	4	5	6	7	8	9	74	#
429	7.88334	2	3	4	5	6	7	8	9	10	74	#
430	7.88334	3	4	5	6	7	8	9	10	11	74	#
431	7.88334	4	5	6	7	8	9	10	11	12	74	#
432	7.88334	5	6	7	8	9	10	11	12	13	74	#
433	7.88334	6	7	8	9	10	11	12	13	14	74	#
434	7.88334	7	8	9	10	11	12	13	14	15	74	#
435	7.88334	8	9	10	11	12	13	14	15	16	74	#
436	7.88334	9	10	11	12	13	14	15	16	17	74	#
437	7.88334	10	11	12	13	14	15	16	17	18	74	#
438	7.88334	11	12	13	14	15	16	17	18	19	74	#
439	7.88334	12	13	14	15	16	17	18	19	20	74	#
440	7.88334	13	14	15	16	17	18	19	20	21	74	#
441	7.88334	14	15	16	17	18	19	20	21	22	74	#
442	7.88334	15	16	17	18	19	20	21	22	23	74	#
443	7.88334	16	17	18	19	20	21	22	23	24	74	#
444	7.88334	17	18	19	20	21	22	23	24	25	74	#
445	7.88334	18	19	20	21	22	23	24	25	26	74	#
446	7.88334	19	20	21	22	23	24	25	26	27	74	#
447	7.88334	20	21	22	23	24	25	26	27	28	74	#
448	7.88334	21	22	23	24	25	26	27	28	29	74	#
449	7.88334	22	23	24	25	26	27	28	29	30	74	#
450	7.88334	23	24	25	26	27	28	29	30	31	74	#
451	7.88334	24	25	26	27	28	29	30	31	32	74	#
452	7.88334	25	26	27	28	29	30	31	32	33	74	#
453	7.88334	26	27	28	29	30	31	32	33	34	74	#
454	7.88334	27	28	29	30	31	32	33	34	35	74	#
455	7.88334	28	29	30	31	32	33	34	35	36	74	#
456	7.88334	29	30	31	32	33	34	35	36	37	74	#
457	7.88334	30	31	32	33	34	35	36	37	38	74	#
458	7.88334	31	32	33	34	35	36	37	38	39	74	#
459	7.88334	32	33	34	35	36	37	38	39	40	74	#
460	7.03404	0	1	2	3	4	75	#
461	7.03404	1	2	3	4	5	75	#
462	7.03404	2	3	4	5	6	75	#
463	7.03404	3	4	5	6	7	75	#
464	7.03404	4	5	6	7	8	75	#
465	7.03404	5	6	7	8	9	75	#
466	7.03404	6	7	8	9	10	75	#
467	7.03404	7	8	9	10	11	75	#
468	7.03404	8	9	10	11	12	75	#
469	7.03404	9	10	11	12	13	75	#
470	7.03404	10	11	12	13	14	75	#
471	7.03404	11	12	13	14	15	75	#
472	7.03404	12	13	14	15	16	75	#
473	7.03404	13	14	15	16	17	75	#
474	7.03404	14	15	16	17	18	75	#
475	7.03404	15	16	17	18	19	75	#
476	7.03404	16	17	18	19	20	75	#
477	7.03404	17	18	19	20	21	75	#
478	7.03404	18	19	20	21	22	75	#
479	7.03404	19	20	21	22	23	75	#
480	7.03404	20	21	22	23	24	75	#
481	6.49296	21	22	23	24	25	75	#
482	6.49296	22	23	24	25	26	75	#
483	6.02918	23	24	25	26	27	75	#
484	6.02918	24	25	26	27	28	75	#
485	4.56262	25	26	27	28	29	75	#
486	4.56262	26	27	28	29	30	75	#
487	4.56262	27	28	29	30	31	75	#
488	4.56262	28	29	30	31	32	75	#
489	4.56262	29	30	31	32	33	75	#
490	4.56262	30	31	32	33	34	75	#
491	4.56262	31	32	33	34	35	75	#
492	4.56262	32	33	34	35	36	75	#
493	4.56262	33	34	35	36	37	75	#
494	1.98119	0	1	76	#
495	1.98119	1	2	76	#
496	1.98119	2	3	76	#
497	1.98119	3	4	76	#
498	1.98119	4	5	76	#
499	1.98119	5	6	76	#
500	1.98119	6	7	76	#
501	1.98119	7	8	76	#
502	1.98119	8	9	76	#
503	1.98119	9	10	76	#
504	1.98119	10	11	76	#
505	1.98119	11	12	76	#
506	1.98119	12	13	76	#
507	1.98119	13	14	76	#
508	1.98119	14	15	76	#
509	1.98119	15	16	76	#
510	1.98119	16	17	76	#
511	1.98119	17	18	76	#
512	1.98119	18	19	76	#
513	1.98119	19	20	76	#
514	1.98119	20	21	76	#
515	1.98119	21	22	76	#
516	1.98119	22	23	76	#
517	1.98119	23	24	76	#
518	1.98119	24	25	76	#
519	1.98119	25	26	76	#
520	1.98119	26	27	76	#
521	1.98119	27	28	76	#
522	1.98119	28	29	76	#
523	1.98119	29	30	76	#
524	1.98119	30	31	76	#
525	1.98119	31	32	76	#
526	1.98119	32	33	76	#
527	1.98119	33	34	76	#
528	1.98119	34	35	76	#
529	1.98119	35	36	76	#
530	1.98119	36	37	76	#
531	1.98119	37	38	76	#
532	1.98119	38	39	76	#
533	1.98119	39	40	76	#
534	1.98119	40	41	76	#
535	1.98119	41	42	76	#
536	1.98119	42	43	76	#
537	1.98119	43	44	76	#
538	1.98119	44	45	76	#
539	1.98119	45	46	76	#
540	1.98119	46	47	76	#
541	1.98119	47	48	76	#
542	1.98119	48	49	76	#
543	1.98119	49	50	76	#
544	1.98119	50	51	76	#
545	1.98119	51	52	76	#
546	1.98119	52	53	76	#
547	1.98119	53	54	76	#
548	1.98119	54	55	76	#
549	1.98119	55	56	76	#
550	1.98119	56	57	76	#
551	1.88213	57	58	76	#
552	1.88213	58	59	76	#
553	1.88213	59	60	76	#
554	1.82142	60	61	76	#
555	1.82142	61	62	76	#
556	1.79251	62	63	76	#
557	3.55172	0	1	2	77	#
558	3.55172	1	2	3	77	#
559	3.55172	2	3	4	77	#
560	3.55172	3	4	5	77	#
561	3.55172	4	5	6	77	#
562	3.55172	5	6	7	77	#
563	3.55172	6	7	8	77	#
564	3.55172	7	8	9	77	#
565	3.55172	8	9	10	77	#
566	3.55172	9	10	11	77	#
567	3.55172	10	11	12	77	#
568	3.55172	11	12	13	77	#
569	3.55172	12	13	14	77	#
570	3.55172	13	14	15	77	#
571	3.55172	14	15	16	77	#
572	3.55172	15	16	17	77	#
573	3.55172	16	17	18	77	#
574	3.55172	17	18	19	77	#
575	3.55172	18	19	20	77	#
576	3.55172	19	20	21	77	#
577	3.55172	20	21	22	77	#
578	3.55172	21	22	23	77	#
579	3.55172	22	23	24	77	#
580	3.55172	23	24	25	77	#
581	3.55172	24	25	26	77	#
582	3.55172	25	26	27	77	#
583	3.55172	26	27	28	77	#
584	3.55172	27	28	29	77	#
585	3.55172	28	29	30	77	#
586	3.55172	29	30	31	77	#
587	3.55172	30	31	32	77	#
588	3.55172	31	32	33	77	#
589	3.55172	32	33	34	77	#
590	3.55172	33	34	35	77	#
591	3.55172	34	35	36	77	#
592	3.55172	35	36	37	77	#
593	3.55172	36	37	38	77	#
594	3.55172	37	38	39	77	#
595	3.55172	38	39	40	77	#
596	3.55172	39	40	41	77	#
597	3.55172	40	41	42	77	#
598	3.55172	41	42	43	77	#
599	19.8693	0	1	2	3	4	5	6	7	8	78	#
600	19.8693	1	2	3	4	5	6	7	8	9	78	#
601	19.8693	2	3	4	5	6	7	8	9	10	78	#
602	19.8693	3	4	5	6	7	8	9	10	11	78	#
603	19.8693	4	5	6	7	8	9	10	11	12	78	#
604	19.8693	5	6	7	8	9	10	11	12	13	78	#
605	19.8693	6	7	8	9	10	11	12	13	14	78	#
606	19.8693	7	8	9	10	11	12	13	14	15	78	#
607	19.8693	8	9	10	11	12	13	14	15	16	78	#
608	19.8693	9	10	11	12	13	14	15	16	17	78	#
609	19.8693	10	11	12	13	14	15	16	17	18	78	#
610	19.8693	11	12	13	14	15	16	17	18	19	78	#
611	19.8693	12	13	14	15	16	17	18	19	20	78	#
612	19.8693	13	14	15	16	17	18	19	20	21	78	#
613	19.8693	14	15	16	17	18	19	20	21	22	78	#
614	19.8693	15	16	17	18	19	20	21	22	23	78	#
615	19.8693	16	17	18	19	20	21	22	23	24	78	#
616	19.8693	17	18	19	20	21	22	23	24	25	78	#
617	19.8693	18	19	20	21	22	23	24	25	26	78	#
618	19.8693	19	20	21	22	23	24	25	26	27	78	#
619	19.8693	20	21	22	23	24	25	26	27	28	78	#
620	19.8693	21	22	23	24	25	26	27	28	29	78	#
621	19.8693	22	23	24	25	26	27	28	29	30	78	#
622	19.8693	23	24	25	26	27	28	29	30	31	78	#
623	19.8693	24	25	26	27	28	29	30	31	32	78	#
624	19.8693	25	26	27	28	29	30	31	32	33	78	#
625	19.8693	26	27	28	29	30	31	32	33	34	78	#
626	19.8693	27	28	29	30	31	32	33	34	35	78	#
627	19.8693	28	29	30	31	32	33	34	35	36	78	#
628	19.8693	29	30	31	32	33	34	35	36	37	78	#
629	19.8693	30	31	32	33	34	35	36	37	38	78	#
630	19.8693	31	32	33	34	35	36	37	38	39	78	#
631	19.8693	32	33	34	35	36	37	38	39	40	78	#
632	19.8693	33	34	35	36	37	38	39	40	41	78	#
633	12.9308	34	35	36	37	38	39	40	41	42	78	#
634	12.9308	35	36	37	38	39	40	41	42	43	78	#
635	12.9308	36	37	38	39	40	41	42	43	44	78	#
636	12.9308	37	38	39	40	41	42	43	44	45	78	#
637	12.9308	38	39	40	41	42	43	44	45	46	78	#
638	12.9308	39	40	41	42	43	44	45	46	47	78	#
639	12.9308	40	41	42	43	44	45	46	47	48	78	#
640	12.9308	41	42	43	44	45	46	47	48	49	78	#
641	12.9308	42	43	44	45	46	47	48	49	50	78	#
642	12.9308	43	44	45	46	47	48	49	50	51	78	#
643	12.9308	44	45	46	47	48	49	50	51	52	78	#
644	12.9308	45	46	47	48	49	50	51	52	53	78	#
645	12.9308	46	47	48	49	50	51	52	53	54	78	#
646	12.9308	47	48	49	50	51	52	53	54	55	78	#
647	12.9308	48	49	50	51	52	53	54	55	56	78	#
648	12.9308	49	50	51	52	53	54	55	56	57	78	#
649	12.9308	50	51	52	53	54	55	56	57	58	78	#
650	12.9308	51	52	53	54	55	56	57	58	59	78	#
651	12.9308	52	53	54	55	56	57	58	59	60	78	#
652	12.9308	53	54	55	56	57	58	59	60	61	78	#
653	12.9308	54	55	56	57	58	59	60	61	62	78	#
654	12.9308	55	56	57	58	59	60	61	62	63	78	#
655	7.65286	0	1	2	3	79	#
656	7.65286	1	2	3	4	79	#
657	7.65286	2	3	4	5	79	#
658	7.65286	3	4	5	6	79	#
659	7.65286	4	5	6	7	79	#
660	7.65286	5	6	7	8	79	#
661	7.65286	6	7	8	9	79	#
662	7.65286	7	8	9	10	79	#
663	7.65286	8	9	10	11	79	#
664	7.65286	9	10	11	12	79	#
665	7.65286	10	11	12	13	79	#
666	7.65286	11	12	13	14	79	#
667	7.65286	12	13	14	15	79	#
668	7.65286	13	14	15	16	79	#
669	7.65286	14	15	16	17	79	#
670	7.65286	15	16	17	18	79	#
671	7.65286	16	17	18	19	79	#
672	7.65286	17	18	19	20	79	#
673	7.65286	18	19	20	21	79	#
674	7.65286	19	20	21	22	79	#
675	7.65286	20	21	22	23	79	#
676	7.65286	21	22	23	24	79	#
677	7.65286	22	23	24	25	79	#
678	7.65286	23	24	25	26	79	#
679	7.65286	24	25	26	27	79	#
680	7.65286	25	26	27	28	79	#
681	3.7593	26	27	28	29	79	#
682	3.7593	27	28	29	30	79	#
683	3.7593	28	29	30	31	79	#
684	3.7593	29	30	31	32	79	#
685	3.7593	30	31	32	33	79	#
686	3.7593	31	32	33	34	79	#
687	3.7593	32	33	34	35	79	#
688	3.7593	33	34	35	36	79	#
689	3.7593	34	35	36	37	79	#
690	3.7593	35	36	37	38	79	#
691	3.7593	36	37	38	39	79	#
692	3.7593	37	38	39	40	79	#
693	3.7593	38	39	40	41	79	#
694	3.7593	39	40	41	42	79	#
695	3.7593	40	41	42	43	79	#
696	3.7593	41	42	43	44	79	#
697	3.7593	42	43	44	45	79	#
698	3.7593	43	44	45	46	79	#
699	3.7593	44	45	46	47	79	#
700	3.7593	45	46	47	48	79	#
701	3.7593	46	47	48	49	79	#
702	3.7593	47	48	49	50	79	#
703	3.7593	48	49	50	51	79	#
704	3.7593	49	50	51	52	79	#
705	3.7593	50	51	52	53	79	#
706	3.7593	51	52	53	54	79	#
707	3.7593	52	53	54	55	79	#
708	3.7593	53	54	55	56	79	#
709	3.7593	54	55	56	57	79	#
710	3.63187	55	56	57	58	79	#
711	3.63187	56	57	58	59	79	#
712	3.57134	57	58	59	60	79	#
713	3.51279	58	59	60	61	79	#
714	12.308	0	1	2	3	4	5	6	7	80	#
715	12.308	1	2	3	4	5	6	7	8	80	#
716	12.308	2	3	4	5	6	7	8	9	80	#
717	12.308	3	4	5	6	7	8	9	10	80	#
718	12.308	4	5	6	7	8	9	10	11	80	#
719	12.308	5	6	7	8	9	10	11	12	80	#
720	12.308	6	7	8	9	10	11	12	13	80	#
721	12.308	7	8	9	10	11	12	13	14	80	#
722	12.308	8	9	10	11	12	13	14	15	80	#
723	12.308	9	10	11	12	13	14	15	16	80	#
724	12.308	10	11	12	13	14	15	16	17	80	#
725	12.308	11	12	13	14	15	16	17	18	80	#
726	12.308	12	13	14	15	16	17	18	19	80	#
727	12.308	13	14	15	16	17	18	19	20	80	#
728	12.308	14	15	16	17	18	19	20	21	80	#
729	12.308	15	16	17	18	19	20	21	22	80	#
730	12.308	16	17	18	19	20	21	22	23	80	#
731	12.308	17	18	19	20	21	22	23	24	80	#
732	12.308	18	19	20	21	22	23	24	25	80	#
733	12.308	19	20	21	22	23	24	25	26	80	#
734	12.308	20	21	22	23	24	25	26	27	80	#
735	12.308	21	22	23	24	25	26	27	28	80	#
736	12.308	22	23	24	25	26	27	28	29	80	#
737	12.308	23	24	25	26	27	28	29	30	80	#
738	12.308	24	25	26	27	28	29	30	31	80	#
739	12.308	25	26	27	28	29	30	31	32	80	#
740	12.308	26	27	28	29	30	31	32	33	80	#
741	12.308	27	28	29	30	31	32	33	34	80	#
742	12.308	28	29	30	31	32	33	34	35	80	#
743	12.308	29	30	31	32	33	34	35	36	80	#
744	12.308	30	31	32	33	34	35	36	37	80	#
745	12.308	31	32	33	34	35	36	37	38	80	#
746	12.308	32	33	34	35	36	37	38	39	80	#
747	12.308	33	34	35	36	37	38	39	40	80	#
748	11.7219	34	35	36	37	38	39	40	41	80	#
749	11.7219	35	36	37	38	39	40	41	42	80	#
750	8.48828	36	37	38	39	40	41	42	43	80	#
751	8.48828	37	38	39	40	41	42	43	44	80	#
752	8.48828	38	39	40	41	42	43	44	45	80	#
753	8.48828	39	40	41	42	43	44	45	46	80	#
754	8.48828	40	41	42	43	44	45	46	47	80	#
755	8.48828	41	42	43	44	45	46	47	48	80	#
756	8.48828	42	43	44	45	46	47	48	49	80	#
757	8.48828	43	44	45	46	47	48	49	50	80	#
758	8.48828	44	45	46	47	48	49	50	51	80	#
759	8.48828	45	46	47	48	49	50	51	52	80	#
760	8.48828	46	47	48	49	50	51	52	53	80	#
761	8.48828	47	48	49	50	51	52	53	54	80	#
762	8.48828	48	49	50	51	52	53	54	55	80	#
763	8.48828	49	50	51	52	53	54	55	56	80	#
764	8.48828	50	51	52	53	54	55	56	57	80	#
765	8.48828	51	52	53	54	55	56	57	58	80	#
766	8.20533	52	53	54	55	56	57	58	59	80	#
767	8.20533	53	54	55	56	57	58	59	60	80	#
768	3.81105	0	1	2	81	#
769	3.81105	1	2	3	81	#
770	3.81105	2	3	4	81	#
771	3.81105	3	4	5	81	#
772	3.81105	4	5	6	81	#
773	3.81105	5	6	7	81	#
774	3.81105	6	7	8	81	#
775	3.81105	7	8	9	81	#
776	3.81105	8	9	10	81	#
777	1.15486	9	10	11	81	#
778	1.15486	10	11	12	81	#
779	1.15486	11	12	13	81	#
780	1.15486	12	13	14	81	#
781	1.15486	13	14	15	81	#
782	1.15486	14	15	16	81	#
783	1.15486	15	16	17	81	#
784	1.15486	16	17	18	81	#
785	1.15486	17	18	19	81	#
786	1.15486	18	19	20	81	#
787	1.15486	19	20	21	81	#
788	1.15486	20	21	22	81	#
789	1.15486	21	22	23	81	#
790	1.15486	22	23	24	81	#
791	1.15486	23	24	25	81	#
792	1.15486	24	25	26	81	#
793	1.15486	25	26	27	81	#
794	1.15486	26	27	28	81	#
795	1.15486	27	28	29	81	#
796	1.15486	28	29	30	81	#
797	1.15486	29	30	31	81	#
798	1.15486	30	31	32	81	#
799	1.15486	31	32	33	81	#
800	1.1209	32	33	34	81	#
801	0.692917	33	34	35	81	#
802	0.692917	34	35	36	81	#
803	0.692917	35	36	37	81	#
804	0.692917	36	37	38	81	#
805	0.692917	37	38	39	81	#
806	0.692917	38	39	40	81	#
807	0.692917	39	40	41	81	#
808	0.692917	40	41	42	81	#
809	0.692917	41	42	43	81	#
810	0.692917	42	43	44	81	#
811	0.692917	43	44	45	81	#
812	0.692917	44	45	46	81	#
813	0.692917	45	46	47	81	#
814	0.692917	46	47	48	81	#
815	0.692917	47	48	49	81	#
816	0.692917	48	49	50	81	#
817	0.692917	49	50	51	81	#
818	0.692917	50	51	52	81	#
819	0.692917	51	52	53	81	#
820	0.692917	52	53	54	81	#
821	0.692917	53	54	55	81	#
822	0.668605	54	55	56	81	#
823	0.668605	55	56	57	81	#
824	0.624762	56	57	58	81	#
825	0.624762	57	58	59	81	#
826	0.624762	58	59	60	81	#
827	0.624762	59	60	61	81	#
828	0.614685	60	61	62	81	#
829	0.604928	61	62	63	81	#
830	12.4569	0	1	2	3	4	5	6	7	8	9	82	#
831	12.4569	1	2	3	4	5	6	7	8	9	10	82	#
832	12.4569	2	3	4	5	6	7	8	9	10	11	82	#
833	12.4569	3	4	5	6	7	8	9	10	11	12	82	#
834	12.4569	4	5	6	7	8	9	10	11	12	13	82	#
835	12.4569	5	6	7	8	9	10	11	12	13	14	82	#
836	3.35377	6	7	8	9	10	11	12	13	14	15	82	#
837	3.35377	7	8	9	10	11	12	13	14	15	16	82	#
838	3.35377	8	9	10	11	12	13	14	15	16	17	82	#
839	3.35377	9	10	11	12	13	14	15	16	17	18	82	#
840	3.35377	10	11	12	13	14	15	16	17	18	19	82	#
841	3.35377	11	12	13	14	15	16	17	18	19	20	82	#
842	3.35377	12	13	14	15	16	17	18	19	20	21	82	#
843	3.35377	13	14	15	16	17	18	19	20	21	22	82	#
844	3.35377	14	15	16	17	18	19	20	21	22	23	82	#
845	3.35377	15	16	17	18	19	20	21	22	23	24	82	#
846	3.35377	16	17	18	19	20	21	22	23	24	25	82	#
847	3.35377	17	18	19	20	21	22	23	24	25	26	82	#
848	3.35377	18	19	20	21	22	23	24	25	26	27	82	#
849	3.35377	19	20	21	22	23	24	25	26	27	28	82	#
850	3.35377	20	21	22	23	24	25	26	27	28	29	82	#
851	3.35377	21	22	23	24	25	26	27	28	29	30	82	#
852	3.35377	22	23	24	25	26	27	28	29	30	31	82	#
853	3.35377	23	24	25	26	27	28	29	30	31	32	82	#
854	3.35377	24	25	26	27	28	29	30	31	32	33	82	#
855	3.35377	25	26	27	28	29	30	31	32	33	34	82	#
856	3.35377	26	27	28	29	30	31	32	33	34	35	82	#
857	3.35377	27	28	29	30	31	32	33	34	35	36	82	#
858	3.35377	28	29	30	31	32	33	34	35	36	37	82	#
859	3.35377	29	30	31	32	33	34	35	36	37	38	82	#
860	3.35377	30	31	32	33	34	35	36	37	38	39	82	#
861	3.35377	31	32	33	34	35	36	37	38	39	40	82	#
862	3.35377	32	33	34	35	36	37	38	39	40	41	82	#
863	3.35377	33	34	35	36	37	38	39	40	41	42	82	#
864	3.35377	34	35	36	37	38	39	40	41	42	43	82	#
865	3.35377	35	36	37	38	39	40	41	42	43	44	82	#
866	3.35377	36	37	38	39	40	41	42	43	44	45	82	#
867	3.35377	37	38	39	40	41	42	43	44	45	46	82	#
868	3.35377	38	39	40	41	42	43	44	45	46	47	82	#
869	3.35377	39	40	41	42	43	44	45	46	47	48	82	#
870	3.35377	40	41	42	43	44	45	46	47	48	49	82	#
871	3.35377	41	42	43	44	45	46	47	48	49	50	82	#
872	3.35377	42	43	44	45	46	47	48	49	50	51	82	#
873	3.35377	43	44	45	46	47	48	49	50	51	52	82	#
874	3.22956	44	45	46	47	48	49	50	51	52	53	82	#
875	3.22956	45	46	47	48	49	50	51	52	53	54	82	#
876	3.05958	46	47	48	49	50	51	52	53	54	55	82	#
877	3.05958	47	48	49	50	51	52	53	54	55	56	82	#
878	3.05958	48	49	50	51	52	53	54	55	56	57	82	#
879	2.95587	49	50	51	52	53	54	55	56	57	58	82	#
880	2.95587	50	51	52	53	54	55	56	57	58	59	82	#
881	2.9066	51	52	53	54	55	56	57	58	59	60	82	#
882	2.85895	52	53	54	55	56	57	58	59	60	61	82	#
883	2.76819	53	54	55	56	57	58	59	60	61	62	82	#
884	2.76819	54	55	56	57	58	59	60	61	62	63	82	#
885	17.8766	0	1	2	3	4	5	6	7	8	83	#
886	17.8766	1	2	3	4	5	6	7	8	9	83	#
887	17.8766	2	3	4	5	6	7	8	9	10	83	#
888	17.8766	3	4	5	6	7	8	9	10	11	83	#
889	17.8766	4	5	6	7	8	9	10	11	12	83	#
890	17.8766	5	6	7	8	9	10	11	12	13	83	#
891	17.8766	6	7	8	9	10	11	12	13	14	83	#
892	17.8766	7	8	9	10	11	12	13	14	15	83	#
893	17.8766	8	9	10	11	12	13	14	15	16	83	#
894	17.8766	9	10	11	12	13	14	15	16	17	83	#
895	17.8766	10	11	12	13	14	15	16	17	18	83	#
896	17.8766	11	12	13	14	15	16	17	18	19	83	#
897	17.8766	12	13	14	15	16	17	18	19	20	83	#
898	17.8766	13	14	15	16	17	18	19	20	21	83	#
899	17.8766	14	15	16	17	18	19	20	21	22	83	#
900	17.8766	15	16	17	18	19	20	21	22	23	83	#
901	17.8766	16	17	18	19	20	21	22	23	24	83	#
902	17.8766	17	18	19	20	21	22	23	24	25	83	#
903	17.8766	18	19	20	21	22	23	24	25	26	83	#
904	17.8766	19	20	21	22	23	24	25	26	27	83	#
905	17.8766	20	21	22	23	24	25	26	27	28	83	#
906	17.8766	21	22	23	24	25	26	27	28	29	83	#
907	17.8766	22	23	24	25	26	27	28	29	30	83	#
908	17.8766	23	24	25	26	27	28	29	30	31	83	#
909	9.23623	24	25	26	27	28	29	30	31	32	83	#
910	9.23623	25	26	27	28	29	30	31	32	33	83	#
911	9.23623	26	27	28	29	30	31	32	33	34	83	#
912	9.23623	27	28	29	30	31	32	33	34	35	83	#
913	9.23623	28	29	30	31	32	33	34	35	36	83	#
914	9.23623	29	30	31	32	33	34	35	36	37	83	#
915	9.23623	30	31	32	33	34	35	36	37	38	83	#
916	9.23623	31	32	33	34	35	36	37	38	39	83	#
917	9.23623	32	33	34	35	36	37	38	39	40	83	#
918	9.23623	33	34	35	36	37	38	39	40	41	83	#
919	9.23623	34	35	36	37	38	39	40	41	42	83	#
920	9.23623	35	36	37	38	39	40	41	42	43	83	#
921	9.23623	36	37	38	39	40	41	42	43	44	83	#
922	9.23623	37	38	39	40	41	42	43	44	45	83	#
923	9.23623	38	39	40	41	42	43	44	45	46	83	#
924	9.23623	39	40	41	42	43	44	45	46	47	83	#
925	9.23623	40	41	42	43	44	45	46	47	48	83	#
926	9.23623	41	42	43	44	45	46	47	48	49	83	#
927	9.23623	42	43	44	45	46	47	48	49	50	83	#
928	9.23623	43	44	45	46	47	48	49	50	51	83	#
929	9.23623	44	45	46	47	48	49	50	51	52	83	#
930	9.23623	45	46	47	48	49	50	51	52	53	83	#
931	9.23623	46	47	48	49	50	51	52	53	54	83	#
932	9.23623	47	48	49	50	51	52	53	54	55	83	#
933	9.23623	48	49	50	51	52	53	54	55	56	83	#
934	9.23623	49	50	51	52	53	54	55	56	57	83	#
935	9.23623	50	51	52	53	54	55	56	57	58	83	#
936	9.23623	51	52	53	54	55	56	57	58	59	83	#
937	9.23623	52	53	54	55	56	57	58	59	60	83	#
938	8.93829	53	54	55	56	57	58	59	60	61	83	#
939	8.93829	54	55	56	57	58	59	60	61	62	83	#
940	8.79641	55	56	57	58	59	60	61	62	63	83	#
941	12.1318	0	1	2	3	4	5	6	7	8	9	84	#
942	12.1318	1	2	3	4	5	6	7	8	9	10	84	#
943	12.1318	2	3	4	5	6	7	8	9	10	11	84	#
944	12.1318	3	4	5	6	7	8	9	10	11	12	84	#
945	12.1318	4	5	6	7	8	9	10	11	12	13	84	#
946	12.1318	5	6	7	8	9	10	11	12	13	14	84	#
947	12.1318	6	7	8	9	10	11	12	13	14	15	84	#
948	12.1318	7	8	9	10	11	12	13	14	15	16	84	#
949	12.1318	8	9	10	11	12	13	14	15	16	17	84	#
950	12.1318	9	10	11	12	13	14	15	16	17	18	84	#
951	12.1318	10	11	12	13	14	15	16	17	18	19	84	#
952	3.65374	0	1	2	3	85	#
953	3.65374	1	2	3	4	85	#
954	3.65374	2	3	4	5	85	#
955	3.65374	3	4	5	6	85	#
956	3.65374	4	5	6	7	85	#
957	3.65374	5	6	7	8	85	#
958	3.65374	6	7	8	9	85	#
959	3.65374	7	8	9	10	85	#
960	3.65374	8	9	10	11	85	#
961	3.65374	9	10	11	12	85	#
962	3.65374	10	11	12	13	85	#
963	3.65374	11	12	13	14	85	#
964	3.65374	12	13	14	15	85	#
965	3.65374	13	14	15	16	85	#
966	3.65374	14	15	16	17	85	#
967	3.65374	15	16	17	18	85	#
968	3.65374	16	17	18	19	85	#
969	3.65374	17	18	19	20	85	#
970	3.65374	18	19	20	21	85	#
971	3.65374	19	20	21	22	85	#
972	3.65374	20	21	22	23	85	#
973	3.65374	21	22	23	24	85	#
974	3.65374	22	23	24	25	85	#
975	3.65374	23	24	25	26	85	#
976	3.65374	24	25	26	27	85	#
977	3.65374	25	26	27	28	85	#
978	3.65374	26	27	28	29	85	#
979	3.65374	27	28	29	30	85	#
980	8.08019	0	1	2	3	4	5	86	#
981	8.08019	1	2	3	4	5	6	86	#
982	8.08019	2	3	4	5	6	7	86	#
983	8.08019	3	4	5	6	7	8	86	#
984	8.08019	4	5	6	7	8	9	86	#
985	8.08019	5	6	7	8	9	10	86	#
986	8.08019	6	7	8	9	10	11	86	#
987	8.08019	7	8	9	10	11	12	86	#
988	8.08019	8	9	10	11	12	13	86	#
989	8.08019	9	10	11	12	13	14	86	#
990	8.08019	10	11	12	13	14	15	86	#
991	8.08019	11	12	13	14	15	16	86	#
992	8.08019	12	13	14	15	16	17	86	#
993	8.08019	13	14	15	16	17	18	86	#
994	8.08019	14	15	16	17	18	19	86	#
995	8.08019	15	16	17	18	19	20	86	#
996	8.08019	16	17	18	19	20	21	86	#
997	8.08019	17	18	19	20	21	22	86	#
998	8.08019	18	19	20	21	22	23	86	#
999	8.08019	19	20	21	22	23	24	86	#
1000	8.08019	20	21	22	23	24	25	86	#
1001	8.08019	21	22	23	24	25	26	86	#
1002	8.08019	22	23	24	25	26	27	86	#
1003	8.08019	23	24	25	26	27	28	86	#
1004	8.08019	24	25	26	27	28	29	86	#
1005	8.08019	25	26	27	28	29	30	86	#
1006	8.08019	26	27	28	29	30	31	86	#
1007	8.08019	27	28	29	30	31	32	86	#
1008	8.08019	28	29	30	31	32	33	86	#
1009	8.08019	29	30	31	32	33	34	86	#
1010	8.08019	30	31	32	33	34	35	86	#
1011	8.08019	31	32	33	34	35	36	86	#
1012	8.08019	32	33	34	35	36	37	86	#
1013	6.95272	33	34	35	36	37	38	86	#
1014	6.95272	34	35	36	37	38	39	86	#
1015	6.95272	35	36	37	38	39	40	86	#
1016	6.95272	36	37	38	39	40	41	86	#
1017	6.95272	37	38	39	40	41	42	86	#
1018	6.95272	38	39	40	41	42	43	86	#
