%% File generated by CATS v.2.1Wed Jun 22 10:37:56 2022

%% The CATS webpage is http://robotics.stanford.edu/CATS

%% PARAMETER SETTINGS:
% Goods: 64; Bids: 1000; Distribution: scheduling; Runs: 1; Seed: 1656573095
% Scheduling Distribution Parameters:
% max_length                = 10
% deviation                 = 0.500000
% prob_additional_deadline  = 0.700000
% additivity                = 0.200000



goods 64
bids 1034
dummy 24

0	1.44235	0	1	64	#
1	1.44235	1	2	64	#
2	1.44235	2	3	64	#
3	1.44235	3	4	64	#
4	1.44235	4	5	64	#
5	1.44235	5	6	64	#
6	1.44235	6	7	64	#
7	1.44235	7	8	64	#
8	1.44235	8	9	64	#
9	1.44235	9	10	64	#
10	0.351794	10	11	64	#
11	0.351794	11	12	64	#
12	0.351794	12	13	64	#
13	0.351794	13	14	64	#
14	0.351794	14	15	64	#
15	0.351794	15	16	64	#
16	0.351794	16	17	64	#
17	0.351794	17	18	64	#
18	0.351794	18	19	64	#
19	0.351794	19	20	64	#
20	0.351794	20	21	64	#
21	0.351794	21	22	64	#
22	0.351794	22	23	64	#
23	0.351794	23	24	64	#
24	0.351794	24	25	64	#
25	0.351794	25	26	64	#
26	0.351794	26	27	64	#
27	0.351794	27	28	64	#
28	0.351794	28	29	64	#
29	0.351794	29	30	64	#
30	0.351794	30	31	64	#
31	0.351794	31	32	64	#
32	0.351794	32	33	64	#
33	0.351794	33	34	64	#
34	0.351794	34	35	64	#
35	0.351794	35	36	64	#
36	0.351794	36	37	64	#
37	0.351794	37	38	64	#
38	0.351794	38	39	64	#
39	0.351794	39	40	64	#
40	0.351794	40	41	64	#
41	0.267103	41	42	64	#
42	0.267103	42	43	64	#
43	0.267103	43	44	64	#
44	0.267103	44	45	64	#
45	0.267103	45	46	64	#
46	0.267103	46	47	64	#
47	0.267103	47	48	64	#
48	0.267103	48	49	64	#
49	0.267103	49	50	64	#
50	0.267103	50	51	64	#
51	0.267103	51	52	64	#
52	0.267103	52	53	64	#
53	0.267103	53	54	64	#
54	0.244467	54	55	64	#
55	0.244467	55	56	64	#
56	0.244467	56	57	64	#
57	0.244467	57	58	64	#
58	0.244467	58	59	64	#
59	0.228945	59	60	64	#
60	0.228945	60	61	64	#
61	0.228945	61	62	64	#
62	0.228945	62	63	64	#
63	2.53126	61	62	67	#
64	12.5363	1	2	3	4	5	6	7	8	9	10	65	#
65	12.5363	2	3	4	5	6	7	8	9	10	11	65	#
66	12.5363	3	4	5	6	7	8	9	10	11	12	65	#
67	12.5363	4	5	6	7	8	9	10	11	12	13	65	#
68	12.5363	5	6	7	8	9	10	11	12	13	14	65	#
69	12.5363	6	7	8	9	10	11	12	13	14	15	65	#
70	12.5363	7	8	9	10	11	12	13	14	15	16	65	#
71	12.5363	8	9	10	11	12	13	14	15	16	17	65	#
72	12.5363	9	10	11	12	13	14	15	16	17	18	65	#
73	12.5363	10	11	12	13	14	15	16	17	18	19	65	#
74	12.5363	11	12	13	14	15	16	17	18	19	20	65	#
75	12.5363	12	13	14	15	16	17	18	19	20	21	65	#
76	12.5363	13	14	15	16	17	18	19	20	21	22	65	#
77	12.5363	14	15	16	17	18	19	20	21	22	23	65	#
78	12.5363	15	16	17	18	19	20	21	22	23	24	65	#
79	12.5363	16	17	18	19	20	21	22	23	24	25	65	#
80	12.5363	17	18	19	20	21	22	23	24	25	26	65	#
81	12.5363	18	19	20	21	22	23	24	25	26	27	65	#
82	12.5363	19	20	21	22	23	24	25	26	27	28	65	#
83	12.5363	20	21	22	23	24	25	26	27	28	29	65	#
84	10.3873	21	22	23	24	25	26	27	28	29	30	65	#
85	10.3873	22	23	24	25	26	27	28	29	30	31	65	#
86	10.3873	23	24	25	26	27	28	29	30	31	32	65	#
87	10.3873	24	25	26	27	28	29	30	31	32	33	65	#
88	10.3873	25	26	27	28	29	30	31	32	33	34	65	#
89	10.3873	26	27	28	29	30	31	32	33	34	35	65	#
90	9.82578	27	28	29	30	31	32	33	34	35	36	65	#
91	9.82578	28	29	30	31	32	33	34	35	36	37	65	#
92	18.326	0	1	2	3	4	5	6	7	8	9	#
93	3.01803	0	1	67	#
94	3.01803	1	2	67	#
95	3.01803	2	3	67	#
96	3.01803	3	4	67	#
97	3.01803	4	5	67	#
98	3.01803	5	6	67	#
99	3.01803	6	7	67	#
100	3.01803	7	8	67	#
101	3.01803	8	9	67	#
102	3.01803	9	10	67	#
103	3.01803	10	11	67	#
104	3.01803	11	12	67	#
105	3.01803	12	13	67	#
106	3.01803	13	14	67	#
107	3.01803	14	15	67	#
108	3.01803	15	16	67	#
109	3.01803	16	17	67	#
110	3.01803	17	18	67	#
111	3.01803	18	19	67	#
112	3.01803	19	20	67	#
113	3.01803	20	21	67	#
114	3.01803	21	22	67	#
115	3.01803	22	23	67	#
116	3.01803	23	24	67	#
117	3.01803	24	25	67	#
118	3.01803	25	26	67	#
119	3.01803	26	27	67	#
120	3.01803	27	28	67	#
121	3.01803	28	29	67	#
122	3.01803	29	30	67	#
123	3.01803	30	31	67	#
124	3.01803	31	32	67	#
125	3.01803	32	33	67	#
126	3.01803	33	34	67	#
127	3.01803	34	35	67	#
128	3.01803	35	36	67	#
129	3.01803	36	37	67	#
130	3.01803	37	38	67	#
131	3.01803	38	39	67	#
132	3.01803	39	40	67	#
133	3.01803	40	41	67	#
134	3.01803	41	42	67	#
135	3.01803	42	43	67	#
136	3.01803	43	44	67	#
137	3.01803	44	45	67	#
138	3.01803	45	46	67	#
139	3.01803	46	47	67	#
140	3.01803	47	48	67	#
141	3.01803	48	49	67	#
142	3.01803	49	50	67	#
143	3.01803	50	51	67	#
144	3.01803	51	52	67	#
145	2.53126	52	53	67	#
146	2.53126	53	54	67	#
147	2.53126	54	55	67	#
148	2.53126	55	56	67	#
149	2.53126	56	57	67	#
150	2.53126	57	58	67	#
151	2.53126	58	59	67	#
152	2.53126	59	60	67	#
153	2.53126	60	61	67	#
154	5.84615	0	1	2	3	4	5	68	#
155	5.84615	1	2	3	4	5	6	68	#
156	5.84615	2	3	4	5	6	7	68	#
157	5.84615	3	4	5	6	7	8	68	#
158	5.84615	4	5	6	7	8	9	68	#
159	5.84615	5	6	7	8	9	10	68	#
160	5.84615	6	7	8	9	10	11	68	#
161	5.84615	7	8	9	10	11	12	68	#
162	5.84615	8	9	10	11	12	13	68	#
163	5.84615	9	10	11	12	13	14	68	#
164	5.84615	10	11	12	13	14	15	68	#
165	5.84615	11	12	13	14	15	16	68	#
166	5.84615	12	13	14	15	16	17	68	#
167	5.84615	13	14	15	16	17	18	68	#
168	5.84615	14	15	16	17	18	19	68	#
169	5.84615	15	16	17	18	19	20	68	#
170	5.84615	16	17	18	19	20	21	68	#
171	5.84615	17	18	19	20	21	22	68	#
172	5.84615	18	19	20	21	22	23	68	#
173	5.84615	19	20	21	22	23	24	68	#
174	5.84615	20	21	22	23	24	25	68	#
175	5.84615	21	22	23	24	25	26	68	#
176	5.84615	22	23	24	25	26	27	68	#
177	5.84615	23	24	25	26	27	28	68	#
178	5.84615	24	25	26	27	28	29	68	#
179	5.84615	25	26	27	28	29	30	68	#
180	5.84615	26	27	28	29	30	31	68	#
181	5.84615	27	28	29	30	31	32	68	#
182	5.84615	28	29	30	31	32	33	68	#
183	5.84615	29	30	31	32	33	34	68	#
184	5.84615	30	31	32	33	34	35	68	#
185	9.31356	0	1	2	3	4	69	#
186	9.31356	1	2	3	4	5	69	#
187	9.31356	2	3	4	5	6	69	#
188	2.66102	3	4	5	6	7	69	#
189	2.66102	4	5	6	7	8	69	#
190	2.66102	5	6	7	8	9	69	#
191	2.66102	6	7	8	9	10	69	#
192	2.66102	7	8	9	10	11	69	#
193	2.66102	8	9	10	11	12	69	#
194	2.66102	9	10	11	12	13	69	#
195	2.66102	10	11	12	13	14	69	#
196	2.66102	11	12	13	14	15	69	#
197	2.66102	12	13	14	15	16	69	#
198	2.66102	13	14	15	16	17	69	#
199	2.66102	14	15	16	17	18	69	#
200	2.66102	15	16	17	18	19	69	#
201	2.66102	16	17	18	19	20	69	#
202	2.66102	17	18	19	20	21	69	#
203	6.20141	0	1	2	3	4	5	6	70	#
204	6.20141	1	2	3	4	5	6	7	70	#
205	6.20141	2	3	4	5	6	7	8	70	#
206	6.20141	3	4	5	6	7	8	9	70	#
207	6.20141	4	5	6	7	8	9	10	70	#
208	2.06714	5	6	7	8	9	10	11	70	#
209	2.06714	6	7	8	9	10	11	12	70	#
210	2.06714	7	8	9	10	11	12	13	70	#
211	2.06714	8	9	10	11	12	13	14	70	#
212	2.06714	9	10	11	12	13	14	15	70	#
213	2.06714	10	11	12	13	14	15	16	70	#
214	2.06714	11	12	13	14	15	16	17	70	#
215	2.06714	12	13	14	15	16	17	18	70	#
216	2.06714	13	14	15	16	17	18	19	70	#
217	2.06714	14	15	16	17	18	19	20	70	#
218	2.06714	15	16	17	18	19	20	21	70	#
219	2.06714	16	17	18	19	20	21	22	70	#
220	2.06714	17	18	19	20	21	22	23	70	#
221	2.06714	18	19	20	21	22	23	24	70	#
222	2.06714	19	20	21	22	23	24	25	70	#
223	2.06714	20	21	22	23	24	25	26	70	#
224	2.06714	21	22	23	24	25	26	27	70	#
225	2.06714	22	23	24	25	26	27	28	70	#
226	2.06714	23	24	25	26	27	28	29	70	#
227	2.06714	24	25	26	27	28	29	30	70	#
228	4.77477	0	1	2	71	#
229	4.77477	1	2	3	71	#
230	4.77477	2	3	4	71	#
231	4.77477	3	4	5	71	#
232	4.77477	4	5	6	71	#
233	4.77477	5	6	7	71	#
234	4.77477	6	7	8	71	#
235	4.77477	7	8	9	71	#
236	4.77477	8	9	10	71	#
237	4.77477	9	10	11	71	#
238	4.77477	10	11	12	71	#
239	4.77477	11	12	13	71	#
240	4.77477	12	13	14	71	#
241	4.77477	13	14	15	71	#
242	4.77477	14	15	16	71	#
243	4.77477	15	16	17	71	#
244	4.77477	16	17	18	71	#
245	4.77477	17	18	19	71	#
246	4.77477	18	19	20	71	#
247	4.77477	19	20	21	71	#
248	4.77477	20	21	22	71	#
249	2.1009	21	22	23	71	#
250	2.1009	22	23	24	71	#
251	2.1009	23	24	25	71	#
252	2.1009	24	25	26	71	#
253	2.1009	25	26	27	71	#
254	2.1009	26	27	28	71	#
255	2.1009	27	28	29	71	#
256	2.1009	28	29	30	71	#
257	2.1009	29	30	31	71	#
258	2.1009	30	31	32	71	#
259	2.1009	31	32	33	71	#
260	2.1009	32	33	34	71	#
261	2.1009	33	34	35	71	#
262	2.1009	34	35	36	71	#
263	2.1009	35	36	37	71	#
264	2.1009	36	37	38	71	#
265	2.1009	37	38	39	71	#
266	2.1009	38	39	40	71	#
267	2.1009	39	40	41	71	#
268	2.1009	40	41	42	71	#
269	2.1009	41	42	43	71	#
270	2.1009	42	43	44	71	#
271	2.1009	43	44	45	71	#
272	2.1009	44	45	46	71	#
273	2.1009	45	46	47	71	#
274	2.1009	46	47	48	71	#
275	2.1009	47	48	49	71	#
276	2.1009	48	49	50	71	#
277	2.0597	49	50	51	71	#
278	5.45819	0	1	2	3	72	#
279	5.45819	1	2	3	4	72	#
280	5.45819	2	3	4	5	72	#
281	5.45819	3	4	5	6	72	#
282	5.45819	4	5	6	7	72	#
283	5.45819	5	6	7	8	72	#
284	5.45819	6	7	8	9	72	#
285	5.45819	7	8	9	10	72	#
286	5.45819	8	9	10	11	72	#
287	5.45819	9	10	11	12	72	#
288	5.45819	10	11	12	13	72	#
289	5.45819	11	12	13	14	72	#
290	5.45819	12	13	14	15	72	#
291	5.45819	13	14	15	16	72	#
292	5.45819	14	15	16	17	72	#
293	5.45819	15	16	17	18	72	#
294	5.45819	16	17	18	19	72	#
295	5.45819	17	18	19	20	72	#
296	5.45819	18	19	20	21	72	#
297	5.45819	19	20	21	22	72	#
298	5.45819	20	21	22	23	72	#
299	5.45819	21	22	23	24	72	#
300	5.45819	22	23	24	25	72	#
301	5.45819	23	24	25	26	72	#
302	5.45819	24	25	26	27	72	#
303	5.45819	25	26	27	28	72	#
304	5.45819	26	27	28	29	72	#
305	5.45819	27	28	29	30	72	#
306	5.45819	28	29	30	31	72	#
307	5.45819	29	30	31	32	72	#
308	5.45819	30	31	32	33	72	#
309	5.45819	31	32	33	34	72	#
310	5.45819	32	33	34	35	72	#
311	5.45819	33	34	35	36	72	#
312	5.45819	34	35	36	37	72	#
313	5.45819	35	36	37	38	72	#
314	5.45819	36	37	38	39	72	#
315	5.45819	37	38	39	40	72	#
316	5.45819	38	39	40	41	72	#
317	5.45819	39	40	41	42	72	#
318	5.45819	40	41	42	43	72	#
319	1.05274	0	73	#
320	1.05274	1	73	#
321	1.05274	2	73	#
322	1.05274	3	73	#
323	1.05274	4	73	#
324	1.05274	5	73	#
325	1.05274	6	73	#
326	1.05274	7	73	#
327	1.05274	8	73	#
328	1.05274	9	73	#
329	1.05274	10	73	#
330	1.05274	11	73	#
331	1.05274	12	73	#
332	1.05274	13	73	#
333	1.05274	14	73	#
334	1.05274	15	73	#
335	1.05274	16	73	#
336	1.05274	17	73	#
337	1.05274	18	73	#
338	1.05274	19	73	#
339	1.05274	20	73	#
340	1.05274	21	73	#
341	0.552686	22	73	#
342	0.552686	23	73	#
343	0.552686	24	73	#
344	0.552686	25	73	#
345	0.552686	26	73	#
346	0.552686	27	73	#
347	0.552686	28	73	#
348	0.552686	29	73	#
349	0.552686	30	73	#
350	0.552686	31	73	#
351	0.552686	32	73	#
352	0.552686	33	73	#
353	0.552686	34	73	#
354	0.552686	35	73	#
355	0.552686	36	73	#
356	0.552686	37	73	#
357	0.552686	38	73	#
358	0.552686	39	73	#
359	0.552686	40	73	#
360	0.374702	41	73	#
361	0.374702	42	73	#
362	0.374702	43	73	#
363	0.374702	44	73	#
364	0.374702	45	73	#
365	0.374702	46	73	#
366	0.374702	47	73	#
367	0.374702	48	73	#
368	0.374702	49	73	#
369	0.374702	50	73	#
370	0.374702	51	73	#
371	0.374702	52	73	#
372	0.374702	53	73	#
373	0.374702	54	73	#
374	0.374702	55	73	#
375	0.374702	56	73	#
376	0.374702	57	73	#
377	0.374702	58	73	#
378	0.374702	59	73	#
379	10.4489	0	1	2	3	4	5	6	7	8	74	#
380	10.4489	1	2	3	4	5	6	7	8	9	74	#
381	10.4489	2	3	4	5	6	7	8	9	10	74	#
382	10.4489	3	4	5	6	7	8	9	10	11	74	#
383	10.4489	4	5	6	7	8	9	10	11	12	74	#
384	10.4489	5	6	7	8	9	10	11	12	13	74	#
385	10.4489	6	7	8	9	10	11	12	13	14	74	#
386	10.4489	7	8	9	10	11	12	13	14	15	74	#
387	10.4489	8	9	10	11	12	13	14	15	16	74	#
388	10.4489	9	10	11	12	13	14	15	16	17	74	#
389	10.4489	10	11	12	13	14	15	16	17	18	74	#
390	10.4489	11	12	13	14	15	16	17	18	19	74	#
391	10.4489	12	13	14	15	16	17	18	19	20	74	#
392	10.4489	13	14	15	16	17	18	19	20	21	74	#
393	10.4489	14	15	16	17	18	19	20	21	22	74	#
394	10.4489	15	16	17	18	19	20	21	22	23	74	#
395	10.4489	16	17	18	19	20	21	22	23	24	74	#
396	10.4489	17	18	19	20	21	22	23	24	25	74	#
397	10.4489	18	19	20	21	22	23	24	25	26	74	#
398	10.4489	19	20	21	22	23	24	25	26	27	74	#
399	10.4489	20	21	22	23	24	25	26	27	28	74	#
400	10.4489	21	22	23	24	25	26	27	28	29	74	#
401	10.4489	22	23	24	25	26	27	28	29	30	74	#
402	10.4489	23	24	25	26	27	28	29	30	31	74	#
403	10.4489	24	25	26	27	28	29	30	31	32	74	#
404	10.4489	25	26	27	28	29	30	31	32	33	74	#
405	10.4489	26	27	28	29	30	31	32	33	34	74	#
406	10.4489	27	28	29	30	31	32	33	34	35	74	#
407	10.4489	28	29	30	31	32	33	34	35	36	74	#
408	10.4489	29	30	31	32	33	34	35	36	37	74	#
409	6.66569	30	31	32	33	34	35	36	37	38	74	#
410	6.66569	31	32	33	34	35	36	37	38	39	74	#
411	6.66569	32	33	34	35	36	37	38	39	40	74	#
412	6.66569	33	34	35	36	37	38	39	40	41	74	#
413	6.66569	34	35	36	37	38	39	40	41	42	74	#
414	6.66569	35	36	37	38	39	40	41	42	43	74	#
415	6.66569	36	37	38	39	40	41	42	43	44	74	#
416	6.66569	37	38	39	40	41	42	43	44	45	74	#
417	6.66569	38	39	40	41	42	43	44	45	46	74	#
418	6.66569	39	40	41	42	43	44	45	46	47	74	#
419	6.66569	40	41	42	43	44	45	46	47	48	74	#
420	6.66569	41	42	43	44	45	46	47	48	49	74	#
421	6.66569	42	43	44	45	46	47	48	49	50	74	#
422	6.66569	43	44	45	46	47	48	49	50	51	74	#
423	6.66569	44	45	46	47	48	49	50	51	52	74	#
424	6.66569	45	46	47	48	49	50	51	52	53	74	#
425	6.66569	46	47	48	49	50	51	52	53	54	74	#
426	6.66569	47	48	49	50	51	52	53	54	55	74	#
427	6.66569	48	49	50	51	52	53	54	55	56	74	#
428	6.66569	49	50	51	52	53	54	55	56	57	74	#
429	6.66569	50	51	52	53	54	55	56	57	58	74	#
430	5.89836	0	1	2	3	4	5	6	75	#
431	5.89836	1	2	3	4	5	6	7	75	#
432	5.89836	2	3	4	5	6	7	8	75	#
433	5.89836	3	4	5	6	7	8	9	75	#
434	5.89836	4	5	6	7	8	9	10	75	#
435	5.89836	5	6	7	8	9	10	11	75	#
436	5.89836	6	7	8	9	10	11	12	75	#
437	5.89836	7	8	9	10	11	12	13	75	#
438	5.89836	8	9	10	11	12	13	14	75	#
439	5.89836	9	10	11	12	13	14	15	75	#
440	5.89836	10	11	12	13	14	15	16	75	#
441	5.89836	11	12	13	14	15	16	17	75	#
442	5.89836	12	13	14	15	16	17	18	75	#
443	5.89836	13	14	15	16	17	18	19	75	#
444	5.89836	14	15	16	17	18	19	20	75	#
445	5.89836	15	16	17	18	19	20	21	75	#
446	5.89836	16	17	18	19	20	21	22	75	#
447	5.89836	17	18	19	20	21	22	23	75	#
448	5.89836	18	19	20	21	22	23	24	75	#
449	5.89836	19	20	21	22	23	24	25	75	#
450	5.89836	20	21	22	23	24	25	26	75	#
451	5.89836	21	22	23	24	25	26	27	75	#
452	5.89836	22	23	24	25	26	27	28	75	#
453	5.89836	23	24	25	26	27	28	29	75	#
454	5.89836	24	25	26	27	28	29	30	75	#
455	5.89836	25	26	27	28	29	30	31	75	#
456	5.89836	26	27	28	29	30	31	32	75	#
457	5.89836	27	28	29	30	31	32	33	75	#
458	5.89836	28	29	30	31	32	33	34	75	#
459	5.89836	29	30	31	32	33	34	35	75	#
460	5.89836	30	31	32	33	34	35	36	75	#
461	5.89836	31	32	33	34	35	36	37	75	#
462	5.89836	32	33	34	35	36	37	38	75	#
463	5.89836	33	34	35	36	37	38	39	75	#
464	5.89836	34	35	36	37	38	39	40	75	#
465	5.89836	35	36	37	38	39	40	41	75	#
466	10.2682	54	55	56	57	58	59	60	61	62	63	76	#
467	12.4403	1	2	3	4	5	6	7	8	9	10	76	#
468	12.4403	2	3	4	5	6	7	8	9	10	11	76	#
469	12.4403	3	4	5	6	7	8	9	10	11	12	76	#
470	12.4403	4	5	6	7	8	9	10	11	12	13	76	#
471	12.4403	5	6	7	8	9	10	11	12	13	14	76	#
472	12.4403	6	7	8	9	10	11	12	13	14	15	76	#
473	12.4403	7	8	9	10	11	12	13	14	15	16	76	#
474	12.4403	8	9	10	11	12	13	14	15	16	17	76	#
475	12.4403	9	10	11	12	13	14	15	16	17	18	76	#
476	12.4403	10	11	12	13	14	15	16	17	18	19	76	#
477	12.4403	11	12	13	14	15	16	17	18	19	20	76	#
478	12.4403	12	13	14	15	16	17	18	19	20	21	76	#
479	12.4403	13	14	15	16	17	18	19	20	21	22	76	#
480	12.4403	14	15	16	17	18	19	20	21	22	23	76	#
481	12.4403	15	16	17	18	19	20	21	22	23	24	76	#
482	12.4403	16	17	18	19	20	21	22	23	24	25	76	#
483	12.4403	17	18	19	20	21	22	23	24	25	26	76	#
484	12.4403	18	19	20	21	22	23	24	25	26	27	76	#
485	12.4403	19	20	21	22	23	24	25	26	27	28	76	#
486	12.4403	20	21	22	23	24	25	26	27	28	29	76	#
487	12.4403	21	22	23	24	25	26	27	28	29	30	76	#
488	12.4403	22	23	24	25	26	27	28	29	30	31	76	#
489	12.4403	23	24	25	26	27	28	29	30	31	32	76	#
490	12.4403	24	25	26	27	28	29	30	31	32	33	76	#
491	12.4403	25	26	27	28	29	30	31	32	33	34	76	#
492	12.4403	26	27	28	29	30	31	32	33	34	35	76	#
493	12.4403	27	28	29	30	31	32	33	34	35	36	76	#
494	12.4403	28	29	30	31	32	33	34	35	36	37	76	#
495	12.4403	29	30	31	32	33	34	35	36	37	38	76	#
496	12.4403	30	31	32	33	34	35	36	37	38	39	76	#
497	12.4403	31	32	33	34	35	36	37	38	39	40	76	#
498	12.4403	32	33	34	35	36	37	38	39	40	41	76	#
499	12.4403	33	34	35	36	37	38	39	40	41	42	76	#
500	12.4403	34	35	36	37	38	39	40	41	42	43	76	#
501	12.4403	35	36	37	38	39	40	41	42	43	44	76	#
502	12.4403	36	37	38	39	40	41	42	43	44	45	76	#
503	12.4403	37	38	39	40	41	42	43	44	45	46	76	#
504	12.4403	38	39	40	41	42	43	44	45	46	47	76	#
505	12.4403	39	40	41	42	43	44	45	46	47	48	76	#
506	12.4403	40	41	42	43	44	45	46	47	48	49	76	#
507	12.4403	41	42	43	44	45	46	47	48	49	50	76	#
508	12.4403	42	43	44	45	46	47	48	49	50	51	76	#
509	12.4403	43	44	45	46	47	48	49	50	51	52	76	#
510	11.5517	44	45	46	47	48	49	50	51	52	53	76	#
511	11.5517	45	46	47	48	49	50	51	52	53	54	76	#
512	11.5517	46	47	48	49	50	51	52	53	54	55	76	#
513	11.5517	47	48	49	50	51	52	53	54	55	56	76	#
514	11.1534	48	49	50	51	52	53	54	55	56	57	76	#
515	11.1534	49	50	51	52	53	54	55	56	57	58	76	#
516	10.4338	50	51	52	53	54	55	56	57	58	59	76	#
517	10.4338	51	52	53	54	55	56	57	58	59	60	76	#
518	10.4338	52	53	54	55	56	57	58	59	60	61	76	#
519	10.4338	53	54	55	56	57	58	59	60	61	62	76	#
520	1.27279	0	77	#
521	1.27279	1	77	#
522	1.27279	2	77	#
523	1.27279	3	77	#
524	1.27279	4	77	#
525	1.27279	5	77	#
526	1.27279	6	77	#
527	1.27279	7	77	#
528	1.27279	8	77	#
529	1.27279	9	77	#
530	1.27279	10	77	#
531	1.27279	11	77	#
532	1.27279	12	77	#
533	1.27279	13	77	#
534	1.27279	14	77	#
535	1.27279	15	77	#
536	1.27279	16	77	#
537	1.27279	17	77	#
538	1.27279	18	77	#
539	1.27279	19	77	#
540	1.27279	20	77	#
541	1.27279	21	77	#
542	1.27279	22	77	#
543	1.27279	23	77	#
544	1.27279	24	77	#
545	1.27279	25	77	#
546	1.27279	26	77	#
547	1.27279	27	77	#
548	1.27279	28	77	#
549	1.27279	29	77	#
550	1.27279	30	77	#
551	1.27279	31	77	#
552	1.27279	32	77	#
553	1.27279	33	77	#
554	1.27279	34	77	#
555	1.27279	35	77	#
556	1.27279	36	77	#
557	1.27279	37	77	#
558	1.27279	38	77	#
559	1.27279	39	77	#
560	1.27279	40	77	#
561	1.27279	41	77	#
562	1.27279	42	77	#
563	1.27279	43	77	#
564	1.27279	44	77	#
565	1.27279	45	77	#
566	1.27279	46	77	#
567	1.27279	47	77	#
568	1.27279	48	77	#
569	1.27279	49	77	#
570	1.27279	50	77	#
571	1.27279	51	77	#
572	1.27279	52	77	#
573	1.27279	53	77	#
574	1.27279	54	77	#
575	1.27279	55	77	#
576	1.27279	56	77	#
577	1.20807	57	77	#
578	1.20807	58	77	#
579	1.20807	59	77	#
580	18.0515	0	1	2	3	4	5	6	7	78	#
581	18.0515	1	2	3	4	5	6	7	8	78	#
582	18.0515	2	3	4	5	6	7	8	9	78	#
583	18.0515	3	4	5	6	7	8	9	10	78	#
584	18.0515	4	5	6	7	8	9	10	11	78	#
585	18.0515	5	6	7	8	9	10	11	12	78	#
586	18.0515	6	7	8	9	10	11	12	13	78	#
587	18.0515	7	8	9	10	11	12	13	14	78	#
588	18.0515	8	9	10	11	12	13	14	15	78	#
589	18.0515	9	10	11	12	13	14	15	16	78	#
590	18.0515	10	11	12	13	14	15	16	17	78	#
591	18.0515	11	12	13	14	15	16	17	18	78	#
592	18.0515	12	13	14	15	16	17	18	19	78	#
593	18.0515	13	14	15	16	17	18	19	20	78	#
594	18.0515	14	15	16	17	18	19	20	21	78	#
595	18.0515	15	16	17	18	19	20	21	22	78	#
596	18.0515	16	17	18	19	20	21	22	23	78	#
597	18.0515	17	18	19	20	21	22	23	24	78	#
598	18.0515	18	19	20	21	22	23	24	25	78	#
599	10.495	19	20	21	22	23	24	25	26	78	#
600	10.495	20	21	22	23	24	25	26	27	78	#
601	10.495	21	22	23	24	25	26	27	28	78	#
602	10.495	22	23	24	25	26	27	28	29	78	#
603	10.495	23	24	25	26	27	28	29	30	78	#
604	10.495	24	25	26	27	28	29	30	31	78	#
605	10.495	25	26	27	28	29	30	31	32	78	#
606	10.495	26	27	28	29	30	31	32	33	78	#
607	10.495	27	28	29	30	31	32	33	34	78	#
608	10.495	28	29	30	31	32	33	34	35	78	#
609	10.495	29	30	31	32	33	34	35	36	78	#
610	10.495	30	31	32	33	34	35	36	37	78	#
611	10.495	31	32	33	34	35	36	37	38	78	#
612	10.495	32	33	34	35	36	37	38	39	78	#
613	10.495	33	34	35	36	37	38	39	40	78	#
614	10.495	34	35	36	37	38	39	40	41	78	#
615	10.495	35	36	37	38	39	40	41	42	78	#
616	10.495	36	37	38	39	40	41	42	43	78	#
617	6.2465	0	1	2	3	4	79	#
618	6.2465	1	2	3	4	5	79	#
619	6.2465	2	3	4	5	6	79	#
620	6.2465	3	4	5	6	7	79	#
621	6.2465	4	5	6	7	8	79	#
622	6.2465	5	6	7	8	9	79	#
623	6.2465	6	7	8	9	10	79	#
624	6.2465	7	8	9	10	11	79	#
625	6.2465	8	9	10	11	12	79	#
626	6.2465	9	10	11	12	13	79	#
627	6.2465	10	11	12	13	14	79	#
628	6.2465	11	12	13	14	15	79	#
629	6.2465	12	13	14	15	16	79	#
630	6.2465	13	14	15	16	17	79	#
631	6.2465	14	15	16	17	18	79	#
632	6.2465	15	16	17	18	19	79	#
633	6.2465	16	17	18	19	20	79	#
634	6.2465	17	18	19	20	21	79	#
635	3.64379	18	19	20	21	22	79	#
636	3.64379	19	20	21	22	23	79	#
637	3.64379	20	21	22	23	24	79	#
638	3.64379	21	22	23	24	25	79	#
639	3.64379	22	23	24	25	26	79	#
640	3.64379	23	24	25	26	27	79	#
641	3.64379	24	25	26	27	28	79	#
642	3.64379	25	26	27	28	29	79	#
643	3.64379	26	27	28	29	30	79	#
644	3.64379	27	28	29	30	31	79	#
645	3.64379	28	29	30	31	32	79	#
646	3.64379	29	30	31	32	33	79	#
647	3.64379	30	31	32	33	34	79	#
648	3.64379	31	32	33	34	35	79	#
649	3.64379	32	33	34	35	36	79	#
650	3.54531	33	34	35	36	37	79	#
651	2.34244	34	35	36	37	38	79	#
652	2.34244	35	36	37	38	39	79	#
653	2.34244	36	37	38	39	40	79	#
654	2.34244	37	38	39	40	41	79	#
655	2.34244	38	39	40	41	42	79	#
656	2.34244	39	40	41	42	43	79	#
657	2.34244	40	41	42	43	44	79	#
658	2.34244	41	42	43	44	45	79	#
659	2.34244	42	43	44	45	46	79	#
660	2.34244	43	44	45	46	47	79	#
661	2.34244	44	45	46	47	48	79	#
662	2.34244	45	46	47	48	49	79	#
663	2.34244	46	47	48	49	50	79	#
664	2.34244	47	48	49	50	51	79	#
665	2.34244	48	49	50	51	52	79	#
666	2.34244	49	50	51	52	53	79	#
667	2.34244	50	51	52	53	54	79	#
668	2.34244	51	52	53	54	55	79	#
669	2.34244	52	53	54	55	56	79	#
670	2.30134	53	54	55	56	57	79	#
671	1.18545	0	1	80	#
672	1.18545	1	2	80	#
673	1.18545	2	3	80	#
674	1.18545	3	4	80	#
675	1.18545	4	5	80	#
676	1.18545	5	6	80	#
677	1.18545	6	7	80	#
678	1.18545	7	8	80	#
679	1.18545	8	9	80	#
680	1.18545	9	10	80	#
681	1.18545	10	11	80	#
682	1.18545	11	12	80	#
683	1.18545	12	13	80	#
684	1.18545	13	14	80	#
685	1.18545	14	15	80	#
686	1.18545	15	16	80	#
687	1.18545	16	17	80	#
688	1.18545	17	18	80	#
689	1.18545	18	19	80	#
690	1.18545	19	20	80	#
691	1.18545	20	21	80	#
692	1.18545	21	22	80	#
693	1.18545	22	23	80	#
694	1.18545	23	24	80	#
695	1.18545	24	25	80	#
696	1.18545	25	26	80	#
697	1.18545	26	27	80	#
698	1.18545	27	28	80	#
699	0.897094	28	29	80	#
700	0.897094	29	30	80	#
701	0.897094	30	31	80	#
702	0.897094	31	32	80	#
703	0.897094	32	33	80	#
704	0.897094	33	34	80	#
705	0.897094	34	35	80	#
706	0.897094	35	36	80	#
707	0.897094	36	37	80	#
708	7.63258	0	1	2	3	81	#
709	7.63258	1	2	3	4	81	#
710	7.63258	2	3	4	5	81	#
711	7.63258	3	4	5	6	81	#
712	7.63258	4	5	6	7	81	#
713	7.63258	5	6	7	8	81	#
714	7.63258	6	7	8	9	81	#
715	7.63258	7	8	9	10	81	#
716	7.63258	8	9	10	11	81	#
717	7.63258	9	10	11	12	81	#
718	7.63258	10	11	12	13	81	#
719	7.63258	11	12	13	14	81	#
720	2.18074	12	13	14	15	81	#
721	2.18074	13	14	15	16	81	#
722	2.18074	14	15	16	17	81	#
723	2.18074	15	16	17	18	81	#
724	2.18074	16	17	18	19	81	#
725	2.18074	17	18	19	20	81	#
726	2.18074	18	19	20	21	81	#
727	2.18074	19	20	21	22	81	#
728	2.18074	20	21	22	23	81	#
729	2.18074	21	22	23	24	81	#
730	2.18074	22	23	24	25	81	#
731	2.18074	23	24	25	26	81	#
732	2.18074	24	25	26	27	81	#
733	2.18074	25	26	27	28	81	#
734	2.18074	26	27	28	29	81	#
735	2.18074	27	28	29	30	81	#
736	2.18074	28	29	30	31	81	#
737	2.18074	29	30	31	32	81	#
738	2.18074	30	31	32	33	81	#
739	2.18074	31	32	33	34	81	#
740	2.18074	32	33	34	35	81	#
741	2.18074	33	34	35	36	81	#
742	2.18074	34	35	36	37	81	#
743	2.18074	35	36	37	38	81	#
744	2.18074	36	37	38	39	81	#
745	2.18074	37	38	39	40	81	#
746	2.18074	38	39	40	41	81	#
747	2.18074	39	40	41	42	81	#
748	2.18074	40	41	42	43	81	#
749	2.18074	41	42	43	44	81	#
750	2.18074	42	43	44	45	81	#
751	2.18074	43	44	45	46	81	#
752	2.18074	44	45	46	47	81	#
753	2.18074	45	46	47	48	81	#
754	2.18074	46	47	48	49	81	#
755	2.05493	47	48	49	50	81	#
756	2.05493	48	49	50	51	81	#
757	2.05493	49	50	51	52	81	#
758	11.3457	0	1	2	3	4	5	82	#
759	11.3457	1	2	3	4	5	6	82	#
760	11.3457	2	3	4	5	6	7	82	#
761	11.3457	3	4	5	6	7	8	82	#
762	11.3457	4	5	6	7	8	9	82	#
763	11.3457	5	6	7	8	9	10	82	#
764	11.3457	6	7	8	9	10	11	82	#
765	11.3457	7	8	9	10	11	12	82	#
766	11.3457	8	9	10	11	12	13	82	#
767	11.3457	9	10	11	12	13	14	82	#
768	11.3457	10	11	12	13	14	15	82	#
769	11.3457	11	12	13	14	15	16	82	#
770	11.3457	12	13	14	15	16	17	82	#
771	11.3457	13	14	15	16	17	18	82	#
772	11.3457	14	15	16	17	18	19	82	#
773	11.3457	15	16	17	18	19	20	82	#
774	11.3457	16	17	18	19	20	21	82	#
775	11.3457	17	18	19	20	21	22	82	#
776	11.3457	18	19	20	21	22	23	82	#
777	11.3457	19	20	21	22	23	24	82	#
778	11.3457	20	21	22	23	24	25	82	#
779	11.3457	21	22	23	24	25	26	82	#
780	11.3457	22	23	24	25	26	27	82	#
781	11.3457	23	24	25	26	27	28	82	#
782	11.3457	24	25	26	27	28	29	82	#
783	11.3457	25	26	27	28	29	30	82	#
784	11.3457	26	27	28	29	30	31	82	#
785	11.3457	27	28	29	30	31	32	82	#
786	11.3457	28	29	30	31	32	33	82	#
787	11.3457	29	30	31	32	33	34	82	#
788	11.3457	30	31	32	33	34	35	82	#
789	11.3457	31	32	33	34	35	36	82	#
790	11.3457	32	33	34	35	36	37	82	#
791	11.3457	33	34	35	36	37	38	82	#
792	11.3457	34	35	36	37	38	39	82	#
793	11.3457	35	36	37	38	39	40	82	#
794	11.3457	36	37	38	39	40	41	82	#
795	11.3457	37	38	39	40	41	42	82	#
796	11.3457	38	39	40	41	42	43	82	#
797	11.3457	39	40	41	42	43	44	82	#
798	11.3457	40	41	42	43	44	45	82	#
799	11.3457	41	42	43	44	45	46	82	#
800	11.3457	42	43	44	45	46	47	82	#
801	11.3457	43	44	45	46	47	48	82	#
802	11.3457	44	45	46	47	48	49	82	#
803	11.3457	45	46	47	48	49	50	82	#
804	11.3457	46	47	48	49	50	51	82	#
805	11.3457	47	48	49	50	51	52	82	#
806	11.3457	48	49	50	51	52	53	82	#
807	11.3457	49	50	51	52	53	54	82	#
808	11.3457	50	51	52	53	54	55	82	#
809	11.3457	51	52	53	54	55	56	82	#
810	10.2478	52	53	54	55	56	57	82	#
811	10.2478	53	54	55	56	57	58	82	#
812	10.2478	54	55	56	57	58	59	82	#
813	10.2478	55	56	57	58	59	60	82	#
814	10.2478	56	57	58	59	60	61	82	#
815	10.2478	57	58	59	60	61	62	82	#
816	10.0851	58	59	60	61	62	63	82	#
817	5.10647	0	1	2	3	83	#
818	5.10647	1	2	3	4	83	#
819	5.10647	2	3	4	5	83	#
820	5.10647	3	4	5	6	83	#
821	5.10647	4	5	6	7	83	#
822	5.10647	5	6	7	8	83	#
823	5.10647	6	7	8	9	83	#
824	5.10647	7	8	9	10	83	#
825	5.10647	8	9	10	11	83	#
826	5.10647	9	10	11	12	83	#
827	5.10647	10	11	12	13	83	#
828	5.10647	11	12	13	14	83	#
829	5.10647	12	13	14	15	83	#
830	5.10647	13	14	15	16	83	#
831	5.10647	14	15	16	17	83	#
832	5.10647	15	16	17	18	83	#
833	5.10647	16	17	18	19	83	#
834	5.10647	17	18	19	20	83	#
835	5.10647	18	19	20	21	83	#
836	5.10647	19	20	21	22	83	#
837	2.08041	20	21	22	23	83	#
838	2.08041	21	22	23	24	83	#
839	2.08041	22	23	24	25	83	#
840	2.08041	23	24	25	26	83	#
841	2.08041	24	25	26	27	83	#
842	2.08041	25	26	27	28	83	#
843	2.08041	26	27	28	29	83	#
844	2.08041	27	28	29	30	83	#
845	2.08041	28	29	30	31	83	#
846	2.08041	29	30	31	32	83	#
847	2.08041	30	31	32	33	83	#
848	2.08041	31	32	33	34	83	#
849	2.08041	32	33	34	35	83	#
850	2.08041	33	34	35	36	83	#
851	2.08041	34	35	36	37	83	#
852	2.08041	35	36	37	38	83	#
853	2.08041	36	37	38	39	83	#
854	2.08041	37	38	39	40	83	#
855	2.08041	38	39	40	41	83	#
856	2.08041	39	40	41	42	83	#
857	2.08041	40	41	42	43	83	#
858	2.08041	41	42	43	44	83	#
859	2.08041	42	43	44	45	83	#
860	2.08041	43	44	45	46	83	#
861	2.08041	44	45	46	47	83	#
862	2.08041	45	46	47	48	83	#
863	2.08041	46	47	48	49	83	#
864	2.08041	47	48	49	50	83	#
865	2.08041	48	49	50	51	83	#
866	2.08041	49	50	51	52	83	#
867	2.08041	50	51	52	53	83	#
868	2.08041	51	52	53	54	83	#
869	7.59429	0	1	2	3	4	5	6	7	84	#
870	7.59429	1	2	3	4	5	6	7	8	84	#
871	7.59429	2	3	4	5	6	7	8	9	84	#
872	7.59429	3	4	5	6	7	8	9	10	84	#
873	7.59429	4	5	6	7	8	9	10	11	84	#
874	7.59429	5	6	7	8	9	10	11	12	84	#
875	7.59429	6	7	8	9	10	11	12	13	84	#
876	7.59429	7	8	9	10	11	12	13	14	84	#
877	7.59429	8	9	10	11	12	13	14	15	84	#
878	7.59429	9	10	11	12	13	14	15	16	84	#
879	7.59429	10	11	12	13	14	15	16	17	84	#
880	7.59429	11	12	13	14	15	16	17	18	84	#
881	7.59429	12	13	14	15	16	17	18	19	84	#
882	7.59429	13	14	15	16	17	18	19	20	84	#
883	7.59429	14	15	16	17	18	19	20	21	84	#
884	7.59429	15	16	17	18	19	20	21	22	84	#
885	2.00107	54	55	56	57	58	59	60	61	62	63	85	#
886	9.69749	1	2	3	4	5	6	7	8	9	10	85	#
887	9.69749	2	3	4	5	6	7	8	9	10	11	85	#
888	9.69749	3	4	5	6	7	8	9	10	11	12	85	#
889	9.69749	4	5	6	7	8	9	10	11	12	13	85	#
890	2.68228	5	6	7	8	9	10	11	12	13	14	85	#
891	2.68228	6	7	8	9	10	11	12	13	14	15	85	#
892	2.68228	7	8	9	10	11	12	13	14	15	16	85	#
893	2.68228	8	9	10	11	12	13	14	15	16	17	85	#
894	2.68228	9	10	11	12	13	14	15	16	17	18	85	#
895	2.68228	10	11	12	13	14	15	16	17	18	19	85	#
896	2.68228	11	12	13	14	15	16	17	18	19	20	85	#
897	2.68228	12	13	14	15	16	17	18	19	20	21	85	#
898	2.68228	13	14	15	16	17	18	19	20	21	22	85	#
899	2.68228	14	15	16	17	18	19	20	21	22	23	85	#
900	2.68228	15	16	17	18	19	20	21	22	23	24	85	#
901	2.68228	16	17	18	19	20	21	22	23	24	25	85	#
902	2.68228	17	18	19	20	21	22	23	24	25	26	85	#
903	2.68228	18	19	20	21	22	23	24	25	26	27	85	#
904	2.68228	19	20	21	22	23	24	25	26	27	28	85	#
905	2.68228	20	21	22	23	24	25	26	27	28	29	85	#
906	2.68228	21	22	23	24	25	26	27	28	29	30	85	#
907	2.68228	22	23	24	25	26	27	28	29	30	31	85	#
908	2.68228	23	24	25	26	27	28	29	30	31	32	85	#
909	2.68228	24	25	26	27	28	29	30	31	32	33	85	#
910	2.68228	25	26	27	28	29	30	31	32	33	34	85	#
911	2.68228	26	27	28	29	30	31	32	33	34	35	85	#
912	2.68228	27	28	29	30	31	32	33	34	35	36	85	#
913	2.68228	28	29	30	31	32	33	34	35	36	37	85	#
914	2.68228	29	30	31	32	33	34	35	36	37	38	85	#
915	2.68228	30	31	32	33	34	35	36	37	38	39	85	#
916	2.68228	31	32	33	34	35	36	37	38	39	40	85	#
917	2.68228	32	33	34	35	36	37	38	39	40	41	85	#
918	2.68228	33	34	35	36	37	38	39	40	41	42	85	#
919	2.68228	34	35	36	37	38	39	40	41	42	43	85	#
920	2.68228	35	36	37	38	39	40	41	42	43	44	85	#
921	2.68228	36	37	38	39	40	41	42	43	44	45	85	#
922	2.68228	37	38	39	40	41	42	43	44	45	46	85	#
923	2.68228	38	39	40	41	42	43	44	45	46	47	85	#
924	2.33458	39	40	41	42	43	44	45	46	47	48	85	#
925	2.33458	40	41	42	43	44	45	46	47	48	49	85	#
926	2.33458	41	42	43	44	45	46	47	48	49	50	85	#
927	2.33458	42	43	44	45	46	47	48	49	50	51	85	#
928	2.33458	43	44	45	46	47	48	49	50	51	52	85	#
929	2.33458	44	45	46	47	48	49	50	51	52	53	85	#
930	2.33458	45	46	47	48	49	50	51	52	53	54	85	#
931	2.06668	46	47	48	49	50	51	52	53	54	55	85	#
932	2.06668	47	48	49	50	51	52	53	54	55	56	85	#
933	2.06668	48	49	50	51	52	53	54	55	56	57	85	#
934	2.06668	49	50	51	52	53	54	55	56	57	58	85	#
935	2.06668	50	51	52	53	54	55	56	57	58	59	85	#
936	2.06668	51	52	53	54	55	56	57	58	59	60	85	#
937	2.06668	52	53	54	55	56	57	58	59	60	61	85	#
938	2.00107	53	54	55	56	57	58	59	60	61	62	85	#
939	14.6711	0	1	2	3	4	5	6	7	86	#
940	14.6711	1	2	3	4	5	6	7	8	86	#
941	14.6711	2	3	4	5	6	7	8	9	86	#
942	14.6711	3	4	5	6	7	8	9	10	86	#
943	14.6711	4	5	6	7	8	9	10	11	86	#
944	14.6711	5	6	7	8	9	10	11	12	86	#
945	14.6711	6	7	8	9	10	11	12	13	86	#
946	14.6711	7	8	9	10	11	12	13	14	86	#
947	14.6711	8	9	10	11	12	13	14	15	86	#
948	14.6711	9	10	11	12	13	14	15	16	86	#
949	14.6711	10	11	12	13	14	15	16	17	86	#
950	14.6711	11	12	13	14	15	16	17	18	86	#
951	14.6711	12	13	14	15	16	17	18	19	86	#
952	14.6711	13	14	15	16	17	18	19	20	86	#
953	14.6711	14	15	16	17	18	19	20	21	86	#
954	14.6711	15	16	17	18	19	20	21	22	86	#
955	14.6711	16	17	18	19	20	21	22	23	86	#
956	14.6711	17	18	19	20	21	22	23	24	86	#
957	14.6711	18	19	20	21	22	23	24	25	86	#
958	14.6711	19	20	21	22	23	24	25	26	86	#
959	14.6711	20	21	22	23	24	25	26	27	86	#
960	14.6711	21	22	23	24	25	26	27	28	86	#
961	14.6711	22	23	24	25	26	27	28	29	86	#
962	14.6711	23	24	25	26	27	28	29	30	86	#
963	14.6711	24	25	26	27	28	29	30	31	86	#
964	14.6711	25	26	27	28	29	30	31	32	86	#
965	14.6711	26	27	28	29	30	31	32	33	86	#
966	14.6711	27	28	29	30	31	32	33	34	86	#
967	14.6711	28	29	30	31	32	33	34	35	86	#
968	14.6711	29	30	31	32	33	34	35	36	86	#
969	14.6711	30	31	32	33	34	35	36	37	86	#
970	14.6711	31	32	33	34	35	36	37	38	86	#
971	14.6711	32	33	34	35	36	37	38	39	86	#
972	14.6711	33	34	35	36	37	38	39	40	86	#
973	14.6711	34	35	36	37	38	39	40	41	86	#
974	14.6711	35	36	37	38	39	40	41	42	86	#
975	10.8345	0	1	2	3	4	5	87	#
976	10.8345	1	2	3	4	5	6	87	#
977	10.8345	2	3	4	5	6	7	87	#
978	10.8345	3	4	5	6	7	8	87	#
979	10.8345	4	5	6	7	8	9	87	#
980	10.8345	5	6	7	8	9	10	87	#
981	10.8345	6	7	8	9	10	11	87	#
982	10.8345	7	8	9	10	11	12	87	#
983	10.8345	8	9	10	11	12	13	87	#
984	10.8345	9	10	11	12	13	14	87	#
985	10.8345	10	11	12	13	14	15	87	#
986	10.8345	11	12	13	14	15	16	87	#
987	10.8345	12	13	14	15	16	17	87	#
988	4.09305	13	14	15	16	17	18	87	#
989	4.09305	14	15	16	17	18	19	87	#
990	4.09305	15	16	17	18	19	20	87	#
991	4.09305	16	17	18	19	20	21	87	#
992	4.09305	17	18	19	20	21	22	87	#
993	4.09305	18	19	20	21	22	23	87	#
994	4.09305	19	20	21	22	23	24	87	#
995	4.09305	20	21	22	23	24	25	87	#
996	4.09305	21	22	23	24	25	26	87	#
997	4.09305	22	23	24	25	26	27	87	#
998	4.09305	23	24	25	26	27	28	87	#
999	4.09305	24	25	26	27	28	29	87	#
1000	4.09305	25	26	27	28	29	30	87	#
1001	4.09305	26	27	28	29	30	31	87	#
1002	4.09305	27	28	29	30	31	32	87	#
1003	4.09305	28	29	30	31	32	33	87	#
1004	4.09305	29	30	31	32	33	34	87	#
1005	4.09305	30	31	32	33	34	35	87	#
1006	4.09305	31	32	33	34	35	36	87	#
1007	4.09305	32	33	34	35	36	37	87	#
1008	4.09305	33	34	35	36	37	38	87	#
1009	4.09305	34	35	36	37	38	39	87	#
1010	4.09305	35	36	37	38	39	40	87	#
1011	4.09305	36	37	38	39	40	41	87	#
1012	4.09305	37	38	39	40	41	42	87	#
1013	4.09305	38	39	40	41	42	43	87	#
1014	4.09305	39	40	41	42	43	44	87	#
1015	4.09305	40	41	42	43	44	45	87	#
1016	3.68374	41	42	43	44	45	46	87	#
1017	3.68374	42	43	44	45	46	47	87	#
1018	3.68374	43	44	45	46	47	48	87	#
1019	3.68374	44	45	46	47	48	49	87	#
1020	3.68374	45	46	47	48	49	50	87	#
1021	2.92361	46	47	48	49	50	51	87	#
1022	2.92361	47	48	49	50	51	52	87	#
1023	2.92361	48	49	50	51	52	53	87	#
1024	2.92361	49	50	51	52	53	54	87	#
1025	2.92361	50	51	52	53	54	55	87	#
1026	2.92361	51	52	53	54	55	56	87	#
1027	2.92361	52	53	54	55	56	57	87	#
1028	2.92361	53	54	55	56	57	58	87	#
1029	2.92361	54	55	56	57	58	59	87	#
1030	2.92361	55	56	57	58	59	60	87	#
1031	2.92361	56	57	58	59	60	61	87	#
1032	2.92361	57	58	59	60	61	62	87	#
1033	2.92361	58	59	60	61	62	63	87	#
