%% File generated by CATS v.2.1Wed Jun 22 10:37:56 2022

%% The CATS webpage is http://robotics.stanford.edu/CATS

%% PARAMETER SETTINGS:
% Goods: 64; Bids: 1000; Distribution: scheduling; Runs: 1; Seed: 1656573097
% Scheduling Distribution Parameters:
% max_length                = 10
% deviation                 = 0.500000
% prob_additional_deadline  = 0.700000
% additivity                = 0.200000



goods 64
bids 1000
dummy 21

0	4.12852	0	1	2	64	#
1	4.12852	1	2	3	64	#
2	4.12852	2	3	4	64	#
3	4.12852	3	4	5	64	#
4	1.08645	4	5	6	64	#
5	1.08645	5	6	7	64	#
6	1.08645	6	7	8	64	#
7	1.08645	7	8	9	64	#
8	1.08645	8	9	10	64	#
9	1.08645	9	10	11	64	#
10	1.08645	10	11	12	64	#
11	1.08645	11	12	13	64	#
12	1.08645	12	13	14	64	#
13	1.08645	13	14	15	64	#
14	1.08645	14	15	16	64	#
15	1.08645	15	16	17	64	#
16	1.08645	16	17	18	64	#
17	1.08645	17	18	19	64	#
18	0.665891	18	19	20	64	#
19	0.665891	19	20	21	64	#
20	0.665891	20	21	22	64	#
21	0.665891	21	22	23	64	#
22	0.665891	22	23	24	64	#
23	0.665891	23	24	25	64	#
24	0.665891	24	25	26	64	#
25	0.665891	25	26	27	64	#
26	0.665891	26	27	28	64	#
27	0.665891	27	28	29	64	#
28	0.665891	28	29	30	64	#
29	0.665891	29	30	31	64	#
30	0.404757	30	31	32	64	#
31	0.404757	31	32	33	64	#
32	0.404757	32	33	34	64	#
33	0.404757	33	34	35	64	#
34	0.404757	34	35	36	64	#
35	0.404757	35	36	37	64	#
36	0.404757	36	37	38	64	#
37	0.404757	37	38	39	64	#
38	0.404757	38	39	40	64	#
39	0.404757	39	40	41	64	#
40	0.404757	40	41	42	64	#
41	0.404757	41	42	43	64	#
42	0.404757	42	43	44	64	#
43	0.404757	43	44	45	64	#
44	0.404757	44	45	46	64	#
45	0.404757	45	46	47	64	#
46	0.404757	46	47	48	64	#
47	0.404757	47	48	49	64	#
48	0.404757	48	49	50	64	#
49	0.404757	49	50	51	64	#
50	0.344043	50	51	52	64	#
51	0.344043	51	52	53	64	#
52	0.344043	52	53	54	64	#
53	0.344043	53	54	55	64	#
54	0.344043	54	55	56	64	#
55	0.344043	55	56	57	64	#
56	0.344043	56	57	58	64	#
57	0.344043	57	58	59	64	#
58	0.344043	58	59	60	64	#
59	0.332945	59	60	61	64	#
60	0.332945	60	61	62	64	#
61	11.0958	0	1	2	3	4	5	6	65	#
62	11.0958	1	2	3	4	5	6	7	65	#
63	11.0958	2	3	4	5	6	7	8	65	#
64	11.0958	3	4	5	6	7	8	9	65	#
65	11.0958	4	5	6	7	8	9	10	65	#
66	11.0958	5	6	7	8	9	10	11	65	#
67	11.0958	6	7	8	9	10	11	12	65	#
68	11.0958	7	8	9	10	11	12	13	65	#
69	11.0958	8	9	10	11	12	13	14	65	#
70	11.0958	9	10	11	12	13	14	15	65	#
71	11.0958	10	11	12	13	14	15	16	65	#
72	11.0958	11	12	13	14	15	16	17	65	#
73	11.0958	12	13	14	15	16	17	18	65	#
74	11.0958	13	14	15	16	17	18	19	65	#
75	11.0958	14	15	16	17	18	19	20	65	#
76	11.0958	15	16	17	18	19	20	21	65	#
77	11.0958	16	17	18	19	20	21	22	65	#
78	11.0958	17	18	19	20	21	22	23	65	#
79	11.0958	18	19	20	21	22	23	24	65	#
80	11.0958	19	20	21	22	23	24	25	65	#
81	11.0958	20	21	22	23	24	25	26	65	#
82	11.0958	21	22	23	24	25	26	27	65	#
83	11.0958	22	23	24	25	26	27	28	65	#
84	11.0958	23	24	25	26	27	28	29	65	#
85	11.0958	24	25	26	27	28	29	30	65	#
86	11.0958	25	26	27	28	29	30	31	65	#
87	11.0958	26	27	28	29	30	31	32	65	#
88	11.0958	27	28	29	30	31	32	33	65	#
89	11.0958	28	29	30	31	32	33	34	65	#
90	11.0958	29	30	31	32	33	34	35	65	#
91	11.0958	30	31	32	33	34	35	36	65	#
92	11.0958	31	32	33	34	35	36	37	65	#
93	11.0958	32	33	34	35	36	37	38	65	#
94	11.0958	33	34	35	36	37	38	39	65	#
95	11.0958	34	35	36	37	38	39	40	65	#
96	11.0958	35	36	37	38	39	40	41	65	#
97	11.0958	36	37	38	39	40	41	42	65	#
98	8.17582	37	38	39	40	41	42	43	65	#
99	8.17582	38	39	40	41	42	43	44	65	#
100	8.17582	39	40	41	42	43	44	45	65	#
101	8.17582	40	41	42	43	44	45	46	65	#
102	8.17582	41	42	43	44	45	46	47	65	#
103	8.17582	42	43	44	45	46	47	48	65	#
104	8.17582	43	44	45	46	47	48	49	65	#
105	8.17582	44	45	46	47	48	49	50	65	#
106	8.17582	45	46	47	48	49	50	51	65	#
107	8.17582	46	47	48	49	50	51	52	65	#
108	8.17582	47	48	49	50	51	52	53	65	#
109	8.17582	48	49	50	51	52	53	54	65	#
110	8.17582	49	50	51	52	53	54	55	65	#
111	8.17582	50	51	52	53	54	55	56	65	#
112	8.17582	51	52	53	54	55	56	57	65	#
113	7.51648	52	53	54	55	56	57	58	65	#
114	7.51648	53	54	55	56	57	58	59	65	#
115	7.51648	54	55	56	57	58	59	60	65	#
116	7.51648	55	56	57	58	59	60	61	65	#
117	7.51648	56	57	58	59	60	61	62	65	#
118	7.39717	57	58	59	60	61	62	63	65	#
119	15.8186	0	1	2	3	4	5	6	7	8	9	66	#
120	15.8186	1	2	3	4	5	6	7	8	9	10	66	#
121	11.2077	0	1	2	3	4	5	6	7	8	67	#
122	11.2077	1	2	3	4	5	6	7	8	9	67	#
123	11.2077	2	3	4	5	6	7	8	9	10	67	#
124	11.2077	3	4	5	6	7	8	9	10	11	67	#
125	11.2077	4	5	6	7	8	9	10	11	12	67	#
126	11.2077	5	6	7	8	9	10	11	12	13	67	#
127	11.2077	6	7	8	9	10	11	12	13	14	67	#
128	11.2077	7	8	9	10	11	12	13	14	15	67	#
129	11.2077	8	9	10	11	12	13	14	15	16	67	#
130	11.2077	9	10	11	12	13	14	15	16	17	67	#
131	11.2077	10	11	12	13	14	15	16	17	18	67	#
132	11.2077	11	12	13	14	15	16	17	18	19	67	#
133	11.2077	12	13	14	15	16	17	18	19	20	67	#
134	11.2077	13	14	15	16	17	18	19	20	21	67	#
135	11.2077	14	15	16	17	18	19	20	21	22	67	#
136	11.2077	15	16	17	18	19	20	21	22	23	67	#
137	11.2077	16	17	18	19	20	21	22	23	24	67	#
138	11.2077	17	18	19	20	21	22	23	24	25	67	#
139	5.00346	18	19	20	21	22	23	24	25	26	67	#
140	5.00346	19	20	21	22	23	24	25	26	27	67	#
141	5.00346	20	21	22	23	24	25	26	27	28	67	#
142	5.00346	21	22	23	24	25	26	27	28	29	67	#
143	5.00346	22	23	24	25	26	27	28	29	30	67	#
144	5.00346	23	24	25	26	27	28	29	30	31	67	#
145	5.00346	24	25	26	27	28	29	30	31	32	67	#
146	5.00346	25	26	27	28	29	30	31	32	33	67	#
147	5.00346	26	27	28	29	30	31	32	33	34	67	#
148	5.00346	27	28	29	30	31	32	33	34	35	67	#
149	5.00346	28	29	30	31	32	33	34	35	36	67	#
150	5.00346	29	30	31	32	33	34	35	36	37	67	#
151	5.00346	30	31	32	33	34	35	36	37	38	67	#
152	5.00346	31	32	33	34	35	36	37	38	39	67	#
153	5.00346	32	33	34	35	36	37	38	39	40	67	#
154	5.00346	33	34	35	36	37	38	39	40	41	67	#
155	5.00346	34	35	36	37	38	39	40	41	42	67	#
156	5.00346	35	36	37	38	39	40	41	42	43	67	#
157	5.00346	36	37	38	39	40	41	42	43	44	67	#
158	5.00346	37	38	39	40	41	42	43	44	45	67	#
159	5.00346	38	39	40	41	42	43	44	45	46	67	#
160	5.00346	39	40	41	42	43	44	45	46	47	67	#
161	5.00346	40	41	42	43	44	45	46	47	48	67	#
162	5.00346	41	42	43	44	45	46	47	48	49	67	#
163	5.00346	42	43	44	45	46	47	48	49	50	67	#
164	5.00346	43	44	45	46	47	48	49	50	51	67	#
165	5.00346	44	45	46	47	48	49	50	51	52	67	#
166	5.00346	45	46	47	48	49	50	51	52	53	67	#
167	5.00346	46	47	48	49	50	51	52	53	54	67	#
168	5.00346	47	48	49	50	51	52	53	54	55	67	#
169	5.00346	48	49	50	51	52	53	54	55	56	67	#
170	7.46203	0	1	2	3	4	5	6	7	8	68	#
171	7.46203	1	2	3	4	5	6	7	8	9	68	#
172	7.46203	2	3	4	5	6	7	8	9	10	68	#
173	7.46203	3	4	5	6	7	8	9	10	11	68	#
174	7.46203	4	5	6	7	8	9	10	11	12	68	#
175	7.46203	5	6	7	8	9	10	11	12	13	68	#
176	7.46203	6	7	8	9	10	11	12	13	14	68	#
177	7.46203	7	8	9	10	11	12	13	14	15	68	#
178	7.46203	8	9	10	11	12	13	14	15	16	68	#
179	7.46203	9	10	11	12	13	14	15	16	17	68	#
180	7.46203	10	11	12	13	14	15	16	17	18	68	#
181	7.46203	11	12	13	14	15	16	17	18	19	68	#
182	7.46203	12	13	14	15	16	17	18	19	20	68	#
183	7.46203	13	14	15	16	17	18	19	20	21	68	#
184	3.40658	14	15	16	17	18	19	20	21	22	68	#
185	3.40658	15	16	17	18	19	20	21	22	23	68	#
186	3.40658	16	17	18	19	20	21	22	23	24	68	#
187	3.40658	17	18	19	20	21	22	23	24	25	68	#
188	3.40658	18	19	20	21	22	23	24	25	26	68	#
189	3.40658	19	20	21	22	23	24	25	26	27	68	#
190	3.40658	20	21	22	23	24	25	26	27	28	68	#
191	3.40658	21	22	23	24	25	26	27	28	29	68	#
192	3.40658	22	23	24	25	26	27	28	29	30	68	#
193	3.40658	23	24	25	26	27	28	29	30	31	68	#
194	3.40658	24	25	26	27	28	29	30	31	32	68	#
195	3.40658	25	26	27	28	29	30	31	32	33	68	#
196	3.40658	26	27	28	29	30	31	32	33	34	68	#
197	3.40658	27	28	29	30	31	32	33	34	35	68	#
198	3.40658	28	29	30	31	32	33	34	35	36	68	#
199	3.40658	29	30	31	32	33	34	35	36	37	68	#
200	3.40658	30	31	32	33	34	35	36	37	38	68	#
201	3.40658	31	32	33	34	35	36	37	38	39	68	#
202	3.40658	32	33	34	35	36	37	38	39	40	68	#
203	3.40658	33	34	35	36	37	38	39	40	41	68	#
204	3.40658	34	35	36	37	38	39	40	41	42	68	#
205	3.40658	35	36	37	38	39	40	41	42	43	68	#
206	3.40658	36	37	38	39	40	41	42	43	44	68	#
207	3.40658	37	38	39	40	41	42	43	44	45	68	#
208	3.40658	38	39	40	41	42	43	44	45	46	68	#
209	3.26464	39	40	41	42	43	44	45	46	47	68	#
210	3.26464	40	41	42	43	44	45	46	47	48	68	#
211	2.82619	0	1	69	#
212	2.82619	1	2	69	#
213	2.82619	2	3	69	#
214	2.82619	3	4	69	#
215	2.82619	4	5	69	#
216	2.82619	5	6	69	#
217	2.82619	6	7	69	#
218	2.82619	7	8	69	#
219	2.82619	8	9	69	#
220	2.82619	9	10	69	#
221	2.82619	10	11	69	#
222	2.82619	11	12	69	#
223	2.82619	12	13	69	#
224	2.82619	13	14	69	#
225	2.82619	14	15	69	#
226	2.82619	15	16	69	#
227	2.05541	16	17	69	#
228	2.05541	17	18	69	#
229	2.05541	18	19	69	#
230	2.05541	19	20	69	#
231	2.05541	20	21	69	#
232	2.05541	21	22	69	#
233	0.83739	22	23	69	#
234	0.83739	23	24	69	#
235	0.83739	24	25	69	#
236	0.83739	25	26	69	#
237	0.83739	26	27	69	#
238	0.83739	27	28	69	#
239	0.83739	28	29	69	#
240	0.83739	29	30	69	#
241	0.83739	30	31	69	#
242	0.83739	31	32	69	#
243	0.83739	32	33	69	#
244	0.83739	33	34	69	#
245	0.83739	34	35	69	#
246	0.83739	35	36	69	#
247	0.83739	36	37	69	#
248	0.83739	37	38	69	#
249	0.83739	38	39	69	#
250	0.83739	39	40	69	#
251	0.83739	40	41	69	#
252	0.83739	41	42	69	#
253	0.83739	42	43	69	#
254	0.83739	43	44	69	#
255	0.83739	44	45	69	#
256	0.83739	45	46	69	#
257	0.83739	46	47	69	#
258	0.83739	47	48	69	#
259	0.83739	48	49	69	#
260	0.83739	49	50	69	#
261	0.83739	50	51	69	#
262	0.83739	51	52	69	#
263	0.83739	52	53	69	#
264	0.83739	53	54	69	#
265	0.807483	54	55	69	#
266	0.807483	55	56	69	#
267	0.779639	56	57	69	#
268	0.779639	57	58	69	#
269	0.766424	58	59	69	#
270	0.753651	59	60	69	#
271	0.717763	60	61	69	#
272	0.717763	61	62	69	#
273	0.717763	62	63	69	#
274	5.57424	0	1	2	70	#
275	5.57424	1	2	3	70	#
276	5.57424	2	3	4	70	#
277	5.57424	3	4	5	70	#
278	5.57424	4	5	6	70	#
279	5.57424	5	6	7	70	#
280	5.57424	6	7	8	70	#
281	5.57424	7	8	9	70	#
282	5.57424	8	9	10	70	#
283	5.57424	9	10	11	70	#
284	5.57424	10	11	12	70	#
285	5.57424	11	12	13	70	#
286	5.57424	12	13	14	70	#
287	5.57424	13	14	15	70	#
288	5.57424	14	15	16	70	#
289	5.57424	15	16	17	70	#
290	5.57424	16	17	18	70	#
291	5.57424	17	18	19	70	#
292	5.57424	18	19	20	70	#
293	5.57424	19	20	21	70	#
294	5.57424	20	21	22	70	#
295	5.57424	21	22	23	70	#
296	5.57424	22	23	24	70	#
297	5.57424	23	24	25	70	#
298	5.57424	24	25	26	70	#
299	5.57424	25	26	27	70	#
300	5.57424	26	27	28	70	#
301	5.57424	27	28	29	70	#
302	5.57424	28	29	30	70	#
303	5.57424	29	30	31	70	#
304	5.57424	30	31	32	70	#
305	5.57424	31	32	33	70	#
306	5.57424	32	33	34	70	#
307	5.57424	33	34	35	70	#
308	5.57424	34	35	36	70	#
309	5.57424	35	36	37	70	#
310	5.57424	36	37	38	70	#
311	5.57424	37	38	39	70	#
312	5.57424	38	39	40	70	#
313	5.57424	39	40	41	70	#
314	5.57424	40	41	42	70	#
315	5.57424	41	42	43	70	#
316	5.57424	42	43	44	70	#
317	5.57424	43	44	45	70	#
318	4.66372	0	1	2	3	4	71	#
319	4.66372	1	2	3	4	5	71	#
320	4.66372	2	3	4	5	6	71	#
321	4.66372	3	4	5	6	7	71	#
322	4.66372	4	5	6	7	8	71	#
323	4.66372	5	6	7	8	9	71	#
324	4.66372	6	7	8	9	10	71	#
325	4.66372	7	8	9	10	11	71	#
326	4.66372	8	9	10	11	12	71	#
327	4.66372	9	10	11	12	13	71	#
328	4.66372	10	11	12	13	14	71	#
329	4.66372	11	12	13	14	15	71	#
330	4.66372	12	13	14	15	16	71	#
331	4.66372	13	14	15	16	17	71	#
332	4.66372	14	15	16	17	18	71	#
333	4.66372	15	16	17	18	19	71	#
334	4.66372	16	17	18	19	20	71	#
335	4.66372	17	18	19	20	21	71	#
336	4.66372	18	19	20	21	22	71	#
337	4.66372	19	20	21	22	23	71	#
338	4.66372	20	21	22	23	24	71	#
339	4.66372	21	22	23	24	25	71	#
340	4.66372	22	23	24	25	26	71	#
341	4.66372	23	24	25	26	27	71	#
342	4.66372	24	25	26	27	28	71	#
343	4.66372	25	26	27	28	29	71	#
344	4.66372	26	27	28	29	30	71	#
345	4.66372	27	28	29	30	31	71	#
346	4.66372	28	29	30	31	32	71	#
347	4.66372	29	30	31	32	33	71	#
348	4.66372	30	31	32	33	34	71	#
349	4.66372	31	32	33	34	35	71	#
350	4.66372	32	33	34	35	36	71	#
351	4.66372	33	34	35	36	37	71	#
352	4.66372	34	35	36	37	38	71	#
353	4.66372	35	36	37	38	39	71	#
354	4.66372	36	37	38	39	40	71	#
355	4.66372	37	38	39	40	41	71	#
356	4.66372	38	39	40	41	42	71	#
357	4.66372	39	40	41	42	43	71	#
358	4.66372	40	41	42	43	44	71	#
359	4.66372	41	42	43	44	45	71	#
360	4.66372	42	43	44	45	46	71	#
361	4.66372	43	44	45	46	47	71	#
362	4.66372	44	45	46	47	48	71	#
363	4.66372	45	46	47	48	49	71	#
364	4.66372	46	47	48	49	50	71	#
365	4.66372	47	48	49	50	51	71	#
366	4.66372	48	49	50	51	52	71	#
367	4.66372	49	50	51	52	53	71	#
368	4.26168	50	51	52	53	54	71	#
369	4.26168	51	52	53	54	55	71	#
370	4.26168	52	53	54	55	56	71	#
371	4.26168	53	54	55	56	57	71	#
372	4.26168	54	55	56	57	58	71	#
373	3.03372	0	1	72	#
374	3.03372	1	2	72	#
375	3.03372	2	3	72	#
376	3.03372	3	4	72	#
377	3.03372	4	5	72	#
378	3.03372	5	6	72	#
379	3.03372	6	7	72	#
380	3.03372	7	8	72	#
381	3.03372	8	9	72	#
382	3.03372	9	10	72	#
383	3.03372	10	11	72	#
384	3.03372	11	12	72	#
385	3.03372	12	13	72	#
386	3.03372	13	14	72	#
387	3.03372	14	15	72	#
388	3.03372	15	16	72	#
389	3.03372	16	17	72	#
390	3.03372	17	18	72	#
391	3.03372	18	19	72	#
392	3.03372	19	20	72	#
393	3.03372	20	21	72	#
394	3.03372	21	22	72	#
395	3.03372	22	23	72	#
396	3.03372	23	24	72	#
397	3.03372	24	25	72	#
398	3.03372	25	26	72	#
399	3.03372	26	27	72	#
400	3.03372	27	28	72	#
401	1.73355	28	29	72	#
402	1.73355	29	30	72	#
403	1.73355	30	31	72	#
404	1.73355	31	32	72	#
405	1.73355	32	33	72	#
406	1.73355	33	34	72	#
407	1.73355	34	35	72	#
408	1.73355	35	36	72	#
409	1.73355	36	37	72	#
410	1.73355	37	38	72	#
411	1.73355	38	39	72	#
412	1.73355	39	40	72	#
413	1.73355	40	41	72	#
414	1.73355	41	42	72	#
415	1.73355	42	43	72	#
416	1.73355	43	44	72	#
417	1.73355	44	45	72	#
418	1.73355	45	46	72	#
419	1.73355	46	47	72	#
420	1.73355	47	48	72	#
421	1.73355	48	49	72	#
422	1.37007	49	50	72	#
423	1.37007	50	51	72	#
424	1.37007	51	52	72	#
425	1.37007	52	53	72	#
426	1.37007	53	54	72	#
427	1.37007	54	55	72	#
428	1.37007	55	56	72	#
429	1.37007	56	57	72	#
430	1.37007	57	58	72	#
431	1.37007	58	59	72	#
432	1.37007	59	60	72	#
433	1.37007	60	61	72	#
434	1.37007	61	62	72	#
435	1.34832	62	63	72	#
436	2.57777	0	1	2	73	#
437	2.57777	1	2	3	73	#
438	2.57777	2	3	4	73	#
439	2.57777	3	4	5	73	#
440	2.57777	4	5	6	73	#
441	2.57777	5	6	7	73	#
442	2.57777	6	7	8	73	#
443	2.57777	7	8	9	73	#
444	2.57777	8	9	10	73	#
445	2.57777	9	10	11	73	#
446	2.57777	10	11	12	73	#
447	2.57777	11	12	13	73	#
448	2.57777	12	13	14	73	#
449	2.57777	13	14	15	73	#
450	2.57777	14	15	16	73	#
451	2.57777	15	16	17	73	#
452	2.57777	16	17	18	73	#
453	2.57777	17	18	19	73	#
454	2.57777	18	19	20	73	#
455	2.57777	19	20	21	73	#
456	2.57777	20	21	22	73	#
457	2.57777	21	22	23	73	#
458	2.57777	22	23	24	73	#
459	2.57777	23	24	25	73	#
460	2.57777	24	25	26	73	#
461	2.57777	25	26	27	73	#
462	2.57777	26	27	28	73	#
463	2.57777	27	28	29	73	#
464	2.57777	28	29	30	73	#
465	2.57777	29	30	31	73	#
466	1.90264	30	31	32	73	#
467	1.90264	31	32	33	73	#
468	1.90264	32	33	34	73	#
469	1.90264	33	34	35	73	#
470	1.90264	34	35	36	73	#
471	1.90264	35	36	37	73	#
472	1.90264	36	37	38	73	#
473	1.90264	37	38	39	73	#
474	1.90264	38	39	40	73	#
475	1.90264	39	40	41	73	#
476	1.90264	40	41	42	73	#
477	1.26843	41	42	43	73	#
478	1.26843	42	43	44	73	#
479	1.26843	43	44	45	73	#
480	1.26843	44	45	46	73	#
481	1.26843	45	46	47	73	#
482	1.26843	46	47	48	73	#
483	1.26843	47	48	49	73	#
484	1.26843	48	49	50	73	#
485	1.26843	49	50	51	73	#
486	1.26843	50	51	52	73	#
487	1.26843	51	52	53	73	#
488	1.26843	52	53	54	73	#
489	1.26843	53	54	55	73	#
490	1.26843	54	55	56	73	#
491	1.26843	55	56	57	73	#
492	1.26843	56	57	58	73	#
493	1.26843	57	58	59	73	#
494	1.26843	58	59	60	73	#
495	1.26843	59	60	61	73	#
496	1.26843	60	61	62	73	#
497	1.26843	61	62	63	73	#
498	22.4382	0	1	2	3	4	5	6	7	8	9	74	#
499	22.4382	1	2	3	4	5	6	7	8	9	10	74	#
500	22.4382	2	3	4	5	6	7	8	9	10	11	74	#
501	22.4382	3	4	5	6	7	8	9	10	11	12	74	#
502	22.4382	4	5	6	7	8	9	10	11	12	13	74	#
503	22.4382	5	6	7	8	9	10	11	12	13	14	74	#
504	22.4382	6	7	8	9	10	11	12	13	14	15	74	#
505	22.4382	7	8	9	10	11	12	13	14	15	16	74	#
506	22.4382	8	9	10	11	12	13	14	15	16	17	74	#
507	23.5349	0	1	2	3	4	5	6	7	8	9	75	#
508	23.5349	1	2	3	4	5	6	7	8	9	10	75	#
509	23.5349	2	3	4	5	6	7	8	9	10	11	75	#
510	23.5349	3	4	5	6	7	8	9	10	11	12	75	#
511	23.5349	4	5	6	7	8	9	10	11	12	13	75	#
512	23.5349	5	6	7	8	9	10	11	12	13	14	75	#
513	23.5349	6	7	8	9	10	11	12	13	14	15	75	#
514	23.5349	7	8	9	10	11	12	13	14	15	16	75	#
515	23.5349	8	9	10	11	12	13	14	15	16	17	75	#
516	23.5349	9	10	11	12	13	14	15	16	17	18	75	#
517	23.5349	10	11	12	13	14	15	16	17	18	19	75	#
518	23.5349	11	12	13	14	15	16	17	18	19	20	75	#
519	23.5349	12	13	14	15	16	17	18	19	20	21	75	#
520	23.5349	13	14	15	16	17	18	19	20	21	22	75	#
521	23.5349	14	15	16	17	18	19	20	21	22	23	75	#
522	23.5349	15	16	17	18	19	20	21	22	23	24	75	#
523	23.5349	16	17	18	19	20	21	22	23	24	25	75	#
524	23.5349	17	18	19	20	21	22	23	24	25	26	75	#
525	23.5349	18	19	20	21	22	23	24	25	26	27	75	#
526	23.5349	19	20	21	22	23	24	25	26	27	28	75	#
527	23.5349	20	21	22	23	24	25	26	27	28	29	75	#
528	23.5349	21	22	23	24	25	26	27	28	29	30	75	#
529	23.5349	22	23	24	25	26	27	28	29	30	31	75	#
530	23.5349	23	24	25	26	27	28	29	30	31	32	75	#
531	23.5349	24	25	26	27	28	29	30	31	32	33	75	#
532	23.5349	25	26	27	28	29	30	31	32	33	34	75	#
533	23.5349	26	27	28	29	30	31	32	33	34	35	75	#
534	23.5349	27	28	29	30	31	32	33	34	35	36	75	#
535	23.5349	28	29	30	31	32	33	34	35	36	37	75	#
536	23.5349	29	30	31	32	33	34	35	36	37	38	75	#
537	23.5349	30	31	32	33	34	35	36	37	38	39	75	#
538	23.5349	31	32	33	34	35	36	37	38	39	40	75	#
539	23.5349	32	33	34	35	36	37	38	39	40	41	75	#
540	23.5349	33	34	35	36	37	38	39	40	41	42	75	#
541	23.5349	34	35	36	37	38	39	40	41	42	43	75	#
542	23.5349	35	36	37	38	39	40	41	42	43	44	75	#
543	23.5349	36	37	38	39	40	41	42	43	44	45	75	#
544	23.5349	37	38	39	40	41	42	43	44	45	46	75	#
545	23.5349	38	39	40	41	42	43	44	45	46	47	75	#
546	18.1335	39	40	41	42	43	44	45	46	47	48	75	#
547	18.1335	40	41	42	43	44	45	46	47	48	49	75	#
548	18.1335	41	42	43	44	45	46	47	48	49	50	75	#
549	18.1335	42	43	44	45	46	47	48	49	50	51	75	#
550	18.1335	43	44	45	46	47	48	49	50	51	52	75	#
551	18.1335	44	45	46	47	48	49	50	51	52	53	75	#
552	18.1335	45	46	47	48	49	50	51	52	53	54	75	#
553	18.1335	46	47	48	49	50	51	52	53	54	55	75	#
554	18.1335	47	48	49	50	51	52	53	54	55	56	75	#
555	18.1335	48	49	50	51	52	53	54	55	56	57	75	#
556	18.1335	49	50	51	52	53	54	55	56	57	58	75	#
557	18.1335	50	51	52	53	54	55	56	57	58	59	75	#
558	18.1335	51	52	53	54	55	56	57	58	59	60	75	#
559	18.1335	52	53	54	55	56	57	58	59	60	61	75	#
560	17.5578	53	54	55	56	57	58	59	60	61	62	75	#
561	17.5578	54	55	56	57	58	59	60	61	62	63	75	#
562	2.51613	0	1	76	#
563	2.51613	1	2	76	#
564	2.51613	2	3	76	#
565	2.51613	3	4	76	#
566	2.51613	4	5	76	#
567	2.51613	5	6	76	#
568	2.51613	6	7	76	#
569	2.51613	7	8	76	#
570	2.51613	8	9	76	#
571	2.51613	9	10	76	#
572	2.51613	10	11	76	#
573	2.51613	11	12	76	#
574	2.51613	12	13	76	#
575	2.51613	13	14	76	#
576	2.51613	14	15	76	#
577	2.51613	15	16	76	#
578	2.51613	16	17	76	#
579	2.51613	17	18	76	#
580	2.51613	18	19	76	#
581	2.51613	19	20	76	#
582	2.51613	20	21	76	#
583	2.51613	21	22	76	#
584	2.51613	22	23	76	#
585	2.51613	23	24	76	#
586	2.51613	24	25	76	#
587	2.51613	25	26	76	#
588	2.51613	26	27	76	#
589	2.51613	27	28	76	#
590	2.51613	28	29	76	#
591	2.51613	29	30	76	#
592	2.51613	30	31	76	#
593	2.51613	31	32	76	#
594	2.51613	32	33	76	#
595	2.51613	33	34	76	#
596	2.51613	34	35	76	#
597	2.51613	35	36	76	#
598	2.51613	36	37	76	#
599	2.51613	37	38	76	#
600	2.51613	38	39	76	#
601	2.51613	39	40	76	#
602	2.51613	40	41	76	#
603	2.51613	41	42	76	#
604	2.51613	42	43	76	#
605	2.51613	43	44	76	#
606	2.51613	44	45	76	#
607	2.51613	45	46	76	#
608	2.51613	46	47	76	#
609	2.51613	47	48	76	#
610	2.51613	48	49	76	#
611	2.51613	49	50	76	#
612	2.32975	50	51	76	#
613	2.32975	51	52	76	#
614	2.32975	52	53	76	#
615	2.32975	53	54	76	#
616	2.16907	54	55	76	#
617	2.16907	55	56	76	#
618	2.16907	56	57	76	#
619	2.16907	57	58	76	#
620	2.02913	58	59	76	#
621	2.02913	59	60	76	#
622	2.02913	60	61	76	#
623	2.02913	61	62	76	#
624	1.99693	62	63	76	#
625	2.90401	0	1	77	#
626	2.90401	1	2	77	#
627	2.90401	2	3	77	#
628	2.90401	3	4	77	#
629	2.90401	4	5	77	#
630	2.90401	5	6	77	#
631	2.90401	6	7	77	#
632	2.90401	7	8	77	#
633	2.90401	8	9	77	#
634	2.90401	9	10	77	#
635	2.90401	10	11	77	#
636	2.90401	11	12	77	#
637	2.90401	12	13	77	#
638	2.90401	13	14	77	#
639	2.90401	14	15	77	#
640	2.90401	15	16	77	#
641	2.90401	16	17	77	#
642	2.90401	17	18	77	#
643	2.90401	18	19	77	#
644	2.90401	19	20	77	#
645	2.90401	20	21	77	#
646	2.90401	21	22	77	#
647	2.90401	22	23	77	#
648	2.90401	23	24	77	#
649	2.90401	24	25	77	#
650	2.90401	25	26	77	#
651	2.90401	26	27	77	#
652	2.90401	27	28	77	#
653	2.90401	28	29	77	#
654	2.90401	29	30	77	#
655	2.90401	30	31	77	#
656	2.90401	31	32	77	#
657	2.90401	32	33	77	#
658	2.90401	33	34	77	#
659	10.2041	0	1	2	3	4	5	78	#
660	10.2041	1	2	3	4	5	6	78	#
661	10.2041	2	3	4	5	6	7	78	#
662	10.2041	3	4	5	6	7	8	78	#
663	10.2041	4	5	6	7	8	9	78	#
664	10.2041	5	6	7	8	9	10	78	#
665	10.2041	6	7	8	9	10	11	78	#
666	10.2041	7	8	9	10	11	12	78	#
667	10.2041	8	9	10	11	12	13	78	#
668	10.2041	9	10	11	12	13	14	78	#
669	2.26758	10	11	12	13	14	15	78	#
670	2.26758	11	12	13	14	15	16	78	#
671	2.26758	12	13	14	15	16	17	78	#
672	2.26758	13	14	15	16	17	18	78	#
673	2.26758	14	15	16	17	18	19	78	#
674	2.26758	15	16	17	18	19	20	78	#
675	2.26758	16	17	18	19	20	21	78	#
676	2.26758	17	18	19	20	21	22	78	#
677	2.26758	18	19	20	21	22	23	78	#
678	2.26758	19	20	21	22	23	24	78	#
679	2.26758	20	21	22	23	24	25	78	#
680	2.26758	21	22	23	24	25	26	78	#
681	2.26758	22	23	24	25	26	27	78	#
682	2.26758	23	24	25	26	27	28	78	#
683	2.26758	24	25	26	27	28	29	78	#
684	2.26758	25	26	27	28	29	30	78	#
685	2.26758	26	27	28	29	30	31	78	#
686	2.26758	27	28	29	30	31	32	78	#
687	2.26758	28	29	30	31	32	33	78	#
688	2.26758	29	30	31	32	33	34	78	#
689	2.26758	30	31	32	33	34	35	78	#
690	2.26758	31	32	33	34	35	36	78	#
691	2.26758	32	33	34	35	36	37	78	#
692	2.26758	33	34	35	36	37	38	78	#
693	2.26758	34	35	36	37	38	39	78	#
694	2.26758	35	36	37	38	39	40	78	#
695	2.26758	36	37	38	39	40	41	78	#
696	2.26758	37	38	39	40	41	42	78	#
697	2.26758	38	39	40	41	42	43	78	#
698	2.26758	39	40	41	42	43	44	78	#
699	2.26758	40	41	42	43	44	45	78	#
700	2.26758	41	42	43	44	45	46	78	#
701	2.26758	42	43	44	45	46	47	78	#
702	2.26758	43	44	45	46	47	48	78	#
703	2.26758	44	45	46	47	48	49	78	#
704	2.26758	45	46	47	48	49	50	78	#
705	2.26758	46	47	48	49	50	51	78	#
706	2.26758	47	48	49	50	51	52	78	#
707	2.26758	48	49	50	51	52	53	78	#
708	2.26758	49	50	51	52	53	54	78	#
709	2.26758	50	51	52	53	54	55	78	#
710	2.26758	51	52	53	54	55	56	78	#
711	2.26758	52	53	54	55	56	57	78	#
712	2.26758	53	54	55	56	57	58	78	#
713	2.26758	54	55	56	57	58	59	78	#
714	2.26758	55	56	57	58	59	60	78	#
715	2.26758	56	57	58	59	60	61	78	#
716	2.26758	57	58	59	60	61	62	78	#
717	2.26758	58	59	60	61	62	63	78	#
718	7.05544	0	1	2	3	79	#
719	7.05544	1	2	3	4	79	#
720	7.05544	2	3	4	5	79	#
721	7.05544	3	4	5	6	79	#
722	7.05544	4	5	6	7	79	#
723	7.05544	5	6	7	8	79	#
724	7.05544	6	7	8	9	79	#
725	7.05544	7	8	9	10	79	#
726	7.05544	8	9	10	11	79	#
727	7.05544	9	10	11	12	79	#
728	7.05544	10	11	12	13	79	#
729	7.05544	11	12	13	14	79	#
730	7.05544	12	13	14	15	79	#
731	7.05544	13	14	15	16	79	#
732	7.05544	14	15	16	17	79	#
733	7.05544	15	16	17	18	79	#
734	7.05544	16	17	18	19	79	#
735	7.05544	17	18	19	20	79	#
736	7.05544	18	19	20	21	79	#
737	7.05544	19	20	21	22	79	#
738	7.05544	20	21	22	23	79	#
739	7.05544	21	22	23	24	79	#
740	7.05544	22	23	24	25	79	#
741	7.05544	23	24	25	26	79	#
742	3.16278	24	25	26	27	79	#
743	3.16278	25	26	27	28	79	#
744	3.16278	26	27	28	29	79	#
745	3.16278	27	28	29	30	79	#
746	3.16278	28	29	30	31	79	#
747	3.16278	29	30	31	32	79	#
748	3.16278	30	31	32	33	79	#
749	3.16278	31	32	33	34	79	#
750	3.16278	32	33	34	35	79	#
751	3.16278	33	34	35	36	79	#
752	3.16278	34	35	36	37	79	#
753	3.16278	35	36	37	38	79	#
754	3.16278	36	37	38	39	79	#
755	3.16278	37	38	39	40	79	#
756	3.16278	38	39	40	41	79	#
757	3.16278	39	40	41	42	79	#
758	3.16278	40	41	42	43	79	#
759	3.16278	41	42	43	44	79	#
760	3.16278	42	43	44	45	79	#
761	3.16278	43	44	45	46	79	#
762	3.16278	44	45	46	47	79	#
763	3.16278	45	46	47	48	79	#
764	3.16278	46	47	48	49	79	#
765	3.16278	47	48	49	50	79	#
766	3.16278	48	49	50	51	79	#
767	3.16278	49	50	51	52	79	#
768	3.16278	50	51	52	53	79	#
769	3.16278	51	52	53	54	79	#
770	3.16278	52	53	54	55	79	#
771	3.16278	53	54	55	56	79	#
772	3.16278	54	55	56	57	79	#
773	3.16278	55	56	57	58	79	#
774	15.9726	0	1	2	3	4	5	6	7	8	9	80	#
775	15.9726	1	2	3	4	5	6	7	8	9	10	80	#
776	15.9726	2	3	4	5	6	7	8	9	10	11	80	#
777	15.9726	3	4	5	6	7	8	9	10	11	12	80	#
778	15.9726	4	5	6	7	8	9	10	11	12	13	80	#
779	3.58007	5	6	7	8	9	10	11	12	13	14	80	#
780	3.58007	6	7	8	9	10	11	12	13	14	15	80	#
781	3.58007	7	8	9	10	11	12	13	14	15	16	80	#
782	3.58007	8	9	10	11	12	13	14	15	16	17	80	#
783	3.58007	9	10	11	12	13	14	15	16	17	18	80	#
784	3.58007	10	11	12	13	14	15	16	17	18	19	80	#
785	3.58007	11	12	13	14	15	16	17	18	19	20	80	#
786	3.58007	12	13	14	15	16	17	18	19	20	21	80	#
787	3.58007	13	14	15	16	17	18	19	20	21	22	80	#
788	3.58007	14	15	16	17	18	19	20	21	22	23	80	#
789	3.58007	15	16	17	18	19	20	21	22	23	24	80	#
790	3.58007	16	17	18	19	20	21	22	23	24	25	80	#
791	3.58007	17	18	19	20	21	22	23	24	25	26	80	#
792	3.58007	18	19	20	21	22	23	24	25	26	27	80	#
793	3.58007	19	20	21	22	23	24	25	26	27	28	80	#
794	3.58007	20	21	22	23	24	25	26	27	28	29	80	#
795	3.58007	21	22	23	24	25	26	27	28	29	30	80	#
796	3.58007	22	23	24	25	26	27	28	29	30	31	80	#
797	3.58007	23	24	25	26	27	28	29	30	31	32	80	#
798	3.58007	24	25	26	27	28	29	30	31	32	33	80	#
799	3.58007	25	26	27	28	29	30	31	32	33	34	80	#
800	3.58007	26	27	28	29	30	31	32	33	34	35	80	#
801	3.58007	27	28	29	30	31	32	33	34	35	36	80	#
802	3.58007	28	29	30	31	32	33	34	35	36	37	80	#
803	3.58007	29	30	31	32	33	34	35	36	37	38	80	#
804	3.58007	30	31	32	33	34	35	36	37	38	39	80	#
805	3.58007	31	32	33	34	35	36	37	38	39	40	80	#
806	3.58007	32	33	34	35	36	37	38	39	40	41	80	#
807	3.58007	33	34	35	36	37	38	39	40	41	42	80	#
808	3.58007	34	35	36	37	38	39	40	41	42	43	80	#
809	3.58007	35	36	37	38	39	40	41	42	43	44	80	#
810	3.58007	36	37	38	39	40	41	42	43	44	45	80	#
811	3.58007	37	38	39	40	41	42	43	44	45	46	80	#
812	3.58007	38	39	40	41	42	43	44	45	46	47	80	#
813	3.58007	39	40	41	42	43	44	45	46	47	48	80	#
814	3.58007	40	41	42	43	44	45	46	47	48	49	80	#
815	3.58007	41	42	43	44	45	46	47	48	49	50	80	#
816	3.58007	42	43	44	45	46	47	48	49	50	51	80	#
817	3.58007	43	44	45	46	47	48	49	50	51	52	80	#
818	3.58007	44	45	46	47	48	49	50	51	52	53	80	#
819	3.58007	45	46	47	48	49	50	51	52	53	54	80	#
820	3.58007	46	47	48	49	50	51	52	53	54	55	80	#
821	3.58007	47	48	49	50	51	52	53	54	55	56	80	#
822	3.58007	48	49	50	51	52	53	54	55	56	57	80	#
823	3.58007	49	50	51	52	53	54	55	56	57	58	80	#
824	3.46073	50	51	52	53	54	55	56	57	58	59	80	#
825	3.46073	51	52	53	54	55	56	57	58	59	60	80	#
826	3.3491	52	53	54	55	56	57	58	59	60	61	80	#
827	3.3491	53	54	55	56	57	58	59	60	61	62	80	#
828	3.29594	54	55	56	57	58	59	60	61	62	63	80	#
829	8.67402	0	1	2	3	4	81	#
830	8.67402	1	2	3	4	5	81	#
831	8.67402	2	3	4	5	6	81	#
832	8.67402	3	4	5	6	7	81	#
833	8.67402	4	5	6	7	8	81	#
834	8.67402	5	6	7	8	9	81	#
835	8.67402	6	7	8	9	10	81	#
836	8.67402	7	8	9	10	11	81	#
837	8.67402	8	9	10	11	12	81	#
838	8.67402	9	10	11	12	13	81	#
839	8.67402	10	11	12	13	14	81	#
840	8.67402	11	12	13	14	15	81	#
841	8.67402	12	13	14	15	16	81	#
842	8.67402	13	14	15	16	17	81	#
843	8.67402	14	15	16	17	18	81	#
844	8.67402	15	16	17	18	19	81	#
845	8.67402	16	17	18	19	20	81	#
846	8.67402	17	18	19	20	21	81	#
847	8.67402	18	19	20	21	22	81	#
848	8.67402	19	20	21	22	23	81	#
849	8.67402	20	21	22	23	24	81	#
850	8.67402	21	22	23	24	25	81	#
851	8.67402	22	23	24	25	26	81	#
852	8.67402	23	24	25	26	27	81	#
853	8.67402	24	25	26	27	28	81	#
854	8.67402	25	26	27	28	29	81	#
855	8.67402	26	27	28	29	30	81	#
856	8.67402	27	28	29	30	31	81	#
857	8.67402	28	29	30	31	32	81	#
858	8.67402	29	30	31	32	33	81	#
859	8.67402	30	31	32	33	34	81	#
860	0.942324	0	82	#
861	0.942324	1	82	#
862	0.942324	2	82	#
863	0.942324	3	82	#
864	0.942324	4	82	#
865	0.942324	5	82	#
866	0.942324	6	82	#
867	0.942324	7	82	#
868	0.942324	8	82	#
869	0.942324	9	82	#
870	0.942324	10	82	#
871	0.942324	11	82	#
872	0.942324	12	82	#
873	0.942324	13	82	#
874	0.942324	14	82	#
875	0.942324	15	82	#
876	0.942324	16	82	#
877	0.942324	17	82	#
878	0.942324	18	82	#
879	0.942324	19	82	#
880	0.942324	20	82	#
881	0.942324	21	82	#
882	0.942324	22	82	#
883	0.942324	23	82	#
884	0.942324	24	82	#
885	0.942324	25	82	#
886	0.942324	26	82	#
887	0.942324	27	82	#
888	0.942324	28	82	#
889	0.942324	29	82	#
890	0.942324	30	82	#
891	0.942324	31	82	#
892	0.942324	32	82	#
893	0.942324	33	82	#
894	0.942324	34	82	#
895	0.942324	35	82	#
896	0.942324	36	82	#
897	11.0102	0	1	2	3	4	5	83	#
898	11.0102	1	2	3	4	5	6	83	#
899	11.0102	2	3	4	5	6	7	83	#
900	11.0102	3	4	5	6	7	8	83	#
901	11.0102	4	5	6	7	8	9	83	#
902	11.0102	5	6	7	8	9	10	83	#
903	11.0102	6	7	8	9	10	11	83	#
904	11.0102	7	8	9	10	11	12	83	#
905	11.0102	8	9	10	11	12	13	83	#
906	11.0102	9	10	11	12	13	14	83	#
907	11.0102	10	11	12	13	14	15	83	#
908	11.0102	11	12	13	14	15	16	83	#
909	11.0102	12	13	14	15	16	17	83	#
910	11.0102	13	14	15	16	17	18	83	#
911	11.0102	14	15	16	17	18	19	83	#
912	11.0102	15	16	17	18	19	20	83	#
913	11.0102	16	17	18	19	20	21	83	#
914	11.0102	17	18	19	20	21	22	83	#
915	11.0102	18	19	20	21	22	23	83	#
916	11.0102	19	20	21	22	23	24	83	#
917	11.0102	20	21	22	23	24	25	83	#
918	11.0102	21	22	23	24	25	26	83	#
919	11.0102	22	23	24	25	26	27	83	#
920	11.0102	23	24	25	26	27	28	83	#
921	11.0102	24	25	26	27	28	29	83	#
922	11.0102	25	26	27	28	29	30	83	#
923	11.0102	26	27	28	29	30	31	83	#
924	11.0102	27	28	29	30	31	32	83	#
925	11.0102	28	29	30	31	32	33	83	#
926	11.0102	29	30	31	32	33	34	83	#
927	11.0102	30	31	32	33	34	35	83	#
928	11.0102	31	32	33	34	35	36	83	#
929	11.0102	32	33	34	35	36	37	83	#
930	11.0102	33	34	35	36	37	38	83	#
931	11.0102	34	35	36	37	38	39	83	#
932	11.0102	35	36	37	38	39	40	83	#
933	11.0102	36	37	38	39	40	41	83	#
934	11.0102	37	38	39	40	41	42	83	#
935	11.0102	38	39	40	41	42	43	83	#
936	11.0102	39	40	41	42	43	44	83	#
937	11.0102	40	41	42	43	44	45	83	#
938	11.0102	41	42	43	44	45	46	83	#
939	11.0102	42	43	44	45	46	47	83	#
940	11.0102	43	44	45	46	47	48	83	#
941	11.0102	44	45	46	47	48	49	83	#
942	11.0102	45	46	47	48	49	50	83	#
943	10.5867	46	47	48	49	50	51	83	#
944	10.5867	47	48	49	50	51	52	83	#
945	8.89854	0	1	2	3	4	5	6	7	84	#
946	8.89854	1	2	3	4	5	6	7	8	84	#
947	8.89854	2	3	4	5	6	7	8	9	84	#
948	8.89854	3	4	5	6	7	8	9	10	84	#
949	8.89854	4	5	6	7	8	9	10	11	84	#
950	8.89854	5	6	7	8	9	10	11	12	84	#
951	8.89854	6	7	8	9	10	11	12	13	84	#
952	8.89854	7	8	9	10	11	12	13	14	84	#
953	8.89854	8	9	10	11	12	13	14	15	84	#
954	8.89854	9	10	11	12	13	14	15	16	84	#
955	8.89854	10	11	12	13	14	15	16	17	84	#
956	8.89854	11	12	13	14	15	16	17	18	84	#
957	8.89854	12	13	14	15	16	17	18	19	84	#
958	8.89854	13	14	15	16	17	18	19	20	84	#
959	8.89854	14	15	16	17	18	19	20	21	84	#
960	8.89854	15	16	17	18	19	20	21	22	84	#
961	8.89854	16	17	18	19	20	21	22	23	84	#
962	8.89854	17	18	19	20	21	22	23	24	84	#
963	8.89854	18	19	20	21	22	23	24	25	84	#
964	8.89854	19	20	21	22	23	24	25	26	84	#
965	8.89854	20	21	22	23	24	25	26	27	84	#
966	8.89854	21	22	23	24	25	26	27	28	84	#
967	8.89854	22	23	24	25	26	27	28	29	84	#
968	8.89854	23	24	25	26	27	28	29	30	84	#
969	8.89854	24	25	26	27	28	29	30	31	84	#
970	8.89854	25	26	27	28	29	30	31	32	84	#
971	8.89854	26	27	28	29	30	31	32	33	84	#
972	8.89854	27	28	29	30	31	32	33	34	84	#
973	8.89854	28	29	30	31	32	33	34	35	84	#
974	8.89854	29	30	31	32	33	34	35	36	84	#
975	8.89854	30	31	32	33	34	35	36	37	84	#
976	8.89854	31	32	33	34	35	36	37	38	84	#
977	8.89854	32	33	34	35	36	37	38	39	84	#
978	8.89854	33	34	35	36	37	38	39	40	84	#
979	8.89854	34	35	36	37	38	39	40	41	84	#
980	8.89854	35	36	37	38	39	40	41	42	84	#
981	8.89854	36	37	38	39	40	41	42	43	84	#
982	8.89854	37	38	39	40	41	42	43	44	84	#
983	8.89854	38	39	40	41	42	43	44	45	84	#
984	8.89854	39	40	41	42	43	44	45	46	84	#
985	8.89854	40	41	42	43	44	45	46	47	84	#
986	8.89854	41	42	43	44	45	46	47	48	84	#
987	8.89854	42	43	44	45	46	47	48	49	84	#
988	8.89854	43	44	45	46	47	48	49	50	84	#
989	8.89854	44	45	46	47	48	49	50	51	84	#
990	7.82458	45	46	47	48	49	50	51	52	84	#
991	7.82458	46	47	48	49	50	51	52	53	84	#
992	7.82458	47	48	49	50	51	52	53	54	84	#
993	7.82458	48	49	50	51	52	53	54	55	84	#
994	7.82458	49	50	51	52	53	54	55	56	84	#
995	7.82458	50	51	52	53	54	55	56	57	84	#
996	7.82458	51	52	53	54	55	56	57	58	84	#
997	7.56376	52	53	54	55	56	57	58	59	84	#
998	7.56376	53	54	55	56	57	58	59	60	84	#
999	7.43977	54	55	56	57	58	59	60	61	84	#
