%% File generated by CATS v.2.1Wed Jun 22 10:37:56 2022

%% The CATS webpage is http://robotics.stanford.edu/CATS

%% PARAMETER SETTINGS:
% Goods: 64; Bids: 1000; Distribution: scheduling; Runs: 1; Seed: 1656573103
% Scheduling Distribution Parameters:
% max_length                = 10
% deviation                 = 0.500000
% prob_additional_deadline  = 0.700000
% additivity                = 0.200000



goods 64
bids 1020
dummy 21

0	2.82578	0	1	2	3	64	#
1	2.82578	1	2	3	4	64	#
2	2.82578	2	3	4	5	64	#
3	2.82578	3	4	5	6	64	#
4	2.82578	4	5	6	7	64	#
5	2.82578	5	6	7	8	64	#
6	2.82578	6	7	8	9	64	#
7	2.82578	7	8	9	10	64	#
8	2.82578	8	9	10	11	64	#
9	2.82578	9	10	11	12	64	#
10	2.82578	10	11	12	13	64	#
11	2.82578	11	12	13	14	64	#
12	2.82578	12	13	14	15	64	#
13	2.82578	13	14	15	16	64	#
14	2.82578	14	15	16	17	64	#
15	2.82578	15	16	17	18	64	#
16	2.82578	16	17	18	19	64	#
17	2.82578	17	18	19	20	64	#
18	2.82578	18	19	20	21	64	#
19	2.82578	19	20	21	22	64	#
20	2.82578	20	21	22	23	64	#
21	2.82578	21	22	23	24	64	#
22	2.82578	22	23	24	25	64	#
23	2.82578	23	24	25	26	64	#
24	2.82578	24	25	26	27	64	#
25	2.82578	25	26	27	28	64	#
26	2.82578	26	27	28	29	64	#
27	2.82578	27	28	29	30	64	#
28	2.82578	28	29	30	31	64	#
29	2.82578	29	30	31	32	64	#
30	2.82578	30	31	32	33	64	#
31	2.82578	31	32	33	34	64	#
32	2.82578	32	33	34	35	64	#
33	2.82578	33	34	35	36	64	#
34	2.82578	34	35	36	37	64	#
35	2.82578	35	36	37	38	64	#
36	2.82578	36	37	38	39	64	#
37	2.82578	37	38	39	40	64	#
38	2.82578	38	39	40	41	64	#
39	2.82578	39	40	41	42	64	#
40	2.82578	40	41	42	43	64	#
41	2.82578	41	42	43	44	64	#
42	2.82578	42	43	44	45	64	#
43	2.82578	43	44	45	46	64	#
44	2.82578	44	45	46	47	64	#
45	2.82578	45	46	47	48	64	#
46	2.82578	46	47	48	49	64	#
47	2.82578	47	48	49	50	64	#
48	2.82578	48	49	50	51	64	#
49	2.82578	49	50	51	52	64	#
50	2.82578	50	51	52	53	64	#
51	2.82578	51	52	53	54	64	#
52	6.51401	0	1	2	3	4	65	#
53	6.51401	1	2	3	4	5	65	#
54	6.51401	2	3	4	5	6	65	#
55	6.51401	3	4	5	6	7	65	#
56	6.51401	4	5	6	7	8	65	#
57	6.51401	5	6	7	8	9	65	#
58	6.51401	6	7	8	9	10	65	#
59	6.51401	7	8	9	10	11	65	#
60	6.51401	8	9	10	11	12	65	#
61	6.51401	9	10	11	12	13	65	#
62	6.51401	10	11	12	13	14	65	#
63	6.51401	11	12	13	14	15	65	#
64	6.51401	12	13	14	15	16	65	#
65	6.51401	13	14	15	16	17	65	#
66	6.51401	14	15	16	17	18	65	#
67	6.51401	15	16	17	18	19	65	#
68	6.51401	16	17	18	19	20	65	#
69	6.51401	17	18	19	20	21	65	#
70	6.51401	18	19	20	21	22	65	#
71	6.51401	19	20	21	22	23	65	#
72	6.51401	20	21	22	23	24	65	#
73	6.51401	21	22	23	24	25	65	#
74	6.51401	22	23	24	25	26	65	#
75	6.51401	23	24	25	26	27	65	#
76	16.7751	0	1	2	3	4	5	6	7	8	9	66	#
77	16.7751	1	2	3	4	5	6	7	8	9	10	66	#
78	16.7751	2	3	4	5	6	7	8	9	10	11	66	#
79	16.7751	3	4	5	6	7	8	9	10	11	12	66	#
80	16.7751	4	5	6	7	8	9	10	11	12	13	66	#
81	16.7751	5	6	7	8	9	10	11	12	13	14	66	#
82	16.7751	6	7	8	9	10	11	12	13	14	15	66	#
83	16.7751	7	8	9	10	11	12	13	14	15	16	66	#
84	16.7751	8	9	10	11	12	13	14	15	16	17	66	#
85	16.7751	9	10	11	12	13	14	15	16	17	18	66	#
86	4.8702	10	11	12	13	14	15	16	17	18	19	66	#
87	4.8702	11	12	13	14	15	16	17	18	19	20	66	#
88	4.8702	12	13	14	15	16	17	18	19	20	21	66	#
89	4.8702	13	14	15	16	17	18	19	20	21	22	66	#
90	4.8702	14	15	16	17	18	19	20	21	22	23	66	#
91	4.8702	15	16	17	18	19	20	21	22	23	24	66	#
92	4.8702	16	17	18	19	20	21	22	23	24	25	66	#
93	4.8702	17	18	19	20	21	22	23	24	25	26	66	#
94	4.8702	18	19	20	21	22	23	24	25	26	27	66	#
95	4.8702	19	20	21	22	23	24	25	26	27	28	66	#
96	4.8702	20	21	22	23	24	25	26	27	28	29	66	#
97	4.8702	21	22	23	24	25	26	27	28	29	30	66	#
98	4.8702	22	23	24	25	26	27	28	29	30	31	66	#
99	4.8702	23	24	25	26	27	28	29	30	31	32	66	#
100	4.8702	24	25	26	27	28	29	30	31	32	33	66	#
101	4.8702	25	26	27	28	29	30	31	32	33	34	66	#
102	4.8702	26	27	28	29	30	31	32	33	34	35	66	#
103	4.8702	27	28	29	30	31	32	33	34	35	36	66	#
104	4.8702	28	29	30	31	32	33	34	35	36	37	66	#
105	4.8702	29	30	31	32	33	34	35	36	37	38	66	#
106	4.8702	30	31	32	33	34	35	36	37	38	39	66	#
107	4.8702	31	32	33	34	35	36	37	38	39	40	66	#
108	4.8702	32	33	34	35	36	37	38	39	40	41	66	#
109	4.8702	33	34	35	36	37	38	39	40	41	42	66	#
110	4.8702	34	35	36	37	38	39	40	41	42	43	66	#
111	4.8702	35	36	37	38	39	40	41	42	43	44	66	#
112	4.8702	36	37	38	39	40	41	42	43	44	45	66	#
113	4.8702	37	38	39	40	41	42	43	44	45	46	66	#
114	4.8702	38	39	40	41	42	43	44	45	46	47	66	#
115	4.8702	39	40	41	42	43	44	45	46	47	48	66	#
116	4.8702	40	41	42	43	44	45	46	47	48	49	66	#
117	4.8702	41	42	43	44	45	46	47	48	49	50	66	#
118	4.8702	42	43	44	45	46	47	48	49	50	51	66	#
119	4.8702	43	44	45	46	47	48	49	50	51	52	66	#
120	4.8702	44	45	46	47	48	49	50	51	52	53	66	#
121	4.8702	45	46	47	48	49	50	51	52	53	54	66	#
122	4.8702	46	47	48	49	50	51	52	53	54	55	66	#
123	4.8702	47	48	49	50	51	52	53	54	55	56	66	#
124	4.8702	48	49	50	51	52	53	54	55	56	57	66	#
125	4.8702	49	50	51	52	53	54	55	56	57	58	66	#
126	4.8702	50	51	52	53	54	55	56	57	58	59	66	#
127	4.8702	51	52	53	54	55	56	57	58	59	60	66	#
128	4.8702	52	53	54	55	56	57	58	59	60	61	66	#
129	4.8702	53	54	55	56	57	58	59	60	61	62	66	#
130	4.79289	54	55	56	57	58	59	60	61	62	63	66	#
131	3.49234	0	1	2	67	#
132	3.49234	1	2	3	67	#
133	3.49234	2	3	4	67	#
134	3.49234	3	4	5	67	#
135	3.49234	4	5	6	67	#
136	3.49234	5	6	7	67	#
137	3.49234	6	7	8	67	#
138	3.49234	7	8	9	67	#
139	3.49234	8	9	10	67	#
140	3.49234	9	10	11	67	#
141	3.49234	10	11	12	67	#
142	3.49234	11	12	13	67	#
143	3.49234	12	13	14	67	#
144	3.49234	13	14	15	67	#
145	3.49234	14	15	16	67	#
146	3.49234	15	16	17	67	#
147	3.49234	16	17	18	67	#
148	3.49234	17	18	19	67	#
149	3.49234	18	19	20	67	#
150	3.49234	19	20	21	67	#
151	3.49234	20	21	22	67	#
152	3.49234	21	22	23	67	#
153	3.49234	22	23	24	67	#
154	3.49234	23	24	25	67	#
155	3.49234	24	25	26	67	#
156	3.49234	25	26	27	67	#
157	3.49234	26	27	28	67	#
158	3.49234	27	28	29	67	#
159	3.49234	28	29	30	67	#
160	3.49234	29	30	31	67	#
161	3.49234	30	31	32	67	#
162	3.49234	31	32	33	67	#
163	3.49234	32	33	34	67	#
164	3.49234	33	34	35	67	#
165	3.49234	34	35	36	67	#
166	3.49234	35	36	37	67	#
167	3.49234	36	37	38	67	#
168	3.49234	37	38	39	67	#
169	3.49234	38	39	40	67	#
170	3.49234	39	40	41	67	#
171	3.49234	40	41	42	67	#
172	3.49234	41	42	43	67	#
173	3.49234	42	43	44	67	#
174	3.49234	43	44	45	67	#
175	3.49234	44	45	46	67	#
176	3.49234	45	46	47	67	#
177	3.49234	46	47	48	67	#
178	3.49234	47	48	49	67	#
179	3.49234	48	49	50	67	#
180	3.49234	49	50	51	67	#
181	3.49234	50	51	52	67	#
182	3.49234	51	52	53	67	#
183	3.49234	52	53	54	67	#
184	10.3101	0	1	2	3	4	5	68	#
185	10.3101	1	2	3	4	5	6	68	#
186	1.81942	2	3	4	5	6	7	68	#
187	1.81942	3	4	5	6	7	8	68	#
188	1.81942	4	5	6	7	8	9	68	#
189	1.81942	5	6	7	8	9	10	68	#
190	1.81942	6	7	8	9	10	11	68	#
191	1.81942	7	8	9	10	11	12	68	#
192	1.81942	8	9	10	11	12	13	68	#
193	1.81942	9	10	11	12	13	14	68	#
194	1.81942	10	11	12	13	14	15	68	#
195	1.81942	11	12	13	14	15	16	68	#
196	1.81942	12	13	14	15	16	17	68	#
197	1.81942	13	14	15	16	17	18	68	#
198	1.81942	14	15	16	17	18	19	68	#
199	1.81942	15	16	17	18	19	20	68	#
200	1.81942	16	17	18	19	20	21	68	#
201	1.81942	17	18	19	20	21	22	68	#
202	1.81942	18	19	20	21	22	23	68	#
203	1.81942	19	20	21	22	23	24	68	#
204	1.81942	20	21	22	23	24	25	68	#
205	1.81942	21	22	23	24	25	26	68	#
206	1.81942	22	23	24	25	26	27	68	#
207	1.81942	23	24	25	26	27	28	68	#
208	1.81942	24	25	26	27	28	29	68	#
209	1.81942	25	26	27	28	29	30	68	#
210	1.81942	26	27	28	29	30	31	68	#
211	1.81942	27	28	29	30	31	32	68	#
212	1.81942	28	29	30	31	32	33	68	#
213	1.81942	29	30	31	32	33	34	68	#
214	1.31618	30	31	32	33	34	35	68	#
215	1.31618	31	32	33	34	35	36	68	#
216	1.31618	32	33	34	35	36	37	68	#
217	1.31618	33	34	35	36	37	38	68	#
218	1.31618	34	35	36	37	38	39	68	#
219	1.31618	35	36	37	38	39	40	68	#
220	1.31618	36	37	38	39	40	41	68	#
221	1.31618	37	38	39	40	41	42	68	#
222	1.31618	38	39	40	41	42	43	68	#
223	1.31618	39	40	41	42	43	44	68	#
224	1.31618	40	41	42	43	44	45	68	#
225	1.31618	41	42	43	44	45	46	68	#
226	1.31618	42	43	44	45	46	47	68	#
227	1.16718	43	44	45	46	47	48	68	#
228	1.16718	44	45	46	47	48	49	68	#
229	1.16718	45	46	47	48	49	50	68	#
230	1.16718	46	47	48	49	50	51	68	#
231	1.16718	47	48	49	50	51	52	68	#
232	1.16718	48	49	50	51	52	53	68	#
233	1.10465	49	50	51	52	53	54	68	#
234	1.10465	50	51	52	53	54	55	68	#
235	1.10465	51	52	53	54	55	56	68	#
236	0.997749	52	53	54	55	56	57	68	#
237	0.997749	53	54	55	56	57	58	68	#
238	0.997749	54	55	56	57	58	59	68	#
239	0.997749	55	56	57	58	59	60	68	#
240	0.997749	56	57	58	59	60	61	68	#
241	0.997749	57	58	59	60	61	62	68	#
242	0.981912	58	59	60	61	62	63	68	#
243	17.9568	0	1	2	3	4	5	6	7	8	69	#
244	17.9568	1	2	3	4	5	6	7	8	9	69	#
245	17.9568	2	3	4	5	6	7	8	9	10	69	#
246	17.9568	3	4	5	6	7	8	9	10	11	69	#
247	17.9568	4	5	6	7	8	9	10	11	12	69	#
248	17.9568	5	6	7	8	9	10	11	12	13	69	#
249	17.9568	6	7	8	9	10	11	12	13	14	69	#
250	17.9568	7	8	9	10	11	12	13	14	15	69	#
251	17.9568	8	9	10	11	12	13	14	15	16	69	#
252	17.9568	9	10	11	12	13	14	15	16	17	69	#
253	17.9568	10	11	12	13	14	15	16	17	18	69	#
254	5.38704	11	12	13	14	15	16	17	18	19	69	#
255	5.38704	12	13	14	15	16	17	18	19	20	69	#
256	5.38704	13	14	15	16	17	18	19	20	21	69	#
257	5.38704	14	15	16	17	18	19	20	21	22	69	#
258	5.38704	15	16	17	18	19	20	21	22	23	69	#
259	5.38704	16	17	18	19	20	21	22	23	24	69	#
260	5.38704	17	18	19	20	21	22	23	24	25	69	#
261	5.38704	18	19	20	21	22	23	24	25	26	69	#
262	5.38704	19	20	21	22	23	24	25	26	27	69	#
263	5.38704	20	21	22	23	24	25	26	27	28	69	#
264	5.38704	21	22	23	24	25	26	27	28	29	69	#
265	5.38704	22	23	24	25	26	27	28	29	30	69	#
266	5.38704	23	24	25	26	27	28	29	30	31	69	#
267	5.38704	24	25	26	27	28	29	30	31	32	69	#
268	5.38704	25	26	27	28	29	30	31	32	33	69	#
269	5.38704	26	27	28	29	30	31	32	33	34	69	#
270	5.38704	27	28	29	30	31	32	33	34	35	69	#
271	5.38704	28	29	30	31	32	33	34	35	36	69	#
272	5.38704	29	30	31	32	33	34	35	36	37	69	#
273	5.38704	30	31	32	33	34	35	36	37	38	69	#
274	5.38704	31	32	33	34	35	36	37	38	39	69	#
275	5.38704	32	33	34	35	36	37	38	39	40	69	#
276	5.38704	33	34	35	36	37	38	39	40	41	69	#
277	5.38704	34	35	36	37	38	39	40	41	42	69	#
278	5.38704	35	36	37	38	39	40	41	42	43	69	#
279	5.38704	36	37	38	39	40	41	42	43	44	69	#
280	5.38704	37	38	39	40	41	42	43	44	45	69	#
281	5.38704	38	39	40	41	42	43	44	45	46	69	#
282	5.38704	39	40	41	42	43	44	45	46	47	69	#
283	5.38704	40	41	42	43	44	45	46	47	48	69	#
284	5.38704	41	42	43	44	45	46	47	48	49	69	#
285	5.38704	42	43	44	45	46	47	48	49	50	69	#
286	5.38704	43	44	45	46	47	48	49	50	51	69	#
287	5.38704	44	45	46	47	48	49	50	51	52	69	#
288	5.38704	45	46	47	48	49	50	51	52	53	69	#
289	5.38704	46	47	48	49	50	51	52	53	54	69	#
290	5.38704	47	48	49	50	51	52	53	54	55	69	#
291	5.38704	48	49	50	51	52	53	54	55	56	69	#
292	5.38704	49	50	51	52	53	54	55	56	57	69	#
293	5.38704	50	51	52	53	54	55	56	57	58	69	#
294	5.38704	51	52	53	54	55	56	57	58	59	69	#
295	5.38704	52	53	54	55	56	57	58	59	60	69	#
296	5.29873	53	54	55	56	57	58	59	60	61	69	#
297	5.21327	54	55	56	57	58	59	60	61	62	69	#
298	5.68686	0	1	2	3	4	5	6	70	#
299	5.68686	1	2	3	4	5	6	7	70	#
300	5.68686	2	3	4	5	6	7	8	70	#
301	5.68686	3	4	5	6	7	8	9	70	#
302	5.68686	4	5	6	7	8	9	10	70	#
303	5.68686	5	6	7	8	9	10	11	70	#
304	5.68686	6	7	8	9	10	11	12	70	#
305	5.68686	7	8	9	10	11	12	13	70	#
306	5.68686	8	9	10	11	12	13	14	70	#
307	5.68686	9	10	11	12	13	14	15	70	#
308	5.68686	10	11	12	13	14	15	16	70	#
309	5.68686	11	12	13	14	15	16	17	70	#
310	5.68686	12	13	14	15	16	17	18	70	#
311	5.68686	13	14	15	16	17	18	19	70	#
312	5.68686	14	15	16	17	18	19	20	70	#
313	5.68686	15	16	17	18	19	20	21	70	#
314	5.68686	16	17	18	19	20	21	22	70	#
315	5.68686	17	18	19	20	21	22	23	70	#
316	5.68686	18	19	20	21	22	23	24	70	#
317	5.68686	19	20	21	22	23	24	25	70	#
318	5.68686	20	21	22	23	24	25	26	70	#
319	5.68686	21	22	23	24	25	26	27	70	#
320	5.68686	22	23	24	25	26	27	28	70	#
321	5.68686	23	24	25	26	27	28	29	70	#
322	5.68686	24	25	26	27	28	29	30	70	#
323	5.68686	25	26	27	28	29	30	31	70	#
324	5.68686	26	27	28	29	30	31	32	70	#
325	5.68686	27	28	29	30	31	32	33	70	#
326	5.68686	28	29	30	31	32	33	34	70	#
327	5.68686	29	30	31	32	33	34	35	70	#
328	5.68686	30	31	32	33	34	35	36	70	#
329	5.68686	31	32	33	34	35	36	37	70	#
330	5.68686	32	33	34	35	36	37	38	70	#
331	5.68686	33	34	35	36	37	38	39	70	#
332	5.68686	34	35	36	37	38	39	40	70	#
333	5.68686	35	36	37	38	39	40	41	70	#
334	5.68686	36	37	38	39	40	41	42	70	#
335	5.68686	37	38	39	40	41	42	43	70	#
336	5.68686	38	39	40	41	42	43	44	70	#
337	5.68686	39	40	41	42	43	44	45	70	#
338	5.68686	40	41	42	43	44	45	46	70	#
339	5.68686	41	42	43	44	45	46	47	70	#
340	5.68686	42	43	44	45	46	47	48	70	#
341	5.68686	43	44	45	46	47	48	49	70	#
342	5.68686	44	45	46	47	48	49	50	70	#
343	5.68686	45	46	47	48	49	50	51	70	#
344	5.68686	46	47	48	49	50	51	52	70	#
345	5.68686	47	48	49	50	51	52	53	70	#
346	5.68686	48	49	50	51	52	53	54	70	#
347	5.68686	49	50	51	52	53	54	55	70	#
348	5.58531	50	51	52	53	54	55	56	70	#
349	14.0882	0	1	2	3	4	5	6	7	71	#
350	14.0882	1	2	3	4	5	6	7	8	71	#
351	14.0882	2	3	4	5	6	7	8	9	71	#
352	14.0882	3	4	5	6	7	8	9	10	71	#
353	14.0882	4	5	6	7	8	9	10	11	71	#
354	14.0882	5	6	7	8	9	10	11	12	71	#
355	14.0882	6	7	8	9	10	11	12	13	71	#
356	14.0882	7	8	9	10	11	12	13	14	71	#
357	14.0882	8	9	10	11	12	13	14	15	71	#
358	14.0882	9	10	11	12	13	14	15	16	71	#
359	14.0882	10	11	12	13	14	15	16	17	71	#
360	14.0882	11	12	13	14	15	16	17	18	71	#
361	14.0882	12	13	14	15	16	17	18	19	71	#
362	14.0882	13	14	15	16	17	18	19	20	71	#
363	14.0882	14	15	16	17	18	19	20	21	71	#
364	14.0882	15	16	17	18	19	20	21	22	71	#
365	14.0882	16	17	18	19	20	21	22	23	71	#
366	14.0882	17	18	19	20	21	22	23	24	71	#
367	14.0882	18	19	20	21	22	23	24	25	71	#
368	14.0882	19	20	21	22	23	24	25	26	71	#
369	14.0882	20	21	22	23	24	25	26	27	71	#
370	14.0882	21	22	23	24	25	26	27	28	71	#
371	14.0882	22	23	24	25	26	27	28	29	71	#
372	14.0882	23	24	25	26	27	28	29	30	71	#
373	14.0882	24	25	26	27	28	29	30	31	71	#
374	14.0882	25	26	27	28	29	30	31	32	71	#
375	14.0882	26	27	28	29	30	31	32	33	71	#
376	14.0882	27	28	29	30	31	32	33	34	71	#
377	14.0882	28	29	30	31	32	33	34	35	71	#
378	14.0882	29	30	31	32	33	34	35	36	71	#
379	14.0882	30	31	32	33	34	35	36	37	71	#
380	14.0882	31	32	33	34	35	36	37	38	71	#
381	14.0882	32	33	34	35	36	37	38	39	71	#
382	14.0882	33	34	35	36	37	38	39	40	71	#
383	14.0882	34	35	36	37	38	39	40	41	71	#
384	14.0882	35	36	37	38	39	40	41	42	71	#
385	14.0882	36	37	38	39	40	41	42	43	71	#
386	14.0882	37	38	39	40	41	42	43	44	71	#
387	14.0882	38	39	40	41	42	43	44	45	71	#
388	14.0882	39	40	41	42	43	44	45	46	71	#
389	14.0882	40	41	42	43	44	45	46	47	71	#
390	14.0882	41	42	43	44	45	46	47	48	71	#
391	14.0882	42	43	44	45	46	47	48	49	71	#
392	14.0882	43	44	45	46	47	48	49	50	71	#
393	14.0882	44	45	46	47	48	49	50	51	71	#
394	14.0882	45	46	47	48	49	50	51	52	71	#
395	14.0882	46	47	48	49	50	51	52	53	71	#
396	14.0882	47	48	49	50	51	52	53	54	71	#
397	14.0882	48	49	50	51	52	53	54	55	71	#
398	14.0882	49	50	51	52	53	54	55	56	71	#
399	14.0882	50	51	52	53	54	55	56	57	71	#
400	14.0882	51	52	53	54	55	56	57	58	71	#
401	14.0882	52	53	54	55	56	57	58	59	71	#
402	14.0882	53	54	55	56	57	58	59	60	71	#
403	14.0882	54	55	56	57	58	59	60	61	71	#
404	14.0882	55	56	57	58	59	60	61	62	71	#
405	7.84304	0	1	2	3	72	#
406	7.84304	1	2	3	4	72	#
407	7.84304	2	3	4	5	72	#
408	7.84304	3	4	5	6	72	#
409	7.84304	4	5	6	7	72	#
410	7.84304	5	6	7	8	72	#
411	7.84304	6	7	8	9	72	#
412	7.84304	7	8	9	10	72	#
413	7.84304	8	9	10	11	72	#
414	7.84304	9	10	11	12	72	#
415	7.84304	10	11	12	13	72	#
416	7.84304	11	12	13	14	72	#
417	7.84304	12	13	14	15	72	#
418	7.84304	13	14	15	16	72	#
419	7.84304	14	15	16	17	72	#
420	7.84304	15	16	17	18	72	#
421	7.84304	16	17	18	19	72	#
422	7.84304	17	18	19	20	72	#
423	7.84304	18	19	20	21	72	#
424	7.84304	19	20	21	22	72	#
425	7.84304	20	21	22	23	72	#
426	7.84304	21	22	23	24	72	#
427	7.84304	22	23	24	25	72	#
428	7.84304	23	24	25	26	72	#
429	3.45625	24	25	26	27	72	#
430	3.45625	25	26	27	28	72	#
431	3.45625	26	27	28	29	72	#
432	3.45625	27	28	29	30	72	#
433	3.45625	28	29	30	31	72	#
434	3.45625	29	30	31	32	72	#
435	3.45625	30	31	32	33	72	#
436	3.45625	31	32	33	34	72	#
437	3.45625	32	33	34	35	72	#
438	3.45625	33	34	35	36	72	#
439	3.45625	34	35	36	37	72	#
440	3.45625	35	36	37	38	72	#
441	3.45625	36	37	38	39	72	#
442	3.45625	37	38	39	40	72	#
443	3.45625	38	39	40	41	72	#
444	3.45625	39	40	41	42	72	#
445	3.45625	40	41	42	43	72	#
446	3.45625	41	42	43	44	72	#
447	3.45625	42	43	44	45	72	#
448	3.45625	43	44	45	46	72	#
449	3.45625	44	45	46	47	72	#
450	3.45625	45	46	47	48	72	#
451	3.45625	46	47	48	49	72	#
452	3.45625	47	48	49	50	72	#
453	3.45625	48	49	50	51	72	#
454	3.45625	49	50	51	52	72	#
455	3.45625	50	51	52	53	72	#
456	3.45625	51	52	53	54	72	#
457	3.45625	52	53	54	55	72	#
458	3.45625	53	54	55	56	72	#
459	3.45625	54	55	56	57	72	#
460	3.45625	55	56	57	58	72	#
461	3.45625	56	57	58	59	72	#
462	3.28902	57	58	59	60	72	#
463	3.28902	58	59	60	61	72	#
464	3.28902	59	60	61	62	72	#
465	14.9075	0	1	2	3	4	5	6	7	73	#
466	14.9075	1	2	3	4	5	6	7	8	73	#
467	14.9075	2	3	4	5	6	7	8	9	73	#
468	14.9075	3	4	5	6	7	8	9	10	73	#
469	14.9075	4	5	6	7	8	9	10	11	73	#
470	14.9075	5	6	7	8	9	10	11	12	73	#
471	14.9075	6	7	8	9	10	11	12	13	73	#
472	14.9075	7	8	9	10	11	12	13	14	73	#
473	14.9075	8	9	10	11	12	13	14	15	73	#
474	14.9075	9	10	11	12	13	14	15	16	73	#
475	14.9075	10	11	12	13	14	15	16	17	73	#
476	14.9075	11	12	13	14	15	16	17	18	73	#
477	14.9075	12	13	14	15	16	17	18	19	73	#
478	14.9075	13	14	15	16	17	18	19	20	73	#
479	14.9075	14	15	16	17	18	19	20	21	73	#
480	14.9075	15	16	17	18	19	20	21	22	73	#
481	14.9075	16	17	18	19	20	21	22	23	73	#
482	14.9075	17	18	19	20	21	22	23	24	73	#
483	14.9075	18	19	20	21	22	23	24	25	73	#
484	14.9075	19	20	21	22	23	24	25	26	73	#
485	14.9075	20	21	22	23	24	25	26	27	73	#
486	14.9075	21	22	23	24	25	26	27	28	73	#
487	14.9075	22	23	24	25	26	27	28	29	73	#
488	14.9075	23	24	25	26	27	28	29	30	73	#
489	14.9075	24	25	26	27	28	29	30	31	73	#
490	14.9075	25	26	27	28	29	30	31	32	73	#
491	14.9075	26	27	28	29	30	31	32	33	73	#
492	14.9075	27	28	29	30	31	32	33	34	73	#
493	14.9075	28	29	30	31	32	33	34	35	73	#
494	14.9075	29	30	31	32	33	34	35	36	73	#
495	14.9075	30	31	32	33	34	35	36	37	73	#
496	14.9075	31	32	33	34	35	36	37	38	73	#
497	14.9075	32	33	34	35	36	37	38	39	73	#
498	14.9075	33	34	35	36	37	38	39	40	73	#
499	14.9075	34	35	36	37	38	39	40	41	73	#
500	14.9075	35	36	37	38	39	40	41	42	73	#
501	14.9075	36	37	38	39	40	41	42	43	73	#
502	14.9075	37	38	39	40	41	42	43	44	73	#
503	14.9075	38	39	40	41	42	43	44	45	73	#
504	14.9075	39	40	41	42	43	44	45	46	73	#
505	14.9075	40	41	42	43	44	45	46	47	73	#
506	14.9075	41	42	43	44	45	46	47	48	73	#
507	14.9075	42	43	44	45	46	47	48	49	73	#
508	14.9075	43	44	45	46	47	48	49	50	73	#
509	14.9075	44	45	46	47	48	49	50	51	73	#
510	14.9075	45	46	47	48	49	50	51	52	73	#
511	14.9075	46	47	48	49	50	51	52	53	73	#
512	14.9075	47	48	49	50	51	52	53	54	73	#
513	14.9075	48	49	50	51	52	53	54	55	73	#
514	14.9075	49	50	51	52	53	54	55	56	73	#
515	14.9075	50	51	52	53	54	55	56	57	73	#
516	14.9075	51	52	53	54	55	56	57	58	73	#
517	14.9075	52	53	54	55	56	57	58	59	73	#
518	14.9075	53	54	55	56	57	58	59	60	73	#
519	14.9075	54	55	56	57	58	59	60	61	73	#
520	14.9075	55	56	57	58	59	60	61	62	73	#
521	14.6709	56	57	58	59	60	61	62	63	73	#
522	7.15805	0	1	2	3	4	74	#
523	7.15805	1	2	3	4	5	74	#
524	7.15805	2	3	4	5	6	74	#
525	7.15805	3	4	5	6	7	74	#
526	7.15805	4	5	6	7	8	74	#
527	7.15805	5	6	7	8	9	74	#
528	9.93872	0	1	2	3	4	5	6	7	8	9	75	#
529	9.93872	1	2	3	4	5	6	7	8	9	10	75	#
530	9.93872	2	3	4	5	6	7	8	9	10	11	75	#
531	9.93872	3	4	5	6	7	8	9	10	11	12	75	#
532	9.93872	4	5	6	7	8	9	10	11	12	13	75	#
533	9.93872	5	6	7	8	9	10	11	12	13	14	75	#
534	9.93872	6	7	8	9	10	11	12	13	14	15	75	#
535	9.93872	7	8	9	10	11	12	13	14	15	16	75	#
536	9.93872	8	9	10	11	12	13	14	15	16	17	75	#
537	9.93872	9	10	11	12	13	14	15	16	17	18	75	#
538	9.93872	10	11	12	13	14	15	16	17	18	19	75	#
539	9.93872	11	12	13	14	15	16	17	18	19	20	75	#
540	9.93872	12	13	14	15	16	17	18	19	20	21	75	#
541	9.93872	13	14	15	16	17	18	19	20	21	22	75	#
542	9.93872	14	15	16	17	18	19	20	21	22	23	75	#
543	9.93872	15	16	17	18	19	20	21	22	23	24	75	#
544	9.93872	16	17	18	19	20	21	22	23	24	25	75	#
545	9.93872	17	18	19	20	21	22	23	24	25	26	75	#
546	9.93872	18	19	20	21	22	23	24	25	26	27	75	#
547	9.93872	19	20	21	22	23	24	25	26	27	28	75	#
548	9.93872	20	21	22	23	24	25	26	27	28	29	75	#
549	9.93872	21	22	23	24	25	26	27	28	29	30	75	#
550	9.93872	22	23	24	25	26	27	28	29	30	31	75	#
551	9.93872	23	24	25	26	27	28	29	30	31	32	75	#
552	9.93872	24	25	26	27	28	29	30	31	32	33	75	#
553	9.93872	25	26	27	28	29	30	31	32	33	34	75	#
554	9.93872	26	27	28	29	30	31	32	33	34	35	75	#
555	9.93872	27	28	29	30	31	32	33	34	35	36	75	#
556	9.93872	28	29	30	31	32	33	34	35	36	37	75	#
557	9.93872	29	30	31	32	33	34	35	36	37	38	75	#
558	9.93872	30	31	32	33	34	35	36	37	38	39	75	#
559	9.93872	31	32	33	34	35	36	37	38	39	40	75	#
560	15.1589	0	1	2	3	4	5	6	76	#
561	15.1589	1	2	3	4	5	6	7	76	#
562	15.1589	2	3	4	5	6	7	8	76	#
563	15.1589	3	4	5	6	7	8	9	76	#
564	15.1589	4	5	6	7	8	9	10	76	#
565	15.1589	5	6	7	8	9	10	11	76	#
566	15.1589	6	7	8	9	10	11	12	76	#
567	15.1589	7	8	9	10	11	12	13	76	#
568	15.1589	8	9	10	11	12	13	14	76	#
569	15.1589	9	10	11	12	13	14	15	76	#
570	15.1589	10	11	12	13	14	15	16	76	#
571	15.1589	11	12	13	14	15	16	17	76	#
572	15.1589	12	13	14	15	16	17	18	76	#
573	15.1589	13	14	15	16	17	18	19	76	#
574	9.93171	14	15	16	17	18	19	20	76	#
575	9.93171	15	16	17	18	19	20	21	76	#
576	9.93171	16	17	18	19	20	21	22	76	#
577	9.93171	17	18	19	20	21	22	23	76	#
578	9.93171	18	19	20	21	22	23	24	76	#
579	9.93171	19	20	21	22	23	24	25	76	#
580	9.93171	20	21	22	23	24	25	26	76	#
581	9.93171	21	22	23	24	25	26	27	76	#
582	9.93171	22	23	24	25	26	27	28	76	#
583	9.93171	23	24	25	26	27	28	29	76	#
584	14.9896	0	1	2	3	4	5	6	7	8	9	77	#
585	14.9896	1	2	3	4	5	6	7	8	9	10	77	#
586	14.9896	2	3	4	5	6	7	8	9	10	11	77	#
587	14.9896	3	4	5	6	7	8	9	10	11	12	77	#
588	14.9896	4	5	6	7	8	9	10	11	12	13	77	#
589	14.9896	5	6	7	8	9	10	11	12	13	14	77	#
590	14.9896	6	7	8	9	10	11	12	13	14	15	77	#
591	14.9896	7	8	9	10	11	12	13	14	15	16	77	#
592	14.9896	8	9	10	11	12	13	14	15	16	17	77	#
593	14.9896	9	10	11	12	13	14	15	16	17	18	77	#
594	14.9896	10	11	12	13	14	15	16	17	18	19	77	#
595	14.9896	11	12	13	14	15	16	17	18	19	20	77	#
596	14.9896	12	13	14	15	16	17	18	19	20	21	77	#
597	14.9896	13	14	15	16	17	18	19	20	21	22	77	#
598	14.9896	14	15	16	17	18	19	20	21	22	23	77	#
599	14.9896	15	16	17	18	19	20	21	22	23	24	77	#
600	14.9896	16	17	18	19	20	21	22	23	24	25	77	#
601	14.9896	17	18	19	20	21	22	23	24	25	26	77	#
602	14.9896	18	19	20	21	22	23	24	25	26	27	77	#
603	14.9896	19	20	21	22	23	24	25	26	27	28	77	#
604	14.9896	20	21	22	23	24	25	26	27	28	29	77	#
605	14.9896	21	22	23	24	25	26	27	28	29	30	77	#
606	14.9896	22	23	24	25	26	27	28	29	30	31	77	#
607	14.9896	23	24	25	26	27	28	29	30	31	32	77	#
608	14.9896	24	25	26	27	28	29	30	31	32	33	77	#
609	14.9896	25	26	27	28	29	30	31	32	33	34	77	#
610	8.35487	26	27	28	29	30	31	32	33	34	35	77	#
611	8.35487	27	28	29	30	31	32	33	34	35	36	77	#
612	8.35487	28	29	30	31	32	33	34	35	36	37	77	#
613	8.35487	29	30	31	32	33	34	35	36	37	38	77	#
614	8.35487	30	31	32	33	34	35	36	37	38	39	77	#
615	8.35487	31	32	33	34	35	36	37	38	39	40	77	#
616	8.35487	32	33	34	35	36	37	38	39	40	41	77	#
617	8.35487	33	34	35	36	37	38	39	40	41	42	77	#
618	8.35487	34	35	36	37	38	39	40	41	42	43	77	#
619	8.35487	35	36	37	38	39	40	41	42	43	44	77	#
620	8.35487	36	37	38	39	40	41	42	43	44	45	77	#
621	8.35487	37	38	39	40	41	42	43	44	45	46	77	#
622	8.35487	38	39	40	41	42	43	44	45	46	47	77	#
623	8.35487	39	40	41	42	43	44	45	46	47	48	77	#
624	8.35487	40	41	42	43	44	45	46	47	48	49	77	#
625	8.35487	41	42	43	44	45	46	47	48	49	50	77	#
626	8.35487	42	43	44	45	46	47	48	49	50	51	77	#
627	8.35487	43	44	45	46	47	48	49	50	51	52	77	#
628	8.35487	44	45	46	47	48	49	50	51	52	53	77	#
629	8.35487	45	46	47	48	49	50	51	52	53	54	77	#
630	8.35487	46	47	48	49	50	51	52	53	54	55	77	#
631	8.35487	47	48	49	50	51	52	53	54	55	56	77	#
632	8.35487	48	49	50	51	52	53	54	55	56	57	77	#
633	8.35487	49	50	51	52	53	54	55	56	57	58	77	#
634	8.35487	50	51	52	53	54	55	56	57	58	59	77	#
635	8.35487	51	52	53	54	55	56	57	58	59	60	77	#
636	8.35487	52	53	54	55	56	57	58	59	60	61	77	#
637	8.08964	53	54	55	56	57	58	59	60	61	62	77	#
638	8.08964	54	55	56	57	58	59	60	61	62	63	77	#
639	2.83734	0	1	2	78	#
640	2.83734	1	2	3	78	#
641	2.83734	2	3	4	78	#
642	2.83734	3	4	5	78	#
643	2.83734	4	5	6	78	#
644	2.83734	5	6	7	78	#
645	0.536794	6	7	8	78	#
646	0.536794	7	8	9	78	#
647	0.536794	8	9	10	78	#
648	0.536794	9	10	11	78	#
649	0.536794	10	11	12	78	#
650	0.536794	11	12	13	78	#
651	0.536794	12	13	14	78	#
652	0.536794	13	14	15	78	#
653	0.536794	14	15	16	78	#
654	0.536794	15	16	17	78	#
655	0.536794	16	17	18	78	#
656	0.536794	17	18	19	78	#
657	0.536794	18	19	20	78	#
658	0.536794	19	20	21	78	#
659	0.536794	20	21	22	78	#
660	0.536794	21	22	23	78	#
661	0.536794	22	23	24	78	#
662	0.536794	23	24	25	78	#
663	0.536794	24	25	26	78	#
664	0.536794	25	26	27	78	#
665	0.536794	26	27	28	78	#
666	0.536794	27	28	29	78	#
667	0.536794	28	29	30	78	#
668	0.536794	29	30	31	78	#
669	0.536794	30	31	32	78	#
670	0.536794	31	32	33	78	#
671	0.536794	32	33	34	78	#
672	0.536794	33	34	35	78	#
673	0.536794	34	35	36	78	#
674	0.536794	35	36	37	78	#
675	8.059	0	1	2	3	4	5	6	7	79	#
676	8.059	1	2	3	4	5	6	7	8	79	#
677	8.059	2	3	4	5	6	7	8	9	79	#
678	8.059	3	4	5	6	7	8	9	10	79	#
679	8.059	4	5	6	7	8	9	10	11	79	#
680	8.059	5	6	7	8	9	10	11	12	79	#
681	8.059	6	7	8	9	10	11	12	13	79	#
682	8.059	7	8	9	10	11	12	13	14	79	#
683	8.059	8	9	10	11	12	13	14	15	79	#
684	8.059	9	10	11	12	13	14	15	16	79	#
685	8.059	10	11	12	13	14	15	16	17	79	#
686	8.059	11	12	13	14	15	16	17	18	79	#
687	8.059	12	13	14	15	16	17	18	19	79	#
688	8.059	13	14	15	16	17	18	19	20	79	#
689	8.059	14	15	16	17	18	19	20	21	79	#
690	8.059	15	16	17	18	19	20	21	22	79	#
691	8.059	16	17	18	19	20	21	22	23	79	#
692	8.059	17	18	19	20	21	22	23	24	79	#
693	8.059	18	19	20	21	22	23	24	25	79	#
694	8.059	19	20	21	22	23	24	25	26	79	#
695	8.059	20	21	22	23	24	25	26	27	79	#
696	8.059	21	22	23	24	25	26	27	28	79	#
697	8.059	22	23	24	25	26	27	28	29	79	#
698	8.059	23	24	25	26	27	28	29	30	79	#
699	8.059	24	25	26	27	28	29	30	31	79	#
700	8.059	25	26	27	28	29	30	31	32	79	#
701	8.059	26	27	28	29	30	31	32	33	79	#
702	8.059	27	28	29	30	31	32	33	34	79	#
703	8.059	28	29	30	31	32	33	34	35	79	#
704	8.059	29	30	31	32	33	34	35	36	79	#
705	8.059	30	31	32	33	34	35	36	37	79	#
706	8.059	31	32	33	34	35	36	37	38	79	#
707	8.059	32	33	34	35	36	37	38	39	79	#
708	8.059	33	34	35	36	37	38	39	40	79	#
709	8.059	34	35	36	37	38	39	40	41	79	#
710	8.059	35	36	37	38	39	40	41	42	79	#
711	8.059	36	37	38	39	40	41	42	43	79	#
712	8.059	37	38	39	40	41	42	43	44	79	#
713	8.059	38	39	40	41	42	43	44	45	79	#
714	8.059	39	40	41	42	43	44	45	46	79	#
715	8.059	40	41	42	43	44	45	46	47	79	#
716	8.059	41	42	43	44	45	46	47	48	79	#
717	8.059	42	43	44	45	46	47	48	49	79	#
718	8.059	43	44	45	46	47	48	49	50	79	#
719	8.059	44	45	46	47	48	49	50	51	79	#
720	7.90402	45	46	47	48	49	50	51	52	79	#
721	7.33945	46	47	48	49	50	51	52	53	79	#
722	7.33945	47	48	49	50	51	52	53	54	79	#
723	7.33945	48	49	50	51	52	53	54	55	79	#
724	7.33945	49	50	51	52	53	54	55	56	79	#
725	5.59216	0	1	2	3	4	80	#
726	5.59216	1	2	3	4	5	80	#
727	5.59216	2	3	4	5	6	80	#
728	5.59216	3	4	5	6	7	80	#
729	5.59216	4	5	6	7	8	80	#
730	5.59216	5	6	7	8	9	80	#
731	5.59216	6	7	8	9	10	80	#
732	5.59216	7	8	9	10	11	80	#
733	5.59216	8	9	10	11	12	80	#
734	5.59216	9	10	11	12	13	80	#
735	5.59216	10	11	12	13	14	80	#
736	5.59216	11	12	13	14	15	80	#
737	5.59216	12	13	14	15	16	80	#
738	5.59216	13	14	15	16	17	80	#
739	5.59216	14	15	16	17	18	80	#
740	5.59216	15	16	17	18	19	80	#
741	5.59216	16	17	18	19	20	80	#
742	5.59216	17	18	19	20	21	80	#
743	5.59216	18	19	20	21	22	80	#
744	5.59216	19	20	21	22	23	80	#
745	5.59216	20	21	22	23	24	80	#
746	5.59216	21	22	23	24	25	80	#
747	5.59216	22	23	24	25	26	80	#
748	5.59216	23	24	25	26	27	80	#
749	5.59216	24	25	26	27	28	80	#
750	5.59216	25	26	27	28	29	80	#
751	5.59216	26	27	28	29	30	80	#
752	2.8925	27	28	29	30	31	80	#
753	2.8925	28	29	30	31	32	80	#
754	2.8925	29	30	31	32	33	80	#
755	2.8925	30	31	32	33	34	80	#
756	2.8925	31	32	33	34	35	80	#
757	2.8925	32	33	34	35	36	80	#
758	2.8925	33	34	35	36	37	80	#
759	2.8925	34	35	36	37	38	80	#
760	2.8925	35	36	37	38	39	80	#
761	2.8925	36	37	38	39	40	80	#
762	2.8925	37	38	39	40	41	80	#
763	2.8925	38	39	40	41	42	80	#
764	2.8925	39	40	41	42	43	80	#
765	2.8925	40	41	42	43	44	80	#
766	2.8925	41	42	43	44	45	80	#
767	2.8925	42	43	44	45	46	80	#
768	2.8925	43	44	45	46	47	80	#
769	2.8925	44	45	46	47	48	80	#
770	2.8925	45	46	47	48	49	80	#
771	2.8925	46	47	48	49	50	80	#
772	2.8925	47	48	49	50	51	80	#
773	2.8925	48	49	50	51	52	80	#
774	2.8925	49	50	51	52	53	80	#
775	2.8925	50	51	52	53	54	80	#
776	2.8925	51	52	53	54	55	80	#
777	2.8925	52	53	54	55	56	80	#
778	2.8925	53	54	55	56	57	80	#
779	2.8925	54	55	56	57	58	80	#
780	9.29539	0	1	2	3	4	81	#
781	9.29539	1	2	3	4	5	81	#
782	9.29539	2	3	4	5	6	81	#
783	9.29539	3	4	5	6	7	81	#
784	9.29539	4	5	6	7	8	81	#
785	9.29539	5	6	7	8	9	81	#
786	9.29539	6	7	8	9	10	81	#
787	9.29539	7	8	9	10	11	81	#
788	9.29539	8	9	10	11	12	81	#
789	9.29539	9	10	11	12	13	81	#
790	9.29539	10	11	12	13	14	81	#
791	9.29539	11	12	13	14	15	81	#
792	9.29539	12	13	14	15	16	81	#
793	9.29539	13	14	15	16	17	81	#
794	9.29539	14	15	16	17	18	81	#
795	9.29539	15	16	17	18	19	81	#
796	9.29539	16	17	18	19	20	81	#
797	9.29539	17	18	19	20	21	81	#
798	9.29539	18	19	20	21	22	81	#
799	9.29539	19	20	21	22	23	81	#
800	9.29539	20	21	22	23	24	81	#
801	9.29539	21	22	23	24	25	81	#
802	9.29539	22	23	24	25	26	81	#
803	9.29539	23	24	25	26	27	81	#
804	9.29539	24	25	26	27	28	81	#
805	9.29539	25	26	27	28	29	81	#
806	9.29539	26	27	28	29	30	81	#
807	9.29539	27	28	29	30	31	81	#
808	9.29539	28	29	30	31	32	81	#
809	9.29539	29	30	31	32	33	81	#
810	9.29539	30	31	32	33	34	81	#
811	9.29539	31	32	33	34	35	81	#
812	9.29539	32	33	34	35	36	81	#
813	9.29539	33	34	35	36	37	81	#
814	9.29539	34	35	36	37	38	81	#
815	9.29539	35	36	37	38	39	81	#
816	9.29539	36	37	38	39	40	81	#
817	9.29539	37	38	39	40	41	81	#
818	9.29539	38	39	40	41	42	81	#
819	9.29539	39	40	41	42	43	81	#
820	9.29539	40	41	42	43	44	81	#
821	9.29539	41	42	43	44	45	81	#
822	9.29539	42	43	44	45	46	81	#
823	9.29539	43	44	45	46	47	81	#
824	9.29539	44	45	46	47	48	81	#
825	9.29539	45	46	47	48	49	81	#
826	9.29539	46	47	48	49	50	81	#
827	9.29539	47	48	49	50	51	81	#
828	9.29539	48	49	50	51	52	81	#
829	9.29539	49	50	51	52	53	81	#
830	9.29539	50	51	52	53	54	81	#
831	9.29539	51	52	53	54	55	81	#
832	9.29539	52	53	54	55	56	81	#
833	9.29539	53	54	55	56	57	81	#
834	9.29539	54	55	56	57	58	81	#
835	9.29539	55	56	57	58	59	81	#
836	9.29539	56	57	58	59	60	81	#
837	9.29539	57	58	59	60	61	81	#
838	9.29539	58	59	60	61	62	81	#
839	9.14784	59	60	61	62	63	81	#
840	1.18449	0	82	#
841	1.18449	1	82	#
842	1.18449	2	82	#
843	1.18449	3	82	#
844	1.18449	4	82	#
845	1.18449	5	82	#
846	1.18449	6	82	#
847	1.18449	7	82	#
848	1.18449	8	82	#
849	1.18449	9	82	#
850	1.18449	10	82	#
851	1.18449	11	82	#
852	1.18449	12	82	#
853	1.18449	13	82	#
854	1.18449	14	82	#
855	1.18449	15	82	#
856	1.18449	16	82	#
857	1.18449	17	82	#
858	1.18449	18	82	#
859	1.18449	19	82	#
860	1.18449	20	82	#
861	1.18449	21	82	#
862	1.18449	22	82	#
863	1.18449	23	82	#
864	1.18449	24	82	#
865	1.18449	25	82	#
866	1.18449	26	82	#
867	1.18449	27	82	#
868	1.18449	28	82	#
869	1.18449	29	82	#
870	1.18449	30	82	#
871	1.18449	31	82	#
872	1.18449	32	82	#
873	1.18449	33	82	#
874	1.18449	34	82	#
875	1.18449	35	82	#
876	1.18449	36	82	#
877	1.18449	37	82	#
878	1.18449	38	82	#
879	1.18449	39	82	#
880	1.18449	40	82	#
881	1.18449	41	82	#
882	1.18449	42	82	#
883	1.18449	43	82	#
884	1.18449	44	82	#
885	1.18449	45	82	#
886	1.18449	46	82	#
887	1.18449	47	82	#
888	0.994129	48	82	#
889	0.994129	49	82	#
890	0.994129	50	82	#
891	0.994129	51	82	#
892	0.994129	52	82	#
893	0.994129	53	82	#
894	0.994129	54	82	#
895	0.994129	55	82	#
896	0.994129	56	82	#
897	0.927854	57	82	#
898	0.927854	58	82	#
899	0.927854	59	82	#
900	0.927854	60	82	#
901	0.88367	61	82	#
902	0.88367	62	82	#
903	0.88367	63	82	#
904	4.31574	0	1	2	3	4	5	83	#
905	4.31574	1	2	3	4	5	6	83	#
906	4.31574	2	3	4	5	6	7	83	#
907	4.31574	3	4	5	6	7	8	83	#
908	0.704611	4	5	6	7	8	9	83	#
909	0.704611	5	6	7	8	9	10	83	#
910	0.704611	6	7	8	9	10	11	83	#
911	0.704611	7	8	9	10	11	12	83	#
912	0.704611	8	9	10	11	12	13	83	#
913	0.704611	9	10	11	12	13	14	83	#
914	0.704611	10	11	12	13	14	15	83	#
915	0.704611	11	12	13	14	15	16	83	#
916	0.704611	12	13	14	15	16	17	83	#
917	0.704611	13	14	15	16	17	18	83	#
918	0.704611	14	15	16	17	18	19	83	#
919	0.704611	15	16	17	18	19	20	83	#
920	0.704611	16	17	18	19	20	21	83	#
921	0.704611	17	18	19	20	21	22	83	#
922	0.704611	18	19	20	21	22	23	83	#
923	0.704611	19	20	21	22	23	24	83	#
924	0.704611	20	21	22	23	24	25	83	#
925	0.704611	21	22	23	24	25	26	83	#
926	0.704611	22	23	24	25	26	27	83	#
927	0.704611	23	24	25	26	27	28	83	#
928	0.704611	24	25	26	27	28	29	83	#
929	0.704611	25	26	27	28	29	30	83	#
930	0.704611	26	27	28	29	30	31	83	#
931	0.704611	27	28	29	30	31	32	83	#
932	0.704611	28	29	30	31	32	33	83	#
933	0.704611	29	30	31	32	33	34	83	#
934	0.704611	30	31	32	33	34	35	83	#
935	0.704611	31	32	33	34	35	36	83	#
936	0.704611	32	33	34	35	36	37	83	#
937	0.704611	33	34	35	36	37	38	83	#
938	0.704611	34	35	36	37	38	39	83	#
939	0.704611	35	36	37	38	39	40	83	#
940	0.704611	36	37	38	39	40	41	83	#
941	0.704611	37	38	39	40	41	42	83	#
942	0.704611	38	39	40	41	42	43	83	#
943	0.704611	39	40	41	42	43	44	83	#
944	0.704611	40	41	42	43	44	45	83	#
945	0.704611	41	42	43	44	45	46	83	#
946	0.704611	42	43	44	45	46	47	83	#
947	0.704611	43	44	45	46	47	48	83	#
948	0.704611	44	45	46	47	48	49	83	#
949	0.651433	45	46	47	48	49	50	83	#
950	0.651433	46	47	48	49	50	51	83	#
951	0.651433	47	48	49	50	51	52	83	#
952	0.651433	48	49	50	51	52	53	83	#
953	0.605718	49	50	51	52	53	54	83	#
954	0.605718	50	51	52	53	54	55	83	#
955	0.605718	51	52	53	54	55	56	83	#
956	0.605718	52	53	54	55	56	57	83	#
957	3.21596	0	1	84	#
958	3.21596	1	2	84	#
959	3.21596	2	3	84	#
960	3.21596	3	4	84	#
961	3.21596	4	5	84	#
962	3.21596	5	6	84	#
963	3.21596	6	7	84	#
964	3.21596	7	8	84	#
965	3.21596	8	9	84	#
966	3.21596	9	10	84	#
967	3.21596	10	11	84	#
968	3.21596	11	12	84	#
969	3.21596	12	13	84	#
970	3.21596	13	14	84	#
971	3.21596	14	15	84	#
972	3.21596	15	16	84	#
973	3.21596	16	17	84	#
974	3.21596	17	18	84	#
975	3.21596	18	19	84	#
976	3.21596	19	20	84	#
977	3.21596	20	21	84	#
978	3.21596	21	22	84	#
979	3.21596	22	23	84	#
980	3.21596	23	24	84	#
981	3.21596	24	25	84	#
982	3.21596	25	26	84	#
983	3.21596	26	27	84	#
984	3.21596	27	28	84	#
985	3.21596	28	29	84	#
986	3.21596	29	30	84	#
987	3.21596	30	31	84	#
988	3.21596	31	32	84	#
989	2.85863	32	33	84	#
990	2.85863	33	34	84	#
991	2.85863	34	35	84	#
992	2.85863	35	36	84	#
993	2.10022	36	37	84	#
994	2.10022	37	38	84	#
995	2.10022	38	39	84	#
996	2.10022	39	40	84	#
997	2.10022	40	41	84	#
998	2.10022	41	42	84	#
999	2.10022	42	43	84	#
1000	2.10022	43	44	84	#
1001	2.10022	44	45	84	#
1002	2.10022	45	46	84	#
1003	2.10022	46	47	84	#
1004	2.10022	47	48	84	#
1005	2.10022	48	49	84	#
1006	2.05821	49	50	84	#
1007	1.6335	50	51	84	#
1008	1.6335	51	52	84	#
1009	1.6335	52	53	84	#
1010	1.6335	53	54	84	#
1011	1.6335	54	55	84	#
1012	1.6335	55	56	84	#
1013	1.6335	56	57	84	#
1014	1.6335	57	58	84	#
1015	1.6335	58	59	84	#
1016	1.6335	59	60	84	#
1017	1.6335	60	61	84	#
1018	1.6335	61	62	84	#
1019	1.6335	62	63	84	#
