%% File generated by CATS v.2.1Wed Jun 22 10:37:56 2022

%% The CATS webpage is http://robotics.stanford.edu/CATS

%% PARAMETER SETTINGS:
% Goods: 64; Bids: 1000; Distribution: scheduling; Runs: 1; Seed: 1656573105
% Scheduling Distribution Parameters:
% max_length                = 10
% deviation                 = 0.500000
% prob_additional_deadline  = 0.700000
% additivity                = 0.200000



goods 64
bids 1041
dummy 22

0	6.98334	0	1	2	3	4	64	#
1	6.98334	1	2	3	4	5	64	#
2	6.98334	2	3	4	5	6	64	#
3	6.98334	3	4	5	6	7	64	#
4	6.98334	4	5	6	7	8	64	#
5	6.98334	5	6	7	8	9	64	#
6	6.98334	6	7	8	9	10	64	#
7	6.98334	7	8	9	10	11	64	#
8	6.98334	8	9	10	11	12	64	#
9	6.98334	9	10	11	12	13	64	#
10	10.1963	0	1	2	3	4	5	65	#
11	10.1963	1	2	3	4	5	6	65	#
12	10.1963	2	3	4	5	6	7	65	#
13	10.1963	3	4	5	6	7	8	65	#
14	10.1963	4	5	6	7	8	9	65	#
15	10.1963	5	6	7	8	9	10	65	#
16	10.1963	6	7	8	9	10	11	65	#
17	10.1963	7	8	9	10	11	12	65	#
18	10.1963	8	9	10	11	12	13	65	#
19	10.1963	9	10	11	12	13	14	65	#
20	10.1963	10	11	12	13	14	15	65	#
21	10.1963	11	12	13	14	15	16	65	#
22	10.1963	12	13	14	15	16	17	65	#
23	10.1963	13	14	15	16	17	18	65	#
24	10.1963	14	15	16	17	18	19	65	#
25	10.1963	15	16	17	18	19	20	65	#
26	10.1963	16	17	18	19	20	21	65	#
27	10.1963	17	18	19	20	21	22	65	#
28	10.1963	18	19	20	21	22	23	65	#
29	10.1963	19	20	21	22	23	24	65	#
30	10.1963	20	21	22	23	24	25	65	#
31	10.1963	21	22	23	24	25	26	65	#
32	10.1963	22	23	24	25	26	27	65	#
33	10.1963	23	24	25	26	27	28	65	#
34	10.1963	24	25	26	27	28	29	65	#
35	10.1963	25	26	27	28	29	30	65	#
36	10.1963	26	27	28	29	30	31	65	#
37	10.1963	27	28	29	30	31	32	65	#
38	10.1963	28	29	30	31	32	33	65	#
39	10.1963	29	30	31	32	33	34	65	#
40	10.1963	30	31	32	33	34	35	65	#
41	10.1963	31	32	33	34	35	36	65	#
42	10.1963	32	33	34	35	36	37	65	#
43	10.1963	33	34	35	36	37	38	65	#
44	10.1963	34	35	36	37	38	39	65	#
45	10.1963	35	36	37	38	39	40	65	#
46	10.1963	36	37	38	39	40	41	65	#
47	10.1963	37	38	39	40	41	42	65	#
48	10.1963	38	39	40	41	42	43	65	#
49	10.1963	39	40	41	42	43	44	65	#
50	10.1963	40	41	42	43	44	45	65	#
51	10.1963	41	42	43	44	45	46	65	#
52	10.1963	42	43	44	45	46	47	65	#
53	10.1963	43	44	45	46	47	48	65	#
54	10.1963	44	45	46	47	48	49	65	#
55	10.1963	45	46	47	48	49	50	65	#
56	10.1963	46	47	48	49	50	51	65	#
57	10.1963	47	48	49	50	51	52	65	#
58	10.1963	48	49	50	51	52	53	65	#
59	10.1963	49	50	51	52	53	54	65	#
60	10.1963	50	51	52	53	54	55	65	#
61	10.1963	51	52	53	54	55	56	65	#
62	10.1963	52	53	54	55	56	57	65	#
63	10.1963	53	54	55	56	57	58	65	#
64	10.1963	54	55	56	57	58	59	65	#
65	10.1963	55	56	57	58	59	60	65	#
66	10.1963	56	57	58	59	60	61	65	#
67	9.87265	57	58	59	60	61	62	65	#
68	9.87265	58	59	60	61	62	63	65	#
69	8.86874	0	1	2	3	4	5	6	66	#
70	8.86874	1	2	3	4	5	6	7	66	#
71	8.86874	2	3	4	5	6	7	8	66	#
72	8.86874	3	4	5	6	7	8	9	66	#
73	8.86874	4	5	6	7	8	9	10	66	#
74	8.86874	5	6	7	8	9	10	11	66	#
75	8.86874	6	7	8	9	10	11	12	66	#
76	8.86874	7	8	9	10	11	12	13	66	#
77	8.86874	8	9	10	11	12	13	14	66	#
78	8.86874	9	10	11	12	13	14	15	66	#
79	8.86874	10	11	12	13	14	15	16	66	#
80	8.86874	11	12	13	14	15	16	17	66	#
81	8.86874	12	13	14	15	16	17	18	66	#
82	3.13014	13	14	15	16	17	18	19	66	#
83	3.13014	14	15	16	17	18	19	20	66	#
84	3.13014	15	16	17	18	19	20	21	66	#
85	3.13014	16	17	18	19	20	21	22	66	#
86	3.13014	17	18	19	20	21	22	23	66	#
87	3.13014	18	19	20	21	22	23	24	66	#
88	3.13014	19	20	21	22	23	24	25	66	#
89	3.13014	20	21	22	23	24	25	26	66	#
90	3.13014	21	22	23	24	25	26	27	66	#
91	3.13014	22	23	24	25	26	27	28	66	#
92	3.13014	23	24	25	26	27	28	29	66	#
93	3.13014	24	25	26	27	28	29	30	66	#
94	3.13014	25	26	27	28	29	30	31	66	#
95	3.13014	26	27	28	29	30	31	32	66	#
96	3.13014	27	28	29	30	31	32	33	66	#
97	3.13014	28	29	30	31	32	33	34	66	#
98	3.13014	29	30	31	32	33	34	35	66	#
99	3.13014	30	31	32	33	34	35	36	66	#
100	3.13014	31	32	33	34	35	36	37	66	#
101	3.13014	32	33	34	35	36	37	38	66	#
102	3.13014	33	34	35	36	37	38	39	66	#
103	3.13014	34	35	36	37	38	39	40	66	#
104	3.13014	35	36	37	38	39	40	41	66	#
105	3.13014	36	37	38	39	40	41	42	66	#
106	3.13014	37	38	39	40	41	42	43	66	#
107	3.13014	38	39	40	41	42	43	44	66	#
108	3.13014	39	40	41	42	43	44	45	66	#
109	3.13014	40	41	42	43	44	45	46	66	#
110	3.13014	41	42	43	44	45	46	47	66	#
111	3.13014	42	43	44	45	46	47	48	66	#
112	3.13014	43	44	45	46	47	48	49	66	#
113	3.13014	44	45	46	47	48	49	50	66	#
114	3.13014	45	46	47	48	49	50	51	66	#
115	2.95625	46	47	48	49	50	51	52	66	#
116	2.95625	47	48	49	50	51	52	53	66	#
117	2.95625	48	49	50	51	52	53	54	66	#
118	2.85067	49	50	51	52	53	54	55	66	#
119	2.85067	50	51	52	53	54	55	56	66	#
120	2.57479	51	52	53	54	55	56	57	66	#
121	2.57479	52	53	54	55	56	57	58	66	#
122	2.57479	53	54	55	56	57	58	59	66	#
123	2.57479	54	55	56	57	58	59	60	66	#
124	2.57479	55	56	57	58	59	60	61	66	#
125	2.57479	56	57	58	59	60	61	62	66	#
126	2.53392	57	58	59	60	61	62	63	66	#
127	0.989841	0	67	#
128	0.989841	1	67	#
129	0.989841	2	67	#
130	0.989841	3	67	#
131	0.989841	4	67	#
132	0.989841	5	67	#
133	0.989841	6	67	#
134	0.989841	7	67	#
135	0.989841	8	67	#
136	0.989841	9	67	#
137	0.989841	10	67	#
138	0.989841	11	67	#
139	0.989841	12	67	#
140	0.989841	13	67	#
141	0.989841	14	67	#
142	0.989841	15	67	#
143	0.989841	16	67	#
144	0.989841	17	67	#
145	0.989841	18	67	#
146	0.989841	19	67	#
147	0.989841	20	67	#
148	0.989841	21	67	#
149	0.989841	22	67	#
150	0.989841	23	67	#
151	0.989841	24	67	#
152	0.989841	25	67	#
153	0.405673	26	67	#
154	0.405673	27	67	#
155	0.405673	28	67	#
156	0.405673	29	67	#
157	0.405673	30	67	#
158	0.405673	31	67	#
159	0.405673	32	67	#
160	0.405673	33	67	#
161	0.405673	34	67	#
162	0.405673	35	67	#
163	0.405673	36	67	#
164	0.405673	37	67	#
165	0.405673	38	67	#
166	0.405673	39	67	#
167	0.405673	40	67	#
168	0.405673	41	67	#
169	0.405673	42	67	#
170	0.405673	43	67	#
171	0.405673	44	67	#
172	0.405673	45	67	#
173	0.405673	46	67	#
174	0.405673	47	67	#
175	0.405673	48	67	#
176	0.405673	49	67	#
177	0.405673	50	67	#
178	0.405673	51	67	#
179	0.405673	52	67	#
180	0.405673	53	67	#
181	0.405673	54	67	#
182	0.405673	55	67	#
183	0.405673	56	67	#
184	0.405673	57	67	#
185	0.405673	58	67	#
186	0.405673	59	67	#
187	0.405673	60	67	#
188	0.405673	61	67	#
189	11.1936	0	1	2	3	4	5	68	#
190	11.1936	1	2	3	4	5	6	68	#
191	11.1936	2	3	4	5	6	7	68	#
192	11.1936	3	4	5	6	7	8	68	#
193	11.1936	4	5	6	7	8	9	68	#
194	11.1936	5	6	7	8	9	10	68	#
195	11.1936	6	7	8	9	10	11	68	#
196	11.1936	7	8	9	10	11	12	68	#
197	11.1936	8	9	10	11	12	13	68	#
198	11.1936	9	10	11	12	13	14	68	#
199	11.1936	10	11	12	13	14	15	68	#
200	11.1936	11	12	13	14	15	16	68	#
201	11.1936	12	13	14	15	16	17	68	#
202	11.1936	13	14	15	16	17	18	68	#
203	11.1936	14	15	16	17	18	19	68	#
204	11.1936	15	16	17	18	19	20	68	#
205	11.1936	16	17	18	19	20	21	68	#
206	11.1936	17	18	19	20	21	22	68	#
207	11.1936	18	19	20	21	22	23	68	#
208	11.1936	19	20	21	22	23	24	68	#
209	11.1936	20	21	22	23	24	25	68	#
210	11.1936	21	22	23	24	25	26	68	#
211	11.1936	22	23	24	25	26	27	68	#
212	11.1936	23	24	25	26	27	28	68	#
213	11.1936	24	25	26	27	28	29	68	#
214	11.1936	25	26	27	28	29	30	68	#
215	11.1936	26	27	28	29	30	31	68	#
216	11.1936	27	28	29	30	31	32	68	#
217	11.1936	28	29	30	31	32	33	68	#
218	11.1936	29	30	31	32	33	34	68	#
219	11.1936	30	31	32	33	34	35	68	#
220	11.1936	31	32	33	34	35	36	68	#
221	11.1936	32	33	34	35	36	37	68	#
222	11.1936	33	34	35	36	37	38	68	#
223	11.1936	34	35	36	37	38	39	68	#
224	11.1936	35	36	37	38	39	40	68	#
225	11.1936	36	37	38	39	40	41	68	#
226	11.1936	37	38	39	40	41	42	68	#
227	9.2183	38	39	40	41	42	43	68	#
228	9.2183	39	40	41	42	43	44	68	#
229	9.2183	40	41	42	43	44	45	68	#
230	9.2183	41	42	43	44	45	46	68	#
231	9.2183	42	43	44	45	46	47	68	#
232	9.2183	43	44	45	46	47	48	68	#
233	9.2183	44	45	46	47	48	49	68	#
234	9.2183	45	46	47	48	49	50	68	#
235	9.2183	46	47	48	49	50	51	68	#
236	8.87044	47	48	49	50	51	52	68	#
237	8.87044	48	49	50	51	52	53	68	#
238	8.54788	49	50	51	52	53	54	68	#
239	8.54788	50	51	52	53	54	55	68	#
240	7.83555	51	52	53	54	55	56	68	#
241	7.83555	52	53	54	55	56	57	68	#
242	7.83555	53	54	55	56	57	58	68	#
243	7.83555	54	55	56	57	58	59	68	#
244	7.83555	55	56	57	58	59	60	68	#
245	5.08751	0	1	2	3	4	69	#
246	5.08751	1	2	3	4	5	69	#
247	5.08751	2	3	4	5	6	69	#
248	5.08751	3	4	5	6	7	69	#
249	5.08751	4	5	6	7	8	69	#
250	5.08751	5	6	7	8	9	69	#
251	5.08751	6	7	8	9	10	69	#
252	5.08751	7	8	9	10	11	69	#
253	5.08751	8	9	10	11	12	69	#
254	5.08751	9	10	11	12	13	69	#
255	5.08751	10	11	12	13	14	69	#
256	5.08751	11	12	13	14	15	69	#
257	5.08751	12	13	14	15	16	69	#
258	5.08751	13	14	15	16	17	69	#
259	5.08751	14	15	16	17	18	69	#
260	5.08751	15	16	17	18	19	69	#
261	5.08751	16	17	18	19	20	69	#
262	5.08751	17	18	19	20	21	69	#
263	1.87435	18	19	20	21	22	69	#
264	1.87435	19	20	21	22	23	69	#
265	1.87435	20	21	22	23	24	69	#
266	1.87435	21	22	23	24	25	69	#
267	1.87435	22	23	24	25	26	69	#
268	1.87435	23	24	25	26	27	69	#
269	1.87435	24	25	26	27	28	69	#
270	1.87435	25	26	27	28	29	69	#
271	1.87435	26	27	28	29	30	69	#
272	1.87435	27	28	29	30	31	69	#
273	1.87435	28	29	30	31	32	69	#
274	1.87435	29	30	31	32	33	69	#
275	1.87435	30	31	32	33	34	69	#
276	1.87435	31	32	33	34	35	69	#
277	1.87435	32	33	34	35	36	69	#
278	1.87435	33	34	35	36	37	69	#
279	1.87435	34	35	36	37	38	69	#
280	1.87435	35	36	37	38	39	69	#
281	1.87435	36	37	38	39	40	69	#
282	1.87435	37	38	39	40	41	69	#
283	1.87435	38	39	40	41	42	69	#
284	1.87435	39	40	41	42	43	69	#
285	1.87435	40	41	42	43	44	69	#
286	1.87435	41	42	43	44	45	69	#
287	1.87435	42	43	44	45	46	69	#
288	1.87435	43	44	45	46	47	69	#
289	1.87435	44	45	46	47	48	69	#
290	1.87435	45	46	47	48	49	69	#
291	1.87435	46	47	48	49	50	69	#
292	1.87435	47	48	49	50	51	69	#
293	1.87435	48	49	50	51	52	69	#
294	1.87435	49	50	51	52	53	69	#
295	1.87435	50	51	52	53	54	69	#
296	1.87435	51	52	53	54	55	69	#
297	1.87435	52	53	54	55	56	69	#
298	1.87435	53	54	55	56	57	69	#
299	2.812	0	1	70	#
300	2.812	1	2	70	#
301	2.812	2	3	70	#
302	2.812	3	4	70	#
303	2.812	4	5	70	#
304	2.812	5	6	70	#
305	0.496235	6	7	70	#
306	0.496235	7	8	70	#
307	0.496235	8	9	70	#
308	0.496235	9	10	70	#
309	0.496235	10	11	70	#
310	0.496235	11	12	70	#
311	0.496235	12	13	70	#
312	0.496235	13	14	70	#
313	0.496235	14	15	70	#
314	0.496235	15	16	70	#
315	0.496235	16	17	70	#
316	0.496235	17	18	70	#
317	0.496235	18	19	70	#
318	0.496235	19	20	70	#
319	0.496235	20	21	70	#
320	0.496235	21	22	70	#
321	0.496235	22	23	70	#
322	0.496235	23	24	70	#
323	0.496235	24	25	70	#
324	0.496235	25	26	70	#
325	0.496235	26	27	70	#
326	0.496235	27	28	70	#
327	0.496235	28	29	70	#
328	0.496235	29	30	70	#
329	0.496235	30	31	70	#
330	0.496235	31	32	70	#
331	0.496235	32	33	70	#
332	0.496235	33	34	70	#
333	0.306764	34	35	70	#
334	0.306764	35	36	70	#
335	0.306764	36	37	70	#
336	0.306764	37	38	70	#
337	0.306764	38	39	70	#
338	0.306764	39	40	70	#
339	0.306764	40	41	70	#
340	0.306764	41	42	70	#
341	0.306764	42	43	70	#
342	0.306764	43	44	70	#
343	0.306764	44	45	70	#
344	0.306764	45	46	70	#
345	0.306764	46	47	70	#
346	0.306764	47	48	70	#
347	0.306764	48	49	70	#
348	0.306764	49	50	70	#
349	0.306764	50	51	70	#
350	0.306764	51	52	70	#
351	0.306764	52	53	70	#
352	0.306764	53	54	70	#
353	0.306764	54	55	70	#
354	0.296	55	56	70	#
355	0.296	56	57	70	#
356	0.267809	57	58	70	#
357	0.267809	58	59	70	#
358	0.267809	59	60	70	#
359	0.267809	60	61	70	#
360	0.267809	61	62	70	#
361	0.267809	62	63	70	#
362	10.664	0	1	2	3	4	5	6	71	#
363	10.664	1	2	3	4	5	6	7	71	#
364	10.664	2	3	4	5	6	7	8	71	#
365	10.664	3	4	5	6	7	8	9	71	#
366	10.664	4	5	6	7	8	9	10	71	#
367	10.664	5	6	7	8	9	10	11	71	#
368	10.664	6	7	8	9	10	11	12	71	#
369	10.664	7	8	9	10	11	12	13	71	#
370	10.664	8	9	10	11	12	13	14	71	#
371	10.664	9	10	11	12	13	14	15	71	#
372	10.664	10	11	12	13	14	15	16	71	#
373	10.664	11	12	13	14	15	16	17	71	#
374	10.664	12	13	14	15	16	17	18	71	#
375	10.664	13	14	15	16	17	18	19	71	#
376	10.664	14	15	16	17	18	19	20	71	#
377	10.664	15	16	17	18	19	20	21	71	#
378	10.664	16	17	18	19	20	21	22	71	#
379	10.664	17	18	19	20	21	22	23	71	#
380	10.664	18	19	20	21	22	23	24	71	#
381	10.664	19	20	21	22	23	24	25	71	#
382	10.664	20	21	22	23	24	25	26	71	#
383	10.664	21	22	23	24	25	26	27	71	#
384	10.664	22	23	24	25	26	27	28	71	#
385	10.664	23	24	25	26	27	28	29	71	#
386	10.664	24	25	26	27	28	29	30	71	#
387	10.664	25	26	27	28	29	30	31	71	#
388	10.664	26	27	28	29	30	31	32	71	#
389	10.664	27	28	29	30	31	32	33	71	#
390	10.664	28	29	30	31	32	33	34	71	#
391	10.664	29	30	31	32	33	34	35	71	#
392	10.664	30	31	32	33	34	35	36	71	#
393	10.664	31	32	33	34	35	36	37	71	#
394	10.664	32	33	34	35	36	37	38	71	#
395	10.664	33	34	35	36	37	38	39	71	#
396	10.664	34	35	36	37	38	39	40	71	#
397	10.664	35	36	37	38	39	40	41	71	#
398	10.664	36	37	38	39	40	41	42	71	#
399	10.664	37	38	39	40	41	42	43	71	#
400	10.664	38	39	40	41	42	43	44	71	#
401	10.664	39	40	41	42	43	44	45	71	#
402	10.664	40	41	42	43	44	45	46	71	#
403	10.664	41	42	43	44	45	46	47	71	#
404	10.664	42	43	44	45	46	47	48	71	#
405	10.664	43	44	45	46	47	48	49	71	#
406	10.664	44	45	46	47	48	49	50	71	#
407	10.664	45	46	47	48	49	50	51	71	#
408	10.664	46	47	48	49	50	51	52	71	#
409	10.664	47	48	49	50	51	52	53	71	#
410	10.664	48	49	50	51	52	53	54	71	#
411	10.664	49	50	51	52	53	54	55	71	#
412	10.664	50	51	52	53	54	55	56	71	#
413	10.664	51	52	53	54	55	56	57	71	#
414	10.664	52	53	54	55	56	57	58	71	#
415	10.664	53	54	55	56	57	58	59	71	#
416	10.664	54	55	56	57	58	59	60	71	#
417	10.1562	55	56	57	58	59	60	61	71	#
418	10.1562	56	57	58	59	60	61	62	71	#
419	10.1562	57	58	59	60	61	62	63	71	#
420	4.81984	0	1	2	72	#
421	4.81984	1	2	3	72	#
422	4.81984	2	3	4	72	#
423	4.81984	3	4	5	72	#
424	4.81984	4	5	6	72	#
425	4.81984	5	6	7	72	#
426	4.81984	6	7	8	72	#
427	4.81984	7	8	9	72	#
428	4.81984	8	9	10	72	#
429	4.81984	9	10	11	72	#
430	4.81984	10	11	12	72	#
431	4.81984	11	12	13	72	#
432	4.81984	12	13	14	72	#
433	4.81984	13	14	15	72	#
434	4.81984	14	15	16	72	#
435	4.81984	15	16	17	72	#
436	4.81984	16	17	18	72	#
437	4.81984	17	18	19	72	#
438	4.81984	18	19	20	72	#
439	4.81984	19	20	21	72	#
440	4.81984	20	21	22	72	#
441	4.81984	21	22	23	72	#
442	4.81984	22	23	24	72	#
443	4.81984	23	24	25	72	#
444	4.81984	24	25	26	72	#
445	4.81984	25	26	27	72	#
446	4.81984	26	27	28	72	#
447	1.11355	0	73	#
448	1.11355	1	73	#
449	1.11355	2	73	#
450	1.11355	3	73	#
451	1.11355	4	73	#
452	1.11355	5	73	#
453	1.11355	6	73	#
454	1.11355	7	73	#
455	1.11355	8	73	#
456	1.11355	9	73	#
457	1.11355	10	73	#
458	1.11355	11	73	#
459	1.11355	12	73	#
460	1.11355	13	73	#
461	1.11355	14	73	#
462	1.11355	15	73	#
463	1.11355	16	73	#
464	1.11355	17	73	#
465	1.11355	18	73	#
466	1.11355	19	73	#
467	1.11355	20	73	#
468	1.11355	21	73	#
469	1.11355	22	73	#
470	1.11355	23	73	#
471	1.11355	24	73	#
472	1.11355	25	73	#
473	0.95996	26	73	#
474	0.95996	27	73	#
475	0.95996	28	73	#
476	0.95996	29	73	#
477	17.9118	0	1	2	3	4	5	6	7	74	#
478	17.9118	1	2	3	4	5	6	7	8	74	#
479	17.9118	2	3	4	5	6	7	8	9	74	#
480	17.9118	3	4	5	6	7	8	9	10	74	#
481	17.9118	4	5	6	7	8	9	10	11	74	#
482	17.9118	5	6	7	8	9	10	11	12	74	#
483	17.9118	6	7	8	9	10	11	12	13	74	#
484	17.9118	7	8	9	10	11	12	13	14	74	#
485	17.9118	8	9	10	11	12	13	14	15	74	#
486	17.9118	9	10	11	12	13	14	15	16	74	#
487	17.9118	10	11	12	13	14	15	16	17	74	#
488	17.9118	11	12	13	14	15	16	17	18	74	#
489	17.9118	12	13	14	15	16	17	18	19	74	#
490	17.9118	13	14	15	16	17	18	19	20	74	#
491	17.9118	14	15	16	17	18	19	20	21	74	#
492	17.9118	15	16	17	18	19	20	21	22	74	#
493	17.9118	16	17	18	19	20	21	22	23	74	#
494	17.9118	17	18	19	20	21	22	23	24	74	#
495	17.9118	18	19	20	21	22	23	24	25	74	#
496	17.9118	19	20	21	22	23	24	25	26	74	#
497	17.9118	20	21	22	23	24	25	26	27	74	#
498	17.9118	21	22	23	24	25	26	27	28	74	#
499	17.9118	22	23	24	25	26	27	28	29	74	#
500	17.9118	23	24	25	26	27	28	29	30	74	#
501	17.9118	24	25	26	27	28	29	30	31	74	#
502	17.9118	25	26	27	28	29	30	31	32	74	#
503	17.9118	26	27	28	29	30	31	32	33	74	#
504	17.9118	27	28	29	30	31	32	33	34	74	#
505	17.9118	28	29	30	31	32	33	34	35	74	#
506	17.9118	29	30	31	32	33	34	35	36	74	#
507	17.9118	30	31	32	33	34	35	36	37	74	#
508	17.9118	31	32	33	34	35	36	37	38	74	#
509	17.9118	32	33	34	35	36	37	38	39	74	#
510	17.9118	33	34	35	36	37	38	39	40	74	#
511	17.9118	34	35	36	37	38	39	40	41	74	#
512	17.9118	35	36	37	38	39	40	41	42	74	#
513	17.9118	36	37	38	39	40	41	42	43	74	#
514	17.9118	37	38	39	40	41	42	43	44	74	#
515	17.9118	38	39	40	41	42	43	44	45	74	#
516	17.9118	39	40	41	42	43	44	45	46	74	#
517	17.9118	40	41	42	43	44	45	46	47	74	#
518	17.9118	41	42	43	44	45	46	47	48	74	#
519	17.9118	42	43	44	45	46	47	48	49	74	#
520	17.9118	43	44	45	46	47	48	49	50	74	#
521	17.9118	44	45	46	47	48	49	50	51	74	#
522	17.9118	45	46	47	48	49	50	51	52	74	#
523	17.9118	46	47	48	49	50	51	52	53	74	#
524	17.9118	47	48	49	50	51	52	53	54	74	#
525	17.9118	48	49	50	51	52	53	54	55	74	#
526	16.6975	49	50	51	52	53	54	55	56	74	#
527	16.6975	50	51	52	53	54	55	56	57	74	#
528	16.6975	51	52	53	54	55	56	57	58	74	#
529	16.6975	52	53	54	55	56	57	58	59	74	#
530	8.9413	0	1	2	3	4	75	#
531	8.9413	1	2	3	4	5	75	#
532	8.9413	2	3	4	5	6	75	#
533	8.9413	3	4	5	6	7	75	#
534	8.9413	4	5	6	7	8	75	#
535	8.9413	5	6	7	8	9	75	#
536	8.9413	6	7	8	9	10	75	#
537	8.9413	7	8	9	10	11	75	#
538	8.9413	8	9	10	11	12	75	#
539	8.9413	9	10	11	12	13	75	#
540	8.9413	10	11	12	13	14	75	#
541	3.47717	11	12	13	14	15	75	#
542	3.47717	12	13	14	15	16	75	#
543	3.47717	13	14	15	16	17	75	#
544	3.47717	14	15	16	17	18	75	#
545	3.47717	15	16	17	18	19	75	#
546	3.47717	16	17	18	19	20	75	#
547	3.47717	17	18	19	20	21	75	#
548	3.47717	18	19	20	21	22	75	#
549	3.47717	19	20	21	22	23	75	#
550	3.47717	20	21	22	23	24	75	#
551	3.47717	21	22	23	24	25	75	#
552	3.47717	22	23	24	25	26	75	#
553	3.47717	23	24	25	26	27	75	#
554	3.47717	24	25	26	27	28	75	#
555	3.47717	25	26	27	28	29	75	#
556	3.47717	26	27	28	29	30	75	#
557	3.47717	27	28	29	30	31	75	#
558	3.47717	28	29	30	31	32	75	#
559	3.47717	29	30	31	32	33	75	#
560	3.47717	30	31	32	33	34	75	#
561	3.47717	31	32	33	34	35	75	#
562	3.47717	32	33	34	35	36	75	#
563	2.72127	33	34	35	36	37	75	#
564	2.72127	34	35	36	37	38	75	#
565	2.72127	35	36	37	38	39	75	#
566	2.72127	36	37	38	39	40	75	#
567	2.72127	37	38	39	40	41	75	#
568	2.72127	38	39	40	41	42	75	#
569	2.72127	39	40	41	42	43	75	#
570	2.72127	40	41	42	43	44	75	#
571	2.72127	41	42	43	44	45	75	#
572	2.72127	42	43	44	45	46	75	#
573	0.555345	0	76	#
574	0.555345	1	76	#
575	0.555345	2	76	#
576	0.555345	3	76	#
577	0.555345	4	76	#
578	0.555345	5	76	#
579	0.555345	6	76	#
580	0.555345	7	76	#
581	0.555345	8	76	#
582	0.555345	9	76	#
583	0.555345	10	76	#
584	0.555345	11	76	#
585	0.555345	12	76	#
586	0.555345	13	76	#
587	0.555345	14	76	#
588	0.555345	15	76	#
589	0.555345	16	76	#
590	0.555345	17	76	#
591	0.555345	18	76	#
592	0.555345	19	76	#
593	0.555345	20	76	#
594	0.555345	21	76	#
595	0.555345	22	76	#
596	0.555345	23	76	#
597	0.555345	24	76	#
598	0.555345	25	76	#
599	0.555345	26	76	#
600	0.555345	27	76	#
601	0.555345	28	76	#
602	0.555345	29	76	#
603	0.555345	30	76	#
604	0.555345	31	76	#
605	0.555345	32	76	#
606	0.555345	33	76	#
607	0.555345	34	76	#
608	0.555345	35	76	#
609	0.555345	36	76	#
610	0.555345	37	76	#
611	0.555345	38	76	#
612	0.555345	39	76	#
613	0.555345	40	76	#
614	0.555345	41	76	#
615	0.555345	42	76	#
616	0.555345	43	76	#
617	0.555345	44	76	#
618	0.555345	45	76	#
619	0.555345	46	76	#
620	0.555345	47	76	#
621	0.555345	48	76	#
622	0.555345	49	76	#
623	0.555345	50	76	#
624	0.555345	51	76	#
625	0.555345	52	76	#
626	0.555345	53	76	#
627	0.555345	54	76	#
628	0.555345	55	76	#
629	0.555345	56	76	#
630	0.555345	57	76	#
631	0.555345	58	76	#
632	0.555345	59	76	#
633	0.555345	60	76	#
634	0.555345	61	76	#
635	0.555345	62	76	#
636	0.555345	63	76	#
637	17.1969	0	1	2	3	4	5	6	7	77	#
638	17.1969	1	2	3	4	5	6	7	8	77	#
639	17.1969	2	3	4	5	6	7	8	9	77	#
640	17.1969	3	4	5	6	7	8	9	10	77	#
641	17.1969	4	5	6	7	8	9	10	11	77	#
642	17.1969	5	6	7	8	9	10	11	12	77	#
643	17.1969	6	7	8	9	10	11	12	13	77	#
644	17.1969	7	8	9	10	11	12	13	14	77	#
645	17.1969	8	9	10	11	12	13	14	15	77	#
646	17.1969	9	10	11	12	13	14	15	16	77	#
647	17.1969	10	11	12	13	14	15	16	17	77	#
648	17.1969	11	12	13	14	15	16	17	18	77	#
649	17.1969	12	13	14	15	16	17	18	19	77	#
650	17.1969	13	14	15	16	17	18	19	20	77	#
651	17.1969	14	15	16	17	18	19	20	21	77	#
652	17.1969	15	16	17	18	19	20	21	22	77	#
653	17.1969	16	17	18	19	20	21	22	23	77	#
654	17.1969	17	18	19	20	21	22	23	24	77	#
655	17.1969	18	19	20	21	22	23	24	25	77	#
656	17.1969	19	20	21	22	23	24	25	26	77	#
657	17.1969	20	21	22	23	24	25	26	27	77	#
658	17.1969	21	22	23	24	25	26	27	28	77	#
659	17.1969	22	23	24	25	26	27	28	29	77	#
660	17.1969	23	24	25	26	27	28	29	30	77	#
661	17.1969	24	25	26	27	28	29	30	31	77	#
662	17.1969	25	26	27	28	29	30	31	32	77	#
663	17.1969	26	27	28	29	30	31	32	33	77	#
664	17.1969	27	28	29	30	31	32	33	34	77	#
665	17.1969	28	29	30	31	32	33	34	35	77	#
666	17.1969	29	30	31	32	33	34	35	36	77	#
667	17.1969	30	31	32	33	34	35	36	37	77	#
668	17.1969	31	32	33	34	35	36	37	38	77	#
669	17.1969	32	33	34	35	36	37	38	39	77	#
670	17.1969	33	34	35	36	37	38	39	40	77	#
671	17.1969	34	35	36	37	38	39	40	41	77	#
672	17.1969	35	36	37	38	39	40	41	42	77	#
673	17.1969	36	37	38	39	40	41	42	43	77	#
674	17.1969	37	38	39	40	41	42	43	44	77	#
675	17.1969	38	39	40	41	42	43	44	45	77	#
676	17.1969	39	40	41	42	43	44	45	46	77	#
677	17.1969	40	41	42	43	44	45	46	47	77	#
678	17.1969	41	42	43	44	45	46	47	48	77	#
679	5.97304	0	1	2	3	78	#
680	5.97304	1	2	3	4	78	#
681	5.97304	2	3	4	5	78	#
682	5.97304	3	4	5	6	78	#
683	5.97304	4	5	6	7	78	#
684	5.97304	5	6	7	8	78	#
685	5.97304	6	7	8	9	78	#
686	5.97304	7	8	9	10	78	#
687	5.97304	8	9	10	11	78	#
688	5.97304	9	10	11	12	78	#
689	5.97304	10	11	12	13	78	#
690	5.97304	11	12	13	14	78	#
691	5.97304	12	13	14	15	78	#
692	5.97304	13	14	15	16	78	#
693	5.97304	14	15	16	17	78	#
694	5.97304	15	16	17	18	78	#
695	5.97304	16	17	18	19	78	#
696	5.97304	17	18	19	20	78	#
697	5.97304	18	19	20	21	78	#
698	5.97304	19	20	21	22	78	#
699	5.97304	20	21	22	23	78	#
700	5.97304	21	22	23	24	78	#
701	5.97304	22	23	24	25	78	#
702	5.97304	23	24	25	26	78	#
703	5.97304	24	25	26	27	78	#
704	5.97304	25	26	27	28	78	#
705	5.97304	26	27	28	29	78	#
706	5.97304	27	28	29	30	78	#
707	5.97304	28	29	30	31	78	#
708	5.97304	29	30	31	32	78	#
709	5.97304	30	31	32	33	78	#
710	5.97304	31	32	33	34	78	#
711	5.97304	32	33	34	35	78	#
712	5.97304	33	34	35	36	78	#
713	5.97304	34	35	36	37	78	#
714	5.97304	35	36	37	38	78	#
715	5.97304	36	37	38	39	78	#
716	5.97304	37	38	39	40	78	#
717	5.97304	38	39	40	41	78	#
718	5.97304	39	40	41	42	78	#
719	5.97304	40	41	42	43	78	#
720	5.97304	41	42	43	44	78	#
721	5.97304	42	43	44	45	78	#
722	5.97304	43	44	45	46	78	#
723	5.97304	44	45	46	47	78	#
724	5.97304	45	46	47	48	78	#
725	5.97304	46	47	48	49	78	#
726	5.97304	47	48	49	50	78	#
727	5.97304	48	49	50	51	78	#
728	5.97304	49	50	51	52	78	#
729	5.97304	50	51	52	53	78	#
730	5.97304	51	52	53	54	78	#
731	5.97304	52	53	54	55	78	#
732	5.97304	53	54	55	56	78	#
733	5.97304	54	55	56	57	78	#
734	5.97304	55	56	57	58	78	#
735	5.97304	56	57	58	59	78	#
736	5.97304	57	58	59	60	78	#
737	5.78036	58	59	60	61	78	#
738	5.78036	59	60	61	62	78	#
739	5.68861	60	61	62	63	78	#
740	13.4869	0	1	2	3	4	5	6	7	8	9	79	#
741	13.4869	1	2	3	4	5	6	7	8	9	10	79	#
742	13.4869	2	3	4	5	6	7	8	9	10	11	79	#
743	13.4869	3	4	5	6	7	8	9	10	11	12	79	#
744	13.4869	4	5	6	7	8	9	10	11	12	13	79	#
745	13.4869	5	6	7	8	9	10	11	12	13	14	79	#
746	13.4869	6	7	8	9	10	11	12	13	14	15	79	#
747	13.4869	7	8	9	10	11	12	13	14	15	16	79	#
748	13.4869	8	9	10	11	12	13	14	15	16	17	79	#
749	13.4869	9	10	11	12	13	14	15	16	17	18	79	#
750	13.4869	10	11	12	13	14	15	16	17	18	19	79	#
751	13.4869	11	12	13	14	15	16	17	18	19	20	79	#
752	13.4869	12	13	14	15	16	17	18	19	20	21	79	#
753	13.4869	13	14	15	16	17	18	19	20	21	22	79	#
754	13.4869	14	15	16	17	18	19	20	21	22	23	79	#
755	13.4869	15	16	17	18	19	20	21	22	23	24	79	#
756	13.4869	16	17	18	19	20	21	22	23	24	25	79	#
757	13.4869	17	18	19	20	21	22	23	24	25	26	79	#
758	13.4869	18	19	20	21	22	23	24	25	26	27	79	#
759	13.4869	19	20	21	22	23	24	25	26	27	28	79	#
760	13.4869	20	21	22	23	24	25	26	27	28	29	79	#
761	13.4869	21	22	23	24	25	26	27	28	29	30	79	#
762	13.4869	22	23	24	25	26	27	28	29	30	31	79	#
763	13.4869	23	24	25	26	27	28	29	30	31	32	79	#
764	13.4869	24	25	26	27	28	29	30	31	32	33	79	#
765	13.4869	25	26	27	28	29	30	31	32	33	34	79	#
766	13.4869	26	27	28	29	30	31	32	33	34	35	79	#
767	13.4869	27	28	29	30	31	32	33	34	35	36	79	#
768	13.4869	28	29	30	31	32	33	34	35	36	37	79	#
769	13.4869	29	30	31	32	33	34	35	36	37	38	79	#
770	13.4869	30	31	32	33	34	35	36	37	38	39	79	#
771	13.4869	31	32	33	34	35	36	37	38	39	40	79	#
772	12.8446	32	33	34	35	36	37	38	39	40	41	79	#
773	12.8446	33	34	35	36	37	38	39	40	41	42	79	#
774	10.1788	34	35	36	37	38	39	40	41	42	43	79	#
775	10.1788	35	36	37	38	39	40	41	42	43	44	79	#
776	10.1788	36	37	38	39	40	41	42	43	44	45	79	#
777	10.1788	37	38	39	40	41	42	43	44	45	46	79	#
778	10.1788	38	39	40	41	42	43	44	45	46	47	79	#
779	10.1788	39	40	41	42	43	44	45	46	47	48	79	#
780	10.1788	40	41	42	43	44	45	46	47	48	49	79	#
781	10.1788	41	42	43	44	45	46	47	48	49	50	79	#
782	10.1788	42	43	44	45	46	47	48	49	50	51	79	#
783	10.1788	43	44	45	46	47	48	49	50	51	52	79	#
784	10.1788	44	45	46	47	48	49	50	51	52	53	79	#
785	8.40719	0	1	2	3	4	5	80	#
786	8.40719	1	2	3	4	5	6	80	#
787	8.40719	2	3	4	5	6	7	80	#
788	8.40719	3	4	5	6	7	8	80	#
789	8.40719	4	5	6	7	8	9	80	#
790	8.40719	5	6	7	8	9	10	80	#
791	8.40719	6	7	8	9	10	11	80	#
792	8.40719	7	8	9	10	11	12	80	#
793	8.40719	8	9	10	11	12	13	80	#
794	8.40719	9	10	11	12	13	14	80	#
795	8.40719	10	11	12	13	14	15	80	#
796	8.40719	11	12	13	14	15	16	80	#
797	8.40719	12	13	14	15	16	17	80	#
798	8.40719	13	14	15	16	17	18	80	#
799	8.40719	14	15	16	17	18	19	80	#
800	8.40719	15	16	17	18	19	20	80	#
801	8.40719	16	17	18	19	20	21	80	#
802	8.40719	17	18	19	20	21	22	80	#
803	8.40719	18	19	20	21	22	23	80	#
804	8.40719	19	20	21	22	23	24	80	#
805	8.40719	20	21	22	23	24	25	80	#
806	8.40719	21	22	23	24	25	26	80	#
807	8.40719	22	23	24	25	26	27	80	#
808	8.40719	23	24	25	26	27	28	80	#
809	8.40719	24	25	26	27	28	29	80	#
810	8.40719	25	26	27	28	29	30	80	#
811	8.40719	26	27	28	29	30	31	80	#
812	8.40719	27	28	29	30	31	32	80	#
813	8.40719	28	29	30	31	32	33	80	#
814	8.40719	29	30	31	32	33	34	80	#
815	8.40719	30	31	32	33	34	35	80	#
816	8.40719	31	32	33	34	35	36	80	#
817	8.40719	32	33	34	35	36	37	80	#
818	8.40719	33	34	35	36	37	38	80	#
819	8.40719	34	35	36	37	38	39	80	#
820	8.40719	35	36	37	38	39	40	80	#
821	8.40719	36	37	38	39	40	41	80	#
822	8.40719	37	38	39	40	41	42	80	#
823	8.40719	38	39	40	41	42	43	80	#
824	8.40719	39	40	41	42	43	44	80	#
825	8.40719	40	41	42	43	44	45	80	#
826	8.40719	41	42	43	44	45	46	80	#
827	8.40719	42	43	44	45	46	47	80	#
828	8.40719	43	44	45	46	47	48	80	#
829	8.40719	44	45	46	47	48	49	80	#
830	8.40719	45	46	47	48	49	50	80	#
831	8.40719	46	47	48	49	50	51	80	#
832	8.40719	47	48	49	50	51	52	80	#
833	8.40719	48	49	50	51	52	53	80	#
834	8.40719	49	50	51	52	53	54	80	#
835	8.40719	50	51	52	53	54	55	80	#
836	8.40719	51	52	53	54	55	56	80	#
837	8.40719	52	53	54	55	56	57	80	#
838	7.8559	53	54	55	56	57	58	80	#
839	7.8559	54	55	56	57	58	59	80	#
840	7.8559	55	56	57	58	59	60	80	#
841	7.8559	56	57	58	59	60	61	80	#
842	7.6065	57	58	59	60	61	62	80	#
843	7.6065	58	59	60	61	62	63	80	#
844	2.91876	0	1	2	81	#
845	2.91876	1	2	3	81	#
846	2.91876	2	3	4	81	#
847	2.91876	3	4	5	81	#
848	2.91876	4	5	6	81	#
849	2.91876	5	6	7	81	#
850	2.91876	6	7	8	81	#
851	2.91876	7	8	9	81	#
852	2.91876	8	9	10	81	#
853	2.91876	9	10	11	81	#
854	2.91876	10	11	12	81	#
855	2.91876	11	12	13	81	#
856	2.91876	12	13	14	81	#
857	2.91876	13	14	15	81	#
858	2.91876	14	15	16	81	#
859	2.91876	15	16	17	81	#
860	2.91876	16	17	18	81	#
861	2.91876	17	18	19	81	#
862	2.91876	18	19	20	81	#
863	2.91876	19	20	21	81	#
864	2.91876	20	21	22	81	#
865	2.91876	21	22	23	81	#
866	2.91876	22	23	24	81	#
867	2.91876	23	24	25	81	#
868	2.91876	24	25	26	81	#
869	2.91876	25	26	27	81	#
870	2.91876	26	27	28	81	#
871	2.91876	27	28	29	81	#
872	2.91876	28	29	30	81	#
873	2.91876	29	30	31	81	#
874	2.91876	30	31	32	81	#
875	2.91876	31	32	33	81	#
876	2.91876	32	33	34	81	#
877	2.91876	33	34	35	81	#
878	2.91876	34	35	36	81	#
879	2.91876	35	36	37	81	#
880	2.91876	36	37	38	81	#
881	2.91876	37	38	39	81	#
882	2.91876	38	39	40	81	#
883	2.91876	39	40	41	81	#
884	2.91876	40	41	42	81	#
885	2.91876	41	42	43	81	#
886	2.24119	42	43	44	81	#
887	2.24119	43	44	45	81	#
888	2.24119	44	45	46	81	#
889	2.24119	45	46	47	81	#
890	2.24119	46	47	48	81	#
891	2.24119	47	48	49	81	#
892	2.24119	48	49	50	81	#
893	2.24119	49	50	51	81	#
894	2.24119	50	51	52	81	#
895	2.24119	51	52	53	81	#
896	2.24119	52	53	54	81	#
897	2.24119	53	54	55	81	#
898	2.24119	54	55	56	81	#
899	2.05749	55	56	57	81	#
900	2.05749	56	57	58	81	#
901	2.05749	57	58	59	81	#
902	2.05749	58	59	60	81	#
903	2.05749	59	60	61	81	#
904	15.5165	0	1	2	3	4	5	6	7	8	9	82	#
905	15.5165	1	2	3	4	5	6	7	8	9	10	82	#
906	15.5165	2	3	4	5	6	7	8	9	10	11	82	#
907	15.5165	3	4	5	6	7	8	9	10	11	12	82	#
908	15.5165	4	5	6	7	8	9	10	11	12	13	82	#
909	15.5165	5	6	7	8	9	10	11	12	13	14	82	#
910	15.5165	6	7	8	9	10	11	12	13	14	15	82	#
911	15.5165	7	8	9	10	11	12	13	14	15	16	82	#
912	15.5165	8	9	10	11	12	13	14	15	16	17	82	#
913	15.5165	9	10	11	12	13	14	15	16	17	18	82	#
914	15.5165	10	11	12	13	14	15	16	17	18	19	82	#
915	15.5165	11	12	13	14	15	16	17	18	19	20	82	#
916	15.5165	12	13	14	15	16	17	18	19	20	21	82	#
917	15.5165	13	14	15	16	17	18	19	20	21	22	82	#
918	15.5165	14	15	16	17	18	19	20	21	22	23	82	#
919	3.34562	0	1	2	83	#
920	3.34562	1	2	3	83	#
921	3.34562	2	3	4	83	#
922	3.34562	3	4	5	83	#
923	3.34562	4	5	6	83	#
924	3.34562	5	6	7	83	#
925	3.34562	6	7	8	83	#
926	3.34562	7	8	9	83	#
927	3.34562	8	9	10	83	#
928	3.34562	9	10	11	83	#
929	3.34562	10	11	12	83	#
930	3.34562	11	12	13	83	#
931	3.34562	12	13	14	83	#
932	11.6287	0	1	2	3	4	5	84	#
933	11.6287	1	2	3	4	5	6	84	#
934	11.6287	2	3	4	5	6	7	84	#
935	11.6287	3	4	5	6	7	8	84	#
936	11.6287	4	5	6	7	8	9	84	#
937	11.6287	5	6	7	8	9	10	84	#
938	11.6287	6	7	8	9	10	11	84	#
939	11.6287	7	8	9	10	11	12	84	#
940	11.6287	8	9	10	11	12	13	84	#
941	11.6287	9	10	11	12	13	14	84	#
942	11.6287	10	11	12	13	14	15	84	#
943	11.6287	11	12	13	14	15	16	84	#
944	11.6287	12	13	14	15	16	17	84	#
945	11.6287	13	14	15	16	17	18	84	#
946	11.6287	14	15	16	17	18	19	84	#
947	11.6287	15	16	17	18	19	20	84	#
948	11.6287	16	17	18	19	20	21	84	#
949	11.6287	17	18	19	20	21	22	84	#
950	11.6287	18	19	20	21	22	23	84	#
951	11.6287	19	20	21	22	23	24	84	#
952	11.6287	20	21	22	23	24	25	84	#
953	5.5907	21	22	23	24	25	26	84	#
954	5.5907	22	23	24	25	26	27	84	#
955	5.5907	23	24	25	26	27	28	84	#
956	5.5907	24	25	26	27	28	29	84	#
957	5.5907	25	26	27	28	29	30	84	#
958	5.5907	26	27	28	29	30	31	84	#
959	5.5907	27	28	29	30	31	32	84	#
960	5.5907	28	29	30	31	32	33	84	#
961	5.5907	29	30	31	32	33	34	84	#
962	5.5907	30	31	32	33	34	35	84	#
963	5.5907	31	32	33	34	35	36	84	#
964	5.5907	32	33	34	35	36	37	84	#
965	5.5907	33	34	35	36	37	38	84	#
966	5.5907	34	35	36	37	38	39	84	#
967	5.5907	35	36	37	38	39	40	84	#
968	5.5907	36	37	38	39	40	41	84	#
969	5.5907	37	38	39	40	41	42	84	#
970	5.5907	38	39	40	41	42	43	84	#
971	5.5907	39	40	41	42	43	44	84	#
972	5.5907	40	41	42	43	44	45	84	#
973	5.5907	41	42	43	44	45	46	84	#
974	5.5907	42	43	44	45	46	47	84	#
975	5.5907	43	44	45	46	47	48	84	#
976	5.5907	44	45	46	47	48	49	84	#
977	5.5907	45	46	47	48	49	50	84	#
978	5.5907	46	47	48	49	50	51	84	#
979	5.5907	47	48	49	50	51	52	84	#
980	4.68897	48	49	50	51	52	53	84	#
981	4.68897	49	50	51	52	53	54	84	#
982	4.68897	50	51	52	53	54	55	84	#
983	4.68897	51	52	53	54	55	56	84	#
984	4.68897	52	53	54	55	56	57	84	#
985	4.68897	53	54	55	56	57	58	84	#
986	4.68897	54	55	56	57	58	59	84	#
987	4.68897	55	56	57	58	59	60	84	#
988	4.68897	56	57	58	59	60	61	84	#
989	4.68897	57	58	59	60	61	62	84	#
990	13.5797	0	1	2	3	4	5	6	7	85	#
991	13.5797	1	2	3	4	5	6	7	8	85	#
992	13.5797	2	3	4	5	6	7	8	9	85	#
993	13.5797	3	4	5	6	7	8	9	10	85	#
994	13.5797	4	5	6	7	8	9	10	11	85	#
995	13.5797	5	6	7	8	9	10	11	12	85	#
996	13.5797	6	7	8	9	10	11	12	13	85	#
997	13.5797	7	8	9	10	11	12	13	14	85	#
998	13.5797	8	9	10	11	12	13	14	15	85	#
999	13.5797	9	10	11	12	13	14	15	16	85	#
1000	13.5797	10	11	12	13	14	15	16	17	85	#
1001	13.5797	11	12	13	14	15	16	17	18	85	#
1002	13.5797	12	13	14	15	16	17	18	19	85	#
1003	13.5797	13	14	15	16	17	18	19	20	85	#
1004	13.5797	14	15	16	17	18	19	20	21	85	#
1005	13.5797	15	16	17	18	19	20	21	22	85	#
1006	13.5797	16	17	18	19	20	21	22	23	85	#
1007	13.5797	17	18	19	20	21	22	23	24	85	#
1008	13.5797	18	19	20	21	22	23	24	25	85	#
1009	13.5797	19	20	21	22	23	24	25	26	85	#
1010	13.5797	20	21	22	23	24	25	26	27	85	#
1011	13.5797	21	22	23	24	25	26	27	28	85	#
1012	13.5797	22	23	24	25	26	27	28	29	85	#
1013	13.5797	23	24	25	26	27	28	29	30	85	#
1014	13.5797	24	25	26	27	28	29	30	31	85	#
1015	13.5797	25	26	27	28	29	30	31	32	85	#
1016	13.5797	26	27	28	29	30	31	32	33	85	#
1017	13.5797	27	28	29	30	31	32	33	34	85	#
1018	13.5797	28	29	30	31	32	33	34	35	85	#
1019	13.5797	29	30	31	32	33	34	35	36	85	#
1020	13.5797	30	31	32	33	34	35	36	37	85	#
1021	13.5797	31	32	33	34	35	36	37	38	85	#
1022	13.5797	32	33	34	35	36	37	38	39	85	#
1023	13.5797	33	34	35	36	37	38	39	40	85	#
1024	13.5797	34	35	36	37	38	39	40	41	85	#
1025	9.76787	35	36	37	38	39	40	41	42	85	#
1026	9.76787	36	37	38	39	40	41	42	43	85	#
1027	9.76787	37	38	39	40	41	42	43	44	85	#
1028	9.76787	38	39	40	41	42	43	44	45	85	#
1029	9.76787	39	40	41	42	43	44	45	46	85	#
1030	9.76787	40	41	42	43	44	45	46	47	85	#
1031	9.76787	41	42	43	44	45	46	47	48	85	#
1032	9.76787	42	43	44	45	46	47	48	49	85	#
1033	9.76787	43	44	45	46	47	48	49	50	85	#
1034	9.76787	44	45	46	47	48	49	50	51	85	#
1035	9.76787	45	46	47	48	49	50	51	52	85	#
1036	9.76787	46	47	48	49	50	51	52	53	85	#
1037	9.76787	47	48	49	50	51	52	53	54	85	#
1038	9.76787	48	49	50	51	52	53	54	55	85	#
1039	9.76787	49	50	51	52	53	54	55	56	85	#
1040	9.76787	50	51	52	53	54	55	56	57	85	#
