%% File generated by CATS v.2.1Wed Jun 22 10:37:56 2022

%% The CATS webpage is http://robotics.stanford.edu/CATS

%% PARAMETER SETTINGS:
% Goods: 64; Bids: 1000; Distribution: scheduling; Runs: 1; Seed: 1656573109
% Scheduling Distribution Parameters:
% max_length                = 10
% deviation                 = 0.500000
% prob_additional_deadline  = 0.700000
% additivity                = 0.200000



goods 64
bids 1033
dummy 21

0	6.6645	0	1	2	3	4	64	#
1	6.6645	1	2	3	4	5	64	#
2	6.6645	2	3	4	5	6	64	#
3	6.6645	3	4	5	6	7	64	#
4	6.6645	4	5	6	7	8	64	#
5	6.6645	5	6	7	8	9	64	#
6	6.6645	6	7	8	9	10	64	#
7	6.6645	7	8	9	10	11	64	#
8	6.6645	8	9	10	11	12	64	#
9	6.6645	9	10	11	12	13	64	#
10	6.6645	10	11	12	13	14	64	#
11	6.6645	11	12	13	14	15	64	#
12	6.6645	12	13	14	15	16	64	#
13	6.6645	13	14	15	16	17	64	#
14	6.6645	14	15	16	17	18	64	#
15	6.6645	15	16	17	18	19	64	#
16	6.6645	16	17	18	19	20	64	#
17	6.6645	17	18	19	20	21	64	#
18	6.6645	18	19	20	21	22	64	#
19	6.6645	19	20	21	22	23	64	#
20	6.6645	20	21	22	23	24	64	#
21	6.6645	21	22	23	24	25	64	#
22	6.6645	22	23	24	25	26	64	#
23	6.6645	23	24	25	26	27	64	#
24	6.6645	24	25	26	27	28	64	#
25	6.6645	25	26	27	28	29	64	#
26	6.6645	26	27	28	29	30	64	#
27	6.6645	27	28	29	30	31	64	#
28	6.6645	28	29	30	31	32	64	#
29	6.6645	29	30	31	32	33	64	#
30	6.6645	30	31	32	33	34	64	#
31	6.6645	31	32	33	34	35	64	#
32	6.6645	32	33	34	35	36	64	#
33	6.6645	33	34	35	36	37	64	#
34	6.6645	34	35	36	37	38	64	#
35	6.6645	35	36	37	38	39	64	#
36	6.6645	36	37	38	39	40	64	#
37	6.6645	37	38	39	40	41	64	#
38	6.6645	38	39	40	41	42	64	#
39	6.6645	39	40	41	42	43	64	#
40	6.6645	40	41	42	43	44	64	#
41	6.6645	41	42	43	44	45	64	#
42	6.6645	42	43	44	45	46	64	#
43	6.6645	43	44	45	46	47	64	#
44	6.6645	44	45	46	47	48	64	#
45	6.6645	45	46	47	48	49	64	#
46	6.6645	46	47	48	49	50	64	#
47	6.6645	47	48	49	50	51	64	#
48	5.789	0	1	2	3	4	5	65	#
49	5.789	1	2	3	4	5	6	65	#
50	5.789	2	3	4	5	6	7	65	#
51	5.789	3	4	5	6	7	8	65	#
52	5.789	4	5	6	7	8	9	65	#
53	5.789	5	6	7	8	9	10	65	#
54	5.789	6	7	8	9	10	11	65	#
55	5.789	7	8	9	10	11	12	65	#
56	5.789	8	9	10	11	12	13	65	#
57	5.789	9	10	11	12	13	14	65	#
58	5.789	10	11	12	13	14	15	65	#
59	5.789	11	12	13	14	15	16	65	#
60	5.789	12	13	14	15	16	17	65	#
61	1.66802	13	14	15	16	17	18	65	#
62	1.66802	14	15	16	17	18	19	65	#
63	1.66802	15	16	17	18	19	20	65	#
64	1.66802	16	17	18	19	20	21	65	#
65	1.66802	17	18	19	20	21	22	65	#
66	1.66802	18	19	20	21	22	23	65	#
67	1.66802	19	20	21	22	23	24	65	#
68	1.66802	20	21	22	23	24	25	65	#
69	1.66802	21	22	23	24	25	26	65	#
70	1.66802	22	23	24	25	26	27	65	#
71	1.66802	23	24	25	26	27	28	65	#
72	1.66802	24	25	26	27	28	29	65	#
73	1.66802	25	26	27	28	29	30	65	#
74	1.66802	26	27	28	29	30	31	65	#
75	1.66802	27	28	29	30	31	32	65	#
76	1.66802	28	29	30	31	32	33	65	#
77	1.66802	29	30	31	32	33	34	65	#
78	1.66802	30	31	32	33	34	35	65	#
79	1.66802	31	32	33	34	35	36	65	#
80	1.66802	32	33	34	35	36	37	65	#
81	1.66802	33	34	35	36	37	38	65	#
82	1.66802	34	35	36	37	38	39	65	#
83	1.66802	35	36	37	38	39	40	65	#
84	1.66802	36	37	38	39	40	41	65	#
85	1.66802	37	38	39	40	41	42	65	#
86	1.66802	38	39	40	41	42	43	65	#
87	1.66802	39	40	41	42	43	44	65	#
88	1.66802	40	41	42	43	44	45	65	#
89	1.66802	41	42	43	44	45	46	65	#
90	1.66802	42	43	44	45	46	47	65	#
91	1.66802	43	44	45	46	47	48	65	#
92	1.66802	44	45	46	47	48	49	65	#
93	1.66802	45	46	47	48	49	50	65	#
94	1.66802	46	47	48	49	50	51	65	#
95	1.66802	47	48	49	50	51	52	65	#
96	1.66802	48	49	50	51	52	53	65	#
97	1.66802	49	50	51	52	53	54	65	#
98	1.66802	50	51	52	53	54	55	65	#
99	1.66802	51	52	53	54	55	56	65	#
100	1.66802	52	53	54	55	56	57	65	#
101	1.66802	53	54	55	56	57	58	65	#
102	1.66802	54	55	56	57	58	59	65	#
103	1.64022	55	56	57	58	59	60	65	#
104	1.61333	56	57	58	59	60	61	65	#
105	15.8883	0	1	2	3	4	5	6	7	8	66	#
106	15.8883	1	2	3	4	5	6	7	8	9	66	#
107	15.8883	2	3	4	5	6	7	8	9	10	66	#
108	15.8883	3	4	5	6	7	8	9	10	11	66	#
109	15.8883	4	5	6	7	8	9	10	11	12	66	#
110	15.8883	5	6	7	8	9	10	11	12	13	66	#
111	15.8883	6	7	8	9	10	11	12	13	14	66	#
112	15.8883	7	8	9	10	11	12	13	14	15	66	#
113	1.02509	0	67	#
114	1.02509	1	67	#
115	1.02509	2	67	#
116	1.02509	3	67	#
117	1.02509	4	67	#
118	1.02509	5	67	#
119	1.02509	6	67	#
120	1.02509	7	67	#
121	1.02509	8	67	#
122	1.02509	9	67	#
123	1.02509	10	67	#
124	1.02509	11	67	#
125	1.02509	12	67	#
126	1.02509	13	67	#
127	1.02509	14	67	#
128	0.398648	15	67	#
129	0.398648	16	67	#
130	0.398648	17	67	#
131	0.398648	18	67	#
132	0.398648	19	67	#
133	0.398648	20	67	#
134	0.398648	21	67	#
135	0.398648	22	67	#
136	0.398648	23	67	#
137	0.398648	24	67	#
138	0.398648	25	67	#
139	0.398648	26	67	#
140	0.398648	27	67	#
141	0.398648	28	67	#
142	0.398648	29	67	#
143	0.398648	30	67	#
144	0.398648	31	67	#
145	0.398648	32	67	#
146	0.398648	33	67	#
147	0.398648	34	67	#
148	0.398648	35	67	#
149	0.398648	36	67	#
150	1.53878	0	1	68	#
151	1.53878	1	2	68	#
152	1.53878	2	3	68	#
153	1.53878	3	4	68	#
154	1.53878	4	5	68	#
155	1.53878	5	6	68	#
156	1.53878	6	7	68	#
157	1.53878	7	8	68	#
158	1.53878	8	9	68	#
159	1.53878	9	10	68	#
160	1.53878	10	11	68	#
161	1.53878	11	12	68	#
162	1.53878	12	13	68	#
163	1.53878	13	14	68	#
164	1.53878	14	15	68	#
165	1.53878	15	16	68	#
166	1.53878	16	17	68	#
167	1.53878	17	18	68	#
168	1.53878	18	19	68	#
169	1.53878	19	20	68	#
170	1.53878	20	21	68	#
171	1.53878	21	22	68	#
172	1.53878	22	23	68	#
173	1.53878	23	24	68	#
174	1.53878	24	25	68	#
175	1.53878	25	26	68	#
176	1.53878	26	27	68	#
177	1.53878	27	28	68	#
178	1.53878	28	29	68	#
179	1.53878	29	30	68	#
180	0.732753	30	31	68	#
181	0.732753	31	32	68	#
182	0.732753	32	33	68	#
183	0.732753	33	34	68	#
184	0.732753	34	35	68	#
185	0.732753	35	36	68	#
186	0.732753	36	37	68	#
187	0.732753	37	38	68	#
188	0.732753	38	39	68	#
189	0.732753	39	40	68	#
190	0.732753	40	41	68	#
191	0.732753	41	42	68	#
192	0.732753	42	43	68	#
193	0.732753	43	44	68	#
194	0.732753	44	45	68	#
195	0.732753	45	46	68	#
196	0.732753	46	47	68	#
197	0.732753	47	48	68	#
198	0.732753	48	49	68	#
199	0.732753	49	50	68	#
200	0.732753	50	51	68	#
201	0.732753	51	52	68	#
202	0.732753	52	53	68	#
203	0.732753	53	54	68	#
204	0.732753	54	55	68	#
205	0.732753	55	56	68	#
206	0.732753	56	57	68	#
207	0.732753	57	58	68	#
208	0.732753	58	59	68	#
209	0.732753	59	60	68	#
210	0.732753	60	61	68	#
211	0.732753	61	62	68	#
212	0.732753	62	63	68	#
213	1.24244	0	1	69	#
214	1.24244	1	2	69	#
215	1.24244	2	3	69	#
216	1.24244	3	4	69	#
217	1.24244	4	5	69	#
218	1.24244	5	6	69	#
219	1.24244	6	7	69	#
220	1.24244	7	8	69	#
221	1.24244	8	9	69	#
222	1.24244	9	10	69	#
223	1.24244	10	11	69	#
224	1.24244	11	12	69	#
225	1.24244	12	13	69	#
226	1.24244	13	14	69	#
227	1.24244	14	15	69	#
228	1.24244	15	16	69	#
229	1.24244	16	17	69	#
230	1.24244	17	18	69	#
231	1.24244	18	19	69	#
232	1.24244	19	20	69	#
233	1.24244	20	21	69	#
234	1.24244	21	22	69	#
235	1.24244	22	23	69	#
236	1.24244	23	24	69	#
237	1.24244	24	25	69	#
238	1.24244	25	26	69	#
239	1.24244	26	27	69	#
240	1.24244	27	28	69	#
241	1.24244	28	29	69	#
242	1.24244	29	30	69	#
243	1.24244	30	31	69	#
244	1.24244	31	32	69	#
245	1.24244	32	33	69	#
246	1.24244	33	34	69	#
247	1.24244	34	35	69	#
248	1.24244	35	36	69	#
249	1.24244	36	37	69	#
250	1.24244	37	38	69	#
251	1.24244	38	39	69	#
252	1.24244	39	40	69	#
253	1.24244	40	41	69	#
254	1.24244	41	42	69	#
255	1.24244	42	43	69	#
256	1.24244	43	44	69	#
257	1.24244	44	45	69	#
258	1.24244	45	46	69	#
259	1.24244	46	47	69	#
260	1.24244	47	48	69	#
261	1.24244	48	49	69	#
262	1.24244	49	50	69	#
263	1.24244	50	51	69	#
264	1.24244	51	52	69	#
265	1.24244	52	53	69	#
266	1.24244	53	54	69	#
267	1.08212	54	55	69	#
268	1.08212	55	56	69	#
269	1.08212	56	57	69	#
270	1.08212	57	58	69	#
271	1.08212	58	59	69	#
272	1.08212	59	60	69	#
273	1.08212	60	61	69	#
274	1.08212	61	62	69	#
275	2.93593	0	1	2	70	#
276	2.93593	1	2	3	70	#
277	2.93593	2	3	4	70	#
278	2.93593	3	4	5	70	#
279	2.93593	4	5	6	70	#
280	2.93593	5	6	7	70	#
281	2.93593	6	7	8	70	#
282	2.93593	7	8	9	70	#
283	2.93593	8	9	10	70	#
284	2.93593	9	10	11	70	#
285	2.93593	10	11	12	70	#
286	2.93593	11	12	13	70	#
287	2.93593	12	13	14	70	#
288	2.93593	13	14	15	70	#
289	2.93593	14	15	16	70	#
290	2.93593	15	16	17	70	#
291	2.93593	16	17	18	70	#
292	2.93593	17	18	19	70	#
293	2.93593	18	19	20	70	#
294	2.93593	19	20	21	70	#
295	2.93593	20	21	22	70	#
296	2.93593	21	22	23	70	#
297	2.93593	22	23	24	70	#
298	2.93593	23	24	25	70	#
299	2.93593	24	25	26	70	#
300	2.93593	25	26	27	70	#
301	2.93593	26	27	28	70	#
302	2.93593	27	28	29	70	#
303	2.93593	28	29	30	70	#
304	2.93593	29	30	31	70	#
305	2.93593	30	31	32	70	#
306	2.93593	31	32	33	70	#
307	2.93593	32	33	34	70	#
308	2.93593	33	34	35	70	#
309	2.93593	34	35	36	70	#
310	2.93593	35	36	37	70	#
311	2.93593	36	37	38	70	#
312	2.93593	37	38	39	70	#
313	2.93593	38	39	40	70	#
314	2.93593	39	40	41	70	#
315	2.93593	40	41	42	70	#
316	2.93593	41	42	43	70	#
317	2.93593	42	43	44	70	#
318	2.93593	43	44	45	70	#
319	2.93593	44	45	46	70	#
320	2.93593	45	46	47	70	#
321	2.93593	46	47	48	70	#
322	2.93593	47	48	49	70	#
323	2.93593	48	49	50	70	#
324	3.88918	0	1	2	3	71	#
325	3.88918	1	2	3	4	71	#
326	3.88918	2	3	4	5	71	#
327	17.9536	0	1	2	3	4	5	6	7	8	9	72	#
328	17.9536	1	2	3	4	5	6	7	8	9	10	72	#
329	17.9536	2	3	4	5	6	7	8	9	10	11	72	#
330	17.9536	3	4	5	6	7	8	9	10	11	12	72	#
331	17.9536	4	5	6	7	8	9	10	11	12	13	72	#
332	17.9536	5	6	7	8	9	10	11	12	13	14	72	#
333	17.9536	6	7	8	9	10	11	12	13	14	15	72	#
334	17.9536	7	8	9	10	11	12	13	14	15	16	72	#
335	17.9536	8	9	10	11	12	13	14	15	16	17	72	#
336	17.9536	9	10	11	12	13	14	15	16	17	18	72	#
337	17.9536	10	11	12	13	14	15	16	17	18	19	72	#
338	17.9536	11	12	13	14	15	16	17	18	19	20	72	#
339	17.9536	12	13	14	15	16	17	18	19	20	21	72	#
340	17.9536	13	14	15	16	17	18	19	20	21	22	72	#
341	17.9536	14	15	16	17	18	19	20	21	22	23	72	#
342	17.9536	15	16	17	18	19	20	21	22	23	24	72	#
343	17.9536	16	17	18	19	20	21	22	23	24	25	72	#
344	17.9536	17	18	19	20	21	22	23	24	25	26	72	#
345	17.9536	18	19	20	21	22	23	24	25	26	27	72	#
346	17.9536	19	20	21	22	23	24	25	26	27	28	72	#
347	17.9536	20	21	22	23	24	25	26	27	28	29	72	#
348	17.9536	21	22	23	24	25	26	27	28	29	30	72	#
349	17.9536	22	23	24	25	26	27	28	29	30	31	72	#
350	17.9536	23	24	25	26	27	28	29	30	31	32	72	#
351	17.9536	24	25	26	27	28	29	30	31	32	33	72	#
352	17.9536	25	26	27	28	29	30	31	32	33	34	72	#
353	17.9536	26	27	28	29	30	31	32	33	34	35	72	#
354	17.9536	27	28	29	30	31	32	33	34	35	36	72	#
355	17.9536	28	29	30	31	32	33	34	35	36	37	72	#
356	17.9536	29	30	31	32	33	34	35	36	37	38	72	#
357	17.9536	30	31	32	33	34	35	36	37	38	39	72	#
358	17.9536	31	32	33	34	35	36	37	38	39	40	72	#
359	17.9536	32	33	34	35	36	37	38	39	40	41	72	#
360	17.9536	33	34	35	36	37	38	39	40	41	42	72	#
361	17.9536	34	35	36	37	38	39	40	41	42	43	72	#
362	17.9536	35	36	37	38	39	40	41	42	43	44	72	#
363	17.9536	36	37	38	39	40	41	42	43	44	45	72	#
364	13.2445	37	38	39	40	41	42	43	44	45	46	72	#
365	13.2445	38	39	40	41	42	43	44	45	46	47	72	#
366	13.2445	39	40	41	42	43	44	45	46	47	48	72	#
367	13.2445	40	41	42	43	44	45	46	47	48	49	72	#
368	13.2445	41	42	43	44	45	46	47	48	49	50	72	#
369	13.2445	42	43	44	45	46	47	48	49	50	51	72	#
370	13.2445	43	44	45	46	47	48	49	50	51	52	72	#
371	13.2445	44	45	46	47	48	49	50	51	52	53	72	#
372	13.2445	45	46	47	48	49	50	51	52	53	54	72	#
373	13.2445	46	47	48	49	50	51	52	53	54	55	72	#
374	13.2445	47	48	49	50	51	52	53	54	55	56	72	#
375	13.2445	48	49	50	51	52	53	54	55	56	57	72	#
376	13.2445	49	50	51	52	53	54	55	56	57	58	72	#
377	13.2445	50	51	52	53	54	55	56	57	58	59	72	#
378	13.2445	51	52	53	54	55	56	57	58	59	60	72	#
379	13.2445	52	53	54	55	56	57	58	59	60	61	72	#
380	13.0308	53	54	55	56	57	58	59	60	61	62	72	#
381	12.824	54	55	56	57	58	59	60	61	62	63	72	#
382	11.6265	0	1	2	3	4	5	6	7	73	#
383	11.6265	1	2	3	4	5	6	7	8	73	#
384	11.6265	2	3	4	5	6	7	8	9	73	#
385	11.6265	3	4	5	6	7	8	9	10	73	#
386	11.6265	4	5	6	7	8	9	10	11	73	#
387	11.6265	5	6	7	8	9	10	11	12	73	#
388	11.6265	6	7	8	9	10	11	12	13	73	#
389	11.6265	7	8	9	10	11	12	13	14	73	#
390	11.6265	8	9	10	11	12	13	14	15	73	#
391	11.6265	9	10	11	12	13	14	15	16	73	#
392	11.6265	10	11	12	13	14	15	16	17	73	#
393	11.6265	11	12	13	14	15	16	17	18	73	#
394	11.6265	12	13	14	15	16	17	18	19	73	#
395	11.6265	13	14	15	16	17	18	19	20	73	#
396	11.6265	14	15	16	17	18	19	20	21	73	#
397	11.6265	15	16	17	18	19	20	21	22	73	#
398	11.6265	16	17	18	19	20	21	22	23	73	#
399	11.6265	17	18	19	20	21	22	23	24	73	#
400	11.6265	18	19	20	21	22	23	24	25	73	#
401	9.46643	0	1	2	3	4	5	6	74	#
402	9.46643	1	2	3	4	5	6	7	74	#
403	9.46643	2	3	4	5	6	7	8	74	#
404	9.46643	3	4	5	6	7	8	9	74	#
405	9.46643	4	5	6	7	8	9	10	74	#
406	9.46643	5	6	7	8	9	10	11	74	#
407	9.46643	6	7	8	9	10	11	12	74	#
408	9.46643	7	8	9	10	11	12	13	74	#
409	9.46643	8	9	10	11	12	13	14	74	#
410	9.46643	9	10	11	12	13	14	15	74	#
411	9.46643	10	11	12	13	14	15	16	74	#
412	9.46643	11	12	13	14	15	16	17	74	#
413	9.46643	12	13	14	15	16	17	18	74	#
414	9.46643	13	14	15	16	17	18	19	74	#
415	9.46643	14	15	16	17	18	19	20	74	#
416	9.46643	15	16	17	18	19	20	21	74	#
417	9.46643	16	17	18	19	20	21	22	74	#
418	9.46643	17	18	19	20	21	22	23	74	#
419	9.46643	18	19	20	21	22	23	24	74	#
420	9.46643	19	20	21	22	23	24	25	74	#
421	9.46643	20	21	22	23	24	25	26	74	#
422	9.46643	21	22	23	24	25	26	27	74	#
423	9.46643	22	23	24	25	26	27	28	74	#
424	9.46643	23	24	25	26	27	28	29	74	#
425	9.46643	24	25	26	27	28	29	30	74	#
426	9.46643	25	26	27	28	29	30	31	74	#
427	9.46643	26	27	28	29	30	31	32	74	#
428	9.46643	27	28	29	30	31	32	33	74	#
429	5.78504	28	29	30	31	32	33	34	74	#
430	5.78504	29	30	31	32	33	34	35	74	#
431	5.78504	30	31	32	33	34	35	36	74	#
432	5.78504	31	32	33	34	35	36	37	74	#
433	5.78504	32	33	34	35	36	37	38	74	#
434	5.78504	33	34	35	36	37	38	39	74	#
435	5.78504	34	35	36	37	38	39	40	74	#
436	5.78504	35	36	37	38	39	40	41	74	#
437	5.78504	36	37	38	39	40	41	42	74	#
438	5.78504	37	38	39	40	41	42	43	74	#
439	5.78504	38	39	40	41	42	43	44	74	#
440	5.78504	39	40	41	42	43	44	45	74	#
441	5.78504	40	41	42	43	44	45	46	74	#
442	5.78504	41	42	43	44	45	46	47	74	#
443	5.78504	42	43	44	45	46	47	48	74	#
444	5.78504	43	44	45	46	47	48	49	74	#
445	5.78504	44	45	46	47	48	49	50	74	#
446	5.78504	45	46	47	48	49	50	51	74	#
447	5.78504	46	47	48	49	50	51	52	74	#
448	5.78504	47	48	49	50	51	52	53	74	#
449	5.78504	48	49	50	51	52	53	54	74	#
450	1.01845	0	75	#
451	1.01845	1	75	#
452	1.01845	2	75	#
453	1.01845	3	75	#
454	1.01845	4	75	#
455	1.01845	5	75	#
456	1.01845	6	75	#
457	1.01845	7	75	#
458	1.01845	8	75	#
459	1.01845	9	75	#
460	1.01845	10	75	#
461	1.01845	11	75	#
462	1.01845	12	75	#
463	1.01845	13	75	#
464	1.01845	14	75	#
465	1.01845	15	75	#
466	1.01845	16	75	#
467	1.01845	17	75	#
468	1.01845	18	75	#
469	1.01845	19	75	#
470	1.01845	20	75	#
471	1.01845	21	75	#
472	1.01845	22	75	#
473	1.01845	23	75	#
474	1.01845	24	75	#
475	1.01845	25	75	#
476	1.01845	26	75	#
477	1.01845	27	75	#
478	1.01845	28	75	#
479	1.01845	29	75	#
480	1.01845	30	75	#
481	1.01845	31	75	#
482	1.01845	32	75	#
483	1.01845	33	75	#
484	1.01845	34	75	#
485	1.01845	35	75	#
486	1.01845	36	75	#
487	1.01845	37	75	#
488	1.01845	38	75	#
489	1.01845	39	75	#
490	1.01845	40	75	#
491	1.01845	41	75	#
492	1.01845	42	75	#
493	1.01845	43	75	#
494	1.01845	44	75	#
495	1.01845	45	75	#
496	1.01845	46	75	#
497	1.01845	47	75	#
498	1.01845	48	75	#
499	1.01845	49	75	#
500	1.01845	50	75	#
501	1.01845	51	75	#
502	0.824456	52	75	#
503	0.824456	53	75	#
504	0.824456	54	75	#
505	0.824456	55	75	#
506	0.824456	56	75	#
507	0.824456	57	75	#
508	0.824456	58	75	#
509	0.824456	59	75	#
510	0.824456	60	75	#
511	0.824456	61	75	#
512	0.824456	62	75	#
513	0.824456	63	75	#
514	16.7631	0	1	2	3	4	5	6	7	76	#
515	16.7631	1	2	3	4	5	6	7	8	76	#
516	16.7631	2	3	4	5	6	7	8	9	76	#
517	16.7631	3	4	5	6	7	8	9	10	76	#
518	16.7631	4	5	6	7	8	9	10	11	76	#
519	16.7631	5	6	7	8	9	10	11	12	76	#
520	16.7631	6	7	8	9	10	11	12	13	76	#
521	16.7631	7	8	9	10	11	12	13	14	76	#
522	16.7631	8	9	10	11	12	13	14	15	76	#
523	16.7631	9	10	11	12	13	14	15	16	76	#
524	16.7631	10	11	12	13	14	15	16	17	76	#
525	16.7631	11	12	13	14	15	16	17	18	76	#
526	16.7631	12	13	14	15	16	17	18	19	76	#
527	16.7631	13	14	15	16	17	18	19	20	76	#
528	16.7631	14	15	16	17	18	19	20	21	76	#
529	16.7631	15	16	17	18	19	20	21	22	76	#
530	16.7631	16	17	18	19	20	21	22	23	76	#
531	16.7631	17	18	19	20	21	22	23	24	76	#
532	16.7631	18	19	20	21	22	23	24	25	76	#
533	16.7631	19	20	21	22	23	24	25	26	76	#
534	16.7631	20	21	22	23	24	25	26	27	76	#
535	16.7631	21	22	23	24	25	26	27	28	76	#
536	16.7631	22	23	24	25	26	27	28	29	76	#
537	16.7631	23	24	25	26	27	28	29	30	76	#
538	16.7631	24	25	26	27	28	29	30	31	76	#
539	16.7631	25	26	27	28	29	30	31	32	76	#
540	16.7631	26	27	28	29	30	31	32	33	76	#
541	16.7631	27	28	29	30	31	32	33	34	76	#
542	16.7631	28	29	30	31	32	33	34	35	76	#
543	16.7631	29	30	31	32	33	34	35	36	76	#
544	16.7631	30	31	32	33	34	35	36	37	76	#
545	16.7631	31	32	33	34	35	36	37	38	76	#
546	16.7631	32	33	34	35	36	37	38	39	76	#
547	16.7631	33	34	35	36	37	38	39	40	76	#
548	16.7631	34	35	36	37	38	39	40	41	76	#
549	16.7631	35	36	37	38	39	40	41	42	76	#
550	16.7631	36	37	38	39	40	41	42	43	76	#
551	16.7631	37	38	39	40	41	42	43	44	76	#
552	16.7631	38	39	40	41	42	43	44	45	76	#
553	16.7631	39	40	41	42	43	44	45	46	76	#
554	16.7631	40	41	42	43	44	45	46	47	76	#
555	16.7631	41	42	43	44	45	46	47	48	76	#
556	16.7631	42	43	44	45	46	47	48	49	76	#
557	16.7631	43	44	45	46	47	48	49	50	76	#
558	16.7631	44	45	46	47	48	49	50	51	76	#
559	16.7631	45	46	47	48	49	50	51	52	76	#
560	14.7743	46	47	48	49	50	51	52	53	76	#
561	14.7743	47	48	49	50	51	52	53	54	76	#
562	14.7743	48	49	50	51	52	53	54	55	76	#
563	14.7743	49	50	51	52	53	54	55	56	76	#
564	14.7743	50	51	52	53	54	55	56	57	76	#
565	14.7743	51	52	53	54	55	56	57	58	76	#
566	14.7743	52	53	54	55	56	57	58	59	76	#
567	14.2899	53	54	55	56	57	58	59	60	76	#
568	14.2899	54	55	56	57	58	59	60	61	76	#
569	14.0594	55	56	57	58	59	60	61	62	76	#
570	13.8362	56	57	58	59	60	61	62	63	76	#
571	3.43817	0	1	2	77	#
572	3.43817	1	2	3	77	#
573	3.43817	2	3	4	77	#
574	3.43817	3	4	5	77	#
575	3.43817	4	5	6	77	#
576	3.43817	5	6	7	77	#
577	3.43817	6	7	8	77	#
578	3.43817	7	8	9	77	#
579	3.43817	8	9	10	77	#
580	3.43817	9	10	11	77	#
581	3.43817	10	11	12	77	#
582	3.43817	11	12	13	77	#
583	3.43817	12	13	14	77	#
584	3.43817	13	14	15	77	#
585	3.43817	14	15	16	77	#
586	3.43817	15	16	17	77	#
587	3.43817	16	17	18	77	#
588	3.43817	17	18	19	77	#
589	3.43817	18	19	20	77	#
590	3.43817	19	20	21	77	#
591	3.43817	20	21	22	77	#
592	3.43817	21	22	23	77	#
593	3.43817	22	23	24	77	#
594	3.43817	23	24	25	77	#
595	3.43817	24	25	26	77	#
596	3.43817	25	26	27	77	#
597	3.43817	26	27	28	77	#
598	3.43817	27	28	29	77	#
599	3.43817	28	29	30	77	#
600	3.43817	29	30	31	77	#
601	3.43817	30	31	32	77	#
602	3.43817	31	32	33	77	#
603	3.43817	32	33	34	77	#
604	3.43817	33	34	35	77	#
605	3.43817	34	35	36	77	#
606	3.43817	35	36	37	77	#
607	3.43817	36	37	38	77	#
608	3.43817	37	38	39	77	#
609	3.43817	38	39	40	77	#
610	3.43817	39	40	41	77	#
611	3.43817	40	41	42	77	#
612	3.43817	41	42	43	77	#
613	3.43817	42	43	44	77	#
614	3.43817	43	44	45	77	#
615	3.43817	44	45	46	77	#
616	3.43817	45	46	47	77	#
617	3.43817	46	47	48	77	#
618	3.43817	47	48	49	77	#
619	3.43817	48	49	50	77	#
620	3.43817	49	50	51	77	#
621	3.43817	50	51	52	77	#
622	3.43817	51	52	53	77	#
623	3.43817	52	53	54	77	#
624	3.43817	53	54	55	77	#
625	3.43817	54	55	56	77	#
626	3.43817	55	56	57	77	#
627	3.43817	56	57	58	77	#
628	17.0023	0	1	2	3	4	5	6	7	8	78	#
629	17.0023	1	2	3	4	5	6	7	8	9	78	#
630	17.0023	2	3	4	5	6	7	8	9	10	78	#
631	17.0023	3	4	5	6	7	8	9	10	11	78	#
632	17.0023	4	5	6	7	8	9	10	11	12	78	#
633	17.0023	5	6	7	8	9	10	11	12	13	78	#
634	17.0023	6	7	8	9	10	11	12	13	14	78	#
635	17.0023	7	8	9	10	11	12	13	14	15	78	#
636	17.0023	8	9	10	11	12	13	14	15	16	78	#
637	17.0023	9	10	11	12	13	14	15	16	17	78	#
638	17.0023	10	11	12	13	14	15	16	17	18	78	#
639	17.0023	11	12	13	14	15	16	17	18	19	78	#
640	17.0023	12	13	14	15	16	17	18	19	20	78	#
641	17.0023	13	14	15	16	17	18	19	20	21	78	#
642	17.0023	14	15	16	17	18	19	20	21	22	78	#
643	17.0023	15	16	17	18	19	20	21	22	23	78	#
644	17.0023	16	17	18	19	20	21	22	23	24	78	#
645	17.0023	17	18	19	20	21	22	23	24	25	78	#
646	17.0023	18	19	20	21	22	23	24	25	26	78	#
647	17.0023	19	20	21	22	23	24	25	26	27	78	#
648	17.0023	20	21	22	23	24	25	26	27	28	78	#
649	17.0023	21	22	23	24	25	26	27	28	29	78	#
650	17.0023	22	23	24	25	26	27	28	29	30	78	#
651	17.0023	23	24	25	26	27	28	29	30	31	78	#
652	17.0023	24	25	26	27	28	29	30	31	32	78	#
653	17.0023	25	26	27	28	29	30	31	32	33	78	#
654	17.0023	26	27	28	29	30	31	32	33	34	78	#
655	17.0023	27	28	29	30	31	32	33	34	35	78	#
656	17.0023	28	29	30	31	32	33	34	35	36	78	#
657	17.0023	29	30	31	32	33	34	35	36	37	78	#
658	17.0023	30	31	32	33	34	35	36	37	38	78	#
659	17.0023	31	32	33	34	35	36	37	38	39	78	#
660	17.0023	32	33	34	35	36	37	38	39	40	78	#
661	17.0023	33	34	35	36	37	38	39	40	41	78	#
662	17.0023	34	35	36	37	38	39	40	41	42	78	#
663	17.0023	35	36	37	38	39	40	41	42	43	78	#
664	17.0023	36	37	38	39	40	41	42	43	44	78	#
665	17.0023	37	38	39	40	41	42	43	44	45	78	#
666	17.0023	38	39	40	41	42	43	44	45	46	78	#
667	17.0023	39	40	41	42	43	44	45	46	47	78	#
668	17.0023	40	41	42	43	44	45	46	47	48	78	#
669	17.0023	41	42	43	44	45	46	47	48	49	78	#
670	17.0023	42	43	44	45	46	47	48	49	50	78	#
671	17.0023	43	44	45	46	47	48	49	50	51	78	#
672	17.0023	44	45	46	47	48	49	50	51	52	78	#
673	17.0023	45	46	47	48	49	50	51	52	53	78	#
674	10.6269	0	1	2	3	4	5	6	7	79	#
675	10.6269	1	2	3	4	5	6	7	8	79	#
676	10.6269	2	3	4	5	6	7	8	9	79	#
677	10.6269	3	4	5	6	7	8	9	10	79	#
678	10.6269	4	5	6	7	8	9	10	11	79	#
679	10.6269	5	6	7	8	9	10	11	12	79	#
680	10.6269	6	7	8	9	10	11	12	13	79	#
681	10.6269	7	8	9	10	11	12	13	14	79	#
682	10.6269	8	9	10	11	12	13	14	15	79	#
683	10.6269	9	10	11	12	13	14	15	16	79	#
684	10.6269	10	11	12	13	14	15	16	17	79	#
685	10.6269	11	12	13	14	15	16	17	18	79	#
686	10.6269	12	13	14	15	16	17	18	19	79	#
687	10.6269	13	14	15	16	17	18	19	20	79	#
688	10.6269	14	15	16	17	18	19	20	21	79	#
689	10.6269	15	16	17	18	19	20	21	22	79	#
690	10.6269	16	17	18	19	20	21	22	23	79	#
691	10.6269	17	18	19	20	21	22	23	24	79	#
692	10.6269	18	19	20	21	22	23	24	25	79	#
693	10.6269	19	20	21	22	23	24	25	26	79	#
694	10.6269	20	21	22	23	24	25	26	27	79	#
695	10.6269	21	22	23	24	25	26	27	28	79	#
696	10.6269	22	23	24	25	26	27	28	29	79	#
697	10.6269	23	24	25	26	27	28	29	30	79	#
698	10.6269	24	25	26	27	28	29	30	31	79	#
699	10.6269	25	26	27	28	29	30	31	32	79	#
700	10.6269	26	27	28	29	30	31	32	33	79	#
701	10.6269	27	28	29	30	31	32	33	34	79	#
702	10.6269	28	29	30	31	32	33	34	35	79	#
703	10.6269	29	30	31	32	33	34	35	36	79	#
704	10.6269	30	31	32	33	34	35	36	37	79	#
705	10.6269	31	32	33	34	35	36	37	38	79	#
706	10.6269	32	33	34	35	36	37	38	39	79	#
707	10.6269	33	34	35	36	37	38	39	40	79	#
708	10.6269	34	35	36	37	38	39	40	41	79	#
709	10.6269	35	36	37	38	39	40	41	42	79	#
710	10.6269	36	37	38	39	40	41	42	43	79	#
711	10.6269	37	38	39	40	41	42	43	44	79	#
712	10.6269	38	39	40	41	42	43	44	45	79	#
713	10.6269	39	40	41	42	43	44	45	46	79	#
714	10.6269	40	41	42	43	44	45	46	47	79	#
715	10.6269	41	42	43	44	45	46	47	48	79	#
716	10.6269	42	43	44	45	46	47	48	49	79	#
717	10.6269	43	44	45	46	47	48	49	50	79	#
718	10.6269	44	45	46	47	48	49	50	51	79	#
719	10.6269	45	46	47	48	49	50	51	52	79	#
720	10.6269	46	47	48	49	50	51	52	53	79	#
721	10.6269	47	48	49	50	51	52	53	54	79	#
722	10.6269	48	49	50	51	52	53	54	55	79	#
723	10.6269	49	50	51	52	53	54	55	56	79	#
724	10.6269	50	51	52	53	54	55	56	57	79	#
725	10.6269	51	52	53	54	55	56	57	58	79	#
726	10.6269	52	53	54	55	56	57	58	59	79	#
727	10.6269	53	54	55	56	57	58	59	60	79	#
728	10.1208	54	55	56	57	58	59	60	61	79	#
729	10.1208	55	56	57	58	59	60	61	62	79	#
730	10.1208	56	57	58	59	60	61	62	63	79	#
731	5.58005	0	1	2	3	4	5	80	#
732	5.58005	1	2	3	4	5	6	80	#
733	5.58005	2	3	4	5	6	7	80	#
734	5.58005	3	4	5	6	7	8	80	#
735	5.58005	4	5	6	7	8	9	80	#
736	5.58005	5	6	7	8	9	10	80	#
737	5.58005	6	7	8	9	10	11	80	#
738	5.58005	7	8	9	10	11	12	80	#
739	5.58005	8	9	10	11	12	13	80	#
740	1.81352	9	10	11	12	13	14	80	#
741	1.81352	10	11	12	13	14	15	80	#
742	1.81352	11	12	13	14	15	16	80	#
743	1.81352	12	13	14	15	16	17	80	#
744	1.81352	13	14	15	16	17	18	80	#
745	1.81352	14	15	16	17	18	19	80	#
746	1.81352	15	16	17	18	19	20	80	#
747	1.81352	16	17	18	19	20	21	80	#
748	1.81352	17	18	19	20	21	22	80	#
749	1.81352	18	19	20	21	22	23	80	#
750	1.81352	19	20	21	22	23	24	80	#
751	1.81352	20	21	22	23	24	25	80	#
752	1.81352	21	22	23	24	25	26	80	#
753	1.81352	22	23	24	25	26	27	80	#
754	1.81352	23	24	25	26	27	28	80	#
755	1.81352	24	25	26	27	28	29	80	#
756	1.81352	25	26	27	28	29	30	80	#
757	1.81352	26	27	28	29	30	31	80	#
758	1.81352	27	28	29	30	31	32	80	#
759	1.81352	28	29	30	31	32	33	80	#
760	1.81352	29	30	31	32	33	34	80	#
761	1.81352	30	31	32	33	34	35	80	#
762	1.81352	31	32	33	34	35	36	80	#
763	1.81352	32	33	34	35	36	37	80	#
764	1.81352	33	34	35	36	37	38	80	#
765	1.81352	34	35	36	37	38	39	80	#
766	1.81352	35	36	37	38	39	40	80	#
767	1.17001	36	37	38	39	40	41	80	#
768	1.17001	37	38	39	40	41	42	80	#
769	1.17001	38	39	40	41	42	43	80	#
770	1.17001	39	40	41	42	43	44	80	#
771	1.17001	40	41	42	43	44	45	80	#
772	1.17001	41	42	43	44	45	46	80	#
773	1.17001	42	43	44	45	46	47	80	#
774	1.17001	43	44	45	46	47	48	80	#
775	1.17001	44	45	46	47	48	49	80	#
776	1.17001	45	46	47	48	49	50	80	#
777	1.17001	46	47	48	49	50	51	80	#
778	1.17001	47	48	49	50	51	52	80	#
779	1.17001	48	49	50	51	52	53	80	#
780	1.17001	49	50	51	52	53	54	80	#
781	1.17001	50	51	52	53	54	55	80	#
782	1.17001	51	52	53	54	55	56	80	#
783	1.17001	52	53	54	55	56	57	80	#
784	1.17001	53	54	55	56	57	58	80	#
785	1.17001	54	55	56	57	58	59	80	#
786	1.17001	55	56	57	58	59	60	80	#
787	1.17001	56	57	58	59	60	61	80	#
788	1.17001	57	58	59	60	61	62	80	#
789	1.15144	58	59	60	61	62	63	80	#
790	3.30742	0	1	81	#
791	3.30742	1	2	81	#
792	3.30742	2	3	81	#
793	3.30742	3	4	81	#
794	3.30742	4	5	81	#
795	3.30742	5	6	81	#
796	3.30742	6	7	81	#
797	3.30742	7	8	81	#
798	3.30742	8	9	81	#
799	3.30742	9	10	81	#
800	3.30742	10	11	81	#
801	3.30742	11	12	81	#
802	3.30742	12	13	81	#
803	3.30742	13	14	81	#
804	3.30742	14	15	81	#
805	3.30742	15	16	81	#
806	3.30742	16	17	81	#
807	3.30742	17	18	81	#
808	3.30742	18	19	81	#
809	3.30742	19	20	81	#
810	3.30742	20	21	81	#
811	3.30742	21	22	81	#
812	3.30742	22	23	81	#
813	3.30742	23	24	81	#
814	3.30742	24	25	81	#
815	3.30742	25	26	81	#
816	3.30742	26	27	81	#
817	3.30742	27	28	81	#
818	3.30742	28	29	81	#
819	3.30742	29	30	81	#
820	3.30742	30	31	81	#
821	3.30742	31	32	81	#
822	3.30742	32	33	81	#
823	3.30742	33	34	81	#
824	3.30742	34	35	81	#
825	3.30742	35	36	81	#
826	3.30742	36	37	81	#
827	3.30742	37	38	81	#
828	3.30742	38	39	81	#
829	3.30742	39	40	81	#
830	3.30742	40	41	81	#
831	3.30742	41	42	81	#
832	3.30742	42	43	81	#
833	3.30742	43	44	81	#
834	3.30742	44	45	81	#
835	3.30742	45	46	81	#
836	3.30742	46	47	81	#
837	3.30742	47	48	81	#
838	2.64593	48	49	81	#
839	2.64593	49	50	81	#
840	2.64593	50	51	81	#
841	2.64593	51	52	81	#
842	2.64593	52	53	81	#
843	2.64593	53	54	81	#
844	2.64593	54	55	81	#
845	2.64593	55	56	81	#
846	2.64593	56	57	81	#
847	2.64593	57	58	81	#
848	2.64593	58	59	81	#
849	2.64593	59	60	81	#
850	2.60256	60	61	81	#
851	2.51994	61	62	81	#
852	2.51994	62	63	81	#
853	6.25668	0	1	2	3	4	5	6	7	82	#
854	6.25668	1	2	3	4	5	6	7	8	82	#
855	6.25668	2	3	4	5	6	7	8	9	82	#
856	6.25668	3	4	5	6	7	8	9	10	82	#
857	6.25668	4	5	6	7	8	9	10	11	82	#
858	6.25668	5	6	7	8	9	10	11	12	82	#
859	6.25668	6	7	8	9	10	11	12	13	82	#
860	6.25668	7	8	9	10	11	12	13	14	82	#
861	6.25668	8	9	10	11	12	13	14	15	82	#
862	6.25668	9	10	11	12	13	14	15	16	82	#
863	6.25668	10	11	12	13	14	15	16	17	82	#
864	6.25668	11	12	13	14	15	16	17	18	82	#
865	6.25668	12	13	14	15	16	17	18	19	82	#
866	6.25668	13	14	15	16	17	18	19	20	82	#
867	6.25668	14	15	16	17	18	19	20	21	82	#
868	6.25668	15	16	17	18	19	20	21	22	82	#
869	6.25668	16	17	18	19	20	21	22	23	82	#
870	6.25668	17	18	19	20	21	22	23	24	82	#
871	6.25668	18	19	20	21	22	23	24	25	82	#
872	6.25668	19	20	21	22	23	24	25	26	82	#
873	6.25668	20	21	22	23	24	25	26	27	82	#
874	6.25668	21	22	23	24	25	26	27	28	82	#
875	6.25668	22	23	24	25	26	27	28	29	82	#
876	6.25668	23	24	25	26	27	28	29	30	82	#
877	6.25668	24	25	26	27	28	29	30	31	82	#
878	6.25668	25	26	27	28	29	30	31	32	82	#
879	6.25668	26	27	28	29	30	31	32	33	82	#
880	6.25668	27	28	29	30	31	32	33	34	82	#
881	6.25668	28	29	30	31	32	33	34	35	82	#
882	6.25668	29	30	31	32	33	34	35	36	82	#
883	6.25668	30	31	32	33	34	35	36	37	82	#
884	6.25668	31	32	33	34	35	36	37	38	82	#
885	6.25668	32	33	34	35	36	37	38	39	82	#
886	6.25668	33	34	35	36	37	38	39	40	82	#
887	6.25668	34	35	36	37	38	39	40	41	82	#
888	6.25668	35	36	37	38	39	40	41	42	82	#
889	6.25668	36	37	38	39	40	41	42	43	82	#
890	6.25668	37	38	39	40	41	42	43	44	82	#
891	6.25668	38	39	40	41	42	43	44	45	82	#
892	6.25668	39	40	41	42	43	44	45	46	82	#
893	6.25668	40	41	42	43	44	45	46	47	82	#
894	6.25668	41	42	43	44	45	46	47	48	82	#
895	6.25668	42	43	44	45	46	47	48	49	82	#
896	4.8663	43	44	45	46	47	48	49	50	82	#
897	4.8663	44	45	46	47	48	49	50	51	82	#
898	4.8663	45	46	47	48	49	50	51	52	82	#
899	4.8663	46	47	48	49	50	51	52	53	82	#
900	4.8663	47	48	49	50	51	52	53	54	82	#
901	4.8663	48	49	50	51	52	53	54	55	82	#
902	4.8663	49	50	51	52	53	54	55	56	82	#
903	4.8663	50	51	52	53	54	55	56	57	82	#
904	4.8663	51	52	53	54	55	56	57	58	82	#
905	4.8663	52	53	54	55	56	57	58	59	82	#
906	4.8663	53	54	55	56	57	58	59	60	82	#
907	4.8663	54	55	56	57	58	59	60	61	82	#
908	4.8663	55	56	57	58	59	60	61	62	82	#
909	4.8663	56	57	58	59	60	61	62	63	82	#
910	1.28185	0	83	#
911	1.28185	1	83	#
912	1.28185	2	83	#
913	1.28185	3	83	#
914	1.28185	4	83	#
915	1.28185	5	83	#
916	1.28185	6	83	#
917	1.28185	7	83	#
918	1.28185	8	83	#
919	1.28185	9	83	#
920	1.28185	10	83	#
921	1.28185	11	83	#
922	1.28185	12	83	#
923	1.28185	13	83	#
924	1.28185	14	83	#
925	1.28185	15	83	#
926	1.28185	16	83	#
927	1.28185	17	83	#
928	1.28185	18	83	#
929	1.28185	19	83	#
930	1.28185	20	83	#
931	1.28185	21	83	#
932	1.28185	22	83	#
933	1.28185	23	83	#
934	1.28185	24	83	#
935	1.28185	25	83	#
936	1.28185	26	83	#
937	1.28185	27	83	#
938	1.28185	28	83	#
939	1.28185	29	83	#
940	1.28185	30	83	#
941	1.28185	31	83	#
942	1.28185	32	83	#
943	1.28185	33	83	#
944	1.28185	34	83	#
945	1.28185	35	83	#
946	1.28185	36	83	#
947	1.28185	37	83	#
948	0.81773	38	83	#
949	0.81773	39	83	#
950	0.81773	40	83	#
951	0.81773	41	83	#
952	0.81773	42	83	#
953	0.81773	43	83	#
954	0.81773	44	83	#
955	0.81773	45	83	#
956	0.81773	46	83	#
957	0.81773	47	83	#
958	0.81773	48	83	#
959	0.81773	49	83	#
960	0.81773	50	83	#
961	0.81773	51	83	#
962	0.81773	52	83	#
963	0.81773	53	83	#
964	0.81773	54	83	#
965	0.81773	55	83	#
966	0.81773	56	83	#
967	0.81773	57	83	#
968	0.81773	58	83	#
969	0.80387	59	83	#
970	0.752831	60	83	#
971	0.752831	61	83	#
972	0.752831	62	83	#
973	0.752831	63	83	#
974	12.7794	0	1	2	3	4	5	84	#
975	12.7794	1	2	3	4	5	6	84	#
976	12.7794	2	3	4	5	6	7	84	#
977	12.7794	3	4	5	6	7	8	84	#
978	12.7794	4	5	6	7	8	9	84	#
979	12.7794	5	6	7	8	9	10	84	#
980	12.7794	6	7	8	9	10	11	84	#
981	12.7794	7	8	9	10	11	12	84	#
982	12.7794	8	9	10	11	12	13	84	#
983	12.7794	9	10	11	12	13	14	84	#
984	12.7794	10	11	12	13	14	15	84	#
985	12.7794	11	12	13	14	15	16	84	#
986	12.7794	12	13	14	15	16	17	84	#
987	12.7794	13	14	15	16	17	18	84	#
988	12.7794	14	15	16	17	18	19	84	#
989	12.7794	15	16	17	18	19	20	84	#
990	12.7794	16	17	18	19	20	21	84	#
991	12.7794	17	18	19	20	21	22	84	#
992	12.7794	18	19	20	21	22	23	84	#
993	12.7794	19	20	21	22	23	24	84	#
994	12.7794	20	21	22	23	24	25	84	#
995	12.7794	21	22	23	24	25	26	84	#
996	12.7794	22	23	24	25	26	27	84	#
997	12.7794	23	24	25	26	27	28	84	#
998	12.7794	24	25	26	27	28	29	84	#
999	12.7794	25	26	27	28	29	30	84	#
1000	12.7794	26	27	28	29	30	31	84	#
1001	12.7794	27	28	29	30	31	32	84	#
1002	12.7794	28	29	30	31	32	33	84	#
1003	12.7794	29	30	31	32	33	34	84	#
1004	12.7794	30	31	32	33	34	35	84	#
1005	12.7794	31	32	33	34	35	36	84	#
1006	12.7794	32	33	34	35	36	37	84	#
1007	12.7794	33	34	35	36	37	38	84	#
1008	12.7794	34	35	36	37	38	39	84	#
1009	12.7794	35	36	37	38	39	40	84	#
1010	12.7794	36	37	38	39	40	41	84	#
1011	12.7794	37	38	39	40	41	42	84	#
1012	12.7794	38	39	40	41	42	43	84	#
1013	9.6406	39	40	41	42	43	44	84	#
1014	9.6406	40	41	42	43	44	45	84	#
1015	9.6406	41	42	43	44	45	46	84	#
1016	9.6406	42	43	44	45	46	47	84	#
1017	9.6406	43	44	45	46	47	48	84	#
1018	9.6406	44	45	46	47	48	49	84	#
1019	9.6406	45	46	47	48	49	50	84	#
1020	9.6406	46	47	48	49	50	51	84	#
1021	9.6406	47	48	49	50	51	52	84	#
1022	9.6406	48	49	50	51	52	53	84	#
1023	9.6406	49	50	51	52	53	54	84	#
1024	9.6406	50	51	52	53	54	55	84	#
1025	9.6406	51	52	53	54	55	56	84	#
1026	9.6406	52	53	54	55	56	57	84	#
1027	9.15857	53	54	55	56	57	58	84	#
1028	9.15857	54	55	56	57	58	59	84	#
1029	9.15857	55	56	57	58	59	60	84	#
1030	8.72244	56	57	58	59	60	61	84	#
1031	8.72244	57	58	59	60	61	62	84	#
1032	8.72244	58	59	60	61	62	63	84	#
