%% File generated by CATS v.2.1Wed Jun 22 10:37:56 2022

%% The CATS webpage is http://robotics.stanford.edu/CATS

%% PARAMETER SETTINGS:
% Goods: 64; Bids: 1000; Distribution: scheduling; Runs: 1; Seed: 1656573111
% Scheduling Distribution Parameters:
% max_length                = 10
% deviation                 = 0.500000
% prob_additional_deadline  = 0.700000
% additivity                = 0.200000



goods 64
bids 1032
dummy 26

0	12.3889	0	1	2	3	4	5	64	#
1	12.3889	1	2	3	4	5	6	64	#
2	12.3889	2	3	4	5	6	7	64	#
3	12.3889	3	4	5	6	7	8	64	#
4	12.3889	4	5	6	7	8	9	64	#
5	12.3889	5	6	7	8	9	10	64	#
6	12.3889	6	7	8	9	10	11	64	#
7	12.3889	7	8	9	10	11	12	64	#
8	12.3889	8	9	10	11	12	13	64	#
9	12.3889	9	10	11	12	13	14	64	#
10	12.3889	10	11	12	13	14	15	64	#
11	12.3889	11	12	13	14	15	16	64	#
12	12.3889	12	13	14	15	16	17	64	#
13	12.3889	13	14	15	16	17	18	64	#
14	12.3889	14	15	16	17	18	19	64	#
15	12.3889	15	16	17	18	19	20	64	#
16	12.3889	16	17	18	19	20	21	64	#
17	12.3889	17	18	19	20	21	22	64	#
18	12.3889	18	19	20	21	22	23	64	#
19	12.3889	19	20	21	22	23	24	64	#
20	12.3889	20	21	22	23	24	25	64	#
21	12.3889	21	22	23	24	25	26	64	#
22	12.3889	22	23	24	25	26	27	64	#
23	12.3889	23	24	25	26	27	28	64	#
24	12.3889	24	25	26	27	28	29	64	#
25	12.3889	25	26	27	28	29	30	64	#
26	12.3889	26	27	28	29	30	31	64	#
27	12.3889	27	28	29	30	31	32	64	#
28	12.3889	28	29	30	31	32	33	64	#
29	12.3889	29	30	31	32	33	34	64	#
30	12.3889	30	31	32	33	34	35	64	#
31	12.3889	31	32	33	34	35	36	64	#
32	12.3889	32	33	34	35	36	37	64	#
33	12.3889	33	34	35	36	37	38	64	#
34	12.3889	34	35	36	37	38	39	64	#
35	12.3889	35	36	37	38	39	40	64	#
36	12.3889	36	37	38	39	40	41	64	#
37	12.3889	37	38	39	40	41	42	64	#
38	12.3889	38	39	40	41	42	43	64	#
39	12.3889	39	40	41	42	43	44	64	#
40	12.3889	40	41	42	43	44	45	64	#
41	12.3889	41	42	43	44	45	46	64	#
42	12.3889	42	43	44	45	46	47	64	#
43	12.3889	43	44	45	46	47	48	64	#
44	12.3889	44	45	46	47	48	49	64	#
45	12.3889	45	46	47	48	49	50	64	#
46	12.3889	46	47	48	49	50	51	64	#
47	12.3889	47	48	49	50	51	52	64	#
48	12.3889	48	49	50	51	52	53	64	#
49	12.3889	49	50	51	52	53	54	64	#
50	12.3889	50	51	52	53	54	55	64	#
51	12.3889	51	52	53	54	55	56	64	#
52	6.33011	0	1	2	3	4	65	#
53	6.33011	1	2	3	4	5	65	#
54	6.33011	2	3	4	5	6	65	#
55	6.33011	3	4	5	6	7	65	#
56	6.33011	4	5	6	7	8	65	#
57	6.33011	5	6	7	8	9	65	#
58	6.33011	6	7	8	9	10	65	#
59	6.33011	7	8	9	10	11	65	#
60	6.33011	8	9	10	11	12	65	#
61	6.33011	9	10	11	12	13	65	#
62	6.33011	10	11	12	13	14	65	#
63	6.33011	11	12	13	14	15	65	#
64	6.33011	12	13	14	15	16	65	#
65	6.33011	13	14	15	16	17	65	#
66	6.33011	14	15	16	17	18	65	#
67	6.33011	15	16	17	18	19	65	#
68	6.33011	16	17	18	19	20	65	#
69	6.33011	17	18	19	20	21	65	#
70	6.33011	18	19	20	21	22	65	#
71	6.33011	19	20	21	22	23	65	#
72	6.33011	20	21	22	23	24	65	#
73	6.33011	21	22	23	24	25	65	#
74	6.33011	22	23	24	25	26	65	#
75	6.33011	23	24	25	26	27	65	#
76	6.33011	24	25	26	27	28	65	#
77	6.33011	25	26	27	28	29	65	#
78	6.33011	26	27	28	29	30	65	#
79	6.33011	27	28	29	30	31	65	#
80	6.33011	28	29	30	31	32	65	#
81	6.33011	29	30	31	32	33	65	#
82	6.33011	30	31	32	33	34	65	#
83	6.33011	31	32	33	34	35	65	#
84	10.8071	0	1	2	3	4	5	66	#
85	10.8071	1	2	3	4	5	6	66	#
86	10.8071	2	3	4	5	6	7	66	#
87	10.8071	3	4	5	6	7	8	66	#
88	10.8071	4	5	6	7	8	9	66	#
89	10.8071	5	6	7	8	9	10	66	#
90	10.8071	6	7	8	9	10	11	66	#
91	10.8071	7	8	9	10	11	12	66	#
92	10.8071	8	9	10	11	12	13	66	#
93	10.8071	9	10	11	12	13	14	66	#
94	10.8071	10	11	12	13	14	15	66	#
95	10.8071	11	12	13	14	15	16	66	#
96	10.8071	12	13	14	15	16	17	66	#
97	10.8071	13	14	15	16	17	18	66	#
98	10.8071	14	15	16	17	18	19	66	#
99	10.8071	15	16	17	18	19	20	66	#
100	10.8071	16	17	18	19	20	21	66	#
101	10.8071	17	18	19	20	21	22	66	#
102	10.8071	18	19	20	21	22	23	66	#
103	10.8071	19	20	21	22	23	24	66	#
104	10.8071	20	21	22	23	24	25	66	#
105	10.8071	21	22	23	24	25	26	66	#
106	10.8071	22	23	24	25	26	27	66	#
107	10.8071	23	24	25	26	27	28	66	#
108	10.8071	24	25	26	27	28	29	66	#
109	10.8071	25	26	27	28	29	30	66	#
110	10.8071	26	27	28	29	30	31	66	#
111	10.8071	27	28	29	30	31	32	66	#
112	10.8071	28	29	30	31	32	33	66	#
113	10.8071	29	30	31	32	33	34	66	#
114	10.8071	30	31	32	33	34	35	66	#
115	10.8071	31	32	33	34	35	36	66	#
116	10.8071	32	33	34	35	36	37	66	#
117	10.8071	33	34	35	36	37	38	66	#
118	10.8071	34	35	36	37	38	39	66	#
119	7.14367	35	36	37	38	39	40	66	#
120	7.14367	36	37	38	39	40	41	66	#
121	7.14367	37	38	39	40	41	42	66	#
122	7.14367	38	39	40	41	42	43	66	#
123	7.14367	39	40	41	42	43	44	66	#
124	7.14367	40	41	42	43	44	45	66	#
125	7.14367	41	42	43	44	45	46	66	#
126	7.14367	42	43	44	45	46	47	66	#
127	7.14367	43	44	45	46	47	48	66	#
128	7.14367	44	45	46	47	48	49	66	#
129	7.14367	45	46	47	48	49	50	66	#
130	7.14367	46	47	48	49	50	51	66	#
131	7.14367	47	48	49	50	51	52	66	#
132	7.14367	48	49	50	51	52	53	66	#
133	7.14367	49	50	51	52	53	54	66	#
134	7.14367	50	51	52	53	54	55	66	#
135	7.14367	51	52	53	54	55	56	66	#
136	7.14367	52	53	54	55	56	57	66	#
137	7.14367	53	54	55	56	57	58	66	#
138	7.14367	54	55	56	57	58	59	66	#
139	6.90945	55	56	57	58	59	60	66	#
140	6.90945	56	57	58	59	60	61	66	#
141	8.90723	0	1	2	3	4	67	#
142	8.90723	1	2	3	4	5	67	#
143	8.90723	2	3	4	5	6	67	#
144	8.90723	3	4	5	6	7	67	#
145	8.90723	4	5	6	7	8	67	#
146	8.90723	5	6	7	8	9	67	#
147	8.90723	6	7	8	9	10	67	#
148	8.90723	7	8	9	10	11	67	#
149	8.90723	8	9	10	11	12	67	#
150	8.90723	9	10	11	12	13	67	#
151	8.90723	10	11	12	13	14	67	#
152	8.90723	11	12	13	14	15	67	#
153	9.14175	0	1	2	3	4	68	#
154	9.14175	1	2	3	4	5	68	#
155	9.14175	2	3	4	5	6	68	#
156	9.14175	3	4	5	6	7	68	#
157	9.14175	4	5	6	7	8	68	#
158	9.14175	5	6	7	8	9	68	#
159	9.14175	6	7	8	9	10	68	#
160	9.14175	7	8	9	10	11	68	#
161	9.14175	8	9	10	11	12	68	#
162	9.14175	9	10	11	12	13	68	#
163	9.14175	10	11	12	13	14	68	#
164	9.14175	11	12	13	14	15	68	#
165	9.14175	12	13	14	15	16	68	#
166	9.14175	13	14	15	16	17	68	#
167	9.14175	14	15	16	17	18	68	#
168	9.14175	15	16	17	18	19	68	#
169	9.14175	16	17	18	19	20	68	#
170	9.14175	17	18	19	20	21	68	#
171	4.17341	18	19	20	21	22	68	#
172	4.17341	19	20	21	22	23	68	#
173	4.17341	20	21	22	23	24	68	#
174	4.17341	21	22	23	24	25	68	#
175	4.17341	22	23	24	25	26	68	#
176	4.17341	23	24	25	26	27	68	#
177	4.17341	24	25	26	27	28	68	#
178	4.17341	25	26	27	28	29	68	#
179	4.17341	26	27	28	29	30	68	#
180	4.17341	27	28	29	30	31	68	#
181	4.17341	28	29	30	31	32	68	#
182	4.17341	29	30	31	32	33	68	#
183	4.17341	30	31	32	33	34	68	#
184	4.17341	31	32	33	34	35	68	#
185	4.17341	32	33	34	35	36	68	#
186	4.17341	33	34	35	36	37	68	#
187	4.17341	34	35	36	37	38	68	#
188	4.17341	35	36	37	38	39	68	#
189	4.17341	36	37	38	39	40	68	#
190	4.17341	37	38	39	40	41	68	#
191	4.17341	38	39	40	41	42	68	#
192	4.17341	39	40	41	42	43	68	#
193	4.17341	40	41	42	43	44	68	#
194	4.17341	41	42	43	44	45	68	#
195	4.17341	42	43	44	45	46	68	#
196	11.4965	0	1	2	3	4	5	6	69	#
197	11.4965	1	2	3	4	5	6	7	69	#
198	11.4965	2	3	4	5	6	7	8	69	#
199	11.4965	3	4	5	6	7	8	9	69	#
200	11.4965	4	5	6	7	8	9	10	69	#
201	11.4965	5	6	7	8	9	10	11	69	#
202	11.4965	6	7	8	9	10	11	12	69	#
203	11.4965	7	8	9	10	11	12	13	69	#
204	11.4965	8	9	10	11	12	13	14	69	#
205	11.4965	9	10	11	12	13	14	15	69	#
206	11.4965	10	11	12	13	14	15	16	69	#
207	11.4965	11	12	13	14	15	16	17	69	#
208	11.4965	12	13	14	15	16	17	18	69	#
209	11.4965	13	14	15	16	17	18	19	69	#
210	11.4965	14	15	16	17	18	19	20	69	#
211	11.4965	15	16	17	18	19	20	21	69	#
212	21.2501	0	1	2	3	4	5	6	7	8	9	70	#
213	21.2501	1	2	3	4	5	6	7	8	9	10	70	#
214	21.2501	2	3	4	5	6	7	8	9	10	11	70	#
215	21.2501	3	4	5	6	7	8	9	10	11	12	70	#
216	21.2501	4	5	6	7	8	9	10	11	12	13	70	#
217	21.2501	5	6	7	8	9	10	11	12	13	14	70	#
218	21.2501	6	7	8	9	10	11	12	13	14	15	70	#
219	21.2501	7	8	9	10	11	12	13	14	15	16	70	#
220	21.2501	8	9	10	11	12	13	14	15	16	17	70	#
221	21.2501	9	10	11	12	13	14	15	16	17	18	70	#
222	21.2501	10	11	12	13	14	15	16	17	18	19	70	#
223	21.2501	11	12	13	14	15	16	17	18	19	20	70	#
224	21.2501	12	13	14	15	16	17	18	19	20	21	70	#
225	21.2501	13	14	15	16	17	18	19	20	21	22	70	#
226	21.2501	14	15	16	17	18	19	20	21	22	23	70	#
227	21.2501	15	16	17	18	19	20	21	22	23	24	70	#
228	21.2501	16	17	18	19	20	21	22	23	24	25	70	#
229	21.2501	17	18	19	20	21	22	23	24	25	26	70	#
230	21.2501	18	19	20	21	22	23	24	25	26	27	70	#
231	21.2501	19	20	21	22	23	24	25	26	27	28	70	#
232	21.2501	20	21	22	23	24	25	26	27	28	29	70	#
233	21.2501	21	22	23	24	25	26	27	28	29	30	70	#
234	21.2501	22	23	24	25	26	27	28	29	30	31	70	#
235	8.42635	0	1	2	3	4	5	71	#
236	8.42635	1	2	3	4	5	6	71	#
237	8.42635	2	3	4	5	6	7	71	#
238	8.42635	3	4	5	6	7	8	71	#
239	8.42635	4	5	6	7	8	9	71	#
240	8.42635	5	6	7	8	9	10	71	#
241	8.42635	6	7	8	9	10	11	71	#
242	8.42635	7	8	9	10	11	12	71	#
243	8.42635	8	9	10	11	12	13	71	#
244	8.42635	9	10	11	12	13	14	71	#
245	8.42635	10	11	12	13	14	15	71	#
246	8.42635	11	12	13	14	15	16	71	#
247	8.42635	12	13	14	15	16	17	71	#
248	8.42635	13	14	15	16	17	18	71	#
249	8.42635	14	15	16	17	18	19	71	#
250	8.42635	15	16	17	18	19	20	71	#
251	8.42635	16	17	18	19	20	21	71	#
252	8.42635	17	18	19	20	21	22	71	#
253	8.42635	18	19	20	21	22	23	71	#
254	8.42635	19	20	21	22	23	24	71	#
255	8.42635	20	21	22	23	24	25	71	#
256	8.42635	21	22	23	24	25	26	71	#
257	8.42635	22	23	24	25	26	27	71	#
258	8.42635	23	24	25	26	27	28	71	#
259	8.42635	24	25	26	27	28	29	71	#
260	8.42635	25	26	27	28	29	30	71	#
261	8.42635	26	27	28	29	30	31	71	#
262	8.42635	27	28	29	30	31	32	71	#
263	8.42635	28	29	30	31	32	33	71	#
264	8.42635	29	30	31	32	33	34	71	#
265	8.42635	30	31	32	33	34	35	71	#
266	8.42635	31	32	33	34	35	36	71	#
267	8.42635	32	33	34	35	36	37	71	#
268	8.42635	33	34	35	36	37	38	71	#
269	8.42635	34	35	36	37	38	39	71	#
270	8.42635	35	36	37	38	39	40	71	#
271	8.42635	36	37	38	39	40	41	71	#
272	8.42635	37	38	39	40	41	42	71	#
273	8.42635	38	39	40	41	42	43	71	#
274	8.42635	39	40	41	42	43	44	71	#
275	8.42635	40	41	42	43	44	45	71	#
276	8.42635	41	42	43	44	45	46	71	#
277	8.42635	42	43	44	45	46	47	71	#
278	8.42635	43	44	45	46	47	48	71	#
279	8.42635	44	45	46	47	48	49	71	#
280	8.42635	45	46	47	48	49	50	71	#
281	8.42635	46	47	48	49	50	51	71	#
282	8.42635	47	48	49	50	51	52	71	#
283	8.42635	48	49	50	51	52	53	71	#
284	8.42635	49	50	51	52	53	54	71	#
285	8.42635	50	51	52	53	54	55	71	#
286	8.42635	51	52	53	54	55	56	71	#
287	8.42635	52	53	54	55	56	57	71	#
288	8.42635	53	54	55	56	57	58	71	#
289	8.42635	54	55	56	57	58	59	71	#
290	8.42635	55	56	57	58	59	60	71	#
291	8.42635	56	57	58	59	60	61	71	#
292	14.912	0	1	2	3	4	5	6	72	#
293	14.912	1	2	3	4	5	6	7	72	#
294	14.912	2	3	4	5	6	7	8	72	#
295	14.912	3	4	5	6	7	8	9	72	#
296	14.912	4	5	6	7	8	9	10	72	#
297	14.912	5	6	7	8	9	10	11	72	#
298	14.912	6	7	8	9	10	11	12	72	#
299	14.912	7	8	9	10	11	12	13	72	#
300	14.912	8	9	10	11	12	13	14	72	#
301	14.912	9	10	11	12	13	14	15	72	#
302	14.912	10	11	12	13	14	15	16	72	#
303	14.912	11	12	13	14	15	16	17	72	#
304	14.912	12	13	14	15	16	17	18	72	#
305	14.912	13	14	15	16	17	18	19	72	#
306	14.912	14	15	16	17	18	19	20	72	#
307	7.27413	15	16	17	18	19	20	21	72	#
308	7.27413	16	17	18	19	20	21	22	72	#
309	7.27413	17	18	19	20	21	22	23	72	#
310	7.27413	18	19	20	21	22	23	24	72	#
311	7.27413	19	20	21	22	23	24	25	72	#
312	7.27413	20	21	22	23	24	25	26	72	#
313	7.27413	21	22	23	24	25	26	27	72	#
314	7.27413	22	23	24	25	26	27	28	72	#
315	7.27413	23	24	25	26	27	28	29	72	#
316	7.27413	24	25	26	27	28	29	30	72	#
317	7.27413	25	26	27	28	29	30	31	72	#
318	7.27413	26	27	28	29	30	31	32	72	#
319	7.27413	27	28	29	30	31	32	33	72	#
320	7.27413	28	29	30	31	32	33	34	72	#
321	7.27413	29	30	31	32	33	34	35	72	#
322	7.27413	30	31	32	33	34	35	36	72	#
323	7.27413	31	32	33	34	35	36	37	72	#
324	7.27413	32	33	34	35	36	37	38	72	#
325	7.27413	33	34	35	36	37	38	39	72	#
326	7.27413	34	35	36	37	38	39	40	72	#
327	7.27413	35	36	37	38	39	40	41	72	#
328	5.73537	36	37	38	39	40	41	42	72	#
329	5.73537	37	38	39	40	41	42	43	72	#
330	5.73537	38	39	40	41	42	43	44	72	#
331	5.73537	39	40	41	42	43	44	45	72	#
332	5.73537	40	41	42	43	44	45	46	72	#
333	5.73537	41	42	43	44	45	46	47	72	#
334	5.73537	42	43	44	45	46	47	48	72	#
335	5.73537	43	44	45	46	47	48	49	72	#
336	5.73537	44	45	46	47	48	49	50	72	#
337	5.73537	45	46	47	48	49	50	51	72	#
338	5.73537	46	47	48	49	50	51	52	72	#
339	23.383	0	1	2	3	4	5	6	7	8	9	73	#
340	23.383	1	2	3	4	5	6	7	8	9	10	73	#
341	23.383	2	3	4	5	6	7	8	9	10	11	73	#
342	23.383	3	4	5	6	7	8	9	10	11	12	73	#
343	23.383	4	5	6	7	8	9	10	11	12	13	73	#
344	23.383	5	6	7	8	9	10	11	12	13	14	73	#
345	23.383	6	7	8	9	10	11	12	13	14	15	73	#
346	23.383	7	8	9	10	11	12	13	14	15	16	73	#
347	23.383	8	9	10	11	12	13	14	15	16	17	73	#
348	23.383	9	10	11	12	13	14	15	16	17	18	73	#
349	23.383	10	11	12	13	14	15	16	17	18	19	73	#
350	23.383	11	12	13	14	15	16	17	18	19	20	73	#
351	23.383	12	13	14	15	16	17	18	19	20	21	73	#
352	23.383	13	14	15	16	17	18	19	20	21	22	73	#
353	23.383	14	15	16	17	18	19	20	21	22	23	73	#
354	23.383	15	16	17	18	19	20	21	22	23	24	73	#
355	23.383	16	17	18	19	20	21	22	23	24	25	73	#
356	23.383	17	18	19	20	21	22	23	24	25	26	73	#
357	23.383	18	19	20	21	22	23	24	25	26	27	73	#
358	2.15455	0	1	74	#
359	2.15455	1	2	74	#
360	2.15455	2	3	74	#
361	2.15455	3	4	74	#
362	2.15455	4	5	74	#
363	2.15455	5	6	74	#
364	2.15455	6	7	74	#
365	2.15455	7	8	74	#
366	2.15455	8	9	74	#
367	2.15455	9	10	74	#
368	2.15455	10	11	74	#
369	2.15455	11	12	74	#
370	2.15455	12	13	74	#
371	2.15455	13	14	74	#
372	2.15455	14	15	74	#
373	2.15455	15	16	74	#
374	2.15455	16	17	74	#
375	2.15455	17	18	74	#
376	2.15455	18	19	74	#
377	2.15455	19	20	74	#
378	2.15455	20	21	74	#
379	2.15455	21	22	74	#
380	2.15455	22	23	74	#
381	2.15455	23	24	74	#
382	2.15455	24	25	74	#
383	2.15455	25	26	74	#
384	2.15455	26	27	74	#
385	2.15455	27	28	74	#
386	2.15455	28	29	74	#
387	2.15455	29	30	74	#
388	2.15455	30	31	74	#
389	2.15455	31	32	74	#
390	2.15455	32	33	74	#
391	2.15455	33	34	74	#
392	2.15455	34	35	74	#
393	2.15455	35	36	74	#
394	2.15455	36	37	74	#
395	2.15455	37	38	74	#
396	2.15455	38	39	74	#
397	2.15455	39	40	74	#
398	2.15455	40	41	74	#
399	2.15455	41	42	74	#
400	2.15455	42	43	74	#
401	2.15455	43	44	74	#
402	2.15455	44	45	74	#
403	2.15455	45	46	74	#
404	2.15455	46	47	74	#
405	2.15455	47	48	74	#
406	2.15455	48	49	74	#
407	2.15455	49	50	74	#
408	2.15455	50	51	74	#
409	7.49209	0	1	2	3	4	75	#
410	7.49209	1	2	3	4	5	75	#
411	7.49209	2	3	4	5	6	75	#
412	7.49209	3	4	5	6	7	75	#
413	7.49209	4	5	6	7	8	75	#
414	7.49209	5	6	7	8	9	75	#
415	7.49209	6	7	8	9	10	75	#
416	7.49209	7	8	9	10	11	75	#
417	7.49209	8	9	10	11	12	75	#
418	7.49209	9	10	11	12	13	75	#
419	7.49209	10	11	12	13	14	75	#
420	7.49209	11	12	13	14	15	75	#
421	7.49209	12	13	14	15	16	75	#
422	7.49209	13	14	15	16	17	75	#
423	7.49209	14	15	16	17	18	75	#
424	7.49209	15	16	17	18	19	75	#
425	7.49209	16	17	18	19	20	75	#
426	7.49209	17	18	19	20	21	75	#
427	7.49209	18	19	20	21	22	75	#
428	7.49209	19	20	21	22	23	75	#
429	7.49209	20	21	22	23	24	75	#
430	7.49209	21	22	23	24	25	75	#
431	7.49209	22	23	24	25	26	75	#
432	7.49209	23	24	25	26	27	75	#
433	7.49209	24	25	26	27	28	75	#
434	7.49209	25	26	27	28	29	75	#
435	7.49209	26	27	28	29	30	75	#
436	7.49209	27	28	29	30	31	75	#
437	7.49209	28	29	30	31	32	75	#
438	7.49209	29	30	31	32	33	75	#
439	7.49209	30	31	32	33	34	75	#
440	7.49209	31	32	33	34	35	75	#
441	7.49209	32	33	34	35	36	75	#
442	7.49209	33	34	35	36	37	75	#
443	12.1368	0	1	2	3	4	5	76	#
444	12.1368	1	2	3	4	5	6	76	#
445	12.1368	2	3	4	5	6	7	76	#
446	12.1368	3	4	5	6	7	8	76	#
447	12.1368	4	5	6	7	8	9	76	#
448	12.1368	5	6	7	8	9	10	76	#
449	12.1368	6	7	8	9	10	11	76	#
450	12.1368	7	8	9	10	11	12	76	#
451	12.1368	8	9	10	11	12	13	76	#
452	12.1368	9	10	11	12	13	14	76	#
453	12.1368	10	11	12	13	14	15	76	#
454	12.1368	11	12	13	14	15	16	76	#
455	12.1368	12	13	14	15	16	17	76	#
456	12.1368	13	14	15	16	17	18	76	#
457	12.1368	14	15	16	17	18	19	76	#
458	12.1368	15	16	17	18	19	20	76	#
459	12.1368	16	17	18	19	20	21	76	#
460	12.1368	17	18	19	20	21	22	76	#
461	12.1368	18	19	20	21	22	23	76	#
462	4.75247	0	1	2	3	77	#
463	4.75247	1	2	3	4	77	#
464	4.75247	2	3	4	5	77	#
465	4.75247	3	4	5	6	77	#
466	4.75247	4	5	6	7	77	#
467	8.20583	0	1	2	3	4	5	6	7	78	#
468	8.20583	1	2	3	4	5	6	7	8	78	#
469	8.20583	2	3	4	5	6	7	8	9	78	#
470	8.20583	3	4	5	6	7	8	9	10	78	#
471	8.20583	4	5	6	7	8	9	10	11	78	#
472	8.20583	5	6	7	8	9	10	11	12	78	#
473	8.20583	6	7	8	9	10	11	12	13	78	#
474	8.20583	7	8	9	10	11	12	13	14	78	#
475	8.20583	8	9	10	11	12	13	14	15	78	#
476	8.20583	9	10	11	12	13	14	15	16	78	#
477	8.20583	10	11	12	13	14	15	16	17	78	#
478	8.20583	11	12	13	14	15	16	17	18	78	#
479	8.20583	12	13	14	15	16	17	18	19	78	#
480	8.20583	13	14	15	16	17	18	19	20	78	#
481	8.20583	14	15	16	17	18	19	20	21	78	#
482	8.20583	15	16	17	18	19	20	21	22	78	#
483	8.20583	16	17	18	19	20	21	22	23	78	#
484	8.20583	17	18	19	20	21	22	23	24	78	#
485	8.20583	18	19	20	21	22	23	24	25	78	#
486	8.20583	19	20	21	22	23	24	25	26	78	#
487	8.20583	20	21	22	23	24	25	26	27	78	#
488	8.20583	21	22	23	24	25	26	27	28	78	#
489	8.20583	22	23	24	25	26	27	28	29	78	#
490	8.20583	23	24	25	26	27	28	29	30	78	#
491	8.20583	24	25	26	27	28	29	30	31	78	#
492	8.20583	25	26	27	28	29	30	31	32	78	#
493	8.20583	26	27	28	29	30	31	32	33	78	#
494	8.20583	27	28	29	30	31	32	33	34	78	#
495	8.20583	28	29	30	31	32	33	34	35	78	#
496	8.20583	29	30	31	32	33	34	35	36	78	#
497	8.20583	30	31	32	33	34	35	36	37	78	#
498	8.20583	31	32	33	34	35	36	37	38	78	#
499	8.20583	32	33	34	35	36	37	38	39	78	#
500	8.20583	33	34	35	36	37	38	39	40	78	#
501	8.20583	34	35	36	37	38	39	40	41	78	#
502	8.20583	35	36	37	38	39	40	41	42	78	#
503	8.20583	36	37	38	39	40	41	42	43	78	#
504	8.20583	37	38	39	40	41	42	43	44	78	#
505	8.20583	38	39	40	41	42	43	44	45	78	#
506	8.20583	39	40	41	42	43	44	45	46	78	#
507	8.20583	40	41	42	43	44	45	46	47	78	#
508	8.20583	41	42	43	44	45	46	47	48	78	#
509	8.20583	42	43	44	45	46	47	48	49	78	#
510	8.20583	43	44	45	46	47	48	49	50	78	#
511	8.20583	44	45	46	47	48	49	50	51	78	#
512	8.20583	45	46	47	48	49	50	51	52	78	#
513	8.20583	46	47	48	49	50	51	52	53	78	#
514	8.20583	47	48	49	50	51	52	53	54	78	#
515	8.20583	48	49	50	51	52	53	54	55	78	#
516	8.20583	49	50	51	52	53	54	55	56	78	#
517	8.20583	50	51	52	53	54	55	56	57	78	#
518	8.20583	51	52	53	54	55	56	57	58	78	#
519	8.20583	52	53	54	55	56	57	58	59	78	#
520	8.20583	53	54	55	56	57	58	59	60	78	#
521	8.20583	54	55	56	57	58	59	60	61	78	#
522	7.94533	55	56	57	58	59	60	61	62	78	#
523	7.94533	56	57	58	59	60	61	62	63	78	#
524	6.51646	0	1	2	3	4	5	6	7	79	#
525	6.51646	1	2	3	4	5	6	7	8	79	#
526	6.51646	2	3	4	5	6	7	8	9	79	#
527	6.51646	3	4	5	6	7	8	9	10	79	#
528	6.51646	4	5	6	7	8	9	10	11	79	#
529	6.51646	5	6	7	8	9	10	11	12	79	#
530	6.51646	6	7	8	9	10	11	12	13	79	#
531	6.51646	7	8	9	10	11	12	13	14	79	#
532	6.51646	8	9	10	11	12	13	14	15	79	#
533	6.51646	9	10	11	12	13	14	15	16	79	#
534	6.51646	10	11	12	13	14	15	16	17	79	#
535	6.51646	11	12	13	14	15	16	17	18	79	#
536	6.51646	12	13	14	15	16	17	18	19	79	#
537	1.96528	13	14	15	16	17	18	19	20	79	#
538	1.96528	14	15	16	17	18	19	20	21	79	#
539	1.96528	15	16	17	18	19	20	21	22	79	#
540	1.96528	16	17	18	19	20	21	22	23	79	#
541	1.96528	17	18	19	20	21	22	23	24	79	#
542	1.96528	18	19	20	21	22	23	24	25	79	#
543	1.96528	19	20	21	22	23	24	25	26	79	#
544	1.96528	20	21	22	23	24	25	26	27	79	#
545	1.96528	21	22	23	24	25	26	27	28	79	#
546	1.96528	22	23	24	25	26	27	28	29	79	#
547	1.96528	23	24	25	26	27	28	29	30	79	#
548	1.96528	24	25	26	27	28	29	30	31	79	#
549	1.96528	25	26	27	28	29	30	31	32	79	#
550	1.96528	26	27	28	29	30	31	32	33	79	#
551	1.96528	27	28	29	30	31	32	33	34	79	#
552	1.96528	28	29	30	31	32	33	34	35	79	#
553	1.96528	29	30	31	32	33	34	35	36	79	#
554	1.96528	30	31	32	33	34	35	36	37	79	#
555	1.96528	31	32	33	34	35	36	37	38	79	#
556	1.96528	32	33	34	35	36	37	38	39	79	#
557	1.96528	33	34	35	36	37	38	39	40	79	#
558	1.96528	34	35	36	37	38	39	40	41	79	#
559	1.96528	35	36	37	38	39	40	41	42	79	#
560	1.96528	36	37	38	39	40	41	42	43	79	#
561	1.96528	37	38	39	40	41	42	43	44	79	#
562	1.96528	38	39	40	41	42	43	44	45	79	#
563	1.96528	39	40	41	42	43	44	45	46	79	#
564	1.96528	40	41	42	43	44	45	46	47	79	#
565	1.96528	41	42	43	44	45	46	47	48	79	#
566	1.96528	42	43	44	45	46	47	48	49	79	#
567	1.96528	43	44	45	46	47	48	49	50	79	#
568	1.96528	44	45	46	47	48	49	50	51	79	#
569	1.96528	45	46	47	48	49	50	51	52	79	#
570	1.96528	46	47	48	49	50	51	52	53	79	#
571	1.96528	47	48	49	50	51	52	53	54	79	#
572	1.96528	48	49	50	51	52	53	54	55	79	#
573	1.96528	49	50	51	52	53	54	55	56	79	#
574	1.96528	50	51	52	53	54	55	56	57	79	#
575	1.96528	51	52	53	54	55	56	57	58	79	#
576	1.96528	52	53	54	55	56	57	58	59	79	#
577	1.96528	53	54	55	56	57	58	59	60	79	#
578	1.96528	54	55	56	57	58	59	60	61	79	#
579	1.96528	55	56	57	58	59	60	61	62	79	#
580	1.96528	56	57	58	59	60	61	62	63	79	#
581	7.50255	0	1	2	3	4	80	#
582	7.50255	1	2	3	4	5	80	#
583	7.50255	2	3	4	5	6	80	#
584	7.50255	3	4	5	6	7	80	#
585	7.50255	4	5	6	7	8	80	#
586	7.50255	5	6	7	8	9	80	#
587	7.50255	6	7	8	9	10	80	#
588	7.50255	7	8	9	10	11	80	#
589	7.50255	8	9	10	11	12	80	#
590	7.50255	9	10	11	12	13	80	#
591	7.50255	10	11	12	13	14	80	#
592	7.50255	11	12	13	14	15	80	#
593	7.50255	12	13	14	15	16	80	#
594	7.50255	13	14	15	16	17	80	#
595	7.50255	14	15	16	17	18	80	#
596	7.50255	15	16	17	18	19	80	#
597	7.50255	16	17	18	19	20	80	#
598	7.50255	17	18	19	20	21	80	#
599	7.50255	18	19	20	21	22	80	#
600	7.50255	19	20	21	22	23	80	#
601	7.50255	20	21	22	23	24	80	#
602	7.50255	21	22	23	24	25	80	#
603	7.50255	22	23	24	25	26	80	#
604	7.50255	23	24	25	26	27	80	#
605	7.50255	24	25	26	27	28	80	#
606	7.50255	25	26	27	28	29	80	#
607	7.50255	26	27	28	29	30	80	#
608	7.50255	27	28	29	30	31	80	#
609	7.50255	28	29	30	31	32	80	#
610	7.50255	29	30	31	32	33	80	#
611	7.50255	30	31	32	33	34	80	#
612	7.50255	31	32	33	34	35	80	#
613	7.50255	32	33	34	35	36	80	#
614	7.50255	33	34	35	36	37	80	#
615	7.50255	34	35	36	37	38	80	#
616	7.50255	35	36	37	38	39	80	#
617	7.50255	36	37	38	39	40	80	#
618	7.50255	37	38	39	40	41	80	#
619	7.50255	38	39	40	41	42	80	#
620	7.50255	39	40	41	42	43	80	#
621	7.50255	40	41	42	43	44	80	#
622	7.50255	41	42	43	44	45	80	#
623	7.50255	42	43	44	45	46	80	#
624	7.50255	43	44	45	46	47	80	#
625	7.50255	44	45	46	47	48	80	#
626	7.50255	45	46	47	48	49	80	#
627	7.06971	46	47	48	49	50	80	#
628	7.06971	47	48	49	50	51	80	#
629	7.06971	48	49	50	51	52	80	#
630	6.56473	49	50	51	52	53	80	#
631	6.56473	50	51	52	53	54	80	#
632	6.56473	51	52	53	54	55	80	#
633	6.56473	52	53	54	55	56	80	#
634	6.12708	53	54	55	56	57	80	#
635	6.12708	54	55	56	57	58	80	#
636	6.12708	55	56	57	58	59	80	#
637	6.12708	56	57	58	59	60	80	#
638	6.02664	57	58	59	60	61	80	#
639	0.626472	0	81	#
640	0.626472	1	81	#
641	0.0120475	2	81	#
642	0.0120475	3	81	#
643	0.0120475	4	81	#
644	0.0120475	5	81	#
645	0.0120475	6	81	#
646	0.0120475	7	81	#
647	0.0120475	8	81	#
648	0.0120475	9	81	#
649	0.0120475	10	81	#
650	0.0120475	11	81	#
651	0.0120475	12	81	#
652	0.0120475	13	81	#
653	0.0120475	14	81	#
654	0.0120475	15	81	#
655	0.0120475	16	81	#
656	0.0120475	17	81	#
657	0.0120475	18	81	#
658	0.0120475	19	81	#
659	0.0120475	20	81	#
660	0.0120475	21	81	#
661	0.0120475	22	81	#
662	0.0120475	23	81	#
663	0.0120475	24	81	#
664	0.0120475	25	81	#
665	0.0120475	26	81	#
666	0.0120475	27	81	#
667	0.0120475	28	81	#
668	0.0120475	29	81	#
669	0.0120475	30	81	#
670	0.0120475	31	81	#
671	0.0120475	32	81	#
672	0.0120475	33	81	#
673	0.0120475	34	81	#
674	0.0120475	35	81	#
675	0.0120475	36	81	#
676	0.0120475	37	81	#
677	0.0120475	38	81	#
678	0.0120475	39	81	#
679	0.0120475	40	81	#
680	0.0120475	41	81	#
681	0.0120475	42	81	#
682	0.0120475	43	81	#
683	0.0120475	44	81	#
684	0.0120475	45	81	#
685	0.0120475	46	81	#
686	0.0120475	47	81	#
687	0.0120475	48	81	#
688	0.0120475	49	81	#
689	0.0120475	50	81	#
690	0.0120475	51	81	#
691	0.0120475	52	81	#
692	2.60208	0	1	82	#
693	2.60208	1	2	82	#
694	2.60208	2	3	82	#
695	2.60208	3	4	82	#
696	2.60208	4	5	82	#
697	2.60208	5	6	82	#
698	2.60208	6	7	82	#
699	2.60208	7	8	82	#
700	2.60208	8	9	82	#
701	2.60208	9	10	82	#
702	2.60208	10	11	82	#
703	2.60208	11	12	82	#
704	2.60208	12	13	82	#
705	2.60208	13	14	82	#
706	2.60208	14	15	82	#
707	2.60208	15	16	82	#
708	2.60208	16	17	82	#
709	2.60208	17	18	82	#
710	2.60208	18	19	82	#
711	2.60208	19	20	82	#
712	2.60208	20	21	82	#
713	2.60208	21	22	82	#
714	2.60208	22	23	82	#
715	2.60208	23	24	82	#
716	2.60208	24	25	82	#
717	2.60208	25	26	82	#
718	2.60208	26	27	82	#
719	2.60208	27	28	82	#
720	2.60208	28	29	82	#
721	2.60208	29	30	82	#
722	2.60208	30	31	82	#
723	2.60208	31	32	82	#
724	2.60208	32	33	82	#
725	2.60208	33	34	82	#
726	2.60208	34	35	82	#
727	2.60208	35	36	82	#
728	2.60208	36	37	82	#
729	2.60208	37	38	82	#
730	2.60208	38	39	82	#
731	2.60208	39	40	82	#
732	2.60208	40	41	82	#
733	2.60208	41	42	82	#
734	2.60208	42	43	82	#
735	2.60208	43	44	82	#
736	2.60208	44	45	82	#
737	2.60208	45	46	82	#
738	2.60208	46	47	82	#
739	2.60208	47	48	82	#
740	2.60208	48	49	82	#
741	2.60208	49	50	82	#
742	2.60208	50	51	82	#
743	2.60208	51	52	82	#
744	2.60208	52	53	82	#
745	2.60208	53	54	82	#
746	2.60208	54	55	82	#
747	2.60208	55	56	82	#
748	2.60208	56	57	82	#
749	2.60208	57	58	82	#
750	2.60208	58	59	82	#
751	2.60208	59	60	82	#
752	2.60208	60	61	82	#
753	2.60208	61	62	82	#
754	2.60208	62	63	82	#
755	8.70899	0	1	2	3	4	83	#
756	8.70899	1	2	3	4	5	83	#
757	8.70899	2	3	4	5	6	83	#
758	8.70899	3	4	5	6	7	83	#
759	8.70899	4	5	6	7	8	83	#
760	8.70899	5	6	7	8	9	83	#
761	8.70899	6	7	8	9	10	83	#
762	8.70899	7	8	9	10	11	83	#
763	8.70899	8	9	10	11	12	83	#
764	8.70899	9	10	11	12	13	83	#
765	8.70899	10	11	12	13	14	83	#
766	8.70899	11	12	13	14	15	83	#
767	8.70899	12	13	14	15	16	83	#
768	8.70899	13	14	15	16	17	83	#
769	8.70899	14	15	16	17	18	83	#
770	8.70899	15	16	17	18	19	83	#
771	8.70899	16	17	18	19	20	83	#
772	8.70899	17	18	19	20	21	83	#
773	8.70899	18	19	20	21	22	83	#
774	8.70899	19	20	21	22	23	83	#
775	8.70899	20	21	22	23	24	83	#
776	8.70899	21	22	23	24	25	83	#
777	8.70899	22	23	24	25	26	83	#
778	8.70899	23	24	25	26	27	83	#
779	8.70899	24	25	26	27	28	83	#
780	8.70899	25	26	27	28	29	83	#
781	8.70899	26	27	28	29	30	83	#
782	4.4283	27	28	29	30	31	83	#
783	4.4283	28	29	30	31	32	83	#
784	4.4283	29	30	31	32	33	83	#
785	4.4283	30	31	32	33	34	83	#
786	4.4283	31	32	33	34	35	83	#
787	4.4283	32	33	34	35	36	83	#
788	4.4283	33	34	35	36	37	83	#
789	4.4283	34	35	36	37	38	83	#
790	4.4283	35	36	37	38	39	83	#
791	4.4283	36	37	38	39	40	83	#
792	4.4283	37	38	39	40	41	83	#
793	4.4283	38	39	40	41	42	83	#
794	4.4283	39	40	41	42	43	83	#
795	4.4283	40	41	42	43	44	83	#
796	4.4283	41	42	43	44	45	83	#
797	4.4283	42	43	44	45	46	83	#
798	4.4283	43	44	45	46	47	83	#
799	4.4283	44	45	46	47	48	83	#
800	4.4283	45	46	47	48	49	83	#
801	4.4283	46	47	48	49	50	83	#
802	4.4283	47	48	49	50	51	83	#
803	4.4283	48	49	50	51	52	83	#
804	4.4283	49	50	51	52	53	83	#
805	4.4283	50	51	52	53	54	83	#
806	4.4283	51	52	53	54	55	83	#
807	4.4283	52	53	54	55	56	83	#
808	4.4283	53	54	55	56	57	83	#
809	4.4283	54	55	56	57	58	83	#
810	4.4283	55	56	57	58	59	83	#
811	4.21403	56	57	58	59	60	83	#
812	4.21403	57	58	59	60	61	83	#
813	4.21403	58	59	60	61	62	83	#
814	4.14714	59	60	61	62	63	83	#
815	6.82375	0	1	2	3	4	84	#
816	6.82375	1	2	3	4	5	84	#
817	6.82375	2	3	4	5	6	84	#
818	6.82375	3	4	5	6	7	84	#
819	6.82375	4	5	6	7	8	84	#
820	6.82375	5	6	7	8	9	84	#
821	6.82375	6	7	8	9	10	84	#
822	6.82375	7	8	9	10	11	84	#
823	6.82375	8	9	10	11	12	84	#
824	6.82375	9	10	11	12	13	84	#
825	6.82375	10	11	12	13	14	84	#
826	6.82375	11	12	13	14	15	84	#
827	6.82375	12	13	14	15	16	84	#
828	6.82375	13	14	15	16	17	84	#
829	6.82375	14	15	16	17	18	84	#
830	6.82375	15	16	17	18	19	84	#
831	6.82375	16	17	18	19	20	84	#
832	6.82375	17	18	19	20	21	84	#
833	6.82375	18	19	20	21	22	84	#
834	6.82375	19	20	21	22	23	84	#
835	6.82375	20	21	22	23	24	84	#
836	12.3364	0	1	2	3	4	5	85	#
837	12.3364	1	2	3	4	5	6	85	#
838	12.3364	2	3	4	5	6	7	85	#
839	12.3364	3	4	5	6	7	8	85	#
840	12.3364	4	5	6	7	8	9	85	#
841	12.3364	5	6	7	8	9	10	85	#
842	12.3364	6	7	8	9	10	11	85	#
843	12.3364	7	8	9	10	11	12	85	#
844	12.3364	8	9	10	11	12	13	85	#
845	12.3364	9	10	11	12	13	14	85	#
846	0.515889	0	86	#
847	0.515889	1	86	#
848	0.515889	2	86	#
849	0.515889	3	86	#
850	0.515889	4	86	#
851	0.515889	5	86	#
852	0.515889	6	86	#
853	0.515889	7	86	#
854	0.515889	8	86	#
855	0.515889	9	86	#
856	0.515889	10	86	#
857	0.515889	11	86	#
858	0.515889	12	86	#
859	0.515889	13	86	#
860	0.515889	14	86	#
861	0.515889	15	86	#
862	0.515889	16	86	#
863	0.515889	17	86	#
864	0.515889	18	86	#
865	0.515889	19	86	#
866	0.684448	0	87	#
867	0.684448	1	87	#
868	0.684448	2	87	#
869	0.684448	3	87	#
870	0.684448	4	87	#
871	0.684448	5	87	#
872	0.684448	6	87	#
873	0.684448	7	87	#
874	0.684448	8	87	#
875	0.684448	9	87	#
876	0.684448	10	87	#
877	0.684448	11	87	#
878	0.684448	12	87	#
879	0.684448	13	87	#
880	0.684448	14	87	#
881	0.684448	15	87	#
882	0.684448	16	87	#
883	0.684448	17	87	#
884	0.684448	18	87	#
885	0.684448	19	87	#
886	0.684448	20	87	#
887	0.684448	21	87	#
888	0.684448	22	87	#
889	0.684448	23	87	#
890	0.684448	24	87	#
891	0.684448	25	87	#
892	0.684448	26	87	#
893	0.684448	27	87	#
894	0.684448	28	87	#
895	0.684448	29	87	#
896	0.684448	30	87	#
897	0.684448	31	87	#
898	0.684448	32	87	#
899	0.684448	33	87	#
900	0.684448	34	87	#
901	0.684448	35	87	#
902	0.684448	36	87	#
903	0.684448	37	87	#
904	0.684448	38	87	#
905	0.684448	39	87	#
906	0.684448	40	87	#
907	0.684448	41	87	#
908	0.510225	42	87	#
909	0.510225	43	87	#
910	0.510225	44	87	#
911	0.510225	45	87	#
912	0.510225	46	87	#
913	0.510225	47	87	#
914	0.510225	48	87	#
915	0.510225	49	87	#
916	0.510225	50	87	#
917	0.510225	51	87	#
918	0.510225	52	87	#
919	0.510225	53	87	#
920	0.510225	54	87	#
921	0.510225	55	87	#
922	0.460039	56	87	#
923	0.460039	57	87	#
924	0.460039	58	87	#
925	0.460039	59	87	#
926	0.460039	60	87	#
927	0.460039	61	87	#
928	0.452619	62	87	#
929	0.445434	63	87	#
930	17.9167	0	1	2	3	4	5	6	7	88	#
931	17.9167	1	2	3	4	5	6	7	8	88	#
932	17.9167	2	3	4	5	6	7	8	9	88	#
933	17.9167	3	4	5	6	7	8	9	10	88	#
934	17.9167	4	5	6	7	8	9	10	11	88	#
935	17.9167	5	6	7	8	9	10	11	12	88	#
936	17.9167	6	7	8	9	10	11	12	13	88	#
937	17.9167	7	8	9	10	11	12	13	14	88	#
938	17.9167	8	9	10	11	12	13	14	15	88	#
939	17.9167	9	10	11	12	13	14	15	16	88	#
940	17.9167	10	11	12	13	14	15	16	17	88	#
941	17.9167	11	12	13	14	15	16	17	18	88	#
942	17.9167	12	13	14	15	16	17	18	19	88	#
943	17.9167	13	14	15	16	17	18	19	20	88	#
944	17.9167	14	15	16	17	18	19	20	21	88	#
945	17.9167	15	16	17	18	19	20	21	22	88	#
946	17.9167	16	17	18	19	20	21	22	23	88	#
947	17.9167	17	18	19	20	21	22	23	24	88	#
948	17.9167	18	19	20	21	22	23	24	25	88	#
949	17.9167	19	20	21	22	23	24	25	26	88	#
950	17.9167	20	21	22	23	24	25	26	27	88	#
951	17.9167	21	22	23	24	25	26	27	28	88	#
952	17.9167	22	23	24	25	26	27	28	29	88	#
953	17.9167	23	24	25	26	27	28	29	30	88	#
954	17.9167	24	25	26	27	28	29	30	31	88	#
955	17.9167	25	26	27	28	29	30	31	32	88	#
956	17.9167	26	27	28	29	30	31	32	33	88	#
957	17.9167	27	28	29	30	31	32	33	34	88	#
958	17.9167	28	29	30	31	32	33	34	35	88	#
959	17.9167	29	30	31	32	33	34	35	36	88	#
960	17.9167	30	31	32	33	34	35	36	37	88	#
961	17.9167	31	32	33	34	35	36	37	38	88	#
962	17.9167	32	33	34	35	36	37	38	39	88	#
963	17.9167	33	34	35	36	37	38	39	40	88	#
964	17.9167	34	35	36	37	38	39	40	41	88	#
965	17.9167	35	36	37	38	39	40	41	42	88	#
966	17.9167	36	37	38	39	40	41	42	43	88	#
967	17.9167	37	38	39	40	41	42	43	44	88	#
968	17.9167	38	39	40	41	42	43	44	45	88	#
969	17.9167	39	40	41	42	43	44	45	46	88	#
970	17.9167	40	41	42	43	44	45	46	47	88	#
971	17.9167	41	42	43	44	45	46	47	48	88	#
972	17.9167	42	43	44	45	46	47	48	49	88	#
973	17.9167	43	44	45	46	47	48	49	50	88	#
974	17.9167	44	45	46	47	48	49	50	51	88	#
975	17.9167	45	46	47	48	49	50	51	52	88	#
976	17.9167	46	47	48	49	50	51	52	53	88	#
977	17.9167	47	48	49	50	51	52	53	54	88	#
978	17.9167	48	49	50	51	52	53	54	55	88	#
979	4.14955	0	1	2	3	4	89	#
980	4.14955	1	2	3	4	5	89	#
981	4.14955	2	3	4	5	6	89	#
982	4.14955	3	4	5	6	7	89	#
983	1.45234	4	5	6	7	8	89	#
984	1.45234	5	6	7	8	9	89	#
985	1.45234	6	7	8	9	10	89	#
986	1.45234	7	8	9	10	11	89	#
987	1.45234	8	9	10	11	12	89	#
988	1.45234	9	10	11	12	13	89	#
989	1.45234	10	11	12	13	14	89	#
990	1.45234	11	12	13	14	15	89	#
991	1.45234	12	13	14	15	16	89	#
992	1.45234	13	14	15	16	17	89	#
993	1.45234	14	15	16	17	18	89	#
994	1.45234	15	16	17	18	19	89	#
995	1.45234	16	17	18	19	20	89	#
996	0.518693	17	18	19	20	21	89	#
997	0.518693	18	19	20	21	22	89	#
998	0.518693	19	20	21	22	23	89	#
999	0.518693	20	21	22	23	24	89	#
1000	0.518693	21	22	23	24	25	89	#
1001	0.518693	22	23	24	25	26	89	#
1002	0.518693	23	24	25	26	27	89	#
1003	0.518693	24	25	26	27	28	89	#
1004	0.518693	25	26	27	28	29	89	#
1005	0.518693	26	27	28	29	30	89	#
1006	0.518693	27	28	29	30	31	89	#
1007	0.518693	28	29	30	31	32	89	#
1008	0.518693	29	30	31	32	33	89	#
1009	0.518693	30	31	32	33	34	89	#
1010	0.518693	31	32	33	34	35	89	#
1011	0.518693	32	33	34	35	36	89	#
1012	0.518693	33	34	35	36	37	89	#
1013	0.518693	34	35	36	37	38	89	#
1014	0.518693	35	36	37	38	39	89	#
1015	0.518693	36	37	38	39	40	89	#
1016	0.518693	37	38	39	40	41	89	#
1017	0.518693	38	39	40	41	42	89	#
1018	0.518693	39	40	41	42	43	89	#
1019	0.518693	40	41	42	43	44	89	#
1020	0.518693	41	42	43	44	45	89	#
1021	0.518693	42	43	44	45	46	89	#
1022	0.518693	43	44	45	46	47	89	#
1023	0.518693	44	45	46	47	48	89	#
1024	0.518693	45	46	47	48	49	89	#
1025	0.518693	46	47	48	49	50	89	#
1026	0.518693	47	48	49	50	51	89	#
1027	0.518693	48	49	50	51	52	89	#
1028	0.518693	49	50	51	52	53	89	#
1029	0.518693	50	51	52	53	54	89	#
1030	0.518693	51	52	53	54	55	89	#
1031	0.518693	52	53	54	55	56	89	#
