%% File generated by CATS v.2.1Wed Jun 22 10:37:56 2022

%% The CATS webpage is http://robotics.stanford.edu/CATS

%% PARAMETER SETTINGS:
% Goods: 64; Bids: 1000; Distribution: scheduling; Runs: 1; Seed: 1656573117
% Scheduling Distribution Parameters:
% max_length                = 10
% deviation                 = 0.500000
% prob_additional_deadline  = 0.700000
% additivity                = 0.200000



goods 64
bids 1034
dummy 23

0	9.02489	0	1	2	3	4	5	6	64	#
1	9.02489	1	2	3	4	5	6	7	64	#
2	9.02489	2	3	4	5	6	7	8	64	#
3	9.02489	3	4	5	6	7	8	9	64	#
4	9.02489	4	5	6	7	8	9	10	64	#
5	9.02489	5	6	7	8	9	10	11	64	#
6	9.02489	6	7	8	9	10	11	12	64	#
7	9.02489	7	8	9	10	11	12	13	64	#
8	9.02489	8	9	10	11	12	13	14	64	#
9	9.02489	9	10	11	12	13	14	15	64	#
10	9.02489	10	11	12	13	14	15	16	64	#
11	9.02489	11	12	13	14	15	16	17	64	#
12	9.02489	12	13	14	15	16	17	18	64	#
13	9.02489	13	14	15	16	17	18	19	64	#
14	9.02489	14	15	16	17	18	19	20	64	#
15	9.02489	15	16	17	18	19	20	21	64	#
16	9.02489	16	17	18	19	20	21	22	64	#
17	9.02489	17	18	19	20	21	22	23	64	#
18	9.02489	18	19	20	21	22	23	24	64	#
19	9.02489	19	20	21	22	23	24	25	64	#
20	3.41802	0	1	2	3	65	#
21	3.41802	1	2	3	4	65	#
22	3.41802	2	3	4	5	65	#
23	3.41802	3	4	5	6	65	#
24	3.41802	4	5	6	7	65	#
25	3.41802	5	6	7	8	65	#
26	3.41802	6	7	8	9	65	#
27	3.41802	7	8	9	10	65	#
28	3.41802	8	9	10	11	65	#
29	3.41802	9	10	11	12	65	#
30	3.41802	10	11	12	13	65	#
31	3.41802	11	12	13	14	65	#
32	3.41802	12	13	14	15	65	#
33	3.41802	13	14	15	16	65	#
34	3.41802	14	15	16	17	65	#
35	3.41802	15	16	17	18	65	#
36	3.41802	16	17	18	19	65	#
37	3.41802	17	18	19	20	65	#
38	3.41802	18	19	20	21	65	#
39	3.41802	19	20	21	22	65	#
40	3.41802	20	21	22	23	65	#
41	3.41802	21	22	23	24	65	#
42	3.2813	22	23	24	25	65	#
43	1.95316	23	24	25	26	65	#
44	1.95316	24	25	26	27	65	#
45	1.95316	25	26	27	28	65	#
46	1.95316	26	27	28	29	65	#
47	1.95316	27	28	29	30	65	#
48	1.95316	28	29	30	31	65	#
49	1.95316	29	30	31	32	65	#
50	1.95316	30	31	32	33	65	#
51	1.95316	31	32	33	34	65	#
52	1.95316	32	33	34	35	65	#
53	1.95316	33	34	35	36	65	#
54	1.95316	34	35	36	37	65	#
55	1.95316	35	36	37	38	65	#
56	1.95316	36	37	38	39	65	#
57	1.95316	37	38	39	40	65	#
58	1.95316	38	39	40	41	65	#
59	1.95316	39	40	41	42	65	#
60	6.73057	0	1	2	3	4	66	#
61	0.673057	1	2	3	4	5	66	#
62	0.673057	2	3	4	5	6	66	#
63	0.673057	3	4	5	6	7	66	#
64	0.673057	4	5	6	7	8	66	#
65	0.673057	5	6	7	8	9	66	#
66	0.673057	6	7	8	9	10	66	#
67	0.673057	7	8	9	10	11	66	#
68	0.673057	8	9	10	11	12	66	#
69	0.673057	9	10	11	12	13	66	#
70	0.673057	10	11	12	13	14	66	#
71	0.673057	11	12	13	14	15	66	#
72	0.673057	12	13	14	15	16	66	#
73	0.673057	13	14	15	16	17	66	#
74	0.673057	14	15	16	17	18	66	#
75	0.673057	15	16	17	18	19	66	#
76	0.673057	16	17	18	19	20	66	#
77	0.673057	17	18	19	20	21	66	#
78	0.673057	18	19	20	21	22	66	#
79	0.673057	19	20	21	22	23	66	#
80	0.673057	20	21	22	23	24	66	#
81	0.673057	21	22	23	24	25	66	#
82	0.673057	22	23	24	25	26	66	#
83	0.673057	23	24	25	26	27	66	#
84	0.673057	24	25	26	27	28	66	#
85	0.673057	25	26	27	28	29	66	#
86	0.673057	26	27	28	29	30	66	#
87	0.673057	27	28	29	30	31	66	#
88	0.673057	28	29	30	31	32	66	#
89	0.673057	29	30	31	32	33	66	#
90	0.673057	30	31	32	33	34	66	#
91	0.673057	31	32	33	34	35	66	#
92	0.673057	32	33	34	35	36	66	#
93	0.673057	33	34	35	36	37	66	#
94	0.673057	34	35	36	37	38	66	#
95	0.673057	35	36	37	38	39	66	#
96	0.673057	36	37	38	39	40	66	#
97	0.598273	37	38	39	40	41	66	#
98	0.598273	38	39	40	41	42	66	#
99	0.598273	39	40	41	42	43	66	#
100	0.598273	40	41	42	43	44	66	#
101	0.598273	41	42	43	44	45	66	#
102	2.11137	0	1	2	67	#
103	2.11137	1	2	3	67	#
104	2.11137	2	3	4	67	#
105	2.11137	3	4	5	67	#
106	2.11137	4	5	6	67	#
107	2.11137	5	6	7	67	#
108	2.11137	6	7	8	67	#
109	2.11137	7	8	9	67	#
110	2.11137	8	9	10	67	#
111	2.11137	9	10	11	67	#
112	2.11137	10	11	12	67	#
113	2.11137	11	12	13	67	#
114	0.449965	12	13	14	67	#
115	0.449965	13	14	15	67	#
116	0.449965	14	15	16	67	#
117	0.449965	15	16	17	67	#
118	0.449965	16	17	18	67	#
119	0.449965	17	18	19	67	#
120	0.449965	18	19	20	67	#
121	0.449965	19	20	21	67	#
122	0.449965	20	21	22	67	#
123	0.449965	21	22	23	67	#
124	0.449965	22	23	24	67	#
125	0.449965	23	24	25	67	#
126	0.449965	24	25	26	67	#
127	0.449965	25	26	27	67	#
128	0.449965	26	27	28	67	#
129	0.449965	27	28	29	67	#
130	0.449965	28	29	30	67	#
131	0.449965	29	30	31	67	#
132	0.449965	30	31	32	67	#
133	0.449965	31	32	33	67	#
134	0.449965	32	33	34	67	#
135	0.449965	33	34	35	67	#
136	0.449965	34	35	36	67	#
137	0.449965	35	36	37	67	#
138	0.449965	36	37	38	67	#
139	0.449965	37	38	39	67	#
140	0.449965	38	39	40	67	#
141	0.449965	39	40	41	67	#
142	0.449965	40	41	42	67	#
143	0.449965	41	42	43	67	#
144	0.449965	42	43	44	67	#
145	0.449965	43	44	45	67	#
146	0.449965	44	45	46	67	#
147	0.449965	45	46	47	67	#
148	0.449965	46	47	48	67	#
149	0.449965	47	48	49	67	#
150	0.449965	48	49	50	67	#
151	0.449965	49	50	51	67	#
152	0.449965	50	51	52	67	#
153	0.449965	51	52	53	67	#
154	0.449965	52	53	54	67	#
155	0.449965	53	54	55	67	#
156	0.449965	54	55	56	67	#
157	0.449965	55	56	57	67	#
158	0.449965	56	57	58	67	#
159	0.449965	57	58	59	67	#
160	0.449965	58	59	60	67	#
161	0.449965	59	60	61	67	#
162	0.43568	60	61	62	67	#
163	0.43568	61	62	63	67	#
164	16.7301	0	1	2	3	4	5	6	7	68	#
165	16.7301	1	2	3	4	5	6	7	8	68	#
166	16.7301	2	3	4	5	6	7	8	9	68	#
167	16.7301	3	4	5	6	7	8	9	10	68	#
168	16.7301	4	5	6	7	8	9	10	11	68	#
169	16.7301	5	6	7	8	9	10	11	12	68	#
170	16.7301	6	7	8	9	10	11	12	13	68	#
171	16.7301	7	8	9	10	11	12	13	14	68	#
172	16.7301	8	9	10	11	12	13	14	15	68	#
173	16.7301	9	10	11	12	13	14	15	16	68	#
174	16.7301	10	11	12	13	14	15	16	17	68	#
175	16.7301	11	12	13	14	15	16	17	18	68	#
176	16.7301	12	13	14	15	16	17	18	19	68	#
177	16.7301	13	14	15	16	17	18	19	20	68	#
178	16.7301	14	15	16	17	18	19	20	21	68	#
179	16.7301	15	16	17	18	19	20	21	22	68	#
180	16.7301	16	17	18	19	20	21	22	23	68	#
181	16.7301	17	18	19	20	21	22	23	24	68	#
182	16.7301	18	19	20	21	22	23	24	25	68	#
183	16.7301	19	20	21	22	23	24	25	26	68	#
184	16.7301	20	21	22	23	24	25	26	27	68	#
185	16.7301	21	22	23	24	25	26	27	28	68	#
186	16.7301	22	23	24	25	26	27	28	29	68	#
187	16.7301	23	24	25	26	27	28	29	30	68	#
188	16.7301	24	25	26	27	28	29	30	31	68	#
189	16.7301	25	26	27	28	29	30	31	32	68	#
190	16.7301	26	27	28	29	30	31	32	33	68	#
191	16.7301	27	28	29	30	31	32	33	34	68	#
192	16.7301	28	29	30	31	32	33	34	35	68	#
193	16.7301	29	30	31	32	33	34	35	36	68	#
194	16.7301	30	31	32	33	34	35	36	37	68	#
195	16.7301	31	32	33	34	35	36	37	38	68	#
196	16.7301	32	33	34	35	36	37	38	39	68	#
197	16.7301	33	34	35	36	37	38	39	40	68	#
198	16.7301	34	35	36	37	38	39	40	41	68	#
199	16.7301	35	36	37	38	39	40	41	42	68	#
200	16.7301	36	37	38	39	40	41	42	43	68	#
201	16.7301	37	38	39	40	41	42	43	44	68	#
202	16.7301	38	39	40	41	42	43	44	45	68	#
203	16.7301	39	40	41	42	43	44	45	46	68	#
204	17.4958	0	1	2	3	4	5	6	7	69	#
205	17.4958	1	2	3	4	5	6	7	8	69	#
206	17.4958	2	3	4	5	6	7	8	9	69	#
207	17.4958	3	4	5	6	7	8	9	10	69	#
208	17.4958	4	5	6	7	8	9	10	11	69	#
209	17.4958	5	6	7	8	9	10	11	12	69	#
210	17.4958	6	7	8	9	10	11	12	13	69	#
211	17.4958	7	8	9	10	11	12	13	14	69	#
212	17.4958	8	9	10	11	12	13	14	15	69	#
213	17.4958	9	10	11	12	13	14	15	16	69	#
214	17.4958	10	11	12	13	14	15	16	17	69	#
215	17.4958	11	12	13	14	15	16	17	18	69	#
216	17.4958	12	13	14	15	16	17	18	19	69	#
217	17.4958	13	14	15	16	17	18	19	20	69	#
218	17.4958	14	15	16	17	18	19	20	21	69	#
219	17.4958	15	16	17	18	19	20	21	22	69	#
220	17.4958	16	17	18	19	20	21	22	23	69	#
221	17.4958	17	18	19	20	21	22	23	24	69	#
222	17.4958	18	19	20	21	22	23	24	25	69	#
223	17.4958	19	20	21	22	23	24	25	26	69	#
224	17.4958	20	21	22	23	24	25	26	27	69	#
225	17.4958	21	22	23	24	25	26	27	28	69	#
226	17.4958	22	23	24	25	26	27	28	29	69	#
227	17.4958	23	24	25	26	27	28	29	30	69	#
228	17.4958	24	25	26	27	28	29	30	31	69	#
229	14.6586	25	26	27	28	29	30	31	32	69	#
230	14.6586	26	27	28	29	30	31	32	33	69	#
231	14.6586	27	28	29	30	31	32	33	34	69	#
232	14.6586	28	29	30	31	32	33	34	35	69	#
233	14.6586	29	30	31	32	33	34	35	36	69	#
234	14.6586	30	31	32	33	34	35	36	37	69	#
235	12.3266	31	32	33	34	35	36	37	38	69	#
236	12.3266	32	33	34	35	36	37	38	39	69	#
237	12.3266	33	34	35	36	37	38	39	40	69	#
238	12.3266	34	35	36	37	38	39	40	41	69	#
239	12.3266	35	36	37	38	39	40	41	42	69	#
240	12.3266	36	37	38	39	40	41	42	43	69	#
241	12.3266	37	38	39	40	41	42	43	44	69	#
242	10.4302	38	39	40	41	42	43	44	45	69	#
243	10.4302	39	40	41	42	43	44	45	46	69	#
244	10.4302	40	41	42	43	44	45	46	47	69	#
245	10.4302	41	42	43	44	45	46	47	48	69	#
246	10.4302	42	43	44	45	46	47	48	49	69	#
247	10.4302	43	44	45	46	47	48	49	50	69	#
248	10.4302	44	45	46	47	48	49	50	51	69	#
249	10.4302	45	46	47	48	49	50	51	52	69	#
250	9.19268	46	47	48	49	50	51	52	53	69	#
251	9.19268	47	48	49	50	51	52	53	54	69	#
252	9.19268	48	49	50	51	52	53	54	55	69	#
253	9.19268	49	50	51	52	53	54	55	56	69	#
254	9.19268	50	51	52	53	54	55	56	57	69	#
255	9.19268	51	52	53	54	55	56	57	58	69	#
256	9.19268	52	53	54	55	56	57	58	59	69	#
257	8.89128	53	54	55	56	57	58	59	60	69	#
258	8.89128	54	55	56	57	58	59	60	61	69	#
259	5.01623	0	1	2	3	70	#
260	5.01623	1	2	3	4	70	#
261	5.01623	2	3	4	5	70	#
262	5.01623	3	4	5	6	70	#
263	5.01623	4	5	6	7	70	#
264	5.01623	5	6	7	8	70	#
265	5.01623	6	7	8	9	70	#
266	5.01623	7	8	9	10	70	#
267	5.01623	8	9	10	11	70	#
268	5.01623	9	10	11	12	70	#
269	5.01623	10	11	12	13	70	#
270	5.01623	11	12	13	14	70	#
271	5.01623	12	13	14	15	70	#
272	5.01623	13	14	15	16	70	#
273	5.01623	14	15	16	17	70	#
274	5.01623	15	16	17	18	70	#
275	5.01623	16	17	18	19	70	#
276	5.01623	17	18	19	20	70	#
277	5.01623	18	19	20	21	70	#
278	5.01623	19	20	21	22	70	#
279	5.01623	20	21	22	23	70	#
280	5.01623	21	22	23	24	70	#
281	5.01623	22	23	24	25	70	#
282	5.01623	23	24	25	26	70	#
283	5.01623	24	25	26	27	70	#
284	5.01623	25	26	27	28	70	#
285	5.01623	26	27	28	29	70	#
286	5.01623	27	28	29	30	70	#
287	5.01623	28	29	30	31	70	#
288	5.01623	29	30	31	32	70	#
289	5.01623	30	31	32	33	70	#
290	5.01623	31	32	33	34	70	#
291	5.01623	32	33	34	35	70	#
292	5.01623	33	34	35	36	70	#
293	5.01623	34	35	36	37	70	#
294	5.01623	35	36	37	38	70	#
295	5.01623	36	37	38	39	70	#
296	5.01623	37	38	39	40	70	#
297	5.01623	38	39	40	41	70	#
298	5.01623	39	40	41	42	70	#
299	5.01623	40	41	42	43	70	#
300	5.01623	41	42	43	44	70	#
301	3.5034	42	43	44	45	70	#
302	3.5034	43	44	45	46	70	#
303	3.5034	44	45	46	47	70	#
304	3.5034	45	46	47	48	70	#
305	3.5034	46	47	48	49	70	#
306	3.5034	47	48	49	50	70	#
307	3.5034	48	49	50	51	70	#
308	3.5034	49	50	51	52	70	#
309	3.5034	50	51	52	53	70	#
310	3.5034	51	52	53	54	70	#
311	3.5034	52	53	54	55	70	#
312	3.5034	53	54	55	56	70	#
313	3.5034	54	55	56	57	70	#
314	3.5034	55	56	57	58	70	#
315	3.5034	56	57	58	59	70	#
316	3.5034	57	58	59	60	70	#
317	3.5034	58	59	60	61	70	#
318	3.5034	59	60	61	62	70	#
319	3.5034	60	61	62	63	70	#
320	1.46051	0	71	#
321	1.46051	1	71	#
322	1.46051	2	71	#
323	1.46051	3	71	#
324	1.46051	4	71	#
325	1.46051	5	71	#
326	1.46051	6	71	#
327	1.46051	7	71	#
328	1.46051	8	71	#
329	1.46051	9	71	#
330	1.46051	10	71	#
331	1.46051	11	71	#
332	1.46051	12	71	#
333	1.46051	13	71	#
334	1.46051	14	71	#
335	1.46051	15	71	#
336	1.46051	16	71	#
337	1.46051	17	71	#
338	1.46051	18	71	#
339	1.46051	19	71	#
340	1.46051	20	71	#
341	1.46051	21	71	#
342	1.46051	22	71	#
343	1.46051	23	71	#
344	1.46051	24	71	#
345	1.46051	25	71	#
346	1.46051	26	71	#
347	1.46051	27	71	#
348	1.46051	28	71	#
349	1.46051	29	71	#
350	1.46051	30	71	#
351	1.46051	31	71	#
352	1.46051	32	71	#
353	1.46051	33	71	#
354	1.46051	34	71	#
355	1.46051	35	71	#
356	1.46051	36	71	#
357	1.46051	37	71	#
358	1.46051	38	71	#
359	1.46051	39	71	#
360	1.46051	40	71	#
361	1.46051	41	71	#
362	1.46051	42	71	#
363	1.46051	43	71	#
364	1.46051	44	71	#
365	1.46051	45	71	#
366	1.46051	46	71	#
367	1.46051	47	71	#
368	1.46051	48	71	#
369	1.2299	49	71	#
370	1.2299	50	71	#
371	1.2299	51	71	#
372	1.2299	52	71	#
373	1.2299	53	71	#
374	1.2299	54	71	#
375	1.2299	55	71	#
376	1.2299	56	71	#
377	1.2299	57	71	#
378	1.20869	58	71	#
379	1.18821	59	71	#
380	7.66189	0	1	2	3	4	72	#
381	7.66189	1	2	3	4	5	72	#
382	7.66189	2	3	4	5	6	72	#
383	7.66189	3	4	5	6	7	72	#
384	7.66189	4	5	6	7	8	72	#
385	7.66189	5	6	7	8	9	72	#
386	7.66189	6	7	8	9	10	72	#
387	7.66189	7	8	9	10	11	72	#
388	7.66189	8	9	10	11	12	72	#
389	7.66189	9	10	11	12	13	72	#
390	7.66189	10	11	12	13	14	72	#
391	7.66189	11	12	13	14	15	72	#
392	7.66189	12	13	14	15	16	72	#
393	7.66189	13	14	15	16	17	72	#
394	7.66189	14	15	16	17	18	72	#
395	7.66189	15	16	17	18	19	72	#
396	7.66189	16	17	18	19	20	72	#
397	7.66189	17	18	19	20	21	72	#
398	7.66189	18	19	20	21	22	72	#
399	7.66189	19	20	21	22	23	72	#
400	7.66189	20	21	22	23	24	72	#
401	7.66189	21	22	23	24	25	72	#
402	7.66189	22	23	24	25	26	72	#
403	7.66189	23	24	25	26	27	72	#
404	7.66189	24	25	26	27	28	72	#
405	11.5676	0	1	2	3	4	5	6	7	8	73	#
406	11.5676	1	2	3	4	5	6	7	8	9	73	#
407	11.5676	2	3	4	5	6	7	8	9	10	73	#
408	11.5676	3	4	5	6	7	8	9	10	11	73	#
409	11.5676	4	5	6	7	8	9	10	11	12	73	#
410	11.5676	5	6	7	8	9	10	11	12	13	73	#
411	11.5676	6	7	8	9	10	11	12	13	14	73	#
412	11.5676	7	8	9	10	11	12	13	14	15	73	#
413	11.5676	8	9	10	11	12	13	14	15	16	73	#
414	11.5676	9	10	11	12	13	14	15	16	17	73	#
415	11.5676	10	11	12	13	14	15	16	17	18	73	#
416	11.5676	11	12	13	14	15	16	17	18	19	73	#
417	11.5676	12	13	14	15	16	17	18	19	20	73	#
418	11.5676	13	14	15	16	17	18	19	20	21	73	#
419	11.5676	14	15	16	17	18	19	20	21	22	73	#
420	11.5676	15	16	17	18	19	20	21	22	23	73	#
421	11.5676	16	17	18	19	20	21	22	23	24	73	#
422	11.5676	17	18	19	20	21	22	23	24	25	73	#
423	11.5676	18	19	20	21	22	23	24	25	26	73	#
424	11.5676	19	20	21	22	23	24	25	26	27	73	#
425	11.5676	20	21	22	23	24	25	26	27	28	73	#
426	11.5676	21	22	23	24	25	26	27	28	29	73	#
427	11.5676	22	23	24	25	26	27	28	29	30	73	#
428	11.5676	23	24	25	26	27	28	29	30	31	73	#
429	11.5676	24	25	26	27	28	29	30	31	32	73	#
430	11.5676	25	26	27	28	29	30	31	32	33	73	#
431	11.5676	26	27	28	29	30	31	32	33	34	73	#
432	11.5676	27	28	29	30	31	32	33	34	35	73	#
433	11.5676	28	29	30	31	32	33	34	35	36	73	#
434	11.5676	29	30	31	32	33	34	35	36	37	73	#
435	11.5676	30	31	32	33	34	35	36	37	38	73	#
436	11.5676	31	32	33	34	35	36	37	38	39	73	#
437	11.5676	32	33	34	35	36	37	38	39	40	73	#
438	11.5676	33	34	35	36	37	38	39	40	41	73	#
439	11.5676	34	35	36	37	38	39	40	41	42	73	#
440	11.5676	35	36	37	38	39	40	41	42	43	73	#
441	11.5676	36	37	38	39	40	41	42	43	44	73	#
442	11.5676	37	38	39	40	41	42	43	44	45	73	#
443	11.5676	38	39	40	41	42	43	44	45	46	73	#
444	11.5676	39	40	41	42	43	44	45	46	47	73	#
445	11.5676	40	41	42	43	44	45	46	47	48	73	#
446	11.5676	41	42	43	44	45	46	47	48	49	73	#
447	11.5676	42	43	44	45	46	47	48	49	50	73	#
448	11.5676	43	44	45	46	47	48	49	50	51	73	#
449	11.5676	44	45	46	47	48	49	50	51	52	73	#
450	11.5676	45	46	47	48	49	50	51	52	53	73	#
451	11.5676	46	47	48	49	50	51	52	53	54	73	#
452	11.5676	47	48	49	50	51	52	53	54	55	73	#
453	10.7833	48	49	50	51	52	53	54	55	56	73	#
454	10.7833	49	50	51	52	53	54	55	56	57	73	#
455	10.7833	50	51	52	53	54	55	56	57	58	73	#
456	10.7833	51	52	53	54	55	56	57	58	59	73	#
457	10.0987	52	53	54	55	56	57	58	59	60	73	#
458	10.0987	53	54	55	56	57	58	59	60	61	73	#
459	10.0987	54	55	56	57	58	59	60	61	62	73	#
460	10.0987	55	56	57	58	59	60	61	62	63	73	#
461	2.50604	0	1	74	#
462	2.50604	1	2	74	#
463	2.50604	2	3	74	#
464	2.50604	3	4	74	#
465	2.50604	4	5	74	#
466	2.50604	5	6	74	#
467	2.50604	6	7	74	#
468	2.50604	7	8	74	#
469	2.50604	8	9	74	#
470	2.50604	9	10	74	#
471	2.50604	10	11	74	#
472	2.50604	11	12	74	#
473	2.50604	12	13	74	#
474	2.50604	13	14	74	#
475	2.50604	14	15	74	#
476	2.50604	15	16	74	#
477	2.50604	16	17	74	#
478	2.50604	17	18	74	#
479	2.50604	18	19	74	#
480	2.50604	19	20	74	#
481	2.50604	20	21	74	#
482	2.50604	21	22	74	#
483	2.50604	22	23	74	#
484	2.50604	23	24	74	#
485	2.50604	24	25	74	#
486	2.50604	25	26	74	#
487	2.50604	26	27	74	#
488	2.50604	27	28	74	#
489	2.50604	28	29	74	#
490	2.50604	29	30	74	#
491	2.50604	30	31	74	#
492	2.50604	31	32	74	#
493	2.50604	32	33	74	#
494	2.50604	33	34	74	#
495	2.50604	34	35	74	#
496	2.50604	35	36	74	#
497	2.50604	36	37	74	#
498	2.50604	37	38	74	#
499	2.50604	38	39	74	#
500	2.50604	39	40	74	#
501	2.50604	40	41	74	#
502	2.50604	41	42	74	#
503	2.50604	42	43	74	#
504	2.50604	43	44	74	#
505	4.25131	0	1	2	75	#
506	4.25131	1	2	3	75	#
507	0.245268	2	3	4	75	#
508	0.245268	3	4	5	75	#
509	0.245268	4	5	6	75	#
510	0.245268	5	6	7	75	#
511	0.245268	6	7	8	75	#
512	0.245268	7	8	9	75	#
513	0.245268	8	9	10	75	#
514	0.245268	9	10	11	75	#
515	0.245268	10	11	12	75	#
516	0.245268	11	12	13	75	#
517	0.245268	12	13	14	75	#
518	0.245268	13	14	15	75	#
519	0.245268	14	15	16	75	#
520	0.245268	15	16	17	75	#
521	0.245268	16	17	18	75	#
522	0.245268	17	18	19	75	#
523	0.245268	18	19	20	75	#
524	0.245268	19	20	21	75	#
525	0.245268	20	21	22	75	#
526	0.245268	21	22	23	75	#
527	0.245268	22	23	24	75	#
528	0.245268	23	24	25	75	#
529	0.245268	24	25	26	75	#
530	0.245268	25	26	27	75	#
531	0.245268	26	27	28	75	#
532	0.245268	27	28	29	75	#
533	0.245268	28	29	30	75	#
534	0.245268	29	30	31	75	#
535	0.245268	30	31	32	75	#
536	0.245268	31	32	33	75	#
537	0.245268	32	33	34	75	#
538	0.245268	33	34	35	75	#
539	0.245268	34	35	36	75	#
540	0.245268	35	36	37	75	#
541	0.245268	36	37	38	75	#
542	0.245268	37	38	39	75	#
543	0.245268	38	39	40	75	#
544	0.245268	39	40	41	75	#
545	0.245268	40	41	42	75	#
546	0.245268	41	42	43	75	#
547	0.245268	42	43	44	75	#
548	0.245268	43	44	45	75	#
549	0.245268	44	45	46	75	#
550	0.245268	45	46	47	75	#
551	0.245268	46	47	48	75	#
552	0.245268	47	48	49	75	#
553	0.245268	48	49	50	75	#
554	0.245268	49	50	51	75	#
555	0.245268	50	51	52	75	#
556	14.946	0	1	2	3	4	5	6	7	76	#
557	14.946	1	2	3	4	5	6	7	8	76	#
558	14.946	2	3	4	5	6	7	8	9	76	#
559	14.946	3	4	5	6	7	8	9	10	76	#
560	14.946	4	5	6	7	8	9	10	11	76	#
561	14.946	5	6	7	8	9	10	11	12	76	#
562	14.946	6	7	8	9	10	11	12	13	76	#
563	14.946	7	8	9	10	11	12	13	14	76	#
564	14.946	8	9	10	11	12	13	14	15	76	#
565	14.946	9	10	11	12	13	14	15	16	76	#
566	14.946	10	11	12	13	14	15	16	17	76	#
567	14.946	11	12	13	14	15	16	17	18	76	#
568	14.946	12	13	14	15	16	17	18	19	76	#
569	14.946	13	14	15	16	17	18	19	20	76	#
570	14.946	14	15	16	17	18	19	20	21	76	#
571	14.946	15	16	17	18	19	20	21	22	76	#
572	14.946	16	17	18	19	20	21	22	23	76	#
573	14.946	17	18	19	20	21	22	23	24	76	#
574	14.946	18	19	20	21	22	23	24	25	76	#
575	14.946	19	20	21	22	23	24	25	26	76	#
576	14.946	20	21	22	23	24	25	26	27	76	#
577	14.946	21	22	23	24	25	26	27	28	76	#
578	14.946	22	23	24	25	26	27	28	29	76	#
579	14.946	23	24	25	26	27	28	29	30	76	#
580	14.946	24	25	26	27	28	29	30	31	76	#
581	14.946	25	26	27	28	29	30	31	32	76	#
582	14.946	26	27	28	29	30	31	32	33	76	#
583	14.946	27	28	29	30	31	32	33	34	76	#
584	14.946	28	29	30	31	32	33	34	35	76	#
585	14.946	29	30	31	32	33	34	35	36	76	#
586	14.946	30	31	32	33	34	35	36	37	76	#
587	14.946	31	32	33	34	35	36	37	38	76	#
588	14.946	32	33	34	35	36	37	38	39	76	#
589	14.946	33	34	35	36	37	38	39	40	76	#
590	14.946	34	35	36	37	38	39	40	41	76	#
591	14.946	35	36	37	38	39	40	41	42	76	#
592	14.946	36	37	38	39	40	41	42	43	76	#
593	14.946	37	38	39	40	41	42	43	44	76	#
594	14.946	38	39	40	41	42	43	44	45	76	#
595	14.946	39	40	41	42	43	44	45	46	76	#
596	14.946	40	41	42	43	44	45	46	47	76	#
597	14.946	41	42	43	44	45	46	47	48	76	#
598	14.946	42	43	44	45	46	47	48	49	76	#
599	14.946	43	44	45	46	47	48	49	50	76	#
600	14.946	44	45	46	47	48	49	50	51	76	#
601	14.946	45	46	47	48	49	50	51	52	76	#
602	14.946	46	47	48	49	50	51	52	53	76	#
603	14.946	47	48	49	50	51	52	53	54	76	#
604	14.946	48	49	50	51	52	53	54	55	76	#
605	14.946	49	50	51	52	53	54	55	56	76	#
606	8.34034	0	1	2	3	4	5	77	#
607	8.34034	1	2	3	4	5	6	77	#
608	8.34034	2	3	4	5	6	7	77	#
609	8.34034	3	4	5	6	7	8	77	#
610	8.34034	4	5	6	7	8	9	77	#
611	8.34034	5	6	7	8	9	10	77	#
612	8.34034	6	7	8	9	10	11	77	#
613	8.34034	7	8	9	10	11	12	77	#
614	8.34034	8	9	10	11	12	13	77	#
615	2.93039	9	10	11	12	13	14	77	#
616	2.93039	10	11	12	13	14	15	77	#
617	2.93039	11	12	13	14	15	16	77	#
618	2.93039	12	13	14	15	16	17	77	#
619	2.93039	13	14	15	16	17	18	77	#
620	2.93039	14	15	16	17	18	19	77	#
621	2.93039	15	16	17	18	19	20	77	#
622	2.93039	16	17	18	19	20	21	77	#
623	2.93039	17	18	19	20	21	22	77	#
624	2.93039	18	19	20	21	22	23	77	#
625	2.93039	19	20	21	22	23	24	77	#
626	2.93039	20	21	22	23	24	25	77	#
627	2.93039	21	22	23	24	25	26	77	#
628	2.93039	22	23	24	25	26	27	77	#
629	2.93039	23	24	25	26	27	28	77	#
630	2.93039	24	25	26	27	28	29	77	#
631	2.93039	25	26	27	28	29	30	77	#
632	2.93039	26	27	28	29	30	31	77	#
633	2.93039	27	28	29	30	31	32	77	#
634	2.93039	28	29	30	31	32	33	77	#
635	2.93039	29	30	31	32	33	34	77	#
636	2.93039	30	31	32	33	34	35	77	#
637	2.93039	31	32	33	34	35	36	77	#
638	2.93039	32	33	34	35	36	37	77	#
639	2.78011	33	34	35	36	37	38	77	#
640	2.78011	34	35	36	37	38	39	77	#
641	1.97135	35	36	37	38	39	40	77	#
642	1.97135	36	37	38	39	40	41	77	#
643	1.97135	37	38	39	40	41	42	77	#
644	1.97135	38	39	40	41	42	43	77	#
645	1.97135	39	40	41	42	43	44	77	#
646	1.97135	40	41	42	43	44	45	77	#
647	1.97135	41	42	43	44	45	46	77	#
648	1.97135	42	43	44	45	46	47	77	#
649	1.97135	43	44	45	46	47	48	77	#
650	1.97135	44	45	46	47	48	49	77	#
651	1.97135	45	46	47	48	49	50	77	#
652	1.97135	46	47	48	49	50	51	77	#
653	1.97135	47	48	49	50	51	52	77	#
654	1.97135	48	49	50	51	52	53	77	#
655	1.97135	49	50	51	52	53	54	77	#
656	1.97135	50	51	52	53	54	55	77	#
657	6.4324	0	1	2	3	4	5	6	7	78	#
658	6.4324	1	2	3	4	5	6	7	8	78	#
659	6.4324	2	3	4	5	6	7	8	9	78	#
660	6.4324	3	4	5	6	7	8	9	10	78	#
661	6.4324	4	5	6	7	8	9	10	11	78	#
662	6.4324	5	6	7	8	9	10	11	12	78	#
663	6.4324	6	7	8	9	10	11	12	13	78	#
664	6.4324	7	8	9	10	11	12	13	14	78	#
665	6.4324	8	9	10	11	12	13	14	15	78	#
666	6.4324	9	10	11	12	13	14	15	16	78	#
667	6.4324	10	11	12	13	14	15	16	17	78	#
668	6.4324	11	12	13	14	15	16	17	18	78	#
669	6.4324	12	13	14	15	16	17	18	19	78	#
670	6.4324	13	14	15	16	17	18	19	20	78	#
671	6.4324	14	15	16	17	18	19	20	21	78	#
672	6.4324	15	16	17	18	19	20	21	22	78	#
673	6.4324	16	17	18	19	20	21	22	23	78	#
674	6.4324	17	18	19	20	21	22	23	24	78	#
675	6.4324	18	19	20	21	22	23	24	25	78	#
676	6.4324	19	20	21	22	23	24	25	26	78	#
677	6.4324	20	21	22	23	24	25	26	27	78	#
678	6.4324	21	22	23	24	25	26	27	28	78	#
679	6.4324	22	23	24	25	26	27	28	29	78	#
680	6.4324	23	24	25	26	27	28	29	30	78	#
681	6.4324	24	25	26	27	28	29	30	31	78	#
682	6.4324	25	26	27	28	29	30	31	32	78	#
683	6.4324	26	27	28	29	30	31	32	33	78	#
684	6.4324	27	28	29	30	31	32	33	34	78	#
685	6.4324	28	29	30	31	32	33	34	35	78	#
686	6.4324	29	30	31	32	33	34	35	36	78	#
687	6.4324	30	31	32	33	34	35	36	37	78	#
688	6.4324	31	32	33	34	35	36	37	38	78	#
689	6.4324	32	33	34	35	36	37	38	39	78	#
690	6.4324	33	34	35	36	37	38	39	40	78	#
691	6.4324	34	35	36	37	38	39	40	41	78	#
692	6.4324	35	36	37	38	39	40	41	42	78	#
693	6.4324	36	37	38	39	40	41	42	43	78	#
694	6.4324	37	38	39	40	41	42	43	44	78	#
695	6.4324	38	39	40	41	42	43	44	45	78	#
696	6.4324	39	40	41	42	43	44	45	46	78	#
697	6.4324	40	41	42	43	44	45	46	47	78	#
698	6.4324	41	42	43	44	45	46	47	48	78	#
699	6.4324	42	43	44	45	46	47	48	49	78	#
700	6.4324	43	44	45	46	47	48	49	50	78	#
701	6.4324	44	45	46	47	48	49	50	51	78	#
702	6.4324	45	46	47	48	49	50	51	52	78	#
703	6.4324	46	47	48	49	50	51	52	53	78	#
704	6.4324	47	48	49	50	51	52	53	54	78	#
705	6.4324	48	49	50	51	52	53	54	55	78	#
706	6.4324	49	50	51	52	53	54	55	56	78	#
707	7.62193	0	1	2	3	4	5	79	#
708	7.62193	1	2	3	4	5	6	79	#
709	7.62193	2	3	4	5	6	7	79	#
710	7.62193	3	4	5	6	7	8	79	#
711	7.62193	4	5	6	7	8	9	79	#
712	7.62193	5	6	7	8	9	10	79	#
713	7.62193	6	7	8	9	10	11	79	#
714	7.62193	7	8	9	10	11	12	79	#
715	7.62193	8	9	10	11	12	13	79	#
716	7.62193	9	10	11	12	13	14	79	#
717	7.62193	10	11	12	13	14	15	79	#
718	7.62193	11	12	13	14	15	16	79	#
719	7.62193	12	13	14	15	16	17	79	#
720	7.62193	13	14	15	16	17	18	79	#
721	7.62193	14	15	16	17	18	19	79	#
722	7.62193	15	16	17	18	19	20	79	#
723	7.62193	16	17	18	19	20	21	79	#
724	7.62193	17	18	19	20	21	22	79	#
725	7.62193	18	19	20	21	22	23	79	#
726	7.62193	19	20	21	22	23	24	79	#
727	7.62193	20	21	22	23	24	25	79	#
728	7.62193	21	22	23	24	25	26	79	#
729	7.62193	22	23	24	25	26	27	79	#
730	7.62193	23	24	25	26	27	28	79	#
731	7.62193	24	25	26	27	28	29	79	#
732	7.62193	25	26	27	28	29	30	79	#
733	7.62193	26	27	28	29	30	31	79	#
734	7.62193	27	28	29	30	31	32	79	#
735	7.62193	28	29	30	31	32	33	79	#
736	7.62193	29	30	31	32	33	34	79	#
737	7.62193	30	31	32	33	34	35	79	#
738	7.62193	31	32	33	34	35	36	79	#
739	7.62193	32	33	34	35	36	37	79	#
740	7.62193	33	34	35	36	37	38	79	#
741	7.62193	34	35	36	37	38	39	79	#
742	7.62193	35	36	37	38	39	40	79	#
743	7.62193	36	37	38	39	40	41	79	#
744	5.89621	37	38	39	40	41	42	79	#
745	5.89621	38	39	40	41	42	43	79	#
746	5.89621	39	40	41	42	43	44	79	#
747	5.89621	40	41	42	43	44	45	79	#
748	5.89621	41	42	43	44	45	46	79	#
749	5.89621	42	43	44	45	46	47	79	#
750	5.89621	43	44	45	46	47	48	79	#
751	5.89621	44	45	46	47	48	49	79	#
752	5.89621	45	46	47	48	49	50	79	#
753	5.89621	46	47	48	49	50	51	79	#
754	5.89621	47	48	49	50	51	52	79	#
755	5.89621	48	49	50	51	52	53	79	#
756	5.48244	49	50	51	52	53	54	79	#
757	5.48244	50	51	52	53	54	55	79	#
758	5.48244	51	52	53	54	55	56	79	#
759	5.48244	52	53	54	55	56	57	79	#
760	5.12293	53	54	55	56	57	58	79	#
761	5.12293	54	55	56	57	58	59	79	#
762	5.12293	55	56	57	58	59	60	79	#
763	5.12293	56	57	58	59	60	61	79	#
764	7.20988	0	1	2	3	4	5	80	#
765	7.20988	1	2	3	4	5	6	80	#
766	7.20988	2	3	4	5	6	7	80	#
767	7.20988	3	4	5	6	7	8	80	#
768	7.20988	4	5	6	7	8	9	80	#
769	4.05556	5	6	7	8	9	10	80	#
770	4.05556	6	7	8	9	10	11	80	#
771	4.05556	7	8	9	10	11	12	80	#
772	4.05556	8	9	10	11	12	13	80	#
773	4.05556	9	10	11	12	13	14	80	#
774	4.05556	10	11	12	13	14	15	80	#
775	4.05556	11	12	13	14	15	16	80	#
776	3.81699	12	13	14	15	16	17	80	#
777	8.96218	0	1	2	3	4	5	6	81	#
778	8.96218	1	2	3	4	5	6	7	81	#
779	8.96218	2	3	4	5	6	7	8	81	#
780	8.96218	3	4	5	6	7	8	9	81	#
781	8.96218	4	5	6	7	8	9	10	81	#
782	8.96218	5	6	7	8	9	10	11	81	#
783	8.96218	6	7	8	9	10	11	12	81	#
784	8.96218	7	8	9	10	11	12	13	81	#
785	8.96218	8	9	10	11	12	13	14	81	#
786	8.96218	9	10	11	12	13	14	15	81	#
787	8.96218	10	11	12	13	14	15	16	81	#
788	8.96218	11	12	13	14	15	16	17	81	#
789	8.96218	12	13	14	15	16	17	18	81	#
790	8.96218	13	14	15	16	17	18	19	81	#
791	8.96218	14	15	16	17	18	19	20	81	#
792	8.96218	15	16	17	18	19	20	21	81	#
793	8.96218	16	17	18	19	20	21	22	81	#
794	8.96218	17	18	19	20	21	22	23	81	#
795	8.96218	18	19	20	21	22	23	24	81	#
796	8.96218	19	20	21	22	23	24	25	81	#
797	8.96218	20	21	22	23	24	25	26	81	#
798	8.96218	21	22	23	24	25	26	27	81	#
799	8.96218	22	23	24	25	26	27	28	81	#
800	8.96218	23	24	25	26	27	28	29	81	#
801	8.96218	24	25	26	27	28	29	30	81	#
802	8.96218	25	26	27	28	29	30	31	81	#
803	8.96218	26	27	28	29	30	31	32	81	#
804	8.96218	27	28	29	30	31	32	33	81	#
805	8.96218	28	29	30	31	32	33	34	81	#
806	8.96218	29	30	31	32	33	34	35	81	#
807	8.96218	30	31	32	33	34	35	36	81	#
808	8.96218	31	32	33	34	35	36	37	81	#
809	8.96218	32	33	34	35	36	37	38	81	#
810	8.96218	33	34	35	36	37	38	39	81	#
811	8.96218	34	35	36	37	38	39	40	81	#
812	8.96218	35	36	37	38	39	40	41	81	#
813	8.96218	36	37	38	39	40	41	42	81	#
814	8.96218	37	38	39	40	41	42	43	81	#
815	8.96218	38	39	40	41	42	43	44	81	#
816	8.96218	39	40	41	42	43	44	45	81	#
817	8.96218	40	41	42	43	44	45	46	81	#
818	8.96218	41	42	43	44	45	46	47	81	#
819	8.96218	42	43	44	45	46	47	48	81	#
820	8.96218	43	44	45	46	47	48	49	81	#
821	8.96218	44	45	46	47	48	49	50	81	#
822	8.96218	45	46	47	48	49	50	51	81	#
823	8.96218	46	47	48	49	50	51	52	81	#
824	8.96218	47	48	49	50	51	52	53	81	#
825	8.96218	48	49	50	51	52	53	54	81	#
826	8.96218	49	50	51	52	53	54	55	81	#
827	8.96218	50	51	52	53	54	55	56	81	#
828	8.96218	51	52	53	54	55	56	57	81	#
829	8.96218	52	53	54	55	56	57	58	81	#
830	8.96218	53	54	55	56	57	58	59	81	#
831	8.96218	54	55	56	57	58	59	60	81	#
832	8.96218	55	56	57	58	59	60	61	81	#
833	8.96218	56	57	58	59	60	61	62	81	#
834	8.96218	57	58	59	60	61	62	63	81	#
835	8.03918	0	1	2	3	4	5	6	7	8	9	82	#
836	8.03918	1	2	3	4	5	6	7	8	9	10	82	#
837	8.03918	2	3	4	5	6	7	8	9	10	11	82	#
838	4.211	3	4	5	6	7	8	9	10	11	12	82	#
839	4.211	4	5	6	7	8	9	10	11	12	13	82	#
840	4.211	5	6	7	8	9	10	11	12	13	14	82	#
841	4.211	6	7	8	9	10	11	12	13	14	15	82	#
842	4.211	7	8	9	10	11	12	13	14	15	16	82	#
843	4.211	8	9	10	11	12	13	14	15	16	17	82	#
844	4.211	9	10	11	12	13	14	15	16	17	18	82	#
845	4.211	10	11	12	13	14	15	16	17	18	19	82	#
846	4.211	11	12	13	14	15	16	17	18	19	20	82	#
847	4.211	12	13	14	15	16	17	18	19	20	21	82	#
848	3.18156	0	1	2	83	#
849	3.18156	1	2	3	83	#
850	3.18156	2	3	4	83	#
851	3.18156	3	4	5	83	#
852	3.18156	4	5	6	83	#
853	3.18156	5	6	7	83	#
854	3.18156	6	7	8	83	#
855	3.18156	7	8	9	83	#
856	3.18156	8	9	10	83	#
857	3.18156	9	10	11	83	#
858	3.18156	10	11	12	83	#
859	3.18156	11	12	13	83	#
860	3.18156	12	13	14	83	#
861	3.18156	13	14	15	83	#
862	3.18156	14	15	16	83	#
863	3.18156	15	16	17	83	#
864	3.18156	16	17	18	83	#
865	3.18156	17	18	19	83	#
866	3.18156	18	19	20	83	#
867	3.18156	19	20	21	83	#
868	3.18156	20	21	22	83	#
869	3.18156	21	22	23	83	#
870	3.18156	22	23	24	83	#
871	3.18156	23	24	25	83	#
872	3.18156	24	25	26	83	#
873	3.18156	25	26	27	83	#
874	3.18156	26	27	28	83	#
875	3.18156	27	28	29	83	#
876	3.18156	28	29	30	83	#
877	3.18156	29	30	31	83	#
878	3.18156	30	31	32	83	#
879	3.18156	31	32	33	83	#
880	3.18156	32	33	34	83	#
881	3.18156	33	34	35	83	#
882	3.18156	34	35	36	83	#
883	3.18156	35	36	37	83	#
884	3.18156	36	37	38	83	#
885	3.18156	37	38	39	83	#
886	3.18156	38	39	40	83	#
887	2.15699	39	40	41	83	#
888	2.15699	40	41	42	83	#
889	2.15699	41	42	43	83	#
890	2.15699	42	43	44	83	#
891	2.15699	43	44	45	83	#
892	2.15699	44	45	46	83	#
893	2.15699	45	46	47	83	#
894	2.15699	46	47	48	83	#
895	2.15699	47	48	49	83	#
896	2.15699	48	49	50	83	#
897	2.15699	49	50	51	83	#
898	2.15699	50	51	52	83	#
899	2.15699	51	52	53	83	#
900	2.15699	52	53	54	83	#
901	2.15699	53	54	55	83	#
902	2.15699	54	55	56	83	#
903	2.15699	55	56	57	83	#
904	2.15699	56	57	58	83	#
905	2.15699	57	58	59	83	#
906	2.05262	58	59	60	83	#
907	2.05262	59	60	61	83	#
908	2.05262	60	61	62	83	#
909	2.02004	61	62	63	83	#
910	3.28102	0	1	84	#
911	3.28102	1	2	84	#
912	3.28102	2	3	84	#
913	3.28102	3	4	84	#
914	3.28102	4	5	84	#
915	3.28102	5	6	84	#
916	3.28102	6	7	84	#
917	3.28102	7	8	84	#
918	3.28102	8	9	84	#
919	3.28102	9	10	84	#
920	3.28102	10	11	84	#
921	3.28102	11	12	84	#
922	3.28102	12	13	84	#
923	3.28102	13	14	84	#
924	3.28102	14	15	84	#
925	3.28102	15	16	84	#
926	3.28102	16	17	84	#
927	3.28102	17	18	84	#
928	3.28102	18	19	84	#
929	1.59845	19	20	84	#
930	1.59845	20	21	84	#
931	1.59845	21	22	84	#
932	1.59845	22	23	84	#
933	1.59845	23	24	84	#
934	1.59845	24	25	84	#
935	1.59845	25	26	84	#
936	1.59845	26	27	84	#
937	1.59845	27	28	84	#
938	1.59845	28	29	84	#
939	1.59845	29	30	84	#
940	1.59845	30	31	84	#
941	1.59845	31	32	84	#
942	1.59845	32	33	84	#
943	1.59845	33	34	84	#
944	1.59845	34	35	84	#
945	1.59845	35	36	84	#
946	1.59845	36	37	84	#
947	1.59845	37	38	84	#
948	1.59845	38	39	84	#
949	1.3552	39	40	84	#
950	1.3552	40	41	84	#
951	1.3552	41	42	84	#
952	1.3552	42	43	84	#
953	1.3552	43	44	84	#
954	1.3552	44	45	84	#
955	1.3552	45	46	84	#
956	1.29874	46	47	84	#
957	1.29874	47	48	84	#
958	1.15443	48	49	84	#
959	1.15443	49	50	84	#
960	1.15443	50	51	84	#
961	1.15443	51	52	84	#
962	1.15443	52	53	84	#
963	1.15443	53	54	84	#
964	1.1132	54	55	84	#
965	1.1132	55	56	84	#
966	1.0566	56	57	84	#
967	1.0566	57	58	84	#
968	1.0566	58	59	84	#
969	1.00547	59	60	84	#
970	1.00547	60	61	84	#
971	1.00547	61	62	84	#
972	9.71613	0	1	2	3	4	5	6	85	#
973	9.71613	1	2	3	4	5	6	7	85	#
974	9.71613	2	3	4	5	6	7	8	85	#
975	9.71613	3	4	5	6	7	8	9	85	#
976	9.71613	4	5	6	7	8	9	10	85	#
977	7.48408	0	1	2	3	4	5	6	7	86	#
978	7.48408	1	2	3	4	5	6	7	8	86	#
979	7.48408	2	3	4	5	6	7	8	9	86	#
980	7.48408	3	4	5	6	7	8	9	10	86	#
981	7.48408	4	5	6	7	8	9	10	11	86	#
982	7.48408	5	6	7	8	9	10	11	12	86	#
983	7.48408	6	7	8	9	10	11	12	13	86	#
984	7.48408	7	8	9	10	11	12	13	14	86	#
985	7.48408	8	9	10	11	12	13	14	15	86	#
986	7.48408	9	10	11	12	13	14	15	16	86	#
987	7.48408	10	11	12	13	14	15	16	17	86	#
988	7.48408	11	12	13	14	15	16	17	18	86	#
989	7.48408	12	13	14	15	16	17	18	19	86	#
990	7.48408	13	14	15	16	17	18	19	20	86	#
991	7.48408	14	15	16	17	18	19	20	21	86	#
992	7.48408	15	16	17	18	19	20	21	22	86	#
993	7.48408	16	17	18	19	20	21	22	23	86	#
994	7.48408	17	18	19	20	21	22	23	24	86	#
995	7.48408	18	19	20	21	22	23	24	25	86	#
996	7.48408	19	20	21	22	23	24	25	26	86	#
997	7.48408	20	21	22	23	24	25	26	27	86	#
998	7.48408	21	22	23	24	25	26	27	28	86	#
999	7.48408	22	23	24	25	26	27	28	29	86	#
1000	7.48408	23	24	25	26	27	28	29	30	86	#
1001	7.48408	24	25	26	27	28	29	30	31	86	#
1002	7.48408	25	26	27	28	29	30	31	32	86	#
1003	7.48408	26	27	28	29	30	31	32	33	86	#
1004	7.48408	27	28	29	30	31	32	33	34	86	#
1005	7.48408	28	29	30	31	32	33	34	35	86	#
1006	7.48408	29	30	31	32	33	34	35	36	86	#
1007	7.48408	30	31	32	33	34	35	36	37	86	#
1008	7.48408	31	32	33	34	35	36	37	38	86	#
1009	7.48408	32	33	34	35	36	37	38	39	86	#
1010	7.48408	33	34	35	36	37	38	39	40	86	#
1011	7.48408	34	35	36	37	38	39	40	41	86	#
1012	7.48408	35	36	37	38	39	40	41	42	86	#
1013	7.48408	36	37	38	39	40	41	42	43	86	#
1014	7.48408	37	38	39	40	41	42	43	44	86	#
1015	7.48408	38	39	40	41	42	43	44	45	86	#
1016	7.48408	39	40	41	42	43	44	45	46	86	#
1017	7.48408	40	41	42	43	44	45	46	47	86	#
1018	7.48408	41	42	43	44	45	46	47	48	86	#
1019	7.48408	42	43	44	45	46	47	48	49	86	#
1020	7.48408	43	44	45	46	47	48	49	50	86	#
1021	7.48408	44	45	46	47	48	49	50	51	86	#
1022	7.48408	45	46	47	48	49	50	51	52	86	#
1023	7.48408	46	47	48	49	50	51	52	53	86	#
1024	7.48408	47	48	49	50	51	52	53	54	86	#
1025	7.48408	48	49	50	51	52	53	54	55	86	#
1026	7.48408	49	50	51	52	53	54	55	56	86	#
1027	7.48408	50	51	52	53	54	55	56	57	86	#
1028	7.48408	51	52	53	54	55	56	57	58	86	#
1029	7.11601	52	53	54	55	56	57	58	59	86	#
1030	7.11601	53	54	55	56	57	58	59	60	86	#
1031	7.11601	54	55	56	57	58	59	60	61	86	#
1032	6.8901	55	56	57	58	59	60	61	62	86	#
1033	6.8901	56	57	58	59	60	61	62	63	86	#
