%% File generated by CATS v.2.1Wed Jun 22 10:37:56 2022

%% The CATS webpage is http://robotics.stanford.edu/CATS

%% PARAMETER SETTINGS:
% Goods: 64; Bids: 1000; Distribution: scheduling; Runs: 1; Seed: 1656573125
% Scheduling Distribution Parameters:
% max_length                = 10
% deviation                 = 0.500000
% prob_additional_deadline  = 0.700000
% additivity                = 0.200000



goods 64
bids 1044
dummy 22

0	10.9105	0	1	2	3	4	5	6	7	8	64	#
1	10.9105	1	2	3	4	5	6	7	8	9	64	#
2	10.9105	2	3	4	5	6	7	8	9	10	64	#
3	10.9105	3	4	5	6	7	8	9	10	11	64	#
4	10.9105	4	5	6	7	8	9	10	11	12	64	#
5	10.9105	5	6	7	8	9	10	11	12	13	64	#
6	10.9105	6	7	8	9	10	11	12	13	14	64	#
7	10.9105	7	8	9	10	11	12	13	14	15	64	#
8	10.9105	8	9	10	11	12	13	14	15	16	64	#
9	10.9105	9	10	11	12	13	14	15	16	17	64	#
10	10.9105	10	11	12	13	14	15	16	17	18	64	#
11	10.9105	11	12	13	14	15	16	17	18	19	64	#
12	10.9105	12	13	14	15	16	17	18	19	20	64	#
13	10.9105	13	14	15	16	17	18	19	20	21	64	#
14	10.9105	14	15	16	17	18	19	20	21	22	64	#
15	10.9105	15	16	17	18	19	20	21	22	23	64	#
16	4.92044	16	17	18	19	20	21	22	23	24	64	#
17	4.92044	17	18	19	20	21	22	23	24	25	64	#
18	4.92044	18	19	20	21	22	23	24	25	26	64	#
19	4.92044	19	20	21	22	23	24	25	26	27	64	#
20	4.92044	20	21	22	23	24	25	26	27	28	64	#
21	4.92044	21	22	23	24	25	26	27	28	29	64	#
22	4.92044	22	23	24	25	26	27	28	29	30	64	#
23	4.92044	23	24	25	26	27	28	29	30	31	64	#
24	4.92044	24	25	26	27	28	29	30	31	32	64	#
25	4.92044	25	26	27	28	29	30	31	32	33	64	#
26	4.92044	26	27	28	29	30	31	32	33	34	64	#
27	4.92044	27	28	29	30	31	32	33	34	35	64	#
28	4.92044	28	29	30	31	32	33	34	35	36	64	#
29	4.92044	29	30	31	32	33	34	35	36	37	64	#
30	4.92044	30	31	32	33	34	35	36	37	38	64	#
31	4.92044	31	32	33	34	35	36	37	38	39	64	#
32	4.92044	32	33	34	35	36	37	38	39	40	64	#
33	4.92044	33	34	35	36	37	38	39	40	41	64	#
34	4.92044	34	35	36	37	38	39	40	41	42	64	#
35	4.92044	35	36	37	38	39	40	41	42	43	64	#
36	4.92044	36	37	38	39	40	41	42	43	44	64	#
37	4.92044	37	38	39	40	41	42	43	44	45	64	#
38	4.92044	38	39	40	41	42	43	44	45	46	64	#
39	4.92044	39	40	41	42	43	44	45	46	47	64	#
40	4.92044	40	41	42	43	44	45	46	47	48	64	#
41	4.92044	41	42	43	44	45	46	47	48	49	64	#
42	4.92044	42	43	44	45	46	47	48	49	50	64	#
43	4.92044	43	44	45	46	47	48	49	50	51	64	#
44	4.11381	44	45	46	47	48	49	50	51	52	64	#
45	4.11381	45	46	47	48	49	50	51	52	53	64	#
46	4.11381	46	47	48	49	50	51	52	53	54	64	#
47	4.11381	47	48	49	50	51	52	53	54	55	64	#
48	4.11381	48	49	50	51	52	53	54	55	56	64	#
49	4.11381	49	50	51	52	53	54	55	56	57	64	#
50	4.11381	50	51	52	53	54	55	56	57	58	64	#
51	4.11381	51	52	53	54	55	56	57	58	59	64	#
52	4.11381	52	53	54	55	56	57	58	59	60	64	#
53	4.11381	53	54	55	56	57	58	59	60	61	64	#
54	3.98321	54	55	56	57	58	59	60	61	62	64	#
55	3.98321	55	56	57	58	59	60	61	62	63	64	#
56	5.40516	0	1	2	65	#
57	5.40516	1	2	3	65	#
58	5.40516	2	3	4	65	#
59	5.40516	3	4	5	65	#
60	5.40516	4	5	6	65	#
61	5.40516	5	6	7	65	#
62	5.40516	6	7	8	65	#
63	5.40516	7	8	9	65	#
64	5.40516	8	9	10	65	#
65	5.40516	9	10	11	65	#
66	5.40516	10	11	12	65	#
67	5.40516	11	12	13	65	#
68	5.40516	12	13	14	65	#
69	5.40516	13	14	15	65	#
70	5.40516	14	15	16	65	#
71	5.40516	15	16	17	65	#
72	5.40516	16	17	18	65	#
73	5.40516	17	18	19	65	#
74	5.40516	18	19	20	65	#
75	5.40516	19	20	21	65	#
76	5.40516	20	21	22	65	#
77	5.40516	21	22	23	65	#
78	5.40516	22	23	24	65	#
79	5.40516	23	24	25	65	#
80	5.40516	24	25	26	65	#
81	5.40516	25	26	27	65	#
82	5.40516	26	27	28	65	#
83	3.98275	27	28	29	65	#
84	3.98275	28	29	30	65	#
85	3.98275	29	30	31	65	#
86	3.98275	30	31	32	65	#
87	3.98275	31	32	33	65	#
88	3.98275	32	33	34	65	#
89	3.98275	33	34	35	65	#
90	3.98275	34	35	36	65	#
91	3.98275	35	36	37	65	#
92	3.98275	36	37	38	65	#
93	2.21617	0	1	2	66	#
94	2.21617	1	2	3	66	#
95	2.21617	2	3	4	66	#
96	2.21617	3	4	5	66	#
97	2.21617	4	5	6	66	#
98	2.21617	5	6	7	66	#
99	2.21617	6	7	8	66	#
100	2.21617	7	8	9	66	#
101	2.21617	8	9	10	66	#
102	2.21617	9	10	11	66	#
103	2.21617	10	11	12	66	#
104	2.21617	11	12	13	66	#
105	2.21617	12	13	14	66	#
106	2.21617	13	14	15	66	#
107	2.21617	14	15	16	66	#
108	2.21617	15	16	17	66	#
109	2.21617	16	17	18	66	#
110	2.21617	17	18	19	66	#
111	2.21617	18	19	20	66	#
112	2.21617	19	20	21	66	#
113	2.21617	20	21	22	66	#
114	2.21617	21	22	23	66	#
115	2.21617	22	23	24	66	#
116	2.21617	23	24	25	66	#
117	2.21617	24	25	26	66	#
118	2.21617	25	26	27	66	#
119	2.21617	26	27	28	66	#
120	2.21617	27	28	29	66	#
121	2.21617	28	29	30	66	#
122	2.21617	29	30	31	66	#
123	2.21617	30	31	32	66	#
124	2.21617	31	32	33	66	#
125	2.21617	32	33	34	66	#
126	2.21617	33	34	35	66	#
127	2.21617	34	35	36	66	#
128	2.21617	35	36	37	66	#
129	2.21617	36	37	38	66	#
130	2.21617	37	38	39	66	#
131	2.21617	38	39	40	66	#
132	2.21617	39	40	41	66	#
133	2.21617	40	41	42	66	#
134	2.21617	41	42	43	66	#
135	2.02756	42	43	44	66	#
136	2.02756	43	44	45	66	#
137	2.02756	44	45	46	66	#
138	2.02756	45	46	47	66	#
139	1.7017	46	47	48	66	#
140	1.7017	47	48	49	66	#
141	1.7017	48	49	50	66	#
142	1.7017	49	50	51	66	#
143	1.7017	50	51	52	66	#
144	1.7017	51	52	53	66	#
145	1.7017	52	53	54	66	#
146	1.7017	53	54	55	66	#
147	1.7017	54	55	56	66	#
148	1.23417	0	67	#
149	1.23417	1	67	#
150	1.23417	2	67	#
151	1.23417	3	67	#
152	1.23417	4	67	#
153	1.23417	5	67	#
154	1.23417	6	67	#
155	1.23417	7	67	#
156	1.23417	8	67	#
157	1.23417	9	67	#
158	1.23417	10	67	#
159	1.23417	11	67	#
160	1.23417	12	67	#
161	1.23417	13	67	#
162	1.23417	14	67	#
163	1.23417	15	67	#
164	1.23417	16	67	#
165	1.23417	17	67	#
166	1.23417	18	67	#
167	1.23417	19	67	#
168	1.23417	20	67	#
169	1.23417	21	67	#
170	1.23417	22	67	#
171	1.23417	23	67	#
172	1.23417	24	67	#
173	1.23417	25	67	#
174	1.23417	26	67	#
175	1.23417	27	67	#
176	1.23417	28	67	#
177	1.23417	29	67	#
178	1.23417	30	67	#
179	1.23417	31	67	#
180	1.23417	32	67	#
181	1.23417	33	67	#
182	1.23417	34	67	#
183	1.23417	35	67	#
184	1.23417	36	67	#
185	1.23417	37	67	#
186	1.23417	38	67	#
187	1.23417	39	67	#
188	1.23417	40	67	#
189	1.23417	41	67	#
190	1.23417	42	67	#
191	1.23417	43	67	#
192	1.23417	44	67	#
193	1.23417	45	67	#
194	1.23417	46	67	#
195	1.23417	47	67	#
196	0.98315	48	67	#
197	0.98315	49	67	#
198	0.98315	50	67	#
199	0.98315	51	67	#
200	0.98315	52	67	#
201	0.98315	53	67	#
202	0.98315	54	67	#
203	0.98315	55	67	#
204	0.98315	56	67	#
205	0.98315	57	67	#
206	0.98315	58	67	#
207	0.98315	59	67	#
208	0.920728	60	67	#
209	0.920728	61	67	#
210	0.920728	62	67	#
211	0.920728	63	67	#
212	0.543455	0	68	#
213	0.543455	1	68	#
214	0.543455	2	68	#
215	0.543455	3	68	#
216	0.543455	4	68	#
217	0.543455	5	68	#
218	0.543455	6	68	#
219	0.543455	7	68	#
220	0.253612	8	68	#
221	0.253612	9	68	#
222	0.253612	10	68	#
223	0.253612	11	68	#
224	0.253612	12	68	#
225	0.253612	13	68	#
226	0.253612	14	68	#
227	0.253612	15	68	#
228	0.0644777	16	68	#
229	0.0644777	17	68	#
230	0.0644777	18	68	#
231	0.0644777	19	68	#
232	0.0644777	20	68	#
233	0.0644777	21	68	#
234	0.0644777	22	68	#
235	0.0644777	23	68	#
236	0.0644777	24	68	#
237	0.0644777	25	68	#
238	0.0644777	26	68	#
239	0.0644777	27	68	#
240	0.0644777	28	68	#
241	0.0644777	29	68	#
242	0.0644777	30	68	#
243	0.0644777	31	68	#
244	0.0644777	32	68	#
245	0.0644777	33	68	#
246	0.0644777	34	68	#
247	0.0644777	35	68	#
248	0.0644777	36	68	#
249	0.0644777	37	68	#
250	0.0644777	38	68	#
251	0.0644777	39	68	#
252	0.0644777	40	68	#
253	0.0644777	41	68	#
254	0.0644777	42	68	#
255	0.0644777	43	68	#
256	0.0644777	44	68	#
257	0.0644777	45	68	#
258	0.0644777	46	68	#
259	0.0644777	47	68	#
260	0.0644777	48	68	#
261	0.0644777	49	68	#
262	0.0644777	50	68	#
263	0.0644777	51	68	#
264	0.0644777	52	68	#
265	0.0644777	53	68	#
266	0.0644777	54	68	#
267	0.0644777	55	68	#
268	0.0644777	56	68	#
269	0.0644777	57	68	#
270	0.0644777	58	68	#
271	0.0644777	59	68	#
272	0.0613579	60	68	#
273	0.0613579	61	68	#
274	0.0613579	62	68	#
275	0.0603839	63	68	#
276	1.38655	0	69	#
277	1.38655	1	69	#
278	1.38655	2	69	#
279	1.38655	3	69	#
280	1.38655	4	69	#
281	1.38655	5	69	#
282	1.38655	6	69	#
283	1.38655	7	69	#
284	1.38655	8	69	#
285	1.38655	9	69	#
286	1.38655	10	69	#
287	1.38655	11	69	#
288	1.38655	12	69	#
289	1.38655	13	69	#
290	1.38655	14	69	#
291	1.38655	15	69	#
292	1.38655	16	69	#
293	1.38655	17	69	#
294	1.38655	18	69	#
295	1.38655	19	69	#
296	1.38655	20	69	#
297	1.38655	21	69	#
298	1.38655	22	69	#
299	1.38655	23	69	#
300	1.38655	24	69	#
301	1.38655	25	69	#
302	1.38655	26	69	#
303	1.38655	27	69	#
304	3.92131	0	1	2	3	70	#
305	3.92131	1	2	3	4	70	#
306	3.92131	2	3	4	5	70	#
307	3.92131	3	4	5	6	70	#
308	3.92131	4	5	6	7	70	#
309	3.92131	5	6	7	8	70	#
310	3.92131	6	7	8	9	70	#
311	3.92131	7	8	9	10	70	#
312	3.92131	8	9	10	11	70	#
313	3.92131	9	10	11	12	70	#
314	3.92131	10	11	12	13	70	#
315	3.92131	11	12	13	14	70	#
316	3.92131	12	13	14	15	70	#
317	3.92131	13	14	15	16	70	#
318	3.92131	14	15	16	17	70	#
319	3.92131	15	16	17	18	70	#
320	3.92131	16	17	18	19	70	#
321	3.92131	17	18	19	20	70	#
322	3.92131	18	19	20	21	70	#
323	3.92131	19	20	21	22	70	#
324	3.92131	20	21	22	23	70	#
325	3.92131	21	22	23	24	70	#
326	3.92131	22	23	24	25	70	#
327	3.92131	23	24	25	26	70	#
328	3.92131	24	25	26	27	70	#
329	3.92131	25	26	27	28	70	#
330	3.92131	26	27	28	29	70	#
331	3.92131	27	28	29	30	70	#
332	3.67623	28	29	30	31	70	#
333	3.67623	29	30	31	32	70	#
334	2.21961	30	31	32	33	70	#
335	2.21961	31	32	33	34	70	#
336	2.21961	32	33	34	35	70	#
337	2.21961	33	34	35	36	70	#
338	2.21961	34	35	36	37	70	#
339	2.21961	35	36	37	38	70	#
340	2.21961	36	37	38	39	70	#
341	2.21961	37	38	39	40	70	#
342	2.21961	38	39	40	41	70	#
343	2.21961	39	40	41	42	70	#
344	2.21961	40	41	42	43	70	#
345	2.21961	41	42	43	44	70	#
346	2.21961	42	43	44	45	70	#
347	2.21961	43	44	45	46	70	#
348	2.21961	44	45	46	47	70	#
349	2.21961	45	46	47	48	70	#
350	2.21961	46	47	48	49	70	#
351	2.21961	47	48	49	50	70	#
352	2.21961	48	49	50	51	70	#
353	2.21961	49	50	51	52	70	#
354	2.21961	50	51	52	53	70	#
355	2.1007	51	52	53	54	70	#
356	2.1007	52	53	54	55	70	#
357	2.1007	53	54	55	56	70	#
358	19.136	0	1	2	3	4	5	6	7	8	9	71	#
359	19.136	1	2	3	4	5	6	7	8	9	10	71	#
360	19.136	2	3	4	5	6	7	8	9	10	11	71	#
361	19.136	3	4	5	6	7	8	9	10	11	12	71	#
362	19.136	4	5	6	7	8	9	10	11	12	13	71	#
363	19.136	5	6	7	8	9	10	11	12	13	14	71	#
364	19.136	6	7	8	9	10	11	12	13	14	15	71	#
365	19.136	7	8	9	10	11	12	13	14	15	16	71	#
366	7.4677	8	9	10	11	12	13	14	15	16	17	71	#
367	7.4677	9	10	11	12	13	14	15	16	17	18	71	#
368	7.4677	10	11	12	13	14	15	16	17	18	19	71	#
369	7.4677	11	12	13	14	15	16	17	18	19	20	71	#
370	7.4677	12	13	14	15	16	17	18	19	20	21	71	#
371	7.4677	13	14	15	16	17	18	19	20	21	22	71	#
372	7.4677	14	15	16	17	18	19	20	21	22	23	71	#
373	7.4677	15	16	17	18	19	20	21	22	23	24	71	#
374	7.4677	16	17	18	19	20	21	22	23	24	25	71	#
375	7.4677	17	18	19	20	21	22	23	24	25	26	71	#
376	7.4677	18	19	20	21	22	23	24	25	26	27	71	#
377	7.4677	19	20	21	22	23	24	25	26	27	28	71	#
378	7.4677	20	21	22	23	24	25	26	27	28	29	71	#
379	7.4677	21	22	23	24	25	26	27	28	29	30	71	#
380	7.4677	22	23	24	25	26	27	28	29	30	31	71	#
381	7.4677	23	24	25	26	27	28	29	30	31	32	71	#
382	7.4677	24	25	26	27	28	29	30	31	32	33	71	#
383	7.4677	25	26	27	28	29	30	31	32	33	34	71	#
384	7.4677	26	27	28	29	30	31	32	33	34	35	71	#
385	7.4677	27	28	29	30	31	32	33	34	35	36	71	#
386	7.4677	28	29	30	31	32	33	34	35	36	37	71	#
387	7.4677	29	30	31	32	33	34	35	36	37	38	71	#
388	7.4677	30	31	32	33	34	35	36	37	38	39	71	#
389	7.4677	31	32	33	34	35	36	37	38	39	40	71	#
390	7.4677	32	33	34	35	36	37	38	39	40	41	71	#
391	5.10293	33	34	35	36	37	38	39	40	41	42	71	#
392	5.10293	34	35	36	37	38	39	40	41	42	43	71	#
393	5.10293	35	36	37	38	39	40	41	42	43	44	71	#
394	5.10293	36	37	38	39	40	41	42	43	44	45	71	#
395	5.10293	37	38	39	40	41	42	43	44	45	46	71	#
396	5.10293	38	39	40	41	42	43	44	45	46	47	71	#
397	5.10293	39	40	41	42	43	44	45	46	47	48	71	#
398	5.10293	40	41	42	43	44	45	46	47	48	49	71	#
399	5.10293	41	42	43	44	45	46	47	48	49	50	71	#
400	5.10293	42	43	44	45	46	47	48	49	50	51	71	#
401	5.10293	43	44	45	46	47	48	49	50	51	52	71	#
402	5.10293	44	45	46	47	48	49	50	51	52	53	71	#
403	5.10293	45	46	47	48	49	50	51	52	53	54	71	#
404	5.10293	46	47	48	49	50	51	52	53	54	55	71	#
405	5.10293	47	48	49	50	51	52	53	54	55	56	71	#
406	5.10293	48	49	50	51	52	53	54	55	56	57	71	#
407	5.10293	49	50	51	52	53	54	55	56	57	58	71	#
408	5.10293	50	51	52	53	54	55	56	57	58	59	71	#
409	5.10293	51	52	53	54	55	56	57	58	59	60	71	#
410	4.93832	52	53	54	55	56	57	58	59	60	61	71	#
411	4.93832	53	54	55	56	57	58	59	60	61	62	71	#
412	11.179	0	1	2	3	4	5	6	7	8	72	#
413	11.179	1	2	3	4	5	6	7	8	9	72	#
414	11.179	2	3	4	5	6	7	8	9	10	72	#
415	15.1976	0	1	2	3	4	5	6	7	8	73	#
416	15.1976	1	2	3	4	5	6	7	8	9	73	#
417	15.1976	2	3	4	5	6	7	8	9	10	73	#
418	15.1976	3	4	5	6	7	8	9	10	11	73	#
419	7.96063	4	5	6	7	8	9	10	11	12	73	#
420	7.96063	5	6	7	8	9	10	11	12	13	73	#
421	7.96063	6	7	8	9	10	11	12	13	14	73	#
422	7.96063	7	8	9	10	11	12	13	14	15	73	#
423	7.96063	8	9	10	11	12	13	14	15	16	73	#
424	7.96063	9	10	11	12	13	14	15	16	17	73	#
425	7.96063	10	11	12	13	14	15	16	17	18	73	#
426	7.96063	11	12	13	14	15	16	17	18	19	73	#
427	7.96063	12	13	14	15	16	17	18	19	20	73	#
428	7.96063	13	14	15	16	17	18	19	20	21	73	#
429	2.10875	0	1	2	74	#
430	2.10875	1	2	3	74	#
431	2.10875	2	3	4	74	#
432	2.10875	3	4	5	74	#
433	2.10875	4	5	6	74	#
434	2.10875	5	6	7	74	#
435	2.10875	6	7	8	74	#
436	2.10875	7	8	9	74	#
437	2.10875	8	9	10	74	#
438	2.10875	9	10	11	74	#
439	2.10875	10	11	12	74	#
440	2.10875	11	12	13	74	#
441	2.10875	12	13	14	74	#
442	2.10875	13	14	15	74	#
443	2.10875	14	15	16	74	#
444	2.10875	15	16	17	74	#
445	2.10875	16	17	18	74	#
446	2.10875	17	18	19	74	#
447	2.10875	18	19	20	74	#
448	2.10875	19	20	21	74	#
449	2.10875	20	21	22	74	#
450	2.10875	21	22	23	74	#
451	2.10875	22	23	24	74	#
452	2.10875	23	24	25	74	#
453	2.10875	24	25	26	74	#
454	2.10875	25	26	27	74	#
455	2.10875	26	27	28	74	#
456	2.10875	27	28	29	74	#
457	2.10875	28	29	30	74	#
458	2.10875	29	30	31	74	#
459	2.10875	30	31	32	74	#
460	2.10875	31	32	33	74	#
461	2.10875	32	33	34	74	#
462	2.10875	33	34	35	74	#
463	2.10875	34	35	36	74	#
464	2.10875	35	36	37	74	#
465	2.10875	36	37	38	74	#
466	2.10875	37	38	39	74	#
467	2.10875	38	39	40	74	#
468	2.10875	39	40	41	74	#
469	2.10875	40	41	42	74	#
470	2.10875	41	42	43	74	#
471	2.10875	42	43	44	74	#
472	2.10875	43	44	45	74	#
473	2.10875	44	45	46	74	#
474	1.5902	45	46	47	74	#
475	1.5902	46	47	48	74	#
476	1.5902	47	48	49	74	#
477	1.5902	48	49	50	74	#
478	1.5902	49	50	51	74	#
479	1.5902	50	51	52	74	#
480	1.5902	51	52	53	74	#
481	1.5902	52	53	54	74	#
482	1.5902	53	54	55	74	#
483	1.5902	54	55	56	74	#
484	1.5902	55	56	57	74	#
485	1.5902	56	57	58	74	#
486	1.5902	57	58	59	74	#
487	1.5902	58	59	60	74	#
488	1.5902	59	60	61	74	#
489	1.56455	60	61	62	74	#
490	1.53972	61	62	63	74	#
491	4.43406	0	1	2	75	#
492	4.43406	1	2	3	75	#
493	4.43406	2	3	4	75	#
494	4.43406	3	4	5	75	#
495	4.43406	4	5	6	75	#
496	4.43406	5	6	7	75	#
497	4.43406	6	7	8	75	#
498	0.709449	7	8	9	75	#
499	0.709449	8	9	10	75	#
500	0.709449	9	10	11	75	#
501	0.709449	10	11	12	75	#
502	0.709449	11	12	13	75	#
503	0.709449	12	13	14	75	#
504	0.709449	13	14	15	75	#
505	0.709449	14	15	16	75	#
506	0.709449	15	16	17	75	#
507	0.709449	16	17	18	75	#
508	0.709449	17	18	19	75	#
509	0.709449	18	19	20	75	#
510	0.709449	19	20	21	75	#
511	0.709449	20	21	22	75	#
512	0.709449	21	22	23	75	#
513	0.709449	22	23	24	75	#
514	0.709449	23	24	25	75	#
515	0.709449	24	25	26	75	#
516	0.709449	25	26	27	75	#
517	0.709449	26	27	28	75	#
518	0.709449	27	28	29	75	#
519	0.709449	28	29	30	75	#
520	0.709449	29	30	31	75	#
521	0.709449	30	31	32	75	#
522	0.709449	31	32	33	75	#
523	0.709449	32	33	34	75	#
524	0.709449	33	34	35	75	#
525	0.709449	34	35	36	75	#
526	0.709449	35	36	37	75	#
527	0.709449	36	37	38	75	#
528	0.709449	37	38	39	75	#
529	0.709449	38	39	40	75	#
530	0.709449	39	40	41	75	#
531	0.709449	40	41	42	75	#
532	0.709449	41	42	43	75	#
533	0.709449	42	43	44	75	#
534	0.709449	43	44	45	75	#
535	0.709449	44	45	46	75	#
536	0.709449	45	46	47	75	#
537	0.709449	46	47	48	75	#
538	0.709449	47	48	49	75	#
539	0.709449	48	49	50	75	#
540	0.591208	49	50	51	75	#
541	0.591208	50	51	52	75	#
542	0.591208	51	52	53	75	#
543	0.591208	52	53	54	75	#
544	0.591208	53	54	55	75	#
545	0.591208	54	55	56	75	#
546	0.591208	55	56	57	75	#
547	0.591208	56	57	58	75	#
548	0.591208	57	58	59	75	#
549	0.591208	58	59	60	75	#
550	0.572137	59	60	61	75	#
551	0.572137	60	61	62	75	#
552	0.563055	61	62	63	75	#
553	11.4565	0	1	2	3	4	5	6	7	8	9	76	#
554	11.4565	1	2	3	4	5	6	7	8	9	10	76	#
555	11.4565	2	3	4	5	6	7	8	9	10	11	76	#
556	11.4565	3	4	5	6	7	8	9	10	11	12	76	#
557	11.4565	4	5	6	7	8	9	10	11	12	13	76	#
558	11.4565	5	6	7	8	9	10	11	12	13	14	76	#
559	11.4565	6	7	8	9	10	11	12	13	14	15	76	#
560	11.4565	7	8	9	10	11	12	13	14	15	16	76	#
561	11.4565	8	9	10	11	12	13	14	15	16	17	76	#
562	11.4565	9	10	11	12	13	14	15	16	17	18	76	#
563	11.4565	10	11	12	13	14	15	16	17	18	19	76	#
564	11.4565	11	12	13	14	15	16	17	18	19	20	76	#
565	11.4565	12	13	14	15	16	17	18	19	20	21	76	#
566	11.4565	13	14	15	16	17	18	19	20	21	22	76	#
567	11.4565	14	15	16	17	18	19	20	21	22	23	76	#
568	11.4565	15	16	17	18	19	20	21	22	23	24	76	#
569	11.4565	16	17	18	19	20	21	22	23	24	25	76	#
570	11.4565	17	18	19	20	21	22	23	24	25	26	76	#
571	11.4565	18	19	20	21	22	23	24	25	26	27	76	#
572	11.4565	19	20	21	22	23	24	25	26	27	28	76	#
573	11.4565	20	21	22	23	24	25	26	27	28	29	76	#
574	11.4565	21	22	23	24	25	26	27	28	29	30	76	#
575	11.4565	22	23	24	25	26	27	28	29	30	31	76	#
576	11.4565	23	24	25	26	27	28	29	30	31	32	76	#
577	11.4565	24	25	26	27	28	29	30	31	32	33	76	#
578	11.4565	25	26	27	28	29	30	31	32	33	34	76	#
579	11.4565	26	27	28	29	30	31	32	33	34	35	76	#
580	11.4565	27	28	29	30	31	32	33	34	35	36	76	#
581	11.4565	28	29	30	31	32	33	34	35	36	37	76	#
582	11.4565	29	30	31	32	33	34	35	36	37	38	76	#
583	11.4565	30	31	32	33	34	35	36	37	38	39	76	#
584	11.4565	31	32	33	34	35	36	37	38	39	40	76	#
585	11.4565	32	33	34	35	36	37	38	39	40	41	76	#
586	11.4565	33	34	35	36	37	38	39	40	41	42	76	#
587	11.4565	34	35	36	37	38	39	40	41	42	43	76	#
588	11.4565	35	36	37	38	39	40	41	42	43	44	76	#
589	11.4565	36	37	38	39	40	41	42	43	44	45	76	#
590	11.4565	37	38	39	40	41	42	43	44	45	46	76	#
591	11.4565	38	39	40	41	42	43	44	45	46	47	76	#
592	11.4565	39	40	41	42	43	44	45	46	47	48	76	#
593	11.4565	40	41	42	43	44	45	46	47	48	49	76	#
594	11.4565	41	42	43	44	45	46	47	48	49	50	76	#
595	11.4565	42	43	44	45	46	47	48	49	50	51	76	#
596	11.4565	43	44	45	46	47	48	49	50	51	52	76	#
597	11.4565	44	45	46	47	48	49	50	51	52	53	76	#
598	11.4565	45	46	47	48	49	50	51	52	53	54	76	#
599	11.4565	46	47	48	49	50	51	52	53	54	55	76	#
600	11.4565	47	48	49	50	51	52	53	54	55	56	76	#
601	11.4565	48	49	50	51	52	53	54	55	56	57	76	#
602	11.4565	49	50	51	52	53	54	55	56	57	58	76	#
603	10.5473	50	51	52	53	54	55	56	57	58	59	76	#
604	10.5473	51	52	53	54	55	56	57	58	59	60	76	#
605	10.5473	52	53	54	55	56	57	58	59	60	61	76	#
606	10.5473	53	54	55	56	57	58	59	60	61	62	76	#
607	10.5473	54	55	56	57	58	59	60	61	62	63	76	#
608	10.1406	0	1	2	3	4	77	#
609	10.1406	1	2	3	4	5	77	#
610	10.1406	2	3	4	5	6	77	#
611	10.1406	3	4	5	6	7	77	#
612	10.1406	4	5	6	7	8	77	#
613	10.1406	5	6	7	8	9	77	#
614	10.1406	6	7	8	9	10	77	#
615	10.1406	7	8	9	10	11	77	#
616	10.1406	8	9	10	11	12	77	#
617	10.1406	9	10	11	12	13	77	#
618	10.1406	10	11	12	13	14	77	#
619	10.1406	11	12	13	14	15	77	#
620	10.1406	12	13	14	15	16	77	#
621	10.1406	13	14	15	16	17	77	#
622	10.1406	14	15	16	17	18	77	#
623	10.1406	15	16	17	18	19	77	#
624	10.1406	16	17	18	19	20	77	#
625	10.1406	17	18	19	20	21	77	#
626	10.1406	18	19	20	21	22	77	#
627	10.1406	19	20	21	22	23	77	#
628	10.1406	20	21	22	23	24	77	#
629	10.1406	21	22	23	24	25	77	#
630	10.1406	22	23	24	25	26	77	#
631	10.1406	23	24	25	26	27	77	#
632	5.93508	0	1	2	3	4	78	#
633	5.93508	1	2	3	4	5	78	#
634	5.93508	2	3	4	5	6	78	#
635	5.93508	3	4	5	6	7	78	#
636	5.93508	4	5	6	7	8	78	#
637	5.93508	5	6	7	8	9	78	#
638	5.93508	6	7	8	9	10	78	#
639	5.93508	7	8	9	10	11	78	#
640	5.93508	8	9	10	11	12	78	#
641	5.93508	9	10	11	12	13	78	#
642	5.93508	10	11	12	13	14	78	#
643	5.93508	11	12	13	14	15	78	#
644	5.93508	12	13	14	15	16	78	#
645	5.93508	13	14	15	16	17	78	#
646	5.93508	14	15	16	17	18	78	#
647	5.93508	15	16	17	18	19	78	#
648	5.93508	16	17	18	19	20	78	#
649	5.93508	17	18	19	20	21	78	#
650	5.93508	18	19	20	21	22	78	#
651	5.93508	19	20	21	22	23	78	#
652	5.93508	20	21	22	23	24	78	#
653	5.93508	21	22	23	24	25	78	#
654	5.93508	22	23	24	25	26	78	#
655	5.93508	23	24	25	26	27	78	#
656	5.93508	24	25	26	27	28	78	#
657	5.93508	25	26	27	28	29	78	#
658	5.93508	26	27	28	29	30	78	#
659	5.93508	27	28	29	30	31	78	#
660	5.93508	28	29	30	31	32	78	#
661	5.93508	29	30	31	32	33	78	#
662	5.93508	30	31	32	33	34	78	#
663	5.93508	31	32	33	34	35	78	#
664	5.93508	32	33	34	35	36	78	#
665	5.93508	33	34	35	36	37	78	#
666	5.93508	34	35	36	37	38	78	#
667	5.93508	35	36	37	38	39	78	#
668	5.93508	36	37	38	39	40	78	#
669	5.93508	37	38	39	40	41	78	#
670	5.93508	38	39	40	41	42	78	#
671	5.93508	39	40	41	42	43	78	#
672	5.93508	40	41	42	43	44	78	#
673	5.93508	41	42	43	44	45	78	#
674	5.93508	42	43	44	45	46	78	#
675	5.93508	43	44	45	46	47	78	#
676	5.93508	44	45	46	47	48	78	#
677	5.93508	45	46	47	48	49	78	#
678	5.93508	46	47	48	49	50	78	#
679	5.93508	47	48	49	50	51	78	#
680	5.93508	48	49	50	51	52	78	#
681	5.93508	49	50	51	52	53	78	#
682	5.93508	50	51	52	53	54	78	#
683	5.93508	51	52	53	54	55	78	#
684	5.93508	52	53	54	55	56	78	#
685	5.93508	53	54	55	56	57	78	#
686	5.93508	54	55	56	57	58	78	#
687	5.93508	55	56	57	58	59	78	#
688	5.74049	56	57	58	59	60	78	#
689	5.74049	57	58	59	60	61	78	#
690	0.961505	0	79	#
691	0.961505	1	79	#
692	0.961505	2	79	#
693	0.961505	3	79	#
694	0.961505	4	79	#
695	0.961505	5	79	#
696	0.961505	6	79	#
697	0.961505	7	79	#
698	0.961505	8	79	#
699	0.961505	9	79	#
700	0.961505	10	79	#
701	0.961505	11	79	#
702	0.961505	12	79	#
703	0.961505	13	79	#
704	0.961505	14	79	#
705	0.961505	15	79	#
706	0.961505	16	79	#
707	0.961505	17	79	#
708	0.961505	18	79	#
709	0.961505	19	79	#
710	0.961505	20	79	#
711	0.961505	21	79	#
712	0.961505	22	79	#
713	0.961505	23	79	#
714	0.961505	24	79	#
715	0.961505	25	79	#
716	0.961505	26	79	#
717	0.961505	27	79	#
718	0.961505	28	79	#
719	0.961505	29	79	#
720	0.961505	30	79	#
721	0.961505	31	79	#
722	0.961505	32	79	#
723	0.961505	33	79	#
724	0.961505	34	79	#
725	0.961505	35	79	#
726	0.961505	36	79	#
727	0.961505	37	79	#
728	0.961505	38	79	#
729	0.961505	39	79	#
730	0.961505	40	79	#
731	0.961505	41	79	#
732	0.961505	42	79	#
733	0.961505	43	79	#
734	0.961505	44	79	#
735	0.961505	45	79	#
736	0.961505	46	79	#
737	0.961505	47	79	#
738	0.961505	48	79	#
739	0.961505	49	79	#
740	0.961505	50	79	#
741	0.961505	51	79	#
742	0.803881	52	79	#
743	0.803881	53	79	#
744	0.803881	54	79	#
745	0.803881	55	79	#
746	0.803881	56	79	#
747	0.803881	57	79	#
748	0.803881	58	79	#
749	0.803881	59	79	#
750	0.803881	60	79	#
751	0.803881	61	79	#
752	0.790915	62	79	#
753	6.80412	0	1	2	3	4	80	#
754	6.80412	1	2	3	4	5	80	#
755	6.80412	2	3	4	5	6	80	#
756	6.80412	3	4	5	6	7	80	#
757	6.80412	4	5	6	7	8	80	#
758	6.80412	5	6	7	8	9	80	#
759	6.80412	6	7	8	9	10	80	#
760	6.80412	7	8	9	10	11	80	#
761	6.80412	8	9	10	11	12	80	#
762	6.80412	9	10	11	12	13	80	#
763	6.80412	10	11	12	13	14	80	#
764	6.80412	11	12	13	14	15	80	#
765	3.00182	12	13	14	15	16	80	#
766	3.00182	13	14	15	16	17	80	#
767	3.00182	14	15	16	17	18	80	#
768	3.00182	15	16	17	18	19	80	#
769	3.00182	16	17	18	19	20	80	#
770	3.00182	17	18	19	20	21	80	#
771	3.00182	18	19	20	21	22	80	#
772	3.00182	19	20	21	22	23	80	#
773	3.00182	20	21	22	23	24	80	#
774	3.00182	21	22	23	24	25	80	#
775	3.00182	22	23	24	25	26	80	#
776	3.00182	23	24	25	26	27	80	#
777	3.00182	24	25	26	27	28	80	#
778	3.00182	25	26	27	28	29	80	#
779	3.00182	26	27	28	29	30	80	#
780	3.00182	27	28	29	30	31	80	#
781	3.00182	28	29	30	31	32	80	#
782	3.00182	29	30	31	32	33	80	#
783	3.00182	30	31	32	33	34	80	#
784	2.21874	31	32	33	34	35	80	#
785	2.21874	32	33	34	35	36	80	#
786	2.21874	33	34	35	36	37	80	#
787	2.21874	34	35	36	37	38	80	#
788	2.21874	35	36	37	38	39	80	#
789	2.21874	36	37	38	39	40	80	#
790	2.21874	37	38	39	40	41	80	#
791	2.21874	38	39	40	41	42	80	#
792	2.21874	39	40	41	42	43	80	#
793	2.21874	40	41	42	43	44	80	#
794	2.21874	41	42	43	44	45	80	#
795	2.21874	42	43	44	45	46	80	#
796	2.04124	43	44	45	46	47	80	#
797	2.04124	44	45	46	47	48	80	#
798	2.04124	45	46	47	48	49	80	#
799	2.04124	46	47	48	49	50	80	#
800	1.64616	47	48	49	50	51	80	#
801	1.64616	48	49	50	51	52	80	#
802	1.64616	49	50	51	52	53	80	#
803	1.64616	50	51	52	53	54	80	#
804	1.64616	51	52	53	54	55	80	#
805	1.64616	52	53	54	55	56	80	#
806	1.64616	53	54	55	56	57	80	#
807	1.64616	54	55	56	57	58	80	#
808	1.64616	55	56	57	58	59	80	#
809	1.64616	56	57	58	59	60	80	#
810	1.64616	57	58	59	60	61	80	#
811	1.64616	58	59	60	61	62	80	#
812	1.62003	59	60	61	62	63	80	#
813	11.2489	0	1	2	3	4	5	6	81	#
814	11.2489	1	2	3	4	5	6	7	81	#
815	11.2489	2	3	4	5	6	7	8	81	#
816	11.2489	3	4	5	6	7	8	9	81	#
817	11.2489	4	5	6	7	8	9	10	81	#
818	11.2489	5	6	7	8	9	10	11	81	#
819	11.2489	6	7	8	9	10	11	12	81	#
820	5.19181	7	8	9	10	11	12	13	81	#
821	5.19181	8	9	10	11	12	13	14	81	#
822	5.19181	9	10	11	12	13	14	15	81	#
823	5.19181	10	11	12	13	14	15	16	81	#
824	5.19181	11	12	13	14	15	16	17	81	#
825	5.19181	12	13	14	15	16	17	18	81	#
826	5.19181	13	14	15	16	17	18	19	81	#
827	5.19181	14	15	16	17	18	19	20	81	#
828	5.19181	15	16	17	18	19	20	21	81	#
829	5.19181	16	17	18	19	20	21	22	81	#
830	5.19181	17	18	19	20	21	22	23	81	#
831	5.19181	18	19	20	21	22	23	24	81	#
832	5.19181	19	20	21	22	23	24	25	81	#
833	5.19181	20	21	22	23	24	25	26	81	#
834	2.49976	21	22	23	24	25	26	27	81	#
835	2.49976	22	23	24	25	26	27	28	81	#
836	2.49976	23	24	25	26	27	28	29	81	#
837	2.49976	24	25	26	27	28	29	30	81	#
838	2.49976	25	26	27	28	29	30	31	81	#
839	2.49976	26	27	28	29	30	31	32	81	#
840	2.49976	27	28	29	30	31	32	33	81	#
841	2.49976	28	29	30	31	32	33	34	81	#
842	2.49976	29	30	31	32	33	34	35	81	#
843	2.49976	30	31	32	33	34	35	36	81	#
844	2.49976	31	32	33	34	35	36	37	81	#
845	2.49976	32	33	34	35	36	37	38	81	#
846	2.49976	33	34	35	36	37	38	39	81	#
847	2.49976	34	35	36	37	38	39	40	81	#
848	2.49976	35	36	37	38	39	40	41	81	#
849	2.49976	36	37	38	39	40	41	42	81	#
850	2.49976	37	38	39	40	41	42	43	81	#
851	2.49976	38	39	40	41	42	43	44	81	#
852	2.49976	39	40	41	42	43	44	45	81	#
853	2.49976	40	41	42	43	44	45	46	81	#
854	2.49976	41	42	43	44	45	46	47	81	#
855	2.49976	42	43	44	45	46	47	48	81	#
856	2.49976	43	44	45	46	47	48	49	81	#
857	2.49976	44	45	46	47	48	49	50	81	#
858	2.49976	45	46	47	48	49	50	51	81	#
859	2.49976	46	47	48	49	50	51	52	81	#
860	2.49976	47	48	49	50	51	52	53	81	#
861	2.49976	48	49	50	51	52	53	54	81	#
862	17.257	0	1	2	3	4	5	6	7	8	9	82	#
863	17.257	1	2	3	4	5	6	7	8	9	10	82	#
864	17.257	2	3	4	5	6	7	8	9	10	11	82	#
865	17.257	3	4	5	6	7	8	9	10	11	12	82	#
866	17.257	4	5	6	7	8	9	10	11	12	13	82	#
867	17.257	5	6	7	8	9	10	11	12	13	14	82	#
868	17.257	6	7	8	9	10	11	12	13	14	15	82	#
869	17.257	7	8	9	10	11	12	13	14	15	16	82	#
870	17.257	8	9	10	11	12	13	14	15	16	17	82	#
871	17.257	9	10	11	12	13	14	15	16	17	18	82	#
872	5.26485	10	11	12	13	14	15	16	17	18	19	82	#
873	5.26485	11	12	13	14	15	16	17	18	19	20	82	#
874	5.26485	12	13	14	15	16	17	18	19	20	21	82	#
875	5.26485	13	14	15	16	17	18	19	20	21	22	82	#
876	5.26485	14	15	16	17	18	19	20	21	22	23	82	#
877	5.26485	15	16	17	18	19	20	21	22	23	24	82	#
878	5.26485	16	17	18	19	20	21	22	23	24	25	82	#
879	5.26485	17	18	19	20	21	22	23	24	25	26	82	#
880	5.26485	18	19	20	21	22	23	24	25	26	27	82	#
881	5.26485	19	20	21	22	23	24	25	26	27	28	82	#
882	5.26485	20	21	22	23	24	25	26	27	28	29	82	#
883	5.26485	21	22	23	24	25	26	27	28	29	30	82	#
884	5.26485	22	23	24	25	26	27	28	29	30	31	82	#
885	5.26485	23	24	25	26	27	28	29	30	31	32	82	#
886	5.26485	24	25	26	27	28	29	30	31	32	33	82	#
887	5.26485	25	26	27	28	29	30	31	32	33	34	82	#
888	5.26485	26	27	28	29	30	31	32	33	34	35	82	#
889	5.26485	27	28	29	30	31	32	33	34	35	36	82	#
890	5.26485	28	29	30	31	32	33	34	35	36	37	82	#
891	5.26485	29	30	31	32	33	34	35	36	37	38	82	#
892	5.26485	30	31	32	33	34	35	36	37	38	39	82	#
893	5.26485	31	32	33	34	35	36	37	38	39	40	82	#
894	5.26485	32	33	34	35	36	37	38	39	40	41	82	#
895	5.26485	33	34	35	36	37	38	39	40	41	42	82	#
896	5.26485	34	35	36	37	38	39	40	41	42	43	82	#
897	5.26485	35	36	37	38	39	40	41	42	43	44	82	#
898	5.26485	36	37	38	39	40	41	42	43	44	45	82	#
899	5.26485	37	38	39	40	41	42	43	44	45	46	82	#
900	5.26485	38	39	40	41	42	43	44	45	46	47	82	#
901	5.26485	39	40	41	42	43	44	45	46	47	48	82	#
902	5.26485	40	41	42	43	44	45	46	47	48	49	82	#
903	5.26485	41	42	43	44	45	46	47	48	49	50	82	#
904	5.26485	42	43	44	45	46	47	48	49	50	51	82	#
905	5.26485	43	44	45	46	47	48	49	50	51	52	82	#
906	5.26485	44	45	46	47	48	49	50	51	52	53	82	#
907	5.26485	45	46	47	48	49	50	51	52	53	54	82	#
908	5.26485	46	47	48	49	50	51	52	53	54	55	82	#
909	5.26485	47	48	49	50	51	52	53	54	55	56	82	#
910	5.26485	48	49	50	51	52	53	54	55	56	57	82	#
911	5.26485	49	50	51	52	53	54	55	56	57	58	82	#
912	5.26485	50	51	52	53	54	55	56	57	58	59	82	#
913	2.55211	0	1	83	#
914	2.55211	1	2	83	#
915	2.55211	2	3	83	#
916	2.55211	3	4	83	#
917	2.55211	4	5	83	#
918	2.55211	5	6	83	#
919	2.55211	6	7	83	#
920	2.55211	7	8	83	#
921	2.55211	8	9	83	#
922	2.55211	9	10	83	#
923	2.55211	10	11	83	#
924	2.55211	11	12	83	#
925	2.55211	12	13	83	#
926	2.55211	13	14	83	#
927	2.55211	14	15	83	#
928	2.55211	15	16	83	#
929	2.55211	16	17	83	#
930	2.55211	17	18	83	#
931	2.55211	18	19	83	#
932	1.01021	19	20	83	#
933	1.01021	20	21	83	#
934	1.01021	21	22	83	#
935	1.01021	22	23	83	#
936	1.01021	23	24	83	#
937	1.01021	24	25	83	#
938	1.01021	25	26	83	#
939	1.01021	26	27	83	#
940	1.01021	27	28	83	#
941	1.01021	28	29	83	#
942	1.01021	29	30	83	#
943	1.01021	30	31	83	#
944	1.01021	31	32	83	#
945	1.01021	32	33	83	#
946	1.01021	33	34	83	#
947	1.01021	34	35	83	#
948	1.01021	35	36	83	#
949	1.01021	36	37	83	#
950	1.01021	37	38	83	#
951	1.01021	38	39	83	#
952	1.01021	39	40	83	#
953	1.01021	40	41	83	#
954	1.01021	41	42	83	#
955	1.01021	42	43	83	#
956	1.01021	43	44	83	#
957	1.01021	44	45	83	#
958	1.01021	45	46	83	#
959	1.01021	46	47	83	#
960	1.01021	47	48	83	#
961	16.0835	0	1	2	3	4	5	6	7	8	9	84	#
962	16.0835	1	2	3	4	5	6	7	8	9	10	84	#
963	16.0835	2	3	4	5	6	7	8	9	10	11	84	#
964	16.0835	3	4	5	6	7	8	9	10	11	12	84	#
965	16.0835	4	5	6	7	8	9	10	11	12	13	84	#
966	16.0835	5	6	7	8	9	10	11	12	13	14	84	#
967	16.0835	6	7	8	9	10	11	12	13	14	15	84	#
968	16.0835	7	8	9	10	11	12	13	14	15	16	84	#
969	16.0835	8	9	10	11	12	13	14	15	16	17	84	#
970	16.0835	9	10	11	12	13	14	15	16	17	18	84	#
971	16.0835	10	11	12	13	14	15	16	17	18	19	84	#
972	16.0835	11	12	13	14	15	16	17	18	19	20	84	#
973	16.0835	12	13	14	15	16	17	18	19	20	21	84	#
974	16.0835	13	14	15	16	17	18	19	20	21	22	84	#
975	16.0835	14	15	16	17	18	19	20	21	22	23	84	#
976	16.0835	15	16	17	18	19	20	21	22	23	24	84	#
977	16.0835	16	17	18	19	20	21	22	23	24	25	84	#
978	16.0835	17	18	19	20	21	22	23	24	25	26	84	#
979	16.0835	18	19	20	21	22	23	24	25	26	27	84	#
980	16.0835	19	20	21	22	23	24	25	26	27	28	84	#
981	16.0835	20	21	22	23	24	25	26	27	28	29	84	#
982	16.0835	21	22	23	24	25	26	27	28	29	30	84	#
983	16.0835	22	23	24	25	26	27	28	29	30	31	84	#
984	16.0835	23	24	25	26	27	28	29	30	31	32	84	#
985	16.0835	24	25	26	27	28	29	30	31	32	33	84	#
986	16.0835	25	26	27	28	29	30	31	32	33	34	84	#
987	16.0835	26	27	28	29	30	31	32	33	34	35	84	#
988	19.26	0	1	2	3	4	5	6	7	8	85	#
989	19.26	1	2	3	4	5	6	7	8	9	85	#
990	19.26	2	3	4	5	6	7	8	9	10	85	#
991	19.26	3	4	5	6	7	8	9	10	11	85	#
992	19.26	4	5	6	7	8	9	10	11	12	85	#
993	19.26	5	6	7	8	9	10	11	12	13	85	#
994	19.26	6	7	8	9	10	11	12	13	14	85	#
995	19.26	7	8	9	10	11	12	13	14	15	85	#
996	19.26	8	9	10	11	12	13	14	15	16	85	#
997	19.26	9	10	11	12	13	14	15	16	17	85	#
998	19.26	10	11	12	13	14	15	16	17	18	85	#
999	19.26	11	12	13	14	15	16	17	18	19	85	#
1000	19.26	12	13	14	15	16	17	18	19	20	85	#
1001	19.26	13	14	15	16	17	18	19	20	21	85	#
1002	19.26	14	15	16	17	18	19	20	21	22	85	#
1003	19.26	15	16	17	18	19	20	21	22	23	85	#
1004	19.26	16	17	18	19	20	21	22	23	24	85	#
1005	19.26	17	18	19	20	21	22	23	24	25	85	#
1006	19.26	18	19	20	21	22	23	24	25	26	85	#
1007	19.26	19	20	21	22	23	24	25	26	27	85	#
1008	19.26	20	21	22	23	24	25	26	27	28	85	#
1009	11.4741	21	22	23	24	25	26	27	28	29	85	#
1010	11.4741	22	23	24	25	26	27	28	29	30	85	#
1011	11.4741	23	24	25	26	27	28	29	30	31	85	#
1012	11.4741	24	25	26	27	28	29	30	31	32	85	#
1013	11.4741	25	26	27	28	29	30	31	32	33	85	#
1014	11.4741	26	27	28	29	30	31	32	33	34	85	#
1015	11.4741	27	28	29	30	31	32	33	34	35	85	#
1016	11.4741	28	29	30	31	32	33	34	35	36	85	#
1017	11.4741	29	30	31	32	33	34	35	36	37	85	#
1018	11.4741	30	31	32	33	34	35	36	37	38	85	#
1019	11.4741	31	32	33	34	35	36	37	38	39	85	#
1020	11.4741	32	33	34	35	36	37	38	39	40	85	#
1021	11.4741	33	34	35	36	37	38	39	40	41	85	#
1022	11.4741	34	35	36	37	38	39	40	41	42	85	#
1023	11.4741	35	36	37	38	39	40	41	42	43	85	#
1024	11.4741	36	37	38	39	40	41	42	43	44	85	#
1025	11.4741	37	38	39	40	41	42	43	44	45	85	#
1026	11.4741	38	39	40	41	42	43	44	45	46	85	#
1027	11.4741	39	40	41	42	43	44	45	46	47	85	#
1028	9.8051	40	41	42	43	44	45	46	47	48	85	#
1029	9.8051	41	42	43	44	45	46	47	48	49	85	#
1030	9.8051	42	43	44	45	46	47	48	49	50	85	#
1031	9.8051	43	44	45	46	47	48	49	50	51	85	#
1032	9.8051	44	45	46	47	48	49	50	51	52	85	#
1033	9.8051	45	46	47	48	49	50	51	52	53	85	#
1034	9.8051	46	47	48	49	50	51	52	53	54	85	#
1035	9.8051	47	48	49	50	51	52	53	54	55	85	#
1036	9.46106	48	49	50	51	52	53	54	55	56	85	#
1037	9.46106	49	50	51	52	53	54	55	56	57	85	#
1038	9.29794	50	51	52	53	54	55	56	57	58	85	#
1039	8.98801	51	52	53	54	55	56	57	58	59	85	#
1040	8.98801	52	53	54	55	56	57	58	59	60	85	#
1041	8.56001	53	54	55	56	57	58	59	60	61	85	#
1042	8.56001	54	55	56	57	58	59	60	61	62	85	#
1043	8.56001	55	56	57	58	59	60	61	62	63	85	#
