%% File generated by CATS v.2.1Wed Jun 22 10:37:57 2022

%% The CATS webpage is http://robotics.stanford.edu/CATS

%% PARAMETER SETTINGS:
% Goods: 64; Bids: 1000; Distribution: scheduling; Runs: 1; Seed: 1656573189
% Scheduling Distribution Parameters:
% max_length                = 10
% deviation                 = 0.500000
% prob_additional_deadline  = 0.700000
% additivity                = 0.200000



goods 64
bids 1037
dummy 24

0	7.18635	0	1	2	3	4	64	#
1	7.18635	1	2	3	4	5	64	#
2	7.18635	2	3	4	5	6	64	#
3	7.18635	3	4	5	6	7	64	#
4	7.18635	4	5	6	7	8	64	#
5	7.18635	5	6	7	8	9	64	#
6	7.18635	6	7	8	9	10	64	#
7	7.18635	7	8	9	10	11	64	#
8	7.18635	8	9	10	11	12	64	#
9	7.18635	9	10	11	12	13	64	#
10	7.18635	10	11	12	13	14	64	#
11	7.18635	11	12	13	14	15	64	#
12	7.18635	12	13	14	15	16	64	#
13	7.18635	13	14	15	16	17	64	#
14	7.18635	14	15	16	17	18	64	#
15	7.18635	15	16	17	18	19	64	#
16	7.18635	16	17	18	19	20	64	#
17	7.18635	17	18	19	20	21	64	#
18	7.18635	18	19	20	21	22	64	#
19	7.18635	19	20	21	22	23	64	#
20	7.18635	20	21	22	23	24	64	#
21	7.18635	21	22	23	24	25	64	#
22	7.18635	22	23	24	25	26	64	#
23	7.18635	23	24	25	26	27	64	#
24	7.18635	24	25	26	27	28	64	#
25	7.18635	25	26	27	28	29	64	#
26	7.18635	26	27	28	29	30	64	#
27	7.18635	27	28	29	30	31	64	#
28	7.18635	28	29	30	31	32	64	#
29	7.18635	29	30	31	32	33	64	#
30	7.18635	30	31	32	33	34	64	#
31	7.18635	31	32	33	34	35	64	#
32	7.18635	32	33	34	35	36	64	#
33	7.18635	33	34	35	36	37	64	#
34	7.18635	34	35	36	37	38	64	#
35	7.18635	35	36	37	38	39	64	#
36	7.18635	36	37	38	39	40	64	#
37	7.18635	37	38	39	40	41	64	#
38	7.18635	38	39	40	41	42	64	#
39	7.18635	39	40	41	42	43	64	#
40	7.18635	40	41	42	43	44	64	#
41	7.18635	41	42	43	44	45	64	#
42	7.18635	42	43	44	45	46	64	#
43	7.18635	43	44	45	46	47	64	#
44	7.18635	44	45	46	47	48	64	#
45	7.18635	45	46	47	48	49	64	#
46	7.18635	46	47	48	49	50	64	#
47	7.18635	47	48	49	50	51	64	#
48	7.18635	48	49	50	51	52	64	#
49	7.18635	49	50	51	52	53	64	#
50	7.18635	50	51	52	53	54	64	#
51	7.18635	51	52	53	54	55	64	#
52	22.3102	0	1	2	3	4	5	6	7	8	9	65	#
53	22.3102	1	2	3	4	5	6	7	8	9	10	65	#
54	22.3102	2	3	4	5	6	7	8	9	10	11	65	#
55	22.3102	3	4	5	6	7	8	9	10	11	12	65	#
56	22.3102	4	5	6	7	8	9	10	11	12	13	65	#
57	22.3102	5	6	7	8	9	10	11	12	13	14	65	#
58	22.3102	6	7	8	9	10	11	12	13	14	15	65	#
59	22.3102	7	8	9	10	11	12	13	14	15	16	65	#
60	22.3102	8	9	10	11	12	13	14	15	16	17	65	#
61	22.3102	9	10	11	12	13	14	15	16	17	18	65	#
62	22.3102	10	11	12	13	14	15	16	17	18	19	65	#
63	22.3102	11	12	13	14	15	16	17	18	19	20	65	#
64	22.3102	12	13	14	15	16	17	18	19	20	21	65	#
65	22.3102	13	14	15	16	17	18	19	20	21	22	65	#
66	22.3102	14	15	16	17	18	19	20	21	22	23	65	#
67	22.3102	15	16	17	18	19	20	21	22	23	24	65	#
68	22.3102	16	17	18	19	20	21	22	23	24	25	65	#
69	22.3102	17	18	19	20	21	22	23	24	25	26	65	#
70	22.3102	18	19	20	21	22	23	24	25	26	27	65	#
71	22.3102	19	20	21	22	23	24	25	26	27	28	65	#
72	22.3102	20	21	22	23	24	25	26	27	28	29	65	#
73	22.3102	21	22	23	24	25	26	27	28	29	30	65	#
74	22.3102	22	23	24	25	26	27	28	29	30	31	65	#
75	22.3102	23	24	25	26	27	28	29	30	31	32	65	#
76	22.3102	24	25	26	27	28	29	30	31	32	33	65	#
77	22.3102	25	26	27	28	29	30	31	32	33	34	65	#
78	22.3102	26	27	28	29	30	31	32	33	34	35	65	#
79	22.3102	27	28	29	30	31	32	33	34	35	36	65	#
80	16.3911	28	29	30	31	32	33	34	35	36	37	65	#
81	16.3911	29	30	31	32	33	34	35	36	37	38	65	#
82	16.3911	30	31	32	33	34	35	36	37	38	39	65	#
83	16.3911	31	32	33	34	35	36	37	38	39	40	65	#
84	16.3911	32	33	34	35	36	37	38	39	40	41	65	#
85	16.3911	33	34	35	36	37	38	39	40	41	42	65	#
86	16.3911	34	35	36	37	38	39	40	41	42	43	65	#
87	16.3911	35	36	37	38	39	40	41	42	43	44	65	#
88	16.3911	36	37	38	39	40	41	42	43	44	45	65	#
89	16.3911	37	38	39	40	41	42	43	44	45	46	65	#
90	16.3911	38	39	40	41	42	43	44	45	46	47	65	#
91	16.3911	39	40	41	42	43	44	45	46	47	48	65	#
92	16.3911	40	41	42	43	44	45	46	47	48	49	65	#
93	13.8477	41	42	43	44	45	46	47	48	49	50	65	#
94	13.8477	42	43	44	45	46	47	48	49	50	51	65	#
95	13.8477	43	44	45	46	47	48	49	50	51	52	65	#
96	13.8477	44	45	46	47	48	49	50	51	52	53	65	#
97	13.8477	45	46	47	48	49	50	51	52	53	54	65	#
98	13.8477	46	47	48	49	50	51	52	53	54	55	65	#
99	13.8477	47	48	49	50	51	52	53	54	55	56	65	#
100	13.8477	48	49	50	51	52	53	54	55	56	57	65	#
101	13.8477	49	50	51	52	53	54	55	56	57	58	65	#
102	1.22786	0	66	#
103	1.22786	1	66	#
104	1.22786	2	66	#
105	1.22786	3	66	#
106	1.22786	4	66	#
107	1.22786	5	66	#
108	1.22786	6	66	#
109	1.22786	7	66	#
110	1.22786	8	66	#
111	6.1486	0	1	2	3	67	#
112	6.1486	1	2	3	4	67	#
113	6.1486	2	3	4	5	67	#
114	6.1486	3	4	5	6	67	#
115	6.1486	4	5	6	7	67	#
116	6.1486	5	6	7	8	67	#
117	6.1486	6	7	8	9	67	#
118	6.1486	7	8	9	10	67	#
119	6.1486	8	9	10	11	67	#
120	6.1486	9	10	11	12	67	#
121	6.1486	10	11	12	13	67	#
122	6.1486	11	12	13	14	67	#
123	6.1486	12	13	14	15	67	#
124	6.1486	13	14	15	16	67	#
125	6.1486	14	15	16	17	67	#
126	6.1486	15	16	17	18	67	#
127	6.1486	16	17	18	19	67	#
128	6.1486	17	18	19	20	67	#
129	6.1486	18	19	20	21	67	#
130	6.1486	19	20	21	22	67	#
131	6.1486	20	21	22	23	67	#
132	6.1486	21	22	23	24	67	#
133	6.1486	22	23	24	25	67	#
134	6.1486	23	24	25	26	67	#
135	6.1486	24	25	26	27	67	#
136	6.1486	25	26	27	28	67	#
137	5.06355	26	27	28	29	67	#
138	5.06355	27	28	29	30	67	#
139	5.06355	28	29	30	31	67	#
140	5.06355	29	30	31	32	67	#
141	5.06355	30	31	32	33	67	#
142	5.06355	31	32	33	34	67	#
143	4.53055	32	33	34	35	67	#
144	4.53055	33	34	35	36	67	#
145	4.53055	34	35	36	37	67	#
146	4.53055	35	36	37	38	67	#
147	2.86935	36	37	38	39	67	#
148	2.86935	37	38	39	40	67	#
149	2.86935	38	39	40	41	67	#
150	2.86935	39	40	41	42	67	#
151	2.86935	40	41	42	43	67	#
152	2.86935	41	42	43	44	67	#
153	2.86935	42	43	44	45	67	#
154	2.86935	43	44	45	46	67	#
155	2.86935	44	45	46	47	67	#
156	2.86935	45	46	47	48	67	#
157	2.86935	46	47	48	49	67	#
158	2.86935	47	48	49	50	67	#
159	2.86935	48	49	50	51	67	#
160	2.86935	49	50	51	52	67	#
161	2.86935	50	51	52	53	67	#
162	2.86935	51	52	53	54	67	#
163	2.86935	52	53	54	55	67	#
164	2.86935	53	54	55	56	67	#
165	2.86935	54	55	56	57	67	#
166	2.86935	55	56	57	58	67	#
167	2.86935	56	57	58	59	67	#
168	2.86935	57	58	59	60	67	#
169	2.77679	58	59	60	61	67	#
170	2.77679	59	60	61	62	67	#
171	2.73271	60	61	62	63	67	#
172	1.38356	0	68	#
173	1.38356	1	68	#
174	1.38356	2	68	#
175	1.38356	3	68	#
176	1.38356	4	68	#
177	1.38356	5	68	#
178	1.38356	6	68	#
179	1.38356	7	68	#
180	1.38356	8	68	#
181	1.38356	9	68	#
182	1.38356	10	68	#
183	1.38356	11	68	#
184	1.38356	12	68	#
185	1.38356	13	68	#
186	1.38356	14	68	#
187	1.38356	15	68	#
188	1.38356	16	68	#
189	1.38356	17	68	#
190	1.38356	18	68	#
191	1.38356	19	68	#
192	1.38356	20	68	#
193	1.38356	21	68	#
194	1.38356	22	68	#
195	1.38356	23	68	#
196	1.38356	24	68	#
197	1.38356	25	68	#
198	1.38356	26	68	#
199	1.38356	27	68	#
200	1.38356	28	68	#
201	1.38356	29	68	#
202	1.38356	30	68	#
203	1.38356	31	68	#
204	1.38356	32	68	#
205	1.38356	33	68	#
206	1.38356	34	68	#
207	1.38356	35	68	#
208	1.38356	36	68	#
209	1.38356	37	68	#
210	1.38356	38	68	#
211	1.38356	39	68	#
212	0.856487	40	68	#
213	0.856487	41	68	#
214	0.856487	42	68	#
215	0.856487	43	68	#
216	0.856487	44	68	#
217	0.856487	45	68	#
218	0.856487	46	68	#
219	0.856487	47	68	#
220	0.856487	48	68	#
221	0.856487	49	68	#
222	0.856487	50	68	#
223	0.856487	51	68	#
224	0.856487	52	68	#
225	0.856487	53	68	#
226	0.856487	54	68	#
227	0.856487	55	68	#
228	0.856487	56	68	#
229	0.856487	57	68	#
230	0.856487	58	68	#
231	0.856487	59	68	#
232	0.856487	60	68	#
233	0.856487	61	68	#
234	0.856487	62	68	#
235	0.856487	63	68	#
236	3.13424	0	1	2	3	69	#
237	3.13424	1	2	3	4	69	#
238	3.13424	2	3	4	5	69	#
239	3.13424	3	4	5	6	69	#
240	3.13424	4	5	6	7	69	#
241	3.13424	5	6	7	8	69	#
242	3.13424	6	7	8	9	69	#
243	3.13424	7	8	9	10	69	#
244	3.13424	8	9	10	11	69	#
245	3.13424	9	10	11	12	69	#
246	3.13424	10	11	12	13	69	#
247	3.13424	11	12	13	14	69	#
248	3.13424	12	13	14	15	69	#
249	3.13424	13	14	15	16	69	#
250	3.13424	14	15	16	17	69	#
251	3.13424	15	16	17	18	69	#
252	3.13424	16	17	18	19	69	#
253	3.13424	17	18	19	20	69	#
254	2.61187	18	19	20	21	69	#
255	2.61187	19	20	21	22	69	#
256	2.61187	20	21	22	23	69	#
257	2.61187	21	22	23	24	69	#
258	11.4846	0	1	2	3	4	5	70	#
259	11.4846	1	2	3	4	5	6	70	#
260	11.4846	2	3	4	5	6	7	70	#
261	11.4846	3	4	5	6	7	8	70	#
262	11.4846	4	5	6	7	8	9	70	#
263	11.4846	5	6	7	8	9	10	70	#
264	11.4846	6	7	8	9	10	11	70	#
265	11.4846	7	8	9	10	11	12	70	#
266	11.4846	8	9	10	11	12	13	70	#
267	11.4846	9	10	11	12	13	14	70	#
268	5.51832	0	1	2	3	4	5	6	71	#
269	5.51832	1	2	3	4	5	6	7	71	#
270	5.51832	2	3	4	5	6	7	8	71	#
271	5.51832	3	4	5	6	7	8	9	71	#
272	5.51832	4	5	6	7	8	9	10	71	#
273	5.51832	5	6	7	8	9	10	11	71	#
274	5.51832	6	7	8	9	10	11	12	71	#
275	5.51832	7	8	9	10	11	12	13	71	#
276	5.51832	8	9	10	11	12	13	14	71	#
277	5.51832	9	10	11	12	13	14	15	71	#
278	5.51832	10	11	12	13	14	15	16	71	#
279	5.51832	11	12	13	14	15	16	17	71	#
280	5.51832	12	13	14	15	16	17	18	71	#
281	5.51832	13	14	15	16	17	18	19	71	#
282	5.51832	14	15	16	17	18	19	20	71	#
283	5.51832	15	16	17	18	19	20	21	71	#
284	5.51832	16	17	18	19	20	21	22	71	#
285	5.51832	17	18	19	20	21	22	23	71	#
286	5.51832	18	19	20	21	22	23	24	71	#
287	5.51832	19	20	21	22	23	24	25	71	#
288	5.51832	20	21	22	23	24	25	26	71	#
289	5.51832	21	22	23	24	25	26	27	71	#
290	5.51832	22	23	24	25	26	27	28	71	#
291	5.51832	23	24	25	26	27	28	29	71	#
292	5.51832	24	25	26	27	28	29	30	71	#
293	5.51832	25	26	27	28	29	30	31	71	#
294	4.60007	0	1	2	72	#
295	4.60007	1	2	3	72	#
296	4.60007	2	3	4	72	#
297	4.60007	3	4	5	72	#
298	4.60007	4	5	6	72	#
299	4.60007	5	6	7	72	#
300	4.60007	6	7	8	72	#
301	4.60007	7	8	9	72	#
302	4.60007	8	9	10	72	#
303	4.60007	9	10	11	72	#
304	4.60007	10	11	12	72	#
305	4.60007	11	12	13	72	#
306	4.60007	12	13	14	72	#
307	4.60007	13	14	15	72	#
308	4.60007	14	15	16	72	#
309	4.60007	15	16	17	72	#
310	4.60007	16	17	18	72	#
311	4.60007	17	18	19	72	#
312	4.60007	18	19	20	72	#
313	4.60007	19	20	21	72	#
314	4.60007	20	21	22	72	#
315	1.90946	21	22	23	72	#
316	1.90946	22	23	24	72	#
317	1.90946	23	24	25	72	#
318	1.90946	24	25	26	72	#
319	1.90946	25	26	27	72	#
320	1.90946	26	27	28	72	#
321	1.90946	27	28	29	72	#
322	1.90946	28	29	30	72	#
323	1.90946	29	30	31	72	#
324	1.90946	30	31	32	72	#
325	1.90946	31	32	33	72	#
326	1.90946	32	33	34	72	#
327	1.90946	33	34	35	72	#
328	1.90946	34	35	36	72	#
329	1.90946	35	36	37	72	#
330	1.90946	36	37	38	72	#
331	1.90946	37	38	39	72	#
332	1.90946	38	39	40	72	#
333	1.90946	39	40	41	72	#
334	1.90946	40	41	42	72	#
335	1.90946	41	42	43	72	#
336	1.90946	42	43	44	72	#
337	1.90946	43	44	45	72	#
338	1.90946	44	45	46	72	#
339	1.90946	45	46	47	72	#
340	1.90946	46	47	48	72	#
341	1.90946	47	48	49	72	#
342	1.90946	48	49	50	72	#
343	1.90946	49	50	51	72	#
344	1.90946	50	51	52	72	#
345	1.90946	51	52	53	72	#
346	1.65904	52	53	54	72	#
347	1.65904	53	54	55	72	#
348	1.65904	54	55	56	72	#
349	1.65904	55	56	57	72	#
350	1.65904	56	57	58	72	#
351	1.65904	57	58	59	72	#
352	1.65904	58	59	60	72	#
353	1.65904	59	60	61	72	#
354	1.63228	60	61	62	72	#
355	1.60637	61	62	63	72	#
356	6.42474	0	1	2	3	4	5	73	#
357	6.42474	1	2	3	4	5	6	73	#
358	6.42474	2	3	4	5	6	7	73	#
359	6.42474	3	4	5	6	7	8	73	#
360	6.42474	4	5	6	7	8	9	73	#
361	6.42474	5	6	7	8	9	10	73	#
362	6.42474	6	7	8	9	10	11	73	#
363	6.42474	7	8	9	10	11	12	73	#
364	6.42474	8	9	10	11	12	13	73	#
365	6.42474	9	10	11	12	13	14	73	#
366	6.42474	10	11	12	13	14	15	73	#
367	6.42474	11	12	13	14	15	16	73	#
368	6.42474	12	13	14	15	16	17	73	#
369	6.42474	13	14	15	16	17	18	73	#
370	6.42474	14	15	16	17	18	19	73	#
371	6.42474	15	16	17	18	19	20	73	#
372	6.42474	16	17	18	19	20	21	73	#
373	6.42474	17	18	19	20	21	22	73	#
374	6.42474	18	19	20	21	22	23	73	#
375	3.43649	19	20	21	22	23	24	73	#
376	3.43649	20	21	22	23	24	25	73	#
377	3.43649	21	22	23	24	25	26	73	#
378	3.43649	22	23	24	25	26	27	73	#
379	3.43649	23	24	25	26	27	28	73	#
380	3.43649	24	25	26	27	28	29	73	#
381	3.43649	25	26	27	28	29	30	73	#
382	3.43649	26	27	28	29	30	31	73	#
383	3.43649	27	28	29	30	31	32	73	#
384	3.43649	28	29	30	31	32	33	73	#
385	3.43649	29	30	31	32	33	34	73	#
386	3.43649	30	31	32	33	34	35	73	#
387	3.43649	31	32	33	34	35	36	73	#
388	3.43649	32	33	34	35	36	37	73	#
389	3.43649	33	34	35	36	37	38	73	#
390	3.43649	34	35	36	37	38	39	73	#
391	3.43649	35	36	37	38	39	40	73	#
392	3.43649	36	37	38	39	40	41	73	#
393	3.43649	37	38	39	40	41	42	73	#
394	3.43649	38	39	40	41	42	43	73	#
395	2.58528	0	1	74	#
396	2.58528	1	2	74	#
397	2.58528	2	3	74	#
398	2.58528	3	4	74	#
399	2.58528	4	5	74	#
400	2.58528	5	6	74	#
401	2.58528	6	7	74	#
402	2.58528	7	8	74	#
403	2.58528	8	9	74	#
404	2.58528	9	10	74	#
405	2.58528	10	11	74	#
406	2.58528	11	12	74	#
407	2.58528	12	13	74	#
408	2.58528	13	14	74	#
409	2.58528	14	15	74	#
410	2.58528	15	16	74	#
411	2.58528	16	17	74	#
412	2.58528	17	18	74	#
413	2.58528	18	19	74	#
414	2.58528	19	20	74	#
415	2.58528	20	21	74	#
416	2.58528	21	22	74	#
417	2.58528	22	23	74	#
418	2.58528	23	24	74	#
419	2.58528	24	25	74	#
420	2.58528	25	26	74	#
421	2.58528	26	27	74	#
422	2.58528	27	28	74	#
423	2.58528	28	29	74	#
424	2.58528	29	30	74	#
425	2.58528	30	31	74	#
426	2.58528	31	32	74	#
427	2.58528	32	33	74	#
428	2.58528	33	34	74	#
429	2.58528	34	35	74	#
430	2.58528	35	36	74	#
431	2.58528	36	37	74	#
432	2.58528	37	38	74	#
433	2.58528	38	39	74	#
434	2.58528	39	40	74	#
435	2.58528	40	41	74	#
436	2.58528	41	42	74	#
437	2.58528	42	43	74	#
438	2.58528	43	44	74	#
439	2.58528	44	45	74	#
440	2.58528	45	46	74	#
441	2.58528	46	47	74	#
442	2.58528	47	48	74	#
443	2.58528	48	49	74	#
444	2.58528	49	50	74	#
445	2.58528	50	51	74	#
446	2.35445	51	52	74	#
447	2.35445	52	53	74	#
448	2.35445	53	54	74	#
449	2.35445	54	55	74	#
450	2.35445	55	56	74	#
451	2.19749	56	57	74	#
452	2.19749	57	58	74	#
453	2.19749	58	59	74	#
454	2.19749	59	60	74	#
455	2.16147	60	61	74	#
456	2.09285	61	62	74	#
457	2.09285	62	63	74	#
458	3.54911	0	1	2	75	#
459	3.54911	1	2	3	75	#
460	3.54911	2	3	4	75	#
461	3.54911	3	4	5	75	#
462	3.54911	4	5	6	75	#
463	3.54911	5	6	7	75	#
464	3.54911	6	7	8	75	#
465	3.54911	7	8	9	75	#
466	3.54911	8	9	10	75	#
467	3.54911	9	10	11	75	#
468	3.54911	10	11	12	75	#
469	3.54911	11	12	13	75	#
470	2.0972	12	13	14	75	#
471	2.0972	13	14	15	75	#
472	2.0972	14	15	16	75	#
473	2.0972	15	16	17	75	#
474	2.0972	16	17	18	75	#
475	2.0972	17	18	19	75	#
476	2.0972	18	19	20	75	#
477	2.0972	19	20	21	75	#
478	2.0972	20	21	22	75	#
479	0.744168	21	22	23	75	#
480	0.744168	22	23	24	75	#
481	0.744168	23	24	25	75	#
482	0.744168	24	25	26	75	#
483	0.744168	25	26	27	75	#
484	0.744168	26	27	28	75	#
485	0.744168	27	28	29	75	#
486	0.744168	28	29	30	75	#
487	0.744168	29	30	31	75	#
488	0.744168	30	31	32	75	#
489	0.744168	31	32	33	75	#
490	0.744168	32	33	34	75	#
491	0.744168	33	34	35	75	#
492	0.744168	34	35	36	75	#
493	0.744168	35	36	37	75	#
494	0.744168	36	37	38	75	#
495	0.744168	37	38	39	75	#
496	0.744168	38	39	40	75	#
497	0.744168	39	40	41	75	#
498	0.744168	40	41	42	75	#
499	0.744168	41	42	43	75	#
500	0.744168	42	43	44	75	#
501	0.744168	43	44	45	75	#
502	0.744168	44	45	46	75	#
503	0.744168	45	46	47	75	#
504	0.744168	46	47	48	75	#
505	0.744168	47	48	49	75	#
506	0.744168	48	49	50	75	#
507	0.744168	49	50	51	75	#
508	0.744168	50	51	52	75	#
509	0.744168	51	52	53	75	#
510	0.744168	52	53	54	75	#
511	0.744168	53	54	55	75	#
512	0.744168	54	55	56	75	#
513	0.744168	55	56	57	75	#
514	0.744168	56	57	58	75	#
515	0.744168	57	58	59	75	#
516	0.744168	58	59	60	75	#
517	0.744168	59	60	61	75	#
518	0.744168	60	61	62	75	#
519	0.732356	61	62	63	75	#
520	18.5059	0	1	2	3	4	5	6	7	8	76	#
521	18.5059	1	2	3	4	5	6	7	8	9	76	#
522	18.5059	2	3	4	5	6	7	8	9	10	76	#
523	18.5059	3	4	5	6	7	8	9	10	11	76	#
524	18.5059	4	5	6	7	8	9	10	11	12	76	#
525	18.5059	5	6	7	8	9	10	11	12	13	76	#
526	2.38895	0	1	77	#
527	2.38895	1	2	77	#
528	2.38895	2	3	77	#
529	2.38895	3	4	77	#
530	2.38895	4	5	77	#
531	2.38895	5	6	77	#
532	2.38895	6	7	77	#
533	2.38895	7	8	77	#
534	2.38895	8	9	77	#
535	2.38895	9	10	77	#
536	2.38895	10	11	77	#
537	2.38895	11	12	77	#
538	2.38895	12	13	77	#
539	2.38895	13	14	77	#
540	2.38895	14	15	77	#
541	2.38895	15	16	77	#
542	2.38895	16	17	77	#
543	2.38895	17	18	77	#
544	2.38895	18	19	77	#
545	2.38895	19	20	77	#
546	2.38895	20	21	77	#
547	2.38895	21	22	77	#
548	2.38895	22	23	77	#
549	2.38895	23	24	77	#
550	2.38895	24	25	77	#
551	2.38895	25	26	77	#
552	2.38895	26	27	77	#
553	2.38895	27	28	77	#
554	1.17352	28	29	77	#
555	1.17352	29	30	77	#
556	1.17352	30	31	77	#
557	1.17352	31	32	77	#
558	1.17352	32	33	77	#
559	1.17352	33	34	77	#
560	1.17352	34	35	77	#
561	1.17352	35	36	77	#
562	1.17352	36	37	77	#
563	1.17352	37	38	77	#
564	1.17352	38	39	77	#
565	1.17352	39	40	77	#
566	1.17352	40	41	77	#
567	1.17352	41	42	77	#
568	1.17352	42	43	77	#
569	1.17352	43	44	77	#
570	1.17352	44	45	77	#
571	1.17352	45	46	77	#
572	1.17352	46	47	77	#
573	1.17352	47	48	77	#
574	1.17352	48	49	77	#
575	1.17352	49	50	77	#
576	1.17352	50	51	77	#
577	1.17352	51	52	77	#
578	1.17352	52	53	77	#
579	1.17352	53	54	77	#
580	1.17352	54	55	77	#
581	1.17352	55	56	77	#
582	1.17352	56	57	77	#
583	1.09657	57	58	77	#
584	1.09657	58	59	77	#
585	1.09657	59	60	77	#
586	1.09657	60	61	77	#
587	1.07888	61	62	77	#
588	1.06175	62	63	77	#
589	1.89278	0	1	78	#
590	1.89278	1	2	78	#
591	1.89278	2	3	78	#
592	1.89278	3	4	78	#
593	0.540795	4	5	78	#
594	0.540795	5	6	78	#
595	0.540795	6	7	78	#
596	0.540795	7	8	78	#
597	0.540795	8	9	78	#
598	0.540795	9	10	78	#
599	0.540795	10	11	78	#
600	0.540795	11	12	78	#
601	0.540795	12	13	78	#
602	0.540795	13	14	78	#
603	2.68464	0	1	79	#
604	2.68464	1	2	79	#
605	2.68464	2	3	79	#
606	2.68464	3	4	79	#
607	2.68464	4	5	79	#
608	2.68464	5	6	79	#
609	2.68464	6	7	79	#
610	2.68464	7	8	79	#
611	2.68464	8	9	79	#
612	2.68464	9	10	79	#
613	2.68464	10	11	79	#
614	2.68464	11	12	79	#
615	2.68464	12	13	79	#
616	2.68464	13	14	79	#
617	2.68464	14	15	79	#
618	2.68464	15	16	79	#
619	2.68464	16	17	79	#
620	2.68464	17	18	79	#
621	2.68464	18	19	79	#
622	2.68464	19	20	79	#
623	2.68464	20	21	79	#
624	2.68464	21	22	79	#
625	2.68464	22	23	79	#
626	2.68464	23	24	79	#
627	2.68464	24	25	79	#
628	2.68464	25	26	79	#
629	2.68464	26	27	79	#
630	2.68464	27	28	79	#
631	2.68464	28	29	79	#
632	2.68464	29	30	79	#
633	2.68464	30	31	79	#
634	2.68464	31	32	79	#
635	2.68464	32	33	79	#
636	2.68464	33	34	79	#
637	2.68464	34	35	79	#
638	2.68464	35	36	79	#
639	2.68464	36	37	79	#
640	2.68464	37	38	79	#
641	2.68464	38	39	79	#
642	2.68464	39	40	79	#
643	2.68464	40	41	79	#
644	2.68464	41	42	79	#
645	2.68464	42	43	79	#
646	2.68464	43	44	79	#
647	2.68464	44	45	79	#
648	2.68464	45	46	79	#
649	2.68464	46	47	79	#
650	2.68464	47	48	79	#
651	2.68464	48	49	79	#
652	2.68464	49	50	79	#
653	2.68464	50	51	79	#
654	2.68464	51	52	79	#
655	2.68464	52	53	79	#
656	2.68464	53	54	79	#
657	2.68464	54	55	79	#
658	2.68464	55	56	79	#
659	2.68464	56	57	79	#
660	2.68464	57	58	79	#
661	2.68464	58	59	79	#
662	2.68464	59	60	79	#
663	2.68464	60	61	79	#
664	2.68464	61	62	79	#
665	2.68464	62	63	79	#
666	2.94451	0	1	80	#
667	2.94451	1	2	80	#
668	2.94451	2	3	80	#
669	2.94451	3	4	80	#
670	2.94451	4	5	80	#
671	2.94451	5	6	80	#
672	2.94451	6	7	80	#
673	2.94451	7	8	80	#
674	2.94451	8	9	80	#
675	2.94451	9	10	80	#
676	2.94451	10	11	80	#
677	2.94451	11	12	80	#
678	2.94451	12	13	80	#
679	2.94451	13	14	80	#
680	2.94451	14	15	80	#
681	2.94451	15	16	80	#
682	2.94451	16	17	80	#
683	2.94451	17	18	80	#
684	2.94451	18	19	80	#
685	2.94451	19	20	80	#
686	2.94451	20	21	80	#
687	2.94451	21	22	80	#
688	2.94451	22	23	80	#
689	2.94451	23	24	80	#
690	2.94451	24	25	80	#
691	2.94451	25	26	80	#
692	2.94451	26	27	80	#
693	2.94451	27	28	80	#
694	2.94451	28	29	80	#
695	2.94451	29	30	80	#
696	2.94451	30	31	80	#
697	2.94451	31	32	80	#
698	2.94451	32	33	80	#
699	2.94451	33	34	80	#
700	2.94451	34	35	80	#
701	2.94451	35	36	80	#
702	2.94451	36	37	80	#
703	2.94451	37	38	80	#
704	2.94451	38	39	80	#
705	2.94451	39	40	80	#
706	2.94451	40	41	80	#
707	2.94451	41	42	80	#
708	2.94451	42	43	80	#
709	2.94451	43	44	80	#
710	2.94451	44	45	80	#
711	2.94451	45	46	80	#
712	2.94451	46	47	80	#
713	2.94451	47	48	80	#
714	2.94451	48	49	80	#
715	2.94451	49	50	80	#
716	2.94451	50	51	80	#
717	2.94451	51	52	80	#
718	2.94451	52	53	80	#
719	2.94451	53	54	80	#
720	2.94451	54	55	80	#
721	2.94451	55	56	80	#
722	2.94451	56	57	80	#
723	2.94451	57	58	80	#
724	2.94451	58	59	80	#
725	11.7483	0	1	2	3	4	5	6	7	81	#
726	11.7483	1	2	3	4	5	6	7	8	81	#
727	11.7483	2	3	4	5	6	7	8	9	81	#
728	11.7483	3	4	5	6	7	8	9	10	81	#
729	11.7483	4	5	6	7	8	9	10	11	81	#
730	11.7483	5	6	7	8	9	10	11	12	81	#
731	11.7483	6	7	8	9	10	11	12	13	81	#
732	11.7483	7	8	9	10	11	12	13	14	81	#
733	11.7483	8	9	10	11	12	13	14	15	81	#
734	11.7483	9	10	11	12	13	14	15	16	81	#
735	11.7483	10	11	12	13	14	15	16	17	81	#
736	11.7483	11	12	13	14	15	16	17	18	81	#
737	11.7483	12	13	14	15	16	17	18	19	81	#
738	11.7483	13	14	15	16	17	18	19	20	81	#
739	11.7483	14	15	16	17	18	19	20	21	81	#
740	11.7483	15	16	17	18	19	20	21	22	81	#
741	11.7483	16	17	18	19	20	21	22	23	81	#
742	11.7483	17	18	19	20	21	22	23	24	81	#
743	11.7483	18	19	20	21	22	23	24	25	81	#
744	11.7483	19	20	21	22	23	24	25	26	81	#
745	9.14215	0	1	2	3	4	5	6	82	#
746	9.14215	1	2	3	4	5	6	7	82	#
747	9.14215	2	3	4	5	6	7	8	82	#
748	9.14215	3	4	5	6	7	8	9	82	#
749	9.14215	4	5	6	7	8	9	10	82	#
750	9.14215	5	6	7	8	9	10	11	82	#
751	9.14215	6	7	8	9	10	11	12	82	#
752	9.14215	7	8	9	10	11	12	13	82	#
753	9.14215	8	9	10	11	12	13	14	82	#
754	9.14215	9	10	11	12	13	14	15	82	#
755	9.14215	10	11	12	13	14	15	16	82	#
756	9.14215	11	12	13	14	15	16	17	82	#
757	9.14215	12	13	14	15	16	17	18	82	#
758	9.14215	13	14	15	16	17	18	19	82	#
759	9.14215	14	15	16	17	18	19	20	82	#
760	9.14215	15	16	17	18	19	20	21	82	#
761	9.14215	16	17	18	19	20	21	22	82	#
762	9.14215	17	18	19	20	21	22	23	82	#
763	9.14215	18	19	20	21	22	23	24	82	#
764	9.14215	19	20	21	22	23	24	25	82	#
765	9.14215	20	21	22	23	24	25	26	82	#
766	9.14215	21	22	23	24	25	26	27	82	#
767	9.14215	22	23	24	25	26	27	28	82	#
768	9.14215	23	24	25	26	27	28	29	82	#
769	9.14215	24	25	26	27	28	29	30	82	#
770	9.14215	25	26	27	28	29	30	31	82	#
771	9.14215	26	27	28	29	30	31	32	82	#
772	9.14215	27	28	29	30	31	32	33	82	#
773	9.14215	28	29	30	31	32	33	34	82	#
774	9.14215	29	30	31	32	33	34	35	82	#
775	6.95598	30	31	32	33	34	35	36	82	#
776	6.95598	31	32	33	34	35	36	37	82	#
777	6.95598	32	33	34	35	36	37	38	82	#
778	6.95598	33	34	35	36	37	38	39	82	#
779	6.95598	34	35	36	37	38	39	40	82	#
780	6.95598	35	36	37	38	39	40	41	82	#
781	6.95598	36	37	38	39	40	41	42	82	#
782	6.95598	37	38	39	40	41	42	43	82	#
783	6.95598	38	39	40	41	42	43	44	82	#
784	6.95598	39	40	41	42	43	44	45	82	#
785	6.95598	40	41	42	43	44	45	46	82	#
786	6.15337	41	42	43	44	45	46	47	82	#
787	6.15337	42	43	44	45	46	47	48	82	#
788	6.15337	43	44	45	46	47	48	49	82	#
789	6.15337	44	45	46	47	48	49	50	82	#
790	6.15337	45	46	47	48	49	50	51	82	#
791	6.15337	46	47	48	49	50	51	52	82	#
792	5.71384	47	48	49	50	51	52	53	82	#
793	5.71384	48	49	50	51	52	53	54	82	#
794	5.71384	49	50	51	52	53	54	55	82	#
795	5.71384	50	51	52	53	54	55	56	82	#
796	5.51681	51	52	53	54	55	56	57	82	#
797	5.51681	52	53	54	55	56	57	58	82	#
798	5.16089	53	54	55	56	57	58	59	82	#
799	5.16089	54	55	56	57	58	59	60	82	#
800	5.16089	55	56	57	58	59	60	61	82	#
801	5.16089	56	57	58	59	60	61	62	82	#
802	5.07897	57	58	59	60	61	62	63	82	#
803	4.47946	0	1	2	83	#
804	4.47946	1	2	3	83	#
805	4.47946	2	3	4	83	#
806	4.47946	3	4	5	83	#
807	4.47946	4	5	6	83	#
808	4.47946	5	6	7	83	#
809	0.627124	6	7	8	83	#
810	0.627124	7	8	9	83	#
811	0.627124	8	9	10	83	#
812	0.627124	9	10	11	83	#
813	0.627124	10	11	12	83	#
814	0.627124	11	12	13	83	#
815	0.627124	12	13	14	83	#
816	0.627124	13	14	15	83	#
817	0.627124	14	15	16	83	#
818	0.627124	15	16	17	83	#
819	0.627124	16	17	18	83	#
820	0.627124	17	18	19	83	#
821	0.627124	18	19	20	83	#
822	0.627124	19	20	21	83	#
823	0.627124	20	21	22	83	#
824	0.627124	21	22	23	83	#
825	0.627124	22	23	24	83	#
826	0.627124	23	24	25	83	#
827	0.627124	24	25	26	83	#
828	0.627124	25	26	27	83	#
829	0.627124	26	27	28	83	#
830	0.627124	27	28	29	83	#
831	0.627124	28	29	30	83	#
832	0.627124	29	30	31	83	#
833	0.627124	30	31	32	83	#
834	0.627124	31	32	33	83	#
835	0.627124	32	33	34	83	#
836	0.627124	33	34	35	83	#
837	0.627124	34	35	36	83	#
838	0.627124	35	36	37	83	#
839	0.627124	36	37	38	83	#
840	0.627124	37	38	39	83	#
841	0.627124	38	39	40	83	#
842	0.627124	39	40	41	83	#
843	0.627124	40	41	42	83	#
844	0.627124	41	42	43	83	#
845	0.627124	42	43	44	83	#
846	0.627124	43	44	45	83	#
847	0.627124	44	45	46	83	#
848	0.627124	45	46	47	83	#
849	0.627124	46	47	48	83	#
850	0.627124	47	48	49	83	#
851	0.627124	48	49	50	83	#
852	0.570113	49	50	51	83	#
853	0.570113	50	51	52	83	#
854	0.570113	51	52	53	83	#
855	0.570113	52	53	54	83	#
856	0.570113	53	54	55	83	#
857	0.531461	54	55	56	83	#
858	0.531461	55	56	57	83	#
859	0.531461	56	57	58	83	#
860	0.531461	57	58	59	83	#
861	0.514036	58	59	60	83	#
862	0.514036	59	60	61	83	#
863	0.505745	60	61	62	83	#
864	0.497718	61	62	63	83	#
865	3.34886	0	1	2	3	84	#
866	3.34886	1	2	3	4	84	#
867	3.34886	2	3	4	5	84	#
868	3.34886	3	4	5	6	84	#
869	3.34886	4	5	6	7	84	#
870	3.34886	5	6	7	8	84	#
871	3.34886	6	7	8	9	84	#
872	3.34886	7	8	9	10	84	#
873	3.34886	8	9	10	11	84	#
874	3.34886	9	10	11	12	84	#
875	3.34886	10	11	12	13	84	#
876	3.34886	11	12	13	14	84	#
877	3.34886	12	13	14	15	84	#
878	3.34886	13	14	15	16	84	#
879	3.34886	14	15	16	17	84	#
880	3.34886	15	16	17	18	84	#
881	3.34886	16	17	18	19	84	#
882	3.34886	17	18	19	20	84	#
883	3.34886	18	19	20	21	84	#
884	3.34886	19	20	21	22	84	#
885	3.34886	20	21	22	23	84	#
886	3.34886	21	22	23	24	84	#
887	3.34886	22	23	24	25	84	#
888	3.34886	23	24	25	26	84	#
889	2.48772	24	25	26	27	84	#
890	2.48772	25	26	27	28	84	#
891	2.48772	26	27	28	29	84	#
892	2.48772	27	28	29	30	84	#
893	2.48772	28	29	30	31	84	#
894	2.48772	29	30	31	32	84	#
895	2.48772	30	31	32	33	84	#
896	2.48772	31	32	33	34	84	#
897	2.48772	32	33	34	35	84	#
898	2.02489	33	34	35	36	84	#
899	2.02489	34	35	36	37	84	#
900	2.02489	35	36	37	38	84	#
901	2.02489	36	37	38	39	84	#
902	2.02489	37	38	39	40	84	#
903	2.02489	38	39	40	41	84	#
904	2.02489	39	40	41	42	84	#
905	2.02489	40	41	42	43	84	#
906	1.50121	41	42	43	44	84	#
907	1.50121	42	43	44	45	84	#
908	1.50121	43	44	45	46	84	#
909	1.50121	44	45	46	47	84	#
910	1.50121	45	46	47	48	84	#
911	1.50121	46	47	48	49	84	#
912	1.50121	47	48	49	50	84	#
913	1.50121	48	49	50	51	84	#
914	1.50121	49	50	51	52	84	#
915	1.50121	50	51	52	53	84	#
916	1.50121	51	52	53	54	84	#
917	1.50121	52	53	54	55	84	#
918	1.50121	53	54	55	56	84	#
919	1.50121	54	55	56	57	84	#
920	1.50121	55	56	57	58	84	#
921	1.45117	56	57	58	59	84	#
922	1.45117	57	58	59	60	84	#
923	15.0217	0	1	2	3	4	5	6	7	85	#
924	15.0217	1	2	3	4	5	6	7	8	85	#
925	15.0217	2	3	4	5	6	7	8	9	85	#
926	6.28818	0	1	2	3	4	5	6	7	86	#
927	6.28818	1	2	3	4	5	6	7	8	86	#
928	6.28818	2	3	4	5	6	7	8	9	86	#
929	6.28818	3	4	5	6	7	8	9	10	86	#
930	6.28818	4	5	6	7	8	9	10	11	86	#
931	6.28818	5	6	7	8	9	10	11	12	86	#
932	6.28818	6	7	8	9	10	11	12	13	86	#
933	6.28818	7	8	9	10	11	12	13	14	86	#
934	6.28818	8	9	10	11	12	13	14	15	86	#
935	6.28818	9	10	11	12	13	14	15	16	86	#
936	6.28818	10	11	12	13	14	15	16	17	86	#
937	6.28818	11	12	13	14	15	16	17	18	86	#
938	6.28818	12	13	14	15	16	17	18	19	86	#
939	6.28818	13	14	15	16	17	18	19	20	86	#
940	6.28818	14	15	16	17	18	19	20	21	86	#
941	6.28818	15	16	17	18	19	20	21	22	86	#
942	6.28818	16	17	18	19	20	21	22	23	86	#
943	6.28818	17	18	19	20	21	22	23	24	86	#
944	6.28818	18	19	20	21	22	23	24	25	86	#
945	6.28818	19	20	21	22	23	24	25	26	86	#
946	6.28818	20	21	22	23	24	25	26	27	86	#
947	6.28818	21	22	23	24	25	26	27	28	86	#
948	6.28818	22	23	24	25	26	27	28	29	86	#
949	6.28818	23	24	25	26	27	28	29	30	86	#
950	6.28818	24	25	26	27	28	29	30	31	86	#
951	6.28818	25	26	27	28	29	30	31	32	86	#
952	6.28818	26	27	28	29	30	31	32	33	86	#
953	6.28818	27	28	29	30	31	32	33	34	86	#
954	6.28818	28	29	30	31	32	33	34	35	86	#
955	6.28818	29	30	31	32	33	34	35	36	86	#
956	6.28818	30	31	32	33	34	35	36	37	86	#
957	4.95027	31	32	33	34	35	36	37	38	86	#
958	4.95027	32	33	34	35	36	37	38	39	86	#
959	4.95027	33	34	35	36	37	38	39	40	86	#
960	4.95027	34	35	36	37	38	39	40	41	86	#
961	4.95027	35	36	37	38	39	40	41	42	86	#
962	4.95027	36	37	38	39	40	41	42	43	86	#
963	4.95027	37	38	39	40	41	42	43	44	86	#
964	4.95027	38	39	40	41	42	43	44	45	86	#
965	4.95027	39	40	41	42	43	44	45	46	86	#
966	4.95027	40	41	42	43	44	45	46	47	86	#
967	3.94344	41	42	43	44	45	46	47	48	86	#
968	3.94344	42	43	44	45	46	47	48	49	86	#
969	3.94344	43	44	45	46	47	48	49	50	86	#
970	3.94344	44	45	46	47	48	49	50	51	86	#
971	3.94344	45	46	47	48	49	50	51	52	86	#
972	3.94344	46	47	48	49	50	51	52	53	86	#
973	3.94344	47	48	49	50	51	52	53	54	86	#
974	3.94344	48	49	50	51	52	53	54	55	86	#
975	3.94344	49	50	51	52	53	54	55	56	86	#
976	3.94344	50	51	52	53	54	55	56	57	86	#
977	3.94344	51	52	53	54	55	56	57	58	86	#
978	3.94344	52	53	54	55	56	57	58	59	86	#
979	12.6877	0	1	2	3	4	5	6	87	#
980	6.34385	1	2	3	4	5	6	7	87	#
981	6.34385	2	3	4	5	6	7	8	87	#
982	6.34385	3	4	5	6	7	8	9	87	#
983	6.34385	4	5	6	7	8	9	10	87	#
984	6.34385	5	6	7	8	9	10	11	87	#
985	6.34385	6	7	8	9	10	11	12	87	#
986	4.22923	7	8	9	10	11	12	13	87	#
987	4.22923	8	9	10	11	12	13	14	87	#
988	4.22923	9	10	11	12	13	14	15	87	#
989	4.22923	10	11	12	13	14	15	16	87	#
990	4.22923	11	12	13	14	15	16	17	87	#
991	4.22923	12	13	14	15	16	17	18	87	#
992	1.65492	13	14	15	16	17	18	19	87	#
993	1.65492	14	15	16	17	18	19	20	87	#
994	1.65492	15	16	17	18	19	20	21	87	#
995	1.65492	16	17	18	19	20	21	22	87	#
996	1.65492	17	18	19	20	21	22	23	87	#
997	1.65492	18	19	20	21	22	23	24	87	#
998	1.65492	19	20	21	22	23	24	25	87	#
999	1.65492	20	21	22	23	24	25	26	87	#
1000	1.65492	21	22	23	24	25	26	27	87	#
1001	1.65492	22	23	24	25	26	27	28	87	#
1002	1.65492	23	24	25	26	27	28	29	87	#
1003	1.65492	24	25	26	27	28	29	30	87	#
1004	1.65492	25	26	27	28	29	30	31	87	#
1005	1.65492	26	27	28	29	30	31	32	87	#
1006	1.65492	27	28	29	30	31	32	33	87	#
1007	1.65492	28	29	30	31	32	33	34	87	#
1008	1.65492	29	30	31	32	33	34	35	87	#
1009	1.65492	30	31	32	33	34	35	36	87	#
1010	1.65492	31	32	33	34	35	36	37	87	#
1011	1.65492	32	33	34	35	36	37	38	87	#
1012	1.65492	33	34	35	36	37	38	39	87	#
1013	1.65492	34	35	36	37	38	39	40	87	#
1014	1.65492	35	36	37	38	39	40	41	87	#
1015	1.65492	36	37	38	39	40	41	42	87	#
1016	1.65492	37	38	39	40	41	42	43	87	#
1017	1.65492	38	39	40	41	42	43	44	87	#
1018	1.65492	39	40	41	42	43	44	45	87	#
1019	1.65492	40	41	42	43	44	45	46	87	#
1020	1.61971	41	42	43	44	45	46	47	87	#
1021	1.49267	42	43	44	45	46	47	48	87	#
1022	1.49267	43	44	45	46	47	48	49	87	#
1023	1.49267	44	45	46	47	48	49	50	87	#
1024	1.49267	45	46	47	48	49	50	51	87	#
1025	1.29027	46	47	48	49	50	51	52	87	#
1026	1.29027	47	48	49	50	51	52	53	87	#
1027	1.29027	48	49	50	51	52	53	54	87	#
1028	1.29027	49	50	51	52	53	54	55	87	#
1029	1.29027	50	51	52	53	54	55	56	87	#
1030	1.29027	51	52	53	54	55	56	57	87	#
1031	1.29027	52	53	54	55	56	57	58	87	#
1032	1.29027	53	54	55	56	57	58	59	87	#
1033	1.26877	54	55	56	57	58	59	60	87	#
1034	1.20835	55	56	57	58	59	60	61	87	#
1035	1.20835	56	57	58	59	60	61	62	87	#
1036	1.20835	57	58	59	60	61	62	63	87	#
