%% File generated by CATS v.2.1Wed Jun 22 10:37:56 2022

%% The CATS webpage is http://robotics.stanford.edu/CATS

%% PARAMETER SETTINGS:
% Goods: 64; Bids: 1000; Distribution: scheduling; Runs: 1; Seed: 1656573129
% Scheduling Distribution Parameters:
% max_length                = 10
% deviation                 = 0.500000
% prob_additional_deadline  = 0.700000
% additivity                = 0.200000



goods 64
bids 1036
dummy 21

0	0.73497	0	64	#
1	0.73497	1	64	#
2	0.73497	2	64	#
3	0.73497	3	64	#
4	0.73497	4	64	#
5	0.73497	5	64	#
6	0.73497	6	64	#
7	0.73497	7	64	#
8	0.73497	8	64	#
9	0.73497	9	64	#
10	0.73497	10	64	#
11	0.73497	11	64	#
12	0.73497	12	64	#
13	0.73497	13	64	#
14	0.73497	14	64	#
15	0.73497	15	64	#
16	0.73497	16	64	#
17	0.73497	17	64	#
18	0.73497	18	64	#
19	0.73497	19	64	#
20	0.73497	20	64	#
21	0.73497	21	64	#
22	0.73497	22	64	#
23	0.73497	23	64	#
24	0.73497	24	64	#
25	0.73497	25	64	#
26	0.73497	26	64	#
27	0.73497	27	64	#
28	0.73497	28	64	#
29	0.73497	29	64	#
30	0.73497	30	64	#
31	0.73497	31	64	#
32	0.73497	32	64	#
33	0.73497	33	64	#
34	0.73497	34	64	#
35	0.73497	35	64	#
36	0.73497	36	64	#
37	0.73497	37	64	#
38	0.73497	38	64	#
39	0.73497	39	64	#
40	0.73497	40	64	#
41	0.73497	41	64	#
42	0.73497	42	64	#
43	0.73497	43	64	#
44	0.73497	44	64	#
45	0.73497	45	64	#
46	0.73497	46	64	#
47	0.73497	47	64	#
48	0.73497	48	64	#
49	0.73497	49	64	#
50	0.73497	50	64	#
51	0.73497	51	64	#
52	0.73497	52	64	#
53	0.73497	53	64	#
54	0.73497	54	64	#
55	0.73497	55	64	#
56	0.73497	56	64	#
57	0.73497	57	64	#
58	0.664973	58	64	#
59	0.664973	59	64	#
60	0.664973	60	64	#
61	0.664973	61	64	#
62	0.664973	62	64	#
63	0.664973	63	64	#
64	5.84599	0	1	2	3	65	#
65	5.84599	1	2	3	4	65	#
66	5.84599	2	3	4	5	65	#
67	5.84599	3	4	5	6	65	#
68	5.84599	4	5	6	7	65	#
69	5.84599	5	6	7	8	65	#
70	5.84599	6	7	8	9	65	#
71	5.84599	7	8	9	10	65	#
72	5.84599	8	9	10	11	65	#
73	5.84599	9	10	11	12	65	#
74	5.84599	10	11	12	13	65	#
75	5.84599	11	12	13	14	65	#
76	5.84599	12	13	14	15	65	#
77	5.84599	13	14	15	16	65	#
78	5.84599	14	15	16	17	65	#
79	5.84599	15	16	17	18	65	#
80	5.84599	16	17	18	19	65	#
81	5.84599	17	18	19	20	65	#
82	5.84599	18	19	20	21	65	#
83	5.84599	19	20	21	22	65	#
84	5.84599	20	21	22	23	65	#
85	5.84599	21	22	23	24	65	#
86	5.84599	22	23	24	25	65	#
87	5.84599	23	24	25	26	65	#
88	5.84599	24	25	26	27	65	#
89	5.84599	25	26	27	28	65	#
90	5.84599	26	27	28	29	65	#
91	5.84599	27	28	29	30	65	#
92	5.84599	28	29	30	31	65	#
93	5.84599	29	30	31	32	65	#
94	5.84599	30	31	32	33	65	#
95	5.84599	31	32	33	34	65	#
96	5.84599	32	33	34	35	65	#
97	5.84599	33	34	35	36	65	#
98	5.84599	34	35	36	37	65	#
99	5.84599	35	36	37	38	65	#
100	5.84599	36	37	38	39	65	#
101	5.84599	37	38	39	40	65	#
102	5.84599	38	39	40	41	65	#
103	5.84599	39	40	41	42	65	#
104	5.84599	40	41	42	43	65	#
105	5.84599	41	42	43	44	65	#
106	5.84599	42	43	44	45	65	#
107	5.84599	43	44	45	46	65	#
108	5.84599	44	45	46	47	65	#
109	5.84599	45	46	47	48	65	#
110	5.84599	46	47	48	49	65	#
111	5.84599	47	48	49	50	65	#
112	5.84599	48	49	50	51	65	#
113	5.84599	49	50	51	52	65	#
114	5.84599	50	51	52	53	65	#
115	5.84599	51	52	53	54	65	#
116	5.84599	52	53	54	55	65	#
117	5.84599	53	54	55	56	65	#
118	5.84599	54	55	56	57	65	#
119	5.84599	55	56	57	58	65	#
120	5.84599	56	57	58	59	65	#
121	5.84599	57	58	59	60	65	#
122	5.84599	58	59	60	61	65	#
123	5.84599	59	60	61	62	65	#
124	15.0756	0	1	2	3	4	5	6	66	#
125	15.0756	1	2	3	4	5	6	7	66	#
126	15.0756	2	3	4	5	6	7	8	66	#
127	15.0756	3	4	5	6	7	8	9	66	#
128	15.0756	4	5	6	7	8	9	10	66	#
129	15.0756	5	6	7	8	9	10	11	66	#
130	15.0756	6	7	8	9	10	11	12	66	#
131	15.0756	7	8	9	10	11	12	13	66	#
132	15.0756	8	9	10	11	12	13	14	66	#
133	15.0756	9	10	11	12	13	14	15	66	#
134	15.0756	10	11	12	13	14	15	16	66	#
135	15.0756	11	12	13	14	15	16	17	66	#
136	15.0756	12	13	14	15	16	17	18	66	#
137	15.0756	13	14	15	16	17	18	19	66	#
138	15.0756	14	15	16	17	18	19	20	66	#
139	15.0756	15	16	17	18	19	20	21	66	#
140	15.0756	16	17	18	19	20	21	22	66	#
141	15.0756	17	18	19	20	21	22	23	66	#
142	15.0756	18	19	20	21	22	23	24	66	#
143	15.0756	19	20	21	22	23	24	25	66	#
144	15.0756	20	21	22	23	24	25	26	66	#
145	15.0756	21	22	23	24	25	26	27	66	#
146	15.0756	22	23	24	25	26	27	28	66	#
147	15.0756	23	24	25	26	27	28	29	66	#
148	15.0756	24	25	26	27	28	29	30	66	#
149	15.0756	25	26	27	28	29	30	31	66	#
150	15.0756	26	27	28	29	30	31	32	66	#
151	15.0756	27	28	29	30	31	32	33	66	#
152	15.0756	28	29	30	31	32	33	34	66	#
153	15.0756	29	30	31	32	33	34	35	66	#
154	15.0756	30	31	32	33	34	35	36	66	#
155	15.0756	31	32	33	34	35	36	37	66	#
156	15.0756	32	33	34	35	36	37	38	66	#
157	15.0756	33	34	35	36	37	38	39	66	#
158	15.0756	34	35	36	37	38	39	40	66	#
159	15.0756	35	36	37	38	39	40	41	66	#
160	15.0756	36	37	38	39	40	41	42	66	#
161	15.0756	37	38	39	40	41	42	43	66	#
162	15.0756	38	39	40	41	42	43	44	66	#
163	15.0756	39	40	41	42	43	44	45	66	#
164	15.0756	40	41	42	43	44	45	46	66	#
165	15.0756	41	42	43	44	45	46	47	66	#
166	15.0756	42	43	44	45	46	47	48	66	#
167	15.0756	43	44	45	46	47	48	49	66	#
168	15.0756	44	45	46	47	48	49	50	66	#
169	15.0756	45	46	47	48	49	50	51	66	#
170	15.0756	46	47	48	49	50	51	52	66	#
171	15.0756	47	48	49	50	51	52	53	66	#
172	15.0756	48	49	50	51	52	53	54	66	#
173	15.0756	49	50	51	52	53	54	55	66	#
174	15.0756	50	51	52	53	54	55	56	66	#
175	3.99904	0	1	2	3	4	67	#
176	3.99904	1	2	3	4	5	67	#
177	3.99904	2	3	4	5	6	67	#
178	3.99904	3	4	5	6	7	67	#
179	3.99904	4	5	6	7	8	67	#
180	3.99904	5	6	7	8	9	67	#
181	3.99904	6	7	8	9	10	67	#
182	3.99904	7	8	9	10	11	67	#
183	3.99904	8	9	10	11	12	67	#
184	3.99904	9	10	11	12	13	67	#
185	3.99904	10	11	12	13	14	67	#
186	3.99904	11	12	13	14	15	67	#
187	3.99904	12	13	14	15	16	67	#
188	3.99904	13	14	15	16	17	67	#
189	3.99904	14	15	16	17	18	67	#
190	3.99904	15	16	17	18	19	67	#
191	3.99904	16	17	18	19	20	67	#
192	3.99904	17	18	19	20	21	67	#
193	3.99904	18	19	20	21	22	67	#
194	3.99904	19	20	21	22	23	67	#
195	3.99904	20	21	22	23	24	67	#
196	3.99904	21	22	23	24	25	67	#
197	3.99904	22	23	24	25	26	67	#
198	3.99904	23	24	25	26	27	67	#
199	3.99904	24	25	26	27	28	67	#
200	3.99904	25	26	27	28	29	67	#
201	3.99904	26	27	28	29	30	67	#
202	3.99904	27	28	29	30	31	67	#
203	3.99904	28	29	30	31	32	67	#
204	3.99904	29	30	31	32	33	67	#
205	3.99904	30	31	32	33	34	67	#
206	3.99904	31	32	33	34	35	67	#
207	3.99904	32	33	34	35	36	67	#
208	3.99904	33	34	35	36	37	67	#
209	3.99904	34	35	36	37	38	67	#
210	3.99904	35	36	37	38	39	67	#
211	3.99904	36	37	38	39	40	67	#
212	3.99904	37	38	39	40	41	67	#
213	3.99904	38	39	40	41	42	67	#
214	3.99904	39	40	41	42	43	67	#
215	3.99904	40	41	42	43	44	67	#
216	3.99904	41	42	43	44	45	67	#
217	3.99904	42	43	44	45	46	67	#
218	3.99904	43	44	45	46	47	67	#
219	3.99904	44	45	46	47	48	67	#
220	3.99904	45	46	47	48	49	67	#
221	3.99904	46	47	48	49	50	67	#
222	3.99904	47	48	49	50	51	67	#
223	3.99904	48	49	50	51	52	67	#
224	3.99904	49	50	51	52	53	67	#
225	3.99904	50	51	52	53	54	67	#
226	3.99904	51	52	53	54	55	67	#
227	3.99904	52	53	54	55	56	67	#
228	3.99904	53	54	55	56	57	67	#
229	3.99904	54	55	56	57	58	67	#
230	3.99904	55	56	57	58	59	67	#
231	3.99904	56	57	58	59	60	67	#
232	3.99904	57	58	59	60	61	67	#
233	3.99904	58	59	60	61	62	67	#
234	0.842186	0	68	#
235	0.842186	1	68	#
236	0.842186	2	68	#
237	0.842186	3	68	#
238	0.842186	4	68	#
239	0.842186	5	68	#
240	0.842186	6	68	#
241	0.842186	7	68	#
242	0.842186	8	68	#
243	0.842186	9	68	#
244	0.842186	10	68	#
245	0.842186	11	68	#
246	0.842186	12	68	#
247	0.842186	13	68	#
248	0.842186	14	68	#
249	0.842186	15	68	#
250	0.842186	16	68	#
251	0.842186	17	68	#
252	0.842186	18	68	#
253	0.842186	19	68	#
254	0.842186	20	68	#
255	0.842186	21	68	#
256	0.842186	22	68	#
257	0.842186	23	68	#
258	0.842186	24	68	#
259	0.842186	25	68	#
260	0.842186	26	68	#
261	0.377531	27	68	#
262	0.377531	28	68	#
263	0.377531	29	68	#
264	0.377531	30	68	#
265	0.377531	31	68	#
266	0.377531	32	68	#
267	0.377531	33	68	#
268	0.377531	34	68	#
269	0.377531	35	68	#
270	0.377531	36	68	#
271	0.377531	37	68	#
272	0.377531	38	68	#
273	0.377531	39	68	#
274	0.377531	40	68	#
275	0.377531	41	68	#
276	0.377531	42	68	#
277	0.377531	43	68	#
278	0.377531	44	68	#
279	0.377531	45	68	#
280	0.377531	46	68	#
281	0.377531	47	68	#
282	0.377531	48	68	#
283	0.377531	49	68	#
284	0.377531	50	68	#
285	0.377531	51	68	#
286	0.377531	52	68	#
287	0.377531	53	68	#
288	0.377531	54	68	#
289	0.377531	55	68	#
290	0.377531	56	68	#
291	0.377531	57	68	#
292	0.377531	58	68	#
293	0.353175	59	68	#
294	0.353175	60	68	#
295	0.353175	61	68	#
296	0.353175	62	68	#
297	0.347569	63	68	#
298	1.16823	0	69	#
299	1.16823	1	69	#
300	1.16823	2	69	#
301	1.16823	3	69	#
302	1.16823	4	69	#
303	1.16823	5	69	#
304	1.16823	6	69	#
305	1.16823	7	69	#
306	1.16823	8	69	#
307	1.16823	9	69	#
308	1.16823	10	69	#
309	1.16823	11	69	#
310	1.16823	12	69	#
311	1.16823	13	69	#
312	1.16823	14	69	#
313	1.16823	15	69	#
314	1.16823	16	69	#
315	1.16823	17	69	#
316	1.16823	18	69	#
317	1.16823	19	69	#
318	1.16823	20	69	#
319	1.16823	21	69	#
320	1.16823	22	69	#
321	1.16823	23	69	#
322	1.16823	24	69	#
323	1.16823	25	69	#
324	1.16823	26	69	#
325	1.16823	27	69	#
326	1.16823	28	69	#
327	1.16823	29	69	#
328	1.16823	30	69	#
329	1.16823	31	69	#
330	1.16823	32	69	#
331	1.16823	33	69	#
332	1.16823	34	69	#
333	1.16823	35	69	#
334	1.16823	36	69	#
335	1.16823	37	69	#
336	1.16823	38	69	#
337	1.16823	39	69	#
338	1.16823	40	69	#
339	1.16823	41	69	#
340	1.16823	42	69	#
341	1.16823	43	69	#
342	1.16823	44	69	#
343	1.16823	45	69	#
344	1.16823	46	69	#
345	1.16823	47	69	#
346	1.16823	48	69	#
347	1.16823	49	69	#
348	0.986952	50	69	#
349	0.986952	51	69	#
350	0.986952	52	69	#
351	0.986952	53	69	#
352	0.986952	54	69	#
353	0.986952	55	69	#
354	0.986952	56	69	#
355	0.986952	57	69	#
356	0.986952	58	69	#
357	0.806313	0	70	#
358	0.806313	1	70	#
359	0.806313	2	70	#
360	0.806313	3	70	#
361	0.806313	4	70	#
362	0.806313	5	70	#
363	0.806313	6	70	#
364	0.806313	7	70	#
365	0.806313	8	70	#
366	0.806313	9	70	#
367	0.806313	10	70	#
368	0.806313	11	70	#
369	0.806313	12	70	#
370	0.806313	13	70	#
371	0.327565	14	70	#
372	0.327565	15	70	#
373	0.327565	16	70	#
374	0.327565	17	70	#
375	0.327565	18	70	#
376	0.327565	19	70	#
377	0.327565	20	70	#
378	0.327565	21	70	#
379	0.327565	22	70	#
380	0.327565	23	70	#
381	0.327565	24	70	#
382	0.327565	25	70	#
383	0.327565	26	70	#
384	0.327565	27	70	#
385	0.327565	28	70	#
386	0.327565	29	70	#
387	0.327565	30	70	#
388	0.327565	31	70	#
389	0.327565	32	70	#
390	1.11636	0	71	#
391	1.11636	1	71	#
392	1.11636	2	71	#
393	1.11636	3	71	#
394	1.11636	4	71	#
395	1.11636	5	71	#
396	1.11636	6	71	#
397	1.11636	7	71	#
398	1.11636	8	71	#
399	1.11636	9	71	#
400	1.11636	10	71	#
401	1.11636	11	71	#
402	1.11636	12	71	#
403	1.11636	13	71	#
404	1.11636	14	71	#
405	1.11636	15	71	#
406	1.11636	16	71	#
407	1.11636	17	71	#
408	1.11636	18	71	#
409	1.11636	19	71	#
410	1.11636	20	71	#
411	1.11636	21	71	#
412	0.756245	22	71	#
413	0.756245	23	71	#
414	0.756245	24	71	#
415	0.756245	25	71	#
416	0.756245	26	71	#
417	0.756245	27	71	#
418	0.756245	28	71	#
419	0.756245	29	71	#
420	0.756245	30	71	#
421	0.756245	31	71	#
422	0.633611	32	71	#
423	0.633611	33	71	#
424	0.633611	34	71	#
425	0.633611	35	71	#
426	0.633611	36	71	#
427	0.633611	37	71	#
428	0.411291	38	71	#
429	0.411291	39	71	#
430	0.411291	40	71	#
431	0.411291	41	71	#
432	0.411291	42	71	#
433	0.411291	43	71	#
434	0.411291	44	71	#
435	0.411291	45	71	#
436	0.411291	46	71	#
437	0.411291	47	71	#
438	0.411291	48	71	#
439	0.411291	49	71	#
440	0.411291	50	71	#
441	0.411291	51	71	#
442	0.411291	52	71	#
443	0.411291	53	71	#
444	0.411291	54	71	#
445	0.411291	55	71	#
446	0.411291	56	71	#
447	0.411291	57	71	#
448	9.26444	0	1	2	3	4	5	6	72	#
449	9.26444	1	2	3	4	5	6	7	72	#
450	9.26444	2	3	4	5	6	7	8	72	#
451	9.26444	3	4	5	6	7	8	9	72	#
452	9.26444	4	5	6	7	8	9	10	72	#
453	9.26444	5	6	7	8	9	10	11	72	#
454	9.26444	6	7	8	9	10	11	12	72	#
455	9.26444	7	8	9	10	11	12	13	72	#
456	9.26444	8	9	10	11	12	13	14	72	#
457	9.26444	9	10	11	12	13	14	15	72	#
458	9.26444	10	11	12	13	14	15	16	72	#
459	9.26444	11	12	13	14	15	16	17	72	#
460	9.26444	12	13	14	15	16	17	18	72	#
461	9.26444	13	14	15	16	17	18	19	72	#
462	9.26444	14	15	16	17	18	19	20	72	#
463	9.26444	15	16	17	18	19	20	21	72	#
464	9.26444	16	17	18	19	20	21	22	72	#
465	9.26444	17	18	19	20	21	22	23	72	#
466	9.26444	18	19	20	21	22	23	24	72	#
467	9.26444	19	20	21	22	23	24	25	72	#
468	9.26444	20	21	22	23	24	25	26	72	#
469	9.26444	21	22	23	24	25	26	27	72	#
470	9.26444	22	23	24	25	26	27	28	72	#
471	9.26444	23	24	25	26	27	28	29	72	#
472	9.26444	24	25	26	27	28	29	30	72	#
473	9.26444	25	26	27	28	29	30	31	72	#
474	9.26444	26	27	28	29	30	31	32	72	#
475	9.26444	27	28	29	30	31	32	33	72	#
476	9.26444	28	29	30	31	32	33	34	72	#
477	9.26444	29	30	31	32	33	34	35	72	#
478	9.26444	30	31	32	33	34	35	36	72	#
479	9.26444	31	32	33	34	35	36	37	72	#
480	9.26444	32	33	34	35	36	37	38	72	#
481	9.26444	33	34	35	36	37	38	39	72	#
482	9.26444	34	35	36	37	38	39	40	72	#
483	9.26444	35	36	37	38	39	40	41	72	#
484	9.26444	36	37	38	39	40	41	42	72	#
485	8.27886	37	38	39	40	41	42	43	72	#
486	8.27886	38	39	40	41	42	43	44	72	#
487	8.27886	39	40	41	42	43	44	45	72	#
488	8.27886	40	41	42	43	44	45	46	72	#
489	8.27886	41	42	43	44	45	46	47	72	#
490	7.07467	42	43	44	45	46	47	48	72	#
491	7.07467	43	44	45	46	47	48	49	72	#
492	7.07467	44	45	46	47	48	49	50	72	#
493	7.07467	45	46	47	48	49	50	51	72	#
494	7.07467	46	47	48	49	50	51	52	72	#
495	7.07467	47	48	49	50	51	52	53	72	#
496	7.07467	48	49	50	51	52	53	54	72	#
497	7.07467	49	50	51	52	53	54	55	72	#
498	6.94833	50	51	52	53	54	55	56	72	#
499	7.56003	0	1	2	3	4	5	6	7	73	#
500	7.56003	1	2	3	4	5	6	7	8	73	#
501	7.56003	2	3	4	5	6	7	8	9	73	#
502	7.56003	3	4	5	6	7	8	9	10	73	#
503	7.56003	4	5	6	7	8	9	10	11	73	#
504	7.56003	5	6	7	8	9	10	11	12	73	#
505	7.56003	6	7	8	9	10	11	12	13	73	#
506	7.56003	7	8	9	10	11	12	13	14	73	#
507	7.56003	8	9	10	11	12	13	14	15	73	#
508	7.56003	9	10	11	12	13	14	15	16	73	#
509	7.56003	10	11	12	13	14	15	16	17	73	#
510	7.56003	11	12	13	14	15	16	17	18	73	#
511	7.56003	12	13	14	15	16	17	18	19	73	#
512	7.56003	13	14	15	16	17	18	19	20	73	#
513	7.56003	14	15	16	17	18	19	20	21	73	#
514	7.56003	15	16	17	18	19	20	21	22	73	#
515	7.56003	16	17	18	19	20	21	22	23	73	#
516	7.56003	17	18	19	20	21	22	23	24	73	#
517	7.56003	18	19	20	21	22	23	24	25	73	#
518	7.56003	19	20	21	22	23	24	25	26	73	#
519	7.56003	20	21	22	23	24	25	26	27	73	#
520	7.56003	21	22	23	24	25	26	27	28	73	#
521	7.56003	22	23	24	25	26	27	28	29	73	#
522	7.56003	23	24	25	26	27	28	29	30	73	#
523	7.56003	24	25	26	27	28	29	30	31	73	#
524	7.56003	25	26	27	28	29	30	31	32	73	#
525	7.56003	26	27	28	29	30	31	32	33	73	#
526	7.56003	27	28	29	30	31	32	33	34	73	#
527	7.56003	28	29	30	31	32	33	34	35	73	#
528	7.56003	29	30	31	32	33	34	35	36	73	#
529	7.56003	30	31	32	33	34	35	36	37	73	#
530	7.56003	31	32	33	34	35	36	37	38	73	#
531	7.56003	32	33	34	35	36	37	38	39	73	#
532	6.28415	0	1	2	3	4	74	#
533	6.28415	1	2	3	4	5	74	#
534	6.28415	2	3	4	5	6	74	#
535	6.28415	3	4	5	6	7	74	#
536	6.28415	4	5	6	7	8	74	#
537	6.28415	5	6	7	8	9	74	#
538	6.28415	6	7	8	9	10	74	#
539	6.28415	7	8	9	10	11	74	#
540	6.28415	8	9	10	11	12	74	#
541	6.28415	9	10	11	12	13	74	#
542	6.28415	10	11	12	13	14	74	#
543	6.28415	11	12	13	14	15	74	#
544	6.28415	12	13	14	15	16	74	#
545	6.28415	13	14	15	16	17	74	#
546	6.28415	14	15	16	17	18	74	#
547	6.28415	15	16	17	18	19	74	#
548	6.28415	16	17	18	19	20	74	#
549	6.28415	17	18	19	20	21	74	#
550	6.28415	18	19	20	21	22	74	#
551	6.28415	19	20	21	22	23	74	#
552	6.28415	20	21	22	23	24	74	#
553	6.28415	21	22	23	24	25	74	#
554	6.28415	22	23	24	25	26	74	#
555	6.28415	23	24	25	26	27	74	#
556	6.28415	24	25	26	27	28	74	#
557	6.28415	25	26	27	28	29	74	#
558	6.28415	26	27	28	29	30	74	#
559	6.28415	27	28	29	30	31	74	#
560	6.28415	28	29	30	31	32	74	#
561	6.28415	29	30	31	32	33	74	#
562	6.28415	30	31	32	33	34	74	#
563	6.28415	31	32	33	34	35	74	#
564	6.28415	32	33	34	35	36	74	#
565	6.28415	33	34	35	36	37	74	#
566	6.28415	34	35	36	37	38	74	#
567	6.28415	35	36	37	38	39	74	#
568	6.28415	36	37	38	39	40	74	#
569	5.9849	37	38	39	40	41	74	#
570	5.9849	38	39	40	41	42	74	#
571	3.29927	0	1	75	#
572	3.29927	1	2	75	#
573	3.29927	2	3	75	#
574	3.29927	3	4	75	#
575	3.29927	4	5	75	#
576	3.29927	5	6	75	#
577	3.29927	6	7	75	#
578	3.29927	7	8	75	#
579	3.29927	8	9	75	#
580	3.29927	9	10	75	#
581	3.29927	10	11	75	#
582	3.29927	11	12	75	#
583	3.29927	12	13	75	#
584	3.29927	13	14	75	#
585	3.29927	14	15	75	#
586	3.29927	15	16	75	#
587	3.29927	16	17	75	#
588	3.29927	17	18	75	#
589	3.29927	18	19	75	#
590	3.29927	19	20	75	#
591	3.29927	20	21	75	#
592	3.29927	21	22	75	#
593	3.29927	22	23	75	#
594	3.29927	23	24	75	#
595	3.29927	24	25	75	#
596	3.29927	25	26	75	#
597	3.29927	26	27	75	#
598	3.29927	27	28	75	#
599	3.29927	28	29	75	#
600	1.54321	29	30	75	#
601	1.54321	30	31	75	#
602	1.54321	31	32	75	#
603	1.54321	32	33	75	#
604	1.54321	33	34	75	#
605	1.54321	34	35	75	#
606	1.54321	35	36	75	#
607	1.54321	36	37	75	#
608	1.54321	37	38	75	#
609	1.54321	38	39	75	#
610	1.54321	39	40	75	#
611	1.54321	40	41	75	#
612	1.54321	41	42	75	#
613	1.54321	42	43	75	#
614	1.54321	43	44	75	#
615	1.54321	44	45	75	#
616	1.54321	45	46	75	#
617	1.54321	46	47	75	#
618	1.54321	47	48	75	#
619	1.54321	48	49	75	#
620	1.54321	49	50	75	#
621	1.54321	50	51	75	#
622	1.54321	51	52	75	#
623	1.54321	52	53	75	#
624	1.54321	53	54	75	#
625	1.54321	54	55	75	#
626	1.54321	55	56	75	#
627	1.54321	56	57	75	#
628	1.54321	57	58	75	#
629	1.54321	58	59	75	#
630	1.54321	59	60	75	#
631	1.54321	60	61	75	#
632	1.54321	61	62	75	#
633	2.24574	0	1	76	#
634	2.24574	1	2	76	#
635	2.24574	2	3	76	#
636	2.24574	3	4	76	#
637	2.24574	4	5	76	#
638	2.24574	5	6	76	#
639	2.24574	6	7	76	#
640	2.24574	7	8	76	#
641	2.24574	8	9	76	#
642	2.24574	9	10	76	#
643	2.24574	10	11	76	#
644	2.24574	11	12	76	#
645	2.24574	12	13	76	#
646	2.24574	13	14	76	#
647	2.24574	14	15	76	#
648	2.24574	15	16	76	#
649	2.24574	16	17	76	#
650	2.24574	17	18	76	#
651	2.24574	18	19	76	#
652	2.24574	19	20	76	#
653	2.24574	20	21	76	#
654	0.813113	21	22	76	#
655	0.813113	22	23	76	#
656	0.813113	23	24	76	#
657	0.813113	24	25	76	#
658	0.813113	25	26	76	#
659	0.813113	26	27	76	#
660	0.813113	27	28	76	#
661	0.813113	28	29	76	#
662	0.813113	29	30	76	#
663	0.813113	30	31	76	#
664	0.813113	31	32	76	#
665	0.813113	32	33	76	#
666	0.813113	33	34	76	#
667	0.813113	34	35	76	#
668	0.813113	35	36	76	#
669	0.813113	36	37	76	#
670	0.813113	37	38	76	#
671	0.813113	38	39	76	#
672	0.813113	39	40	76	#
673	0.813113	40	41	76	#
674	0.813113	41	42	76	#
675	0.813113	42	43	76	#
676	0.813113	43	44	76	#
677	0.813113	44	45	76	#
678	0.813113	45	46	76	#
679	0.813113	46	47	76	#
680	0.813113	47	48	76	#
681	0.813113	48	49	76	#
682	0.813113	49	50	76	#
683	0.813113	50	51	76	#
684	0.813113	51	52	76	#
685	0.813113	52	53	76	#
686	0.813113	53	54	76	#
687	0.813113	54	55	76	#
688	0.813113	55	56	76	#
689	0.813113	56	57	76	#
690	0.813113	57	58	76	#
691	0.773124	58	59	76	#
692	0.773124	59	60	76	#
693	0.773124	60	61	76	#
694	0.760654	61	62	76	#
695	15.3182	0	1	2	3	4	5	6	7	77	#
696	8.24827	1	2	3	4	5	6	7	8	77	#
697	8.24827	2	3	4	5	6	7	8	9	77	#
698	8.24827	3	4	5	6	7	8	9	10	77	#
699	8.24827	4	5	6	7	8	9	10	11	77	#
700	8.24827	5	6	7	8	9	10	11	12	77	#
701	8.24827	6	7	8	9	10	11	12	13	77	#
702	5.64355	7	8	9	10	11	12	13	14	77	#
703	5.64355	8	9	10	11	12	13	14	15	77	#
704	5.64355	9	10	11	12	13	14	15	16	77	#
705	5.64355	10	11	12	13	14	15	16	17	77	#
706	5.64355	11	12	13	14	15	16	17	18	77	#
707	5.64355	12	13	14	15	16	17	18	19	77	#
708	2.61531	13	14	15	16	17	18	19	20	77	#
709	2.61531	14	15	16	17	18	19	20	21	77	#
710	2.61531	15	16	17	18	19	20	21	22	77	#
711	2.61531	16	17	18	19	20	21	22	23	77	#
712	2.61531	17	18	19	20	21	22	23	24	77	#
713	2.61531	18	19	20	21	22	23	24	25	77	#
714	2.61531	19	20	21	22	23	24	25	26	77	#
715	2.61531	20	21	22	23	24	25	26	27	77	#
716	2.61531	21	22	23	24	25	26	27	28	77	#
717	2.61531	22	23	24	25	26	27	28	29	77	#
718	2.61531	23	24	25	26	27	28	29	30	77	#
719	2.61531	24	25	26	27	28	29	30	31	77	#
720	2.61531	25	26	27	28	29	30	31	32	77	#
721	2.61531	26	27	28	29	30	31	32	33	77	#
722	2.61531	27	28	29	30	31	32	33	34	77	#
723	2.61531	28	29	30	31	32	33	34	35	77	#
724	2.61531	29	30	31	32	33	34	35	36	77	#
725	2.61531	30	31	32	33	34	35	36	37	77	#
726	2.61531	31	32	33	34	35	36	37	38	77	#
727	2.61531	32	33	34	35	36	37	38	39	77	#
728	2.61531	33	34	35	36	37	38	39	40	77	#
729	2.61531	34	35	36	37	38	39	40	41	77	#
730	2.06207	35	36	37	38	39	40	41	42	77	#
731	2.06207	36	37	38	39	40	41	42	43	77	#
732	2.06207	37	38	39	40	41	42	43	44	77	#
733	2.06207	38	39	40	41	42	43	44	45	77	#
734	2.06207	39	40	41	42	43	44	45	46	77	#
735	2.06207	40	41	42	43	44	45	46	47	77	#
736	2.06207	41	42	43	44	45	46	47	48	77	#
737	2.06207	42	43	44	45	46	47	48	49	77	#
738	2.06207	43	44	45	46	47	48	49	50	77	#
739	2.06207	44	45	46	47	48	49	50	51	77	#
740	2.06207	45	46	47	48	49	50	51	52	77	#
741	1.84875	46	47	48	49	50	51	52	53	77	#
742	1.84875	47	48	49	50	51	52	53	54	77	#
743	1.84875	48	49	50	51	52	53	54	55	77	#
744	1.84875	49	50	51	52	53	54	55	56	77	#
745	1.84875	50	51	52	53	54	55	56	57	77	#
746	1.84875	51	52	53	54	55	56	57	58	77	#
747	1.78713	52	53	54	55	56	57	58	59	77	#
748	1.78713	53	54	55	56	57	58	59	60	77	#
749	1.75783	54	55	56	57	58	59	60	61	77	#
750	1.72948	55	56	57	58	59	60	61	62	77	#
751	9.95544	0	1	2	3	4	5	78	#
752	9.95544	1	2	3	4	5	6	78	#
753	4.81916	0	1	2	3	79	#
754	4.81916	1	2	3	4	79	#
755	4.81916	2	3	4	5	79	#
756	4.81916	3	4	5	6	79	#
757	4.81916	4	5	6	7	79	#
758	4.81916	5	6	7	8	79	#
759	4.81916	6	7	8	9	79	#
760	4.81916	7	8	9	10	79	#
761	4.81916	8	9	10	11	79	#
762	4.81916	9	10	11	12	79	#
763	4.81916	10	11	12	13	79	#
764	4.81916	11	12	13	14	79	#
765	4.81916	12	13	14	15	79	#
766	4.81916	13	14	15	16	79	#
767	4.81916	14	15	16	17	79	#
768	4.81916	15	16	17	18	79	#
769	4.81916	16	17	18	19	79	#
770	4.81916	17	18	19	20	79	#
771	4.81916	18	19	20	21	79	#
772	4.81916	19	20	21	22	79	#
773	4.81916	20	21	22	23	79	#
774	4.81916	21	22	23	24	79	#
775	4.81916	22	23	24	25	79	#
776	4.81916	23	24	25	26	79	#
777	4.81916	24	25	26	27	79	#
778	4.81916	25	26	27	28	79	#
779	4.81916	26	27	28	29	79	#
780	4.81916	27	28	29	30	79	#
781	4.81916	28	29	30	31	79	#
782	4.81916	29	30	31	32	79	#
783	4.81916	30	31	32	33	79	#
784	4.81916	31	32	33	34	79	#
785	4.81916	32	33	34	35	79	#
786	4.81916	33	34	35	36	79	#
787	4.81916	34	35	36	37	79	#
788	4.81916	35	36	37	38	79	#
789	4.81916	36	37	38	39	79	#
790	4.81916	37	38	39	40	79	#
791	2.16956	0	1	80	#
792	2.16956	1	2	80	#
793	2.16956	2	3	80	#
794	2.16956	3	4	80	#
795	2.16956	4	5	80	#
796	2.16956	5	6	80	#
797	2.16956	6	7	80	#
798	2.16956	7	8	80	#
799	2.16956	8	9	80	#
800	2.16956	9	10	80	#
801	2.16956	10	11	80	#
802	2.16956	11	12	80	#
803	2.16956	12	13	80	#
804	2.16956	13	14	80	#
805	2.16956	14	15	80	#
806	2.16956	15	16	80	#
807	2.16956	16	17	80	#
808	2.16956	17	18	80	#
809	2.16956	18	19	80	#
810	2.16956	19	20	80	#
811	2.16956	20	21	80	#
812	2.16956	21	22	80	#
813	2.16956	22	23	80	#
814	2.16956	23	24	80	#
815	2.16956	24	25	80	#
816	2.16956	25	26	80	#
817	2.16956	26	27	80	#
818	2.16956	27	28	80	#
819	2.16956	28	29	80	#
820	2.16956	29	30	80	#
821	2.16956	30	31	80	#
822	2.16956	31	32	80	#
823	2.16956	32	33	80	#
824	2.16956	33	34	80	#
825	2.16956	34	35	80	#
826	2.16956	35	36	80	#
827	2.16956	36	37	80	#
828	2.16956	37	38	80	#
829	2.16956	38	39	80	#
830	2.16956	39	40	80	#
831	2.16956	40	41	80	#
832	2.16956	41	42	80	#
833	2.16956	42	43	80	#
834	2.16956	43	44	80	#
835	2.16956	44	45	80	#
836	1.65475	45	46	80	#
837	1.65475	46	47	80	#
838	1.65475	47	48	80	#
839	1.65475	48	49	80	#
840	1.65475	49	50	80	#
841	1.65475	50	51	80	#
842	1.65475	51	52	80	#
843	1.65475	52	53	80	#
844	1.65475	53	54	80	#
845	1.65475	54	55	80	#
846	1.65475	55	56	80	#
847	1.65475	56	57	80	#
848	1.65475	57	58	80	#
849	1.65475	58	59	80	#
850	1.62717	59	60	80	#
851	1.54968	60	61	80	#
852	1.54968	61	62	80	#
853	1.54968	62	63	80	#
854	2.27933	0	1	2	81	#
855	2.27933	1	2	3	81	#
856	2.27933	2	3	4	81	#
857	2.27933	3	4	5	81	#
858	2.27933	4	5	6	81	#
859	2.27933	5	6	7	81	#
860	2.27933	6	7	8	81	#
861	2.27933	7	8	9	81	#
862	2.27933	8	9	10	81	#
863	2.27933	9	10	11	81	#
864	2.27933	10	11	12	81	#
865	2.27933	11	12	13	81	#
866	2.27933	12	13	14	81	#
867	2.27933	13	14	15	81	#
868	2.27933	14	15	16	81	#
869	2.27933	15	16	17	81	#
870	2.27933	16	17	18	81	#
871	2.27933	17	18	19	81	#
872	2.27933	18	19	20	81	#
873	2.27933	19	20	21	81	#
874	2.27933	20	21	22	81	#
875	2.27933	21	22	23	81	#
876	2.27933	22	23	24	81	#
877	2.27933	23	24	25	81	#
878	2.27933	24	25	26	81	#
879	2.27933	25	26	27	81	#
880	2.27933	26	27	28	81	#
881	2.27933	27	28	29	81	#
882	2.27933	28	29	30	81	#
883	2.27933	29	30	31	81	#
884	2.27933	30	31	32	81	#
885	2.27933	31	32	33	81	#
886	1.34318	32	33	34	81	#
887	1.34318	33	34	35	81	#
888	1.34318	34	35	36	81	#
889	1.34318	35	36	37	81	#
890	1.34318	36	37	38	81	#
891	1.34318	37	38	39	81	#
892	1.34318	38	39	40	81	#
893	1.34318	39	40	41	81	#
894	1.34318	40	41	42	81	#
895	1.34318	41	42	43	81	#
896	1.34318	42	43	44	81	#
897	1.34318	43	44	45	81	#
898	1.34318	44	45	46	81	#
899	1.34318	45	46	47	81	#
900	1.34318	46	47	48	81	#
901	1.34318	47	48	49	81	#
902	1.34318	48	49	50	81	#
903	1.34318	49	50	51	81	#
904	1.34318	50	51	52	81	#
905	1.34318	51	52	53	81	#
906	1.34318	52	53	54	81	#
907	1.34318	53	54	55	81	#
908	1.34318	54	55	56	81	#
909	1.31961	55	56	57	81	#
910	13.7813	0	1	2	3	4	5	6	7	8	9	82	#
911	13.7813	1	2	3	4	5	6	7	8	9	10	82	#
912	13.7813	2	3	4	5	6	7	8	9	10	11	82	#
913	13.7813	3	4	5	6	7	8	9	10	11	12	82	#
914	13.7813	4	5	6	7	8	9	10	11	12	13	82	#
915	13.7813	5	6	7	8	9	10	11	12	13	14	82	#
916	13.7813	6	7	8	9	10	11	12	13	14	15	82	#
917	13.7813	7	8	9	10	11	12	13	14	15	16	82	#
918	13.7813	8	9	10	11	12	13	14	15	16	17	82	#
919	13.7813	9	10	11	12	13	14	15	16	17	18	82	#
920	13.7813	10	11	12	13	14	15	16	17	18	19	82	#
921	13.7813	11	12	13	14	15	16	17	18	19	20	82	#
922	13.7813	12	13	14	15	16	17	18	19	20	21	82	#
923	13.7813	13	14	15	16	17	18	19	20	21	22	82	#
924	13.7813	14	15	16	17	18	19	20	21	22	23	82	#
925	13.7813	15	16	17	18	19	20	21	22	23	24	82	#
926	13.7813	16	17	18	19	20	21	22	23	24	25	82	#
927	13.7813	17	18	19	20	21	22	23	24	25	26	82	#
928	13.7813	18	19	20	21	22	23	24	25	26	27	82	#
929	13.7813	19	20	21	22	23	24	25	26	27	28	82	#
930	13.7813	20	21	22	23	24	25	26	27	28	29	82	#
931	13.7813	21	22	23	24	25	26	27	28	29	30	82	#
932	13.7813	22	23	24	25	26	27	28	29	30	31	82	#
933	8.21577	23	24	25	26	27	28	29	30	31	32	82	#
934	8.21577	24	25	26	27	28	29	30	31	32	33	82	#
935	8.21577	25	26	27	28	29	30	31	32	33	34	82	#
936	8.21577	26	27	28	29	30	31	32	33	34	35	82	#
937	8.21577	27	28	29	30	31	32	33	34	35	36	82	#
938	8.21577	28	29	30	31	32	33	34	35	36	37	82	#
939	8.21577	29	30	31	32	33	34	35	36	37	38	82	#
940	8.21577	30	31	32	33	34	35	36	37	38	39	82	#
941	8.21577	31	32	33	34	35	36	37	38	39	40	82	#
942	8.21577	32	33	34	35	36	37	38	39	40	41	82	#
943	8.21577	33	34	35	36	37	38	39	40	41	42	82	#
944	8.21577	34	35	36	37	38	39	40	41	42	43	82	#
945	8.21577	35	36	37	38	39	40	41	42	43	44	82	#
946	8.21577	36	37	38	39	40	41	42	43	44	45	82	#
947	8.21577	37	38	39	40	41	42	43	44	45	46	82	#
948	8.21577	38	39	40	41	42	43	44	45	46	47	82	#
949	8.21577	39	40	41	42	43	44	45	46	47	48	82	#
950	8.21577	40	41	42	43	44	45	46	47	48	49	82	#
951	8.21577	41	42	43	44	45	46	47	48	49	50	82	#
952	8.21577	42	43	44	45	46	47	48	49	50	51	82	#
953	8.21577	43	44	45	46	47	48	49	50	51	52	82	#
954	6.89064	44	45	46	47	48	49	50	51	52	53	82	#
955	6.89064	45	46	47	48	49	50	51	52	53	54	82	#
956	6.89064	46	47	48	49	50	51	52	53	54	55	82	#
957	6.89064	47	48	49	50	51	52	53	54	55	56	82	#
958	6.89064	48	49	50	51	52	53	54	55	56	57	82	#
959	6.89064	49	50	51	52	53	54	55	56	57	58	82	#
960	6.89064	50	51	52	53	54	55	56	57	58	59	82	#
961	6.89064	51	52	53	54	55	56	57	58	59	60	82	#
962	6.89064	52	53	54	55	56	57	58	59	60	61	82	#
963	6.89064	53	54	55	56	57	58	59	60	61	62	82	#
964	16.5824	0	1	2	3	4	5	6	7	8	9	83	#
965	16.5824	1	2	3	4	5	6	7	8	9	10	83	#
966	16.5824	2	3	4	5	6	7	8	9	10	11	83	#
967	16.5824	3	4	5	6	7	8	9	10	11	12	83	#
968	16.5824	4	5	6	7	8	9	10	11	12	13	83	#
969	16.5824	5	6	7	8	9	10	11	12	13	14	83	#
970	16.5824	6	7	8	9	10	11	12	13	14	15	83	#
971	16.5824	7	8	9	10	11	12	13	14	15	16	83	#
972	16.5824	8	9	10	11	12	13	14	15	16	17	83	#
973	16.5824	9	10	11	12	13	14	15	16	17	18	83	#
974	16.5824	10	11	12	13	14	15	16	17	18	19	83	#
975	16.5824	11	12	13	14	15	16	17	18	19	20	83	#
976	16.5824	12	13	14	15	16	17	18	19	20	21	83	#
977	4.51082	0	1	2	3	4	5	84	#
978	4.51082	1	2	3	4	5	6	84	#
979	4.51082	2	3	4	5	6	7	84	#
980	4.51082	3	4	5	6	7	8	84	#
981	4.51082	4	5	6	7	8	9	84	#
982	4.51082	5	6	7	8	9	10	84	#
983	4.51082	6	7	8	9	10	11	84	#
984	4.51082	7	8	9	10	11	12	84	#
985	4.51082	8	9	10	11	12	13	84	#
986	4.51082	9	10	11	12	13	14	84	#
987	4.51082	10	11	12	13	14	15	84	#
988	4.51082	11	12	13	14	15	16	84	#
989	4.51082	12	13	14	15	16	17	84	#
990	4.51082	13	14	15	16	17	18	84	#
991	4.51082	14	15	16	17	18	19	84	#
992	4.51082	15	16	17	18	19	20	84	#
993	4.51082	16	17	18	19	20	21	84	#
994	4.51082	17	18	19	20	21	22	84	#
995	4.51082	18	19	20	21	22	23	84	#
996	4.51082	19	20	21	22	23	24	84	#
997	4.51082	20	21	22	23	24	25	84	#
998	4.51082	21	22	23	24	25	26	84	#
999	4.51082	22	23	24	25	26	27	84	#
1000	4.51082	23	24	25	26	27	28	84	#
1001	4.51082	24	25	26	27	28	29	84	#
1002	4.51082	25	26	27	28	29	30	84	#
1003	4.51082	26	27	28	29	30	31	84	#
1004	4.51082	27	28	29	30	31	32	84	#
1005	4.51082	28	29	30	31	32	33	84	#
1006	4.51082	29	30	31	32	33	34	84	#
1007	4.51082	30	31	32	33	34	35	84	#
1008	4.51082	31	32	33	34	35	36	84	#
1009	4.51082	32	33	34	35	36	37	84	#
1010	4.51082	33	34	35	36	37	38	84	#
1011	4.51082	34	35	36	37	38	39	84	#
1012	4.51082	35	36	37	38	39	40	84	#
1013	4.51082	36	37	38	39	40	41	84	#
1014	4.51082	37	38	39	40	41	42	84	#
1015	4.51082	38	39	40	41	42	43	84	#
1016	3.34423	39	40	41	42	43	44	84	#
1017	3.34423	40	41	42	43	44	45	84	#
1018	3.34423	41	42	43	44	45	46	84	#
1019	3.34423	42	43	44	45	46	47	84	#
1020	3.34423	43	44	45	46	47	48	84	#
1021	3.34423	44	45	46	47	48	49	84	#
1022	3.34423	45	46	47	48	49	50	84	#
1023	3.34423	46	47	48	49	50	51	84	#
1024	3.34423	47	48	49	50	51	52	84	#
1025	3.34423	48	49	50	51	52	53	84	#
1026	3.34423	49	50	51	52	53	54	84	#
1027	3.34423	50	51	52	53	54	55	84	#
1028	3.34423	51	52	53	54	55	56	84	#
1029	3.34423	52	53	54	55	56	57	84	#
1030	3.34423	53	54	55	56	57	58	84	#
1031	3.07882	54	55	56	57	58	59	84	#
1032	3.07882	55	56	57	58	59	60	84	#
1033	3.07882	56	57	58	59	60	61	84	#
1034	3.07882	57	58	59	60	61	62	84	#
1035	3.07882	58	59	60	61	62	63	84	#
