%% File generated by CATS v.2.1Wed Jun 22 10:37:56 2022

%% The CATS webpage is http://robotics.stanford.edu/CATS

%% PARAMETER SETTINGS:
% Goods: 64; Bids: 1000; Distribution: scheduling; Runs: 1; Seed: 1656573133
% Scheduling Distribution Parameters:
% max_length                = 10
% deviation                 = 0.500000
% prob_additional_deadline  = 0.700000
% additivity                = 0.200000



goods 64
bids 1049
dummy 22

0	0.688752	0	64	#
1	0.688752	1	64	#
2	0.688752	2	64	#
3	0.688752	3	64	#
4	0.688752	4	64	#
5	0.688752	5	64	#
6	0.688752	6	64	#
7	0.688752	7	64	#
8	0.688752	8	64	#
9	0.688752	9	64	#
10	0.688752	10	64	#
11	0.688752	11	64	#
12	0.148554	12	64	#
13	0.148554	13	64	#
14	0.148554	14	64	#
15	0.148554	15	64	#
16	0.148554	16	64	#
17	0.148554	17	64	#
18	0.148554	18	64	#
19	0.148554	19	64	#
20	0.148554	20	64	#
21	0.148554	21	64	#
22	0.148554	22	64	#
23	0.148554	23	64	#
24	0.148554	24	64	#
25	0.148554	25	64	#
26	0.148554	26	64	#
27	0.148554	27	64	#
28	0.148554	28	64	#
29	0.148554	29	64	#
30	0.148554	30	64	#
31	0.148554	31	64	#
32	0.148554	32	64	#
33	0.148554	33	64	#
34	0.148554	34	64	#
35	0.148554	35	64	#
36	0.148554	36	64	#
37	0.148554	37	64	#
38	0.148554	38	64	#
39	0.148554	39	64	#
40	0.148554	40	64	#
41	0.148554	41	64	#
42	0.148554	42	64	#
43	0.148554	43	64	#
44	0.148554	44	64	#
45	0.148554	45	64	#
46	0.148554	46	64	#
47	0.148554	47	64	#
48	0.148554	48	64	#
49	0.148554	49	64	#
50	0.148554	50	64	#
51	0.148554	51	64	#
52	0.124201	52	64	#
53	0.124201	53	64	#
54	0.124201	54	64	#
55	0.124201	55	64	#
56	0.124201	56	64	#
57	0.124201	57	64	#
58	0.124201	58	64	#
59	0.124201	59	64	#
60	0.124201	60	64	#
61	0.124201	61	64	#
62	0.120258	62	64	#
63	0.120258	63	64	#
64	8.3008	0	1	2	3	4	65	#
65	8.3008	1	2	3	4	5	65	#
66	8.3008	2	3	4	5	6	65	#
67	8.3008	3	4	5	6	7	65	#
68	8.3008	4	5	6	7	8	65	#
69	8.3008	5	6	7	8	9	65	#
70	8.3008	6	7	8	9	10	65	#
71	8.3008	7	8	9	10	11	65	#
72	8.3008	8	9	10	11	12	65	#
73	11.3055	0	1	2	3	4	5	6	7	8	66	#
74	11.3055	1	2	3	4	5	6	7	8	9	66	#
75	11.3055	2	3	4	5	6	7	8	9	10	66	#
76	11.3055	3	4	5	6	7	8	9	10	11	66	#
77	11.3055	4	5	6	7	8	9	10	11	12	66	#
78	11.3055	5	6	7	8	9	10	11	12	13	66	#
79	11.3055	6	7	8	9	10	11	12	13	14	66	#
80	11.3055	7	8	9	10	11	12	13	14	15	66	#
81	11.3055	8	9	10	11	12	13	14	15	16	66	#
82	11.3055	9	10	11	12	13	14	15	16	17	66	#
83	11.3055	10	11	12	13	14	15	16	17	18	66	#
84	11.3055	11	12	13	14	15	16	17	18	19	66	#
85	11.3055	12	13	14	15	16	17	18	19	20	66	#
86	11.3055	13	14	15	16	17	18	19	20	21	66	#
87	11.3055	14	15	16	17	18	19	20	21	22	66	#
88	11.3055	15	16	17	18	19	20	21	22	23	66	#
89	11.3055	16	17	18	19	20	21	22	23	24	66	#
90	11.3055	17	18	19	20	21	22	23	24	25	66	#
91	11.3055	18	19	20	21	22	23	24	25	26	66	#
92	11.3055	19	20	21	22	23	24	25	26	27	66	#
93	11.3055	20	21	22	23	24	25	26	27	28	66	#
94	11.3055	21	22	23	24	25	26	27	28	29	66	#
95	11.3055	22	23	24	25	26	27	28	29	30	66	#
96	11.3055	23	24	25	26	27	28	29	30	31	66	#
97	11.3055	24	25	26	27	28	29	30	31	32	66	#
98	11.3055	25	26	27	28	29	30	31	32	33	66	#
99	11.3055	26	27	28	29	30	31	32	33	34	66	#
100	11.3055	27	28	29	30	31	32	33	34	35	66	#
101	11.3055	28	29	30	31	32	33	34	35	36	66	#
102	11.3055	29	30	31	32	33	34	35	36	37	66	#
103	11.3055	30	31	32	33	34	35	36	37	38	66	#
104	11.3055	31	32	33	34	35	36	37	38	39	66	#
105	11.3055	32	33	34	35	36	37	38	39	40	66	#
106	11.3055	33	34	35	36	37	38	39	40	41	66	#
107	11.3055	34	35	36	37	38	39	40	41	42	66	#
108	11.3055	35	36	37	38	39	40	41	42	43	66	#
109	11.3055	36	37	38	39	40	41	42	43	44	66	#
110	11.3055	37	38	39	40	41	42	43	44	45	66	#
111	11.3055	38	39	40	41	42	43	44	45	46	66	#
112	11.3055	39	40	41	42	43	44	45	46	47	66	#
113	11.3055	40	41	42	43	44	45	46	47	48	66	#
114	11.3055	41	42	43	44	45	46	47	48	49	66	#
115	11.3055	42	43	44	45	46	47	48	49	50	66	#
116	11.3055	43	44	45	46	47	48	49	50	51	66	#
117	11.3055	44	45	46	47	48	49	50	51	52	66	#
118	8.11414	0	1	2	3	4	5	6	7	8	9	67	#
119	8.11414	1	2	3	4	5	6	7	8	9	10	67	#
120	8.11414	2	3	4	5	6	7	8	9	10	11	67	#
121	8.11414	3	4	5	6	7	8	9	10	11	12	67	#
122	8.11414	4	5	6	7	8	9	10	11	12	13	67	#
123	8.11414	5	6	7	8	9	10	11	12	13	14	67	#
124	8.11414	6	7	8	9	10	11	12	13	14	15	67	#
125	8.11414	7	8	9	10	11	12	13	14	15	16	67	#
126	8.11414	8	9	10	11	12	13	14	15	16	17	67	#
127	8.11414	9	10	11	12	13	14	15	16	17	18	67	#
128	8.11414	10	11	12	13	14	15	16	17	18	19	67	#
129	8.11414	11	12	13	14	15	16	17	18	19	20	67	#
130	8.11414	12	13	14	15	16	17	18	19	20	21	67	#
131	8.11414	13	14	15	16	17	18	19	20	21	22	67	#
132	8.11414	14	15	16	17	18	19	20	21	22	23	67	#
133	8.11414	15	16	17	18	19	20	21	22	23	24	67	#
134	8.11414	16	17	18	19	20	21	22	23	24	25	67	#
135	8.11414	17	18	19	20	21	22	23	24	25	26	67	#
136	8.11414	18	19	20	21	22	23	24	25	26	27	67	#
137	8.11414	19	20	21	22	23	24	25	26	27	28	67	#
138	8.11414	20	21	22	23	24	25	26	27	28	29	67	#
139	8.11414	21	22	23	24	25	26	27	28	29	30	67	#
140	8.11414	22	23	24	25	26	27	28	29	30	31	67	#
141	8.11414	23	24	25	26	27	28	29	30	31	32	67	#
142	8.11414	24	25	26	27	28	29	30	31	32	33	67	#
143	8.11414	25	26	27	28	29	30	31	32	33	34	67	#
144	8.11414	26	27	28	29	30	31	32	33	34	35	67	#
145	8.11414	27	28	29	30	31	32	33	34	35	36	67	#
146	8.11414	28	29	30	31	32	33	34	35	36	37	67	#
147	8.11414	29	30	31	32	33	34	35	36	37	38	67	#
148	8.11414	30	31	32	33	34	35	36	37	38	39	67	#
149	8.11414	31	32	33	34	35	36	37	38	39	40	67	#
150	8.11414	32	33	34	35	36	37	38	39	40	41	67	#
151	8.11414	33	34	35	36	37	38	39	40	41	42	67	#
152	8.11414	34	35	36	37	38	39	40	41	42	43	67	#
153	8.11414	35	36	37	38	39	40	41	42	43	44	67	#
154	8.11414	36	37	38	39	40	41	42	43	44	45	67	#
155	8.11414	37	38	39	40	41	42	43	44	45	46	67	#
156	8.11414	38	39	40	41	42	43	44	45	46	47	67	#
157	8.11414	39	40	41	42	43	44	45	46	47	48	67	#
158	8.11414	40	41	42	43	44	45	46	47	48	49	67	#
159	8.11414	41	42	43	44	45	46	47	48	49	50	67	#
160	8.11414	42	43	44	45	46	47	48	49	50	51	67	#
161	8.11414	43	44	45	46	47	48	49	50	51	52	67	#
162	8.11414	44	45	46	47	48	49	50	51	52	53	67	#
163	8.11414	45	46	47	48	49	50	51	52	53	54	67	#
164	8.11414	46	47	48	49	50	51	52	53	54	55	67	#
165	8.11414	47	48	49	50	51	52	53	54	55	56	67	#
166	8.11414	48	49	50	51	52	53	54	55	56	57	67	#
167	8.11414	49	50	51	52	53	54	55	56	57	58	67	#
168	7.20439	0	1	2	3	4	5	68	#
169	7.20439	1	2	3	4	5	6	68	#
170	7.20439	2	3	4	5	6	7	68	#
171	7.20439	3	4	5	6	7	8	68	#
172	7.20439	4	5	6	7	8	9	68	#
173	7.20439	5	6	7	8	9	10	68	#
174	7.20439	6	7	8	9	10	11	68	#
175	7.20439	7	8	9	10	11	12	68	#
176	7.20439	8	9	10	11	12	13	68	#
177	7.20439	9	10	11	12	13	14	68	#
178	7.20439	10	11	12	13	14	15	68	#
179	7.20439	11	12	13	14	15	16	68	#
180	7.20439	12	13	14	15	16	17	68	#
181	7.20439	13	14	15	16	17	18	68	#
182	7.20439	14	15	16	17	18	19	68	#
183	7.20439	15	16	17	18	19	20	68	#
184	7.20439	16	17	18	19	20	21	68	#
185	2.65425	17	18	19	20	21	22	68	#
186	2.65425	18	19	20	21	22	23	68	#
187	2.65425	19	20	21	22	23	24	68	#
188	2.65425	20	21	22	23	24	25	68	#
189	2.65425	21	22	23	24	25	26	68	#
190	2.65425	22	23	24	25	26	27	68	#
191	2.65425	23	24	25	26	27	28	68	#
192	2.65425	24	25	26	27	28	29	68	#
193	2.65425	25	26	27	28	29	30	68	#
194	2.65425	26	27	28	29	30	31	68	#
195	2.65425	27	28	29	30	31	32	68	#
196	2.65425	28	29	30	31	32	33	68	#
197	2.65425	29	30	31	32	33	34	68	#
198	2.65425	30	31	32	33	34	35	68	#
199	2.65425	31	32	33	34	35	36	68	#
200	2.65425	32	33	34	35	36	37	68	#
201	2.65425	33	34	35	36	37	38	68	#
202	2.65425	34	35	36	37	38	39	68	#
203	2.65425	35	36	37	38	39	40	68	#
204	2.65425	36	37	38	39	40	41	68	#
205	2.65425	37	38	39	40	41	42	68	#
206	2.65425	38	39	40	41	42	43	68	#
207	2.65425	39	40	41	42	43	44	68	#
208	2.65425	40	41	42	43	44	45	68	#
209	2.65425	41	42	43	44	45	46	68	#
210	2.65425	42	43	44	45	46	47	68	#
211	2.65425	43	44	45	46	47	48	68	#
212	2.65425	44	45	46	47	48	49	68	#
213	2.65425	45	46	47	48	49	50	68	#
214	2.65425	46	47	48	49	50	51	68	#
215	2.65425	47	48	49	50	51	52	68	#
216	2.65425	48	49	50	51	52	53	68	#
217	2.65425	49	50	51	52	53	54	68	#
218	2.65425	50	51	52	53	54	55	68	#
219	2.65425	51	52	53	54	55	56	68	#
220	2.65425	52	53	54	55	56	57	68	#
221	2.52154	53	54	55	56	57	58	68	#
222	2.52154	54	55	56	57	58	59	68	#
223	2.52154	55	56	57	58	59	60	68	#
224	2.4802	56	57	58	59	60	61	68	#
225	2.40146	57	58	59	60	61	62	68	#
226	2.40146	58	59	60	61	62	63	68	#
227	15.6944	0	1	2	3	4	5	6	7	8	9	69	#
228	15.6944	1	2	3	4	5	6	7	8	9	10	69	#
229	15.6944	2	3	4	5	6	7	8	9	10	11	69	#
230	15.6944	3	4	5	6	7	8	9	10	11	12	69	#
231	15.6944	4	5	6	7	8	9	10	11	12	13	69	#
232	15.6944	5	6	7	8	9	10	11	12	13	14	69	#
233	15.6944	6	7	8	9	10	11	12	13	14	15	69	#
234	15.6944	7	8	9	10	11	12	13	14	15	16	69	#
235	15.6944	8	9	10	11	12	13	14	15	16	17	69	#
236	15.6944	9	10	11	12	13	14	15	16	17	18	69	#
237	15.6944	10	11	12	13	14	15	16	17	18	19	69	#
238	15.6944	11	12	13	14	15	16	17	18	19	20	69	#
239	15.6944	12	13	14	15	16	17	18	19	20	21	69	#
240	15.6944	13	14	15	16	17	18	19	20	21	22	69	#
241	15.6944	14	15	16	17	18	19	20	21	22	23	69	#
242	15.6944	15	16	17	18	19	20	21	22	23	24	69	#
243	15.6944	16	17	18	19	20	21	22	23	24	25	69	#
244	15.6944	17	18	19	20	21	22	23	24	25	26	69	#
245	15.6944	18	19	20	21	22	23	24	25	26	27	69	#
246	15.6944	19	20	21	22	23	24	25	26	27	28	69	#
247	15.6944	20	21	22	23	24	25	26	27	28	29	69	#
248	15.6944	21	22	23	24	25	26	27	28	29	30	69	#
249	15.6944	22	23	24	25	26	27	28	29	30	31	69	#
250	15.6944	23	24	25	26	27	28	29	30	31	32	69	#
251	15.6944	24	25	26	27	28	29	30	31	32	33	69	#
252	15.6944	25	26	27	28	29	30	31	32	33	34	69	#
253	15.6944	26	27	28	29	30	31	32	33	34	35	69	#
254	15.6944	27	28	29	30	31	32	33	34	35	36	69	#
255	15.6944	28	29	30	31	32	33	34	35	36	37	69	#
256	15.6944	29	30	31	32	33	34	35	36	37	38	69	#
257	15.6944	30	31	32	33	34	35	36	37	38	39	69	#
258	15.6944	31	32	33	34	35	36	37	38	39	40	69	#
259	15.6944	32	33	34	35	36	37	38	39	40	41	69	#
260	15.6944	33	34	35	36	37	38	39	40	41	42	69	#
261	15.6944	34	35	36	37	38	39	40	41	42	43	69	#
262	15.6944	35	36	37	38	39	40	41	42	43	44	69	#
263	15.6944	36	37	38	39	40	41	42	43	44	45	69	#
264	15.6944	37	38	39	40	41	42	43	44	45	46	69	#
265	15.6944	38	39	40	41	42	43	44	45	46	47	69	#
266	15.6944	39	40	41	42	43	44	45	46	47	48	69	#
267	15.6944	40	41	42	43	44	45	46	47	48	49	69	#
268	15.6944	41	42	43	44	45	46	47	48	49	50	69	#
269	15.6944	42	43	44	45	46	47	48	49	50	51	69	#
270	15.6944	43	44	45	46	47	48	49	50	51	52	69	#
271	15.6944	44	45	46	47	48	49	50	51	52	53	69	#
272	15.6944	45	46	47	48	49	50	51	52	53	54	69	#
273	15.6944	46	47	48	49	50	51	52	53	54	55	69	#
274	15.6944	47	48	49	50	51	52	53	54	55	56	69	#
275	15.6944	48	49	50	51	52	53	54	55	56	57	69	#
276	15.6944	49	50	51	52	53	54	55	56	57	58	69	#
277	15.4284	50	51	52	53	54	55	56	57	58	59	69	#
278	15.1712	51	52	53	54	55	56	57	58	59	60	69	#
279	14.9225	52	53	54	55	56	57	58	59	60	61	69	#
280	14.4488	53	54	55	56	57	58	59	60	61	62	69	#
281	14.4488	54	55	56	57	58	59	60	61	62	63	69	#
282	15.2963	0	1	2	3	4	5	6	7	8	9	70	#
283	15.2963	1	2	3	4	5	6	7	8	9	10	70	#
284	15.2963	2	3	4	5	6	7	8	9	10	11	70	#
285	15.2963	3	4	5	6	7	8	9	10	11	12	70	#
286	15.2963	4	5	6	7	8	9	10	11	12	13	70	#
287	15.2963	5	6	7	8	9	10	11	12	13	14	70	#
288	15.2963	6	7	8	9	10	11	12	13	14	15	70	#
289	15.2963	7	8	9	10	11	12	13	14	15	16	70	#
290	15.2963	8	9	10	11	12	13	14	15	16	17	70	#
291	15.2963	9	10	11	12	13	14	15	16	17	18	70	#
292	15.2963	10	11	12	13	14	15	16	17	18	19	70	#
293	15.2963	11	12	13	14	15	16	17	18	19	20	70	#
294	15.2963	12	13	14	15	16	17	18	19	20	21	70	#
295	15.2963	13	14	15	16	17	18	19	20	21	22	70	#
296	15.2963	14	15	16	17	18	19	20	21	22	23	70	#
297	15.2963	15	16	17	18	19	20	21	22	23	24	70	#
298	15.2963	16	17	18	19	20	21	22	23	24	25	70	#
299	15.2963	17	18	19	20	21	22	23	24	25	26	70	#
300	15.2963	18	19	20	21	22	23	24	25	26	27	70	#
301	15.2963	19	20	21	22	23	24	25	26	27	28	70	#
302	15.2963	20	21	22	23	24	25	26	27	28	29	70	#
303	15.2963	21	22	23	24	25	26	27	28	29	30	70	#
304	15.2963	22	23	24	25	26	27	28	29	30	31	70	#
305	15.2963	23	24	25	26	27	28	29	30	31	32	70	#
306	15.2963	24	25	26	27	28	29	30	31	32	33	70	#
307	15.2963	25	26	27	28	29	30	31	32	33	34	70	#
308	15.2963	26	27	28	29	30	31	32	33	34	35	70	#
309	15.2963	27	28	29	30	31	32	33	34	35	36	70	#
310	15.2963	28	29	30	31	32	33	34	35	36	37	70	#
311	15.2963	29	30	31	32	33	34	35	36	37	38	70	#
312	15.2963	30	31	32	33	34	35	36	37	38	39	70	#
313	15.2963	31	32	33	34	35	36	37	38	39	40	70	#
314	15.2963	32	33	34	35	36	37	38	39	40	41	70	#
315	15.2963	33	34	35	36	37	38	39	40	41	42	70	#
316	15.2963	34	35	36	37	38	39	40	41	42	43	70	#
317	15.2963	35	36	37	38	39	40	41	42	43	44	70	#
318	15.2963	36	37	38	39	40	41	42	43	44	45	70	#
319	15.2963	37	38	39	40	41	42	43	44	45	46	70	#
320	15.2963	38	39	40	41	42	43	44	45	46	47	70	#
321	15.2963	39	40	41	42	43	44	45	46	47	48	70	#
322	15.2963	40	41	42	43	44	45	46	47	48	49	70	#
323	15.2963	41	42	43	44	45	46	47	48	49	50	70	#
324	15.2963	42	43	44	45	46	47	48	49	50	51	70	#
325	15.2963	43	44	45	46	47	48	49	50	51	52	70	#
326	15.2963	44	45	46	47	48	49	50	51	52	53	70	#
327	15.2963	45	46	47	48	49	50	51	52	53	54	70	#
328	15.2963	46	47	48	49	50	51	52	53	54	55	70	#
329	15.2963	47	48	49	50	51	52	53	54	55	56	70	#
330	15.2963	48	49	50	51	52	53	54	55	56	57	70	#
331	15.2963	49	50	51	52	53	54	55	56	57	58	70	#
332	15.2963	50	51	52	53	54	55	56	57	58	59	70	#
333	14.5562	51	52	53	54	55	56	57	58	59	60	70	#
334	14.5562	52	53	54	55	56	57	58	59	60	61	70	#
335	14.5562	53	54	55	56	57	58	59	60	61	62	70	#
336	14.3251	54	55	56	57	58	59	60	61	62	63	70	#
337	3.20724	0	1	71	#
338	3.20724	1	2	71	#
339	3.20724	2	3	71	#
340	3.20724	3	4	71	#
341	3.20724	4	5	71	#
342	3.20724	5	6	71	#
343	3.20724	6	7	71	#
344	3.20724	7	8	71	#
345	3.20724	8	9	71	#
346	3.20724	9	10	71	#
347	3.20724	10	11	71	#
348	3.20724	11	12	71	#
349	3.20724	12	13	71	#
350	3.20724	13	14	71	#
351	3.20724	14	15	71	#
352	3.20724	15	16	71	#
353	3.20724	16	17	71	#
354	3.20724	17	18	71	#
355	3.20724	18	19	71	#
356	3.20724	19	20	71	#
357	3.20724	20	21	71	#
358	3.20724	21	22	71	#
359	3.20724	22	23	71	#
360	3.20724	23	24	71	#
361	3.20724	24	25	71	#
362	3.20724	25	26	71	#
363	3.20724	26	27	71	#
364	3.20724	27	28	71	#
365	3.20724	28	29	71	#
366	3.20724	29	30	71	#
367	3.20724	30	31	71	#
368	3.20724	31	32	71	#
369	3.20724	32	33	71	#
370	3.20724	33	34	71	#
371	3.20724	34	35	71	#
372	3.20724	35	36	71	#
373	2.56579	36	37	71	#
374	2.56579	37	38	71	#
375	2.56579	38	39	71	#
376	2.56579	39	40	71	#
377	2.56579	40	41	71	#
378	2.56579	41	42	71	#
379	2.56579	42	43	71	#
380	2.56579	43	44	71	#
381	2.56579	44	45	71	#
382	2.0618	45	46	71	#
383	2.0618	46	47	71	#
384	2.0618	47	48	71	#
385	2.0618	48	49	71	#
386	2.0618	49	50	71	#
387	2.0618	50	51	71	#
388	2.0618	51	52	71	#
389	2.0618	52	53	71	#
390	2.0618	53	54	71	#
391	2.0618	54	55	71	#
392	2.0618	55	56	71	#
393	0.612802	0	72	#
394	0.612802	1	72	#
395	0.612802	2	72	#
396	0.612802	3	72	#
397	0.612802	4	72	#
398	0.612802	5	72	#
399	0.612802	6	72	#
400	0.612802	7	72	#
401	0.612802	8	72	#
402	0.612802	9	72	#
403	0.612802	10	72	#
404	0.612802	11	72	#
405	0.612802	12	72	#
406	0.612802	13	72	#
407	0.612802	14	72	#
408	0.612802	15	72	#
409	0.612802	16	72	#
410	0.612802	17	72	#
411	0.196559	18	72	#
412	0.196559	19	72	#
413	0.196559	20	72	#
414	0.196559	21	72	#
415	0.196559	22	72	#
416	0.196559	23	72	#
417	0.196559	24	72	#
418	0.196559	25	72	#
419	0.196559	26	72	#
420	0.196559	27	72	#
421	0.196559	28	72	#
422	0.196559	29	72	#
423	0.196559	30	72	#
424	0.196559	31	72	#
425	0.196559	32	72	#
426	0.196559	33	72	#
427	0.196559	34	72	#
428	0.196559	35	72	#
429	0.196559	36	72	#
430	0.196559	37	72	#
431	0.196559	38	72	#
432	0.196559	39	72	#
433	0.196559	40	72	#
434	0.196559	41	72	#
435	0.196559	42	72	#
436	0.196559	43	72	#
437	0.196559	44	72	#
438	0.196559	45	72	#
439	0.196559	46	72	#
440	0.196559	47	72	#
441	0.196559	48	72	#
442	0.196559	49	72	#
443	0.196559	50	72	#
444	0.196559	51	72	#
445	0.196559	52	72	#
446	0.196559	53	72	#
447	0.186029	54	72	#
448	0.186029	55	72	#
449	0.186029	56	72	#
450	0.182765	57	72	#
451	0.173627	58	72	#
452	0.173627	59	72	#
453	0.173627	60	72	#
454	0.168026	61	72	#
455	0.168026	62	72	#
456	0.165359	63	72	#
457	2.05615	0	1	73	#
458	2.05615	1	2	73	#
459	2.05615	2	3	73	#
460	2.05615	3	4	73	#
461	2.05615	4	5	73	#
462	2.05615	5	6	73	#
463	2.05615	6	7	73	#
464	2.05615	7	8	73	#
465	2.05615	8	9	73	#
466	2.05615	9	10	73	#
467	2.05615	10	11	73	#
468	2.05615	11	12	73	#
469	2.05615	12	13	73	#
470	2.05615	13	14	73	#
471	2.05615	14	15	73	#
472	2.05615	15	16	73	#
473	2.05615	16	17	73	#
474	2.05615	17	18	73	#
475	2.05615	18	19	73	#
476	2.05615	19	20	73	#
477	2.05615	20	21	73	#
478	2.05615	21	22	73	#
479	2.05615	22	23	73	#
480	2.05615	23	24	73	#
481	2.05615	24	25	73	#
482	2.05615	25	26	73	#
483	2.05615	26	27	73	#
484	2.05615	27	28	73	#
485	2.05615	28	29	73	#
486	2.05615	29	30	73	#
487	2.05615	30	31	73	#
488	2.05615	31	32	73	#
489	2.05615	32	33	73	#
490	2.05615	33	34	73	#
491	2.05615	34	35	73	#
492	2.05615	35	36	73	#
493	2.05615	36	37	73	#
494	2.05615	37	38	73	#
495	2.05615	38	39	73	#
496	1.38259	39	40	73	#
497	1.38259	40	41	73	#
498	1.38259	41	42	73	#
499	1.38259	42	43	73	#
500	1.38259	43	44	73	#
501	1.38259	44	45	73	#
502	1.38259	45	46	73	#
503	1.38259	46	47	73	#
504	1.38259	47	48	73	#
505	1.38259	48	49	73	#
506	1.38259	49	50	73	#
507	1.38259	50	51	73	#
508	1.38259	51	52	73	#
509	1.38259	52	53	73	#
510	1.38259	53	54	73	#
511	1.38259	54	55	73	#
512	1.38259	55	56	73	#
513	1.38259	56	57	73	#
514	1.38259	57	58	73	#
515	12.3688	0	1	2	3	4	5	74	#
516	12.3688	1	2	3	4	5	6	74	#
517	12.3688	2	3	4	5	6	7	74	#
518	12.3688	3	4	5	6	7	8	74	#
519	12.3688	4	5	6	7	8	9	74	#
520	12.3688	5	6	7	8	9	10	74	#
521	12.3688	6	7	8	9	10	11	74	#
522	12.3688	7	8	9	10	11	12	74	#
523	12.3688	8	9	10	11	12	13	74	#
524	12.3688	9	10	11	12	13	14	74	#
525	12.3688	10	11	12	13	14	15	74	#
526	12.3688	11	12	13	14	15	16	74	#
527	12.3688	12	13	14	15	16	17	74	#
528	12.3688	13	14	15	16	17	18	74	#
529	12.3688	14	15	16	17	18	19	74	#
530	11.7504	15	16	17	18	19	20	74	#
531	7.83358	16	17	18	19	20	21	74	#
532	7.83358	17	18	19	20	21	22	74	#
533	7.83358	18	19	20	21	22	23	74	#
534	7.83358	19	20	21	22	23	24	74	#
535	7.83358	20	21	22	23	24	25	74	#
536	7.83358	21	22	23	24	25	26	74	#
537	7.83358	22	23	24	25	26	27	74	#
538	7.83358	23	24	25	26	27	28	74	#
539	7.83358	24	25	26	27	28	29	74	#
540	7.83358	25	26	27	28	29	30	74	#
541	2.78778	0	1	75	#
542	2.78778	1	2	75	#
543	2.78778	2	3	75	#
544	2.78778	3	4	75	#
545	2.78778	4	5	75	#
546	2.78778	5	6	75	#
547	2.78778	6	7	75	#
548	2.78778	7	8	75	#
549	2.78778	8	9	75	#
550	2.78778	9	10	75	#
551	2.78778	10	11	75	#
552	2.78778	11	12	75	#
553	2.78778	12	13	75	#
554	2.78778	13	14	75	#
555	2.78778	14	15	75	#
556	2.78778	15	16	75	#
557	2.78778	16	17	75	#
558	2.78778	17	18	75	#
559	2.78778	18	19	75	#
560	2.78778	19	20	75	#
561	2.78778	20	21	75	#
562	2.78778	21	22	75	#
563	2.78778	22	23	75	#
564	2.78778	23	24	75	#
565	2.84058	0	1	2	3	76	#
566	2.84058	1	2	3	4	76	#
567	2.84058	2	3	4	5	76	#
568	2.84058	3	4	5	6	76	#
569	2.84058	4	5	6	7	76	#
570	2.84058	5	6	7	8	76	#
571	2.84058	6	7	8	9	76	#
572	2.84058	7	8	9	10	76	#
573	2.84058	8	9	10	11	76	#
574	2.84058	9	10	11	12	76	#
575	2.84058	10	11	12	13	76	#
576	2.84058	11	12	13	14	76	#
577	2.84058	12	13	14	15	76	#
578	2.84058	13	14	15	16	76	#
579	2.84058	14	15	16	17	76	#
580	2.84058	15	16	17	18	76	#
581	2.84058	16	17	18	19	76	#
582	2.84058	17	18	19	20	76	#
583	2.84058	18	19	20	21	76	#
584	2.84058	19	20	21	22	76	#
585	2.84058	20	21	22	23	76	#
586	2.84058	21	22	23	24	76	#
587	2.84058	22	23	24	25	76	#
588	2.84058	23	24	25	26	76	#
589	2.84058	24	25	26	27	76	#
590	2.84058	25	26	27	28	76	#
591	2.84058	26	27	28	29	76	#
592	2.84058	27	28	29	30	76	#
593	2.84058	28	29	30	31	76	#
594	2.84058	29	30	31	32	76	#
595	2.84058	30	31	32	33	76	#
596	2.84058	31	32	33	34	76	#
597	2.84058	32	33	34	35	76	#
598	2.84058	33	34	35	36	76	#
599	2.84058	34	35	36	37	76	#
600	2.84058	35	36	37	38	76	#
601	2.84058	36	37	38	39	76	#
602	2.51778	37	38	39	40	76	#
603	2.51778	38	39	40	41	76	#
604	2.51778	39	40	41	42	76	#
605	2.51778	40	41	42	43	76	#
606	2.51778	41	42	43	44	76	#
607	1.87767	42	43	44	45	76	#
608	1.87767	43	44	45	46	76	#
609	1.87767	44	45	46	47	76	#
610	1.87767	45	46	47	48	76	#
611	1.87767	46	47	48	49	76	#
612	1.87767	47	48	49	50	76	#
613	1.87767	48	49	50	51	76	#
614	1.87767	49	50	51	52	76	#
615	1.87767	50	51	52	53	76	#
616	1.87767	51	52	53	54	76	#
617	1.87767	52	53	54	55	76	#
618	1.87767	53	54	55	56	76	#
619	1.87767	54	55	56	57	76	#
620	1.87767	55	56	57	58	76	#
621	1.87767	56	57	58	59	76	#
622	1.84638	57	58	59	60	76	#
623	3.40405	0	1	2	3	77	#
624	3.40405	1	2	3	4	77	#
625	3.40405	2	3	4	5	77	#
626	0.303933	3	4	5	6	77	#
627	0.303933	4	5	6	7	77	#
628	0.303933	5	6	7	8	77	#
629	0.303933	6	7	8	9	77	#
630	0.303933	7	8	9	10	77	#
631	0.303933	8	9	10	11	77	#
632	0.303933	9	10	11	12	77	#
633	0.303933	10	11	12	13	77	#
634	0.303933	11	12	13	14	77	#
635	0.303933	12	13	14	15	77	#
636	0.303933	13	14	15	16	77	#
637	0.303933	14	15	16	17	77	#
638	0.303933	15	16	17	18	77	#
639	0.303933	16	17	18	19	77	#
640	0.303933	17	18	19	20	77	#
641	0.303933	18	19	20	21	77	#
642	0.303933	19	20	21	22	77	#
643	0.303933	20	21	22	23	77	#
644	0.303933	21	22	23	24	77	#
645	0.303933	22	23	24	25	77	#
646	0.303933	23	24	25	26	77	#
647	0.303933	24	25	26	27	77	#
648	0.303933	25	26	27	28	77	#
649	0.303933	26	27	28	29	77	#
650	0.303933	27	28	29	30	77	#
651	0.303933	28	29	30	31	77	#
652	0.303933	29	30	31	32	77	#
653	0.303933	30	31	32	33	77	#
654	0.303933	31	32	33	34	77	#
655	0.303933	32	33	34	35	77	#
656	0.303933	33	34	35	36	77	#
657	0.303933	34	35	36	37	77	#
658	0.303933	35	36	37	38	77	#
659	0.303933	36	37	38	39	77	#
660	0.303933	37	38	39	40	77	#
661	0.303933	38	39	40	41	77	#
662	0.303933	39	40	41	42	77	#
663	0.303933	40	41	42	43	77	#
664	0.303933	41	42	43	44	77	#
665	0.303933	42	43	44	45	77	#
666	0.303933	43	44	45	46	77	#
667	0.303933	44	45	46	47	77	#
668	0.303933	45	46	47	48	77	#
669	0.303933	46	47	48	49	77	#
670	0.303933	47	48	49	50	77	#
671	0.303933	48	49	50	51	77	#
672	0.303933	49	50	51	52	77	#
673	0.303933	50	51	52	53	77	#
674	0.303933	51	52	53	54	77	#
675	0.303933	52	53	54	55	77	#
676	0.303933	53	54	55	56	77	#
677	0.2986	54	55	56	57	77	#
678	0.27902	55	56	57	58	77	#
679	0.27902	56	57	58	59	77	#
680	0.27902	57	58	59	60	77	#
681	0.27902	58	59	60	61	77	#
682	0.270162	59	60	61	62	77	#
683	0.270162	60	61	62	63	77	#
684	13.3535	0	1	2	3	4	5	6	7	8	9	78	#
685	13.3535	1	2	3	4	5	6	7	8	9	10	78	#
686	13.3535	2	3	4	5	6	7	8	9	10	11	78	#
687	13.3535	3	4	5	6	7	8	9	10	11	12	78	#
688	13.3535	4	5	6	7	8	9	10	11	12	13	78	#
689	13.3535	5	6	7	8	9	10	11	12	13	14	78	#
690	13.3535	6	7	8	9	10	11	12	13	14	15	78	#
691	13.3535	7	8	9	10	11	12	13	14	15	16	78	#
692	13.3535	8	9	10	11	12	13	14	15	16	17	78	#
693	13.3535	9	10	11	12	13	14	15	16	17	18	78	#
694	13.3535	10	11	12	13	14	15	16	17	18	19	78	#
695	13.3535	11	12	13	14	15	16	17	18	19	20	78	#
696	13.3535	12	13	14	15	16	17	18	19	20	21	78	#
697	13.3535	13	14	15	16	17	18	19	20	21	22	78	#
698	13.3535	14	15	16	17	18	19	20	21	22	23	78	#
699	13.3535	15	16	17	18	19	20	21	22	23	24	78	#
700	13.3535	16	17	18	19	20	21	22	23	24	25	78	#
701	13.3535	17	18	19	20	21	22	23	24	25	26	78	#
702	13.3535	18	19	20	21	22	23	24	25	26	27	78	#
703	13.3535	19	20	21	22	23	24	25	26	27	28	78	#
704	13.3535	20	21	22	23	24	25	26	27	28	29	78	#
705	13.3535	21	22	23	24	25	26	27	28	29	30	78	#
706	13.3535	22	23	24	25	26	27	28	29	30	31	78	#
707	13.3535	23	24	25	26	27	28	29	30	31	32	78	#
708	13.3535	24	25	26	27	28	29	30	31	32	33	78	#
709	13.3535	25	26	27	28	29	30	31	32	33	34	78	#
710	13.3535	26	27	28	29	30	31	32	33	34	35	78	#
711	13.3535	27	28	29	30	31	32	33	34	35	36	78	#
712	13.3535	28	29	30	31	32	33	34	35	36	37	78	#
713	13.3535	29	30	31	32	33	34	35	36	37	38	78	#
714	13.3535	30	31	32	33	34	35	36	37	38	39	78	#
715	13.3535	31	32	33	34	35	36	37	38	39	40	78	#
716	13.3535	32	33	34	35	36	37	38	39	40	41	78	#
717	13.3535	33	34	35	36	37	38	39	40	41	42	78	#
718	13.3535	34	35	36	37	38	39	40	41	42	43	78	#
719	13.3535	35	36	37	38	39	40	41	42	43	44	78	#
720	13.3535	36	37	38	39	40	41	42	43	44	45	78	#
721	13.3535	37	38	39	40	41	42	43	44	45	46	78	#
722	13.3535	38	39	40	41	42	43	44	45	46	47	78	#
723	13.3535	39	40	41	42	43	44	45	46	47	48	78	#
724	13.3535	40	41	42	43	44	45	46	47	48	49	78	#
725	13.3535	41	42	43	44	45	46	47	48	49	50	78	#
726	13.3535	42	43	44	45	46	47	48	49	50	51	78	#
727	13.3535	43	44	45	46	47	48	49	50	51	52	78	#
728	13.3535	44	45	46	47	48	49	50	51	52	53	78	#
729	13.3535	45	46	47	48	49	50	51	52	53	54	78	#
730	13.3535	46	47	48	49	50	51	52	53	54	55	78	#
731	13.3535	47	48	49	50	51	52	53	54	55	56	78	#
732	12.0612	48	49	50	51	52	53	54	55	56	57	78	#
733	12.0612	49	50	51	52	53	54	55	56	57	58	78	#
734	12.0612	50	51	52	53	54	55	56	57	58	59	78	#
735	12.0612	51	52	53	54	55	56	57	58	59	60	78	#
736	12.0612	52	53	54	55	56	57	58	59	60	61	78	#
737	12.0612	53	54	55	56	57	58	59	60	61	62	78	#
738	11.8697	54	55	56	57	58	59	60	61	62	63	78	#
739	0.551793	0	79	#
740	0.551793	1	79	#
741	0.551793	2	79	#
742	0.551793	3	79	#
743	0.551793	4	79	#
744	0.551793	5	79	#
745	0.551793	6	79	#
746	0.551793	7	79	#
747	0.551793	8	79	#
748	0.551793	9	79	#
749	0.551793	10	79	#
750	0.551793	11	79	#
751	0.551793	12	79	#
752	0.551793	13	79	#
753	0.551793	14	79	#
754	0.551793	15	79	#
755	0.551793	16	79	#
756	0.551793	17	79	#
757	0.551793	18	79	#
758	0.551793	19	79	#
759	0.551793	20	79	#
760	0.551793	21	79	#
761	0.551793	22	79	#
762	0.551793	23	79	#
763	0.551793	24	79	#
764	0.551793	25	79	#
765	0.551793	26	79	#
766	0.551793	27	79	#
767	0.551793	28	79	#
768	0.551793	29	79	#
769	0.551793	30	79	#
770	17.5105	0	1	2	3	4	5	6	7	8	9	80	#
771	17.5105	1	2	3	4	5	6	7	8	9	10	80	#
772	17.5105	2	3	4	5	6	7	8	9	10	11	80	#
773	17.5105	3	4	5	6	7	8	9	10	11	12	80	#
774	17.5105	4	5	6	7	8	9	10	11	12	13	80	#
775	17.5105	5	6	7	8	9	10	11	12	13	14	80	#
776	17.5105	6	7	8	9	10	11	12	13	14	15	80	#
777	17.5105	7	8	9	10	11	12	13	14	15	16	80	#
778	17.5105	8	9	10	11	12	13	14	15	16	17	80	#
779	17.5105	9	10	11	12	13	14	15	16	17	18	80	#
780	17.5105	10	11	12	13	14	15	16	17	18	19	80	#
781	17.5105	11	12	13	14	15	16	17	18	19	20	80	#
782	17.5105	12	13	14	15	16	17	18	19	20	21	80	#
783	17.5105	13	14	15	16	17	18	19	20	21	22	80	#
784	17.5105	14	15	16	17	18	19	20	21	22	23	80	#
785	17.5105	15	16	17	18	19	20	21	22	23	24	80	#
786	17.5105	16	17	18	19	20	21	22	23	24	25	80	#
787	17.5105	17	18	19	20	21	22	23	24	25	26	80	#
788	17.5105	18	19	20	21	22	23	24	25	26	27	80	#
789	17.5105	19	20	21	22	23	24	25	26	27	28	80	#
790	17.5105	20	21	22	23	24	25	26	27	28	29	80	#
791	17.5105	21	22	23	24	25	26	27	28	29	30	80	#
792	17.5105	22	23	24	25	26	27	28	29	30	31	80	#
793	17.5105	23	24	25	26	27	28	29	30	31	32	80	#
794	17.5105	24	25	26	27	28	29	30	31	32	33	80	#
795	17.5105	25	26	27	28	29	30	31	32	33	34	80	#
796	17.5105	26	27	28	29	30	31	32	33	34	35	80	#
797	17.5105	27	28	29	30	31	32	33	34	35	36	80	#
798	17.5105	28	29	30	31	32	33	34	35	36	37	80	#
799	17.5105	29	30	31	32	33	34	35	36	37	38	80	#
800	17.5105	30	31	32	33	34	35	36	37	38	39	80	#
801	17.5105	31	32	33	34	35	36	37	38	39	40	80	#
802	17.5105	32	33	34	35	36	37	38	39	40	41	80	#
803	17.5105	33	34	35	36	37	38	39	40	41	42	80	#
804	17.5105	34	35	36	37	38	39	40	41	42	43	80	#
805	17.5105	35	36	37	38	39	40	41	42	43	44	80	#
806	17.5105	36	37	38	39	40	41	42	43	44	45	80	#
807	17.5105	37	38	39	40	41	42	43	44	45	46	80	#
808	17.5105	38	39	40	41	42	43	44	45	46	47	80	#
809	17.5105	39	40	41	42	43	44	45	46	47	48	80	#
810	17.5105	40	41	42	43	44	45	46	47	48	49	80	#
811	17.5105	41	42	43	44	45	46	47	48	49	50	80	#
812	17.5105	42	43	44	45	46	47	48	49	50	51	80	#
813	17.5105	43	44	45	46	47	48	49	50	51	52	80	#
814	17.5105	44	45	46	47	48	49	50	51	52	53	80	#
815	17.5105	45	46	47	48	49	50	51	52	53	54	80	#
816	17.5105	46	47	48	49	50	51	52	53	54	55	80	#
817	15.5335	47	48	49	50	51	52	53	54	55	56	80	#
818	15.5335	48	49	50	51	52	53	54	55	56	57	80	#
819	15.5335	49	50	51	52	53	54	55	56	57	58	80	#
820	15.5335	50	51	52	53	54	55	56	57	58	59	80	#
821	15.5335	51	52	53	54	55	56	57	58	59	60	80	#
822	15.5335	52	53	54	55	56	57	58	59	60	61	80	#
823	15.5335	53	54	55	56	57	58	59	60	61	62	80	#
824	1.48908	0	81	#
825	1.48908	1	81	#
826	1.48908	2	81	#
827	1.48908	3	81	#
828	1.48908	4	81	#
829	1.48908	5	81	#
830	1.48908	6	81	#
831	1.48908	7	81	#
832	1.48908	8	81	#
833	9.63383	0	1	2	3	4	5	82	#
834	9.63383	1	2	3	4	5	6	82	#
835	9.63383	2	3	4	5	6	7	82	#
836	9.63383	3	4	5	6	7	8	82	#
837	9.63383	4	5	6	7	8	9	82	#
838	9.63383	5	6	7	8	9	10	82	#
839	9.63383	6	7	8	9	10	11	82	#
840	9.63383	7	8	9	10	11	12	82	#
841	9.63383	8	9	10	11	12	13	82	#
842	9.63383	9	10	11	12	13	14	82	#
843	9.63383	10	11	12	13	14	15	82	#
844	9.63383	11	12	13	14	15	16	82	#
845	9.63383	12	13	14	15	16	17	82	#
846	9.63383	13	14	15	16	17	18	82	#
847	9.63383	14	15	16	17	18	19	82	#
848	9.63383	15	16	17	18	19	20	82	#
849	9.63383	16	17	18	19	20	21	82	#
850	9.63383	17	18	19	20	21	22	82	#
851	9.63383	18	19	20	21	22	23	82	#
852	9.63383	19	20	21	22	23	24	82	#
853	9.63383	20	21	22	23	24	25	82	#
854	9.63383	21	22	23	24	25	26	82	#
855	9.63383	22	23	24	25	26	27	82	#
856	9.63383	23	24	25	26	27	28	82	#
857	9.63383	24	25	26	27	28	29	82	#
858	9.63383	25	26	27	28	29	30	82	#
859	9.63383	26	27	28	29	30	31	82	#
860	9.63383	27	28	29	30	31	32	82	#
861	9.63383	28	29	30	31	32	33	82	#
862	9.63383	29	30	31	32	33	34	82	#
863	9.63383	30	31	32	33	34	35	82	#
864	9.63383	31	32	33	34	35	36	82	#
865	9.63383	32	33	34	35	36	37	82	#
866	9.63383	33	34	35	36	37	38	82	#
867	9.63383	34	35	36	37	38	39	82	#
868	9.63383	35	36	37	38	39	40	82	#
869	9.63383	36	37	38	39	40	41	82	#
870	9.63383	37	38	39	40	41	42	82	#
871	9.63383	38	39	40	41	42	43	82	#
872	9.63383	39	40	41	42	43	44	82	#
873	9.63383	40	41	42	43	44	45	82	#
874	9.63383	41	42	43	44	45	46	82	#
875	7.03422	42	43	44	45	46	47	82	#
876	7.03422	43	44	45	46	47	48	82	#
877	7.03422	44	45	46	47	48	49	82	#
878	7.03422	45	46	47	48	49	50	82	#
879	7.03422	46	47	48	49	50	51	82	#
880	7.03422	47	48	49	50	51	52	82	#
881	7.03422	48	49	50	51	52	53	82	#
882	7.03422	49	50	51	52	53	54	82	#
883	7.03422	50	51	52	53	54	55	82	#
884	7.03422	51	52	53	54	55	56	82	#
885	7.03422	52	53	54	55	56	57	82	#
886	7.03422	53	54	55	56	57	58	82	#
887	7.03422	54	55	56	57	58	59	82	#
888	7.03422	55	56	57	58	59	60	82	#
889	7.03422	56	57	58	59	60	61	82	#
890	7.03422	57	58	59	60	61	62	82	#
891	7.03422	58	59	60	61	62	63	82	#
892	1.19895	0	1	83	#
893	1.19895	1	2	83	#
894	1.19895	2	3	83	#
895	1.19895	3	4	83	#
896	1.19895	4	5	83	#
897	1.19895	5	6	83	#
898	1.19895	6	7	83	#
899	1.19895	7	8	83	#
900	1.19895	8	9	83	#
901	1.19895	9	10	83	#
902	1.19895	10	11	83	#
903	1.19895	11	12	83	#
904	1.19895	12	13	83	#
905	1.19895	13	14	83	#
906	1.19895	14	15	83	#
907	1.19895	15	16	83	#
908	1.19895	16	17	83	#
909	1.19895	17	18	83	#
910	1.19895	18	19	83	#
911	1.19895	19	20	83	#
912	1.19895	20	21	83	#
913	1.19895	21	22	83	#
914	1.19895	22	23	83	#
915	1.19895	23	24	83	#
916	1.19895	24	25	83	#
917	1.19895	25	26	83	#
918	1.19895	26	27	83	#
919	1.19895	27	28	83	#
920	1.19895	28	29	83	#
921	1.19895	29	30	83	#
922	1.19895	30	31	83	#
923	1.19895	31	32	83	#
924	1.19895	32	33	83	#
925	1.19895	33	34	83	#
926	1.19895	34	35	83	#
927	0.7362	35	36	83	#
928	0.7362	36	37	83	#
929	0.7362	37	38	83	#
930	0.7362	38	39	83	#
931	0.7362	39	40	83	#
932	0.7362	40	41	83	#
933	0.7362	41	42	83	#
934	0.7362	42	43	83	#
935	0.7362	43	44	83	#
936	0.7362	44	45	83	#
937	0.7362	45	46	83	#
938	0.7362	46	47	83	#
939	0.7362	47	48	83	#
940	0.7362	48	49	83	#
941	0.7362	49	50	83	#
942	0.7362	50	51	83	#
943	0.7362	51	52	83	#
944	0.7362	52	53	83	#
945	0.7362	53	54	83	#
946	0.7362	54	55	83	#
947	0.7362	55	56	83	#
948	0.7362	56	57	83	#
949	0.676829	57	58	83	#
950	0.676829	58	59	83	#
951	0.676829	59	60	83	#
952	0.676829	60	61	83	#
953	0.676829	61	62	83	#
954	15.8382	0	1	2	3	4	5	6	7	8	9	84	#
955	15.8382	1	2	3	4	5	6	7	8	9	10	84	#
956	15.8382	2	3	4	5	6	7	8	9	10	11	84	#
957	15.8382	3	4	5	6	7	8	9	10	11	12	84	#
958	15.8382	4	5	6	7	8	9	10	11	12	13	84	#
959	15.8382	5	6	7	8	9	10	11	12	13	14	84	#
960	15.8382	6	7	8	9	10	11	12	13	14	15	84	#
961	15.8382	7	8	9	10	11	12	13	14	15	16	84	#
962	15.8382	8	9	10	11	12	13	14	15	16	17	84	#
963	15.8382	9	10	11	12	13	14	15	16	17	18	84	#
964	15.8382	10	11	12	13	14	15	16	17	18	19	84	#
965	15.8382	11	12	13	14	15	16	17	18	19	20	84	#
966	15.8382	12	13	14	15	16	17	18	19	20	21	84	#
967	15.8382	13	14	15	16	17	18	19	20	21	22	84	#
968	15.8382	14	15	16	17	18	19	20	21	22	23	84	#
969	15.8382	15	16	17	18	19	20	21	22	23	24	84	#
970	15.8382	16	17	18	19	20	21	22	23	24	25	84	#
971	15.8382	17	18	19	20	21	22	23	24	25	26	84	#
972	15.8382	18	19	20	21	22	23	24	25	26	27	84	#
973	15.8382	19	20	21	22	23	24	25	26	27	28	84	#
974	15.8382	20	21	22	23	24	25	26	27	28	29	84	#
975	15.8382	21	22	23	24	25	26	27	28	29	30	84	#
976	15.8382	22	23	24	25	26	27	28	29	30	31	84	#
977	15.8382	23	24	25	26	27	28	29	30	31	32	84	#
978	15.8382	24	25	26	27	28	29	30	31	32	33	84	#
979	15.8382	25	26	27	28	29	30	31	32	33	34	84	#
980	15.8382	26	27	28	29	30	31	32	33	34	35	84	#
981	15.8382	27	28	29	30	31	32	33	34	35	36	84	#
982	15.8382	28	29	30	31	32	33	34	35	36	37	84	#
983	15.8382	29	30	31	32	33	34	35	36	37	38	84	#
984	15.8382	30	31	32	33	34	35	36	37	38	39	84	#
985	15.8382	31	32	33	34	35	36	37	38	39	40	84	#
986	15.8382	32	33	34	35	36	37	38	39	40	41	84	#
987	15.8382	33	34	35	36	37	38	39	40	41	42	84	#
988	15.8382	34	35	36	37	38	39	40	41	42	43	84	#
989	15.8382	35	36	37	38	39	40	41	42	43	44	84	#
990	15.8382	36	37	38	39	40	41	42	43	44	45	84	#
991	15.8382	37	38	39	40	41	42	43	44	45	46	84	#
992	15.8382	38	39	40	41	42	43	44	45	46	47	84	#
993	15.8382	39	40	41	42	43	44	45	46	47	48	84	#
994	15.8382	40	41	42	43	44	45	46	47	48	49	84	#
995	15.8382	41	42	43	44	45	46	47	48	49	50	84	#
996	15.8382	42	43	44	45	46	47	48	49	50	51	84	#
997	15.5336	43	44	45	46	47	48	49	50	51	52	84	#
998	14.644	0	1	2	3	4	5	6	7	8	85	#
999	14.644	1	2	3	4	5	6	7	8	9	85	#
1000	14.644	2	3	4	5	6	7	8	9	10	85	#
1001	14.644	3	4	5	6	7	8	9	10	11	85	#
1002	14.644	4	5	6	7	8	9	10	11	12	85	#
1003	14.644	5	6	7	8	9	10	11	12	13	85	#
1004	14.644	6	7	8	9	10	11	12	13	14	85	#
1005	14.644	7	8	9	10	11	12	13	14	15	85	#
1006	14.644	8	9	10	11	12	13	14	15	16	85	#
1007	14.644	9	10	11	12	13	14	15	16	17	85	#
1008	14.644	10	11	12	13	14	15	16	17	18	85	#
1009	14.644	11	12	13	14	15	16	17	18	19	85	#
1010	14.644	12	13	14	15	16	17	18	19	20	85	#
1011	14.644	13	14	15	16	17	18	19	20	21	85	#
1012	14.644	14	15	16	17	18	19	20	21	22	85	#
1013	14.644	15	16	17	18	19	20	21	22	23	85	#
1014	14.644	16	17	18	19	20	21	22	23	24	85	#
1015	8.368	17	18	19	20	21	22	23	24	25	85	#
1016	8.368	18	19	20	21	22	23	24	25	26	85	#
1017	8.368	19	20	21	22	23	24	25	26	27	85	#
1018	8.368	20	21	22	23	24	25	26	27	28	85	#
1019	8.368	21	22	23	24	25	26	27	28	29	85	#
1020	8.368	22	23	24	25	26	27	28	29	30	85	#
1021	8.368	23	24	25	26	27	28	29	30	31	85	#
1022	8.368	24	25	26	27	28	29	30	31	32	85	#
1023	8.368	25	26	27	28	29	30	31	32	33	85	#
1024	8.368	26	27	28	29	30	31	32	33	34	85	#
1025	8.368	27	28	29	30	31	32	33	34	35	85	#
1026	8.368	28	29	30	31	32	33	34	35	36	85	#
1027	8.368	29	30	31	32	33	34	35	36	37	85	#
1028	8.368	30	31	32	33	34	35	36	37	38	85	#
1029	8.368	31	32	33	34	35	36	37	38	39	85	#
1030	8.368	32	33	34	35	36	37	38	39	40	85	#
1031	8.368	33	34	35	36	37	38	39	40	41	85	#
1032	8.368	34	35	36	37	38	39	40	41	42	85	#
1033	7.47779	35	36	37	38	39	40	41	42	43	85	#
1034	7.47779	36	37	38	39	40	41	42	43	44	85	#
1035	7.47779	37	38	39	40	41	42	43	44	45	85	#
1036	7.47779	38	39	40	41	42	43	44	45	46	85	#
1037	7.47779	39	40	41	42	43	44	45	46	47	85	#
1038	6.05959	40	41	42	43	44	45	46	47	48	85	#
1039	6.05959	41	42	43	44	45	46	47	48	49	85	#
1040	6.05959	42	43	44	45	46	47	48	49	50	85	#
1041	6.05959	43	44	45	46	47	48	49	50	51	85	#
1042	6.05959	44	45	46	47	48	49	50	51	52	85	#
1043	6.05959	45	46	47	48	49	50	51	52	53	85	#
1044	6.05959	46	47	48	49	50	51	52	53	54	85	#
1045	6.05959	47	48	49	50	51	52	53	54	55	85	#
1046	6.05959	48	49	50	51	52	53	54	55	56	85	#
1047	6.05959	49	50	51	52	53	54	55	56	57	85	#
1048	6.05959	50	51	52	53	54	55	56	57	58	85	#
