%% File generated by CATS v.2.1Wed Jun 22 10:37:56 2022

%% The CATS webpage is http://robotics.stanford.edu/CATS

%% PARAMETER SETTINGS:
% Goods: 64; Bids: 1000; Distribution: scheduling; Runs: 1; Seed: 1656573135
% Scheduling Distribution Parameters:
% max_length                = 10
% deviation                 = 0.500000
% prob_additional_deadline  = 0.700000
% additivity                = 0.200000



goods 64
bids 1033
dummy 21

0	2.67795	0	1	64	#
1	2.67795	1	2	64	#
2	2.67795	2	3	64	#
3	2.67795	3	4	64	#
4	0.184686	4	5	64	#
5	0.184686	5	6	64	#
6	0.184686	6	7	64	#
7	0.184686	7	8	64	#
8	0.184686	8	9	64	#
9	0.184686	9	10	64	#
10	0.184686	10	11	64	#
11	0.184686	11	12	64	#
12	0.184686	12	13	64	#
13	0.184686	13	14	64	#
14	0.184686	14	15	64	#
15	0.184686	15	16	64	#
16	0.184686	16	17	64	#
17	0.184686	17	18	64	#
18	0.184686	18	19	64	#
19	0.184686	19	20	64	#
20	0.184686	20	21	64	#
21	0.184686	21	22	64	#
22	0.184686	22	23	64	#
23	0.184686	23	24	64	#
24	0.184686	24	25	64	#
25	0.184686	25	26	64	#
26	0.184686	26	27	64	#
27	0.184686	27	28	64	#
28	0.184686	28	29	64	#
29	0.184686	29	30	64	#
30	0.184686	30	31	64	#
31	0.184686	31	32	64	#
32	0.184686	32	33	64	#
33	0.184686	33	34	64	#
34	0.184686	34	35	64	#
35	0.184686	35	36	64	#
36	0.184686	36	37	64	#
37	0.184686	37	38	64	#
38	0.184686	38	39	64	#
39	0.184686	39	40	64	#
40	0.184686	40	41	64	#
41	0.184686	41	42	64	#
42	0.184686	42	43	64	#
43	0.184686	43	44	64	#
44	0.184686	44	45	64	#
45	0.184686	45	46	64	#
46	0.184686	46	47	64	#
47	0.184686	47	48	64	#
48	0.184686	48	49	64	#
49	0.184686	49	50	64	#
50	0.184686	50	51	64	#
51	0.184686	51	52	64	#
52	0.184686	52	53	64	#
53	0.184686	53	54	64	#
54	0.184686	54	55	64	#
55	0.184686	55	56	64	#
56	0.184686	56	57	64	#
57	0.184686	57	58	64	#
58	0.175603	58	59	64	#
59	0.175603	59	60	64	#
60	0.175603	60	61	64	#
61	0.172771	61	62	64	#
62	0.170028	62	63	64	#
63	11.5045	0	1	2	3	4	5	6	7	65	#
64	11.5045	1	2	3	4	5	6	7	8	65	#
65	11.5045	2	3	4	5	6	7	8	9	65	#
66	11.5045	3	4	5	6	7	8	9	10	65	#
67	11.5045	4	5	6	7	8	9	10	11	65	#
68	11.5045	5	6	7	8	9	10	11	12	65	#
69	11.5045	6	7	8	9	10	11	12	13	65	#
70	11.5045	7	8	9	10	11	12	13	14	65	#
71	11.5045	8	9	10	11	12	13	14	15	65	#
72	11.5045	9	10	11	12	13	14	15	16	65	#
73	11.5045	10	11	12	13	14	15	16	17	65	#
74	11.5045	11	12	13	14	15	16	17	18	65	#
75	11.5045	12	13	14	15	16	17	18	19	65	#
76	11.5045	13	14	15	16	17	18	19	20	65	#
77	11.5045	14	15	16	17	18	19	20	21	65	#
78	11.5045	15	16	17	18	19	20	21	22	65	#
79	11.5045	16	17	18	19	20	21	22	23	65	#
80	11.5045	17	18	19	20	21	22	23	24	65	#
81	11.5045	18	19	20	21	22	23	24	25	65	#
82	11.5045	19	20	21	22	23	24	25	26	65	#
83	11.5045	20	21	22	23	24	25	26	27	65	#
84	11.5045	21	22	23	24	25	26	27	28	65	#
85	11.5045	22	23	24	25	26	27	28	29	65	#
86	11.5045	23	24	25	26	27	28	29	30	65	#
87	11.5045	24	25	26	27	28	29	30	31	65	#
88	11.5045	25	26	27	28	29	30	31	32	65	#
89	11.5045	26	27	28	29	30	31	32	33	65	#
90	11.5045	27	28	29	30	31	32	33	34	65	#
91	11.5045	28	29	30	31	32	33	34	35	65	#
92	11.5045	29	30	31	32	33	34	35	36	65	#
93	11.5045	30	31	32	33	34	35	36	37	65	#
94	11.5045	31	32	33	34	35	36	37	38	65	#
95	11.5045	32	33	34	35	36	37	38	39	65	#
96	11.5045	33	34	35	36	37	38	39	40	65	#
97	11.5045	34	35	36	37	38	39	40	41	65	#
98	11.5045	35	36	37	38	39	40	41	42	65	#
99	11.5045	36	37	38	39	40	41	42	43	65	#
100	11.5045	37	38	39	40	41	42	43	44	65	#
101	11.5045	38	39	40	41	42	43	44	45	65	#
102	11.5045	39	40	41	42	43	44	45	46	65	#
103	11.5045	40	41	42	43	44	45	46	47	65	#
104	11.5045	41	42	43	44	45	46	47	48	65	#
105	11.5045	42	43	44	45	46	47	48	49	65	#
106	11.5045	43	44	45	46	47	48	49	50	65	#
107	11.5045	44	45	46	47	48	49	50	51	65	#
108	11.5045	45	46	47	48	49	50	51	52	65	#
109	11.5045	46	47	48	49	50	51	52	53	65	#
110	11.5045	47	48	49	50	51	52	53	54	65	#
111	11.5045	48	49	50	51	52	53	54	55	65	#
112	11.5045	49	50	51	52	53	54	55	56	65	#
113	11.5045	50	51	52	53	54	55	56	57	65	#
114	1.15475	0	1	66	#
115	1.15475	1	2	66	#
116	1.15475	2	3	66	#
117	1.15475	3	4	66	#
118	1.15475	4	5	66	#
119	1.15475	5	6	66	#
120	1.15475	6	7	66	#
121	1.15475	7	8	66	#
122	1.15475	8	9	66	#
123	1.15475	9	10	66	#
124	1.15475	10	11	66	#
125	1.15475	11	12	66	#
126	1.15475	12	13	66	#
127	1.15475	13	14	66	#
128	1.15475	14	15	66	#
129	1.15475	15	16	66	#
130	1.15475	16	17	66	#
131	1.15475	17	18	66	#
132	1.15475	18	19	66	#
133	1.15475	19	20	66	#
134	1.15475	20	21	66	#
135	1.15475	21	22	66	#
136	1.15475	22	23	66	#
137	1.15475	23	24	66	#
138	1.15475	24	25	66	#
139	1.15475	25	26	66	#
140	1.15475	26	27	66	#
141	1.15475	27	28	66	#
142	1.15475	28	29	66	#
143	1.15475	29	30	66	#
144	1.15475	30	31	66	#
145	1.15475	31	32	66	#
146	1.15475	32	33	66	#
147	1.15475	33	34	66	#
148	1.15475	34	35	66	#
149	1.15475	35	36	66	#
150	1.15475	36	37	66	#
151	1.15475	37	38	66	#
152	1.15475	38	39	66	#
153	1.15475	39	40	66	#
154	1.15475	40	41	66	#
155	1.15475	41	42	66	#
156	1.15475	42	43	66	#
157	1.15475	43	44	66	#
158	1.15475	44	45	66	#
159	0.962292	45	46	66	#
160	0.962292	46	47	66	#
161	0.962292	47	48	66	#
162	0.962292	48	49	66	#
163	0.962292	49	50	66	#
164	0.962292	50	51	66	#
165	0.962292	51	52	66	#
166	0.962292	52	53	66	#
167	0.962292	53	54	66	#
168	0.838125	54	55	66	#
169	0.838125	55	56	66	#
170	0.838125	56	57	66	#
171	0.838125	57	58	66	#
172	0.838125	58	59	66	#
173	0.838125	59	60	66	#
174	0.838125	60	61	66	#
175	0.838125	61	62	66	#
176	0.824821	62	63	66	#
177	1.24289	0	1	67	#
178	1.24289	1	2	67	#
179	1.24289	2	3	67	#
180	1.24289	3	4	67	#
181	1.24289	4	5	67	#
182	1.24289	5	6	67	#
183	1.24289	6	7	67	#
184	1.24289	7	8	67	#
185	1.24289	8	9	67	#
186	1.24289	9	10	67	#
187	1.24289	10	11	67	#
188	1.24289	11	12	67	#
189	1.24289	12	13	67	#
190	1.24289	13	14	67	#
191	1.24289	14	15	67	#
192	1.24289	15	16	67	#
193	1.24289	16	17	67	#
194	1.24289	17	18	67	#
195	1.24289	18	19	67	#
196	1.24289	19	20	67	#
197	1.24289	20	21	67	#
198	1.24289	21	22	67	#
199	1.24289	22	23	67	#
200	1.24289	23	24	67	#
201	1.24289	24	25	67	#
202	1.24289	25	26	67	#
203	1.24289	26	27	67	#
204	1.24289	27	28	67	#
205	1.24289	28	29	67	#
206	1.24289	29	30	67	#
207	1.24289	30	31	67	#
208	1.24289	31	32	67	#
209	1.24289	32	33	67	#
210	1.24289	33	34	67	#
211	1.24289	34	35	67	#
212	1.24289	35	36	67	#
213	1.24289	36	37	67	#
214	1.24289	37	38	67	#
215	1.24289	38	39	67	#
216	1.24289	39	40	67	#
217	1.24289	40	41	67	#
218	1.24289	41	42	67	#
219	1.24289	42	43	67	#
220	1.24289	43	44	67	#
221	1.24289	44	45	67	#
222	1.24289	45	46	67	#
223	1.24289	46	47	67	#
224	1.24289	47	48	67	#
225	1.24289	48	49	67	#
226	1.24289	49	50	67	#
227	1.24289	50	51	67	#
228	1.24289	51	52	67	#
229	1.24289	52	53	67	#
230	1.24289	53	54	67	#
231	1.24289	54	55	67	#
232	1.24289	55	56	67	#
233	1.24289	56	57	67	#
234	1.24289	57	58	67	#
235	1.24289	58	59	67	#
236	1.24289	59	60	67	#
237	15.4305	0	1	2	3	4	5	6	68	#
238	15.4305	1	2	3	4	5	6	7	68	#
239	15.4305	2	3	4	5	6	7	8	68	#
240	15.4305	3	4	5	6	7	8	9	68	#
241	15.4305	4	5	6	7	8	9	10	68	#
242	15.4305	5	6	7	8	9	10	11	68	#
243	15.4305	6	7	8	9	10	11	12	68	#
244	15.4305	7	8	9	10	11	12	13	68	#
245	15.4305	8	9	10	11	12	13	14	68	#
246	15.4305	9	10	11	12	13	14	15	68	#
247	15.4305	10	11	12	13	14	15	16	68	#
248	15.4305	11	12	13	14	15	16	17	68	#
249	15.4305	12	13	14	15	16	17	18	68	#
250	15.4305	13	14	15	16	17	18	19	68	#
251	15.4305	14	15	16	17	18	19	20	68	#
252	15.4305	15	16	17	18	19	20	21	68	#
253	15.4305	16	17	18	19	20	21	22	68	#
254	15.4305	17	18	19	20	21	22	23	68	#
255	15.4305	18	19	20	21	22	23	24	68	#
256	15.4305	19	20	21	22	23	24	25	68	#
257	15.4305	20	21	22	23	24	25	26	68	#
258	15.4305	21	22	23	24	25	26	27	68	#
259	15.4305	22	23	24	25	26	27	28	68	#
260	15.4305	23	24	25	26	27	28	29	68	#
261	15.4305	24	25	26	27	28	29	30	68	#
262	15.4305	25	26	27	28	29	30	31	68	#
263	15.4305	26	27	28	29	30	31	32	68	#
264	15.4305	27	28	29	30	31	32	33	68	#
265	15.4305	28	29	30	31	32	33	34	68	#
266	15.4305	29	30	31	32	33	34	35	68	#
267	15.4305	30	31	32	33	34	35	36	68	#
268	15.4305	31	32	33	34	35	36	37	68	#
269	15.4305	32	33	34	35	36	37	38	68	#
270	15.4305	33	34	35	36	37	38	39	68	#
271	15.4305	34	35	36	37	38	39	40	68	#
272	15.4305	35	36	37	38	39	40	41	68	#
273	15.4305	36	37	38	39	40	41	42	68	#
274	15.4305	37	38	39	40	41	42	43	68	#
275	15.4305	38	39	40	41	42	43	44	68	#
276	15.4305	39	40	41	42	43	44	45	68	#
277	15.4305	40	41	42	43	44	45	46	68	#
278	15.4305	41	42	43	44	45	46	47	68	#
279	15.4305	42	43	44	45	46	47	48	68	#
280	15.4305	43	44	45	46	47	48	49	68	#
281	15.4305	44	45	46	47	48	49	50	68	#
282	15.4305	45	46	47	48	49	50	51	68	#
283	15.4305	46	47	48	49	50	51	52	68	#
284	15.4305	47	48	49	50	51	52	53	68	#
285	15.4305	48	49	50	51	52	53	54	68	#
286	14.8794	49	50	51	52	53	54	55	68	#
287	14.8794	50	51	52	53	54	55	56	68	#
288	14.3663	51	52	53	54	55	56	57	68	#
289	14.3663	52	53	54	55	56	57	58	68	#
290	12.6997	0	1	2	3	4	5	6	7	69	#
291	12.6997	1	2	3	4	5	6	7	8	69	#
292	12.6997	2	3	4	5	6	7	8	9	69	#
293	12.6997	3	4	5	6	7	8	9	10	69	#
294	12.6997	4	5	6	7	8	9	10	11	69	#
295	12.6997	5	6	7	8	9	10	11	12	69	#
296	12.6997	6	7	8	9	10	11	12	13	69	#
297	12.6997	7	8	9	10	11	12	13	14	69	#
298	12.6997	8	9	10	11	12	13	14	15	69	#
299	12.6997	9	10	11	12	13	14	15	16	69	#
300	12.6997	10	11	12	13	14	15	16	17	69	#
301	12.6997	11	12	13	14	15	16	17	18	69	#
302	12.6997	12	13	14	15	16	17	18	19	69	#
303	12.6997	13	14	15	16	17	18	19	20	69	#
304	12.6997	14	15	16	17	18	19	20	21	69	#
305	12.6997	15	16	17	18	19	20	21	22	69	#
306	12.6997	16	17	18	19	20	21	22	23	69	#
307	12.6997	17	18	19	20	21	22	23	24	69	#
308	12.6997	18	19	20	21	22	23	24	25	69	#
309	12.6997	19	20	21	22	23	24	25	26	69	#
310	12.6997	20	21	22	23	24	25	26	27	69	#
311	12.6997	21	22	23	24	25	26	27	28	69	#
312	12.6997	22	23	24	25	26	27	28	29	69	#
313	12.6997	23	24	25	26	27	28	29	30	69	#
314	12.6997	24	25	26	27	28	29	30	31	69	#
315	12.6997	25	26	27	28	29	30	31	32	69	#
316	12.6997	26	27	28	29	30	31	32	33	69	#
317	12.6997	27	28	29	30	31	32	33	34	69	#
318	12.6997	28	29	30	31	32	33	34	35	69	#
319	12.6997	29	30	31	32	33	34	35	36	69	#
320	12.6997	30	31	32	33	34	35	36	37	69	#
321	8.86581	31	32	33	34	35	36	37	38	69	#
322	8.86581	32	33	34	35	36	37	38	39	69	#
323	8.86581	33	34	35	36	37	38	39	40	69	#
324	8.86581	34	35	36	37	38	39	40	41	69	#
325	8.86581	35	36	37	38	39	40	41	42	69	#
326	8.86581	36	37	38	39	40	41	42	43	69	#
327	8.86581	37	38	39	40	41	42	43	44	69	#
328	8.86581	38	39	40	41	42	43	44	45	69	#
329	8.86581	39	40	41	42	43	44	45	46	69	#
330	8.86581	40	41	42	43	44	45	46	47	69	#
331	8.86581	41	42	43	44	45	46	47	48	69	#
332	8.86581	42	43	44	45	46	47	48	49	69	#
333	8.86581	43	44	45	46	47	48	49	50	69	#
334	8.86581	44	45	46	47	48	49	50	51	69	#
335	8.86581	45	46	47	48	49	50	51	52	69	#
336	8.86581	46	47	48	49	50	51	52	53	69	#
337	8.39086	47	48	49	50	51	52	53	54	69	#
338	8.39086	48	49	50	51	52	53	54	55	69	#
339	8.39086	49	50	51	52	53	54	55	56	69	#
340	7.45854	50	51	52	53	54	55	56	57	69	#
341	7.45854	51	52	53	54	55	56	57	58	69	#
342	7.45854	52	53	54	55	56	57	58	59	69	#
343	7.45854	53	54	55	56	57	58	59	60	69	#
344	7.45854	54	55	56	57	58	59	60	61	69	#
345	7.45854	55	56	57	58	59	60	61	62	69	#
346	7.45854	56	57	58	59	60	61	62	63	69	#
347	0.921336	0	70	#
348	0.921336	1	70	#
349	0.921336	2	70	#
350	0.921336	3	70	#
351	0.921336	4	70	#
352	0.921336	5	70	#
353	0.921336	6	70	#
354	0.921336	7	70	#
355	0.921336	8	70	#
356	0.921336	9	70	#
357	0.921336	10	70	#
358	0.921336	11	70	#
359	0.921336	12	70	#
360	0.921336	13	70	#
361	0.921336	14	70	#
362	0.921336	15	70	#
363	0.921336	16	70	#
364	0.921336	17	70	#
365	0.921336	18	70	#
366	0.921336	19	70	#
367	0.921336	20	70	#
368	0.921336	21	70	#
369	0.921336	22	70	#
370	0.921336	23	70	#
371	0.921336	24	70	#
372	0.921336	25	70	#
373	0.921336	26	70	#
374	0.921336	27	70	#
375	0.921336	28	70	#
376	0.921336	29	70	#
377	0.921336	30	70	#
378	0.921336	31	70	#
379	0.921336	32	70	#
380	0.921336	33	70	#
381	0.921336	34	70	#
382	0.921336	35	70	#
383	0.921336	36	70	#
384	0.921336	37	70	#
385	0.921336	38	70	#
386	0.921336	39	70	#
387	0.921336	40	70	#
388	0.921336	41	70	#
389	0.921336	42	70	#
390	0.921336	43	70	#
391	0.921336	44	70	#
392	0.921336	45	70	#
393	0.921336	46	70	#
394	0.921336	47	70	#
395	0.921336	48	70	#
396	0.921336	49	70	#
397	0.921336	50	70	#
398	0.921336	51	70	#
399	0.921336	52	70	#
400	0.921336	53	70	#
401	0.921336	54	70	#
402	0.921336	55	70	#
403	0.904884	56	70	#
404	12.1569	0	1	2	3	4	5	71	#
405	12.1569	1	2	3	4	5	6	71	#
406	12.1569	2	3	4	5	6	7	71	#
407	12.1569	3	4	5	6	7	8	71	#
408	12.1569	4	5	6	7	8	9	71	#
409	20.4982	0	1	2	3	4	5	6	7	8	9	72	#
410	20.4982	1	2	3	4	5	6	7	8	9	10	72	#
411	20.4982	2	3	4	5	6	7	8	9	10	11	72	#
412	20.4982	3	4	5	6	7	8	9	10	11	12	72	#
413	20.4982	4	5	6	7	8	9	10	11	12	13	72	#
414	20.4982	5	6	7	8	9	10	11	12	13	14	72	#
415	20.4982	6	7	8	9	10	11	12	13	14	15	72	#
416	6.14947	7	8	9	10	11	12	13	14	15	16	72	#
417	6.14947	8	9	10	11	12	13	14	15	16	17	72	#
418	6.14947	9	10	11	12	13	14	15	16	17	18	72	#
419	6.14947	10	11	12	13	14	15	16	17	18	19	72	#
420	6.14947	11	12	13	14	15	16	17	18	19	20	72	#
421	6.14947	12	13	14	15	16	17	18	19	20	21	72	#
422	6.14947	13	14	15	16	17	18	19	20	21	22	72	#
423	6.14947	14	15	16	17	18	19	20	21	22	23	72	#
424	6.14947	15	16	17	18	19	20	21	22	23	24	72	#
425	6.14947	16	17	18	19	20	21	22	23	24	25	72	#
426	6.14947	17	18	19	20	21	22	23	24	25	26	72	#
427	6.14947	18	19	20	21	22	23	24	25	26	27	72	#
428	6.14947	19	20	21	22	23	24	25	26	27	28	72	#
429	6.14947	20	21	22	23	24	25	26	27	28	29	72	#
430	6.14947	21	22	23	24	25	26	27	28	29	30	72	#
431	6.14947	22	23	24	25	26	27	28	29	30	31	72	#
432	6.14947	23	24	25	26	27	28	29	30	31	32	72	#
433	6.14947	24	25	26	27	28	29	30	31	32	33	72	#
434	6.14947	25	26	27	28	29	30	31	32	33	34	72	#
435	6.14947	26	27	28	29	30	31	32	33	34	35	72	#
436	6.14947	27	28	29	30	31	32	33	34	35	36	72	#
437	6.14947	28	29	30	31	32	33	34	35	36	37	72	#
438	6.14947	29	30	31	32	33	34	35	36	37	38	72	#
439	6.14947	30	31	32	33	34	35	36	37	38	39	72	#
440	6.14947	31	32	33	34	35	36	37	38	39	40	72	#
441	6.14947	32	33	34	35	36	37	38	39	40	41	72	#
442	6.14947	33	34	35	36	37	38	39	40	41	42	72	#
443	6.14947	34	35	36	37	38	39	40	41	42	43	72	#
444	6.14947	35	36	37	38	39	40	41	42	43	44	72	#
445	6.14947	36	37	38	39	40	41	42	43	44	45	72	#
446	6.14947	37	38	39	40	41	42	43	44	45	46	72	#
447	6.14947	38	39	40	41	42	43	44	45	46	47	72	#
448	6.14947	39	40	41	42	43	44	45	46	47	48	72	#
449	6.14947	40	41	42	43	44	45	46	47	48	49	72	#
450	6.14947	41	42	43	44	45	46	47	48	49	50	72	#
451	5.69396	42	43	44	45	46	47	48	49	50	51	72	#
452	5.69396	43	44	45	46	47	48	49	50	51	52	72	#
453	5.69396	44	45	46	47	48	49	50	51	52	53	72	#
454	5.69396	45	46	47	48	49	50	51	52	53	54	72	#
455	1.57721	0	1	73	#
456	1.57721	1	2	73	#
457	1.57721	2	3	73	#
458	1.57721	3	4	73	#
459	1.57721	4	5	73	#
460	1.57721	5	6	73	#
461	1.57721	6	7	73	#
462	1.57721	7	8	73	#
463	1.57721	8	9	73	#
464	1.57721	9	10	73	#
465	1.57721	10	11	73	#
466	1.57721	11	12	73	#
467	1.57721	12	13	73	#
468	1.57721	13	14	73	#
469	1.57721	14	15	73	#
470	1.57721	15	16	73	#
471	1.57721	16	17	73	#
472	1.57721	17	18	73	#
473	1.57721	18	19	73	#
474	1.57721	19	20	73	#
475	1.57721	20	21	73	#
476	1.57721	21	22	73	#
477	1.57721	22	23	73	#
478	1.57721	23	24	73	#
479	1.57721	24	25	73	#
480	1.57721	25	26	73	#
481	1.57721	26	27	73	#
482	1.57721	27	28	73	#
483	1.57721	28	29	73	#
484	1.57721	29	30	73	#
485	1.57721	30	31	73	#
486	1.57721	31	32	73	#
487	1.57721	32	33	73	#
488	1.57721	33	34	73	#
489	1.57721	34	35	73	#
490	1.57721	35	36	73	#
491	1.57721	36	37	73	#
492	1.57721	37	38	73	#
493	1.57721	38	39	73	#
494	1.57721	39	40	73	#
495	1.57721	40	41	73	#
496	1.19547	0	74	#
497	1.19547	1	74	#
498	1.19547	2	74	#
499	1.19547	3	74	#
500	1.19547	4	74	#
501	1.19547	5	74	#
502	1.19547	6	74	#
503	1.19547	7	74	#
504	1.19547	8	74	#
505	1.19547	9	74	#
506	1.19547	10	74	#
507	1.19547	11	74	#
508	1.19547	12	74	#
509	1.19547	13	74	#
510	1.19547	14	74	#
511	1.19547	15	74	#
512	1.19547	16	74	#
513	1.19547	17	74	#
514	1.19547	18	74	#
515	1.19547	19	74	#
516	1.19547	20	74	#
517	1.19547	21	74	#
518	1.19547	22	74	#
519	1.19547	23	74	#
520	1.19547	24	74	#
521	1.19547	25	74	#
522	1.19547	26	74	#
523	1.19547	27	74	#
524	1.19547	28	74	#
525	1.19547	29	74	#
526	1.19547	30	74	#
527	1.19547	31	74	#
528	1.19547	32	74	#
529	1.19547	33	74	#
530	1.19547	34	74	#
531	1.19547	35	74	#
532	1.19547	36	74	#
533	1.19547	37	74	#
534	1.19547	38	74	#
535	1.19547	39	74	#
536	1.19547	40	74	#
537	1.19547	41	74	#
538	0.875254	42	74	#
539	0.875254	43	74	#
540	0.875254	44	74	#
541	0.875254	45	74	#
542	0.875254	46	74	#
543	0.875254	47	74	#
544	0.875254	48	74	#
545	0.875254	49	74	#
546	0.875254	50	74	#
547	0.875254	51	74	#
548	0.875254	52	74	#
549	0.875254	53	74	#
550	0.875254	54	74	#
551	0.875254	55	74	#
552	0.875254	56	74	#
553	0.803512	57	74	#
554	0.803512	58	74	#
555	0.803512	59	74	#
556	0.803512	60	74	#
557	0.803512	61	74	#
558	0.790552	62	74	#
559	0.778004	63	74	#
560	4.31574	0	1	2	3	4	5	75	#
561	4.31574	1	2	3	4	5	6	75	#
562	4.31574	2	3	4	5	6	7	75	#
563	4.31574	3	4	5	6	7	8	75	#
564	4.31574	4	5	6	7	8	9	75	#
565	4.31574	5	6	7	8	9	10	75	#
566	4.31574	6	7	8	9	10	11	75	#
567	4.31574	7	8	9	10	11	12	75	#
568	4.31574	8	9	10	11	12	13	75	#
569	4.31574	9	10	11	12	13	14	75	#
570	4.31574	10	11	12	13	14	15	75	#
571	4.31574	11	12	13	14	15	16	75	#
572	4.31574	12	13	14	15	16	17	75	#
573	4.31574	13	14	15	16	17	18	75	#
574	4.31574	14	15	16	17	18	19	75	#
575	4.31574	15	16	17	18	19	20	75	#
576	4.31574	16	17	18	19	20	21	75	#
577	4.31574	17	18	19	20	21	22	75	#
578	4.31574	18	19	20	21	22	23	75	#
579	4.31574	19	20	21	22	23	24	75	#
580	4.31574	20	21	22	23	24	25	75	#
581	4.31574	21	22	23	24	25	26	75	#
582	4.31574	22	23	24	25	26	27	75	#
583	4.31574	23	24	25	26	27	28	75	#
584	4.31574	24	25	26	27	28	29	75	#
585	4.31574	25	26	27	28	29	30	75	#
586	4.31574	26	27	28	29	30	31	75	#
587	4.31574	27	28	29	30	31	32	75	#
588	4.31574	28	29	30	31	32	33	75	#
589	4.31574	29	30	31	32	33	34	75	#
590	4.31574	30	31	32	33	34	35	75	#
591	4.31574	31	32	33	34	35	36	75	#
592	4.31574	32	33	34	35	36	37	75	#
593	4.31574	33	34	35	36	37	38	75	#
594	4.31574	34	35	36	37	38	39	75	#
595	9.32607	0	1	2	3	4	5	6	7	8	76	#
596	9.32607	1	2	3	4	5	6	7	8	9	76	#
597	9.32607	2	3	4	5	6	7	8	9	10	76	#
598	9.32607	3	4	5	6	7	8	9	10	11	76	#
599	9.32607	4	5	6	7	8	9	10	11	12	76	#
600	9.32607	5	6	7	8	9	10	11	12	13	76	#
601	9.32607	6	7	8	9	10	11	12	13	14	76	#
602	9.32607	7	8	9	10	11	12	13	14	15	76	#
603	9.32607	8	9	10	11	12	13	14	15	16	76	#
604	9.32607	9	10	11	12	13	14	15	16	17	76	#
605	9.32607	10	11	12	13	14	15	16	17	18	76	#
606	9.32607	11	12	13	14	15	16	17	18	19	76	#
607	9.32607	12	13	14	15	16	17	18	19	20	76	#
608	9.32607	13	14	15	16	17	18	19	20	21	76	#
609	9.32607	14	15	16	17	18	19	20	21	22	76	#
610	9.32607	15	16	17	18	19	20	21	22	23	76	#
611	9.32607	16	17	18	19	20	21	22	23	24	76	#
612	9.32607	17	18	19	20	21	22	23	24	25	76	#
613	9.32607	18	19	20	21	22	23	24	25	26	76	#
614	9.32607	19	20	21	22	23	24	25	26	27	76	#
615	9.32607	20	21	22	23	24	25	26	27	28	76	#
616	9.32607	21	22	23	24	25	26	27	28	29	76	#
617	4.36219	22	23	24	25	26	27	28	29	30	76	#
618	4.36219	23	24	25	26	27	28	29	30	31	76	#
619	4.36219	24	25	26	27	28	29	30	31	32	76	#
620	4.36219	25	26	27	28	29	30	31	32	33	76	#
621	4.36219	26	27	28	29	30	31	32	33	34	76	#
622	4.36219	27	28	29	30	31	32	33	34	35	76	#
623	4.36219	28	29	30	31	32	33	34	35	36	76	#
624	4.36219	29	30	31	32	33	34	35	36	37	76	#
625	4.36219	30	31	32	33	34	35	36	37	38	76	#
626	4.36219	31	32	33	34	35	36	37	38	39	76	#
627	4.36219	32	33	34	35	36	37	38	39	40	76	#
628	4.36219	33	34	35	36	37	38	39	40	41	76	#
629	4.36219	34	35	36	37	38	39	40	41	42	76	#
630	4.36219	35	36	37	38	39	40	41	42	43	76	#
631	4.36219	36	37	38	39	40	41	42	43	44	76	#
632	4.36219	37	38	39	40	41	42	43	44	45	76	#
633	4.36219	38	39	40	41	42	43	44	45	46	76	#
634	4.36219	39	40	41	42	43	44	45	46	47	76	#
635	4.36219	40	41	42	43	44	45	46	47	48	76	#
636	4.36219	41	42	43	44	45	46	47	48	49	76	#
637	4.36219	42	43	44	45	46	47	48	49	50	76	#
638	4.36219	43	44	45	46	47	48	49	50	51	76	#
639	4.36219	44	45	46	47	48	49	50	51	52	76	#
640	4.36219	45	46	47	48	49	50	51	52	53	76	#
641	4.36219	46	47	48	49	50	51	52	53	54	76	#
642	4.36219	47	48	49	50	51	52	53	54	55	76	#
643	4.36219	48	49	50	51	52	53	54	55	56	76	#
644	4.36219	49	50	51	52	53	54	55	56	57	76	#
645	4.36219	50	51	52	53	54	55	56	57	58	76	#
646	4.36219	51	52	53	54	55	56	57	58	59	76	#
647	4.36219	52	53	54	55	56	57	58	59	60	76	#
648	4.36219	53	54	55	56	57	58	59	60	61	76	#
649	4.36219	54	55	56	57	58	59	60	61	62	76	#
650	4.29295	55	56	57	58	59	60	61	62	63	76	#
651	3.19349	0	1	2	77	#
652	3.19349	1	2	3	77	#
653	3.19349	2	3	4	77	#
654	3.19349	3	4	5	77	#
655	3.19349	4	5	6	77	#
656	3.19349	5	6	7	77	#
657	3.19349	6	7	8	77	#
658	3.19349	7	8	9	77	#
659	3.19349	8	9	10	77	#
660	3.19349	9	10	11	77	#
661	3.19349	10	11	12	77	#
662	3.19349	11	12	13	77	#
663	3.19349	12	13	14	77	#
664	3.19349	13	14	15	77	#
665	3.19349	14	15	16	77	#
666	3.19349	15	16	17	77	#
667	3.19349	16	17	18	77	#
668	3.19349	17	18	19	77	#
669	3.19349	18	19	20	77	#
670	3.19349	19	20	21	77	#
671	3.19349	20	21	22	77	#
672	3.19349	21	22	23	77	#
673	3.19349	22	23	24	77	#
674	3.19349	23	24	25	77	#
675	3.19349	24	25	26	77	#
676	3.19349	25	26	27	77	#
677	3.19349	26	27	28	77	#
678	3.19349	27	28	29	77	#
679	3.19349	28	29	30	77	#
680	3.19349	29	30	31	77	#
681	3.19349	30	31	32	77	#
682	1.79283	31	32	33	77	#
683	1.79283	32	33	34	77	#
684	1.79283	33	34	35	77	#
685	1.79283	34	35	36	77	#
686	1.79283	35	36	37	77	#
687	1.79283	36	37	38	77	#
688	1.79283	37	38	39	77	#
689	1.79283	38	39	40	77	#
690	1.79283	39	40	41	77	#
691	1.79283	40	41	42	77	#
692	1.79283	41	42	43	77	#
693	1.79283	42	43	44	77	#
694	1.79283	43	44	45	77	#
695	1.79283	44	45	46	77	#
696	1.79283	45	46	47	77	#
697	1.79283	46	47	48	77	#
698	1.79283	47	48	49	77	#
699	1.79283	48	49	50	77	#
700	1.79283	49	50	51	77	#
701	1.79283	50	51	52	77	#
702	1.79283	51	52	53	77	#
703	1.79283	52	53	54	77	#
704	1.79283	53	54	55	77	#
705	1.79283	54	55	56	77	#
706	1.79283	55	56	57	77	#
707	21.5525	0	1	2	3	4	5	6	7	8	9	78	#
708	21.5525	1	2	3	4	5	6	7	8	9	10	78	#
709	21.5525	2	3	4	5	6	7	8	9	10	11	78	#
710	21.5525	3	4	5	6	7	8	9	10	11	12	78	#
711	21.5525	4	5	6	7	8	9	10	11	12	13	78	#
712	21.5525	5	6	7	8	9	10	11	12	13	14	78	#
713	21.5525	6	7	8	9	10	11	12	13	14	15	78	#
714	4.8405	0	1	2	3	4	79	#
715	4.8405	1	2	3	4	5	79	#
716	4.8405	2	3	4	5	6	79	#
717	4.8405	3	4	5	6	7	79	#
718	4.8405	4	5	6	7	8	79	#
719	4.8405	5	6	7	8	9	79	#
720	4.8405	6	7	8	9	10	79	#
721	4.8405	7	8	9	10	11	79	#
722	4.8405	8	9	10	11	12	79	#
723	4.8405	9	10	11	12	13	79	#
724	4.8405	10	11	12	13	14	79	#
725	4.8405	11	12	13	14	15	79	#
726	4.27103	12	13	14	15	16	79	#
727	4.27103	13	14	15	16	17	79	#
728	1.3963	14	15	16	17	18	79	#
729	1.3963	15	16	17	18	19	79	#
730	1.3963	16	17	18	19	20	79	#
731	1.3963	17	18	19	20	21	79	#
732	1.3963	18	19	20	21	22	79	#
733	1.3963	19	20	21	22	23	79	#
734	1.3963	20	21	22	23	24	79	#
735	1.3963	21	22	23	24	25	79	#
736	1.3963	22	23	24	25	26	79	#
737	1.3963	23	24	25	26	27	79	#
738	1.3963	24	25	26	27	28	79	#
739	1.3963	25	26	27	28	29	79	#
740	1.3963	26	27	28	29	30	79	#
741	1.3963	27	28	29	30	31	79	#
742	1.3963	28	29	30	31	32	79	#
743	1.3963	29	30	31	32	33	79	#
744	1.3963	30	31	32	33	34	79	#
745	1.3963	31	32	33	34	35	79	#
746	1.3963	32	33	34	35	36	79	#
747	1.3963	33	34	35	36	37	79	#
748	1.3963	34	35	36	37	38	79	#
749	1.3963	35	36	37	38	39	79	#
750	1.3963	36	37	38	39	40	79	#
751	1.3963	37	38	39	40	41	79	#
752	1.3963	38	39	40	41	42	79	#
753	1.3963	39	40	41	42	43	79	#
754	1.3963	40	41	42	43	44	79	#
755	1.3963	41	42	43	44	45	79	#
756	1.3963	42	43	44	45	46	79	#
757	1.3963	43	44	45	46	47	79	#
758	1.3963	44	45	46	47	48	79	#
759	1.3963	45	46	47	48	49	79	#
760	1.3963	46	47	48	49	50	79	#
761	1.3963	47	48	49	50	51	79	#
762	1.3963	48	49	50	51	52	79	#
763	1.1525	49	50	51	52	53	79	#
764	1.1525	50	51	52	53	54	79	#
765	1.1525	51	52	53	54	55	79	#
766	1.1525	52	53	54	55	56	79	#
767	1.1525	53	54	55	56	57	79	#
768	1.1525	54	55	56	57	58	79	#
769	1.1525	55	56	57	58	59	79	#
770	1.1525	56	57	58	59	60	79	#
771	1.1525	57	58	59	60	61	79	#
772	1.1525	58	59	60	61	62	79	#
773	1.1525	59	60	61	62	63	79	#
774	20.1729	0	1	2	3	4	5	6	7	8	80	#
775	20.1729	1	2	3	4	5	6	7	8	9	80	#
776	20.1729	2	3	4	5	6	7	8	9	10	80	#
777	20.1729	3	4	5	6	7	8	9	10	11	80	#
778	20.1729	4	5	6	7	8	9	10	11	12	80	#
779	20.1729	5	6	7	8	9	10	11	12	13	80	#
780	20.1729	6	7	8	9	10	11	12	13	14	80	#
781	20.1729	7	8	9	10	11	12	13	14	15	80	#
782	20.1729	8	9	10	11	12	13	14	15	16	80	#
783	20.1729	9	10	11	12	13	14	15	16	17	80	#
784	20.1729	10	11	12	13	14	15	16	17	18	80	#
785	20.1729	11	12	13	14	15	16	17	18	19	80	#
786	20.1729	12	13	14	15	16	17	18	19	20	80	#
787	20.1729	13	14	15	16	17	18	19	20	21	80	#
788	3.29044	0	1	2	81	#
789	3.29044	1	2	3	81	#
790	3.29044	2	3	4	81	#
791	3.29044	3	4	5	81	#
792	3.29044	4	5	6	81	#
793	3.29044	5	6	7	81	#
794	3.29044	6	7	8	81	#
795	3.29044	7	8	9	81	#
796	3.29044	8	9	10	81	#
797	3.29044	9	10	11	81	#
798	3.29044	10	11	12	81	#
799	3.29044	11	12	13	81	#
800	0.929906	12	13	14	81	#
801	0.929906	13	14	15	81	#
802	0.929906	14	15	16	81	#
803	0.929906	15	16	17	81	#
804	0.929906	16	17	18	81	#
805	0.929906	17	18	19	81	#
806	0.929906	18	19	20	81	#
807	0.929906	19	20	21	81	#
808	0.929906	20	21	22	81	#
809	0.929906	21	22	23	81	#
810	0.929906	22	23	24	81	#
811	0.929906	23	24	25	81	#
812	0.929906	24	25	26	81	#
813	0.929906	25	26	27	81	#
814	0.929906	26	27	28	81	#
815	0.929906	27	28	29	81	#
816	0.929906	28	29	30	81	#
817	0.929906	29	30	31	81	#
818	0.929906	30	31	32	81	#
819	0.929906	31	32	33	81	#
820	0.929906	32	33	34	81	#
821	0.929906	33	34	35	81	#
822	0.929906	34	35	36	81	#
823	0.929906	35	36	37	81	#
824	0.929906	36	37	38	81	#
825	0.929906	37	38	39	81	#
826	0.929906	38	39	40	81	#
827	0.929906	39	40	41	81	#
828	0.929906	40	41	42	81	#
829	0.929906	41	42	43	81	#
830	0.929906	42	43	44	81	#
831	0.929906	43	44	45	81	#
832	0.929906	44	45	46	81	#
833	0.855513	45	46	47	81	#
834	0.855513	46	47	48	81	#
835	0.855513	47	48	49	81	#
836	0.855513	48	49	50	81	#
837	0.807088	49	50	51	81	#
838	0.807088	50	51	52	81	#
839	0.807088	51	52	53	81	#
840	0.712928	52	53	54	81	#
841	0.712928	53	54	55	81	#
842	0.712928	54	55	56	81	#
843	0.712928	55	56	57	81	#
844	0.712928	56	57	58	81	#
845	0.712928	57	58	59	81	#
846	0.712928	58	59	60	81	#
847	0.68993	59	60	61	81	#
848	0.68993	60	61	62	81	#
849	0.678979	61	62	63	81	#
850	3.03201	0	1	82	#
851	3.03201	1	2	82	#
852	0.116616	2	3	82	#
853	0.116616	3	4	82	#
854	0.116616	4	5	82	#
855	0.116616	5	6	82	#
856	0.116616	6	7	82	#
857	0.116616	7	8	82	#
858	0.116616	8	9	82	#
859	0.116616	9	10	82	#
860	0.116616	10	11	82	#
861	0.116616	11	12	82	#
862	0.116616	12	13	82	#
863	0.116616	13	14	82	#
864	0.116616	14	15	82	#
865	0.116616	15	16	82	#
866	0.116616	16	17	82	#
867	0.116616	17	18	82	#
868	0.116616	18	19	82	#
869	0.116616	19	20	82	#
870	0.116616	20	21	82	#
871	0.116616	21	22	82	#
872	0.116616	22	23	82	#
873	0.116616	23	24	82	#
874	0.116616	24	25	82	#
875	0.116616	25	26	82	#
876	0.116616	26	27	82	#
877	0.116616	27	28	82	#
878	0.116616	28	29	82	#
879	0.116616	29	30	82	#
880	0.116616	30	31	82	#
881	0.116616	31	32	82	#
882	0.116616	32	33	82	#
883	0.116616	33	34	82	#
884	0.116616	34	35	82	#
885	0.116616	35	36	82	#
886	0.116616	36	37	82	#
887	0.116616	37	38	82	#
888	0.116616	38	39	82	#
889	0.116616	39	40	82	#
890	0.116616	40	41	82	#
891	0.116616	41	42	82	#
892	0.116616	42	43	82	#
893	0.116616	43	44	82	#
894	0.116616	44	45	82	#
895	0.116616	45	46	82	#
896	0.116616	46	47	82	#
897	0.116616	47	48	82	#
898	0.116616	48	49	82	#
899	0.116616	49	50	82	#
900	0.116616	50	51	82	#
901	0.116616	51	52	82	#
902	0.104552	52	53	82	#
903	0.104552	53	54	82	#
904	0.104552	54	55	82	#
905	0.104552	55	56	82	#
906	0.104552	56	57	82	#
907	0.104552	57	58	82	#
908	3.23029	0	1	83	#
909	3.23029	1	2	83	#
910	3.23029	2	3	83	#
911	3.23029	3	4	83	#
912	3.23029	4	5	83	#
913	3.23029	5	6	83	#
914	3.23029	6	7	83	#
915	3.23029	7	8	83	#
916	3.23029	8	9	83	#
917	3.23029	9	10	83	#
918	3.23029	10	11	83	#
919	3.23029	11	12	83	#
920	3.23029	12	13	83	#
921	3.23029	13	14	83	#
922	3.23029	14	15	83	#
923	3.23029	15	16	83	#
924	3.23029	16	17	83	#
925	3.23029	17	18	83	#
926	3.23029	18	19	83	#
927	3.23029	19	20	83	#
928	3.23029	20	21	83	#
929	3.23029	21	22	83	#
930	3.23029	22	23	83	#
931	3.23029	23	24	83	#
932	3.23029	24	25	83	#
933	3.23029	25	26	83	#
934	3.23029	26	27	83	#
935	3.23029	27	28	83	#
936	3.23029	28	29	83	#
937	3.23029	29	30	83	#
938	3.23029	30	31	83	#
939	3.23029	31	32	83	#
940	3.23029	32	33	83	#
941	3.23029	33	34	83	#
942	3.23029	34	35	83	#
943	3.23029	35	36	83	#
944	3.23029	36	37	83	#
945	3.23029	37	38	83	#
946	3.23029	38	39	83	#
947	3.23029	39	40	83	#
948	3.23029	40	41	83	#
949	3.23029	41	42	83	#
950	3.23029	42	43	83	#
951	3.23029	43	44	83	#
952	3.23029	44	45	83	#
953	2.69191	45	46	83	#
954	2.69191	46	47	83	#
955	2.69191	47	48	83	#
956	2.69191	48	49	83	#
957	2.69191	49	50	83	#
958	2.69191	50	51	83	#
959	2.69191	51	52	83	#
960	2.69191	52	53	83	#
961	2.69191	53	54	83	#
962	2.34456	54	55	83	#
963	2.34456	55	56	83	#
964	2.34456	56	57	83	#
965	2.34456	57	58	83	#
966	2.34456	58	59	83	#
967	2.34456	59	60	83	#
968	2.34456	60	61	83	#
969	2.34456	61	62	83	#
970	2.30735	62	63	83	#
971	4.94587	0	1	2	84	#
972	4.94587	1	2	3	84	#
973	4.94587	2	3	4	84	#
974	4.94587	3	4	5	84	#
975	4.94587	4	5	6	84	#
976	4.94587	5	6	7	84	#
977	4.94587	6	7	8	84	#
978	4.94587	7	8	9	84	#
979	4.94587	8	9	10	84	#
980	4.94587	9	10	11	84	#
981	4.94587	10	11	12	84	#
982	4.94587	11	12	13	84	#
983	4.94587	12	13	14	84	#
984	4.94587	13	14	15	84	#
985	4.94587	14	15	16	84	#
986	4.94587	15	16	17	84	#
987	4.94587	16	17	18	84	#
988	4.94587	17	18	19	84	#
989	4.94587	18	19	20	84	#
990	4.94587	19	20	21	84	#
991	4.94587	20	21	22	84	#
992	4.94587	21	22	23	84	#
993	4.94587	22	23	24	84	#
994	4.94587	23	24	25	84	#
995	4.94587	24	25	26	84	#
996	4.94587	25	26	27	84	#
997	4.94587	26	27	28	84	#
998	4.94587	27	28	29	84	#
999	4.94587	28	29	30	84	#
1000	4.01016	29	30	31	84	#
1001	4.01016	30	31	32	84	#
1002	4.01016	31	32	33	84	#
1003	4.01016	32	33	34	84	#
1004	4.01016	33	34	35	84	#
1005	4.01016	34	35	36	84	#
1006	4.01016	35	36	37	84	#
1007	3.4506	36	37	38	84	#
1008	3.4506	37	38	39	84	#
1009	3.4506	38	39	40	84	#
1010	3.4506	39	40	41	84	#
1011	3.4506	40	41	42	84	#
1012	3.4506	41	42	43	84	#
1013	2.85338	42	43	44	84	#
1014	2.85338	43	44	45	84	#
1015	2.85338	44	45	46	84	#
1016	2.85338	45	46	47	84	#
1017	2.85338	46	47	48	84	#
1018	2.85338	47	48	49	84	#
1019	2.85338	48	49	50	84	#
1020	2.85338	49	50	51	84	#
1021	2.85338	50	51	52	84	#
1022	2.79955	51	52	53	84	#
1023	2.55821	52	53	54	84	#
1024	2.55821	53	54	55	84	#
1025	2.55821	54	55	56	84	#
1026	2.55821	55	56	57	84	#
1027	2.55821	56	57	58	84	#
1028	2.35517	57	58	59	84	#
1029	2.35517	58	59	60	84	#
1030	2.35517	59	60	61	84	#
1031	2.35517	60	61	62	84	#
1032	2.35517	61	62	63	84	#
