%% File generated by CATS v.2.1Wed Jun 22 10:37:56 2022

%% The CATS webpage is http://robotics.stanford.edu/CATS

%% PARAMETER SETTINGS:
% Goods: 64; Bids: 1000; Distribution: scheduling; Runs: 1; Seed: 1656573137
% Scheduling Distribution Parameters:
% max_length                = 10
% deviation                 = 0.500000
% prob_additional_deadline  = 0.700000
% additivity                = 0.200000



goods 64
bids 1014
dummy 22

0	2.40128	0	1	2	64	#
1	2.40128	1	2	3	64	#
2	2.40128	2	3	4	64	#
3	2.40128	3	4	5	64	#
4	2.40128	4	5	6	64	#
5	2.40128	5	6	7	64	#
6	2.40128	6	7	8	64	#
7	2.40128	7	8	9	64	#
8	2.40128	8	9	10	64	#
9	2.40128	9	10	11	64	#
10	2.40128	10	11	12	64	#
11	2.40128	11	12	13	64	#
12	2.40128	12	13	14	64	#
13	2.40128	13	14	15	64	#
14	2.40128	14	15	16	64	#
15	2.40128	15	16	17	64	#
16	2.40128	16	17	18	64	#
17	2.40128	17	18	19	64	#
18	2.40128	18	19	20	64	#
19	2.40128	19	20	21	64	#
20	2.40128	20	21	22	64	#
21	2.40128	21	22	23	64	#
22	2.40128	22	23	24	64	#
23	2.40128	23	24	25	64	#
24	2.40128	24	25	26	64	#
25	2.40128	25	26	27	64	#
26	2.40128	26	27	28	64	#
27	2.40128	27	28	29	64	#
28	2.40128	28	29	30	64	#
29	2.40128	29	30	31	64	#
30	2.40128	30	31	32	64	#
31	2.40128	31	32	33	64	#
32	2.40128	32	33	34	64	#
33	2.40128	33	34	35	64	#
34	2.40128	34	35	36	64	#
35	2.40128	35	36	37	64	#
36	2.40128	36	37	38	64	#
37	2.40128	37	38	39	64	#
38	2.40128	38	39	40	64	#
39	2.40128	39	40	41	64	#
40	2.40128	40	41	42	64	#
41	2.40128	41	42	43	64	#
42	2.40128	42	43	44	64	#
43	2.40128	43	44	45	64	#
44	2.40128	44	45	46	64	#
45	2.40128	45	46	47	64	#
46	2.40128	46	47	48	64	#
47	2.40128	47	48	49	64	#
48	2.40128	48	49	50	64	#
49	2.40128	49	50	51	64	#
50	2.14851	50	51	52	64	#
51	2.14851	51	52	53	64	#
52	2.14851	52	53	54	64	#
53	2.14851	53	54	55	64	#
54	2.14851	54	55	56	64	#
55	2.14851	55	56	57	64	#
56	2.00762	56	57	58	64	#
57	2.00762	57	58	59	64	#
58	2.00762	58	59	60	64	#
59	2.00762	59	60	61	64	#
60	1.94389	60	61	62	64	#
61	1.94389	61	62	63	64	#
62	7.46239	0	1	2	3	4	65	#
63	7.46239	1	2	3	4	5	65	#
64	7.46239	2	3	4	5	6	65	#
65	7.46239	3	4	5	6	7	65	#
66	7.46239	4	5	6	7	8	65	#
67	7.46239	5	6	7	8	9	65	#
68	7.46239	6	7	8	9	10	65	#
69	7.46239	7	8	9	10	11	65	#
70	7.46239	8	9	10	11	12	65	#
71	7.46239	9	10	11	12	13	65	#
72	7.46239	10	11	12	13	14	65	#
73	7.46239	11	12	13	14	15	65	#
74	7.46239	12	13	14	15	16	65	#
75	7.46239	13	14	15	16	17	65	#
76	7.46239	14	15	16	17	18	65	#
77	7.46239	15	16	17	18	19	65	#
78	7.46239	16	17	18	19	20	65	#
79	7.46239	17	18	19	20	21	65	#
80	7.46239	18	19	20	21	22	65	#
81	7.46239	19	20	21	22	23	65	#
82	7.46239	20	21	22	23	24	65	#
83	7.46239	21	22	23	24	25	65	#
84	7.46239	22	23	24	25	26	65	#
85	3.73119	23	24	25	26	27	65	#
86	3.73119	24	25	26	27	28	65	#
87	3.73119	25	26	27	28	29	65	#
88	3.73119	26	27	28	29	30	65	#
89	3.73119	27	28	29	30	31	65	#
90	3.73119	28	29	30	31	32	65	#
91	3.73119	29	30	31	32	33	65	#
92	3.73119	30	31	32	33	34	65	#
93	3.73119	31	32	33	34	35	65	#
94	3.73119	32	33	34	35	36	65	#
95	3.73119	33	34	35	36	37	65	#
96	3.73119	34	35	36	37	38	65	#
97	3.73119	35	36	37	38	39	65	#
98	3.73119	36	37	38	39	40	65	#
99	3.73119	37	38	39	40	41	65	#
100	3.73119	38	39	40	41	42	65	#
101	3.73119	39	40	41	42	43	65	#
102	3.73119	40	41	42	43	44	65	#
103	3.73119	41	42	43	44	45	65	#
104	3.73119	42	43	44	45	46	65	#
105	3.73119	43	44	45	46	47	65	#
106	3.73119	44	45	46	47	48	65	#
107	3.73119	45	46	47	48	49	65	#
108	3.73119	46	47	48	49	50	65	#
109	3.73119	47	48	49	50	51	65	#
110	3.73119	48	49	50	51	52	65	#
111	3.4039	49	50	51	52	53	65	#
112	3.4039	50	51	52	53	54	65	#
113	3.4039	51	52	53	54	55	65	#
114	3.4039	52	53	54	55	56	65	#
115	3.4039	53	54	55	56	57	65	#
116	3.12939	54	55	56	57	58	65	#
117	3.12939	55	56	57	58	59	65	#
118	3.12939	56	57	58	59	60	65	#
119	3.12939	57	58	59	60	61	65	#
120	3.12939	58	59	60	61	62	65	#
121	3.07972	59	60	61	62	63	65	#
122	0.532984	0	66	#
123	0.532984	1	66	#
124	0.532984	2	66	#
125	0.532984	3	66	#
126	0.532984	4	66	#
127	0.532984	5	66	#
128	0.532984	6	66	#
129	0.532984	7	66	#
130	0.532984	8	66	#
131	0.532984	9	66	#
132	0.532984	10	66	#
133	0.532984	11	66	#
134	0.532984	12	66	#
135	0.532984	13	66	#
136	0.532984	14	66	#
137	0.532984	15	66	#
138	0.532984	16	66	#
139	0.532984	17	66	#
140	0.532984	18	66	#
141	0.532984	19	66	#
142	0.532984	20	66	#
143	0.532984	21	66	#
144	0.532984	22	66	#
145	0.532984	23	66	#
146	0.532984	24	66	#
147	0.532984	25	66	#
148	0.532984	26	66	#
149	0.532984	27	66	#
150	0.532984	28	66	#
151	0.532984	29	66	#
152	0.532984	30	66	#
153	0.532984	31	66	#
154	0.532984	32	66	#
155	0.532984	33	66	#
156	0.532984	34	66	#
157	0.532984	35	66	#
158	0.532984	36	66	#
159	0.532984	37	66	#
160	0.532984	38	66	#
161	0.532984	39	66	#
162	0.532984	40	66	#
163	0.532984	41	66	#
164	0.532984	42	66	#
165	0.532984	43	66	#
166	0.532984	44	66	#
167	0.532984	45	66	#
168	0.532984	46	66	#
169	0.532984	47	66	#
170	0.532984	48	66	#
171	0.532984	49	66	#
172	0.532984	50	66	#
173	0.532984	51	66	#
174	0.532984	52	66	#
175	0.532984	53	66	#
176	0.532984	54	66	#
177	0.532984	55	66	#
178	0.532984	56	66	#
179	0.532984	57	66	#
180	0.532984	58	66	#
181	0.532984	59	66	#
182	0.532984	60	66	#
183	0.532984	61	66	#
184	0.532984	62	66	#
185	0.524524	63	66	#
186	14.487	0	1	2	3	4	5	6	67	#
187	14.487	1	2	3	4	5	6	7	67	#
188	14.487	2	3	4	5	6	7	8	67	#
189	14.487	3	4	5	6	7	8	9	67	#
190	14.487	4	5	6	7	8	9	10	67	#
191	14.487	5	6	7	8	9	10	11	67	#
192	14.487	6	7	8	9	10	11	12	67	#
193	14.487	7	8	9	10	11	12	13	67	#
194	14.487	8	9	10	11	12	13	14	67	#
195	14.487	9	10	11	12	13	14	15	67	#
196	14.487	10	11	12	13	14	15	16	67	#
197	14.487	11	12	13	14	15	16	17	67	#
198	14.487	12	13	14	15	16	17	18	67	#
199	14.487	13	14	15	16	17	18	19	67	#
200	14.487	14	15	16	17	18	19	20	67	#
201	14.487	15	16	17	18	19	20	21	67	#
202	14.487	16	17	18	19	20	21	22	67	#
203	14.487	17	18	19	20	21	22	23	67	#
204	14.487	18	19	20	21	22	23	24	67	#
205	14.487	19	20	21	22	23	24	25	67	#
206	14.487	20	21	22	23	24	25	26	67	#
207	14.487	21	22	23	24	25	26	27	67	#
208	14.487	22	23	24	25	26	27	28	67	#
209	14.487	23	24	25	26	27	28	29	67	#
210	14.487	24	25	26	27	28	29	30	67	#
211	14.487	25	26	27	28	29	30	31	67	#
212	14.487	26	27	28	29	30	31	32	67	#
213	14.487	27	28	29	30	31	32	33	67	#
214	14.487	28	29	30	31	32	33	34	67	#
215	14.487	29	30	31	32	33	34	35	67	#
216	14.487	30	31	32	33	34	35	36	67	#
217	14.487	31	32	33	34	35	36	37	67	#
218	14.487	32	33	34	35	36	37	38	67	#
219	14.487	33	34	35	36	37	38	39	67	#
220	14.487	34	35	36	37	38	39	40	67	#
221	14.487	35	36	37	38	39	40	41	67	#
222	10.4205	36	37	38	39	40	41	42	67	#
223	10.4205	37	38	39	40	41	42	43	67	#
224	10.4205	38	39	40	41	42	43	44	67	#
225	10.4205	39	40	41	42	43	44	45	67	#
226	10.4205	40	41	42	43	44	45	46	67	#
227	10.4205	41	42	43	44	45	46	47	67	#
228	10.4205	42	43	44	45	46	47	48	67	#
229	10.4205	43	44	45	46	47	48	49	67	#
230	10.4205	44	45	46	47	48	49	50	67	#
231	10.4205	45	46	47	48	49	50	51	67	#
232	10.4205	46	47	48	49	50	51	52	67	#
233	10.4205	47	48	49	50	51	52	53	67	#
234	10.4205	48	49	50	51	52	53	54	67	#
235	10.4205	49	50	51	52	53	54	55	67	#
236	10.4205	50	51	52	53	54	55	56	67	#
237	10.4205	51	52	53	54	55	56	57	67	#
238	10.0672	52	53	54	55	56	57	58	67	#
239	10.0672	53	54	55	56	57	58	59	67	#
240	9.58011	54	55	56	57	58	59	60	67	#
241	9.58011	55	56	57	58	59	60	61	67	#
242	9.58011	56	57	58	59	60	61	62	67	#
243	9.42804	57	58	59	60	61	62	63	67	#
244	11.6147	0	1	2	3	4	5	6	68	#
245	11.6147	1	2	3	4	5	6	7	68	#
246	11.6147	2	3	4	5	6	7	8	68	#
247	11.6147	3	4	5	6	7	8	9	68	#
248	11.6147	4	5	6	7	8	9	10	68	#
249	11.6147	5	6	7	8	9	10	11	68	#
250	11.6147	6	7	8	9	10	11	12	68	#
251	11.6147	7	8	9	10	11	12	13	68	#
252	11.6147	8	9	10	11	12	13	14	68	#
253	11.6147	9	10	11	12	13	14	15	68	#
254	11.6147	10	11	12	13	14	15	16	68	#
255	11.6147	11	12	13	14	15	16	17	68	#
256	11.6147	12	13	14	15	16	17	18	68	#
257	11.6147	13	14	15	16	17	18	19	68	#
258	11.6147	14	15	16	17	18	19	20	68	#
259	11.6147	15	16	17	18	19	20	21	68	#
260	11.6147	16	17	18	19	20	21	22	68	#
261	11.6147	17	18	19	20	21	22	23	68	#
262	11.6147	18	19	20	21	22	23	24	68	#
263	11.6147	19	20	21	22	23	24	25	68	#
264	11.6147	20	21	22	23	24	25	26	68	#
265	11.6147	21	22	23	24	25	26	27	68	#
266	11.6147	22	23	24	25	26	27	28	68	#
267	11.6147	23	24	25	26	27	28	29	68	#
268	11.6147	24	25	26	27	28	29	30	68	#
269	11.6147	25	26	27	28	29	30	31	68	#
270	11.6147	26	27	28	29	30	31	32	68	#
271	11.6147	27	28	29	30	31	32	33	68	#
272	11.6147	28	29	30	31	32	33	34	68	#
273	11.6147	29	30	31	32	33	34	35	68	#
274	11.6147	30	31	32	33	34	35	36	68	#
275	11.6147	31	32	33	34	35	36	37	68	#
276	11.6147	32	33	34	35	36	37	38	68	#
277	11.6147	33	34	35	36	37	38	39	68	#
278	11.6147	34	35	36	37	38	39	40	68	#
279	11.6147	35	36	37	38	39	40	41	68	#
280	11.6147	36	37	38	39	40	41	42	68	#
281	11.6147	37	38	39	40	41	42	43	68	#
282	11.6147	38	39	40	41	42	43	44	68	#
283	11.6147	39	40	41	42	43	44	45	68	#
284	11.6147	40	41	42	43	44	45	46	68	#
285	11.6147	41	42	43	44	45	46	47	68	#
286	11.6147	42	43	44	45	46	47	48	68	#
287	11.6147	43	44	45	46	47	48	49	68	#
288	11.6147	44	45	46	47	48	49	50	68	#
289	11.6147	45	46	47	48	49	50	51	68	#
290	11.6147	46	47	48	49	50	51	52	68	#
291	11.6147	47	48	49	50	51	52	53	68	#
292	11.6147	48	49	50	51	52	53	54	68	#
293	11.6147	49	50	51	52	53	54	55	68	#
294	11.6147	50	51	52	53	54	55	56	68	#
295	11.6147	51	52	53	54	55	56	57	68	#
296	11.6147	52	53	54	55	56	57	58	68	#
297	11.6147	53	54	55	56	57	58	59	68	#
298	11.4211	54	55	56	57	58	59	60	68	#
299	11.0527	55	56	57	58	59	60	61	68	#
300	11.0527	56	57	58	59	60	61	62	68	#
301	10.8773	57	58	59	60	61	62	63	68	#
302	11.1453	0	1	2	3	4	5	6	7	69	#
303	11.1453	1	2	3	4	5	6	7	8	69	#
304	11.1453	2	3	4	5	6	7	8	9	69	#
305	11.1453	3	4	5	6	7	8	9	10	69	#
306	11.1453	4	5	6	7	8	9	10	11	69	#
307	11.1453	5	6	7	8	9	10	11	12	69	#
308	11.1453	6	7	8	9	10	11	12	13	69	#
309	11.1453	7	8	9	10	11	12	13	14	69	#
310	11.1453	8	9	10	11	12	13	14	15	69	#
311	11.1453	9	10	11	12	13	14	15	16	69	#
312	11.1453	10	11	12	13	14	15	16	17	69	#
313	11.1453	11	12	13	14	15	16	17	18	69	#
314	11.1453	12	13	14	15	16	17	18	19	69	#
315	11.1453	13	14	15	16	17	18	19	20	69	#
316	11.1453	14	15	16	17	18	19	20	21	69	#
317	11.1453	15	16	17	18	19	20	21	22	69	#
318	11.1453	16	17	18	19	20	21	22	23	69	#
319	11.1453	17	18	19	20	21	22	23	24	69	#
320	11.1453	18	19	20	21	22	23	24	25	69	#
321	11.1453	19	20	21	22	23	24	25	26	69	#
322	11.1453	20	21	22	23	24	25	26	27	69	#
323	11.1453	21	22	23	24	25	26	27	28	69	#
324	9.75213	22	23	24	25	26	27	28	29	69	#
325	9.75213	23	24	25	26	27	28	29	30	69	#
326	9.75213	24	25	26	27	28	29	30	31	69	#
327	9.75213	25	26	27	28	29	30	31	32	69	#
328	9.45661	26	27	28	29	30	31	32	33	69	#
329	16.872	0	1	2	3	4	5	6	7	8	70	#
330	16.872	1	2	3	4	5	6	7	8	9	70	#
331	16.872	2	3	4	5	6	7	8	9	10	70	#
332	16.872	3	4	5	6	7	8	9	10	11	70	#
333	16.872	4	5	6	7	8	9	10	11	12	70	#
334	16.872	5	6	7	8	9	10	11	12	13	70	#
335	16.872	6	7	8	9	10	11	12	13	14	70	#
336	16.872	7	8	9	10	11	12	13	14	15	70	#
337	16.872	8	9	10	11	12	13	14	15	16	70	#
338	16.872	9	10	11	12	13	14	15	16	17	70	#
339	16.872	10	11	12	13	14	15	16	17	18	70	#
340	16.872	11	12	13	14	15	16	17	18	19	70	#
341	16.872	12	13	14	15	16	17	18	19	20	70	#
342	16.872	13	14	15	16	17	18	19	20	21	70	#
343	16.872	14	15	16	17	18	19	20	21	22	70	#
344	16.872	15	16	17	18	19	20	21	22	23	70	#
345	16.872	16	17	18	19	20	21	22	23	24	70	#
346	16.872	17	18	19	20	21	22	23	24	25	70	#
347	16.872	18	19	20	21	22	23	24	25	26	70	#
348	16.872	19	20	21	22	23	24	25	26	27	70	#
349	16.872	20	21	22	23	24	25	26	27	28	70	#
350	16.872	21	22	23	24	25	26	27	28	29	70	#
351	16.872	22	23	24	25	26	27	28	29	30	70	#
352	16.872	23	24	25	26	27	28	29	30	31	70	#
353	16.872	24	25	26	27	28	29	30	31	32	70	#
354	16.872	25	26	27	28	29	30	31	32	33	70	#
355	16.872	26	27	28	29	30	31	32	33	34	70	#
356	16.872	27	28	29	30	31	32	33	34	35	70	#
357	16.872	28	29	30	31	32	33	34	35	36	70	#
358	16.872	29	30	31	32	33	34	35	36	37	70	#
359	16.872	30	31	32	33	34	35	36	37	38	70	#
360	16.872	31	32	33	34	35	36	37	38	39	70	#
361	16.872	32	33	34	35	36	37	38	39	40	70	#
362	16.872	33	34	35	36	37	38	39	40	41	70	#
363	16.872	34	35	36	37	38	39	40	41	42	70	#
364	16.872	35	36	37	38	39	40	41	42	43	70	#
365	16.872	36	37	38	39	40	41	42	43	44	70	#
366	16.872	37	38	39	40	41	42	43	44	45	70	#
367	16.872	38	39	40	41	42	43	44	45	46	70	#
368	16.872	39	40	41	42	43	44	45	46	47	70	#
369	16.872	40	41	42	43	44	45	46	47	48	70	#
370	16.872	41	42	43	44	45	46	47	48	49	70	#
371	16.872	42	43	44	45	46	47	48	49	50	70	#
372	13.8295	43	44	45	46	47	48	49	50	51	70	#
373	13.8295	44	45	46	47	48	49	50	51	52	70	#
374	13.8295	45	46	47	48	49	50	51	52	53	70	#
375	13.8295	46	47	48	49	50	51	52	53	54	70	#
376	13.8295	47	48	49	50	51	52	53	54	55	70	#
377	13.8295	48	49	50	51	52	53	54	55	56	70	#
378	13.8295	49	50	51	52	53	54	55	56	57	70	#
379	13.8295	50	51	52	53	54	55	56	57	58	70	#
380	13.8295	51	52	53	54	55	56	57	58	59	70	#
381	13.8295	52	53	54	55	56	57	58	59	60	70	#
382	13.8295	53	54	55	56	57	58	59	60	61	70	#
383	13.3905	54	55	56	57	58	59	60	61	62	70	#
384	13.3905	55	56	57	58	59	60	61	62	63	70	#
385	4.09791	0	1	2	3	4	71	#
386	4.09791	1	2	3	4	5	71	#
387	4.09791	2	3	4	5	6	71	#
388	4.09791	3	4	5	6	7	71	#
389	4.09791	4	5	6	7	8	71	#
390	4.09791	5	6	7	8	9	71	#
391	4.09791	6	7	8	9	10	71	#
392	4.09791	7	8	9	10	11	71	#
393	4.09791	8	9	10	11	12	71	#
394	4.09791	9	10	11	12	13	71	#
395	4.09791	10	11	12	13	14	71	#
396	4.09791	11	12	13	14	15	71	#
397	4.09791	12	13	14	15	16	71	#
398	4.09791	13	14	15	16	17	71	#
399	4.09791	14	15	16	17	18	71	#
400	4.09791	15	16	17	18	19	71	#
401	4.09791	16	17	18	19	20	71	#
402	4.2811	0	1	2	72	#
403	4.2811	1	2	3	72	#
404	4.2811	2	3	4	72	#
405	4.2811	3	4	5	72	#
406	4.2811	4	5	6	72	#
407	4.2811	5	6	7	72	#
408	4.2811	6	7	8	72	#
409	4.2811	7	8	9	72	#
410	4.2811	8	9	10	72	#
411	4.2811	9	10	11	72	#
412	4.2811	10	11	12	72	#
413	4.2811	11	12	13	72	#
414	4.2811	12	13	14	72	#
415	4.2811	13	14	15	72	#
416	4.2811	14	15	16	72	#
417	4.2811	15	16	17	72	#
418	4.2811	16	17	18	72	#
419	4.2811	17	18	19	72	#
420	4.2811	18	19	20	72	#
421	4.2811	19	20	21	72	#
422	4.2811	20	21	22	72	#
423	4.2811	21	22	23	72	#
424	4.2811	22	23	24	72	#
425	4.2811	23	24	25	72	#
426	4.2811	24	25	26	72	#
427	4.2811	25	26	27	72	#
428	4.2811	26	27	28	72	#
429	4.2811	27	28	29	72	#
430	4.2811	28	29	30	72	#
431	4.2811	29	30	31	72	#
432	4.2811	30	31	32	72	#
433	4.2811	31	32	33	72	#
434	4.2811	32	33	34	72	#
435	4.2811	33	34	35	72	#
436	4.2811	34	35	36	72	#
437	4.2811	35	36	37	72	#
438	4.2811	36	37	38	72	#
439	4.2811	37	38	39	72	#
440	4.2811	38	39	40	72	#
441	4.2811	39	40	41	72	#
442	4.2811	40	41	42	72	#
443	4.2811	41	42	43	72	#
444	4.2811	42	43	44	72	#
445	3.24773	43	44	45	72	#
446	3.24773	44	45	46	72	#
447	3.24773	45	46	47	72	#
448	3.24773	46	47	48	72	#
449	3.24773	47	48	49	72	#
450	3.24773	48	49	50	72	#
451	3.24773	49	50	51	72	#
452	3.24773	50	51	52	72	#
453	3.24773	51	52	53	72	#
454	3.24773	52	53	54	72	#
455	3.24773	53	54	55	72	#
456	3.24773	54	55	56	72	#
457	3.24773	55	56	57	72	#
458	3.24773	56	57	58	72	#
459	3.13947	57	58	59	72	#
460	3.13947	58	59	60	72	#
461	2.98998	59	60	61	72	#
462	2.98998	60	61	62	72	#
463	2.98998	61	62	63	72	#
464	5.20175	0	1	2	73	#
465	5.20175	1	2	3	73	#
466	5.20175	2	3	4	73	#
467	5.20175	3	4	5	73	#
468	5.20175	4	5	6	73	#
469	5.20175	5	6	7	73	#
470	5.20175	6	7	8	73	#
471	5.20175	7	8	9	73	#
472	5.20175	8	9	10	73	#
473	5.20175	9	10	11	73	#
474	5.20175	10	11	12	73	#
475	5.20175	11	12	13	73	#
476	5.20175	12	13	14	73	#
477	5.20175	13	14	15	73	#
478	5.20175	14	15	16	73	#
479	5.20175	15	16	17	73	#
480	5.20175	16	17	18	73	#
481	5.20175	17	18	19	73	#
482	5.20175	18	19	20	73	#
483	5.20175	19	20	21	73	#
484	5.20175	20	21	22	73	#
485	5.20175	21	22	23	73	#
486	5.20175	22	23	24	73	#
487	5.20175	23	24	25	73	#
488	5.20175	24	25	26	73	#
489	5.20175	25	26	27	73	#
490	5.20175	26	27	28	73	#
491	5.20175	27	28	29	73	#
492	5.20175	28	29	30	73	#
493	5.20175	29	30	31	73	#
494	5.20175	30	31	32	73	#
495	5.20175	31	32	33	73	#
496	5.20175	32	33	34	73	#
497	5.20175	33	34	35	73	#
498	5.20175	34	35	36	73	#
499	5.20175	35	36	37	73	#
500	5.20175	36	37	38	73	#
501	5.20175	37	38	39	73	#
502	5.20175	38	39	40	73	#
503	5.20175	39	40	41	73	#
504	5.20175	40	41	42	73	#
505	5.20175	41	42	43	73	#
506	5.20175	42	43	44	73	#
507	5.20175	43	44	45	73	#
508	5.20175	44	45	46	73	#
509	5.20175	45	46	47	73	#
510	5.20175	46	47	48	73	#
511	5.20175	47	48	49	73	#
512	5.20175	48	49	50	73	#
513	5.20175	49	50	51	73	#
514	5.20175	50	51	52	73	#
515	5.20175	51	52	53	73	#
516	5.20175	52	53	54	73	#
517	5.20175	53	54	55	73	#
518	5.20175	54	55	56	73	#
519	5.20175	55	56	57	73	#
520	5.20175	56	57	58	73	#
521	5.20175	57	58	59	73	#
522	5.20175	58	59	60	73	#
523	5.20175	59	60	61	73	#
524	5.20175	60	61	62	73	#
525	5.20175	61	62	63	73	#
526	2.55829	0	1	74	#
527	2.55829	1	2	74	#
528	2.55829	2	3	74	#
529	2.55829	3	4	74	#
530	2.55829	4	5	74	#
531	2.55829	5	6	74	#
532	2.55829	6	7	74	#
533	2.55829	7	8	74	#
534	2.55829	8	9	74	#
535	2.55829	9	10	74	#
536	2.55829	10	11	74	#
537	2.55829	11	12	74	#
538	2.55829	12	13	74	#
539	2.55829	13	14	74	#
540	2.55829	14	15	74	#
541	2.55829	15	16	74	#
542	2.55829	16	17	74	#
543	2.55829	17	18	74	#
544	2.55829	18	19	74	#
545	2.55829	19	20	74	#
546	2.55829	20	21	74	#
547	2.55829	21	22	74	#
548	2.55829	22	23	74	#
549	2.55829	23	24	74	#
550	2.55829	24	25	74	#
551	2.55829	25	26	74	#
552	2.55829	26	27	74	#
553	2.55829	27	28	74	#
554	2.55829	28	29	74	#
555	2.55829	29	30	74	#
556	2.55829	30	31	74	#
557	2.55829	31	32	74	#
558	2.55829	32	33	74	#
559	2.55829	33	34	74	#
560	2.55829	34	35	74	#
561	2.55829	35	36	74	#
562	2.55829	36	37	74	#
563	2.55829	37	38	74	#
564	2.55829	38	39	74	#
565	2.55829	39	40	74	#
566	2.55829	40	41	74	#
567	2.55829	41	42	74	#
568	2.55829	42	43	74	#
569	2.55829	43	44	74	#
570	2.55829	44	45	74	#
571	2.55829	45	46	74	#
572	2.55829	46	47	74	#
573	2.55829	47	48	74	#
574	2.55829	48	49	74	#
575	2.55829	49	50	74	#
576	2.55829	50	51	74	#
577	2.55829	51	52	74	#
578	2.55829	52	53	74	#
579	2.55829	53	54	74	#
580	2.51177	54	55	74	#
581	12.7994	0	1	2	3	4	5	6	7	8	75	#
582	12.7994	1	2	3	4	5	6	7	8	9	75	#
583	12.7994	2	3	4	5	6	7	8	9	10	75	#
584	12.7994	3	4	5	6	7	8	9	10	11	75	#
585	12.7994	4	5	6	7	8	9	10	11	12	75	#
586	12.7994	5	6	7	8	9	10	11	12	13	75	#
587	12.7994	6	7	8	9	10	11	12	13	14	75	#
588	12.7994	7	8	9	10	11	12	13	14	15	75	#
589	12.7994	8	9	10	11	12	13	14	15	16	75	#
590	12.7994	9	10	11	12	13	14	15	16	17	75	#
591	12.7994	10	11	12	13	14	15	16	17	18	75	#
592	12.7994	11	12	13	14	15	16	17	18	19	75	#
593	12.7994	12	13	14	15	16	17	18	19	20	75	#
594	12.7994	13	14	15	16	17	18	19	20	21	75	#
595	12.7994	14	15	16	17	18	19	20	21	22	75	#
596	12.725	0	1	2	3	4	5	6	7	76	#
597	12.725	1	2	3	4	5	6	7	8	76	#
598	12.725	2	3	4	5	6	7	8	9	76	#
599	12.725	3	4	5	6	7	8	9	10	76	#
600	12.725	4	5	6	7	8	9	10	11	76	#
601	12.725	5	6	7	8	9	10	11	12	76	#
602	12.725	6	7	8	9	10	11	12	13	76	#
603	12.725	7	8	9	10	11	12	13	14	76	#
604	12.725	8	9	10	11	12	13	14	15	76	#
605	12.725	9	10	11	12	13	14	15	16	76	#
606	12.725	10	11	12	13	14	15	16	17	76	#
607	12.725	11	12	13	14	15	16	17	18	76	#
608	12.725	12	13	14	15	16	17	18	19	76	#
609	12.725	13	14	15	16	17	18	19	20	76	#
610	12.725	14	15	16	17	18	19	20	21	76	#
611	12.725	15	16	17	18	19	20	21	22	76	#
612	12.725	16	17	18	19	20	21	22	23	76	#
613	12.725	17	18	19	20	21	22	23	24	76	#
614	12.725	18	19	20	21	22	23	24	25	76	#
615	12.725	19	20	21	22	23	24	25	26	76	#
616	12.725	20	21	22	23	24	25	26	27	76	#
617	12.725	21	22	23	24	25	26	27	28	76	#
618	12.725	22	23	24	25	26	27	28	29	76	#
619	12.725	23	24	25	26	27	28	29	30	76	#
620	12.725	24	25	26	27	28	29	30	31	76	#
621	12.725	25	26	27	28	29	30	31	32	76	#
622	12.725	26	27	28	29	30	31	32	33	76	#
623	12.725	27	28	29	30	31	32	33	34	76	#
624	12.725	28	29	30	31	32	33	34	35	76	#
625	12.725	29	30	31	32	33	34	35	36	76	#
626	7.69465	0	1	2	3	77	#
627	7.69465	1	2	3	4	77	#
628	7.69465	2	3	4	5	77	#
629	7.69465	3	4	5	6	77	#
630	0.839417	4	5	6	7	77	#
631	0.839417	5	6	7	8	77	#
632	0.839417	6	7	8	9	77	#
633	0.839417	7	8	9	10	77	#
634	0.839417	8	9	10	11	77	#
635	0.839417	9	10	11	12	77	#
636	0.839417	10	11	12	13	77	#
637	0.839417	11	12	13	14	77	#
638	0.839417	12	13	14	15	77	#
639	0.839417	13	14	15	16	77	#
640	0.839417	14	15	16	17	77	#
641	0.839417	15	16	17	18	77	#
642	0.839417	16	17	18	19	77	#
643	0.839417	17	18	19	20	77	#
644	0.839417	18	19	20	21	77	#
645	0.839417	19	20	21	22	77	#
646	0.839417	20	21	22	23	77	#
647	0.839417	21	22	23	24	77	#
648	0.839417	22	23	24	25	77	#
649	0.839417	23	24	25	26	77	#
650	0.839417	24	25	26	27	77	#
651	0.839417	25	26	27	28	77	#
652	0.839417	26	27	28	29	77	#
653	0.839417	27	28	29	30	77	#
654	0.839417	28	29	30	31	77	#
655	0.839417	29	30	31	32	77	#
656	0.839417	30	31	32	33	77	#
657	0.839417	31	32	33	34	77	#
658	0.839417	32	33	34	35	77	#
659	0.839417	33	34	35	36	77	#
660	0.839417	34	35	36	37	77	#
661	0.839417	35	36	37	38	77	#
662	0.839417	36	37	38	39	77	#
663	0.839417	37	38	39	40	77	#
664	0.839417	38	39	40	41	77	#
665	0.839417	39	40	41	42	77	#
666	0.839417	40	41	42	43	77	#
667	0.839417	41	42	43	44	77	#
668	0.839417	42	43	44	45	77	#
669	0.839417	43	44	45	46	77	#
670	0.839417	44	45	46	47	77	#
671	0.839417	45	46	47	48	77	#
672	0.839417	46	47	48	49	77	#
673	0.839417	47	48	49	50	77	#
674	0.839417	48	49	50	51	77	#
675	0.839417	49	50	51	52	77	#
676	0.839417	50	51	52	53	77	#
677	0.839417	51	52	53	54	77	#
678	0.839417	52	53	54	55	77	#
679	0.782507	53	54	55	56	77	#
680	0.782507	54	55	56	57	77	#
681	0.782507	55	56	57	58	77	#
682	0.782507	56	57	58	59	77	#
683	0.756851	57	58	59	60	77	#
684	0.756851	58	59	60	61	77	#
685	0.744644	59	60	61	62	77	#
686	0.732824	60	61	62	63	77	#
687	10.8669	0	1	2	3	4	5	6	7	78	#
688	10.8669	1	2	3	4	5	6	7	8	78	#
689	10.8669	2	3	4	5	6	7	8	9	78	#
690	10.8669	3	4	5	6	7	8	9	10	78	#
691	10.8669	4	5	6	7	8	9	10	11	78	#
692	10.8669	5	6	7	8	9	10	11	12	78	#
693	10.8669	6	7	8	9	10	11	12	13	78	#
694	10.8669	7	8	9	10	11	12	13	14	78	#
695	10.8669	8	9	10	11	12	13	14	15	78	#
696	10.8669	9	10	11	12	13	14	15	16	78	#
697	10.8669	10	11	12	13	14	15	16	17	78	#
698	10.8669	11	12	13	14	15	16	17	18	78	#
699	7.52326	12	13	14	15	16	17	18	19	78	#
700	7.52326	13	14	15	16	17	18	19	20	78	#
701	7.52326	14	15	16	17	18	19	20	21	78	#
702	7.52326	15	16	17	18	19	20	21	22	78	#
703	7.52326	16	17	18	19	20	21	22	23	78	#
704	7.52326	17	18	19	20	21	22	23	24	78	#
705	7.52326	18	19	20	21	22	23	24	25	78	#
706	7.52326	19	20	21	22	23	24	25	26	78	#
707	3.69066	20	21	22	23	24	25	26	27	78	#
708	3.69066	21	22	23	24	25	26	27	28	78	#
709	3.69066	22	23	24	25	26	27	28	29	78	#
710	3.69066	23	24	25	26	27	28	29	30	78	#
711	3.69066	24	25	26	27	28	29	30	31	78	#
712	3.69066	25	26	27	28	29	30	31	32	78	#
713	3.69066	26	27	28	29	30	31	32	33	78	#
714	3.69066	27	28	29	30	31	32	33	34	78	#
715	3.69066	28	29	30	31	32	33	34	35	78	#
716	3.69066	29	30	31	32	33	34	35	36	78	#
717	3.69066	30	31	32	33	34	35	36	37	78	#
718	3.69066	31	32	33	34	35	36	37	38	78	#
719	3.69066	32	33	34	35	36	37	38	39	78	#
720	3.69066	33	34	35	36	37	38	39	40	78	#
721	3.69066	34	35	36	37	38	39	40	41	78	#
722	3.69066	35	36	37	38	39	40	41	42	78	#
723	3.69066	36	37	38	39	40	41	42	43	78	#
724	3.69066	37	38	39	40	41	42	43	44	78	#
725	3.69066	38	39	40	41	42	43	44	45	78	#
726	3.69066	39	40	41	42	43	44	45	46	78	#
727	3.69066	40	41	42	43	44	45	46	47	78	#
728	3.69066	41	42	43	44	45	46	47	48	78	#
729	3.69066	42	43	44	45	46	47	48	49	78	#
730	3.69066	43	44	45	46	47	48	49	50	78	#
731	3.69066	44	45	46	47	48	49	50	51	78	#
732	3.69066	45	46	47	48	49	50	51	52	78	#
733	3.69066	46	47	48	49	50	51	52	53	78	#
734	6.58675	0	1	2	3	79	#
735	6.58675	1	2	3	4	79	#
736	6.58675	2	3	4	5	79	#
737	6.58675	3	4	5	6	79	#
738	6.58675	4	5	6	7	79	#
739	6.58675	5	6	7	8	79	#
740	6.58675	6	7	8	9	79	#
741	6.58675	7	8	9	10	79	#
742	6.58675	8	9	10	11	79	#
743	6.58675	9	10	11	12	79	#
744	6.58675	10	11	12	13	79	#
745	6.58675	11	12	13	14	79	#
746	6.58675	12	13	14	15	79	#
747	6.58675	13	14	15	16	79	#
748	6.58675	14	15	16	17	79	#
749	6.58675	15	16	17	18	79	#
750	6.58675	16	17	18	19	79	#
751	6.58675	17	18	19	20	79	#
752	6.58675	18	19	20	21	79	#
753	6.58675	19	20	21	22	79	#
754	6.58675	20	21	22	23	79	#
755	6.58675	21	22	23	24	79	#
756	6.58675	22	23	24	25	79	#
757	6.58675	23	24	25	26	79	#
758	6.58675	24	25	26	27	79	#
759	6.58675	25	26	27	28	79	#
760	6.58675	26	27	28	29	79	#
761	6.58675	27	28	29	30	79	#
762	6.58675	28	29	30	31	79	#
763	6.58675	29	30	31	32	79	#
764	6.58675	30	31	32	33	79	#
765	6.58675	31	32	33	34	79	#
766	6.58675	32	33	34	35	79	#
767	6.58675	33	34	35	36	79	#
768	6.58675	34	35	36	37	79	#
769	6.58675	35	36	37	38	79	#
770	6.58675	36	37	38	39	79	#
771	6.58675	37	38	39	40	79	#
772	6.58675	38	39	40	41	79	#
773	5.7961	0	1	2	3	4	5	80	#
774	5.7961	1	2	3	4	5	6	80	#
775	5.7961	2	3	4	5	6	7	80	#
776	5.7961	3	4	5	6	7	8	80	#
777	5.7961	4	5	6	7	8	9	80	#
778	5.7961	5	6	7	8	9	10	80	#
779	5.7961	6	7	8	9	10	11	80	#
780	5.7961	7	8	9	10	11	12	80	#
781	5.7961	8	9	10	11	12	13	80	#
782	5.7961	9	10	11	12	13	14	80	#
783	5.7961	10	11	12	13	14	15	80	#
784	5.7961	11	12	13	14	15	16	80	#
785	5.7961	12	13	14	15	16	17	80	#
786	5.7961	13	14	15	16	17	18	80	#
787	5.7961	14	15	16	17	18	19	80	#
788	5.7961	15	16	17	18	19	20	80	#
789	5.7961	16	17	18	19	20	21	80	#
790	3.38106	17	18	19	20	21	22	80	#
791	3.38106	18	19	20	21	22	23	80	#
792	3.38106	19	20	21	22	23	24	80	#
793	3.38106	20	21	22	23	24	25	80	#
794	3.38106	21	22	23	24	25	26	80	#
795	3.38106	22	23	24	25	26	27	80	#
796	3.38106	23	24	25	26	27	28	80	#
797	3.38106	24	25	26	27	28	29	80	#
798	3.38106	25	26	27	28	29	30	80	#
799	3.38106	26	27	28	29	30	31	80	#
800	3.38106	27	28	29	30	31	32	80	#
801	3.38106	28	29	30	31	32	33	80	#
802	3.38106	29	30	31	32	33	34	80	#
803	3.38106	30	31	32	33	34	35	80	#
804	3.38106	31	32	33	34	35	36	80	#
805	2.58975	32	33	34	35	36	37	80	#
806	2.58975	33	34	35	36	37	38	80	#
807	2.58975	34	35	36	37	38	39	80	#
808	2.58975	35	36	37	38	39	40	80	#
809	2.58975	36	37	38	39	40	41	80	#
810	2.58975	37	38	39	40	41	42	80	#
811	2.58975	38	39	40	41	42	43	80	#
812	2.58975	39	40	41	42	43	44	80	#
813	2.58975	40	41	42	43	44	45	80	#
814	2.58975	41	42	43	44	45	46	80	#
815	2.58975	42	43	44	45	46	47	80	#
816	0.705234	0	81	#
817	0.705234	1	81	#
818	0.705234	2	81	#
819	0.705234	3	81	#
820	0.705234	4	81	#
821	0.705234	5	81	#
822	0.705234	6	81	#
823	0.705234	7	81	#
824	0.705234	8	81	#
825	0.705234	9	81	#
826	0.705234	10	81	#
827	0.705234	11	81	#
828	0.705234	12	81	#
829	0.705234	13	81	#
830	0.705234	14	81	#
831	0.705234	15	81	#
832	0.705234	16	81	#
833	0.705234	17	81	#
834	0.705234	18	81	#
835	0.705234	19	81	#
836	0.705234	20	81	#
837	0.705234	21	81	#
838	0.705234	22	81	#
839	0.705234	23	81	#
840	0.705234	24	81	#
841	0.705234	25	81	#
842	0.705234	26	81	#
843	0.705234	27	81	#
844	0.705234	28	81	#
845	0.705234	29	81	#
846	0.705234	30	81	#
847	0.705234	31	81	#
848	0.705234	32	81	#
849	0.705234	33	81	#
850	0.705234	34	81	#
851	0.705234	35	81	#
852	0.705234	36	81	#
853	0.705234	37	81	#
854	0.705234	38	81	#
855	0.705234	39	81	#
856	0.705234	40	81	#
857	0.705234	41	81	#
858	0.642546	42	81	#
859	0.642546	43	81	#
860	0.642546	44	81	#
861	0.642546	45	81	#
862	0.615204	46	81	#
863	0.615204	47	81	#
864	14.0031	0	1	2	3	4	5	6	82	#
865	14.0031	1	2	3	4	5	6	7	82	#
866	14.0031	2	3	4	5	6	7	8	82	#
867	14.0031	3	4	5	6	7	8	9	82	#
868	14.0031	4	5	6	7	8	9	10	82	#
869	5.55837	0	1	2	83	#
870	5.55837	1	2	3	83	#
871	5.55837	2	3	4	83	#
872	5.55837	3	4	5	83	#
873	5.55837	4	5	6	83	#
874	5.55837	5	6	7	83	#
875	5.55837	6	7	8	83	#
876	5.55837	7	8	9	83	#
877	5.55837	8	9	10	83	#
878	5.55837	9	10	11	83	#
879	5.55837	10	11	12	83	#
880	5.55837	11	12	13	83	#
881	5.55837	12	13	14	83	#
882	5.55837	13	14	15	83	#
883	5.55837	14	15	16	83	#
884	5.55837	15	16	17	83	#
885	5.55837	16	17	18	83	#
886	5.55837	17	18	19	83	#
887	5.55837	18	19	20	83	#
888	5.55837	19	20	21	83	#
889	5.55837	20	21	22	83	#
890	5.55837	21	22	23	83	#
891	5.55837	22	23	24	83	#
892	5.55837	23	24	25	83	#
893	5.55837	24	25	26	83	#
894	5.55837	25	26	27	83	#
895	5.55837	26	27	28	83	#
896	5.55837	27	28	29	83	#
897	5.55837	28	29	30	83	#
898	5.55837	29	30	31	83	#
899	5.55837	30	31	32	83	#
900	5.55837	31	32	33	83	#
901	5.55837	32	33	34	83	#
902	5.55837	33	34	35	83	#
903	5.55837	34	35	36	83	#
904	5.55837	35	36	37	83	#
905	5.55837	36	37	38	83	#
906	5.55837	37	38	39	83	#
907	5.55837	38	39	40	83	#
908	5.55837	39	40	41	83	#
909	5.55837	40	41	42	83	#
910	5.55837	41	42	43	83	#
911	5.55837	42	43	44	83	#
912	5.55837	43	44	45	83	#
913	5.55837	44	45	46	83	#
914	5.55837	45	46	47	83	#
915	5.55837	46	47	48	83	#
916	5.55837	47	48	49	83	#
917	5.55837	48	49	50	83	#
918	5.55837	49	50	51	83	#
919	5.55837	50	51	52	83	#
920	5.55837	51	52	53	83	#
921	5.55837	52	53	54	83	#
922	5.55837	53	54	55	83	#
923	5.55837	54	55	56	83	#
924	5.55837	55	56	57	83	#
925	5.55837	56	57	58	83	#
926	5.37309	57	58	59	83	#
927	5.37309	58	59	60	83	#
928	5.285	59	60	61	83	#
929	5.11723	60	61	62	83	#
930	5.11723	61	62	63	83	#
931	1.44111	0	84	#
932	1.44111	1	84	#
933	1.44111	2	84	#
934	1.44111	3	84	#
935	1.44111	4	84	#
936	1.44111	5	84	#
937	1.44111	6	84	#
938	1.44111	7	84	#
939	1.44111	8	84	#
940	1.44111	9	84	#
941	1.44111	10	84	#
942	1.44111	11	84	#
943	1.44111	12	84	#
944	1.44111	13	84	#
945	1.44111	14	84	#
946	1.44111	15	84	#
947	1.44111	16	84	#
948	1.44111	17	84	#
949	1.44111	18	84	#
950	1.44111	19	84	#
951	1.44111	20	84	#
952	1.44111	21	84	#
953	1.44111	22	84	#
954	1.44111	23	84	#
955	1.44111	24	84	#
956	6.05549	0	1	2	3	4	5	6	85	#
957	6.05549	1	2	3	4	5	6	7	85	#
958	6.05549	2	3	4	5	6	7	8	85	#
959	6.05549	3	4	5	6	7	8	9	85	#
960	6.05549	4	5	6	7	8	9	10	85	#
961	6.05549	5	6	7	8	9	10	11	85	#
962	6.05549	6	7	8	9	10	11	12	85	#
963	6.05549	7	8	9	10	11	12	13	85	#
964	6.05549	8	9	10	11	12	13	14	85	#
965	6.05549	9	10	11	12	13	14	15	85	#
966	6.05549	10	11	12	13	14	15	16	85	#
967	6.05549	11	12	13	14	15	16	17	85	#
968	6.05549	12	13	14	15	16	17	18	85	#
969	6.05549	13	14	15	16	17	18	19	85	#
970	6.05549	14	15	16	17	18	19	20	85	#
971	6.05549	15	16	17	18	19	20	21	85	#
972	6.05549	16	17	18	19	20	21	22	85	#
973	6.05549	17	18	19	20	21	22	23	85	#
974	6.05549	18	19	20	21	22	23	24	85	#
975	6.05549	19	20	21	22	23	24	25	85	#
976	6.05549	20	21	22	23	24	25	26	85	#
977	6.05549	21	22	23	24	25	26	27	85	#
978	6.05549	22	23	24	25	26	27	28	85	#
979	6.05549	23	24	25	26	27	28	29	85	#
980	6.05549	24	25	26	27	28	29	30	85	#
981	6.05549	25	26	27	28	29	30	31	85	#
982	6.05549	26	27	28	29	30	31	32	85	#
983	6.05549	27	28	29	30	31	32	33	85	#
984	6.05549	28	29	30	31	32	33	34	85	#
985	6.05549	29	30	31	32	33	34	35	85	#
986	6.05549	30	31	32	33	34	35	36	85	#
987	6.05549	31	32	33	34	35	36	37	85	#
988	6.05549	32	33	34	35	36	37	38	85	#
989	6.05549	33	34	35	36	37	38	39	85	#
990	6.05549	34	35	36	37	38	39	40	85	#
991	6.05549	35	36	37	38	39	40	41	85	#
992	6.05549	36	37	38	39	40	41	42	85	#
993	6.05549	37	38	39	40	41	42	43	85	#
994	6.05549	38	39	40	41	42	43	44	85	#
995	6.05549	39	40	41	42	43	44	45	85	#
996	6.05549	40	41	42	43	44	45	46	85	#
997	6.05549	41	42	43	44	45	46	47	85	#
998	6.05549	42	43	44	45	46	47	48	85	#
999	6.05549	43	44	45	46	47	48	49	85	#
1000	6.05549	44	45	46	47	48	49	50	85	#
1001	6.05549	45	46	47	48	49	50	51	85	#
1002	6.05549	46	47	48	49	50	51	52	85	#
1003	6.05549	47	48	49	50	51	52	53	85	#
1004	6.05549	48	49	50	51	52	53	54	85	#
1005	6.05549	49	50	51	52	53	54	55	85	#
1006	6.05549	50	51	52	53	54	55	56	85	#
1007	6.05549	51	52	53	54	55	56	57	85	#
1008	6.05549	52	53	54	55	56	57	58	85	#
1009	6.05549	53	54	55	56	57	58	59	85	#
1010	6.05549	54	55	56	57	58	59	60	85	#
1011	6.05549	55	56	57	58	59	60	61	85	#
1012	6.05549	56	57	58	59	60	61	62	85	#
1013	5.95937	57	58	59	60	61	62	63	85	#
