%% File generated by CATS v.2.1Wed Jun 22 10:37:57 2022

%% The CATS webpage is http://robotics.stanford.edu/CATS

%% PARAMETER SETTINGS:
% Goods: 64; Bids: 1000; Distribution: scheduling; Runs: 1; Seed: 1656573142
% Scheduling Distribution Parameters:
% max_length                = 10
% deviation                 = 0.500000
% prob_additional_deadline  = 0.700000
% additivity                = 0.200000



goods 64
bids 1042
dummy 23

0	7.04492	0	1	2	3	64	#
1	7.04492	1	2	3	4	64	#
2	7.04492	2	3	4	5	64	#
3	7.04492	3	4	5	6	64	#
4	7.04492	4	5	6	7	64	#
5	7.04492	5	6	7	8	64	#
6	7.04492	6	7	8	9	64	#
7	7.04492	7	8	9	10	64	#
8	7.04492	8	9	10	11	64	#
9	7.04492	9	10	11	12	64	#
10	7.04492	10	11	12	13	64	#
11	7.04492	11	12	13	14	64	#
12	7.04492	12	13	14	15	64	#
13	7.04492	13	14	15	16	64	#
14	7.04492	14	15	16	17	64	#
15	7.04492	15	16	17	18	64	#
16	7.04492	16	17	18	19	64	#
17	7.04492	17	18	19	20	64	#
18	7.04492	18	19	20	21	64	#
19	7.04492	19	20	21	22	64	#
20	7.04492	20	21	22	23	64	#
21	7.04492	21	22	23	24	64	#
22	7.04492	22	23	24	25	64	#
23	7.04492	23	24	25	26	64	#
24	7.04492	24	25	26	27	64	#
25	7.04492	25	26	27	28	64	#
26	7.04492	26	27	28	29	64	#
27	7.04492	27	28	29	30	64	#
28	7.04492	28	29	30	31	64	#
29	7.04492	29	30	31	32	64	#
30	7.04492	30	31	32	33	64	#
31	7.04492	31	32	33	34	64	#
32	7.04492	32	33	34	35	64	#
33	7.04492	33	34	35	36	64	#
34	7.04492	34	35	36	37	64	#
35	7.04492	35	36	37	38	64	#
36	7.04492	36	37	38	39	64	#
37	7.04492	37	38	39	40	64	#
38	4.47296	38	39	40	41	64	#
39	4.47296	39	40	41	42	64	#
40	4.47296	40	41	42	43	64	#
41	4.47296	41	42	43	44	64	#
42	4.47296	42	43	44	45	64	#
43	4.47296	43	44	45	46	64	#
44	4.47296	44	45	46	47	64	#
45	4.47296	45	46	47	48	64	#
46	4.47296	46	47	48	49	64	#
47	4.47296	47	48	49	50	64	#
48	4.47296	48	49	50	51	64	#
49	4.47296	49	50	51	52	64	#
50	4.47296	50	51	52	53	64	#
51	4.47296	51	52	53	54	64	#
52	4.47296	52	53	54	55	64	#
53	4.47296	53	54	55	56	64	#
54	4.47296	54	55	56	57	64	#
55	4.47296	55	56	57	58	64	#
56	4.47296	56	57	58	59	64	#
57	4.47296	57	58	59	60	64	#
58	4.47296	58	59	60	61	64	#
59	4.47296	59	60	61	62	64	#
60	4.47296	60	61	62	63	64	#
61	14.421	0	1	2	3	4	5	6	7	65	#
62	14.421	1	2	3	4	5	6	7	8	65	#
63	14.421	2	3	4	5	6	7	8	9	65	#
64	14.421	3	4	5	6	7	8	9	10	65	#
65	14.421	4	5	6	7	8	9	10	11	65	#
66	14.421	5	6	7	8	9	10	11	12	65	#
67	14.421	6	7	8	9	10	11	12	13	65	#
68	14.421	7	8	9	10	11	12	13	14	65	#
69	14.421	8	9	10	11	12	13	14	15	65	#
70	14.421	9	10	11	12	13	14	15	16	65	#
71	14.421	10	11	12	13	14	15	16	17	65	#
72	14.421	11	12	13	14	15	16	17	18	65	#
73	14.421	12	13	14	15	16	17	18	19	65	#
74	14.421	13	14	15	16	17	18	19	20	65	#
75	14.421	14	15	16	17	18	19	20	21	65	#
76	14.421	15	16	17	18	19	20	21	22	65	#
77	14.421	16	17	18	19	20	21	22	23	65	#
78	14.421	17	18	19	20	21	22	23	24	65	#
79	14.421	18	19	20	21	22	23	24	25	65	#
80	14.421	19	20	21	22	23	24	25	26	65	#
81	14.421	20	21	22	23	24	25	26	27	65	#
82	14.421	21	22	23	24	25	26	27	28	65	#
83	14.421	22	23	24	25	26	27	28	29	65	#
84	14.421	23	24	25	26	27	28	29	30	65	#
85	14.421	24	25	26	27	28	29	30	31	65	#
86	14.421	25	26	27	28	29	30	31	32	65	#
87	14.421	26	27	28	29	30	31	32	33	65	#
88	14.421	27	28	29	30	31	32	33	34	65	#
89	14.421	28	29	30	31	32	33	34	35	65	#
90	14.421	29	30	31	32	33	34	35	36	65	#
91	14.421	30	31	32	33	34	35	36	37	65	#
92	14.421	31	32	33	34	35	36	37	38	65	#
93	14.421	32	33	34	35	36	37	38	39	65	#
94	14.421	33	34	35	36	37	38	39	40	65	#
95	14.421	34	35	36	37	38	39	40	41	65	#
96	14.421	35	36	37	38	39	40	41	42	65	#
97	14.421	36	37	38	39	40	41	42	43	65	#
98	14.421	37	38	39	40	41	42	43	44	65	#
99	14.421	38	39	40	41	42	43	44	45	65	#
100	14.421	39	40	41	42	43	44	45	46	65	#
101	14.421	40	41	42	43	44	45	46	47	65	#
102	14.421	41	42	43	44	45	46	47	48	65	#
103	14.421	42	43	44	45	46	47	48	49	65	#
104	14.421	43	44	45	46	47	48	49	50	65	#
105	14.421	44	45	46	47	48	49	50	51	65	#
106	14.421	45	46	47	48	49	50	51	52	65	#
107	14.421	46	47	48	49	50	51	52	53	65	#
108	14.421	47	48	49	50	51	52	53	54	65	#
109	14.421	48	49	50	51	52	53	54	55	65	#
110	14.421	49	50	51	52	53	54	55	56	65	#
111	14.421	50	51	52	53	54	55	56	57	65	#
112	14.421	51	52	53	54	55	56	57	58	65	#
113	14.421	52	53	54	55	56	57	58	59	65	#
114	14.421	53	54	55	56	57	58	59	60	65	#
115	14.421	54	55	56	57	58	59	60	61	65	#
116	14.421	55	56	57	58	59	60	61	62	65	#
117	14.1921	56	57	58	59	60	61	62	63	65	#
118	3.48238	0	1	2	3	66	#
119	3.48238	1	2	3	4	66	#
120	3.48238	2	3	4	5	66	#
121	3.48238	3	4	5	6	66	#
122	3.48238	4	5	6	7	66	#
123	3.48238	5	6	7	8	66	#
124	3.48238	6	7	8	9	66	#
125	3.48238	7	8	9	10	66	#
126	3.48238	8	9	10	11	66	#
127	3.48238	9	10	11	12	66	#
128	3.48238	10	11	12	13	66	#
129	3.48238	11	12	13	14	66	#
130	3.48238	12	13	14	15	66	#
131	3.48238	13	14	15	16	66	#
132	3.48238	14	15	16	17	66	#
133	3.48238	15	16	17	18	66	#
134	3.48238	16	17	18	19	66	#
135	3.48238	17	18	19	20	66	#
136	3.48238	18	19	20	21	66	#
137	3.48238	19	20	21	22	66	#
138	3.48238	20	21	22	23	66	#
139	3.48238	21	22	23	24	66	#
140	3.48238	22	23	24	25	66	#
141	3.48238	23	24	25	26	66	#
142	3.48238	24	25	26	27	66	#
143	3.48238	25	26	27	28	66	#
144	3.48238	26	27	28	29	66	#
145	3.48238	27	28	29	30	66	#
146	3.48238	28	29	30	31	66	#
147	3.48238	29	30	31	32	66	#
148	3.48238	30	31	32	33	66	#
149	3.48238	31	32	33	34	66	#
150	3.48238	32	33	34	35	66	#
151	3.48238	33	34	35	36	66	#
152	3.48238	34	35	36	37	66	#
153	4.80345	0	1	2	3	67	#
154	4.80345	1	2	3	4	67	#
155	4.80345	2	3	4	5	67	#
156	4.80345	3	4	5	6	67	#
157	4.80345	4	5	6	7	67	#
158	4.80345	5	6	7	8	67	#
159	4.80345	6	7	8	9	67	#
160	4.80345	7	8	9	10	67	#
161	4.80345	8	9	10	11	67	#
162	4.80345	9	10	11	12	67	#
163	4.80345	10	11	12	13	67	#
164	4.80345	11	12	13	14	67	#
165	4.80345	12	13	14	15	67	#
166	4.80345	13	14	15	16	67	#
167	4.80345	14	15	16	17	67	#
168	4.80345	15	16	17	18	67	#
169	4.80345	16	17	18	19	67	#
170	4.80345	17	18	19	20	67	#
171	4.80345	18	19	20	21	67	#
172	4.80345	19	20	21	22	67	#
173	4.80345	20	21	22	23	67	#
174	4.80345	21	22	23	24	67	#
175	4.80345	22	23	24	25	67	#
176	4.80345	23	24	25	26	67	#
177	4.80345	24	25	26	27	67	#
178	4.80345	25	26	27	28	67	#
179	4.80345	26	27	28	29	67	#
180	4.80345	27	28	29	30	67	#
181	4.80345	28	29	30	31	67	#
182	4.80345	29	30	31	32	67	#
183	4.80345	30	31	32	33	67	#
184	4.80345	31	32	33	34	67	#
185	4.80345	32	33	34	35	67	#
186	4.80345	33	34	35	36	67	#
187	4.80345	34	35	36	37	67	#
188	4.80345	35	36	37	38	67	#
189	4.80345	36	37	38	39	67	#
190	4.80345	37	38	39	40	67	#
191	4.80345	38	39	40	41	67	#
192	4.80345	39	40	41	42	67	#
193	4.80345	40	41	42	43	67	#
194	4.80345	41	42	43	44	67	#
195	4.80345	42	43	44	45	67	#
196	4.80345	43	44	45	46	67	#
197	4.80345	44	45	46	47	67	#
198	4.80345	45	46	47	48	67	#
199	4.80345	46	47	48	49	67	#
200	4.80345	47	48	49	50	67	#
201	3.81226	48	49	50	51	67	#
202	3.81226	49	50	51	52	67	#
203	3.81226	50	51	52	53	67	#
204	3.81226	51	52	53	54	67	#
205	3.81226	52	53	54	55	67	#
206	3.81226	53	54	55	56	67	#
207	3.81226	54	55	56	57	67	#
208	3.81226	55	56	57	58	67	#
209	3.81226	56	57	58	59	67	#
210	3.81226	57	58	59	60	67	#
211	3.81226	58	59	60	61	67	#
212	3.81226	59	60	61	62	67	#
213	3.81226	60	61	62	63	67	#
214	7.2098	0	1	2	3	4	5	68	#
215	7.2098	1	2	3	4	5	6	68	#
216	7.2098	2	3	4	5	6	7	68	#
217	7.2098	3	4	5	6	7	8	68	#
218	7.2098	4	5	6	7	8	9	68	#
219	7.2098	5	6	7	8	9	10	68	#
220	7.2098	6	7	8	9	10	11	68	#
221	7.2098	7	8	9	10	11	12	68	#
222	7.2098	8	9	10	11	12	13	68	#
223	7.2098	9	10	11	12	13	14	68	#
224	7.2098	10	11	12	13	14	15	68	#
225	7.2098	11	12	13	14	15	16	68	#
226	7.2098	12	13	14	15	16	17	68	#
227	7.2098	13	14	15	16	17	18	68	#
228	7.2098	14	15	16	17	18	19	68	#
229	7.2098	15	16	17	18	19	20	68	#
230	7.2098	16	17	18	19	20	21	68	#
231	7.2098	17	18	19	20	21	22	68	#
232	7.2098	18	19	20	21	22	23	68	#
233	2.07705	0	1	2	69	#
234	2.07705	1	2	3	69	#
235	2.07705	2	3	4	69	#
236	2.07705	3	4	5	69	#
237	2.07705	4	5	6	69	#
238	2.07705	5	6	7	69	#
239	2.07705	6	7	8	69	#
240	2.07705	7	8	9	69	#
241	2.07705	8	9	10	69	#
242	2.07705	9	10	11	69	#
243	2.07705	10	11	12	69	#
244	2.07705	11	12	13	69	#
245	2.07705	12	13	14	69	#
246	2.07705	13	14	15	69	#
247	2.07705	14	15	16	69	#
248	2.07705	15	16	17	69	#
249	2.07705	16	17	18	69	#
250	2.07705	17	18	19	69	#
251	2.07705	18	19	20	69	#
252	2.07705	19	20	21	69	#
253	2.07705	20	21	22	69	#
254	2.07705	21	22	23	69	#
255	2.07705	22	23	24	69	#
256	2.07705	23	24	25	69	#
257	2.07705	24	25	26	69	#
258	2.07705	25	26	27	69	#
259	1.21914	26	27	28	69	#
260	1.21914	27	28	29	69	#
261	1.21914	28	29	30	69	#
262	1.21914	29	30	31	69	#
263	1.21914	30	31	32	69	#
264	1.21914	31	32	33	69	#
265	1.21914	32	33	34	69	#
266	1.21914	33	34	35	69	#
267	1.21914	34	35	36	69	#
268	1.21914	35	36	37	69	#
269	1.21914	36	37	38	69	#
270	1.21914	37	38	39	69	#
271	1.21914	38	39	40	69	#
272	1.21914	39	40	41	69	#
273	1.21914	40	41	42	69	#
274	1.21914	41	42	43	69	#
275	1.21914	42	43	44	69	#
276	1.21914	43	44	45	69	#
277	1.21914	44	45	46	69	#
278	3.85765	0	1	2	70	#
279	3.85765	1	2	3	70	#
280	3.85765	2	3	4	70	#
281	3.85765	3	4	5	70	#
282	3.85765	4	5	6	70	#
283	3.85765	5	6	7	70	#
284	3.85765	6	7	8	70	#
285	3.85765	7	8	9	70	#
286	3.85765	8	9	10	70	#
287	3.85765	9	10	11	70	#
288	3.85765	10	11	12	70	#
289	3.85765	11	12	13	70	#
290	3.85765	12	13	14	70	#
291	3.85765	13	14	15	70	#
292	3.85765	14	15	16	70	#
293	3.85765	15	16	17	70	#
294	3.85765	16	17	18	70	#
295	3.85765	17	18	19	70	#
296	3.85765	18	19	20	70	#
297	3.85765	19	20	21	70	#
298	3.85765	20	21	22	70	#
299	3.85765	21	22	23	70	#
300	3.85765	22	23	24	70	#
301	3.85765	23	24	25	70	#
302	3.85765	24	25	26	70	#
303	3.85765	25	26	27	70	#
304	3.85765	26	27	28	70	#
305	3.85765	27	28	29	70	#
306	3.85765	28	29	30	70	#
307	3.85765	29	30	31	70	#
308	3.85765	30	31	32	70	#
309	3.85765	31	32	33	70	#
310	3.85765	32	33	34	70	#
311	3.85765	33	34	35	70	#
312	3.85765	34	35	36	70	#
313	3.85765	35	36	37	70	#
314	3.85765	36	37	38	70	#
315	3.85765	37	38	39	70	#
316	3.85765	38	39	40	70	#
317	3.85765	39	40	41	70	#
318	3.85765	40	41	42	70	#
319	3.85765	41	42	43	70	#
320	3.85765	42	43	44	70	#
321	3.85765	43	44	45	70	#
322	3.85765	44	45	46	70	#
323	3.85765	45	46	47	70	#
324	3.85765	46	47	48	70	#
325	3.85765	47	48	49	70	#
326	3.85765	48	49	50	70	#
327	3.85765	49	50	51	70	#
328	3.85765	50	51	52	70	#
329	3.85765	51	52	53	70	#
330	3.85765	52	53	54	70	#
331	3.85765	53	54	55	70	#
332	3.85765	54	55	56	70	#
333	3.85765	55	56	57	70	#
334	3.72688	56	57	58	70	#
335	3.72688	57	58	59	70	#
336	3.66477	58	59	60	70	#
337	3.60469	59	60	61	70	#
338	3.49025	60	61	62	70	#
339	3.49025	61	62	63	70	#
340	4.62763	0	1	2	71	#
341	4.62763	1	2	3	71	#
342	4.62763	2	3	4	71	#
343	4.62763	3	4	5	71	#
344	4.62763	4	5	6	71	#
345	4.62763	5	6	7	71	#
346	4.62763	6	7	8	71	#
347	4.62763	7	8	9	71	#
348	4.62763	8	9	10	71	#
349	4.62763	9	10	11	71	#
350	4.62763	10	11	12	71	#
351	4.62763	11	12	13	71	#
352	4.62763	12	13	14	71	#
353	4.62763	13	14	15	71	#
354	4.62763	14	15	16	71	#
355	4.62763	15	16	17	71	#
356	4.62763	16	17	18	71	#
357	4.62763	17	18	19	71	#
358	4.62763	18	19	20	71	#
359	4.62763	19	20	21	71	#
360	4.62763	20	21	22	71	#
361	4.62763	21	22	23	71	#
362	4.62763	22	23	24	71	#
363	4.62763	23	24	25	71	#
364	4.62763	24	25	26	71	#
365	4.62763	25	26	27	71	#
366	4.62763	26	27	28	71	#
367	4.62763	27	28	29	71	#
368	4.62763	28	29	30	71	#
369	4.62763	29	30	31	71	#
370	4.62763	30	31	32	71	#
371	4.62763	31	32	33	71	#
372	4.62763	32	33	34	71	#
373	4.62763	33	34	35	71	#
374	4.62763	34	35	36	71	#
375	4.62763	35	36	37	71	#
376	4.62763	36	37	38	71	#
377	4.62763	37	38	39	71	#
378	4.62763	38	39	40	71	#
379	4.62763	39	40	41	71	#
380	4.62763	40	41	42	71	#
381	4.62763	41	42	43	71	#
382	4.62763	42	43	44	71	#
383	4.62763	43	44	45	71	#
384	3.47072	44	45	46	71	#
385	3.47072	45	46	47	71	#
386	3.47072	46	47	48	71	#
387	3.47072	47	48	49	71	#
388	3.47072	48	49	50	71	#
389	3.47072	49	50	51	71	#
390	3.47072	50	51	52	71	#
391	3.47072	51	52	53	71	#
392	3.47072	52	53	54	71	#
393	3.47072	53	54	55	71	#
394	3.47072	54	55	56	71	#
395	3.47072	55	56	57	71	#
396	3.47072	56	57	58	71	#
397	3.47072	57	58	59	71	#
398	3.47072	58	59	60	71	#
399	3.41383	59	60	61	71	#
400	3.30545	60	61	62	71	#
401	3.30545	61	62	63	71	#
402	4.79489	0	1	2	3	4	5	72	#
403	4.79489	1	2	3	4	5	6	72	#
404	4.79489	2	3	4	5	6	7	72	#
405	4.79489	3	4	5	6	7	8	72	#
406	4.79489	4	5	6	7	8	9	72	#
407	4.79489	5	6	7	8	9	10	72	#
408	4.79489	6	7	8	9	10	11	72	#
409	4.79489	7	8	9	10	11	12	72	#
410	4.79489	8	9	10	11	12	13	72	#
411	4.79489	9	10	11	12	13	14	72	#
412	4.79489	10	11	12	13	14	15	72	#
413	4.79489	11	12	13	14	15	16	72	#
414	4.79489	12	13	14	15	16	17	72	#
415	4.79489	13	14	15	16	17	18	72	#
416	4.79489	14	15	16	17	18	19	72	#
417	4.79489	15	16	17	18	19	20	72	#
418	4.79489	16	17	18	19	20	21	72	#
419	4.79489	17	18	19	20	21	22	72	#
420	4.79489	18	19	20	21	22	23	72	#
421	4.79489	19	20	21	22	23	24	72	#
422	4.79489	20	21	22	23	24	25	72	#
423	4.79489	21	22	23	24	25	26	72	#
424	4.79489	22	23	24	25	26	27	72	#
425	4.79489	23	24	25	26	27	28	72	#
426	4.79489	24	25	26	27	28	29	72	#
427	4.79489	25	26	27	28	29	30	72	#
428	4.79489	26	27	28	29	30	31	72	#
429	4.79489	27	28	29	30	31	32	72	#
430	4.79489	28	29	30	31	32	33	72	#
431	4.79489	29	30	31	32	33	34	72	#
432	9.32867	0	1	2	3	4	5	6	7	73	#
433	9.32867	1	2	3	4	5	6	7	8	73	#
434	9.32867	2	3	4	5	6	7	8	9	73	#
435	9.32867	3	4	5	6	7	8	9	10	73	#
436	9.32867	4	5	6	7	8	9	10	11	73	#
437	9.32867	5	6	7	8	9	10	11	12	73	#
438	9.32867	6	7	8	9	10	11	12	13	73	#
439	9.32867	7	8	9	10	11	12	13	14	73	#
440	9.32867	8	9	10	11	12	13	14	15	73	#
441	6.03339	0	1	2	3	74	#
442	6.03339	1	2	3	4	74	#
443	6.03339	2	3	4	5	74	#
444	6.03339	3	4	5	6	74	#
445	6.03339	4	5	6	7	74	#
446	6.03339	5	6	7	8	74	#
447	6.03339	6	7	8	9	74	#
448	6.03339	7	8	9	10	74	#
449	6.03339	8	9	10	11	74	#
450	6.03339	9	10	11	12	74	#
451	6.03339	10	11	12	13	74	#
452	6.03339	11	12	13	14	74	#
453	6.03339	12	13	14	15	74	#
454	6.03339	13	14	15	16	74	#
455	6.03339	14	15	16	17	74	#
456	6.03339	15	16	17	18	74	#
457	6.03339	16	17	18	19	74	#
458	6.03339	17	18	19	20	74	#
459	6.03339	18	19	20	21	74	#
460	6.03339	19	20	21	22	74	#
461	6.03339	20	21	22	23	74	#
462	6.03339	21	22	23	24	74	#
463	6.03339	22	23	24	25	74	#
464	6.03339	23	24	25	26	74	#
465	6.03339	24	25	26	27	74	#
466	6.03339	25	26	27	28	74	#
467	6.03339	26	27	28	29	74	#
468	6.03339	27	28	29	30	74	#
469	6.03339	28	29	30	31	74	#
470	6.03339	29	30	31	32	74	#
471	6.03339	30	31	32	33	74	#
472	6.03339	31	32	33	34	74	#
473	6.03339	32	33	34	35	74	#
474	6.03339	33	34	35	36	74	#
475	6.03339	34	35	36	37	74	#
476	3.49266	0	1	2	75	#
477	3.49266	1	2	3	75	#
478	3.49266	2	3	4	75	#
479	3.49266	3	4	5	75	#
480	0.459561	4	5	6	75	#
481	0.459561	5	6	7	75	#
482	0.459561	6	7	8	75	#
483	0.459561	7	8	9	75	#
484	0.459561	8	9	10	75	#
485	0.459561	9	10	11	75	#
486	0.459561	10	11	12	75	#
487	0.459561	11	12	13	75	#
488	0.459561	12	13	14	75	#
489	0.459561	13	14	15	75	#
490	0.459561	14	15	16	75	#
491	0.459561	15	16	17	75	#
492	0.459561	16	17	18	75	#
493	0.459561	17	18	19	75	#
494	0.459561	18	19	20	75	#
495	0.459561	19	20	21	75	#
496	0.459561	20	21	22	75	#
497	0.459561	21	22	23	75	#
498	0.459561	22	23	24	75	#
499	0.459561	23	24	25	75	#
500	0.459561	24	25	26	75	#
501	0.459561	25	26	27	75	#
502	0.459561	26	27	28	75	#
503	0.459561	27	28	29	75	#
504	0.459561	28	29	30	75	#
505	0.459561	29	30	31	75	#
506	0.459561	30	31	32	75	#
507	0.459561	31	32	33	75	#
508	0.459561	32	33	34	75	#
509	0.459561	33	34	35	75	#
510	0.459561	34	35	36	75	#
511	0.459561	35	36	37	75	#
512	0.459561	36	37	38	75	#
513	12.3836	0	1	2	3	4	5	6	76	#
514	12.3836	1	2	3	4	5	6	7	76	#
515	12.3836	2	3	4	5	6	7	8	76	#
516	12.3836	3	4	5	6	7	8	9	76	#
517	12.3836	4	5	6	7	8	9	10	76	#
518	12.3836	5	6	7	8	9	10	11	76	#
519	12.3836	6	7	8	9	10	11	12	76	#
520	12.3836	7	8	9	10	11	12	13	76	#
521	12.3836	8	9	10	11	12	13	14	76	#
522	12.3836	9	10	11	12	13	14	15	76	#
523	12.3836	10	11	12	13	14	15	16	76	#
524	5.82758	11	12	13	14	15	16	17	76	#
525	5.82758	12	13	14	15	16	17	18	76	#
526	5.82758	13	14	15	16	17	18	19	76	#
527	5.82758	14	15	16	17	18	19	20	76	#
528	5.82758	15	16	17	18	19	20	21	76	#
529	5.82758	16	17	18	19	20	21	22	76	#
530	5.82758	17	18	19	20	21	22	23	76	#
531	5.82758	18	19	20	21	22	23	24	76	#
532	5.82758	19	20	21	22	23	24	25	76	#
533	5.82758	20	21	22	23	24	25	26	76	#
534	5.82758	21	22	23	24	25	26	27	76	#
535	5.82758	22	23	24	25	26	27	28	76	#
536	5.82758	23	24	25	26	27	28	29	76	#
537	5.82758	24	25	26	27	28	29	30	76	#
538	5.82758	25	26	27	28	29	30	31	76	#
539	5.82758	26	27	28	29	30	31	32	76	#
540	5.82758	27	28	29	30	31	32	33	76	#
541	5.82758	28	29	30	31	32	33	34	76	#
542	4.50313	29	30	31	32	33	34	35	76	#
543	4.50313	30	31	32	33	34	35	36	76	#
544	4.50313	31	32	33	34	35	36	37	76	#
545	4.50313	32	33	34	35	36	37	38	76	#
546	4.50313	33	34	35	36	37	38	39	76	#
547	4.50313	34	35	36	37	38	39	40	76	#
548	4.50313	35	36	37	38	39	40	41	76	#
549	4.50313	36	37	38	39	40	41	42	76	#
550	4.50313	37	38	39	40	41	42	43	76	#
551	4.50313	38	39	40	41	42	43	44	76	#
552	3.88505	39	40	41	42	43	44	45	76	#
553	3.88505	40	41	42	43	44	45	46	76	#
554	3.88505	41	42	43	44	45	46	47	76	#
555	3.88505	42	43	44	45	46	47	48	76	#
556	3.88505	43	44	45	46	47	48	49	76	#
557	3.88505	44	45	46	47	48	49	50	76	#
558	3.88505	45	46	47	48	49	50	51	76	#
559	3.6025	46	47	48	49	50	51	52	76	#
560	3.6025	47	48	49	50	51	52	53	76	#
561	3.6025	48	49	50	51	52	53	54	76	#
562	3.6025	49	50	51	52	53	54	55	76	#
563	3.14504	50	51	52	53	54	55	56	76	#
564	3.14504	51	52	53	54	55	56	57	76	#
565	3.14504	52	53	54	55	56	57	58	76	#
566	3.14504	53	54	55	56	57	58	59	76	#
567	3.14504	54	55	56	57	58	59	60	76	#
568	3.14504	55	56	57	58	59	60	61	76	#
569	3.14504	56	57	58	59	60	61	62	76	#
570	3.14504	57	58	59	60	61	62	63	76	#
571	4.1777	0	1	2	3	4	#
572	3.35825	0	1	78	#
573	3.35825	1	2	78	#
574	3.35825	2	3	78	#
575	3.35825	3	4	78	#
576	11.9452	0	1	2	3	4	5	6	79	#
577	11.9452	1	2	3	4	5	6	7	79	#
578	11.9452	2	3	4	5	6	7	8	79	#
579	11.9452	3	4	5	6	7	8	9	79	#
580	11.9452	4	5	6	7	8	9	10	79	#
581	11.9452	5	6	7	8	9	10	11	79	#
582	11.9452	6	7	8	9	10	11	12	79	#
583	11.9452	7	8	9	10	11	12	13	79	#
584	11.9452	8	9	10	11	12	13	14	79	#
585	11.9452	9	10	11	12	13	14	15	79	#
586	11.9452	10	11	12	13	14	15	16	79	#
587	11.9452	11	12	13	14	15	16	17	79	#
588	11.9452	12	13	14	15	16	17	18	79	#
589	11.9452	13	14	15	16	17	18	19	79	#
590	11.9452	14	15	16	17	18	19	20	79	#
591	11.9452	15	16	17	18	19	20	21	79	#
592	11.9452	16	17	18	19	20	21	22	79	#
593	11.9452	17	18	19	20	21	22	23	79	#
594	11.9452	18	19	20	21	22	23	24	79	#
595	11.9452	19	20	21	22	23	24	25	79	#
596	11.9452	20	21	22	23	24	25	26	79	#
597	11.9452	21	22	23	24	25	26	27	79	#
598	11.9452	22	23	24	25	26	27	28	79	#
599	11.9452	23	24	25	26	27	28	29	79	#
600	11.9452	24	25	26	27	28	29	30	79	#
601	11.9452	25	26	27	28	29	30	31	79	#
602	11.9452	26	27	28	29	30	31	32	79	#
603	11.9452	27	28	29	30	31	32	33	79	#
604	11.9452	28	29	30	31	32	33	34	79	#
605	11.9452	29	30	31	32	33	34	35	79	#
606	11.9452	30	31	32	33	34	35	36	79	#
607	11.9452	31	32	33	34	35	36	37	79	#
608	11.9452	32	33	34	35	36	37	38	79	#
609	11.9452	33	34	35	36	37	38	39	79	#
610	11.9452	34	35	36	37	38	39	40	79	#
611	11.9452	35	36	37	38	39	40	41	79	#
612	8.44404	36	37	38	39	40	41	42	79	#
613	8.44404	37	38	39	40	41	42	43	79	#
614	8.44404	38	39	40	41	42	43	44	79	#
615	8.44404	39	40	41	42	43	44	45	79	#
616	8.44404	40	41	42	43	44	45	46	79	#
617	8.44404	41	42	43	44	45	46	47	79	#
618	8.44404	42	43	44	45	46	47	48	79	#
619	8.44404	43	44	45	46	47	48	49	79	#
620	8.44404	44	45	46	47	48	49	50	79	#
621	8.44404	45	46	47	48	49	50	51	79	#
622	8.44404	46	47	48	49	50	51	52	79	#
623	8.44404	47	48	49	50	51	52	53	79	#
624	8.44404	48	49	50	51	52	53	54	79	#
625	8.44404	49	50	51	52	53	54	55	79	#
626	8.44404	50	51	52	53	54	55	56	79	#
627	8.44404	51	52	53	54	55	56	57	79	#
628	8.44404	52	53	54	55	56	57	58	79	#
629	7.89927	53	54	55	56	57	58	59	79	#
630	7.89927	54	55	56	57	58	59	60	79	#
631	7.89927	55	56	57	58	59	60	61	79	#
632	7.89927	56	57	58	59	60	61	62	79	#
633	7.77388	57	58	59	60	61	62	63	79	#
634	2.08829	0	1	80	#
635	2.08829	1	2	80	#
636	2.08829	2	3	80	#
637	2.08829	3	4	80	#
638	2.08829	4	5	80	#
639	2.08829	5	6	80	#
640	2.08829	6	7	80	#
641	2.08829	7	8	80	#
642	2.08829	8	9	80	#
643	2.08829	9	10	80	#
644	2.08829	10	11	80	#
645	2.08829	11	12	80	#
646	2.08829	12	13	80	#
647	2.08829	13	14	80	#
648	2.08829	14	15	80	#
649	2.08829	15	16	80	#
650	2.08829	16	17	80	#
651	2.08829	17	18	80	#
652	2.08829	18	19	80	#
653	2.08829	19	20	80	#
654	2.08829	20	21	80	#
655	2.08829	21	22	80	#
656	2.08829	22	23	80	#
657	2.08829	23	24	80	#
658	2.08829	24	25	80	#
659	2.08829	25	26	80	#
660	0.920263	26	27	80	#
661	0.920263	27	28	80	#
662	0.920263	28	29	80	#
663	0.920263	29	30	80	#
664	0.920263	30	31	80	#
665	0.920263	31	32	80	#
666	0.920263	32	33	80	#
667	0.920263	33	34	80	#
668	0.920263	34	35	80	#
669	0.920263	35	36	80	#
670	0.920263	36	37	80	#
671	0.920263	37	38	80	#
672	0.920263	38	39	80	#
673	0.920263	39	40	80	#
674	0.920263	40	41	80	#
675	0.920263	41	42	80	#
676	0.920263	42	43	80	#
677	0.920263	43	44	80	#
678	0.920263	44	45	80	#
679	0.920263	45	46	80	#
680	0.920263	46	47	80	#
681	0.920263	47	48	80	#
682	0.920263	48	49	80	#
683	0.920263	49	50	80	#
684	0.920263	50	51	80	#
685	0.920263	51	52	80	#
686	0.920263	52	53	80	#
687	0.920263	53	54	80	#
688	0.920263	54	55	80	#
689	0.920263	55	56	80	#
690	0.920263	56	57	80	#
691	0.920263	57	58	80	#
692	0.920263	58	59	80	#
693	0.861833	59	60	80	#
694	0.861833	60	61	80	#
695	0.861833	61	62	80	#
696	0.861833	62	63	80	#
697	6.36325	0	1	2	3	4	5	6	81	#
698	6.36325	1	2	3	4	5	6	7	81	#
699	6.36325	2	3	4	5	6	7	8	81	#
700	6.36325	3	4	5	6	7	8	9	81	#
701	6.36325	4	5	6	7	8	9	10	81	#
702	6.36325	5	6	7	8	9	10	11	81	#
703	6.36325	6	7	8	9	10	11	12	81	#
704	6.36325	7	8	9	10	11	12	13	81	#
705	6.36325	8	9	10	11	12	13	14	81	#
706	6.36325	9	10	11	12	13	14	15	81	#
707	6.36325	10	11	12	13	14	15	16	81	#
708	6.36325	11	12	13	14	15	16	17	81	#
709	6.36325	12	13	14	15	16	17	18	81	#
710	6.36325	13	14	15	16	17	18	19	81	#
711	6.36325	14	15	16	17	18	19	20	81	#
712	6.36325	15	16	17	18	19	20	21	81	#
713	6.36325	16	17	18	19	20	21	22	81	#
714	6.36325	17	18	19	20	21	22	23	81	#
715	6.36325	18	19	20	21	22	23	24	81	#
716	6.36325	19	20	21	22	23	24	25	81	#
717	6.36325	20	21	22	23	24	25	26	81	#
718	6.36325	21	22	23	24	25	26	27	81	#
719	6.36325	22	23	24	25	26	27	28	81	#
720	6.36325	23	24	25	26	27	28	29	81	#
721	6.36325	24	25	26	27	28	29	30	81	#
722	6.36325	25	26	27	28	29	30	31	81	#
723	6.36325	26	27	28	29	30	31	32	81	#
724	6.36325	27	28	29	30	31	32	33	81	#
725	6.36325	28	29	30	31	32	33	34	81	#
726	6.36325	29	30	31	32	33	34	35	81	#
727	6.36325	30	31	32	33	34	35	36	81	#
728	6.36325	31	32	33	34	35	36	37	81	#
729	6.36325	32	33	34	35	36	37	38	81	#
730	6.36325	33	34	35	36	37	38	39	81	#
731	6.36325	34	35	36	37	38	39	40	81	#
732	6.36325	35	36	37	38	39	40	41	81	#
733	6.36325	36	37	38	39	40	41	42	81	#
734	4.24216	37	38	39	40	41	42	43	81	#
735	4.24216	38	39	40	41	42	43	44	81	#
736	4.24216	39	40	41	42	43	44	45	81	#
737	4.24216	40	41	42	43	44	45	46	81	#
738	4.24216	41	42	43	44	45	46	47	81	#
739	4.24216	42	43	44	45	46	47	48	81	#
740	4.24216	43	44	45	46	47	48	49	81	#
741	4.24216	44	45	46	47	48	49	50	81	#
742	4.24216	45	46	47	48	49	50	51	81	#
743	4.24216	46	47	48	49	50	51	52	81	#
744	4.24216	47	48	49	50	51	52	53	81	#
745	4.24216	48	49	50	51	52	53	54	81	#
746	4.24216	49	50	51	52	53	54	55	81	#
747	4.24216	50	51	52	53	54	55	56	81	#
748	4.24216	51	52	53	54	55	56	57	81	#
749	4.24216	52	53	54	55	56	57	58	81	#
750	4.24216	53	54	55	56	57	58	59	81	#
751	4.24216	54	55	56	57	58	59	60	81	#
752	4.24216	55	56	57	58	59	60	61	81	#
753	4.24216	56	57	58	59	60	61	62	81	#
754	4.24216	57	58	59	60	61	62	63	81	#
755	14.0459	0	1	2	3	4	5	6	7	8	9	82	#
756	14.0459	1	2	3	4	5	6	7	8	9	10	82	#
757	14.0459	2	3	4	5	6	7	8	9	10	11	82	#
758	14.0459	3	4	5	6	7	8	9	10	11	12	82	#
759	14.0459	4	5	6	7	8	9	10	11	12	13	82	#
760	14.0459	5	6	7	8	9	10	11	12	13	14	82	#
761	14.0459	6	7	8	9	10	11	12	13	14	15	82	#
762	14.0459	7	8	9	10	11	12	13	14	15	16	82	#
763	14.0459	8	9	10	11	12	13	14	15	16	17	82	#
764	14.0459	9	10	11	12	13	14	15	16	17	18	82	#
765	14.0459	10	11	12	13	14	15	16	17	18	19	82	#
766	14.0459	11	12	13	14	15	16	17	18	19	20	82	#
767	14.0459	12	13	14	15	16	17	18	19	20	21	82	#
768	14.0459	13	14	15	16	17	18	19	20	21	22	82	#
769	14.0459	14	15	16	17	18	19	20	21	22	23	82	#
770	14.0459	15	16	17	18	19	20	21	22	23	24	82	#
771	14.0459	16	17	18	19	20	21	22	23	24	25	82	#
772	14.0459	17	18	19	20	21	22	23	24	25	26	82	#
773	14.0459	18	19	20	21	22	23	24	25	26	27	82	#
774	8.42757	19	20	21	22	23	24	25	26	27	28	82	#
775	8.42757	20	21	22	23	24	25	26	27	28	29	82	#
776	8.42757	21	22	23	24	25	26	27	28	29	30	82	#
777	8.42757	22	23	24	25	26	27	28	29	30	31	82	#
778	8.42757	23	24	25	26	27	28	29	30	31	32	82	#
779	8.42757	24	25	26	27	28	29	30	31	32	33	82	#
780	8.42757	25	26	27	28	29	30	31	32	33	34	82	#
781	8.42757	26	27	28	29	30	31	32	33	34	35	82	#
782	8.42757	27	28	29	30	31	32	33	34	35	36	82	#
783	8.42757	28	29	30	31	32	33	34	35	36	37	82	#
784	8.42757	29	30	31	32	33	34	35	36	37	38	82	#
785	8.42757	30	31	32	33	34	35	36	37	38	39	82	#
786	8.42757	31	32	33	34	35	36	37	38	39	40	82	#
787	8.42757	32	33	34	35	36	37	38	39	40	41	82	#
788	8.42757	33	34	35	36	37	38	39	40	41	42	82	#
789	8.42757	34	35	36	37	38	39	40	41	42	43	82	#
790	8.42757	35	36	37	38	39	40	41	42	43	44	82	#
791	8.42757	36	37	38	39	40	41	42	43	44	45	82	#
792	7.7396	37	38	39	40	41	42	43	44	45	46	82	#
793	7.7396	38	39	40	41	42	43	44	45	46	47	82	#
794	7.7396	39	40	41	42	43	44	45	46	47	48	82	#
795	7.7396	40	41	42	43	44	45	46	47	48	49	82	#
796	6.21706	41	42	43	44	45	46	47	48	49	50	82	#
797	6.21706	42	43	44	45	46	47	48	49	50	51	82	#
798	6.21706	43	44	45	46	47	48	49	50	51	52	82	#
799	6.21706	44	45	46	47	48	49	50	51	52	53	82	#
800	6.21706	45	46	47	48	49	50	51	52	53	54	82	#
801	6.21706	46	47	48	49	50	51	52	53	54	55	82	#
802	6.21706	47	48	49	50	51	52	53	54	55	56	82	#
803	6.21706	48	49	50	51	52	53	54	55	56	57	82	#
804	6.21706	49	50	51	52	53	54	55	56	57	58	82	#
805	6.21706	50	51	52	53	54	55	56	57	58	59	82	#
806	6.21706	51	52	53	54	55	56	57	58	59	60	82	#
807	6.21706	52	53	54	55	56	57	58	59	60	61	82	#
808	4.72304	0	1	2	83	#
809	4.72304	1	2	3	83	#
810	4.72304	2	3	4	83	#
811	4.72304	3	4	5	83	#
812	4.72304	4	5	6	83	#
813	4.72304	5	6	7	83	#
814	4.72304	6	7	8	83	#
815	4.72304	7	8	9	83	#
816	4.72304	8	9	10	83	#
817	4.72304	9	10	11	83	#
818	4.72304	10	11	12	83	#
819	4.72304	11	12	13	83	#
820	4.72304	12	13	14	83	#
821	4.72304	13	14	15	83	#
822	4.72304	14	15	16	83	#
823	4.72304	15	16	17	83	#
824	4.72304	16	17	18	83	#
825	4.72304	17	18	19	83	#
826	4.72304	18	19	20	83	#
827	4.72304	19	20	21	83	#
828	4.72304	20	21	22	83	#
829	4.72304	21	22	23	83	#
830	4.72304	22	23	24	83	#
831	4.72304	23	24	25	83	#
832	4.72304	24	25	26	83	#
833	4.72304	25	26	27	83	#
834	4.72304	26	27	28	83	#
835	4.72304	27	28	29	83	#
836	4.72304	28	29	30	83	#
837	4.72304	29	30	31	83	#
838	4.72304	30	31	32	83	#
839	4.72304	31	32	33	83	#
840	4.72304	32	33	34	83	#
841	4.72304	33	34	35	83	#
842	4.72304	34	35	36	83	#
843	4.72304	35	36	37	83	#
844	4.72304	36	37	38	83	#
845	4.72304	37	38	39	83	#
846	4.72304	38	39	40	83	#
847	4.72304	39	40	41	83	#
848	4.72304	40	41	42	83	#
849	4.72304	41	42	43	83	#
850	4.72304	42	43	44	83	#
851	4.72304	43	44	45	83	#
852	4.42785	44	45	46	83	#
853	4.42785	45	46	47	83	#
854	4.42785	46	47	48	83	#
855	3.54228	47	48	49	83	#
856	3.54228	48	49	50	83	#
857	3.54228	49	50	51	83	#
858	3.54228	50	51	52	83	#
859	3.54228	51	52	53	83	#
860	3.54228	52	53	54	83	#
861	3.54228	53	54	55	83	#
862	3.54228	54	55	56	83	#
863	3.54228	55	56	57	83	#
864	3.54228	56	57	58	83	#
865	3.54228	57	58	59	83	#
866	3.54228	58	59	60	83	#
867	3.48421	59	60	61	83	#
868	3.34229	0	1	84	#
869	3.34229	1	2	84	#
870	3.34229	2	3	84	#
871	3.34229	3	4	84	#
872	3.34229	4	5	84	#
873	3.34229	5	6	84	#
874	3.34229	6	7	84	#
875	3.34229	7	8	84	#
876	3.34229	8	9	84	#
877	3.34229	9	10	84	#
878	3.34229	10	11	84	#
879	3.34229	11	12	84	#
880	3.34229	12	13	84	#
881	3.34229	13	14	84	#
882	3.34229	14	15	84	#
883	3.34229	15	16	84	#
884	3.34229	16	17	84	#
885	3.34229	17	18	84	#
886	3.34229	18	19	84	#
887	3.34229	19	20	84	#
888	3.34229	20	21	84	#
889	3.34229	21	22	84	#
890	3.34229	22	23	84	#
891	3.34229	23	24	84	#
892	3.34229	24	25	84	#
893	3.34229	25	26	84	#
894	3.34229	26	27	84	#
895	3.34229	27	28	84	#
896	3.34229	28	29	84	#
897	3.34229	29	30	84	#
898	3.34229	30	31	84	#
899	3.34229	31	32	84	#
900	3.34229	32	33	84	#
901	3.34229	33	34	84	#
902	2.91379	34	35	84	#
903	2.91379	35	36	84	#
904	2.91379	36	37	84	#
905	2.91379	37	38	84	#
906	2.91379	38	39	84	#
907	2.1044	39	40	84	#
908	2.1044	40	41	84	#
909	2.1044	41	42	84	#
910	2.1044	42	43	84	#
911	2.1044	43	44	84	#
912	2.1044	44	45	84	#
913	2.1044	45	46	84	#
914	2.1044	46	47	84	#
915	2.1044	47	48	84	#
916	2.1044	48	49	84	#
917	2.1044	49	50	84	#
918	2.1044	50	51	84	#
919	2.1044	51	52	84	#
920	2.1044	52	53	84	#
921	2.1044	53	54	84	#
922	4.49869	0	1	2	85	#
923	4.49869	1	2	3	85	#
924	4.49869	2	3	4	85	#
925	4.49869	3	4	5	85	#
926	4.49869	4	5	6	85	#
927	4.49869	5	6	7	85	#
928	4.49869	6	7	8	85	#
929	4.49869	7	8	9	85	#
930	4.49869	8	9	10	85	#
931	4.49869	9	10	11	85	#
932	4.49869	10	11	12	85	#
933	4.49869	11	12	13	85	#
934	4.49869	12	13	14	85	#
935	4.49869	13	14	15	85	#
936	4.49869	14	15	16	85	#
937	4.49869	15	16	17	85	#
938	4.49869	16	17	18	85	#
939	4.49869	17	18	19	85	#
940	4.49869	18	19	20	85	#
941	4.49869	19	20	21	85	#
942	4.49869	20	21	22	85	#
943	4.49869	21	22	23	85	#
944	4.49869	22	23	24	85	#
945	4.49869	23	24	25	85	#
946	4.49869	24	25	26	85	#
947	4.49869	25	26	27	85	#
948	4.49869	26	27	28	85	#
949	4.49869	27	28	29	85	#
950	4.49869	28	29	30	85	#
951	4.49869	29	30	31	85	#
952	4.49869	30	31	32	85	#
953	4.49869	31	32	33	85	#
954	4.49869	32	33	34	85	#
955	4.49869	33	34	35	85	#
956	4.49869	34	35	36	85	#
957	4.49869	35	36	37	85	#
958	4.49869	36	37	38	85	#
959	4.49869	37	38	39	85	#
960	4.49869	38	39	40	85	#
961	4.49869	39	40	41	85	#
962	4.49869	40	41	42	85	#
963	4.49869	41	42	43	85	#
964	4.49869	42	43	44	85	#
965	4.49869	43	44	45	85	#
966	4.49869	44	45	46	85	#
967	4.49869	45	46	47	85	#
968	4.49869	46	47	48	85	#
969	4.49869	47	48	49	85	#
970	4.49869	48	49	50	85	#
971	4.49869	49	50	51	85	#
972	4.49869	50	51	52	85	#
973	4.49869	51	52	53	85	#
974	4.49869	52	53	54	85	#
975	4.49869	53	54	55	85	#
976	4.49869	54	55	56	85	#
977	4.49869	55	56	57	85	#
978	4.49869	56	57	58	85	#
979	4.49869	57	58	59	85	#
980	4.49869	58	59	60	85	#
981	4.49869	59	60	61	85	#
982	4.49869	60	61	62	85	#
983	4.42728	61	62	63	85	#
984	5.80489	0	1	2	3	4	5	6	86	#
985	5.80489	1	2	3	4	5	6	7	86	#
986	5.80489	2	3	4	5	6	7	8	86	#
987	5.80489	3	4	5	6	7	8	9	86	#
988	5.80489	4	5	6	7	8	9	10	86	#
989	5.80489	5	6	7	8	9	10	11	86	#
990	5.80489	6	7	8	9	10	11	12	86	#
991	5.80489	7	8	9	10	11	12	13	86	#
992	5.80489	8	9	10	11	12	13	14	86	#
993	5.80489	9	10	11	12	13	14	15	86	#
994	5.80489	10	11	12	13	14	15	16	86	#
995	5.80489	11	12	13	14	15	16	17	86	#
996	5.80489	12	13	14	15	16	17	18	86	#
997	5.80489	13	14	15	16	17	18	19	86	#
998	5.80489	14	15	16	17	18	19	20	86	#
999	2.52387	15	16	17	18	19	20	21	86	#
1000	2.52387	16	17	18	19	20	21	22	86	#
1001	2.52387	17	18	19	20	21	22	23	86	#
1002	2.52387	18	19	20	21	22	23	24	86	#
1003	2.52387	19	20	21	22	23	24	25	86	#
1004	2.52387	20	21	22	23	24	25	26	86	#
1005	2.52387	21	22	23	24	25	26	27	86	#
1006	2.52387	22	23	24	25	26	27	28	86	#
1007	2.52387	23	24	25	26	27	28	29	86	#
1008	2.52387	24	25	26	27	28	29	30	86	#
1009	2.52387	25	26	27	28	29	30	31	86	#
1010	2.52387	26	27	28	29	30	31	32	86	#
1011	2.52387	27	28	29	30	31	32	33	86	#
1012	2.52387	28	29	30	31	32	33	34	86	#
1013	2.52387	29	30	31	32	33	34	35	86	#
1014	2.52387	30	31	32	33	34	35	36	86	#
1015	2.52387	31	32	33	34	35	36	37	86	#
1016	2.52387	32	33	34	35	36	37	38	86	#
1017	2.52387	33	34	35	36	37	38	39	86	#
1018	2.52387	34	35	36	37	38	39	40	86	#
1019	2.52387	35	36	37	38	39	40	41	86	#
1020	2.52387	36	37	38	39	40	41	42	86	#
1021	2.52387	37	38	39	40	41	42	43	86	#
1022	2.52387	38	39	40	41	42	43	44	86	#
1023	2.52387	39	40	41	42	43	44	45	86	#
1024	2.52387	40	41	42	43	44	45	46	86	#
1025	2.32196	41	42	43	44	45	46	47	86	#
1026	2.32196	42	43	44	45	46	47	48	86	#
1027	2.32196	43	44	45	46	47	48	49	86	#
1028	2.32196	44	45	46	47	48	49	50	86	#
1029	2.14996	45	46	47	48	49	50	51	86	#
1030	2.14996	46	47	48	49	50	51	52	86	#
1031	2.14996	47	48	49	50	51	52	53	86	#
1032	2.14996	48	49	50	51	52	53	54	86	#
1033	2.11087	49	50	51	52	53	54	55	86	#
1034	1.96776	50	51	52	53	54	55	56	86	#
1035	1.96776	51	52	53	54	55	56	57	86	#
1036	1.96776	52	53	54	55	56	57	58	86	#
1037	1.96776	53	54	55	56	57	58	59	86	#
1038	1.84282	54	55	56	57	58	59	60	86	#
1039	1.84282	55	56	57	58	59	60	61	86	#
1040	1.84282	56	57	58	59	60	61	62	86	#
1041	1.84282	57	58	59	60	61	62	63	86	#
