%% File generated by CATS v.2.1Wed Jun 22 10:37:57 2022

%% The CATS webpage is http://robotics.stanford.edu/CATS

%% PARAMETER SETTINGS:
% Goods: 64; Bids: 1000; Distribution: scheduling; Runs: 1; Seed: 1656573144
% Scheduling Distribution Parameters:
% max_length                = 10
% deviation                 = 0.500000
% prob_additional_deadline  = 0.700000
% additivity                = 0.200000



goods 64
bids 1016
dummy 20

0	5.59931	0	1	2	3	4	64	#
1	5.59931	1	2	3	4	5	64	#
2	5.59931	2	3	4	5	6	64	#
3	5.59931	3	4	5	6	7	64	#
4	5.59931	4	5	6	7	8	64	#
5	5.59931	5	6	7	8	9	64	#
6	5.59931	6	7	8	9	10	64	#
7	5.59931	7	8	9	10	11	64	#
8	5.59931	8	9	10	11	12	64	#
9	5.59931	9	10	11	12	13	64	#
10	5.59931	10	11	12	13	14	64	#
11	5.59931	11	12	13	14	15	64	#
12	5.59931	12	13	14	15	16	64	#
13	5.59931	13	14	15	16	17	64	#
14	5.59931	14	15	16	17	18	64	#
15	5.59931	15	16	17	18	19	64	#
16	5.59931	16	17	18	19	20	64	#
17	5.59931	17	18	19	20	21	64	#
18	5.59931	18	19	20	21	22	64	#
19	5.59931	19	20	21	22	23	64	#
20	5.59931	20	21	22	23	24	64	#
21	5.59931	21	22	23	24	25	64	#
22	5.59931	22	23	24	25	26	64	#
23	5.59931	23	24	25	26	27	64	#
24	5.59931	24	25	26	27	28	64	#
25	5.59931	25	26	27	28	29	64	#
26	5.59931	26	27	28	29	30	64	#
27	5.59931	27	28	29	30	31	64	#
28	5.59931	28	29	30	31	32	64	#
29	5.59931	29	30	31	32	33	64	#
30	5.59931	30	31	32	33	34	64	#
31	5.59931	31	32	33	34	35	64	#
32	5.59931	32	33	34	35	36	64	#
33	5.59931	33	34	35	36	37	64	#
34	5.59931	34	35	36	37	38	64	#
35	5.59931	35	36	37	38	39	64	#
36	5.59931	36	37	38	39	40	64	#
37	5.59931	37	38	39	40	41	64	#
38	5.59931	38	39	40	41	42	64	#
39	5.59931	39	40	41	42	43	64	#
40	5.59931	40	41	42	43	44	64	#
41	5.59931	41	42	43	44	45	64	#
42	5.59931	42	43	44	45	46	64	#
43	5.59931	43	44	45	46	47	64	#
44	5.59931	44	45	46	47	48	64	#
45	4.71521	45	46	47	48	49	64	#
46	4.71521	46	47	48	49	50	64	#
47	4.71521	47	48	49	50	51	64	#
48	4.71521	48	49	50	51	52	64	#
49	4.71521	49	50	51	52	53	64	#
50	4.71521	50	51	52	53	54	64	#
51	4.71521	51	52	53	54	55	64	#
52	4.71521	52	53	54	55	56	64	#
53	4.71521	53	54	55	56	57	64	#
54	4.33495	54	55	56	57	58	64	#
55	4.33495	55	56	57	58	59	64	#
56	4.33495	56	57	58	59	60	64	#
57	4.33495	57	58	59	60	61	64	#
58	4.33495	58	59	60	61	62	64	#
59	4.26614	59	60	61	62	63	64	#
60	0.619036	0	65	#
61	0.619036	1	65	#
62	0.619036	2	65	#
63	0.619036	3	65	#
64	0.619036	4	65	#
65	0.619036	5	65	#
66	0.619036	6	65	#
67	0.619036	7	65	#
68	0.619036	8	65	#
69	0.619036	9	65	#
70	0.619036	10	65	#
71	0.619036	11	65	#
72	0.619036	12	65	#
73	0.619036	13	65	#
74	0.619036	14	65	#
75	0.619036	15	65	#
76	0.619036	16	65	#
77	0.619036	17	65	#
78	0.619036	18	65	#
79	0.619036	19	65	#
80	0.619036	20	65	#
81	0.619036	21	65	#
82	0.619036	22	65	#
83	0.619036	23	65	#
84	0.619036	24	65	#
85	0.619036	25	65	#
86	0.619036	26	65	#
87	0.619036	27	65	#
88	0.619036	28	65	#
89	0.619036	29	65	#
90	0.619036	30	65	#
91	0.619036	31	65	#
92	0.619036	32	65	#
93	0.619036	33	65	#
94	0.619036	34	65	#
95	0.619036	35	65	#
96	0.619036	36	65	#
97	0.428563	37	65	#
98	0.428563	38	65	#
99	0.428563	39	65	#
100	0.428563	40	65	#
101	0.428563	41	65	#
102	0.428563	42	65	#
103	0.428563	43	65	#
104	0.428563	44	65	#
105	0.428563	45	65	#
106	0.428563	46	65	#
107	0.428563	47	65	#
108	0.428563	48	65	#
109	0.428563	49	65	#
110	0.428563	50	65	#
111	0.428563	51	65	#
112	0.428563	52	65	#
113	0.405187	53	65	#
114	0.405187	54	65	#
115	0.405187	55	65	#
116	0.353735	56	65	#
117	0.353735	57	65	#
118	0.353735	58	65	#
119	0.353735	59	65	#
120	0.353735	60	65	#
121	0.353735	61	65	#
122	0.353735	62	65	#
123	0.353735	63	65	#
124	16.9044	0	1	2	3	4	5	6	7	8	66	#
125	16.9044	1	2	3	4	5	6	7	8	9	66	#
126	16.9044	2	3	4	5	6	7	8	9	10	66	#
127	16.9044	3	4	5	6	7	8	9	10	11	66	#
128	16.9044	4	5	6	7	8	9	10	11	12	66	#
129	16.9044	5	6	7	8	9	10	11	12	13	66	#
130	16.9044	6	7	8	9	10	11	12	13	14	66	#
131	16.9044	7	8	9	10	11	12	13	14	15	66	#
132	16.9044	8	9	10	11	12	13	14	15	16	66	#
133	16.9044	9	10	11	12	13	14	15	16	17	66	#
134	16.9044	10	11	12	13	14	15	16	17	18	66	#
135	16.9044	11	12	13	14	15	16	17	18	19	66	#
136	16.9044	12	13	14	15	16	17	18	19	20	66	#
137	16.9044	13	14	15	16	17	18	19	20	21	66	#
138	16.9044	14	15	16	17	18	19	20	21	22	66	#
139	16.9044	15	16	17	18	19	20	21	22	23	66	#
140	16.9044	16	17	18	19	20	21	22	23	24	66	#
141	16.9044	17	18	19	20	21	22	23	24	25	66	#
142	16.9044	18	19	20	21	22	23	24	25	26	66	#
143	16.9044	19	20	21	22	23	24	25	26	27	66	#
144	16.9044	20	21	22	23	24	25	26	27	28	66	#
145	16.9044	21	22	23	24	25	26	27	28	29	66	#
146	16.9044	22	23	24	25	26	27	28	29	30	66	#
147	16.9044	23	24	25	26	27	28	29	30	31	66	#
148	16.9044	24	25	26	27	28	29	30	31	32	66	#
149	16.9044	25	26	27	28	29	30	31	32	33	66	#
150	16.9044	26	27	28	29	30	31	32	33	34	66	#
151	16.9044	27	28	29	30	31	32	33	34	35	66	#
152	16.9044	28	29	30	31	32	33	34	35	36	66	#
153	16.9044	29	30	31	32	33	34	35	36	37	66	#
154	16.9044	30	31	32	33	34	35	36	37	38	66	#
155	16.9044	31	32	33	34	35	36	37	38	39	66	#
156	16.9044	32	33	34	35	36	37	38	39	40	66	#
157	16.9044	33	34	35	36	37	38	39	40	41	66	#
158	13.5898	34	35	36	37	38	39	40	41	42	66	#
159	13.5898	35	36	37	38	39	40	41	42	43	66	#
160	13.5898	36	37	38	39	40	41	42	43	44	66	#
161	13.5898	37	38	39	40	41	42	43	44	45	66	#
162	13.5898	38	39	40	41	42	43	44	45	46	66	#
163	13.5898	39	40	41	42	43	44	45	46	47	66	#
164	13.5898	40	41	42	43	44	45	46	47	48	66	#
165	13.5898	41	42	43	44	45	46	47	48	49	66	#
166	13.5898	42	43	44	45	46	47	48	49	50	66	#
167	13.5898	43	44	45	46	47	48	49	50	51	66	#
168	13.077	44	45	46	47	48	49	50	51	52	66	#
169	13.077	45	46	47	48	49	50	51	52	53	66	#
170	11.362	46	47	48	49	50	51	52	53	54	66	#
171	11.362	47	48	49	50	51	52	53	54	55	66	#
172	11.362	48	49	50	51	52	53	54	55	56	66	#
173	11.362	49	50	51	52	53	54	55	56	57	66	#
174	11.362	50	51	52	53	54	55	56	57	58	66	#
175	11.362	51	52	53	54	55	56	57	58	59	66	#
176	11.362	52	53	54	55	56	57	58	59	60	66	#
177	11.362	53	54	55	56	57	58	59	60	61	66	#
178	11.1787	54	55	56	57	58	59	60	61	62	66	#
179	11.0013	55	56	57	58	59	60	61	62	63	66	#
180	4.85572	0	1	2	67	#
181	4.85572	1	2	3	67	#
182	4.85572	2	3	4	67	#
183	4.85572	3	4	5	67	#
184	4.85572	4	5	6	67	#
185	4.85572	5	6	7	67	#
186	4.85572	6	7	8	67	#
187	4.85572	7	8	9	67	#
188	4.85572	8	9	10	67	#
189	4.85572	9	10	11	67	#
190	4.85572	10	11	12	67	#
191	4.85572	11	12	13	67	#
192	4.85572	12	13	14	67	#
193	4.85572	13	14	15	67	#
194	4.85572	14	15	16	67	#
195	4.85572	15	16	17	67	#
196	4.85572	16	17	18	67	#
197	4.85572	17	18	19	67	#
198	4.85572	18	19	20	67	#
199	4.85572	19	20	21	67	#
200	4.85572	20	21	22	67	#
201	4.85572	21	22	23	67	#
202	4.85572	22	23	24	67	#
203	4.85572	23	24	25	67	#
204	4.85572	24	25	26	67	#
205	4.85572	25	26	27	67	#
206	4.85572	26	27	28	67	#
207	4.85572	27	28	29	67	#
208	4.85572	28	29	30	67	#
209	4.85572	29	30	31	67	#
210	4.85572	30	31	32	67	#
211	4.85572	31	32	33	67	#
212	4.85572	32	33	34	67	#
213	4.85572	33	34	35	67	#
214	2.74113	34	35	36	67	#
215	2.74113	35	36	37	67	#
216	2.74113	36	37	38	67	#
217	2.74113	37	38	39	67	#
218	2.74113	38	39	40	67	#
219	2.74113	39	40	41	67	#
220	2.74113	40	41	42	67	#
221	2.74113	41	42	43	67	#
222	2.74113	42	43	44	67	#
223	2.74113	43	44	45	67	#
224	2.74113	44	45	46	67	#
225	2.74113	45	46	47	67	#
226	2.74113	46	47	48	67	#
227	2.74113	47	48	49	67	#
228	2.74113	48	49	50	67	#
229	2.74113	49	50	51	67	#
230	2.74113	50	51	52	67	#
231	2.74113	51	52	53	67	#
232	2.74113	52	53	54	67	#
233	2.74113	53	54	55	67	#
234	2.74113	54	55	56	67	#
235	2.74113	55	56	57	67	#
236	2.74113	56	57	58	67	#
237	2.74113	57	58	59	67	#
238	2.74113	58	59	60	67	#
239	2.74113	59	60	61	67	#
240	2.74113	60	61	62	67	#
241	2.69762	61	62	63	67	#
242	6.69539	0	1	2	3	4	68	#
243	6.69539	1	2	3	4	5	68	#
244	6.69539	2	3	4	5	6	68	#
245	6.69539	3	4	5	6	7	68	#
246	6.69539	4	5	6	7	8	68	#
247	6.69539	5	6	7	8	9	68	#
248	6.69539	6	7	8	9	10	68	#
249	6.69539	7	8	9	10	11	68	#
250	6.69539	8	9	10	11	12	68	#
251	6.69539	9	10	11	12	13	68	#
252	6.69539	10	11	12	13	14	68	#
253	6.69539	11	12	13	14	15	68	#
254	6.69539	12	13	14	15	16	68	#
255	6.69539	13	14	15	16	17	68	#
256	6.69539	14	15	16	17	18	68	#
257	6.69539	15	16	17	18	19	68	#
258	6.69539	16	17	18	19	20	68	#
259	6.69539	17	18	19	20	21	68	#
260	6.69539	18	19	20	21	22	68	#
261	6.69539	19	20	21	22	23	68	#
262	6.69539	20	21	22	23	24	68	#
263	4.22867	21	22	23	24	25	68	#
264	4.22867	22	23	24	25	26	68	#
265	4.22867	23	24	25	26	27	68	#
266	4.22867	24	25	26	27	28	68	#
267	4.22867	25	26	27	28	29	68	#
268	4.22867	26	27	28	29	30	68	#
269	4.22867	27	28	29	30	31	68	#
270	4.22867	28	29	30	31	32	68	#
271	4.22867	29	30	31	32	33	68	#
272	4.22867	30	31	32	33	34	68	#
273	4.22867	31	32	33	34	35	68	#
274	4.22867	32	33	34	35	36	68	#
275	4.22867	33	34	35	36	37	68	#
276	4.22867	34	35	36	37	38	68	#
277	3.09018	35	36	37	38	39	68	#
278	3.09018	36	37	38	39	40	68	#
279	3.09018	37	38	39	40	41	68	#
280	3.09018	38	39	40	41	42	68	#
281	3.09018	39	40	41	42	43	68	#
282	3.09018	40	41	42	43	44	68	#
283	3.09018	41	42	43	44	45	68	#
284	3.09018	42	43	44	45	46	68	#
285	3.09018	43	44	45	46	47	68	#
286	3.09018	44	45	46	47	48	68	#
287	3.09018	45	46	47	48	49	68	#
288	3.09018	46	47	48	49	50	68	#
289	3.09018	47	48	49	50	51	68	#
290	3.09018	48	49	50	51	52	68	#
291	7.21752	0	1	2	3	4	69	#
292	7.21752	1	2	3	4	5	69	#
293	7.21752	2	3	4	5	6	69	#
294	7.21752	3	4	5	6	7	69	#
295	7.21752	4	5	6	7	8	69	#
296	7.21752	5	6	7	8	9	69	#
297	7.21752	6	7	8	9	10	69	#
298	7.21752	7	8	9	10	11	69	#
299	7.21752	8	9	10	11	12	69	#
300	7.21752	9	10	11	12	13	69	#
301	7.21752	10	11	12	13	14	69	#
302	7.21752	11	12	13	14	15	69	#
303	7.21752	12	13	14	15	16	69	#
304	7.21752	13	14	15	16	17	69	#
305	7.21752	14	15	16	17	18	69	#
306	7.21752	15	16	17	18	19	69	#
307	7.21752	16	17	18	19	20	69	#
308	7.21752	17	18	19	20	21	69	#
309	7.21752	18	19	20	21	22	69	#
310	7.21752	19	20	21	22	23	69	#
311	7.21752	20	21	22	23	24	69	#
312	7.21752	21	22	23	24	25	69	#
313	7.21752	22	23	24	25	26	69	#
314	7.21752	23	24	25	26	27	69	#
315	7.21752	24	25	26	27	28	69	#
316	7.21752	25	26	27	28	29	69	#
317	7.21752	26	27	28	29	30	69	#
318	7.21752	27	28	29	30	31	69	#
319	7.21752	28	29	30	31	32	69	#
320	7.21752	29	30	31	32	33	69	#
321	7.21752	30	31	32	33	34	69	#
322	7.21752	31	32	33	34	35	69	#
323	7.21752	32	33	34	35	36	69	#
324	7.21752	33	34	35	36	37	69	#
325	7.21752	34	35	36	37	38	69	#
326	7.21752	35	36	37	38	39	69	#
327	7.21752	36	37	38	39	40	69	#
328	7.21752	37	38	39	40	41	69	#
329	7.21752	38	39	40	41	42	69	#
330	7.21752	39	40	41	42	43	69	#
331	7.21752	40	41	42	43	44	69	#
332	7.21752	41	42	43	44	45	69	#
333	7.21752	42	43	44	45	46	69	#
334	7.21752	43	44	45	46	47	69	#
335	7.21752	44	45	46	47	48	69	#
336	7.21752	45	46	47	48	49	69	#
337	7.21752	46	47	48	49	50	69	#
338	7.21752	47	48	49	50	51	69	#
339	1.30836	0	70	#
340	1.30836	1	70	#
341	1.30836	2	70	#
342	1.30836	3	70	#
343	1.30836	4	70	#
344	1.30836	5	70	#
345	1.30836	6	70	#
346	10.5598	0	1	2	3	4	5	6	71	#
347	10.5598	1	2	3	4	5	6	7	71	#
348	10.5598	2	3	4	5	6	7	8	71	#
349	10.5598	3	4	5	6	7	8	9	71	#
350	10.5598	4	5	6	7	8	9	10	71	#
351	10.5598	5	6	7	8	9	10	11	71	#
352	10.5598	6	7	8	9	10	11	12	71	#
353	10.5598	7	8	9	10	11	12	13	71	#
354	10.5598	8	9	10	11	12	13	14	71	#
355	10.5598	9	10	11	12	13	14	15	71	#
356	10.5598	10	11	12	13	14	15	16	71	#
357	10.5598	11	12	13	14	15	16	17	71	#
358	10.5598	12	13	14	15	16	17	18	71	#
359	10.5598	13	14	15	16	17	18	19	71	#
360	10.5598	14	15	16	17	18	19	20	71	#
361	10.5598	15	16	17	18	19	20	21	71	#
362	10.5598	16	17	18	19	20	21	22	71	#
363	10.5598	17	18	19	20	21	22	23	71	#
364	10.5598	18	19	20	21	22	23	24	71	#
365	10.5598	19	20	21	22	23	24	25	71	#
366	10.5598	20	21	22	23	24	25	26	71	#
367	10.5598	21	22	23	24	25	26	27	71	#
368	10.5598	22	23	24	25	26	27	28	71	#
369	10.5598	23	24	25	26	27	28	29	71	#
370	10.5598	24	25	26	27	28	29	30	71	#
371	10.5598	25	26	27	28	29	30	31	71	#
372	10.5598	26	27	28	29	30	31	32	71	#
373	10.5598	27	28	29	30	31	32	33	71	#
374	10.5598	28	29	30	31	32	33	34	71	#
375	10.5598	29	30	31	32	33	34	35	71	#
376	10.5598	30	31	32	33	34	35	36	71	#
377	10.5598	31	32	33	34	35	36	37	71	#
378	10.5598	32	33	34	35	36	37	38	71	#
379	10.5598	33	34	35	36	37	38	39	71	#
380	10.5598	34	35	36	37	38	39	40	71	#
381	10.5598	35	36	37	38	39	40	41	71	#
382	10.5598	36	37	38	39	40	41	42	71	#
383	10.5598	37	38	39	40	41	42	43	71	#
384	10.5598	38	39	40	41	42	43	44	71	#
385	10.5598	39	40	41	42	43	44	45	71	#
386	10.5598	40	41	42	43	44	45	46	71	#
387	10.5598	41	42	43	44	45	46	47	71	#
388	10.5598	42	43	44	45	46	47	48	71	#
389	10.5598	43	44	45	46	47	48	49	71	#
390	10.5598	44	45	46	47	48	49	50	71	#
391	10.5598	45	46	47	48	49	50	51	71	#
392	10.5598	46	47	48	49	50	51	52	71	#
393	10.5598	47	48	49	50	51	52	53	71	#
394	10.5598	48	49	50	51	52	53	54	71	#
395	10.5598	49	50	51	52	53	54	55	71	#
396	10.5598	50	51	52	53	54	55	56	71	#
397	10.5598	51	52	53	54	55	56	57	71	#
398	10.5598	52	53	54	55	56	57	58	71	#
399	10.5598	53	54	55	56	57	58	59	71	#
400	10.5598	54	55	56	57	58	59	60	71	#
401	10.5598	55	56	57	58	59	60	61	71	#
402	10.5598	56	57	58	59	60	61	62	71	#
403	10.5598	57	58	59	60	61	62	63	71	#
404	16.4342	0	1	2	3	4	5	6	7	8	72	#
405	16.4342	1	2	3	4	5	6	7	8	9	72	#
406	16.4342	2	3	4	5	6	7	8	9	10	72	#
407	16.4342	3	4	5	6	7	8	9	10	11	72	#
408	16.4342	4	5	6	7	8	9	10	11	12	72	#
409	16.4342	5	6	7	8	9	10	11	12	13	72	#
410	16.4342	6	7	8	9	10	11	12	13	14	72	#
411	16.4342	7	8	9	10	11	12	13	14	15	72	#
412	16.4342	8	9	10	11	12	13	14	15	16	72	#
413	16.4342	9	10	11	12	13	14	15	16	17	72	#
414	16.4342	10	11	12	13	14	15	16	17	18	72	#
415	16.4342	11	12	13	14	15	16	17	18	19	72	#
416	16.4342	12	13	14	15	16	17	18	19	20	72	#
417	16.4342	13	14	15	16	17	18	19	20	21	72	#
418	16.4342	14	15	16	17	18	19	20	21	22	72	#
419	16.4342	15	16	17	18	19	20	21	22	23	72	#
420	16.4342	16	17	18	19	20	21	22	23	24	72	#
421	16.4342	17	18	19	20	21	22	23	24	25	72	#
422	16.4342	18	19	20	21	22	23	24	25	26	72	#
423	16.4342	19	20	21	22	23	24	25	26	27	72	#
424	6.24105	0	1	2	3	4	73	#
425	6.24105	1	2	3	4	5	73	#
426	6.24105	2	3	4	5	6	73	#
427	6.24105	3	4	5	6	7	73	#
428	6.24105	4	5	6	7	8	73	#
429	6.24105	5	6	7	8	9	73	#
430	6.24105	6	7	8	9	10	73	#
431	6.24105	7	8	9	10	11	73	#
432	6.24105	8	9	10	11	12	73	#
433	6.24105	9	10	11	12	13	73	#
434	6.24105	10	11	12	13	14	73	#
435	6.24105	11	12	13	14	15	73	#
436	6.24105	12	13	14	15	16	73	#
437	6.24105	13	14	15	16	17	73	#
438	6.24105	14	15	16	17	18	73	#
439	6.24105	15	16	17	18	19	73	#
440	6.24105	16	17	18	19	20	73	#
441	6.24105	17	18	19	20	21	73	#
442	6.24105	18	19	20	21	22	73	#
443	6.24105	19	20	21	22	23	73	#
444	6.24105	20	21	22	23	24	73	#
445	6.24105	21	22	23	24	25	73	#
446	6.24105	22	23	24	25	26	73	#
447	6.24105	23	24	25	26	27	73	#
448	6.24105	24	25	26	27	28	73	#
449	6.24105	25	26	27	28	29	73	#
450	6.24105	26	27	28	29	30	73	#
451	6.24105	27	28	29	30	31	73	#
452	6.24105	28	29	30	31	32	73	#
453	6.24105	29	30	31	32	33	73	#
454	6.24105	30	31	32	33	34	73	#
455	6.24105	31	32	33	34	35	73	#
456	6.24105	32	33	34	35	36	73	#
457	6.24105	33	34	35	36	37	73	#
458	6.24105	34	35	36	37	38	73	#
459	6.24105	35	36	37	38	39	73	#
460	6.24105	36	37	38	39	40	73	#
461	6.24105	37	38	39	40	41	73	#
462	6.24105	38	39	40	41	42	73	#
463	6.24105	39	40	41	42	43	73	#
464	6.24105	40	41	42	43	44	73	#
465	6.24105	41	42	43	44	45	73	#
466	6.24105	42	43	44	45	46	73	#
467	6.24105	43	44	45	46	47	73	#
468	6.24105	44	45	46	47	48	73	#
469	6.24105	45	46	47	48	49	73	#
470	6.24105	46	47	48	49	50	73	#
471	6.24105	47	48	49	50	51	73	#
472	6.24105	48	49	50	51	52	73	#
473	6.24105	49	50	51	52	53	73	#
474	6.24105	50	51	52	53	54	73	#
475	6.24105	51	52	53	54	55	73	#
476	6.24105	52	53	54	55	56	73	#
477	6.24105	53	54	55	56	57	73	#
478	6.24105	54	55	56	57	58	73	#
479	6.24105	55	56	57	58	59	73	#
480	6.24105	56	57	58	59	60	73	#
481	6.24105	57	58	59	60	61	73	#
482	6.24105	58	59	60	61	62	73	#
483	6.24105	59	60	61	62	63	73	#
484	1.13557	0	74	#
485	1.13557	1	74	#
486	1.13557	2	74	#
487	1.13557	3	74	#
488	1.13557	4	74	#
489	1.13557	5	74	#
490	1.13557	6	74	#
491	1.13557	7	74	#
492	1.13557	8	74	#
493	1.13557	9	74	#
494	1.13557	10	74	#
495	1.13557	11	74	#
496	1.13557	12	74	#
497	1.13557	13	74	#
498	1.13557	14	74	#
499	1.13557	15	74	#
500	1.13557	16	74	#
501	1.13557	17	74	#
502	1.13557	18	74	#
503	1.13557	19	74	#
504	1.13557	20	74	#
505	1.13557	21	74	#
506	1.13557	22	74	#
507	1.13557	23	74	#
508	1.13557	24	74	#
509	1.13557	25	74	#
510	1.13557	26	74	#
511	1.13557	27	74	#
512	1.13557	28	74	#
513	1.13557	29	74	#
514	1.13557	30	74	#
515	1.13557	31	74	#
516	1.13557	32	74	#
517	1.13557	33	74	#
518	1.13557	34	74	#
519	1.13557	35	74	#
520	1.13557	36	74	#
521	1.13557	37	74	#
522	1.13557	38	74	#
523	1.13557	39	74	#
524	1.13557	40	74	#
525	1.13557	41	74	#
526	1.13557	42	74	#
527	1.13557	43	74	#
528	1.13557	44	74	#
529	1.13557	45	74	#
530	1.13557	46	74	#
531	1.13557	47	74	#
532	1.13557	48	74	#
533	1.13557	49	74	#
534	1.13557	50	74	#
535	1.13557	51	74	#
536	1.13557	52	74	#
537	1.13557	53	74	#
538	1.13557	54	74	#
539	1.13557	55	74	#
540	1.13557	56	74	#
541	1.13557	57	74	#
542	1.13557	58	74	#
543	1.11632	59	74	#
544	5.20278	0	1	2	3	75	#
545	5.20278	1	2	3	4	75	#
546	5.20278	2	3	4	5	75	#
547	5.20278	3	4	5	6	75	#
548	5.20278	4	5	6	7	75	#
549	5.20278	5	6	7	8	75	#
550	5.20278	6	7	8	9	75	#
551	5.20278	7	8	9	10	75	#
552	5.20278	8	9	10	11	75	#
553	5.20278	9	10	11	12	75	#
554	5.20278	10	11	12	13	75	#
555	5.20278	11	12	13	14	75	#
556	5.20278	12	13	14	15	75	#
557	5.20278	13	14	15	16	75	#
558	1.57065	14	15	16	17	75	#
559	1.57065	15	16	17	18	75	#
560	1.57065	16	17	18	19	75	#
561	1.57065	17	18	19	20	75	#
562	1.57065	18	19	20	21	75	#
563	1.57065	19	20	21	22	75	#
564	1.57065	20	21	22	23	75	#
565	1.57065	21	22	23	24	75	#
566	1.57065	22	23	24	25	75	#
567	1.57065	23	24	25	26	75	#
568	1.57065	24	25	26	27	75	#
569	1.57065	25	26	27	28	75	#
570	1.57065	26	27	28	29	75	#
571	1.57065	27	28	29	30	75	#
572	1.57065	28	29	30	31	75	#
573	1.57065	29	30	31	32	75	#
574	1.57065	30	31	32	33	75	#
575	1.57065	31	32	33	34	75	#
576	1.57065	32	33	34	35	75	#
577	1.57065	33	34	35	36	75	#
578	1.57065	34	35	36	37	75	#
579	1.57065	35	36	37	38	75	#
580	1.57065	36	37	38	39	75	#
581	1.57065	37	38	39	40	75	#
582	1.57065	38	39	40	41	75	#
583	1.57065	39	40	41	42	75	#
584	1.57065	40	41	42	43	75	#
585	1.57065	41	42	43	44	75	#
586	1.57065	42	43	44	45	75	#
587	1.57065	43	44	45	46	75	#
588	1.57065	44	45	46	47	75	#
589	1.57065	45	46	47	48	75	#
590	1.57065	46	47	48	49	75	#
591	1.57065	47	48	49	50	75	#
592	1.57065	48	49	50	51	75	#
593	1.57065	49	50	51	52	75	#
594	1.57065	50	51	52	53	75	#
595	4.27522	0	1	2	3	4	76	#
596	4.27522	1	2	3	4	5	76	#
597	4.27522	2	3	4	5	6	76	#
598	4.27522	3	4	5	6	7	76	#
599	4.27522	4	5	6	7	8	76	#
600	4.27522	5	6	7	8	9	76	#
601	4.27522	6	7	8	9	10	76	#
602	4.27522	7	8	9	10	11	76	#
603	4.27522	8	9	10	11	12	76	#
604	4.27522	9	10	11	12	13	76	#
605	4.27522	10	11	12	13	14	76	#
606	4.27522	11	12	13	14	15	76	#
607	4.27522	12	13	14	15	16	76	#
608	4.27522	13	14	15	16	17	76	#
609	4.27522	14	15	16	17	18	76	#
610	4.27522	15	16	17	18	19	76	#
611	4.27522	16	17	18	19	20	76	#
612	4.27522	17	18	19	20	21	76	#
613	4.27522	18	19	20	21	22	76	#
614	4.27522	19	20	21	22	23	76	#
615	4.27522	20	21	22	23	24	76	#
616	7.89392	0	1	2	3	77	#
617	7.89392	1	2	3	4	77	#
618	7.89392	2	3	4	5	77	#
619	7.89392	3	4	5	6	77	#
620	7.89392	4	5	6	7	77	#
621	7.89392	5	6	7	8	77	#
622	7.89392	6	7	8	9	77	#
623	7.89392	7	8	9	10	77	#
624	7.89392	8	9	10	11	77	#
625	7.89392	9	10	11	12	77	#
626	7.89392	10	11	12	13	77	#
627	7.89392	11	12	13	14	77	#
628	7.89392	12	13	14	15	77	#
629	7.89392	13	14	15	16	77	#
630	7.89392	14	15	16	17	77	#
631	7.89392	15	16	17	18	77	#
632	7.89392	16	17	18	19	77	#
633	7.89392	17	18	19	20	77	#
634	7.89392	18	19	20	21	77	#
635	7.89392	19	20	21	22	77	#
636	7.89392	20	21	22	23	77	#
637	7.89392	21	22	23	24	77	#
638	7.89392	22	23	24	25	77	#
639	7.89392	23	24	25	26	77	#
640	7.89392	24	25	26	27	77	#
641	7.89392	25	26	27	28	77	#
642	7.89392	26	27	28	29	77	#
643	7.89392	27	28	29	30	77	#
644	7.89392	28	29	30	31	77	#
645	7.89392	29	30	31	32	77	#
646	7.89392	30	31	32	33	77	#
647	7.89392	31	32	33	34	77	#
648	7.89392	32	33	34	35	77	#
649	7.89392	33	34	35	36	77	#
650	7.89392	34	35	36	37	77	#
651	7.89392	35	36	37	38	77	#
652	7.89392	36	37	38	39	77	#
653	7.89392	37	38	39	40	77	#
654	7.89392	38	39	40	41	77	#
655	7.89392	39	40	41	42	77	#
656	7.5351	40	41	42	43	77	#
657	7.5351	41	42	43	44	77	#
658	0.858821	0	78	#
659	0.858821	1	78	#
660	0.858821	2	78	#
661	0.858821	3	78	#
662	0.858821	4	78	#
663	0.858821	5	78	#
664	0.858821	6	78	#
665	0.858821	7	78	#
666	0.858821	8	78	#
667	0.858821	9	78	#
668	0.858821	10	78	#
669	0.858821	11	78	#
670	0.858821	12	78	#
671	0.858821	13	78	#
672	0.858821	14	78	#
673	0.858821	15	78	#
674	0.858821	16	78	#
675	0.858821	17	78	#
676	0.858821	18	78	#
677	0.858821	19	78	#
678	0.25901	20	78	#
679	0.25901	21	78	#
680	0.25901	22	78	#
681	0.25901	23	78	#
682	0.25901	24	78	#
683	0.25901	25	78	#
684	0.25901	26	78	#
685	0.25901	27	78	#
686	0.25901	28	78	#
687	0.25901	29	78	#
688	0.25901	30	78	#
689	0.25901	31	78	#
690	0.25901	32	78	#
691	0.25901	33	78	#
692	0.25901	34	78	#
693	0.25901	35	78	#
694	0.25901	36	78	#
695	0.25901	37	78	#
696	0.25901	38	78	#
697	0.25901	39	78	#
698	0.25901	40	78	#
699	0.25901	41	78	#
700	0.25901	42	78	#
701	0.25901	43	78	#
702	0.25901	44	78	#
703	0.25901	45	78	#
704	0.25901	46	78	#
705	0.25901	47	78	#
706	0.25901	48	78	#
707	0.25901	49	78	#
708	0.25901	50	78	#
709	0.25901	51	78	#
710	0.25901	52	78	#
711	0.25901	53	78	#
712	0.25901	54	78	#
713	0.25901	55	78	#
714	0.25901	56	78	#
715	0.25901	57	78	#
716	0.25901	58	78	#
717	0.25901	59	78	#
718	0.25901	60	78	#
719	0.25901	61	78	#
720	0.25901	62	78	#
721	0.25901	63	78	#
722	3.47652	0	1	2	79	#
723	3.47652	1	2	3	79	#
724	3.47652	2	3	4	79	#
725	3.47652	3	4	5	79	#
726	3.47652	4	5	6	79	#
727	3.47652	5	6	7	79	#
728	3.47652	6	7	8	79	#
729	3.47652	7	8	9	79	#
730	3.47652	8	9	10	79	#
731	3.47652	9	10	11	79	#
732	3.47652	10	11	12	79	#
733	3.47652	11	12	13	79	#
734	3.47652	12	13	14	79	#
735	3.47652	13	14	15	79	#
736	3.47652	14	15	16	79	#
737	3.47652	15	16	17	79	#
738	3.47652	16	17	18	79	#
739	3.47652	17	18	19	79	#
740	3.47652	18	19	20	79	#
741	3.47652	19	20	21	79	#
742	3.47652	20	21	22	79	#
743	3.47652	21	22	23	79	#
744	3.47652	22	23	24	79	#
745	3.47652	23	24	25	79	#
746	3.47652	24	25	26	79	#
747	3.47652	25	26	27	79	#
748	3.47652	26	27	28	79	#
749	3.47652	27	28	29	79	#
750	3.47652	28	29	30	79	#
751	3.47652	29	30	31	79	#
752	3.47652	30	31	32	79	#
753	3.47652	31	32	33	79	#
754	3.47652	32	33	34	79	#
755	3.47652	33	34	35	79	#
756	3.47652	34	35	36	79	#
757	3.47652	35	36	37	79	#
758	3.47652	36	37	38	79	#
759	3.47652	37	38	39	79	#
760	3.47652	38	39	40	79	#
761	3.47652	39	40	41	79	#
762	3.47652	40	41	42	79	#
763	3.47652	41	42	43	79	#
764	2.41113	42	43	44	79	#
765	2.41113	43	44	45	79	#
766	2.41113	44	45	46	79	#
767	2.41113	45	46	47	79	#
768	2.41113	46	47	48	79	#
769	2.41113	47	48	49	79	#
770	2.41113	48	49	50	79	#
771	2.41113	49	50	51	79	#
772	2.41113	50	51	52	79	#
773	2.41113	51	52	53	79	#
774	2.41113	52	53	54	79	#
775	2.41113	53	54	55	79	#
776	2.41113	54	55	56	79	#
777	2.41113	55	56	57	79	#
778	2.41113	56	57	58	79	#
779	2.41113	57	58	59	79	#
780	2.41113	58	59	60	79	#
781	2.41113	59	60	61	79	#
782	2.41113	60	61	62	79	#
783	2.37286	61	62	63	79	#
784	0.899261	0	80	#
785	0.899261	1	80	#
786	0.899261	2	80	#
787	0.899261	3	80	#
788	0.899261	4	80	#
789	0.899261	5	80	#
790	0.899261	6	80	#
791	0.899261	7	80	#
792	0.899261	8	80	#
793	0.899261	9	80	#
794	0.899261	10	80	#
795	0.899261	11	80	#
796	0.899261	12	80	#
797	0.899261	13	80	#
798	0.899261	14	80	#
799	0.899261	15	80	#
800	0.899261	16	80	#
801	0.899261	17	80	#
802	0.899261	18	80	#
803	0.899261	19	80	#
804	0.776634	20	80	#
805	0.776634	21	80	#
806	0.776634	22	80	#
807	0.47461	23	80	#
808	0.47461	24	80	#
809	0.47461	25	80	#
810	0.47461	26	80	#
811	0.47461	27	80	#
812	0.47461	28	80	#
813	0.47461	29	80	#
814	0.47461	30	80	#
815	0.47461	31	80	#
816	0.47461	32	80	#
817	0.47461	33	80	#
818	0.47461	34	80	#
819	0.47461	35	80	#
820	0.47461	36	80	#
821	0.406808	37	80	#
822	0.406808	38	80	#
823	0.406808	39	80	#
824	0.406808	40	80	#
825	0.406808	41	80	#
826	0.406808	42	80	#
827	0.294585	43	80	#
828	0.294585	44	80	#
829	0.294585	45	80	#
830	0.294585	46	80	#
831	0.294585	47	80	#
832	0.294585	48	80	#
833	0.294585	49	80	#
834	0.294585	50	80	#
835	0.294585	51	80	#
836	0.294585	52	80	#
837	0.294585	53	80	#
838	0.294585	54	80	#
839	0.294585	55	80	#
840	0.294585	56	80	#
841	0.294585	57	80	#
842	0.294585	58	80	#
843	13.9181	0	1	2	3	4	5	6	7	8	9	81	#
844	13.9181	1	2	3	4	5	6	7	8	9	10	81	#
845	13.9181	2	3	4	5	6	7	8	9	10	11	81	#
846	13.9181	3	4	5	6	7	8	9	10	11	12	81	#
847	13.9181	4	5	6	7	8	9	10	11	12	13	81	#
848	13.9181	5	6	7	8	9	10	11	12	13	14	81	#
849	13.9181	6	7	8	9	10	11	12	13	14	15	81	#
850	13.9181	7	8	9	10	11	12	13	14	15	16	81	#
851	13.9181	8	9	10	11	12	13	14	15	16	17	81	#
852	13.9181	9	10	11	12	13	14	15	16	17	18	81	#
853	13.9181	10	11	12	13	14	15	16	17	18	19	81	#
854	13.9181	11	12	13	14	15	16	17	18	19	20	81	#
855	13.9181	12	13	14	15	16	17	18	19	20	21	81	#
856	13.9181	13	14	15	16	17	18	19	20	21	22	81	#
857	13.9181	14	15	16	17	18	19	20	21	22	23	81	#
858	13.9181	15	16	17	18	19	20	21	22	23	24	81	#
859	13.9181	16	17	18	19	20	21	22	23	24	25	81	#
860	13.9181	17	18	19	20	21	22	23	24	25	26	81	#
861	13.9181	18	19	20	21	22	23	24	25	26	27	81	#
862	13.9181	19	20	21	22	23	24	25	26	27	28	81	#
863	13.9181	20	21	22	23	24	25	26	27	28	29	81	#
864	13.9181	21	22	23	24	25	26	27	28	29	30	81	#
865	13.9181	22	23	24	25	26	27	28	29	30	31	81	#
866	13.9181	23	24	25	26	27	28	29	30	31	32	81	#
867	13.9181	24	25	26	27	28	29	30	31	32	33	81	#
868	13.9181	25	26	27	28	29	30	31	32	33	34	81	#
869	13.9181	26	27	28	29	30	31	32	33	34	35	81	#
870	13.9181	27	28	29	30	31	32	33	34	35	36	81	#
871	13.9181	28	29	30	31	32	33	34	35	36	37	81	#
872	13.9181	29	30	31	32	33	34	35	36	37	38	81	#
873	13.9181	30	31	32	33	34	35	36	37	38	39	81	#
874	13.9181	31	32	33	34	35	36	37	38	39	40	81	#
875	10.1222	32	33	34	35	36	37	38	39	40	41	81	#
876	10.1222	33	34	35	36	37	38	39	40	41	42	81	#
877	10.1222	34	35	36	37	38	39	40	41	42	43	81	#
878	10.1222	35	36	37	38	39	40	41	42	43	44	81	#
879	10.1222	36	37	38	39	40	41	42	43	44	45	81	#
880	10.1222	37	38	39	40	41	42	43	44	45	46	81	#
881	10.1222	38	39	40	41	42	43	44	45	46	47	81	#
882	10.1222	39	40	41	42	43	44	45	46	47	48	81	#
883	10.1222	40	41	42	43	44	45	46	47	48	49	81	#
884	10.1222	41	42	43	44	45	46	47	48	49	50	81	#
885	10.1222	42	43	44	45	46	47	48	49	50	51	81	#
886	10.1222	43	44	45	46	47	48	49	50	51	52	81	#
887	10.1222	44	45	46	47	48	49	50	51	52	53	81	#
888	10.1222	45	46	47	48	49	50	51	52	53	54	81	#
889	10.1222	46	47	48	49	50	51	52	53	54	55	81	#
890	9.59868	47	48	49	50	51	52	53	54	55	56	81	#
891	9.59868	48	49	50	51	52	53	54	55	56	57	81	#
892	9.59868	49	50	51	52	53	54	55	56	57	58	81	#
893	9.27872	50	51	52	53	54	55	56	57	58	59	81	#
894	9.27872	51	52	53	54	55	56	57	58	59	60	81	#
895	8.83688	52	53	54	55	56	57	58	59	60	61	81	#
896	8.83688	53	54	55	56	57	58	59	60	61	62	81	#
897	8.83688	54	55	56	57	58	59	60	61	62	63	81	#
898	1.21534	0	82	#
899	1.21534	1	82	#
900	1.21534	2	82	#
901	1.21534	3	82	#
902	0.52086	4	82	#
903	0.52086	5	82	#
904	0.52086	6	82	#
905	0.52086	7	82	#
906	0.101278	8	82	#
907	0.101278	9	82	#
908	0.101278	10	82	#
909	0.101278	11	82	#
910	0.101278	12	82	#
911	0.101278	13	82	#
912	0.101278	14	82	#
913	0.101278	15	82	#
914	0.101278	16	82	#
915	0.101278	17	82	#
916	0.101278	18	82	#
917	0.101278	19	82	#
918	0.101278	20	82	#
919	0.101278	21	82	#
920	0.101278	22	82	#
921	0.101278	23	82	#
922	0.101278	24	82	#
923	0.101278	25	82	#
924	0.101278	26	82	#
925	0.101278	27	82	#
926	0.101278	28	82	#
927	0.101278	29	82	#
928	0.101278	30	82	#
929	0.101278	31	82	#
930	0.101278	32	82	#
931	0.101278	33	82	#
932	0.101278	34	82	#
933	0.101278	35	82	#
934	0.101278	36	82	#
935	0.0588068	37	82	#
936	0.0588068	38	82	#
937	0.0588068	39	82	#
938	0.0588068	40	82	#
939	0.0588068	41	82	#
940	0.0588068	42	82	#
941	0.0588068	43	82	#
942	0.0588068	44	82	#
943	0.0588068	45	82	#
944	0.0588068	46	82	#
945	0.0588068	47	82	#
946	0.0588068	48	82	#
947	0.0588068	49	82	#
948	0.0588068	50	82	#
949	0.0588068	51	82	#
950	0.0588068	52	82	#
951	0.0588068	53	82	#
952	0.0588068	54	82	#
953	0.0588068	55	82	#
954	0.0588068	56	82	#
955	0.0588068	57	82	#
956	0.0588068	58	82	#
957	0.0588068	59	82	#
958	0.0588068	60	82	#
959	0.0588068	61	82	#
960	0.0588068	62	82	#
961	0.0578734	63	82	#
962	17.0147	0	1	2	3	4	5	6	7	83	#
963	17.0147	1	2	3	4	5	6	7	8	83	#
964	17.0147	2	3	4	5	6	7	8	9	83	#
965	17.0147	3	4	5	6	7	8	9	10	83	#
966	17.0147	4	5	6	7	8	9	10	11	83	#
967	17.0147	5	6	7	8	9	10	11	12	83	#
968	17.0147	6	7	8	9	10	11	12	13	83	#
969	17.0147	7	8	9	10	11	12	13	14	83	#
970	17.0147	8	9	10	11	12	13	14	15	83	#
971	17.0147	9	10	11	12	13	14	15	16	83	#
972	17.0147	10	11	12	13	14	15	16	17	83	#
973	17.0147	11	12	13	14	15	16	17	18	83	#
974	17.0147	12	13	14	15	16	17	18	19	83	#
975	17.0147	13	14	15	16	17	18	19	20	83	#
976	17.0147	14	15	16	17	18	19	20	21	83	#
977	17.0147	15	16	17	18	19	20	21	22	83	#
978	17.0147	16	17	18	19	20	21	22	23	83	#
979	17.0147	17	18	19	20	21	22	23	24	83	#
980	17.0147	18	19	20	21	22	23	24	25	83	#
981	17.0147	19	20	21	22	23	24	25	26	83	#
982	17.0147	20	21	22	23	24	25	26	27	83	#
983	17.0147	21	22	23	24	25	26	27	28	83	#
984	17.0147	22	23	24	25	26	27	28	29	83	#
985	17.0147	23	24	25	26	27	28	29	30	83	#
986	17.0147	24	25	26	27	28	29	30	31	83	#
987	17.0147	25	26	27	28	29	30	31	32	83	#
988	17.0147	26	27	28	29	30	31	32	33	83	#
989	10.3978	27	28	29	30	31	32	33	34	83	#
990	10.3978	28	29	30	31	32	33	34	35	83	#
991	10.3978	29	30	31	32	33	34	35	36	83	#
992	10.3978	30	31	32	33	34	35	36	37	83	#
993	10.3978	31	32	33	34	35	36	37	38	83	#
994	10.3978	32	33	34	35	36	37	38	39	83	#
995	10.3978	33	34	35	36	37	38	39	40	83	#
996	10.3978	34	35	36	37	38	39	40	41	83	#
997	10.3978	35	36	37	38	39	40	41	42	83	#
998	10.3978	36	37	38	39	40	41	42	43	83	#
999	10.3978	37	38	39	40	41	42	43	44	83	#
1000	10.3978	38	39	40	41	42	43	44	45	83	#
1001	10.3978	39	40	41	42	43	44	45	46	83	#
1002	10.3978	40	41	42	43	44	45	46	47	83	#
1003	10.3978	41	42	43	44	45	46	47	48	83	#
1004	10.3978	42	43	44	45	46	47	48	49	83	#
1005	10.3978	43	44	45	46	47	48	49	50	83	#
1006	10.3978	44	45	46	47	48	49	50	51	83	#
1007	10.3978	45	46	47	48	49	50	51	52	83	#
1008	10.3978	46	47	48	49	50	51	52	53	83	#
1009	10.3978	47	48	49	50	51	52	53	54	83	#
1010	9.35806	48	49	50	51	52	53	54	55	83	#
1011	9.35806	49	50	51	52	53	54	55	56	83	#
1012	9.35806	50	51	52	53	54	55	56	57	83	#
1013	9.35806	51	52	53	54	55	56	57	58	83	#
1014	9.35806	52	53	54	55	56	57	58	59	83	#
1015	9.35806	53	54	55	56	57	58	59	60	83	#
