%% File generated by CATS v.2.1Wed Jun 22 10:37:57 2022

%% The CATS webpage is http://robotics.stanford.edu/CATS

%% PARAMETER SETTINGS:
% Goods: 64; Bids: 1000; Distribution: scheduling; Runs: 1; Seed: 1656573146
% Scheduling Distribution Parameters:
% max_length                = 10
% deviation                 = 0.500000
% prob_additional_deadline  = 0.700000
% additivity                = 0.200000



goods 64
bids 1023
dummy 25

0	11.0632	0	1	2	3	4	5	64	#
1	11.0632	1	2	3	4	5	6	64	#
2	11.0632	2	3	4	5	6	7	64	#
3	11.0632	3	4	5	6	7	8	64	#
4	11.0632	4	5	6	7	8	9	64	#
5	11.0632	5	6	7	8	9	10	64	#
6	11.0632	6	7	8	9	10	11	64	#
7	11.0632	7	8	9	10	11	12	64	#
8	11.0632	8	9	10	11	12	13	64	#
9	11.0632	9	10	11	12	13	14	64	#
10	11.0632	10	11	12	13	14	15	64	#
11	11.0632	11	12	13	14	15	16	64	#
12	11.0632	12	13	14	15	16	17	64	#
13	11.0632	13	14	15	16	17	18	64	#
14	11.0632	14	15	16	17	18	19	64	#
15	11.0632	15	16	17	18	19	20	64	#
16	11.0632	16	17	18	19	20	21	64	#
17	11.0632	17	18	19	20	21	22	64	#
18	11.0632	18	19	20	21	22	23	64	#
19	11.0632	19	20	21	22	23	24	64	#
20	11.0632	20	21	22	23	24	25	64	#
21	11.0632	21	22	23	24	25	26	64	#
22	11.0632	22	23	24	25	26	27	64	#
23	11.0632	23	24	25	26	27	28	64	#
24	11.0632	24	25	26	27	28	29	64	#
25	11.0632	25	26	27	28	29	30	64	#
26	5.82274	26	27	28	29	30	31	64	#
27	5.82274	27	28	29	30	31	32	64	#
28	5.82274	28	29	30	31	32	33	64	#
29	5.82274	29	30	31	32	33	34	64	#
30	5.82274	30	31	32	33	34	35	64	#
31	5.82274	31	32	33	34	35	36	64	#
32	5.82274	32	33	34	35	36	37	64	#
33	5.82274	33	34	35	36	37	38	64	#
34	5.82274	34	35	36	37	38	39	64	#
35	5.82274	35	36	37	38	39	40	64	#
36	5.82274	36	37	38	39	40	41	64	#
37	5.82274	37	38	39	40	41	42	64	#
38	5.82274	38	39	40	41	42	43	64	#
39	5.82274	39	40	41	42	43	44	64	#
40	5.82274	40	41	42	43	44	45	64	#
41	5.82274	41	42	43	44	45	46	64	#
42	5.82274	42	43	44	45	46	47	64	#
43	5.82274	43	44	45	46	47	48	64	#
44	5.82274	44	45	46	47	48	49	64	#
45	5.82274	45	46	47	48	49	50	64	#
46	5.82274	46	47	48	49	50	51	64	#
47	5.82274	47	48	49	50	51	52	64	#
48	5.82274	48	49	50	51	52	53	64	#
49	5.82274	49	50	51	52	53	54	64	#
50	5.82274	50	51	52	53	54	55	64	#
51	5.82274	51	52	53	54	55	56	64	#
52	5.82274	52	53	54	55	56	57	64	#
53	5.44092	53	54	55	56	57	58	64	#
54	5.44092	54	55	56	57	58	59	64	#
55	5.44092	55	56	57	58	59	60	64	#
56	5.44092	56	57	58	59	60	61	64	#
57	5.26819	57	58	59	60	61	62	64	#
58	5.26819	58	59	60	61	62	63	64	#
59	9.08611	0	1	2	3	4	5	65	#
60	9.08611	1	2	3	4	5	6	65	#
61	9.08611	2	3	4	5	6	7	65	#
62	9.08611	3	4	5	6	7	8	65	#
63	9.08611	4	5	6	7	8	9	65	#
64	9.08611	5	6	7	8	9	10	65	#
65	9.08611	6	7	8	9	10	11	65	#
66	9.08611	7	8	9	10	11	12	65	#
67	9.08611	8	9	10	11	12	13	65	#
68	9.08611	9	10	11	12	13	14	65	#
69	9.08611	10	11	12	13	14	15	65	#
70	9.08611	11	12	13	14	15	16	65	#
71	9.08611	12	13	14	15	16	17	65	#
72	9.08611	13	14	15	16	17	18	65	#
73	9.08611	14	15	16	17	18	19	65	#
74	4.3159	15	16	17	18	19	20	65	#
75	4.3159	16	17	18	19	20	21	65	#
76	4.3159	17	18	19	20	21	22	65	#
77	4.3159	18	19	20	21	22	23	65	#
78	4.3159	19	20	21	22	23	24	65	#
79	4.3159	20	21	22	23	24	25	65	#
80	4.3159	21	22	23	24	25	26	65	#
81	4.3159	22	23	24	25	26	27	65	#
82	4.3159	23	24	25	26	27	28	65	#
83	4.3159	24	25	26	27	28	29	65	#
84	4.3159	25	26	27	28	29	30	65	#
85	4.3159	26	27	28	29	30	31	65	#
86	4.3159	27	28	29	30	31	32	65	#
87	4.3159	28	29	30	31	32	33	65	#
88	4.3159	29	30	31	32	33	34	65	#
89	4.3159	30	31	32	33	34	35	65	#
90	4.3159	31	32	33	34	35	36	65	#
91	4.3159	32	33	34	35	36	37	65	#
92	4.3159	33	34	35	36	37	38	65	#
93	4.3159	34	35	36	37	38	39	65	#
94	4.3159	35	36	37	38	39	40	65	#
95	3.4716	0	1	2	3	4	66	#
96	3.4716	1	2	3	4	5	66	#
97	3.4716	2	3	4	5	6	66	#
98	0.694319	3	4	5	6	7	66	#
99	0.694319	4	5	6	7	8	66	#
100	0.694319	5	6	7	8	9	66	#
101	0.694319	6	7	8	9	10	66	#
102	0.694319	7	8	9	10	11	66	#
103	0.694319	8	9	10	11	12	66	#
104	0.694319	9	10	11	12	13	66	#
105	0.694319	10	11	12	13	14	66	#
106	0.694319	11	12	13	14	15	66	#
107	0.694319	12	13	14	15	16	66	#
108	0.694319	13	14	15	16	17	66	#
109	0.694319	14	15	16	17	18	66	#
110	0.694319	15	16	17	18	19	66	#
111	0.694319	16	17	18	19	20	66	#
112	0.694319	17	18	19	20	21	66	#
113	0.694319	18	19	20	21	22	66	#
114	0.694319	19	20	21	22	23	66	#
115	0.694319	20	21	22	23	24	66	#
116	0.694319	21	22	23	24	25	66	#
117	0.694319	22	23	24	25	26	66	#
118	0.694319	23	24	25	26	27	66	#
119	0.694319	24	25	26	27	28	66	#
120	0.694319	25	26	27	28	29	66	#
121	0.694319	26	27	28	29	30	66	#
122	0.534092	27	28	29	30	31	66	#
123	0.534092	28	29	30	31	32	66	#
124	0.534092	29	30	31	32	33	66	#
125	0.534092	30	31	32	33	34	66	#
126	0.534092	31	32	33	34	35	66	#
127	0.534092	32	33	34	35	36	66	#
128	0.534092	33	34	35	36	37	66	#
129	0.534092	34	35	36	37	38	66	#
130	0.534092	35	36	37	38	39	66	#
131	0.416592	36	37	38	39	40	66	#
132	0.416592	37	38	39	40	41	66	#
133	0.416592	38	39	40	41	42	66	#
134	0.416592	39	40	41	42	43	66	#
135	0.416592	40	41	42	43	44	66	#
136	0.416592	41	42	43	44	45	66	#
137	0.416592	42	43	44	45	46	66	#
138	0.416592	43	44	45	46	47	66	#
139	0.416592	44	45	46	47	48	66	#
140	0.416592	45	46	47	48	49	66	#
141	0.416592	46	47	48	49	50	66	#
142	0.341468	47	48	49	50	51	66	#
143	0.341468	48	49	50	51	52	66	#
144	0.341468	49	50	51	52	53	66	#
145	0.341468	50	51	52	53	54	66	#
146	0.341468	51	52	53	54	55	66	#
147	0.341468	52	53	54	55	56	66	#
148	0.341468	53	54	55	56	57	66	#
149	0.341468	54	55	56	57	58	66	#
150	0.341468	55	56	57	58	59	66	#
151	0.341468	56	57	58	59	60	66	#
152	0.341468	57	58	59	60	61	66	#
153	0.330628	58	59	60	61	62	66	#
154	0.330628	59	60	61	62	63	66	#
155	2.40597	0	1	2	67	#
156	2.40597	1	2	3	67	#
157	2.40597	2	3	4	67	#
158	2.40597	3	4	5	67	#
159	2.40597	4	5	6	67	#
160	2.40597	5	6	7	67	#
161	2.40597	6	7	8	67	#
162	2.40597	7	8	9	67	#
163	2.40597	8	9	10	67	#
164	2.40597	9	10	11	67	#
165	2.40597	10	11	12	67	#
166	2.40597	11	12	13	67	#
167	2.40597	12	13	14	67	#
168	2.40597	13	14	15	67	#
169	2.40597	14	15	16	67	#
170	2.40597	15	16	17	67	#
171	2.40597	16	17	18	67	#
172	2.40597	17	18	19	67	#
173	2.40597	18	19	20	67	#
174	2.40597	19	20	21	67	#
175	2.40597	20	21	22	67	#
176	2.40597	21	22	23	67	#
177	2.40597	22	23	24	67	#
178	2.40597	23	24	25	67	#
179	2.40597	24	25	26	67	#
180	2.40597	25	26	27	67	#
181	2.40597	26	27	28	67	#
182	2.40597	27	28	29	67	#
183	2.40597	28	29	30	67	#
184	2.40597	29	30	31	67	#
185	2.40597	30	31	32	67	#
186	1.67371	31	32	33	67	#
187	1.67371	32	33	34	67	#
188	1.67371	33	34	35	67	#
189	1.67371	34	35	36	67	#
190	1.67371	35	36	37	67	#
191	1.67371	36	37	38	67	#
192	1.67371	37	38	39	67	#
193	1.67371	38	39	40	67	#
194	1.67371	39	40	41	67	#
195	1.67371	40	41	42	67	#
196	1.67371	41	42	43	67	#
197	1.67371	42	43	44	67	#
198	1.67371	43	44	45	67	#
199	1.67371	44	45	46	67	#
200	5.07168	0	1	2	68	#
201	5.07168	1	2	3	68	#
202	5.07168	2	3	4	68	#
203	0.84528	3	4	5	68	#
204	0.84528	4	5	6	68	#
205	0.84528	5	6	7	68	#
206	0.84528	6	7	8	68	#
207	0.84528	7	8	9	68	#
208	0.84528	8	9	10	68	#
209	0.84528	9	10	11	68	#
210	0.84528	10	11	12	68	#
211	0.84528	11	12	13	68	#
212	0.84528	12	13	14	68	#
213	0.84528	13	14	15	68	#
214	0.84528	14	15	16	68	#
215	0.84528	15	16	17	68	#
216	0.84528	16	17	18	68	#
217	0.84528	17	18	19	68	#
218	0.84528	18	19	20	68	#
219	0.84528	19	20	21	68	#
220	0.84528	20	21	22	68	#
221	0.84528	21	22	23	68	#
222	0.84528	22	23	24	68	#
223	3.6179	0	1	2	69	#
224	3.6179	1	2	3	69	#
225	3.6179	2	3	4	69	#
226	3.6179	3	4	5	69	#
227	3.6179	4	5	6	69	#
228	3.6179	5	6	7	69	#
229	3.6179	6	7	8	69	#
230	3.6179	7	8	9	69	#
231	3.6179	8	9	10	69	#
232	3.6179	9	10	11	69	#
233	3.6179	10	11	12	69	#
234	3.6179	11	12	13	69	#
235	3.6179	12	13	14	69	#
236	3.6179	13	14	15	69	#
237	3.6179	14	15	16	69	#
238	3.6179	15	16	17	69	#
239	3.6179	16	17	18	69	#
240	3.6179	17	18	19	69	#
241	3.6179	18	19	20	69	#
242	3.6179	19	20	21	69	#
243	3.6179	20	21	22	69	#
244	3.6179	21	22	23	69	#
245	3.6179	22	23	24	69	#
246	3.6179	23	24	25	69	#
247	3.6179	24	25	26	69	#
248	3.6179	25	26	27	69	#
249	3.6179	26	27	28	69	#
250	3.6179	27	28	29	69	#
251	1.01756	0	70	#
252	1.01756	1	70	#
253	1.01756	2	70	#
254	1.01756	3	70	#
255	1.01756	4	70	#
256	1.01756	5	70	#
257	1.01756	6	70	#
258	1.01756	7	70	#
259	1.01756	8	70	#
260	1.01756	9	70	#
261	1.01756	10	70	#
262	1.01756	11	70	#
263	1.01756	12	70	#
264	1.01756	13	70	#
265	1.01756	14	70	#
266	1.01756	15	70	#
267	1.01756	16	70	#
268	1.01756	17	70	#
269	1.01756	18	70	#
270	1.01756	19	70	#
271	1.01756	20	70	#
272	1.01756	21	70	#
273	1.01756	22	70	#
274	1.01756	23	70	#
275	1.01756	24	70	#
276	0.460783	25	70	#
277	0.460783	26	70	#
278	0.460783	27	70	#
279	0.460783	28	70	#
280	0.460783	29	70	#
281	0.460783	30	70	#
282	0.460783	31	70	#
283	0.460783	32	70	#
284	0.460783	33	70	#
285	0.460783	34	70	#
286	0.460783	35	70	#
287	0.460783	36	70	#
288	0.460783	37	70	#
289	0.460783	38	70	#
290	0.460783	39	70	#
291	0.460783	40	70	#
292	0.460783	41	70	#
293	0.460783	42	70	#
294	0.460783	43	70	#
295	0.460783	44	70	#
296	0.460783	45	70	#
297	0.460783	46	70	#
298	0.460783	47	70	#
299	0.460783	48	70	#
300	0.460783	49	70	#
301	0.460783	50	70	#
302	0.460783	51	70	#
303	0.460783	52	70	#
304	0.460783	53	70	#
305	0.413924	54	70	#
306	0.413924	55	70	#
307	0.413924	56	70	#
308	0.413924	57	70	#
309	0.413924	58	70	#
310	0.413924	59	70	#
311	0.387643	60	70	#
312	0.387643	61	70	#
313	0.387643	62	70	#
314	0.387643	63	70	#
315	15.4613	0	1	2	3	4	5	6	7	71	#
316	15.4613	1	2	3	4	5	6	7	8	71	#
317	15.4613	2	3	4	5	6	7	8	9	71	#
318	15.4613	3	4	5	6	7	8	9	10	71	#
319	15.4613	4	5	6	7	8	9	10	11	71	#
320	15.4613	5	6	7	8	9	10	11	12	71	#
321	15.4613	6	7	8	9	10	11	12	13	71	#
322	15.4613	7	8	9	10	11	12	13	14	71	#
323	15.4613	8	9	10	11	12	13	14	15	71	#
324	15.4613	9	10	11	12	13	14	15	16	71	#
325	15.4613	10	11	12	13	14	15	16	17	71	#
326	15.4613	11	12	13	14	15	16	17	18	71	#
327	15.4613	12	13	14	15	16	17	18	19	71	#
328	15.4613	13	14	15	16	17	18	19	20	71	#
329	15.4613	14	15	16	17	18	19	20	21	71	#
330	15.4613	15	16	17	18	19	20	21	22	71	#
331	15.4613	16	17	18	19	20	21	22	23	71	#
332	15.4613	17	18	19	20	21	22	23	24	71	#
333	15.4613	18	19	20	21	22	23	24	25	71	#
334	15.4613	19	20	21	22	23	24	25	26	71	#
335	15.4613	20	21	22	23	24	25	26	27	71	#
336	15.4613	21	22	23	24	25	26	27	28	71	#
337	15.4613	22	23	24	25	26	27	28	29	71	#
338	15.4613	23	24	25	26	27	28	29	30	71	#
339	15.4613	24	25	26	27	28	29	30	31	71	#
340	15.4613	25	26	27	28	29	30	31	32	71	#
341	15.4613	26	27	28	29	30	31	32	33	71	#
342	15.4613	27	28	29	30	31	32	33	34	71	#
343	15.4613	28	29	30	31	32	33	34	35	71	#
344	15.4613	29	30	31	32	33	34	35	36	71	#
345	15.4613	30	31	32	33	34	35	36	37	71	#
346	15.4613	31	32	33	34	35	36	37	38	71	#
347	15.4613	32	33	34	35	36	37	38	39	71	#
348	15.4613	33	34	35	36	37	38	39	40	71	#
349	15.4613	34	35	36	37	38	39	40	41	71	#
350	15.4613	35	36	37	38	39	40	41	42	71	#
351	15.4613	36	37	38	39	40	41	42	43	71	#
352	15.4613	37	38	39	40	41	42	43	44	71	#
353	15.4613	38	39	40	41	42	43	44	45	71	#
354	15.4613	39	40	41	42	43	44	45	46	71	#
355	15.4613	40	41	42	43	44	45	46	47	71	#
356	15.4613	41	42	43	44	45	46	47	48	71	#
357	15.4613	42	43	44	45	46	47	48	49	71	#
358	15.4613	43	44	45	46	47	48	49	50	71	#
359	15.4613	44	45	46	47	48	49	50	51	71	#
360	15.4613	45	46	47	48	49	50	51	52	71	#
361	15.4613	46	47	48	49	50	51	52	53	71	#
362	15.4613	47	48	49	50	51	52	53	54	71	#
363	15.4613	48	49	50	51	52	53	54	55	71	#
364	15.4613	49	50	51	52	53	54	55	56	71	#
365	15.4613	50	51	52	53	54	55	56	57	71	#
366	15.4613	51	52	53	54	55	56	57	58	71	#
367	15.4613	52	53	54	55	56	57	58	59	71	#
368	15.4613	53	54	55	56	57	58	59	60	71	#
369	15.4613	54	55	56	57	58	59	60	61	71	#
370	14.9705	55	56	57	58	59	60	61	62	71	#
371	14.9705	56	57	58	59	60	61	62	63	71	#
372	21.8526	0	1	2	3	4	5	6	7	8	9	72	#
373	21.8526	1	2	3	4	5	6	7	8	9	10	72	#
374	21.8526	2	3	4	5	6	7	8	9	10	11	72	#
375	21.8526	3	4	5	6	7	8	9	10	11	12	72	#
376	21.8526	4	5	6	7	8	9	10	11	12	13	72	#
377	21.8526	5	6	7	8	9	10	11	12	13	14	72	#
378	21.8526	6	7	8	9	10	11	12	13	14	15	72	#
379	21.8526	7	8	9	10	11	12	13	14	15	16	72	#
380	21.8526	8	9	10	11	12	13	14	15	16	17	72	#
381	21.8526	9	10	11	12	13	14	15	16	17	18	72	#
382	21.8526	10	11	12	13	14	15	16	17	18	19	72	#
383	21.8526	11	12	13	14	15	16	17	18	19	20	72	#
384	21.8526	12	13	14	15	16	17	18	19	20	21	72	#
385	21.8526	13	14	15	16	17	18	19	20	21	22	72	#
386	21.8526	14	15	16	17	18	19	20	21	22	23	72	#
387	21.8526	15	16	17	18	19	20	21	22	23	24	72	#
388	21.8526	16	17	18	19	20	21	22	23	24	25	72	#
389	21.8526	17	18	19	20	21	22	23	24	25	26	72	#
390	21.8526	18	19	20	21	22	23	24	25	26	27	72	#
391	21.8526	19	20	21	22	23	24	25	26	27	28	72	#
392	21.8526	20	21	22	23	24	25	26	27	28	29	72	#
393	21.8526	21	22	23	24	25	26	27	28	29	30	72	#
394	21.8526	22	23	24	25	26	27	28	29	30	31	72	#
395	21.8526	23	24	25	26	27	28	29	30	31	32	72	#
396	21.8526	24	25	26	27	28	29	30	31	32	33	72	#
397	21.8526	25	26	27	28	29	30	31	32	33	34	72	#
398	21.8526	26	27	28	29	30	31	32	33	34	35	72	#
399	21.8526	27	28	29	30	31	32	33	34	35	36	72	#
400	21.8526	28	29	30	31	32	33	34	35	36	37	72	#
401	21.8526	29	30	31	32	33	34	35	36	37	38	72	#
402	21.8526	30	31	32	33	34	35	36	37	38	39	72	#
403	21.8526	31	32	33	34	35	36	37	38	39	40	72	#
404	7.06571	0	1	2	3	4	73	#
405	7.06571	1	2	3	4	5	73	#
406	7.06571	2	3	4	5	6	73	#
407	7.06571	3	4	5	6	7	73	#
408	7.06571	4	5	6	7	8	73	#
409	7.06571	5	6	7	8	9	73	#
410	7.06571	6	7	8	9	10	73	#
411	7.06571	7	8	9	10	11	73	#
412	7.06571	8	9	10	11	12	73	#
413	7.06571	9	10	11	12	13	73	#
414	7.06571	10	11	12	13	14	73	#
415	7.06571	11	12	13	14	15	73	#
416	7.06571	12	13	14	15	16	73	#
417	7.06571	13	14	15	16	17	73	#
418	7.06571	14	15	16	17	18	73	#
419	7.06571	15	16	17	18	19	73	#
420	7.06571	16	17	18	19	20	73	#
421	7.06571	17	18	19	20	21	73	#
422	7.06571	18	19	20	21	22	73	#
423	7.06571	19	20	21	22	23	73	#
424	7.06571	20	21	22	23	24	73	#
425	7.06571	21	22	23	24	25	73	#
426	7.06571	22	23	24	25	26	73	#
427	7.06571	23	24	25	26	27	73	#
428	7.06571	24	25	26	27	28	73	#
429	7.06571	25	26	27	28	29	73	#
430	7.06571	26	27	28	29	30	73	#
431	7.06571	27	28	29	30	31	73	#
432	7.06571	28	29	30	31	32	73	#
433	7.06571	29	30	31	32	33	73	#
434	7.06571	30	31	32	33	34	73	#
435	7.06571	31	32	33	34	35	73	#
436	7.06571	32	33	34	35	36	73	#
437	7.06571	33	34	35	36	37	73	#
438	7.06571	34	35	36	37	38	73	#
439	7.06571	35	36	37	38	39	73	#
440	7.06571	36	37	38	39	40	73	#
441	7.06571	37	38	39	40	41	73	#
442	7.06571	38	39	40	41	42	73	#
443	7.06571	39	40	41	42	43	73	#
444	7.06571	40	41	42	43	44	73	#
445	7.06571	41	42	43	44	45	73	#
446	7.06571	42	43	44	45	46	73	#
447	7.06571	43	44	45	46	47	73	#
448	2.39765	0	1	74	#
449	2.39765	1	2	74	#
450	2.39765	2	3	74	#
451	2.39765	3	4	74	#
452	2.39765	4	5	74	#
453	2.39765	5	6	74	#
454	2.39765	6	7	74	#
455	2.39765	7	8	74	#
456	2.39765	8	9	74	#
457	2.39765	9	10	74	#
458	2.39765	10	11	74	#
459	2.39765	11	12	74	#
460	2.39765	12	13	74	#
461	2.39765	13	14	74	#
462	2.39765	14	15	74	#
463	2.39765	15	16	74	#
464	2.39765	16	17	74	#
465	2.39765	17	18	74	#
466	2.39765	18	19	74	#
467	2.39765	19	20	74	#
468	2.39765	20	21	74	#
469	2.39765	21	22	74	#
470	2.39765	22	23	74	#
471	2.39765	23	24	74	#
472	2.39765	24	25	74	#
473	2.39765	25	26	74	#
474	2.39765	26	27	74	#
475	2.39765	27	28	74	#
476	2.39765	28	29	74	#
477	2.39765	29	30	74	#
478	2.39765	30	31	74	#
479	2.39765	31	32	74	#
480	2.39765	32	33	74	#
481	2.39765	33	34	74	#
482	2.39765	34	35	74	#
483	2.39765	35	36	74	#
484	2.39765	36	37	74	#
485	2.39765	37	38	74	#
486	2.39765	38	39	74	#
487	2.39765	39	40	74	#
488	2.39765	40	41	74	#
489	2.39765	41	42	74	#
490	2.39765	42	43	74	#
491	2.39765	43	44	74	#
492	2.39765	44	45	74	#
493	2.39765	45	46	74	#
494	2.39765	46	47	74	#
495	2.39765	47	48	74	#
496	2.39765	48	49	74	#
497	2.39765	49	50	74	#
498	2.39765	50	51	74	#
499	2.39765	51	52	74	#
500	2.39765	52	53	74	#
501	2.39765	53	54	74	#
502	2.39765	54	55	74	#
503	2.39765	55	56	74	#
504	2.39765	56	57	74	#
505	2.39765	57	58	74	#
506	3.31275	0	1	2	75	#
507	3.31275	1	2	3	75	#
508	3.31275	2	3	4	75	#
509	3.31275	3	4	5	75	#
510	3.31275	4	5	6	75	#
511	0.641178	5	6	7	75	#
512	0.641178	6	7	8	75	#
513	0.641178	7	8	9	75	#
514	0.641178	8	9	10	75	#
515	0.641178	9	10	11	75	#
516	0.641178	10	11	12	75	#
517	0.641178	11	12	13	75	#
518	0.641178	12	13	14	75	#
519	0.641178	13	14	15	75	#
520	0.641178	14	15	16	75	#
521	0.641178	15	16	17	75	#
522	0.641178	16	17	18	75	#
523	0.641178	17	18	19	75	#
524	0.641178	18	19	20	75	#
525	0.641178	19	20	21	75	#
526	0.641178	20	21	22	75	#
527	0.641178	21	22	23	75	#
528	0.641178	22	23	24	75	#
529	0.641178	23	24	25	75	#
530	0.641178	24	25	26	75	#
531	0.641178	25	26	27	75	#
532	0.641178	26	27	28	75	#
533	0.641178	27	28	29	75	#
534	0.641178	28	29	30	75	#
535	0.641178	29	30	31	75	#
536	14.4983	0	1	2	3	4	5	6	7	76	#
537	14.4983	1	2	3	4	5	6	7	8	76	#
538	14.4983	2	3	4	5	6	7	8	9	76	#
539	14.4983	3	4	5	6	7	8	9	10	76	#
540	14.4983	4	5	6	7	8	9	10	11	76	#
541	14.4983	5	6	7	8	9	10	11	12	76	#
542	8.69898	6	7	8	9	10	11	12	13	76	#
543	8.69898	7	8	9	10	11	12	13	14	76	#
544	8.69898	8	9	10	11	12	13	14	15	76	#
545	8.69898	9	10	11	12	13	14	15	16	76	#
546	8.69898	10	11	12	13	14	15	16	17	76	#
547	8.69898	11	12	13	14	15	16	17	18	76	#
548	8.69898	12	13	14	15	16	17	18	19	76	#
549	8.69898	13	14	15	16	17	18	19	20	76	#
550	3.70169	14	15	16	17	18	19	20	21	76	#
551	3.70169	15	16	17	18	19	20	21	22	76	#
552	3.70169	16	17	18	19	20	21	22	23	76	#
553	3.70169	17	18	19	20	21	22	23	24	76	#
554	3.70169	18	19	20	21	22	23	24	25	76	#
555	3.70169	19	20	21	22	23	24	25	26	76	#
556	3.70169	20	21	22	23	24	25	26	27	76	#
557	3.70169	21	22	23	24	25	26	27	28	76	#
558	3.70169	22	23	24	25	26	27	28	29	76	#
559	3.70169	23	24	25	26	27	28	29	30	76	#
560	3.70169	24	25	26	27	28	29	30	31	76	#
561	3.70169	25	26	27	28	29	30	31	32	76	#
562	3.70169	26	27	28	29	30	31	32	33	76	#
563	3.70169	27	28	29	30	31	32	33	34	76	#
564	3.70169	28	29	30	31	32	33	34	35	76	#
565	3.70169	29	30	31	32	33	34	35	36	76	#
566	3.70169	30	31	32	33	34	35	36	37	76	#
567	3.70169	31	32	33	34	35	36	37	38	76	#
568	3.70169	32	33	34	35	36	37	38	39	76	#
569	3.70169	33	34	35	36	37	38	39	40	76	#
570	3.70169	34	35	36	37	38	39	40	41	76	#
571	3.70169	35	36	37	38	39	40	41	42	76	#
572	3.70169	36	37	38	39	40	41	42	43	76	#
573	3.70169	37	38	39	40	41	42	43	44	76	#
574	3.70169	38	39	40	41	42	43	44	45	76	#
575	3.70169	39	40	41	42	43	44	45	46	76	#
576	3.70169	40	41	42	43	44	45	46	47	76	#
577	3.47959	41	42	43	44	45	46	47	48	76	#
578	3.47959	42	43	44	45	46	47	48	49	76	#
579	3.47959	43	44	45	46	47	48	49	50	76	#
580	3.16326	44	45	46	47	48	49	50	51	76	#
581	3.16326	45	46	47	48	49	50	51	52	76	#
582	3.16326	46	47	48	49	50	51	52	53	76	#
583	3.16326	47	48	49	50	51	52	53	54	76	#
584	3.16326	48	49	50	51	52	53	54	55	76	#
585	6.34794	0	1	2	3	4	5	6	77	#
586	6.34794	1	2	3	4	5	6	7	77	#
587	6.34794	2	3	4	5	6	7	8	77	#
588	6.34794	3	4	5	6	7	8	9	77	#
589	6.34794	4	5	6	7	8	9	10	77	#
590	6.34794	5	6	7	8	9	10	11	77	#
591	6.34794	6	7	8	9	10	11	12	77	#
592	6.34794	7	8	9	10	11	12	13	77	#
593	6.34794	8	9	10	11	12	13	14	77	#
594	6.34794	9	10	11	12	13	14	15	77	#
595	6.34794	10	11	12	13	14	15	16	77	#
596	6.34794	11	12	13	14	15	16	17	77	#
597	6.34794	12	13	14	15	16	17	18	77	#
598	6.34794	13	14	15	16	17	18	19	77	#
599	6.34794	14	15	16	17	18	19	20	77	#
600	6.34794	15	16	17	18	19	20	21	77	#
601	6.34794	16	17	18	19	20	21	22	77	#
602	6.34794	17	18	19	20	21	22	23	77	#
603	6.34794	18	19	20	21	22	23	24	77	#
604	6.34794	19	20	21	22	23	24	25	77	#
605	6.34794	20	21	22	23	24	25	26	77	#
606	6.34794	21	22	23	24	25	26	27	77	#
607	6.34794	22	23	24	25	26	27	28	77	#
608	6.34794	23	24	25	26	27	28	29	77	#
609	6.34794	24	25	26	27	28	29	30	77	#
610	6.34794	25	26	27	28	29	30	31	77	#
611	5.17858	26	27	28	29	30	31	32	77	#
612	5.17858	27	28	29	30	31	32	33	77	#
613	5.17858	28	29	30	31	32	33	34	77	#
614	5.17858	29	30	31	32	33	34	35	77	#
615	5.17858	30	31	32	33	34	35	36	77	#
616	5.17858	31	32	33	34	35	36	37	77	#
617	5.17858	32	33	34	35	36	37	38	77	#
618	3.78435	33	34	35	36	37	38	39	77	#
619	3.78435	34	35	36	37	38	39	40	77	#
620	3.78435	35	36	37	38	39	40	41	77	#
621	3.78435	36	37	38	39	40	41	42	77	#
622	3.78435	37	38	39	40	41	42	43	77	#
623	3.78435	38	39	40	41	42	43	44	77	#
624	3.78435	39	40	41	42	43	44	45	77	#
625	3.78435	40	41	42	43	44	45	46	77	#
626	3.78435	41	42	43	44	45	46	47	77	#
627	3.78435	42	43	44	45	46	47	48	77	#
628	3.78435	43	44	45	46	47	48	49	77	#
629	3.78435	44	45	46	47	48	49	50	77	#
630	3.78435	45	46	47	48	49	50	51	77	#
631	3.78435	46	47	48	49	50	51	52	77	#
632	3.71294	47	48	49	50	51	52	53	77	#
633	9.14747	0	1	2	3	4	78	#
634	9.14747	1	2	3	4	5	78	#
635	9.14747	2	3	4	5	6	78	#
636	9.14747	3	4	5	6	7	78	#
637	9.14747	4	5	6	7	8	78	#
638	9.14747	5	6	7	8	9	78	#
639	9.14747	6	7	8	9	10	78	#
640	9.14747	7	8	9	10	11	78	#
641	9.14747	8	9	10	11	12	78	#
642	9.14747	9	10	11	12	13	78	#
643	9.14747	10	11	12	13	14	78	#
644	9.14747	11	12	13	14	15	78	#
645	9.14747	12	13	14	15	16	78	#
646	9.14747	13	14	15	16	17	78	#
647	9.14747	14	15	16	17	18	78	#
648	9.14747	15	16	17	18	19	78	#
649	9.14747	16	17	18	19	20	78	#
650	9.14747	17	18	19	20	21	78	#
651	9.14747	18	19	20	21	22	78	#
652	9.14747	19	20	21	22	23	78	#
653	9.14747	20	21	22	23	24	78	#
654	9.14747	21	22	23	24	25	78	#
655	9.14747	22	23	24	25	26	78	#
656	9.14747	23	24	25	26	27	78	#
657	9.14747	24	25	26	27	28	78	#
658	9.14747	25	26	27	28	29	78	#
659	9.14747	26	27	28	29	30	78	#
660	9.14747	27	28	29	30	31	78	#
661	0.758366	0	79	#
662	0.758366	1	79	#
663	0.758366	2	79	#
664	0.758366	3	79	#
665	0.758366	4	79	#
666	0.758366	5	79	#
667	0.758366	6	79	#
668	0.758366	7	79	#
669	0.758366	8	79	#
670	0.758366	9	79	#
671	0.758366	10	79	#
672	0.758366	11	79	#
673	0.758366	12	79	#
674	0.758366	13	79	#
675	0.758366	14	79	#
676	0.758366	15	79	#
677	0.758366	16	79	#
678	0.758366	17	79	#
679	0.758366	18	79	#
680	0.758366	19	79	#
681	0.758366	20	79	#
682	0.758366	21	79	#
683	0.758366	22	79	#
684	0.758366	23	79	#
685	0.758366	24	79	#
686	0.758366	25	79	#
687	0.758366	26	79	#
688	0.758366	27	79	#
689	0.758366	28	79	#
690	0.758366	29	79	#
691	0.758366	30	79	#
692	0.758366	31	79	#
693	0.758366	32	79	#
694	0.758366	33	79	#
695	0.758366	34	79	#
696	0.758366	35	79	#
697	0.758366	36	79	#
698	0.758366	37	79	#
699	0.758366	38	79	#
700	0.758366	39	79	#
701	0.758366	40	79	#
702	0.758366	41	79	#
703	0.758366	42	79	#
704	0.758366	43	79	#
705	0.758366	44	79	#
706	0.758366	45	79	#
707	0.758366	46	79	#
708	0.758366	47	79	#
709	0.758366	48	79	#
710	0.758366	49	79	#
711	0.758366	50	79	#
712	0.758366	51	79	#
713	0.758366	52	79	#
714	0.758366	53	79	#
715	0.758366	54	79	#
716	0.758366	55	79	#
717	0.758366	56	79	#
718	0.758366	57	79	#
719	0.758366	58	79	#
720	0.733087	59	79	#
721	0.733087	60	79	#
722	0.709439	61	79	#
723	0.709439	62	79	#
724	0.698178	63	79	#
725	20.2653	0	1	2	3	4	5	6	7	8	80	#
726	20.2653	1	2	3	4	5	6	7	8	9	80	#
727	20.2653	2	3	4	5	6	7	8	9	10	80	#
728	20.2653	3	4	5	6	7	8	9	10	11	80	#
729	20.2653	4	5	6	7	8	9	10	11	12	80	#
730	20.2653	5	6	7	8	9	10	11	12	13	80	#
731	20.2653	6	7	8	9	10	11	12	13	14	80	#
732	20.2653	7	8	9	10	11	12	13	14	15	80	#
733	20.2653	8	9	10	11	12	13	14	15	16	80	#
734	20.2653	9	10	11	12	13	14	15	16	17	80	#
735	20.2653	10	11	12	13	14	15	16	17	18	80	#
736	20.2653	11	12	13	14	15	16	17	18	19	80	#
737	20.2653	12	13	14	15	16	17	18	19	20	80	#
738	20.2653	13	14	15	16	17	18	19	20	21	80	#
739	7.66241	0	1	2	3	4	5	81	#
740	7.66241	1	2	3	4	5	6	81	#
741	7.66241	2	3	4	5	6	7	81	#
742	7.66241	3	4	5	6	7	8	81	#
743	7.66241	4	5	6	7	8	9	81	#
744	7.66241	5	6	7	8	9	10	81	#
745	7.66241	6	7	8	9	10	11	81	#
746	7.66241	7	8	9	10	11	12	81	#
747	7.66241	8	9	10	11	12	13	81	#
748	7.66241	9	10	11	12	13	14	81	#
749	7.66241	10	11	12	13	14	15	81	#
750	7.66241	11	12	13	14	15	16	81	#
751	7.66241	12	13	14	15	16	17	81	#
752	7.66241	13	14	15	16	17	18	81	#
753	7.66241	14	15	16	17	18	19	81	#
754	7.66241	15	16	17	18	19	20	81	#
755	7.66241	16	17	18	19	20	21	81	#
756	7.66241	17	18	19	20	21	22	81	#
757	7.66241	18	19	20	21	22	23	81	#
758	7.66241	19	20	21	22	23	24	81	#
759	7.66241	20	21	22	23	24	25	81	#
760	7.66241	21	22	23	24	25	26	81	#
761	7.66241	22	23	24	25	26	27	81	#
762	7.66241	23	24	25	26	27	28	81	#
763	7.66241	24	25	26	27	28	29	81	#
764	7.66241	25	26	27	28	29	30	81	#
765	7.66241	26	27	28	29	30	31	81	#
766	7.66241	27	28	29	30	31	32	81	#
767	7.66241	28	29	30	31	32	33	81	#
768	7.66241	29	30	31	32	33	34	81	#
769	7.66241	30	31	32	33	34	35	81	#
770	7.66241	31	32	33	34	35	36	81	#
771	4.44914	32	33	34	35	36	37	81	#
772	4.44914	33	34	35	36	37	38	81	#
773	4.44914	34	35	36	37	38	39	81	#
774	4.44914	35	36	37	38	39	40	81	#
775	4.44914	36	37	38	39	40	41	81	#
776	4.44914	37	38	39	40	41	42	81	#
777	4.44914	38	39	40	41	42	43	81	#
778	4.44914	39	40	41	42	43	44	81	#
779	4.44914	40	41	42	43	44	45	81	#
780	4.44914	41	42	43	44	45	46	81	#
781	4.44914	42	43	44	45	46	47	81	#
782	4.44914	43	44	45	46	47	48	81	#
783	4.44914	44	45	46	47	48	49	81	#
784	4.44914	45	46	47	48	49	50	81	#
785	4.44914	46	47	48	49	50	51	81	#
786	4.44914	47	48	49	50	51	52	81	#
787	4.44914	48	49	50	51	52	53	81	#
788	4.44914	49	50	51	52	53	54	81	#
789	4.44914	50	51	52	53	54	55	81	#
790	4.44914	51	52	53	54	55	56	81	#
791	4.44914	52	53	54	55	56	57	81	#
792	4.44914	53	54	55	56	57	58	81	#
793	4.44914	54	55	56	57	58	59	81	#
794	4.44914	55	56	57	58	59	60	81	#
795	4.44914	56	57	58	59	60	61	81	#
796	4.44914	57	58	59	60	61	62	81	#
797	4.37852	58	59	60	61	62	63	81	#
798	3.55188	0	1	2	82	#
799	3.55188	1	2	3	82	#
800	3.55188	2	3	4	82	#
801	3.55188	3	4	5	82	#
802	3.55188	4	5	6	82	#
803	3.55188	5	6	7	82	#
804	3.55188	6	7	8	82	#
805	3.55188	7	8	9	82	#
806	3.55188	8	9	10	82	#
807	3.55188	9	10	11	82	#
808	3.55188	10	11	12	82	#
809	3.55188	11	12	13	82	#
810	3.55188	12	13	14	82	#
811	3.55188	13	14	15	82	#
812	3.55188	14	15	16	82	#
813	3.55188	15	16	17	82	#
814	3.55188	16	17	18	82	#
815	3.55188	17	18	19	82	#
816	3.55188	18	19	20	82	#
817	3.55188	19	20	21	82	#
818	3.55188	20	21	22	82	#
819	3.55188	21	22	23	82	#
820	3.55188	22	23	24	82	#
821	3.55188	23	24	25	82	#
822	3.55188	24	25	26	82	#
823	3.55188	25	26	27	82	#
824	3.55188	26	27	28	82	#
825	3.55188	27	28	29	82	#
826	2.71064	28	29	30	82	#
827	2.71064	29	30	31	82	#
828	2.71064	30	31	32	82	#
829	2.71064	31	32	33	82	#
830	2.71064	32	33	34	82	#
831	2.71064	33	34	35	82	#
832	2.71064	34	35	36	82	#
833	2.71064	35	36	37	82	#
834	2.71064	36	37	38	82	#
835	2.28899	37	38	39	82	#
836	2.28899	38	39	40	82	#
837	2.28899	39	40	41	82	#
838	2.28899	40	41	42	82	#
839	2.28899	41	42	43	82	#
840	2.28899	42	43	44	82	#
841	2.28899	43	44	45	82	#
842	2.06009	44	45	46	82	#
843	2.06009	45	46	47	82	#
844	2.06009	46	47	48	82	#
845	2.06009	47	48	49	82	#
846	2.06009	48	49	50	82	#
847	1.74584	49	50	51	82	#
848	1.74584	50	51	52	82	#
849	1.74584	51	52	53	82	#
850	1.74584	52	53	54	82	#
851	1.74584	53	54	55	82	#
852	1.74584	54	55	56	82	#
853	1.74584	55	56	57	82	#
854	1.74584	56	57	58	82	#
855	1.74584	57	58	59	82	#
856	1.71674	58	59	60	82	#
857	7.53132	0	1	2	3	4	5	6	83	#
858	7.53132	1	2	3	4	5	6	7	83	#
859	7.53132	2	3	4	5	6	7	8	83	#
860	7.53132	3	4	5	6	7	8	9	83	#
861	7.53132	4	5	6	7	8	9	10	83	#
862	8.68244	0	1	2	3	4	84	#
863	3.15725	1	2	3	4	5	84	#
864	3.15725	2	3	4	5	6	84	#
865	3.15725	3	4	5	6	7	84	#
866	3.15725	4	5	6	7	8	84	#
867	3.15725	5	6	7	8	9	84	#
868	3.15725	6	7	8	9	10	84	#
869	3.15725	7	8	9	10	11	84	#
870	11.2191	0	1	2	3	4	5	6	85	#
871	11.2191	1	2	3	4	5	6	7	85	#
872	11.2191	2	3	4	5	6	7	8	85	#
873	11.2191	3	4	5	6	7	8	9	85	#
874	11.2191	4	5	6	7	8	9	10	85	#
875	11.2191	5	6	7	8	9	10	11	85	#
876	11.2191	6	7	8	9	10	11	12	85	#
877	11.2191	7	8	9	10	11	12	13	85	#
878	11.2191	8	9	10	11	12	13	14	85	#
879	11.2191	9	10	11	12	13	14	15	85	#
880	11.2191	10	11	12	13	14	15	16	85	#
881	11.2191	11	12	13	14	15	16	17	85	#
882	11.2191	12	13	14	15	16	17	18	85	#
883	11.2191	13	14	15	16	17	18	19	85	#
884	11.2191	14	15	16	17	18	19	20	85	#
885	11.2191	15	16	17	18	19	20	21	85	#
886	6.20004	16	17	18	19	20	21	22	85	#
887	6.20004	17	18	19	20	21	22	23	85	#
888	6.20004	18	19	20	21	22	23	24	85	#
889	6.20004	19	20	21	22	23	24	25	85	#
890	6.20004	20	21	22	23	24	25	26	85	#
891	6.20004	21	22	23	24	25	26	27	85	#
892	6.20004	22	23	24	25	26	27	28	85	#
893	6.20004	23	24	25	26	27	28	29	85	#
894	6.20004	24	25	26	27	28	29	30	85	#
895	6.20004	25	26	27	28	29	30	31	85	#
896	6.20004	26	27	28	29	30	31	32	85	#
897	6.20004	27	28	29	30	31	32	33	85	#
898	6.20004	28	29	30	31	32	33	34	85	#
899	6.20004	29	30	31	32	33	34	35	85	#
900	6.20004	30	31	32	33	34	35	36	85	#
901	6.20004	31	32	33	34	35	36	37	85	#
902	6.20004	32	33	34	35	36	37	38	85	#
903	7.75203	0	1	2	3	4	5	86	#
904	7.75203	1	2	3	4	5	6	86	#
905	7.75203	2	3	4	5	6	7	86	#
906	7.75203	3	4	5	6	7	8	86	#
907	7.75203	4	5	6	7	8	9	86	#
908	7.75203	5	6	7	8	9	10	86	#
909	14.0291	0	1	2	3	4	5	6	7	8	9	87	#
910	14.0291	1	2	3	4	5	6	7	8	9	10	87	#
911	14.0291	2	3	4	5	6	7	8	9	10	11	87	#
912	14.0291	3	4	5	6	7	8	9	10	11	12	87	#
913	14.0291	4	5	6	7	8	9	10	11	12	13	87	#
914	14.0291	5	6	7	8	9	10	11	12	13	14	87	#
915	14.0291	6	7	8	9	10	11	12	13	14	15	87	#
916	3.69186	7	8	9	10	11	12	13	14	15	16	87	#
917	3.69186	8	9	10	11	12	13	14	15	16	17	87	#
918	3.69186	9	10	11	12	13	14	15	16	17	18	87	#
919	3.69186	10	11	12	13	14	15	16	17	18	19	87	#
920	3.69186	11	12	13	14	15	16	17	18	19	20	87	#
921	3.69186	12	13	14	15	16	17	18	19	20	21	87	#
922	3.69186	13	14	15	16	17	18	19	20	21	22	87	#
923	3.69186	14	15	16	17	18	19	20	21	22	23	87	#
924	3.69186	15	16	17	18	19	20	21	22	23	24	87	#
925	3.69186	16	17	18	19	20	21	22	23	24	25	87	#
926	3.69186	17	18	19	20	21	22	23	24	25	26	87	#
927	3.69186	18	19	20	21	22	23	24	25	26	27	87	#
928	3.69186	19	20	21	22	23	24	25	26	27	28	87	#
929	3.69186	20	21	22	23	24	25	26	27	28	29	87	#
930	3.69186	21	22	23	24	25	26	27	28	29	30	87	#
931	3.69186	22	23	24	25	26	27	28	29	30	31	87	#
932	3.69186	23	24	25	26	27	28	29	30	31	32	87	#
933	3.69186	24	25	26	27	28	29	30	31	32	33	87	#
934	3.69186	25	26	27	28	29	30	31	32	33	34	87	#
935	3.69186	26	27	28	29	30	31	32	33	34	35	87	#
936	3.69186	27	28	29	30	31	32	33	34	35	36	87	#
937	3.69186	28	29	30	31	32	33	34	35	36	37	87	#
938	3.69186	29	30	31	32	33	34	35	36	37	38	87	#
939	3.69186	30	31	32	33	34	35	36	37	38	39	87	#
940	3.69186	31	32	33	34	35	36	37	38	39	40	87	#
941	3.69186	32	33	34	35	36	37	38	39	40	41	87	#
942	3.69186	33	34	35	36	37	38	39	40	41	42	87	#
943	3.69186	34	35	36	37	38	39	40	41	42	43	87	#
944	3.69186	35	36	37	38	39	40	41	42	43	44	87	#
945	3.69186	36	37	38	39	40	41	42	43	44	45	87	#
946	3.69186	37	38	39	40	41	42	43	44	45	46	87	#
947	3.69186	38	39	40	41	42	43	44	45	46	47	87	#
948	3.69186	39	40	41	42	43	44	45	46	47	48	87	#
949	3.69186	40	41	42	43	44	45	46	47	48	49	87	#
950	3.69186	41	42	43	44	45	46	47	48	49	50	87	#
951	3.69186	42	43	44	45	46	47	48	49	50	51	87	#
952	3.69186	43	44	45	46	47	48	49	50	51	52	87	#
953	3.69186	44	45	46	47	48	49	50	51	52	53	87	#
954	3.69186	45	46	47	48	49	50	51	52	53	54	87	#
955	3.69186	46	47	48	49	50	51	52	53	54	55	87	#
956	3.69186	47	48	49	50	51	52	53	54	55	56	87	#
957	3.69186	48	49	50	51	52	53	54	55	56	57	87	#
958	3.39413	49	50	51	52	53	54	55	56	57	58	87	#
959	3.39413	50	51	52	53	54	55	56	57	58	59	87	#
960	3.39413	51	52	53	54	55	56	57	58	59	60	87	#
961	3.39413	52	53	54	55	56	57	58	59	60	61	87	#
962	3.39413	53	54	55	56	57	58	59	60	61	62	87	#
963	3.34025	54	55	56	57	58	59	60	61	62	63	87	#
964	7.18621	0	1	2	3	4	88	#
965	7.18621	1	2	3	4	5	88	#
966	7.18621	2	3	4	5	6	88	#
967	7.18621	3	4	5	6	7	88	#
968	7.18621	4	5	6	7	8	88	#
969	7.18621	5	6	7	8	9	88	#
970	7.18621	6	7	8	9	10	88	#
971	7.18621	7	8	9	10	11	88	#
972	7.18621	8	9	10	11	12	88	#
973	7.18621	9	10	11	12	13	88	#
974	7.18621	10	11	12	13	14	88	#
975	7.18621	11	12	13	14	15	88	#
976	7.18621	12	13	14	15	16	88	#
977	7.18621	13	14	15	16	17	88	#
978	2.30501	14	15	16	17	18	88	#
979	2.30501	15	16	17	18	19	88	#
980	2.30501	16	17	18	19	20	88	#
981	2.30501	17	18	19	20	21	88	#
982	2.30501	18	19	20	21	22	88	#
983	2.30501	19	20	21	22	23	88	#
984	2.30501	20	21	22	23	24	88	#
985	2.30501	21	22	23	24	25	88	#
986	2.30501	22	23	24	25	26	88	#
987	2.30501	23	24	25	26	27	88	#
988	2.30501	24	25	26	27	28	88	#
989	2.30501	25	26	27	28	29	88	#
990	2.30501	26	27	28	29	30	88	#
991	2.30501	27	28	29	30	31	88	#
992	2.30501	28	29	30	31	32	88	#
993	2.30501	29	30	31	32	33	88	#
994	2.30501	30	31	32	33	34	88	#
995	2.30501	31	32	33	34	35	88	#
996	2.30501	32	33	34	35	36	88	#
997	2.30501	33	34	35	36	37	88	#
998	2.30501	34	35	36	37	38	88	#
999	2.30501	35	36	37	38	39	88	#
1000	2.30501	36	37	38	39	40	88	#
1001	2.30501	37	38	39	40	41	88	#
1002	2.30501	38	39	40	41	42	88	#
1003	2.30501	39	40	41	42	43	88	#
1004	2.30501	40	41	42	43	44	88	#
1005	2.30501	41	42	43	44	45	88	#
1006	2.30501	42	43	44	45	46	88	#
1007	2.30501	43	44	45	46	47	88	#
1008	2.30501	44	45	46	47	48	88	#
1009	2.30501	45	46	47	48	49	88	#
1010	2.30501	46	47	48	49	50	88	#
1011	2.30501	47	48	49	50	51	88	#
1012	2.30501	48	49	50	51	52	88	#
1013	2.30501	49	50	51	52	53	88	#
1014	1.97041	50	51	52	53	54	88	#
1015	1.97041	51	52	53	54	55	88	#
1016	1.97041	52	53	54	55	56	88	#
1017	1.97041	53	54	55	56	57	88	#
1018	1.97041	54	55	56	57	58	88	#
1019	1.97041	55	56	57	58	59	88	#
1020	1.97041	56	57	58	59	60	88	#
1021	1.97041	57	58	59	60	61	88	#
1022	1.97041	58	59	60	61	62	88	#
