%% File generated by CATS v.2.1Wed Jun 22 10:37:56 2022

%% The CATS webpage is http://robotics.stanford.edu/CATS

%% PARAMETER SETTINGS:
% Goods: 64; Bids: 1000; Distribution: scheduling; Runs: 1; Seed: 1656573075
% Scheduling Distribution Parameters:
% max_length                = 10
% deviation                 = 0.500000
% prob_additional_deadline  = 0.700000
% additivity                = 0.200000



goods 64
bids 1027
dummy 20

0	10.4149	0	1	2	3	4	5	6	7	64	#
1	4.05024	1	2	3	4	5	6	7	8	64	#
2	4.05024	2	3	4	5	6	7	8	9	64	#
3	4.05024	3	4	5	6	7	8	9	10	64	#
4	4.05024	4	5	6	7	8	9	10	11	64	#
5	4.05024	5	6	7	8	9	10	11	12	64	#
6	4.05024	6	7	8	9	10	11	12	13	64	#
7	4.05024	7	8	9	10	11	12	13	14	64	#
8	4.05024	8	9	10	11	12	13	14	15	64	#
9	4.05024	9	10	11	12	13	14	15	16	64	#
10	4.05024	10	11	12	13	14	15	16	17	64	#
11	4.05024	11	12	13	14	15	16	17	18	64	#
12	1.32553	12	13	14	15	16	17	18	19	64	#
13	1.32553	13	14	15	16	17	18	19	20	64	#
14	1.32553	14	15	16	17	18	19	20	21	64	#
15	1.32553	15	16	17	18	19	20	21	22	64	#
16	1.32553	16	17	18	19	20	21	22	23	64	#
17	1.32553	17	18	19	20	21	22	23	24	64	#
18	1.32553	18	19	20	21	22	23	24	25	64	#
19	1.32553	19	20	21	22	23	24	25	26	64	#
20	1.32553	20	21	22	23	24	25	26	27	64	#
21	1.32553	21	22	23	24	25	26	27	28	64	#
22	1.32553	22	23	24	25	26	27	28	29	64	#
23	1.32553	23	24	25	26	27	28	29	30	64	#
24	1.32553	24	25	26	27	28	29	30	31	64	#
25	1.32553	25	26	27	28	29	30	31	32	64	#
26	1.32553	26	27	28	29	30	31	32	33	64	#
27	1.32553	27	28	29	30	31	32	33	34	64	#
28	1.32553	28	29	30	31	32	33	34	35	64	#
29	1.32553	29	30	31	32	33	34	35	36	64	#
30	1.32553	30	31	32	33	34	35	36	37	64	#
31	1.32553	31	32	33	34	35	36	37	38	64	#
32	1.32553	32	33	34	35	36	37	38	39	64	#
33	1.32553	33	34	35	36	37	38	39	40	64	#
34	1.32553	34	35	36	37	38	39	40	41	64	#
35	1.32553	35	36	37	38	39	40	41	42	64	#
36	1.32553	36	37	38	39	40	41	42	43	64	#
37	1.32553	37	38	39	40	41	42	43	44	64	#
38	1.32553	38	39	40	41	42	43	44	45	64	#
39	1.32553	39	40	41	42	43	44	45	46	64	#
40	1.32553	40	41	42	43	44	45	46	47	64	#
41	1.32553	41	42	43	44	45	46	47	48	64	#
42	1.32553	42	43	44	45	46	47	48	49	64	#
43	1.32553	43	44	45	46	47	48	49	50	64	#
44	1.32553	44	45	46	47	48	49	50	51	64	#
45	1.32553	45	46	47	48	49	50	51	52	64	#
46	1.32553	46	47	48	49	50	51	52	53	64	#
47	1.32553	47	48	49	50	51	52	53	54	64	#
48	1.32553	48	49	50	51	52	53	54	55	64	#
49	12.5823	0	1	2	3	4	5	65	#
50	12.5823	1	2	3	4	5	6	65	#
51	12.5823	2	3	4	5	6	7	65	#
52	12.5823	3	4	5	6	7	8	65	#
53	12.5823	4	5	6	7	8	9	65	#
54	12.5823	5	6	7	8	9	10	65	#
55	2.06266	6	7	8	9	10	11	65	#
56	2.06266	7	8	9	10	11	12	65	#
57	2.06266	8	9	10	11	12	13	65	#
58	2.06266	9	10	11	12	13	14	65	#
59	2.06266	10	11	12	13	14	15	65	#
60	2.06266	11	12	13	14	15	16	65	#
61	2.06266	12	13	14	15	16	17	65	#
62	2.06266	13	14	15	16	17	18	65	#
63	2.06266	14	15	16	17	18	19	65	#
64	2.06266	15	16	17	18	19	20	65	#
65	2.06266	16	17	18	19	20	21	65	#
66	2.06266	17	18	19	20	21	22	65	#
67	2.06266	18	19	20	21	22	23	65	#
68	2.06266	19	20	21	22	23	24	65	#
69	2.06266	20	21	22	23	24	25	65	#
70	2.06266	21	22	23	24	25	26	65	#
71	2.06266	22	23	24	25	26	27	65	#
72	2.06266	23	24	25	26	27	28	65	#
73	2.06266	24	25	26	27	28	29	65	#
74	2.06266	25	26	27	28	29	30	65	#
75	2.06266	26	27	28	29	30	31	65	#
76	2.06266	27	28	29	30	31	32	65	#
77	2.06266	28	29	30	31	32	33	65	#
78	2.06266	29	30	31	32	33	34	65	#
79	2.06266	30	31	32	33	34	35	65	#
80	2.06266	31	32	33	34	35	36	65	#
81	2.06266	32	33	34	35	36	37	65	#
82	2.06266	33	34	35	36	37	38	65	#
83	2.06266	34	35	36	37	38	39	65	#
84	2.06266	35	36	37	38	39	40	65	#
85	2.06266	36	37	38	39	40	41	65	#
86	2.06266	37	38	39	40	41	42	65	#
87	2.06266	38	39	40	41	42	43	65	#
88	2.06266	39	40	41	42	43	44	65	#
89	2.06266	40	41	42	43	44	45	65	#
90	2.06266	41	42	43	44	45	46	65	#
91	2.06266	42	43	44	45	46	47	65	#
92	2.06266	43	44	45	46	47	48	65	#
93	2.06266	44	45	46	47	48	49	65	#
94	2.06266	45	46	47	48	49	50	65	#
95	2.06266	46	47	48	49	50	51	65	#
96	2.06266	47	48	49	50	51	52	65	#
97	2.06266	48	49	50	51	52	53	65	#
98	2.06266	49	50	51	52	53	54	65	#
99	2.06266	50	51	52	53	54	55	65	#
100	2.06266	51	52	53	54	55	56	65	#
101	2.06266	52	53	54	55	56	57	65	#
102	2.06266	53	54	55	56	57	58	65	#
103	2.06266	54	55	56	57	58	59	65	#
104	2.06266	55	56	57	58	59	60	65	#
105	2.06266	56	57	58	59	60	61	65	#
106	1.99718	57	58	59	60	61	62	65	#
107	1.99718	58	59	60	61	62	63	65	#
108	5.51473	0	1	2	3	66	#
109	5.51473	1	2	3	4	66	#
110	5.51473	2	3	4	5	66	#
111	5.51473	3	4	5	6	66	#
112	5.51473	4	5	6	7	66	#
113	5.51473	5	6	7	8	66	#
114	5.51473	6	7	8	9	66	#
115	5.51473	7	8	9	10	66	#
116	5.51473	8	9	10	11	66	#
117	5.51473	9	10	11	12	66	#
118	5.51473	10	11	12	13	66	#
119	5.51473	11	12	13	14	66	#
120	5.51473	12	13	14	15	66	#
121	5.51473	13	14	15	16	66	#
122	5.51473	14	15	16	17	66	#
123	5.51473	15	16	17	18	66	#
124	5.51473	16	17	18	19	66	#
125	5.51473	17	18	19	20	66	#
126	5.51473	18	19	20	21	66	#
127	5.51473	19	20	21	22	66	#
128	5.51473	20	21	22	23	66	#
129	2.75737	21	22	23	24	66	#
130	2.75737	22	23	24	25	66	#
131	2.75737	23	24	25	26	66	#
132	2.75737	24	25	26	27	66	#
133	2.75737	25	26	27	28	66	#
134	2.75737	26	27	28	29	66	#
135	2.75737	27	28	29	30	66	#
136	2.75737	28	29	30	31	66	#
137	2.75737	29	30	31	32	66	#
138	2.75737	30	31	32	33	66	#
139	2.75737	31	32	33	34	66	#
140	2.75737	32	33	34	35	66	#
141	2.75737	33	34	35	36	66	#
142	2.75737	34	35	36	37	66	#
143	2.75737	35	36	37	38	66	#
144	2.75737	36	37	38	39	66	#
145	2.75737	37	38	39	40	66	#
146	2.75737	38	39	40	41	66	#
147	2.75737	39	40	41	42	66	#
148	2.75737	40	41	42	43	66	#
149	2.75737	41	42	43	44	66	#
150	2.75737	42	43	44	45	66	#
151	2.75737	43	44	45	46	66	#
152	2.14981	44	45	46	47	66	#
153	2.14981	45	46	47	48	66	#
154	2.14981	46	47	48	49	66	#
155	2.14981	47	48	49	50	66	#
156	2.14981	48	49	50	51	66	#
157	2.14981	49	50	51	52	66	#
158	2.14981	50	51	52	53	66	#
159	2.14981	51	52	53	54	66	#
160	2.14981	52	53	54	55	66	#
161	2.14981	53	54	55	56	66	#
162	2.14981	54	55	56	57	66	#
163	2.14981	55	56	57	58	66	#
164	2.14981	56	57	58	59	66	#
165	2.01332	57	58	59	60	66	#
166	2.01332	58	59	60	61	66	#
167	2.01332	59	60	61	62	66	#
168	2.01332	60	61	62	63	66	#
169	8.4882	0	1	2	3	4	5	6	7	67	#
170	8.4882	1	2	3	4	5	6	7	8	67	#
171	8.4882	2	3	4	5	6	7	8	9	67	#
172	8.4882	3	4	5	6	7	8	9	10	67	#
173	8.4882	4	5	6	7	8	9	10	11	67	#
174	8.4882	5	6	7	8	9	10	11	12	67	#
175	8.4882	6	7	8	9	10	11	12	13	67	#
176	8.4882	7	8	9	10	11	12	13	14	67	#
177	8.4882	8	9	10	11	12	13	14	15	67	#
178	8.4882	9	10	11	12	13	14	15	16	67	#
179	8.4882	10	11	12	13	14	15	16	17	67	#
180	8.4882	11	12	13	14	15	16	17	18	67	#
181	8.4882	12	13	14	15	16	17	18	19	67	#
182	8.4882	13	14	15	16	17	18	19	20	67	#
183	8.4882	14	15	16	17	18	19	20	21	67	#
184	8.4882	15	16	17	18	19	20	21	22	67	#
185	8.4882	16	17	18	19	20	21	22	23	67	#
186	8.4882	17	18	19	20	21	22	23	24	67	#
187	8.4882	18	19	20	21	22	23	24	25	67	#
188	8.4882	19	20	21	22	23	24	25	26	67	#
189	8.4882	20	21	22	23	24	25	26	27	67	#
190	8.4882	21	22	23	24	25	26	27	28	67	#
191	8.4882	22	23	24	25	26	27	28	29	67	#
192	8.4882	23	24	25	26	27	28	29	30	67	#
193	8.4882	24	25	26	27	28	29	30	31	67	#
194	8.4882	25	26	27	28	29	30	31	32	67	#
195	8.4882	26	27	28	29	30	31	32	33	67	#
196	8.4882	27	28	29	30	31	32	33	34	67	#
197	6.27388	28	29	30	31	32	33	34	35	67	#
198	6.27388	29	30	31	32	33	34	35	36	67	#
199	6.27388	30	31	32	33	34	35	36	37	67	#
200	6.27388	31	32	33	34	35	36	37	38	67	#
201	6.27388	32	33	34	35	36	37	38	39	67	#
202	6.27388	33	34	35	36	37	38	39	40	67	#
203	6.27388	34	35	36	37	38	39	40	41	67	#
204	6.27388	35	36	37	38	39	40	41	42	67	#
205	6.27388	36	37	38	39	40	41	42	43	67	#
206	6.27388	37	38	39	40	41	42	43	44	67	#
207	6.27388	38	39	40	41	42	43	44	45	67	#
208	6.27388	39	40	41	42	43	44	45	46	67	#
209	13.4096	0	1	2	3	4	5	6	7	68	#
210	13.4096	1	2	3	4	5	6	7	8	68	#
211	13.4096	2	3	4	5	6	7	8	9	68	#
212	13.4096	3	4	5	6	7	8	9	10	68	#
213	13.4096	4	5	6	7	8	9	10	11	68	#
214	13.4096	5	6	7	8	9	10	11	12	68	#
215	13.4096	6	7	8	9	10	11	12	13	68	#
216	13.4096	7	8	9	10	11	12	13	14	68	#
217	13.4096	8	9	10	11	12	13	14	15	68	#
218	13.4096	9	10	11	12	13	14	15	16	68	#
219	13.4096	10	11	12	13	14	15	16	17	68	#
220	13.4096	11	12	13	14	15	16	17	18	68	#
221	13.4096	12	13	14	15	16	17	18	19	68	#
222	13.4096	13	14	15	16	17	18	19	20	68	#
223	13.4096	14	15	16	17	18	19	20	21	68	#
224	13.4096	15	16	17	18	19	20	21	22	68	#
225	13.4096	16	17	18	19	20	21	22	23	68	#
226	13.4096	17	18	19	20	21	22	23	24	68	#
227	13.4096	18	19	20	21	22	23	24	25	68	#
228	13.4096	19	20	21	22	23	24	25	26	68	#
229	13.4096	20	21	22	23	24	25	26	27	68	#
230	0.510955	0	69	#
231	0.510955	1	69	#
232	0.510955	2	69	#
233	0.510955	3	69	#
234	0.510955	4	69	#
235	0.510955	5	69	#
236	0.510955	6	69	#
237	0.510955	7	69	#
238	0.510955	8	69	#
239	0.510955	9	69	#
240	0.510955	10	69	#
241	0.510955	11	69	#
242	0.510955	12	69	#
243	0.510955	13	69	#
244	0.510955	14	69	#
245	0.510955	15	69	#
246	0.510955	16	69	#
247	0.510955	17	69	#
248	0.510955	18	69	#
249	0.510955	19	69	#
250	0.510955	20	69	#
251	0.510955	21	69	#
252	0.510955	22	69	#
253	0.510955	23	69	#
254	0.510955	24	69	#
255	0.510955	25	69	#
256	0.510955	26	69	#
257	0.510955	27	69	#
258	0.510955	28	69	#
259	0.510955	29	69	#
260	0.510955	30	69	#
261	0.510955	31	69	#
262	0.510955	32	69	#
263	0.510955	33	69	#
264	0.510955	34	69	#
265	0.510955	35	69	#
266	0.510955	36	69	#
267	0.510955	37	69	#
268	0.510955	38	69	#
269	0.510955	39	69	#
270	0.510955	40	69	#
271	0.510955	41	69	#
272	0.510955	42	69	#
273	0.510955	43	69	#
274	0.510955	44	69	#
275	0.510955	45	69	#
276	0.510955	46	69	#
277	0.510955	47	69	#
278	0.510955	48	69	#
279	0.510955	49	69	#
280	0.510955	50	69	#
281	0.510955	51	69	#
282	0.510955	52	69	#
283	0.510955	53	69	#
284	0.510955	54	69	#
285	0.510955	55	69	#
286	0.510955	56	69	#
287	0.510955	57	69	#
288	0.510955	58	69	#
289	0.510955	59	69	#
290	0.510955	60	69	#
291	0.502579	61	69	#
292	0.486624	62	69	#
293	0.486624	63	69	#
294	4.67874	0	1	2	70	#
295	4.67874	1	2	3	70	#
296	4.67874	2	3	4	70	#
297	4.67874	3	4	5	70	#
298	4.67874	4	5	6	70	#
299	4.67874	5	6	7	70	#
300	4.67874	6	7	8	70	#
301	4.67874	7	8	9	70	#
302	4.67874	8	9	10	70	#
303	4.67874	9	10	11	70	#
304	4.67874	10	11	12	70	#
305	4.67874	11	12	13	70	#
306	4.67874	12	13	14	70	#
307	4.67874	13	14	15	70	#
308	4.67874	14	15	16	70	#
309	4.67874	15	16	17	70	#
310	4.67874	16	17	18	70	#
311	4.67874	17	18	19	70	#
312	4.67874	18	19	20	70	#
313	4.67874	19	20	21	70	#
314	4.67874	20	21	22	70	#
315	4.67874	21	22	23	70	#
316	4.67874	22	23	24	70	#
317	4.67874	23	24	25	70	#
318	4.67874	24	25	26	70	#
319	4.67874	25	26	27	70	#
320	4.67874	26	27	28	70	#
321	4.67874	27	28	29	70	#
322	4.67874	28	29	30	70	#
323	4.67874	29	30	31	70	#
324	4.67874	30	31	32	70	#
325	4.67874	31	32	33	70	#
326	4.67874	32	33	34	70	#
327	4.67874	33	34	35	70	#
328	4.67874	34	35	36	70	#
329	4.67874	35	36	37	70	#
330	4.67874	36	37	38	70	#
331	4.67874	37	38	39	70	#
332	4.67874	38	39	40	70	#
333	4.67874	39	40	41	70	#
334	4.67874	40	41	42	70	#
335	4.67874	41	42	43	70	#
336	4.67874	42	43	44	70	#
337	4.67874	43	44	45	70	#
338	4.67874	44	45	46	70	#
339	4.67874	45	46	47	70	#
340	4.67874	46	47	48	70	#
341	4.67874	47	48	49	70	#
342	4.67874	48	49	50	70	#
343	4.67874	49	50	51	70	#
344	4.67874	50	51	52	70	#
345	4.67874	51	52	53	70	#
346	4.67874	52	53	54	70	#
347	4.67874	53	54	55	70	#
348	4.67874	54	55	56	70	#
349	19.9434	0	1	2	3	4	5	6	7	8	9	71	#
350	19.9434	1	2	3	4	5	6	7	8	9	10	71	#
351	19.9434	2	3	4	5	6	7	8	9	10	11	71	#
352	19.9434	3	4	5	6	7	8	9	10	11	12	71	#
353	19.9434	4	5	6	7	8	9	10	11	12	13	71	#
354	19.9434	5	6	7	8	9	10	11	12	13	14	71	#
355	19.9434	6	7	8	9	10	11	12	13	14	15	71	#
356	19.9434	7	8	9	10	11	12	13	14	15	16	71	#
357	19.9434	8	9	10	11	12	13	14	15	16	17	71	#
358	19.9434	9	10	11	12	13	14	15	16	17	18	71	#
359	19.9434	10	11	12	13	14	15	16	17	18	19	71	#
360	19.9434	11	12	13	14	15	16	17	18	19	20	71	#
361	19.9434	12	13	14	15	16	17	18	19	20	21	71	#
362	19.9434	13	14	15	16	17	18	19	20	21	22	71	#
363	19.9434	14	15	16	17	18	19	20	21	22	23	71	#
364	19.9434	15	16	17	18	19	20	21	22	23	24	71	#
365	19.9434	16	17	18	19	20	21	22	23	24	25	71	#
366	19.9434	17	18	19	20	21	22	23	24	25	26	71	#
367	19.9434	18	19	20	21	22	23	24	25	26	27	71	#
368	19.9434	19	20	21	22	23	24	25	26	27	28	71	#
369	19.9434	20	21	22	23	24	25	26	27	28	29	71	#
370	19.9434	21	22	23	24	25	26	27	28	29	30	71	#
371	19.9434	22	23	24	25	26	27	28	29	30	31	71	#
372	19.9434	23	24	25	26	27	28	29	30	31	32	71	#
373	19.9434	24	25	26	27	28	29	30	31	32	33	71	#
374	19.9434	25	26	27	28	29	30	31	32	33	34	71	#
375	19.9434	26	27	28	29	30	31	32	33	34	35	71	#
376	19.9434	27	28	29	30	31	32	33	34	35	36	71	#
377	19.9434	28	29	30	31	32	33	34	35	36	37	71	#
378	19.9434	29	30	31	32	33	34	35	36	37	38	71	#
379	19.9434	30	31	32	33	34	35	36	37	38	39	71	#
380	19.9434	31	32	33	34	35	36	37	38	39	40	71	#
381	19.9434	32	33	34	35	36	37	38	39	40	41	71	#
382	14.6014	33	34	35	36	37	38	39	40	41	42	71	#
383	14.6014	34	35	36	37	38	39	40	41	42	43	71	#
384	14.6014	35	36	37	38	39	40	41	42	43	44	71	#
385	14.6014	36	37	38	39	40	41	42	43	44	45	71	#
386	14.6014	37	38	39	40	41	42	43	44	45	46	71	#
387	14.6014	38	39	40	41	42	43	44	45	46	47	71	#
388	14.6014	39	40	41	42	43	44	45	46	47	48	71	#
389	14.6014	40	41	42	43	44	45	46	47	48	49	71	#
390	14.6014	41	42	43	44	45	46	47	48	49	50	71	#
391	14.6014	42	43	44	45	46	47	48	49	50	51	71	#
392	14.6014	43	44	45	46	47	48	49	50	51	52	71	#
393	14.6014	44	45	46	47	48	49	50	51	52	53	71	#
394	14.6014	45	46	47	48	49	50	51	52	53	54	71	#
395	14.6014	46	47	48	49	50	51	52	53	54	55	71	#
396	14.6014	47	48	49	50	51	52	53	54	55	56	71	#
397	13.4046	48	49	50	51	52	53	54	55	56	57	71	#
398	13.4046	49	50	51	52	53	54	55	56	57	58	71	#
399	13.4046	50	51	52	53	54	55	56	57	58	59	71	#
400	13.4046	51	52	53	54	55	56	57	58	59	60	71	#
401	13.4046	52	53	54	55	56	57	58	59	60	61	71	#
402	12.979	53	54	55	56	57	58	59	60	61	62	71	#
403	12.979	54	55	56	57	58	59	60	61	62	63	71	#
404	17.2391	0	1	2	3	4	5	6	7	72	#
405	17.2391	1	2	3	4	5	6	7	8	72	#
406	17.2391	2	3	4	5	6	7	8	9	72	#
407	17.2391	3	4	5	6	7	8	9	10	72	#
408	17.2391	4	5	6	7	8	9	10	11	72	#
409	17.2391	5	6	7	8	9	10	11	12	72	#
410	17.2391	6	7	8	9	10	11	12	13	72	#
411	17.2391	7	8	9	10	11	12	13	14	72	#
412	17.2391	8	9	10	11	12	13	14	15	72	#
413	17.2391	9	10	11	12	13	14	15	16	72	#
414	17.2391	10	11	12	13	14	15	16	17	72	#
415	17.2391	11	12	13	14	15	16	17	18	72	#
416	17.2391	12	13	14	15	16	17	18	19	72	#
417	17.2391	13	14	15	16	17	18	19	20	72	#
418	17.2391	14	15	16	17	18	19	20	21	72	#
419	17.2391	15	16	17	18	19	20	21	22	72	#
420	17.2391	16	17	18	19	20	21	22	23	72	#
421	17.2391	17	18	19	20	21	22	23	24	72	#
422	17.2391	18	19	20	21	22	23	24	25	72	#
423	17.2391	19	20	21	22	23	24	25	26	72	#
424	17.2391	20	21	22	23	24	25	26	27	72	#
425	17.2391	21	22	23	24	25	26	27	28	72	#
426	17.2391	22	23	24	25	26	27	28	29	72	#
427	17.2391	23	24	25	26	27	28	29	30	72	#
428	17.2391	24	25	26	27	28	29	30	31	72	#
429	17.2391	25	26	27	28	29	30	31	32	72	#
430	17.2391	26	27	28	29	30	31	32	33	72	#
431	17.2391	27	28	29	30	31	32	33	34	72	#
432	17.2391	28	29	30	31	32	33	34	35	72	#
433	17.2391	29	30	31	32	33	34	35	36	72	#
434	17.2391	30	31	32	33	34	35	36	37	72	#
435	17.2391	31	32	33	34	35	36	37	38	72	#
436	17.2391	32	33	34	35	36	37	38	39	72	#
437	17.2391	33	34	35	36	37	38	39	40	72	#
438	17.2391	34	35	36	37	38	39	40	41	72	#
439	17.2391	35	36	37	38	39	40	41	42	72	#
440	17.2391	36	37	38	39	40	41	42	43	72	#
441	17.2391	37	38	39	40	41	42	43	44	72	#
442	17.2391	38	39	40	41	42	43	44	45	72	#
443	17.2391	39	40	41	42	43	44	45	46	72	#
444	17.2391	40	41	42	43	44	45	46	47	72	#
445	17.2391	41	42	43	44	45	46	47	48	72	#
446	17.2391	42	43	44	45	46	47	48	49	72	#
447	17.2391	43	44	45	46	47	48	49	50	72	#
448	17.2391	44	45	46	47	48	49	50	51	72	#
449	17.2391	45	46	47	48	49	50	51	52	72	#
450	17.2391	46	47	48	49	50	51	52	53	72	#
451	17.2391	47	48	49	50	51	52	53	54	72	#
452	17.2391	48	49	50	51	52	53	54	55	72	#
453	17.2391	49	50	51	52	53	54	55	56	72	#
454	17.2391	50	51	52	53	54	55	56	57	72	#
455	17.2391	51	52	53	54	55	56	57	58	72	#
456	17.2391	52	53	54	55	56	57	58	59	72	#
457	1.4091	0	73	#
458	1.4091	1	73	#
459	1.4091	2	73	#
460	1.4091	3	73	#
461	1.4091	4	73	#
462	1.4091	5	73	#
463	1.4091	6	73	#
464	1.4091	7	73	#
465	1.4091	8	73	#
466	1.4091	9	73	#
467	1.4091	10	73	#
468	1.4091	11	73	#
469	1.4091	12	73	#
470	1.4091	13	73	#
471	1.4091	14	73	#
472	1.4091	15	73	#
473	1.4091	16	73	#
474	1.4091	17	73	#
475	1.4091	18	73	#
476	1.4091	19	73	#
477	1.4091	20	73	#
478	1.4091	21	73	#
479	0.721734	22	73	#
480	0.721734	23	73	#
481	0.721734	24	73	#
482	0.721734	25	73	#
483	0.721734	26	73	#
484	0.721734	27	73	#
485	0.721734	28	73	#
486	0.721734	29	73	#
487	0.721734	30	73	#
488	0.721734	31	73	#
489	0.721734	32	73	#
490	0.721734	33	73	#
491	0.721734	34	73	#
492	0.721734	35	73	#
493	0.721734	36	73	#
494	0.721734	37	73	#
495	0.721734	38	73	#
496	0.721734	39	73	#
497	0.721734	40	73	#
498	0.721734	41	73	#
499	0.591822	42	73	#
500	0.591822	43	73	#
501	0.591822	44	73	#
502	0.591822	45	73	#
503	0.591822	46	73	#
504	0.591822	47	73	#
505	0.591822	48	73	#
506	0.591822	49	73	#
507	0.591822	50	73	#
508	7.94667	0	1	2	3	4	5	6	74	#
509	7.94667	1	2	3	4	5	6	7	74	#
510	7.94667	2	3	4	5	6	7	8	74	#
511	7.94667	3	4	5	6	7	8	9	74	#
512	7.94667	4	5	6	7	8	9	10	74	#
513	7.94667	5	6	7	8	9	10	11	74	#
514	7.94667	6	7	8	9	10	11	12	74	#
515	7.94667	7	8	9	10	11	12	13	74	#
516	7.94667	8	9	10	11	12	13	14	74	#
517	7.94667	9	10	11	12	13	14	15	74	#
518	7.94667	10	11	12	13	14	15	16	74	#
519	7.94667	11	12	13	14	15	16	17	74	#
520	7.94667	12	13	14	15	16	17	18	74	#
521	7.94667	13	14	15	16	17	18	19	74	#
522	7.94667	14	15	16	17	18	19	20	74	#
523	7.94667	15	16	17	18	19	20	21	74	#
524	7.94667	16	17	18	19	20	21	22	74	#
525	7.94667	17	18	19	20	21	22	23	74	#
526	7.94667	18	19	20	21	22	23	24	74	#
527	7.94667	19	20	21	22	23	24	25	74	#
528	7.94667	20	21	22	23	24	25	26	74	#
529	7.94667	21	22	23	24	25	26	27	74	#
530	7.94667	22	23	24	25	26	27	28	74	#
531	7.94667	23	24	25	26	27	28	29	74	#
532	4.70313	24	25	26	27	28	29	30	74	#
533	4.70313	25	26	27	28	29	30	31	74	#
534	4.70313	26	27	28	29	30	31	32	74	#
535	4.70313	27	28	29	30	31	32	33	74	#
536	4.70313	28	29	30	31	32	33	34	74	#
537	4.70313	29	30	31	32	33	34	35	74	#
538	4.70313	30	31	32	33	34	35	36	74	#
539	4.70313	31	32	33	34	35	36	37	74	#
540	4.70313	32	33	34	35	36	37	38	74	#
541	4.70313	33	34	35	36	37	38	39	74	#
542	4.70313	34	35	36	37	38	39	40	74	#
543	4.70313	35	36	37	38	39	40	41	74	#
544	4.70313	36	37	38	39	40	41	42	74	#
545	4.70313	37	38	39	40	41	42	43	74	#
546	4.70313	38	39	40	41	42	43	44	74	#
547	4.70313	39	40	41	42	43	44	45	74	#
548	4.70313	40	41	42	43	44	45	46	74	#
549	4.70313	41	42	43	44	45	46	47	74	#
550	4.70313	42	43	44	45	46	47	48	74	#
551	4.70313	43	44	45	46	47	48	49	74	#
552	3.71699	44	45	46	47	48	49	50	74	#
553	3.71699	45	46	47	48	49	50	51	74	#
554	3.71699	46	47	48	49	50	51	52	74	#
555	3.71699	47	48	49	50	51	52	53	74	#
556	3.71699	48	49	50	51	52	53	54	74	#
557	3.71699	49	50	51	52	53	54	55	74	#
558	3.71699	50	51	52	53	54	55	56	74	#
559	3.71699	51	52	53	54	55	56	57	74	#
560	3.71699	52	53	54	55	56	57	58	74	#
561	3.71699	53	54	55	56	57	58	59	74	#
562	3.71699	54	55	56	57	58	59	60	74	#
563	3.71699	55	56	57	58	59	60	61	74	#
564	3.71699	56	57	58	59	60	61	62	74	#
565	0.960835	0	75	#
566	0.960835	1	75	#
567	0.960835	2	75	#
568	0.960835	3	75	#
569	0.960835	4	75	#
570	0.960835	5	75	#
571	0.960835	6	75	#
572	0.960835	7	75	#
573	0.960835	8	75	#
574	0.960835	9	75	#
575	0.960835	10	75	#
576	0.960835	11	75	#
577	0.960835	12	75	#
578	0.960835	13	75	#
579	0.960835	14	75	#
580	0.960835	15	75	#
581	0.960835	16	75	#
582	0.960835	17	75	#
583	0.960835	18	75	#
584	0.960835	19	75	#
585	0.960835	20	75	#
586	0.960835	21	75	#
587	0.960835	22	75	#
588	0.960835	23	75	#
589	0.960835	24	75	#
590	0.960835	25	75	#
591	0.960835	26	75	#
592	0.960835	27	75	#
593	0.960835	28	75	#
594	0.960835	29	75	#
595	0.960835	30	75	#
596	0.960835	31	75	#
597	0.531891	32	75	#
598	0.531891	33	75	#
599	0.531891	34	75	#
600	0.531891	35	75	#
601	0.531891	36	75	#
602	0.531891	37	75	#
603	0.531891	38	75	#
604	0.531891	39	75	#
605	0.531891	40	75	#
606	0.531891	41	75	#
607	0.531891	42	75	#
608	0.531891	43	75	#
609	0.531891	44	75	#
610	0.531891	45	75	#
611	0.531891	46	75	#
612	0.531891	47	75	#
613	0.531891	48	75	#
614	0.531891	49	75	#
615	0.531891	50	75	#
616	0.531891	51	75	#
617	0.531891	52	75	#
618	0.531891	53	75	#
619	0.531891	54	75	#
620	0.531891	55	75	#
621	0.531891	56	75	#
622	0.51355	57	75	#
623	0.51355	58	75	#
624	0.480417	59	75	#
625	0.480417	60	75	#
626	0.480417	61	75	#
627	0.480417	62	75	#
628	0.472792	63	75	#
629	4.90769	0	1	2	3	4	5	76	#
630	4.90769	1	2	3	4	5	6	76	#
631	4.90769	2	3	4	5	6	7	76	#
632	4.90769	3	4	5	6	7	8	76	#
633	4.90769	4	5	6	7	8	9	76	#
634	4.90769	5	6	7	8	9	10	76	#
635	4.90769	6	7	8	9	10	11	76	#
636	4.90769	7	8	9	10	11	12	76	#
637	4.90769	8	9	10	11	12	13	76	#
638	4.90769	9	10	11	12	13	14	76	#
639	4.90769	10	11	12	13	14	15	76	#
640	4.90769	11	12	13	14	15	16	76	#
641	4.90769	12	13	14	15	16	17	76	#
642	4.90769	13	14	15	16	17	18	76	#
643	4.90769	14	15	16	17	18	19	76	#
644	4.90769	15	16	17	18	19	20	76	#
645	4.90769	16	17	18	19	20	21	76	#
646	4.90769	17	18	19	20	21	22	76	#
647	4.90769	18	19	20	21	22	23	76	#
648	4.90769	19	20	21	22	23	24	76	#
649	4.90769	20	21	22	23	24	25	76	#
650	4.90769	21	22	23	24	25	26	76	#
651	4.90769	22	23	24	25	26	27	76	#
652	4.90769	23	24	25	26	27	28	76	#
653	4.90769	24	25	26	27	28	29	76	#
654	4.90769	25	26	27	28	29	30	76	#
655	4.90769	26	27	28	29	30	31	76	#
656	4.90769	27	28	29	30	31	32	76	#
657	4.90769	28	29	30	31	32	33	76	#
658	4.90769	29	30	31	32	33	34	76	#
659	4.90769	30	31	32	33	34	35	76	#
660	4.90769	31	32	33	34	35	36	76	#
661	4.90769	32	33	34	35	36	37	76	#
662	4.90769	33	34	35	36	37	38	76	#
663	4.90769	34	35	36	37	38	39	76	#
664	4.90769	35	36	37	38	39	40	76	#
665	4.90769	36	37	38	39	40	41	76	#
666	4.90769	37	38	39	40	41	42	76	#
667	4.04163	38	39	40	41	42	43	76	#
668	4.04163	39	40	41	42	43	44	76	#
669	4.04163	40	41	42	43	44	45	76	#
670	4.04163	41	42	43	44	45	46	76	#
671	4.04163	42	43	44	45	46	47	76	#
672	4.04163	43	44	45	46	47	48	76	#
673	4.04163	44	45	46	47	48	49	76	#
674	4.04163	45	46	47	48	49	50	76	#
675	4.04163	46	47	48	49	50	51	76	#
676	3.68077	47	48	49	50	51	52	76	#
677	3.68077	48	49	50	51	52	53	76	#
678	3.68077	49	50	51	52	53	54	76	#
679	3.68077	50	51	52	53	54	55	76	#
680	3.68077	51	52	53	54	55	56	76	#
681	3.37906	52	53	54	55	56	57	76	#
682	3.37906	53	54	55	56	57	58	76	#
683	3.37906	54	55	56	57	58	59	76	#
684	3.37906	55	56	57	58	59	60	76	#
685	3.37906	56	57	58	59	60	61	76	#
686	3.27179	57	58	59	60	61	62	76	#
687	3.27179	58	59	60	61	62	63	76	#
688	15.1483	0	1	2	3	4	5	6	77	#
689	15.1483	1	2	3	4	5	6	7	77	#
690	15.1483	2	3	4	5	6	7	8	77	#
691	15.1483	3	4	5	6	7	8	9	77	#
692	15.1483	4	5	6	7	8	9	10	77	#
693	15.1483	5	6	7	8	9	10	11	77	#
694	15.1483	6	7	8	9	10	11	12	77	#
695	15.1483	7	8	9	10	11	12	13	77	#
696	15.1483	8	9	10	11	12	13	14	77	#
697	15.1483	9	10	11	12	13	14	15	77	#
698	15.1483	10	11	12	13	14	15	16	77	#
699	15.1483	11	12	13	14	15	16	17	77	#
700	15.1483	12	13	14	15	16	17	18	77	#
701	15.1483	13	14	15	16	17	18	19	77	#
702	15.1483	14	15	16	17	18	19	20	77	#
703	15.1483	15	16	17	18	19	20	21	77	#
704	15.1483	16	17	18	19	20	21	22	77	#
705	15.1483	17	18	19	20	21	22	23	77	#
706	15.1483	18	19	20	21	22	23	24	77	#
707	15.1483	19	20	21	22	23	24	25	77	#
708	15.1483	20	21	22	23	24	25	26	77	#
709	15.1483	21	22	23	24	25	26	27	77	#
710	15.1483	22	23	24	25	26	27	28	77	#
711	15.1483	23	24	25	26	27	28	29	77	#
712	15.1483	24	25	26	27	28	29	30	77	#
713	15.1483	25	26	27	28	29	30	31	77	#
714	15.1483	26	27	28	29	30	31	32	77	#
715	15.1483	27	28	29	30	31	32	33	77	#
716	15.1483	28	29	30	31	32	33	34	77	#
717	15.1483	29	30	31	32	33	34	35	77	#
718	15.1483	30	31	32	33	34	35	36	77	#
719	15.1483	31	32	33	34	35	36	37	77	#
720	15.1483	32	33	34	35	36	37	38	77	#
721	15.1483	33	34	35	36	37	38	39	77	#
722	15.1483	34	35	36	37	38	39	40	77	#
723	15.1483	35	36	37	38	39	40	41	77	#
724	15.1483	36	37	38	39	40	41	42	77	#
725	15.1483	37	38	39	40	41	42	43	77	#
726	15.1483	38	39	40	41	42	43	44	77	#
727	15.1483	39	40	41	42	43	44	45	77	#
728	15.1483	40	41	42	43	44	45	46	77	#
729	15.1483	41	42	43	44	45	46	47	77	#
730	15.1483	42	43	44	45	46	47	48	77	#
731	15.1483	43	44	45	46	47	48	49	77	#
732	11.972	44	45	46	47	48	49	50	77	#
733	11.972	45	46	47	48	49	50	51	77	#
734	11.972	46	47	48	49	50	51	52	77	#
735	11.972	47	48	49	50	51	52	53	77	#
736	11.972	48	49	50	51	52	53	54	77	#
737	11.972	49	50	51	52	53	54	55	77	#
738	11.972	50	51	52	53	54	55	56	77	#
739	11.972	51	52	53	54	55	56	57	77	#
740	11.972	52	53	54	55	56	57	58	77	#
741	11.972	53	54	55	56	57	58	59	77	#
742	11.972	54	55	56	57	58	59	60	77	#
743	11.972	55	56	57	58	59	60	61	77	#
744	11.972	56	57	58	59	60	61	62	77	#
745	11.782	57	58	59	60	61	62	63	77	#
746	5.40862	0	1	2	3	78	#
747	5.40862	1	2	3	4	78	#
748	5.40862	2	3	4	5	78	#
749	5.40862	3	4	5	6	78	#
750	5.40862	4	5	6	7	78	#
751	5.40862	5	6	7	8	78	#
752	5.40862	6	7	8	9	78	#
753	5.40862	7	8	9	10	78	#
754	5.40862	8	9	10	11	78	#
755	5.40862	9	10	11	12	78	#
756	5.40862	10	11	12	13	78	#
757	5.40862	11	12	13	14	78	#
758	5.40862	12	13	14	15	78	#
759	5.40862	13	14	15	16	78	#
760	5.40862	14	15	16	17	78	#
761	5.40862	15	16	17	18	78	#
762	5.40862	16	17	18	19	78	#
763	5.40862	17	18	19	20	78	#
764	5.40862	18	19	20	21	78	#
765	5.40862	19	20	21	22	78	#
766	5.40862	20	21	22	23	78	#
767	5.40862	21	22	23	24	78	#
768	5.40862	22	23	24	25	78	#
769	5.40862	23	24	25	26	78	#
770	5.40862	24	25	26	27	78	#
771	5.40862	25	26	27	28	78	#
772	5.40862	26	27	28	29	78	#
773	5.40862	27	28	29	30	78	#
774	5.40862	28	29	30	31	78	#
775	5.40862	29	30	31	32	78	#
776	5.40862	30	31	32	33	78	#
777	5.40862	31	32	33	34	78	#
778	5.40862	32	33	34	35	78	#
779	5.40862	33	34	35	36	78	#
780	5.40862	34	35	36	37	78	#
781	5.40862	35	36	37	38	78	#
782	5.40862	36	37	38	39	78	#
783	5.40862	37	38	39	40	78	#
784	5.40862	38	39	40	41	78	#
785	5.40862	39	40	41	42	78	#
786	5.40862	40	41	42	43	78	#
787	5.40862	41	42	43	44	78	#
788	5.40862	42	43	44	45	78	#
789	5.40862	43	44	45	46	78	#
790	5.40862	44	45	46	47	78	#
791	5.40862	45	46	47	48	78	#
792	4.63596	46	47	48	49	78	#
793	4.63596	47	48	49	50	78	#
794	4.63596	48	49	50	51	78	#
795	4.63596	49	50	51	52	78	#
796	4.63596	50	51	52	53	78	#
797	4.63596	51	52	53	54	78	#
798	4.63596	52	53	54	55	78	#
799	4.63596	53	54	55	56	78	#
800	4.12085	54	55	56	57	78	#
801	4.12085	55	56	57	58	78	#
802	4.12085	56	57	58	59	78	#
803	4.12085	57	58	59	60	78	#
804	4.12085	58	59	60	61	78	#
805	4.12085	59	60	61	62	78	#
806	4.12085	60	61	62	63	78	#
807	1.25886	0	79	#
808	1.25886	1	79	#
809	1.25886	2	79	#
810	1.25886	3	79	#
811	1.25886	4	79	#
812	1.25886	5	79	#
813	1.25886	6	79	#
814	1.25886	7	79	#
815	1.25886	8	79	#
816	0.335696	9	79	#
817	0.335696	10	79	#
818	0.335696	11	79	#
819	0.335696	12	79	#
820	0.335696	13	79	#
821	0.335696	14	79	#
822	0.335696	15	79	#
823	0.335696	16	79	#
824	0.335696	17	79	#
825	0.335696	18	79	#
826	0.335696	19	79	#
827	0.335696	20	79	#
828	0.335696	21	79	#
829	0.335696	22	79	#
830	0.335696	23	79	#
831	0.335696	24	79	#
832	0.335696	25	79	#
833	0.335696	26	79	#
834	0.335696	27	79	#
835	0.335696	28	79	#
836	0.335696	29	79	#
837	0.335696	30	79	#
838	0.28774	31	79	#
839	0.28774	32	79	#
840	0.28774	33	79	#
841	0.28774	34	79	#
842	0.28774	35	79	#
843	9.42482	0	1	2	3	4	80	#
844	9.42482	1	2	3	4	5	80	#
845	9.42482	2	3	4	5	6	80	#
846	9.42482	3	4	5	6	7	80	#
847	9.42482	4	5	6	7	8	80	#
848	9.42482	5	6	7	8	9	80	#
849	9.42482	6	7	8	9	10	80	#
850	9.42482	7	8	9	10	11	80	#
851	9.42482	8	9	10	11	12	80	#
852	9.42482	9	10	11	12	13	80	#
853	9.42482	10	11	12	13	14	80	#
854	9.42482	11	12	13	14	15	80	#
855	9.42482	12	13	14	15	16	80	#
856	9.42482	13	14	15	16	17	80	#
857	9.42482	14	15	16	17	18	80	#
858	9.42482	15	16	17	18	19	80	#
859	9.42482	16	17	18	19	20	80	#
860	9.42482	17	18	19	20	21	80	#
861	9.42482	18	19	20	21	22	80	#
862	9.42482	19	20	21	22	23	80	#
863	9.42482	20	21	22	23	24	80	#
864	9.42482	21	22	23	24	25	80	#
865	9.42482	22	23	24	25	26	80	#
866	9.42482	23	24	25	26	27	80	#
867	9.42482	24	25	26	27	28	80	#
868	9.42482	25	26	27	28	29	80	#
869	9.42482	26	27	28	29	30	80	#
870	9.42482	27	28	29	30	31	80	#
871	9.42482	28	29	30	31	32	80	#
872	9.42482	29	30	31	32	33	80	#
873	9.42482	30	31	32	33	34	80	#
874	9.42482	31	32	33	34	35	80	#
875	9.42482	32	33	34	35	36	80	#
876	9.42482	33	34	35	36	37	80	#
877	9.42482	34	35	36	37	38	80	#
878	9.42482	35	36	37	38	39	80	#
879	9.42482	36	37	38	39	40	80	#
880	9.42482	37	38	39	40	41	80	#
881	6.23254	38	39	40	41	42	80	#
882	6.23254	39	40	41	42	43	80	#
883	6.23254	40	41	42	43	44	80	#
884	6.23254	41	42	43	44	45	80	#
885	6.23254	42	43	44	45	46	80	#
886	6.23254	43	44	45	46	47	80	#
887	6.23254	44	45	46	47	48	80	#
888	6.23254	45	46	47	48	49	80	#
889	6.23254	46	47	48	49	50	80	#
890	6.23254	47	48	49	50	51	80	#
891	6.23254	48	49	50	51	52	80	#
892	6.23254	49	50	51	52	53	80	#
893	6.23254	50	51	52	53	54	80	#
894	6.23254	51	52	53	54	55	80	#
895	6.23254	52	53	54	55	56	80	#
896	6.23254	53	54	55	56	57	80	#
897	6.23254	54	55	56	57	58	80	#
898	6.23254	55	56	57	58	59	80	#
899	6.23254	56	57	58	59	60	80	#
900	6.23254	57	58	59	60	61	80	#
901	6.23254	58	59	60	61	62	80	#
902	6.13361	59	60	61	62	63	80	#
903	17.038	0	1	2	3	4	5	6	7	81	#
904	17.038	1	2	3	4	5	6	7	8	81	#
905	17.038	2	3	4	5	6	7	8	9	81	#
906	17.038	3	4	5	6	7	8	9	10	81	#
907	17.038	4	5	6	7	8	9	10	11	81	#
908	17.038	5	6	7	8	9	10	11	12	81	#
909	17.038	6	7	8	9	10	11	12	13	81	#
910	17.038	7	8	9	10	11	12	13	14	81	#
911	17.038	8	9	10	11	12	13	14	15	81	#
912	17.038	9	10	11	12	13	14	15	16	81	#
913	17.038	10	11	12	13	14	15	16	17	81	#
914	17.038	11	12	13	14	15	16	17	18	81	#
915	17.038	12	13	14	15	16	17	18	19	81	#
916	17.038	13	14	15	16	17	18	19	20	81	#
917	17.038	14	15	16	17	18	19	20	21	81	#
918	17.038	15	16	17	18	19	20	21	22	81	#
919	17.038	16	17	18	19	20	21	22	23	81	#
920	17.038	17	18	19	20	21	22	23	24	81	#
921	17.038	18	19	20	21	22	23	24	25	81	#
922	9.79971	0	1	2	3	4	5	6	7	8	9	82	#
923	9.79971	1	2	3	4	5	6	7	8	9	10	82	#
924	9.79971	2	3	4	5	6	7	8	9	10	11	82	#
925	9.79971	3	4	5	6	7	8	9	10	11	12	82	#
926	9.79971	4	5	6	7	8	9	10	11	12	13	82	#
927	9.79971	5	6	7	8	9	10	11	12	13	14	82	#
928	9.79971	6	7	8	9	10	11	12	13	14	15	82	#
929	9.79971	7	8	9	10	11	12	13	14	15	16	82	#
930	9.79971	8	9	10	11	12	13	14	15	16	17	82	#
931	9.79971	9	10	11	12	13	14	15	16	17	18	82	#
932	9.79971	10	11	12	13	14	15	16	17	18	19	82	#
933	9.79971	11	12	13	14	15	16	17	18	19	20	82	#
934	9.79971	12	13	14	15	16	17	18	19	20	21	82	#
935	9.79971	13	14	15	16	17	18	19	20	21	22	82	#
936	9.79971	14	15	16	17	18	19	20	21	22	23	82	#
937	9.79971	15	16	17	18	19	20	21	22	23	24	82	#
938	6.18929	16	17	18	19	20	21	22	23	24	25	82	#
939	6.18929	17	18	19	20	21	22	23	24	25	26	82	#
940	6.18929	18	19	20	21	22	23	24	25	26	27	82	#
941	6.18929	19	20	21	22	23	24	25	26	27	28	82	#
942	6.18929	20	21	22	23	24	25	26	27	28	29	82	#
943	6.18929	21	22	23	24	25	26	27	28	29	30	82	#
944	6.18929	22	23	24	25	26	27	28	29	30	31	82	#
945	6.18929	23	24	25	26	27	28	29	30	31	32	82	#
946	6.18929	24	25	26	27	28	29	30	31	32	33	82	#
947	6.18929	25	26	27	28	29	30	31	32	33	34	82	#
948	6.18929	26	27	28	29	30	31	32	33	34	35	82	#
949	6.18929	27	28	29	30	31	32	33	34	35	36	82	#
950	6.18929	28	29	30	31	32	33	34	35	36	37	82	#
951	6.18929	29	30	31	32	33	34	35	36	37	38	82	#
952	4.35543	30	31	32	33	34	35	36	37	38	39	82	#
953	4.35543	31	32	33	34	35	36	37	38	39	40	82	#
954	4.35543	32	33	34	35	36	37	38	39	40	41	82	#
955	4.35543	33	34	35	36	37	38	39	40	41	42	82	#
956	4.35543	34	35	36	37	38	39	40	41	42	43	82	#
957	4.35543	35	36	37	38	39	40	41	42	43	44	82	#
958	4.35543	36	37	38	39	40	41	42	43	44	45	82	#
959	4.35543	37	38	39	40	41	42	43	44	45	46	82	#
960	4.35543	38	39	40	41	42	43	44	45	46	47	82	#
961	4.35543	39	40	41	42	43	44	45	46	47	48	82	#
962	4.35543	40	41	42	43	44	45	46	47	48	49	82	#
963	4.35543	41	42	43	44	45	46	47	48	49	50	82	#
964	4.35543	42	43	44	45	46	47	48	49	50	51	82	#
965	4.35543	43	44	45	46	47	48	49	50	51	52	82	#
966	4.35543	44	45	46	47	48	49	50	51	52	53	82	#
967	4.35543	45	46	47	48	49	50	51	52	53	54	82	#
968	6.42399	0	1	2	3	4	5	83	#
969	6.42399	1	2	3	4	5	6	83	#
970	6.42399	2	3	4	5	6	7	83	#
971	6.42399	3	4	5	6	7	8	83	#
972	6.42399	4	5	6	7	8	9	83	#
973	6.42399	5	6	7	8	9	10	83	#
974	6.42399	6	7	8	9	10	11	83	#
975	6.42399	7	8	9	10	11	12	83	#
976	6.42399	8	9	10	11	12	13	83	#
977	6.42399	9	10	11	12	13	14	83	#
978	6.42399	10	11	12	13	14	15	83	#
979	6.42399	11	12	13	14	15	16	83	#
980	6.42399	12	13	14	15	16	17	83	#
981	6.42399	13	14	15	16	17	18	83	#
982	6.42399	14	15	16	17	18	19	83	#
983	6.42399	15	16	17	18	19	20	83	#
984	6.42399	16	17	18	19	20	21	83	#
985	6.42399	17	18	19	20	21	22	83	#
986	6.42399	18	19	20	21	22	23	83	#
987	6.42399	19	20	21	22	23	24	83	#
988	6.42399	20	21	22	23	24	25	83	#
989	6.42399	21	22	23	24	25	26	83	#
990	6.42399	22	23	24	25	26	27	83	#
991	6.42399	23	24	25	26	27	28	83	#
992	6.42399	24	25	26	27	28	29	83	#
993	6.42399	25	26	27	28	29	30	83	#
994	6.42399	26	27	28	29	30	31	83	#
995	6.42399	27	28	29	30	31	32	83	#
996	6.42399	28	29	30	31	32	33	83	#
997	6.42399	29	30	31	32	33	34	83	#
998	6.42399	30	31	32	33	34	35	83	#
999	6.42399	31	32	33	34	35	36	83	#
1000	6.42399	32	33	34	35	36	37	83	#
1001	6.42399	33	34	35	36	37	38	83	#
1002	6.42399	34	35	36	37	38	39	83	#
1003	6.42399	35	36	37	38	39	40	83	#
1004	6.42399	36	37	38	39	40	41	83	#
1005	6.42399	37	38	39	40	41	42	83	#
1006	6.42399	38	39	40	41	42	43	83	#
1007	6.42399	39	40	41	42	43	44	83	#
1008	6.42399	40	41	42	43	44	45	83	#
1009	6.42399	41	42	43	44	45	46	83	#
1010	6.42399	42	43	44	45	46	47	83	#
1011	6.42399	43	44	45	46	47	48	83	#
1012	6.42399	44	45	46	47	48	49	83	#
1013	6.42399	45	46	47	48	49	50	83	#
1014	6.42399	46	47	48	49	50	51	83	#
1015	6.42399	47	48	49	50	51	52	83	#
1016	6.42399	48	49	50	51	52	53	83	#
1017	6.42399	49	50	51	52	53	54	83	#
1018	6.42399	50	51	52	53	54	55	83	#
1019	6.42399	51	52	53	54	55	56	83	#
1020	6.42399	52	53	54	55	56	57	83	#
1021	6.42399	53	54	55	56	57	58	83	#
1022	6.42399	54	55	56	57	58	59	83	#
1023	6.42399	55	56	57	58	59	60	83	#
1024	6.21677	56	57	58	59	60	61	83	#
1025	6.21677	57	58	59	60	61	62	83	#
1026	6.11809	58	59	60	61	62	63	83	#
