%% File generated by CATS v.2.1Wed Jun 22 10:37:57 2022

%% The CATS webpage is http://robotics.stanford.edu/CATS

%% PARAMETER SETTINGS:
% Goods: 64; Bids: 1000; Distribution: scheduling; Runs: 1; Seed: 1656573148
% Scheduling Distribution Parameters:
% max_length                = 10
% deviation                 = 0.500000
% prob_additional_deadline  = 0.700000
% additivity                = 0.200000



goods 64
bids 1009
dummy 23

0	4.98005	50	51	52	53	54	55	56	68	#
1	5.28047	1	2	3	4	5	64	#
2	5.28047	2	3	4	5	6	64	#
3	5.28047	3	4	5	6	7	64	#
4	5.28047	4	5	6	7	8	64	#
5	5.28047	5	6	7	8	9	64	#
6	5.28047	6	7	8	9	10	64	#
7	5.28047	7	8	9	10	11	64	#
8	5.28047	8	9	10	11	12	64	#
9	5.28047	9	10	11	12	13	64	#
10	5.28047	10	11	12	13	14	64	#
11	5.28047	11	12	13	14	15	64	#
12	5.28047	12	13	14	15	16	64	#
13	5.28047	13	14	15	16	17	64	#
14	5.28047	14	15	16	17	18	64	#
15	5.28047	15	16	17	18	19	64	#
16	5.28047	16	17	18	19	20	64	#
17	5.28047	17	18	19	20	21	64	#
18	5.28047	18	19	20	21	22	64	#
19	5.28047	19	20	21	22	23	64	#
20	5.28047	20	21	22	23	24	64	#
21	5.28047	21	22	23	24	25	64	#
22	5.28047	22	23	24	25	26	64	#
23	2.80188	23	24	25	26	27	64	#
24	2.80188	24	25	26	27	28	64	#
25	2.80188	25	26	27	28	29	64	#
26	2.80188	26	27	28	29	30	64	#
27	2.80188	27	28	29	30	31	64	#
28	2.80188	28	29	30	31	32	64	#
29	2.80188	29	30	31	32	33	64	#
30	2.80188	30	31	32	33	34	64	#
31	2.80188	31	32	33	34	35	64	#
32	2.80188	32	33	34	35	36	64	#
33	2.80188	33	34	35	36	37	64	#
34	2.80188	34	35	36	37	38	64	#
35	2.80188	35	36	37	38	39	64	#
36	2.80188	36	37	38	39	40	64	#
37	2.80188	37	38	39	40	41	64	#
38	2.80188	38	39	40	41	42	64	#
39	2.80188	39	40	41	42	43	64	#
40	2.80188	40	41	42	43	44	64	#
41	2.80188	41	42	43	44	45	64	#
42	2.80188	42	43	44	45	46	64	#
43	2.80188	43	44	45	46	47	64	#
44	2.80188	44	45	46	47	48	64	#
45	2.80188	45	46	47	48	49	64	#
46	2.2882	46	47	48	49	50	64	#
47	2.2882	47	48	49	50	51	64	#
48	2.2882	48	49	50	51	52	64	#
49	2.2882	49	50	51	52	53	64	#
50	2.2882	50	51	52	53	54	64	#
51	2.2882	51	52	53	54	55	64	#
52	2.2882	52	53	54	55	56	64	#
53	2.2882	53	54	55	56	57	64	#
54	2.2882	54	55	56	57	58	64	#
55	2.2882	55	56	57	58	59	64	#
56	2.2882	56	57	58	59	60	64	#
57	1.4975	0	65	#
58	1.4975	1	65	#
59	1.4975	2	65	#
60	1.4975	3	65	#
61	1.4975	4	65	#
62	1.4975	5	65	#
63	1.4975	6	65	#
64	1.4975	7	65	#
65	1.4975	8	65	#
66	1.4975	9	65	#
67	1.4975	10	65	#
68	1.4975	11	65	#
69	1.4975	12	65	#
70	1.4975	13	65	#
71	1.4975	14	65	#
72	6.23415	0	1	2	3	4	66	#
73	6.23415	1	2	3	4	5	66	#
74	6.23415	2	3	4	5	6	66	#
75	6.23415	3	4	5	6	7	66	#
76	6.23415	4	5	6	7	8	66	#
77	6.23415	5	6	7	8	9	66	#
78	6.23415	6	7	8	9	10	66	#
79	6.23415	7	8	9	10	11	66	#
80	6.23415	8	9	10	11	12	66	#
81	6.23415	9	10	11	12	13	66	#
82	6.23415	10	11	12	13	14	66	#
83	6.23415	11	12	13	14	15	66	#
84	6.23415	12	13	14	15	16	66	#
85	6.23415	13	14	15	16	17	66	#
86	6.23415	14	15	16	17	18	66	#
87	6.23415	15	16	17	18	19	66	#
88	6.23415	16	17	18	19	20	66	#
89	6.23415	17	18	19	20	21	66	#
90	6.23415	18	19	20	21	22	66	#
91	6.23415	19	20	21	22	23	66	#
92	6.23415	20	21	22	23	24	66	#
93	6.23415	21	22	23	24	25	66	#
94	6.23415	22	23	24	25	26	66	#
95	6.23415	23	24	25	26	27	66	#
96	6.23415	24	25	26	27	28	66	#
97	6.23415	25	26	27	28	29	66	#
98	6.23415	26	27	28	29	30	66	#
99	6.23415	27	28	29	30	31	66	#
100	6.23415	28	29	30	31	32	66	#
101	6.23415	29	30	31	32	33	66	#
102	6.23415	30	31	32	33	34	66	#
103	6.23415	31	32	33	34	35	66	#
104	6.23415	32	33	34	35	36	66	#
105	6.23415	33	34	35	36	37	66	#
106	6.23415	34	35	36	37	38	66	#
107	6.23415	35	36	37	38	39	66	#
108	6.23415	36	37	38	39	40	66	#
109	6.23415	37	38	39	40	41	66	#
110	6.23415	38	39	40	41	42	66	#
111	6.23415	39	40	41	42	43	66	#
112	6.23415	40	41	42	43	44	66	#
113	6.23415	41	42	43	44	45	66	#
114	6.23415	42	43	44	45	46	66	#
115	6.23415	43	44	45	46	47	66	#
116	6.23415	44	45	46	47	48	66	#
117	4.82644	45	46	47	48	49	66	#
118	4.82644	46	47	48	49	50	66	#
119	4.82644	47	48	49	50	51	66	#
120	4.82644	48	49	50	51	52	66	#
121	4.82644	49	50	51	52	53	66	#
122	4.82644	50	51	52	53	54	66	#
123	4.82644	51	52	53	54	55	66	#
124	4.82644	52	53	54	55	56	66	#
125	4.82644	53	54	55	56	57	66	#
126	4.82644	54	55	56	57	58	66	#
127	4.82644	55	56	57	58	59	66	#
128	4.82644	56	57	58	59	60	66	#
129	4.82644	57	58	59	60	61	66	#
130	4.82644	58	59	60	61	62	66	#
131	4.74983	59	60	61	62	63	66	#
132	6.05371	0	1	2	3	#
133	13.9442	0	1	2	3	4	5	6	68	#
134	13.9442	1	2	3	4	5	6	7	68	#
135	13.9442	2	3	4	5	6	7	8	68	#
136	13.9442	3	4	5	6	7	8	9	68	#
137	13.9442	4	5	6	7	8	9	10	68	#
138	13.9442	5	6	7	8	9	10	11	68	#
139	13.9442	6	7	8	9	10	11	12	68	#
140	13.9442	7	8	9	10	11	12	13	68	#
141	13.9442	8	9	10	11	12	13	14	68	#
142	13.9442	9	10	11	12	13	14	15	68	#
143	13.9442	10	11	12	13	14	15	16	68	#
144	13.9442	11	12	13	14	15	16	17	68	#
145	13.9442	12	13	14	15	16	17	18	68	#
146	13.9442	13	14	15	16	17	18	19	68	#
147	13.9442	14	15	16	17	18	19	20	68	#
148	6.64007	15	16	17	18	19	20	21	68	#
149	6.64007	16	17	18	19	20	21	22	68	#
150	6.64007	17	18	19	20	21	22	23	68	#
151	6.64007	18	19	20	21	22	23	24	68	#
152	6.64007	19	20	21	22	23	24	25	68	#
153	6.64007	20	21	22	23	24	25	26	68	#
154	6.64007	21	22	23	24	25	26	27	68	#
155	6.64007	22	23	24	25	26	27	28	68	#
156	6.64007	23	24	25	26	27	28	29	68	#
157	6.64007	24	25	26	27	28	29	30	68	#
158	6.64007	25	26	27	28	29	30	31	68	#
159	6.64007	26	27	28	29	30	31	32	68	#
160	6.64007	27	28	29	30	31	32	33	68	#
161	6.64007	28	29	30	31	32	33	34	68	#
162	6.64007	29	30	31	32	33	34	35	68	#
163	6.64007	30	31	32	33	34	35	36	68	#
164	6.64007	31	32	33	34	35	36	37	68	#
165	6.64007	32	33	34	35	36	37	38	68	#
166	6.64007	33	34	35	36	37	38	39	68	#
167	6.64007	34	35	36	37	38	39	40	68	#
168	6.64007	35	36	37	38	39	40	41	68	#
169	6.64007	36	37	38	39	40	41	42	68	#
170	4.98005	37	38	39	40	41	42	43	68	#
171	4.98005	38	39	40	41	42	43	44	68	#
172	4.98005	39	40	41	42	43	44	45	68	#
173	4.98005	40	41	42	43	44	45	46	68	#
174	4.98005	41	42	43	44	45	46	47	68	#
175	4.98005	42	43	44	45	46	47	48	68	#
176	4.98005	43	44	45	46	47	48	49	68	#
177	4.98005	44	45	46	47	48	49	50	68	#
178	4.98005	45	46	47	48	49	50	51	68	#
179	4.98005	46	47	48	49	50	51	52	68	#
180	4.98005	47	48	49	50	51	52	53	68	#
181	4.98005	48	49	50	51	52	53	54	68	#
182	4.98005	49	50	51	52	53	54	55	68	#
183	6.4911	0	1	2	3	4	69	#
184	6.4911	1	2	3	4	5	69	#
185	6.4911	2	3	4	5	6	69	#
186	6.4911	3	4	5	6	7	69	#
187	6.4911	4	5	6	7	8	69	#
188	6.4911	5	6	7	8	9	69	#
189	6.4911	6	7	8	9	10	69	#
190	6.4911	7	8	9	10	11	69	#
191	6.4911	8	9	10	11	12	69	#
192	6.4911	9	10	11	12	13	69	#
193	6.4911	10	11	12	13	14	69	#
194	6.4911	11	12	13	14	15	69	#
195	6.4911	12	13	14	15	16	69	#
196	6.4911	13	14	15	16	17	69	#
197	6.4911	14	15	16	17	18	69	#
198	6.4911	15	16	17	18	19	69	#
199	6.4911	16	17	18	19	20	69	#
200	6.4911	17	18	19	20	21	69	#
201	6.4911	18	19	20	21	22	69	#
202	6.4911	19	20	21	22	23	69	#
203	6.4911	20	21	22	23	24	69	#
204	6.4911	21	22	23	24	25	69	#
205	6.4911	22	23	24	25	26	69	#
206	6.4911	23	24	25	26	27	69	#
207	6.4911	24	25	26	27	28	69	#
208	6.4911	25	26	27	28	29	69	#
209	6.4911	26	27	28	29	30	69	#
210	6.4911	27	28	29	30	31	69	#
211	6.4911	28	29	30	31	32	69	#
212	6.4911	29	30	31	32	33	69	#
213	6.4911	30	31	32	33	34	69	#
214	6.4911	31	32	33	34	35	69	#
215	6.4911	32	33	34	35	36	69	#
216	6.4911	33	34	35	36	37	69	#
217	6.4911	34	35	36	37	38	69	#
218	6.4911	35	36	37	38	39	69	#
219	6.4911	36	37	38	39	40	69	#
220	6.4911	37	38	39	40	41	69	#
221	6.4911	38	39	40	41	42	69	#
222	6.4911	39	40	41	42	43	69	#
223	6.4911	40	41	42	43	44	69	#
224	6.4911	41	42	43	44	45	69	#
225	6.4911	42	43	44	45	46	69	#
226	6.4911	43	44	45	46	47	69	#
227	6.4911	44	45	46	47	48	69	#
228	6.4911	45	46	47	48	49	69	#
229	6.4911	46	47	48	49	50	69	#
230	6.4911	47	48	49	50	51	69	#
231	6.4911	48	49	50	51	52	69	#
232	6.4911	49	50	51	52	53	69	#
233	6.4911	50	51	52	53	54	69	#
234	6.4911	51	52	53	54	55	69	#
235	6.4911	52	53	54	55	56	69	#
236	6.4911	53	54	55	56	57	69	#
237	10.8204	0	1	2	3	4	5	70	#
238	10.8204	1	2	3	4	5	6	70	#
239	10.8204	2	3	4	5	6	7	70	#
240	10.8204	3	4	5	6	7	8	70	#
241	10.8204	4	5	6	7	8	9	70	#
242	10.8204	5	6	7	8	9	10	70	#
243	10.8204	6	7	8	9	10	11	70	#
244	10.8204	7	8	9	10	11	12	70	#
245	10.8204	8	9	10	11	12	13	70	#
246	10.8204	9	10	11	12	13	14	70	#
247	10.8204	10	11	12	13	14	15	70	#
248	10.8204	11	12	13	14	15	16	70	#
249	10.8204	12	13	14	15	16	17	70	#
250	10.8204	13	14	15	16	17	18	70	#
251	10.8204	14	15	16	17	18	19	70	#
252	10.8204	15	16	17	18	19	20	70	#
253	10.8204	16	17	18	19	20	21	70	#
254	10.8204	17	18	19	20	21	22	70	#
255	10.8204	18	19	20	21	22	23	70	#
256	10.8204	19	20	21	22	23	24	70	#
257	10.8204	20	21	22	23	24	25	70	#
258	10.8204	21	22	23	24	25	26	70	#
259	10.8204	22	23	24	25	26	27	70	#
260	10.8204	23	24	25	26	27	28	70	#
261	10.8204	24	25	26	27	28	29	70	#
262	10.8204	25	26	27	28	29	30	70	#
263	10.8204	26	27	28	29	30	31	70	#
264	10.8204	27	28	29	30	31	32	70	#
265	10.8204	28	29	30	31	32	33	70	#
266	10.8204	29	30	31	32	33	34	70	#
267	10.8204	30	31	32	33	34	35	70	#
268	10.8204	31	32	33	34	35	36	70	#
269	10.8204	32	33	34	35	36	37	70	#
270	10.8204	33	34	35	36	37	38	70	#
271	10.8204	34	35	36	37	38	39	70	#
272	10.8204	35	36	37	38	39	40	70	#
273	10.8204	36	37	38	39	40	41	70	#
274	10.8204	37	38	39	40	41	42	70	#
275	10.8204	38	39	40	41	42	43	70	#
276	10.8204	39	40	41	42	43	44	70	#
277	10.8204	40	41	42	43	44	45	70	#
278	10.8204	41	42	43	44	45	46	70	#
279	10.8204	42	43	44	45	46	47	70	#
280	10.8204	43	44	45	46	47	48	70	#
281	10.8204	44	45	46	47	48	49	70	#
282	10.8204	45	46	47	48	49	50	70	#
283	10.8204	46	47	48	49	50	51	70	#
284	10.8204	47	48	49	50	51	52	70	#
285	10.8204	48	49	50	51	52	53	70	#
286	10.8204	49	50	51	52	53	54	70	#
287	10.8204	50	51	52	53	54	55	70	#
288	9.44638	51	52	53	54	55	56	70	#
289	9.44638	52	53	54	55	56	57	70	#
290	9.44638	53	54	55	56	57	58	70	#
291	9.44638	54	55	56	57	58	59	70	#
292	9.44638	55	56	57	58	59	60	70	#
293	9.44638	56	57	58	59	60	61	70	#
294	9.44638	57	58	59	60	61	62	70	#
295	9.44638	58	59	60	61	62	63	70	#
296	9.54505	0	1	2	3	4	71	#
297	9.54505	1	2	3	4	5	71	#
298	9.54505	2	3	4	5	6	71	#
299	9.54505	3	4	5	6	7	71	#
300	9.54505	4	5	6	7	8	71	#
301	9.54505	5	6	7	8	9	71	#
302	9.54505	6	7	8	9	10	71	#
303	9.54505	7	8	9	10	11	71	#
304	9.54505	8	9	10	11	12	71	#
305	9.54505	9	10	11	12	13	71	#
306	9.54505	10	11	12	13	14	71	#
307	9.54505	11	12	13	14	15	71	#
308	9.54505	12	13	14	15	16	71	#
309	9.54505	13	14	15	16	17	71	#
310	9.54505	14	15	16	17	18	71	#
311	9.54505	15	16	17	18	19	71	#
312	9.54505	16	17	18	19	20	71	#
313	9.54505	17	18	19	20	21	71	#
314	9.54505	18	19	20	21	22	71	#
315	9.54505	19	20	21	22	23	71	#
316	9.54505	20	21	22	23	24	71	#
317	9.54505	21	22	23	24	25	71	#
318	9.54505	22	23	24	25	26	71	#
319	9.54505	23	24	25	26	27	71	#
320	9.54505	24	25	26	27	28	71	#
321	9.54505	25	26	27	28	29	71	#
322	9.54505	26	27	28	29	30	71	#
323	9.54505	27	28	29	30	31	71	#
324	6.03871	28	29	30	31	32	71	#
325	6.03871	29	30	31	32	33	71	#
326	6.03871	30	31	32	33	34	71	#
327	6.03871	31	32	33	34	35	71	#
328	6.03871	32	33	34	35	36	71	#
329	6.03871	33	34	35	36	37	71	#
330	6.03871	34	35	36	37	38	71	#
331	6.03871	35	36	37	38	39	71	#
332	6.03871	36	37	38	39	40	71	#
333	6.03871	37	38	39	40	41	71	#
334	6.03871	38	39	40	41	42	71	#
335	6.03871	39	40	41	42	43	71	#
336	6.03871	40	41	42	43	44	71	#
337	6.03871	41	42	43	44	45	71	#
338	6.03871	42	43	44	45	46	71	#
339	6.03871	43	44	45	46	47	71	#
340	6.03871	44	45	46	47	48	71	#
341	6.03871	45	46	47	48	49	71	#
342	3.02021	0	1	2	72	#
343	3.02021	1	2	3	72	#
344	3.02021	2	3	4	72	#
345	3.02021	3	4	5	72	#
346	3.02021	4	5	6	72	#
347	3.02021	5	6	7	72	#
348	3.02021	6	7	8	72	#
349	3.02021	7	8	9	72	#
350	3.02021	8	9	10	72	#
351	3.02021	9	10	11	72	#
352	3.02021	10	11	12	72	#
353	3.02021	11	12	13	72	#
354	3.02021	12	13	14	72	#
355	3.02021	13	14	15	72	#
356	3.02021	14	15	16	72	#
357	3.02021	15	16	17	72	#
358	3.02021	16	17	18	72	#
359	3.02021	17	18	19	72	#
360	3.02021	18	19	20	72	#
361	3.02021	19	20	21	72	#
362	3.02021	20	21	22	72	#
363	3.02021	21	22	23	72	#
364	3.02021	22	23	24	72	#
365	3.02021	23	24	25	72	#
366	3.02021	24	25	26	72	#
367	3.02021	25	26	27	72	#
368	3.02021	26	27	28	72	#
369	3.02021	27	28	29	72	#
370	3.02021	28	29	30	72	#
371	3.02021	29	30	31	72	#
372	3.02021	30	31	32	72	#
373	3.02021	31	32	33	72	#
374	3.02021	32	33	34	72	#
375	3.02021	33	34	35	72	#
376	3.02021	34	35	36	72	#
377	3.02021	35	36	37	72	#
378	3.02021	36	37	38	72	#
379	3.02021	37	38	39	72	#
380	3.02021	38	39	40	72	#
381	3.02021	39	40	41	72	#
382	3.02021	40	41	42	72	#
383	2.22542	41	42	43	72	#
384	2.22542	42	43	44	72	#
385	2.22542	43	44	45	72	#
386	2.22542	44	45	46	72	#
387	2.22542	45	46	47	72	#
388	2.22542	46	47	48	72	#
389	2.22542	47	48	49	72	#
390	2.22542	48	49	50	72	#
391	2.22542	49	50	51	72	#
392	2.22542	50	51	52	72	#
393	2.22542	51	52	53	72	#
394	2.22542	52	53	54	72	#
395	2.22542	53	54	55	72	#
396	2.22542	54	55	56	72	#
397	2.22542	55	56	57	72	#
398	2.18705	56	57	58	72	#
399	2.04595	57	58	59	72	#
400	2.04595	58	59	60	72	#
401	2.04595	59	60	61	72	#
402	2.04595	60	61	62	72	#
403	2.01348	61	62	63	72	#
404	1.2673	0	73	#
405	1.2673	1	73	#
406	1.2673	2	73	#
407	1.2673	3	73	#
408	1.2673	4	73	#
409	1.2673	5	73	#
410	1.2673	6	73	#
411	1.2673	7	73	#
412	1.2673	8	73	#
413	1.2673	9	73	#
414	1.2673	10	73	#
415	1.2673	11	73	#
416	1.2673	12	73	#
417	1.2673	13	73	#
418	1.2673	14	73	#
419	1.2673	15	73	#
420	1.2673	16	73	#
421	1.2673	17	73	#
422	1.2673	18	73	#
423	1.2673	19	73	#
424	1.2673	20	73	#
425	1.2673	21	73	#
426	1.2673	22	73	#
427	1.2673	23	73	#
428	1.2673	24	73	#
429	1.2673	25	73	#
430	1.2673	26	73	#
431	1.2673	27	73	#
432	1.2673	28	73	#
433	1.2673	29	73	#
434	1.2673	30	73	#
435	1.2673	31	73	#
436	1.2673	32	73	#
437	1.12649	33	73	#
438	1.12649	34	73	#
439	1.12649	35	73	#
440	1.12649	36	73	#
441	0.795166	37	73	#
442	0.795166	38	73	#
443	0.795166	39	73	#
444	0.795166	40	73	#
445	0.795166	41	73	#
446	0.795166	42	73	#
447	0.795166	43	73	#
448	0.795166	44	73	#
449	0.795166	45	73	#
450	0.795166	46	73	#
451	0.795166	47	73	#
452	0.795166	48	73	#
453	0.795166	49	73	#
454	0.795166	50	73	#
455	0.795166	51	73	#
456	0.76516	52	73	#
457	0.76516	53	73	#
458	0.724169	54	73	#
459	0.724169	55	73	#
460	0.724169	56	73	#
461	11.195	0	1	2	3	4	5	6	74	#
462	11.195	1	2	3	4	5	6	7	74	#
463	11.195	2	3	4	5	6	7	8	74	#
464	11.195	3	4	5	6	7	8	9	74	#
465	11.195	4	5	6	7	8	9	10	74	#
466	11.195	5	6	7	8	9	10	11	74	#
467	11.195	6	7	8	9	10	11	12	74	#
468	11.195	7	8	9	10	11	12	13	74	#
469	11.195	8	9	10	11	12	13	14	74	#
470	11.195	9	10	11	12	13	14	15	74	#
471	11.195	10	11	12	13	14	15	16	74	#
472	11.195	11	12	13	14	15	16	17	74	#
473	11.195	12	13	14	15	16	17	18	74	#
474	11.195	13	14	15	16	17	18	19	74	#
475	11.195	14	15	16	17	18	19	20	74	#
476	11.195	15	16	17	18	19	20	21	74	#
477	11.195	16	17	18	19	20	21	22	74	#
478	11.195	17	18	19	20	21	22	23	74	#
479	11.195	18	19	20	21	22	23	24	74	#
480	11.195	19	20	21	22	23	24	25	74	#
481	11.195	20	21	22	23	24	25	26	74	#
482	11.195	21	22	23	24	25	26	27	74	#
483	11.195	22	23	24	25	26	27	28	74	#
484	11.195	23	24	25	26	27	28	29	74	#
485	11.195	24	25	26	27	28	29	30	74	#
486	11.195	25	26	27	28	29	30	31	74	#
487	11.0033	0	1	2	3	4	5	6	7	8	75	#
488	11.0033	1	2	3	4	5	6	7	8	9	75	#
489	11.0033	2	3	4	5	6	7	8	9	10	75	#
490	11.0033	3	4	5	6	7	8	9	10	11	75	#
491	11.0033	4	5	6	7	8	9	10	11	12	75	#
492	11.0033	5	6	7	8	9	10	11	12	13	75	#
493	11.0033	6	7	8	9	10	11	12	13	14	75	#
494	2.83387	0	1	2	76	#
495	2.83387	1	2	3	76	#
496	2.83387	2	3	4	76	#
497	2.83387	3	4	5	76	#
498	2.83387	4	5	6	76	#
499	2.83387	5	6	7	76	#
500	2.83387	6	7	8	76	#
501	2.83387	7	8	9	76	#
502	2.83387	8	9	10	76	#
503	2.83387	9	10	11	76	#
504	2.83387	10	11	12	76	#
505	2.83387	11	12	13	76	#
506	2.83387	12	13	14	76	#
507	2.83387	13	14	15	76	#
508	2.83387	14	15	16	76	#
509	2.83387	15	16	17	76	#
510	2.83387	16	17	18	76	#
511	2.83387	17	18	19	76	#
512	2.83387	18	19	20	76	#
513	2.83387	19	20	21	76	#
514	2.83387	20	21	22	76	#
515	2.83387	21	22	23	76	#
516	2.83387	22	23	24	76	#
517	2.83387	23	24	25	76	#
518	2.83387	24	25	26	76	#
519	2.83387	25	26	27	76	#
520	2.18613	26	27	28	76	#
521	2.18613	27	28	29	76	#
522	2.18613	28	29	30	76	#
523	2.18613	29	30	31	76	#
524	2.18613	30	31	32	76	#
525	2.18613	31	32	33	76	#
526	2.18613	32	33	34	76	#
527	2.18613	33	34	35	76	#
528	1.50028	34	35	36	76	#
529	1.50028	35	36	37	76	#
530	1.50028	36	37	38	76	#
531	1.50028	37	38	39	76	#
532	1.50028	38	39	40	76	#
533	1.50028	39	40	41	76	#
534	1.50028	40	41	42	76	#
535	1.50028	41	42	43	76	#
536	1.50028	42	43	44	76	#
537	1.50028	43	44	45	76	#
538	1.50028	44	45	46	76	#
539	1.50028	45	46	47	76	#
540	1.50028	46	47	48	76	#
541	1.50028	47	48	49	76	#
542	1.50028	48	49	50	76	#
543	1.50028	49	50	51	76	#
544	1.44367	50	51	52	76	#
545	1.44367	51	52	53	76	#
546	1.25434	52	53	54	76	#
547	1.25434	53	54	55	76	#
548	1.25434	54	55	56	76	#
549	1.25434	55	56	57	76	#
550	1.25434	56	57	58	76	#
551	1.25434	57	58	59	76	#
552	1.25434	58	59	60	76	#
553	1.25434	59	60	61	76	#
554	6.43816	0	1	2	3	4	5	6	77	#
555	6.43816	1	2	3	4	5	6	7	77	#
556	6.43816	2	3	4	5	6	7	8	77	#
557	6.43816	3	4	5	6	7	8	9	77	#
558	6.43816	4	5	6	7	8	9	10	77	#
559	6.43816	5	6	7	8	9	10	11	77	#
560	6.43816	6	7	8	9	10	11	12	77	#
561	6.43816	7	8	9	10	11	12	13	77	#
562	6.43816	8	9	10	11	12	13	14	77	#
563	6.43816	9	10	11	12	13	14	15	77	#
564	6.43816	10	11	12	13	14	15	16	77	#
565	6.43816	11	12	13	14	15	16	17	77	#
566	6.43816	12	13	14	15	16	17	18	77	#
567	6.43816	13	14	15	16	17	18	19	77	#
568	6.43816	14	15	16	17	18	19	20	77	#
569	6.43816	15	16	17	18	19	20	21	77	#
570	6.43816	16	17	18	19	20	21	22	77	#
571	6.43816	17	18	19	20	21	22	23	77	#
572	6.43816	18	19	20	21	22	23	24	77	#
573	6.43816	19	20	21	22	23	24	25	77	#
574	6.43816	20	21	22	23	24	25	26	77	#
575	6.43816	21	22	23	24	25	26	27	77	#
576	6.43816	22	23	24	25	26	27	28	77	#
577	6.43816	23	24	25	26	27	28	29	77	#
578	6.43816	24	25	26	27	28	29	30	77	#
579	6.43816	25	26	27	28	29	30	31	77	#
580	3.83814	26	27	28	29	30	31	32	77	#
581	3.83814	27	28	29	30	31	32	33	77	#
582	3.83814	28	29	30	31	32	33	34	77	#
583	3.83814	29	30	31	32	33	34	35	77	#
584	3.83814	30	31	32	33	34	35	36	77	#
585	3.83814	31	32	33	34	35	36	37	77	#
586	3.83814	32	33	34	35	36	37	38	77	#
587	3.83814	33	34	35	36	37	38	39	77	#
588	3.83814	34	35	36	37	38	39	40	77	#
589	3.83814	35	36	37	38	39	40	41	77	#
590	3.83814	36	37	38	39	40	41	42	77	#
591	3.83814	37	38	39	40	41	42	43	77	#
592	3.83814	38	39	40	41	42	43	44	77	#
593	3.83814	39	40	41	42	43	44	45	77	#
594	3.83814	40	41	42	43	44	45	46	77	#
595	3.83814	41	42	43	44	45	46	47	77	#
596	3.83814	42	43	44	45	46	47	48	77	#
597	3.83814	43	44	45	46	47	48	49	77	#
598	3.83814	44	45	46	47	48	49	50	77	#
599	3.83814	45	46	47	48	49	50	51	77	#
600	3.83814	46	47	48	49	50	51	52	77	#
601	12.2881	0	1	2	3	4	5	6	7	8	78	#
602	12.2881	1	2	3	4	5	6	7	8	9	78	#
603	12.2881	2	3	4	5	6	7	8	9	10	78	#
604	12.2881	3	4	5	6	7	8	9	10	11	78	#
605	12.2881	4	5	6	7	8	9	10	11	12	78	#
606	12.2881	5	6	7	8	9	10	11	12	13	78	#
607	12.2881	6	7	8	9	10	11	12	13	14	78	#
608	12.2881	7	8	9	10	11	12	13	14	15	78	#
609	12.2881	8	9	10	11	12	13	14	15	16	78	#
610	12.2881	9	10	11	12	13	14	15	16	17	78	#
611	12.2881	10	11	12	13	14	15	16	17	18	78	#
612	12.2881	11	12	13	14	15	16	17	18	19	78	#
613	12.2881	12	13	14	15	16	17	18	19	20	78	#
614	12.2881	13	14	15	16	17	18	19	20	21	78	#
615	12.2881	14	15	16	17	18	19	20	21	22	78	#
616	12.2881	15	16	17	18	19	20	21	22	23	78	#
617	12.2881	16	17	18	19	20	21	22	23	24	78	#
618	12.2881	17	18	19	20	21	22	23	24	25	78	#
619	12.2881	18	19	20	21	22	23	24	25	26	78	#
620	12.2881	19	20	21	22	23	24	25	26	27	78	#
621	12.2881	20	21	22	23	24	25	26	27	28	78	#
622	12.2881	21	22	23	24	25	26	27	28	29	78	#
623	12.2881	22	23	24	25	26	27	28	29	30	78	#
624	12.2881	23	24	25	26	27	28	29	30	31	78	#
625	12.2881	24	25	26	27	28	29	30	31	32	78	#
626	12.2881	25	26	27	28	29	30	31	32	33	78	#
627	12.2881	26	27	28	29	30	31	32	33	34	78	#
628	12.2881	27	28	29	30	31	32	33	34	35	78	#
629	12.2881	28	29	30	31	32	33	34	35	36	78	#
630	12.2881	29	30	31	32	33	34	35	36	37	78	#
631	12.2881	30	31	32	33	34	35	36	37	38	78	#
632	12.2881	31	32	33	34	35	36	37	38	39	78	#
633	12.2881	32	33	34	35	36	37	38	39	40	78	#
634	12.2881	33	34	35	36	37	38	39	40	41	78	#
635	12.2881	34	35	36	37	38	39	40	41	42	78	#
636	12.2881	35	36	37	38	39	40	41	42	43	78	#
637	12.2881	36	37	38	39	40	41	42	43	44	78	#
638	12.2881	37	38	39	40	41	42	43	44	45	78	#
639	12.2881	38	39	40	41	42	43	44	45	46	78	#
640	12.2881	39	40	41	42	43	44	45	46	47	78	#
641	12.2881	40	41	42	43	44	45	46	47	48	78	#
642	12.2881	41	42	43	44	45	46	47	48	49	78	#
643	12.2881	42	43	44	45	46	47	48	49	50	78	#
644	12.2881	43	44	45	46	47	48	49	50	51	78	#
645	12.2881	44	45	46	47	48	49	50	51	52	78	#
646	12.2881	45	46	47	48	49	50	51	52	53	78	#
647	12.2881	46	47	48	49	50	51	52	53	54	78	#
648	12.2881	47	48	49	50	51	52	53	54	55	78	#
649	12.2881	48	49	50	51	52	53	54	55	56	78	#
650	12.2881	49	50	51	52	53	54	55	56	57	78	#
651	12.2881	50	51	52	53	54	55	56	57	58	78	#
652	12.2881	51	52	53	54	55	56	57	58	59	78	#
653	12.2881	52	53	54	55	56	57	58	59	60	78	#
654	12.2881	53	54	55	56	57	58	59	60	61	78	#
655	12.0899	54	55	56	57	58	59	60	61	62	78	#
656	11.898	55	56	57	58	59	60	61	62	63	78	#
657	3.05453	0	1	79	#
658	3.05453	1	2	79	#
659	3.05453	2	3	79	#
660	3.05453	3	4	79	#
661	3.05453	4	5	79	#
662	3.05453	5	6	79	#
663	3.05453	6	7	79	#
664	3.05453	7	8	79	#
665	3.05453	8	9	79	#
666	3.05453	9	10	79	#
667	3.05453	10	11	79	#
668	3.05453	11	12	79	#
669	3.05453	12	13	79	#
670	3.05453	13	14	79	#
671	3.05453	14	15	79	#
672	3.05453	15	16	79	#
673	3.05453	16	17	79	#
674	3.05453	17	18	79	#
675	3.05453	18	19	79	#
676	3.05453	19	20	79	#
677	3.05453	20	21	79	#
678	3.05453	21	22	79	#
679	3.05453	22	23	79	#
680	3.05453	23	24	79	#
681	3.05453	24	25	79	#
682	3.05453	25	26	79	#
683	3.05453	26	27	79	#
684	3.05453	27	28	79	#
685	3.05453	28	29	79	#
686	3.05453	29	30	79	#
687	3.05453	30	31	79	#
688	3.05453	31	32	79	#
689	3.05453	32	33	79	#
690	3.05453	33	34	79	#
691	3.05453	34	35	79	#
692	3.05453	35	36	79	#
693	3.05453	36	37	79	#
694	3.05453	37	38	79	#
695	3.05453	38	39	79	#
696	3.05453	39	40	79	#
697	3.05453	40	41	79	#
698	3.05453	41	42	79	#
699	3.05453	42	43	79	#
700	3.05453	43	44	79	#
701	3.05453	44	45	79	#
702	3.05453	45	46	79	#
703	3.05453	46	47	79	#
704	3.05453	47	48	79	#
705	3.05453	48	49	79	#
706	6.75566	0	1	2	3	4	80	#
707	6.75566	1	2	3	4	5	80	#
708	6.75566	2	3	4	5	6	80	#
709	6.75566	3	4	5	6	7	80	#
710	6.75566	4	5	6	7	8	80	#
711	6.75566	5	6	7	8	9	80	#
712	6.75566	6	7	8	9	10	80	#
713	6.75566	7	8	9	10	11	80	#
714	6.75566	8	9	10	11	12	80	#
715	6.75566	9	10	11	12	13	80	#
716	6.75566	10	11	12	13	14	80	#
717	6.75566	11	12	13	14	15	80	#
718	6.75566	12	13	14	15	16	80	#
719	6.75566	13	14	15	16	17	80	#
720	6.75566	14	15	16	17	18	80	#
721	6.75566	15	16	17	18	19	80	#
722	6.75566	16	17	18	19	20	80	#
723	6.75566	17	18	19	20	21	80	#
724	6.75566	18	19	20	21	22	80	#
725	6.75566	19	20	21	22	23	80	#
726	2.77465	20	21	22	23	24	80	#
727	2.77465	21	22	23	24	25	80	#
728	2.77465	22	23	24	25	26	80	#
729	2.77465	23	24	25	26	27	80	#
730	2.77465	24	25	26	27	28	80	#
731	2.77465	25	26	27	28	29	80	#
732	2.77465	26	27	28	29	30	80	#
733	2.77465	27	28	29	30	31	80	#
734	2.77465	28	29	30	31	32	80	#
735	2.77465	29	30	31	32	33	80	#
736	2.77465	30	31	32	33	34	80	#
737	2.77465	31	32	33	34	35	80	#
738	2.77465	32	33	34	35	36	80	#
739	2.77465	33	34	35	36	37	80	#
740	2.77465	34	35	36	37	38	80	#
741	2.77465	35	36	37	38	39	80	#
742	2.77465	36	37	38	39	40	80	#
743	2.77465	37	38	39	40	41	80	#
744	2.77465	38	39	40	41	42	80	#
745	2.77465	39	40	41	42	43	80	#
746	2.77465	40	41	42	43	44	80	#
747	2.77465	41	42	43	44	45	80	#
748	2.77465	42	43	44	45	46	80	#
749	2.77465	43	44	45	46	47	80	#
750	2.77465	44	45	46	47	48	80	#
751	2.77465	45	46	47	48	49	80	#
752	2.77465	46	47	48	49	50	80	#
753	2.77465	47	48	49	50	51	80	#
754	2.77465	48	49	50	51	52	80	#
755	2.77465	49	50	51	52	53	80	#
756	2.77465	50	51	52	53	54	80	#
757	2.77465	51	52	53	54	55	80	#
758	2.77465	52	53	54	55	56	80	#
759	2.58967	53	54	55	56	57	80	#
760	2.58967	54	55	56	57	58	80	#
761	2.58967	55	56	57	58	59	80	#
762	2.58967	56	57	58	59	60	80	#
763	16.4195	0	1	2	3	4	5	6	7	8	81	#
764	16.4195	1	2	3	4	5	6	7	8	9	81	#
765	16.4195	2	3	4	5	6	7	8	9	10	81	#
766	16.4195	3	4	5	6	7	8	9	10	11	81	#
767	16.4195	4	5	6	7	8	9	10	11	12	81	#
768	16.4195	5	6	7	8	9	10	11	12	13	81	#
769	16.4195	6	7	8	9	10	11	12	13	14	81	#
770	16.4195	7	8	9	10	11	12	13	14	15	81	#
771	16.4195	8	9	10	11	12	13	14	15	16	81	#
772	16.4195	9	10	11	12	13	14	15	16	17	81	#
773	16.4195	10	11	12	13	14	15	16	17	18	81	#
774	16.4195	11	12	13	14	15	16	17	18	19	81	#
775	16.4195	12	13	14	15	16	17	18	19	20	81	#
776	16.4195	13	14	15	16	17	18	19	20	21	81	#
777	16.4195	14	15	16	17	18	19	20	21	22	81	#
778	16.4195	15	16	17	18	19	20	21	22	23	81	#
779	16.4195	16	17	18	19	20	21	22	23	24	81	#
780	16.4195	17	18	19	20	21	22	23	24	25	81	#
781	16.4195	18	19	20	21	22	23	24	25	26	81	#
782	16.4195	19	20	21	22	23	24	25	26	27	81	#
783	16.4195	20	21	22	23	24	25	26	27	28	81	#
784	16.4195	21	22	23	24	25	26	27	28	29	81	#
785	16.4195	22	23	24	25	26	27	28	29	30	81	#
786	16.4195	23	24	25	26	27	28	29	30	31	81	#
787	16.4195	24	25	26	27	28	29	30	31	32	81	#
788	15.4537	25	26	27	28	29	30	31	32	33	81	#
789	15.4537	26	27	28	29	30	31	32	33	34	81	#
790	6.05399	0	1	2	3	4	5	82	#
791	6.05399	1	2	3	4	5	6	82	#
792	6.05399	2	3	4	5	6	7	82	#
793	6.05399	3	4	5	6	7	8	82	#
794	6.05399	4	5	6	7	8	9	82	#
795	6.05399	5	6	7	8	9	10	82	#
796	6.05399	6	7	8	9	10	11	82	#
797	6.05399	7	8	9	10	11	12	82	#
798	6.05399	8	9	10	11	12	13	82	#
799	6.05399	9	10	11	12	13	14	82	#
800	6.05399	10	11	12	13	14	15	82	#
801	6.05399	11	12	13	14	15	16	82	#
802	6.05399	12	13	14	15	16	17	82	#
803	6.05399	13	14	15	16	17	18	82	#
804	6.05399	14	15	16	17	18	19	82	#
805	6.05399	15	16	17	18	19	20	82	#
806	6.05399	16	17	18	19	20	21	82	#
807	6.05399	17	18	19	20	21	22	82	#
808	6.05399	18	19	20	21	22	23	82	#
809	6.05399	19	20	21	22	23	24	82	#
810	6.05399	20	21	22	23	24	25	82	#
811	6.05399	21	22	23	24	25	26	82	#
812	6.05399	22	23	24	25	26	27	82	#
813	6.05399	23	24	25	26	27	28	82	#
814	6.05399	24	25	26	27	28	29	82	#
815	6.05399	25	26	27	28	29	30	82	#
816	6.05399	26	27	28	29	30	31	82	#
817	6.05399	27	28	29	30	31	32	82	#
818	6.05399	28	29	30	31	32	33	82	#
819	6.05399	29	30	31	32	33	34	82	#
820	6.05399	30	31	32	33	34	35	82	#
821	6.05399	31	32	33	34	35	36	82	#
822	6.05399	32	33	34	35	36	37	82	#
823	6.05399	33	34	35	36	37	38	82	#
824	6.05399	34	35	36	37	38	39	82	#
825	6.05399	35	36	37	38	39	40	82	#
826	6.05399	36	37	38	39	40	41	82	#
827	6.05399	37	38	39	40	41	42	82	#
828	6.05399	38	39	40	41	42	43	82	#
829	6.05399	39	40	41	42	43	44	82	#
830	6.05399	40	41	42	43	44	45	82	#
831	6.05399	41	42	43	44	45	46	82	#
832	6.05399	42	43	44	45	46	47	82	#
833	6.05399	43	44	45	46	47	48	82	#
834	6.05399	44	45	46	47	48	49	82	#
835	6.05399	45	46	47	48	49	50	82	#
836	6.05399	46	47	48	49	50	51	82	#
837	6.05399	47	48	49	50	51	52	82	#
838	17.2597	0	1	2	3	4	5	6	7	8	83	#
839	17.2597	1	2	3	4	5	6	7	8	9	83	#
840	17.2597	2	3	4	5	6	7	8	9	10	83	#
841	17.2597	3	4	5	6	7	8	9	10	11	83	#
842	17.2597	4	5	6	7	8	9	10	11	12	83	#
843	17.2597	5	6	7	8	9	10	11	12	13	83	#
844	17.2597	6	7	8	9	10	11	12	13	14	83	#
845	17.2597	7	8	9	10	11	12	13	14	15	83	#
846	17.2597	8	9	10	11	12	13	14	15	16	83	#
847	17.2597	9	10	11	12	13	14	15	16	17	83	#
848	17.2597	10	11	12	13	14	15	16	17	18	83	#
849	10.0218	11	12	13	14	15	16	17	18	19	83	#
850	10.0218	12	13	14	15	16	17	18	19	20	83	#
851	10.0218	13	14	15	16	17	18	19	20	21	83	#
852	10.0218	14	15	16	17	18	19	20	21	22	83	#
853	10.0218	15	16	17	18	19	20	21	22	23	83	#
854	10.0218	16	17	18	19	20	21	22	23	24	83	#
855	10.0218	17	18	19	20	21	22	23	24	25	83	#
856	10.0218	18	19	20	21	22	23	24	25	26	83	#
857	10.0218	19	20	21	22	23	24	25	26	27	83	#
858	10.0218	20	21	22	23	24	25	26	27	28	83	#
859	10.0218	21	22	23	24	25	26	27	28	29	83	#
860	10.0218	22	23	24	25	26	27	28	29	30	83	#
861	10.0218	23	24	25	26	27	28	29	30	31	83	#
862	7.39701	24	25	26	27	28	29	30	31	32	83	#
863	7.39701	25	26	27	28	29	30	31	32	33	83	#
864	7.39701	26	27	28	29	30	31	32	33	34	83	#
865	7.39701	27	28	29	30	31	32	33	34	35	83	#
866	7.39701	28	29	30	31	32	33	34	35	36	83	#
867	7.39701	29	30	31	32	33	34	35	36	37	83	#
868	7.39701	30	31	32	33	34	35	36	37	38	83	#
869	7.39701	31	32	33	34	35	36	37	38	39	83	#
870	7.39701	32	33	34	35	36	37	38	39	40	83	#
871	7.39701	33	34	35	36	37	38	39	40	41	83	#
872	7.39701	34	35	36	37	38	39	40	41	42	83	#
873	8.19485	0	1	2	3	4	84	#
874	8.19485	1	2	3	4	5	84	#
875	8.19485	2	3	4	5	6	84	#
876	8.19485	3	4	5	6	7	84	#
877	8.19485	4	5	6	7	8	84	#
878	8.19485	5	6	7	8	9	84	#
879	8.19485	6	7	8	9	10	84	#
880	8.19485	7	8	9	10	11	84	#
881	1.23799	0	85	#
882	1.23799	1	85	#
883	1.23799	2	85	#
884	1.23799	3	85	#
885	1.23799	4	85	#
886	1.23799	5	85	#
887	1.23799	6	85	#
888	1.23799	7	85	#
889	1.23799	8	85	#
890	1.23799	9	85	#
891	1.23799	10	85	#
892	1.23799	11	85	#
893	1.23799	12	85	#
894	1.23799	13	85	#
895	1.23799	14	85	#
896	1.23799	15	85	#
897	0.412662	16	85	#
898	0.412662	17	85	#
899	0.412662	18	85	#
900	0.412662	19	85	#
901	0.412662	20	85	#
902	0.412662	21	85	#
903	0.412662	22	85	#
904	0.412662	23	85	#
905	0.412662	24	85	#
906	0.412662	25	85	#
907	0.412662	26	85	#
908	0.412662	27	85	#
909	0.412662	28	85	#
910	0.412662	29	85	#
911	0.412662	30	85	#
912	0.412662	31	85	#
913	0.412662	32	85	#
914	0.412662	33	85	#
915	0.412662	34	85	#
916	0.412662	35	85	#
917	0.412662	36	85	#
918	0.412662	37	85	#
919	0.412662	38	85	#
920	0.412662	39	85	#
921	0.412662	40	85	#
922	0.412662	41	85	#
923	0.412662	42	85	#
924	0.412662	43	85	#
925	0.412662	44	85	#
926	0.412662	45	85	#
927	0.294759	46	85	#
928	0.294759	47	85	#
929	0.294759	48	85	#
930	0.294759	49	85	#
931	0.294759	50	85	#
932	0.294759	51	85	#
933	0.294759	52	85	#
934	0.294759	53	85	#
935	0.294759	54	85	#
936	0.294759	55	85	#
937	0.294759	56	85	#
938	0.294759	57	85	#
939	0.294759	58	85	#
940	0.294759	59	85	#
941	0.294759	60	85	#
942	0.294759	61	85	#
943	0.294759	62	85	#
944	0.294759	63	85	#
945	1.37853	0	86	#
946	1.37853	1	86	#
947	1.37853	2	86	#
948	1.37853	3	86	#
949	1.37853	4	86	#
950	1.37853	5	86	#
951	1.37853	6	86	#
952	1.37853	7	86	#
953	1.37853	8	86	#
954	1.37853	9	86	#
955	1.37853	10	86	#
956	1.37853	11	86	#
957	1.37853	12	86	#
958	1.37853	13	86	#
959	1.37853	14	86	#
960	1.37853	15	86	#
961	1.37853	16	86	#
962	1.37853	17	86	#
963	1.37853	18	86	#
964	1.37853	19	86	#
965	1.37853	20	86	#
966	1.37853	21	86	#
967	1.37853	22	86	#
968	1.37853	23	86	#
969	1.37853	24	86	#
970	1.37853	25	86	#
971	1.37853	26	86	#
972	1.37853	27	86	#
973	1.37853	28	86	#
974	1.37853	29	86	#
975	1.37853	30	86	#
976	1.37853	31	86	#
977	1.37853	32	86	#
978	1.37853	33	86	#
979	1.37853	34	86	#
980	1.37853	35	86	#
981	1.37853	36	86	#
982	1.37853	37	86	#
983	1.37853	38	86	#
984	1.37853	39	86	#
985	1.37853	40	86	#
986	1.37853	41	86	#
987	1.37853	42	86	#
988	1.37853	43	86	#
989	1.37853	44	86	#
990	1.37853	45	86	#
991	1.37853	46	86	#
992	1.37853	47	86	#
993	1.37853	48	86	#
994	1.37853	49	86	#
995	1.37853	50	86	#
996	1.37853	51	86	#
997	1.13395	52	86	#
998	1.13395	53	86	#
999	1.13395	54	86	#
1000	1.13395	55	86	#
1001	1.13395	56	86	#
1002	1.13395	57	86	#
1003	1.13395	58	86	#
1004	1.13395	59	86	#
1005	1.13395	60	86	#
1006	1.13395	61	86	#
1007	1.13395	62	86	#
1008	1.11595	63	86	#
