%% File generated by CATS v.2.1Wed Jun 22 10:37:57 2022

%% The CATS webpage is http://robotics.stanford.edu/CATS

%% PARAMETER SETTINGS:
% Goods: 64; Bids: 1000; Distribution: scheduling; Runs: 1; Seed: 1656573154
% Scheduling Distribution Parameters:
% max_length                = 10
% deviation                 = 0.500000
% prob_additional_deadline  = 0.700000
% additivity                = 0.200000



goods 64
bids 1054
dummy 21

0	14.5037	0	1	2	3	4	5	6	7	64	#
1	14.5037	1	2	3	4	5	6	7	8	64	#
2	14.5037	2	3	4	5	6	7	8	9	64	#
3	14.5037	3	4	5	6	7	8	9	10	64	#
4	14.5037	4	5	6	7	8	9	10	11	64	#
5	14.5037	5	6	7	8	9	10	11	12	64	#
6	14.5037	6	7	8	9	10	11	12	13	64	#
7	14.5037	7	8	9	10	11	12	13	14	64	#
8	14.5037	8	9	10	11	12	13	14	15	64	#
9	14.5037	9	10	11	12	13	14	15	16	64	#
10	14.5037	10	11	12	13	14	15	16	17	64	#
11	14.5037	11	12	13	14	15	16	17	18	64	#
12	14.5037	12	13	14	15	16	17	18	19	64	#
13	14.5037	13	14	15	16	17	18	19	20	64	#
14	14.5037	14	15	16	17	18	19	20	21	64	#
15	14.5037	15	16	17	18	19	20	21	22	64	#
16	14.5037	16	17	18	19	20	21	22	23	64	#
17	14.5037	17	18	19	20	21	22	23	24	64	#
18	7.91111	18	19	20	21	22	23	24	25	64	#
19	7.91111	19	20	21	22	23	24	25	26	64	#
20	7.91111	20	21	22	23	24	25	26	27	64	#
21	7.91111	21	22	23	24	25	26	27	28	64	#
22	7.91111	22	23	24	25	26	27	28	29	64	#
23	7.91111	23	24	25	26	27	28	29	30	64	#
24	7.91111	24	25	26	27	28	29	30	31	64	#
25	7.91111	25	26	27	28	29	30	31	32	64	#
26	7.91111	26	27	28	29	30	31	32	33	64	#
27	7.91111	27	28	29	30	31	32	33	34	64	#
28	7.91111	28	29	30	31	32	33	34	35	64	#
29	7.91111	29	30	31	32	33	34	35	36	64	#
30	7.91111	30	31	32	33	34	35	36	37	64	#
31	7.91111	31	32	33	34	35	36	37	38	64	#
32	7.91111	32	33	34	35	36	37	38	39	64	#
33	7.91111	33	34	35	36	37	38	39	40	64	#
34	7.91111	34	35	36	37	38	39	40	41	64	#
35	7.91111	35	36	37	38	39	40	41	42	64	#
36	7.91111	36	37	38	39	40	41	42	43	64	#
37	7.91111	37	38	39	40	41	42	43	44	64	#
38	5.52522	38	39	40	41	42	43	44	45	64	#
39	5.52522	39	40	41	42	43	44	45	46	64	#
40	5.52522	40	41	42	43	44	45	46	47	64	#
41	5.52522	41	42	43	44	45	46	47	48	64	#
42	5.52522	42	43	44	45	46	47	48	49	64	#
43	5.52522	43	44	45	46	47	48	49	50	64	#
44	5.52522	44	45	46	47	48	49	50	51	64	#
45	5.52522	45	46	47	48	49	50	51	52	64	#
46	5.52522	46	47	48	49	50	51	52	53	64	#
47	5.52522	47	48	49	50	51	52	53	54	64	#
48	5.52522	48	49	50	51	52	53	54	55	64	#
49	5.52522	49	50	51	52	53	54	55	56	64	#
50	5.52522	50	51	52	53	54	55	56	57	64	#
51	5.52522	51	52	53	54	55	56	57	58	64	#
52	5.52522	52	53	54	55	56	57	58	59	64	#
53	5.52522	53	54	55	56	57	58	59	60	64	#
54	5.52522	54	55	56	57	58	59	60	61	64	#
55	5.52522	55	56	57	58	59	60	61	62	64	#
56	5.52522	56	57	58	59	60	61	62	63	64	#
57	8.22057	0	1	2	3	4	5	65	#
58	8.22057	1	2	3	4	5	6	65	#
59	8.22057	2	3	4	5	6	7	65	#
60	8.22057	3	4	5	6	7	8	65	#
61	8.22057	4	5	6	7	8	9	65	#
62	8.22057	5	6	7	8	9	10	65	#
63	8.22057	6	7	8	9	10	11	65	#
64	8.22057	7	8	9	10	11	12	65	#
65	8.22057	8	9	10	11	12	13	65	#
66	8.22057	9	10	11	12	13	14	65	#
67	8.22057	10	11	12	13	14	15	65	#
68	8.22057	11	12	13	14	15	16	65	#
69	8.22057	12	13	14	15	16	17	65	#
70	8.22057	13	14	15	16	17	18	65	#
71	8.22057	14	15	16	17	18	19	65	#
72	8.22057	15	16	17	18	19	20	65	#
73	8.22057	16	17	18	19	20	21	65	#
74	8.22057	17	18	19	20	21	22	65	#
75	8.22057	18	19	20	21	22	23	65	#
76	8.22057	19	20	21	22	23	24	65	#
77	7.30717	20	21	22	23	24	25	65	#
78	7.30717	21	22	23	24	25	26	65	#
79	7.30717	22	23	24	25	26	27	65	#
80	7.07975	0	1	2	3	66	#
81	7.07975	1	2	3	4	66	#
82	7.07975	2	3	4	5	66	#
83	7.07975	3	4	5	6	66	#
84	7.07975	4	5	6	7	66	#
85	7.07975	5	6	7	8	66	#
86	7.07975	6	7	8	9	66	#
87	7.07975	7	8	9	10	66	#
88	7.07975	8	9	10	11	66	#
89	7.07975	9	10	11	12	66	#
90	7.07975	10	11	12	13	66	#
91	7.07975	11	12	13	14	66	#
92	7.07975	12	13	14	15	66	#
93	7.07975	13	14	15	16	66	#
94	7.07975	14	15	16	17	66	#
95	7.07975	15	16	17	18	66	#
96	7.07975	16	17	18	19	66	#
97	7.07975	17	18	19	20	66	#
98	7.07975	18	19	20	21	66	#
99	2.36128	0	1	2	67	#
100	2.36128	1	2	3	67	#
101	2.36128	2	3	4	67	#
102	2.36128	3	4	5	67	#
103	2.36128	4	5	6	67	#
104	2.36128	5	6	7	67	#
105	2.36128	6	7	8	67	#
106	2.36128	7	8	9	67	#
107	2.36128	8	9	10	67	#
108	2.36128	9	10	11	67	#
109	2.36128	10	11	12	67	#
110	2.36128	11	12	13	67	#
111	2.36128	12	13	14	67	#
112	2.36128	13	14	15	67	#
113	2.36128	14	15	16	67	#
114	2.36128	15	16	17	67	#
115	2.36128	16	17	18	67	#
116	2.36128	17	18	19	67	#
117	2.36128	18	19	20	67	#
118	2.36128	19	20	21	67	#
119	2.36128	20	21	22	67	#
120	2.36128	21	22	23	67	#
121	2.36128	22	23	24	67	#
122	2.36128	23	24	25	67	#
123	2.36128	24	25	26	67	#
124	2.36128	25	26	27	67	#
125	2.36128	26	27	28	67	#
126	2.36128	27	28	29	67	#
127	2.36128	28	29	30	67	#
128	2.36128	29	30	31	67	#
129	2.36128	30	31	32	67	#
130	2.36128	31	32	33	67	#
131	2.36128	32	33	34	67	#
132	2.36128	33	34	35	67	#
133	2.36128	34	35	36	67	#
134	2.36128	35	36	37	67	#
135	2.36128	36	37	38	67	#
136	2.36128	37	38	39	67	#
137	2.36128	38	39	40	67	#
138	2.36128	39	40	41	67	#
139	2.36128	40	41	42	67	#
140	2.36128	41	42	43	67	#
141	2.36128	42	43	44	67	#
142	2.36128	43	44	45	67	#
143	2.36128	44	45	46	67	#
144	2.36128	45	46	47	67	#
145	2.36128	46	47	48	67	#
146	2.36128	47	48	49	67	#
147	2.36128	48	49	50	67	#
148	2.36128	49	50	51	67	#
149	2.36128	50	51	52	67	#
150	2.36128	51	52	53	67	#
151	2.36128	52	53	54	67	#
152	2.36128	53	54	55	67	#
153	2.36128	54	55	56	67	#
154	2.36128	55	56	57	67	#
155	2.36128	56	57	58	67	#
156	2.36128	57	58	59	67	#
157	2.36128	58	59	60	67	#
158	2.36128	59	60	61	67	#
159	7.01818	0	1	2	3	68	#
160	7.01818	1	2	3	4	68	#
161	7.01818	2	3	4	5	68	#
162	7.01818	3	4	5	6	68	#
163	7.01818	4	5	6	7	68	#
164	7.01818	5	6	7	8	68	#
165	7.01818	6	7	8	9	68	#
166	7.01818	7	8	9	10	68	#
167	7.01818	8	9	10	11	68	#
168	7.01818	9	10	11	12	68	#
169	7.01818	10	11	12	13	68	#
170	7.01818	11	12	13	14	68	#
171	7.01818	12	13	14	15	68	#
172	7.01818	13	14	15	16	68	#
173	7.01818	14	15	16	17	68	#
174	7.01818	15	16	17	18	68	#
175	7.01818	16	17	18	19	68	#
176	7.01818	17	18	19	20	68	#
177	7.01818	18	19	20	21	68	#
178	7.01818	19	20	21	22	68	#
179	7.01818	20	21	22	23	68	#
180	7.01818	21	22	23	24	68	#
181	7.01818	22	23	24	25	68	#
182	7.01818	23	24	25	26	68	#
183	7.01818	24	25	26	27	68	#
184	7.01818	25	26	27	28	68	#
185	7.01818	26	27	28	29	68	#
186	7.01818	27	28	29	30	68	#
187	7.01818	28	29	30	31	68	#
188	7.01818	29	30	31	32	68	#
189	7.01818	30	31	32	33	68	#
190	7.01818	31	32	33	34	68	#
191	7.01818	32	33	34	35	68	#
192	7.01818	33	34	35	36	68	#
193	7.01818	34	35	36	37	68	#
194	7.01818	35	36	37	38	68	#
195	7.01818	36	37	38	39	68	#
196	7.01818	37	38	39	40	68	#
197	7.01818	38	39	40	41	68	#
198	7.01818	39	40	41	42	68	#
199	7.01818	40	41	42	43	68	#
200	7.01818	41	42	43	44	68	#
201	7.01818	42	43	44	45	68	#
202	7.01818	43	44	45	46	68	#
203	7.01818	44	45	46	47	68	#
204	7.01818	45	46	47	48	68	#
205	7.01818	46	47	48	49	68	#
206	7.01818	47	48	49	50	68	#
207	7.01818	48	49	50	51	68	#
208	7.01818	49	50	51	52	68	#
209	7.01818	50	51	52	53	68	#
210	7.01818	51	52	53	54	68	#
211	7.01818	52	53	54	55	68	#
212	7.01818	53	54	55	56	68	#
213	6.23838	54	55	56	57	68	#
214	6.23838	55	56	57	58	68	#
215	6.23838	56	57	58	59	68	#
216	6.23838	57	58	59	60	68	#
217	6.23838	58	59	60	61	68	#
218	6.23838	59	60	61	62	68	#
219	6.23838	60	61	62	63	68	#
220	6.79675	0	1	2	3	4	69	#
221	6.79675	1	2	3	4	5	69	#
222	6.79675	2	3	4	5	6	69	#
223	6.79675	3	4	5	6	7	69	#
224	6.79675	4	5	6	7	8	69	#
225	6.79675	5	6	7	8	9	69	#
226	6.79675	6	7	8	9	10	69	#
227	6.79675	7	8	9	10	11	69	#
228	6.79675	8	9	10	11	12	69	#
229	6.79675	9	10	11	12	13	69	#
230	6.79675	10	11	12	13	14	69	#
231	6.79675	11	12	13	14	15	69	#
232	6.79675	12	13	14	15	16	69	#
233	6.79675	13	14	15	16	17	69	#
234	6.79675	14	15	16	17	18	69	#
235	6.79675	15	16	17	18	19	69	#
236	6.79675	16	17	18	19	20	69	#
237	6.79675	17	18	19	20	21	69	#
238	6.79675	18	19	20	21	22	69	#
239	6.79675	19	20	21	22	23	69	#
240	6.79675	20	21	22	23	24	69	#
241	6.79675	21	22	23	24	25	69	#
242	6.79675	22	23	24	25	26	69	#
243	6.79675	23	24	25	26	27	69	#
244	6.79675	24	25	26	27	28	69	#
245	6.79675	25	26	27	28	29	69	#
246	6.79675	26	27	28	29	30	69	#
247	6.79675	27	28	29	30	31	69	#
248	6.79675	28	29	30	31	32	69	#
249	6.79675	29	30	31	32	33	69	#
250	6.79675	30	31	32	33	34	69	#
251	6.79675	31	32	33	34	35	69	#
252	6.79675	32	33	34	35	36	69	#
253	6.79675	33	34	35	36	37	69	#
254	6.79675	34	35	36	37	38	69	#
255	6.79675	35	36	37	38	39	69	#
256	6.79675	36	37	38	39	40	69	#
257	6.79675	37	38	39	40	41	69	#
258	6.79675	38	39	40	41	42	69	#
259	6.79675	39	40	41	42	43	69	#
260	6.79675	40	41	42	43	44	69	#
261	5.5381	41	42	43	44	45	69	#
262	5.5381	42	43	44	45	46	69	#
263	5.5381	43	44	45	46	47	69	#
264	5.5381	44	45	46	47	48	69	#
265	5.5381	45	46	47	48	49	69	#
266	5.5381	46	47	48	49	50	69	#
267	5.5381	47	48	49	50	51	69	#
268	5.5381	48	49	50	51	52	69	#
269	5.5381	49	50	51	52	53	69	#
270	5.5381	50	51	52	53	54	69	#
271	5.34031	51	52	53	54	55	69	#
272	5.34031	52	53	54	55	56	69	#
273	4.8235	53	54	55	56	57	69	#
274	4.8235	54	55	56	57	58	69	#
275	4.8235	55	56	57	58	59	69	#
276	4.8235	56	57	58	59	60	69	#
277	4.8235	57	58	59	60	61	69	#
278	4.8235	58	59	60	61	62	69	#
279	3.89125	0	1	2	3	4	70	#
280	3.89125	1	2	3	4	5	70	#
281	3.89125	2	3	4	5	6	70	#
282	3.89125	3	4	5	6	7	70	#
283	3.89125	4	5	6	7	8	70	#
284	3.89125	5	6	7	8	9	70	#
285	3.89125	6	7	8	9	10	70	#
286	3.89125	7	8	9	10	11	70	#
287	3.89125	8	9	10	11	12	70	#
288	3.89125	9	10	11	12	13	70	#
289	3.89125	10	11	12	13	14	70	#
290	3.89125	11	12	13	14	15	70	#
291	3.89125	12	13	14	15	16	70	#
292	3.89125	13	14	15	16	17	70	#
293	3.89125	14	15	16	17	18	70	#
294	3.89125	15	16	17	18	19	70	#
295	3.89125	16	17	18	19	20	70	#
296	3.89125	17	18	19	20	21	70	#
297	3.89125	18	19	20	21	22	70	#
298	3.89125	19	20	21	22	23	70	#
299	3.89125	20	21	22	23	24	70	#
300	3.89125	21	22	23	24	25	70	#
301	3.89125	22	23	24	25	26	70	#
302	3.89125	23	24	25	26	27	70	#
303	3.89125	24	25	26	27	28	70	#
304	3.89125	25	26	27	28	29	70	#
305	3.89125	26	27	28	29	30	70	#
306	3.89125	27	28	29	30	31	70	#
307	3.89125	28	29	30	31	32	70	#
308	3.89125	29	30	31	32	33	70	#
309	3.89125	30	31	32	33	34	70	#
310	3.89125	31	32	33	34	35	70	#
311	3.89125	32	33	34	35	36	70	#
312	3.89125	33	34	35	36	37	70	#
313	3.78884	34	35	36	37	38	70	#
314	3.34828	35	36	37	38	39	70	#
315	3.34828	36	37	38	39	40	70	#
316	3.34828	37	38	39	40	41	70	#
317	3.34828	38	39	40	41	42	70	#
318	3.34828	39	40	41	42	43	70	#
319	2.61775	40	41	42	43	44	70	#
320	2.61775	41	42	43	44	45	70	#
321	2.61775	42	43	44	45	46	70	#
322	2.61775	43	44	45	46	47	70	#
323	2.61775	44	45	46	47	48	70	#
324	2.61775	45	46	47	48	49	70	#
325	2.61775	46	47	48	49	50	70	#
326	2.61775	47	48	49	50	51	70	#
327	2.61775	48	49	50	51	52	70	#
328	2.61775	49	50	51	52	53	70	#
329	2.61775	50	51	52	53	54	70	#
330	2.61775	51	52	53	54	55	70	#
331	1.93951	0	1	2	71	#
332	1.93951	1	2	3	71	#
333	1.93951	2	3	4	71	#
334	1.93951	3	4	5	71	#
335	0.236525	4	5	6	71	#
336	0.236525	5	6	7	71	#
337	0.236525	6	7	8	71	#
338	0.236525	7	8	9	71	#
339	0.236525	8	9	10	71	#
340	0.236525	9	10	11	71	#
341	0.236525	10	11	12	71	#
342	0.236525	11	12	13	71	#
343	0.236525	12	13	14	71	#
344	0.236525	13	14	15	71	#
345	0.236525	14	15	16	71	#
346	0.236525	15	16	17	71	#
347	0.236525	16	17	18	71	#
348	0.236525	17	18	19	71	#
349	0.236525	18	19	20	71	#
350	0.236525	19	20	21	71	#
351	0.236525	20	21	22	71	#
352	0.236525	21	22	23	71	#
353	0.236525	22	23	24	71	#
354	0.236525	23	24	25	71	#
355	0.236525	24	25	26	71	#
356	0.236525	25	26	27	71	#
357	0.236525	26	27	28	71	#
358	0.236525	27	28	29	71	#
359	0.236525	28	29	30	71	#
360	0.236525	29	30	31	71	#
361	0.236525	30	31	32	71	#
362	0.236525	31	32	33	71	#
363	0.236525	32	33	34	71	#
364	0.236525	33	34	35	71	#
365	0.236525	34	35	36	71	#
366	0.236525	35	36	37	71	#
367	0.236525	36	37	38	71	#
368	0.236525	37	38	39	71	#
369	0.236525	38	39	40	71	#
370	0.236525	39	40	41	71	#
371	0.158976	40	41	42	71	#
372	0.158976	41	42	43	71	#
373	0.158976	42	43	44	71	#
374	0.158976	43	44	45	71	#
375	0.158976	44	45	46	71	#
376	0.158976	45	46	47	71	#
377	0.158976	46	47	48	71	#
378	0.158976	47	48	49	71	#
379	0.158976	48	49	50	71	#
380	0.158976	49	50	51	71	#
381	0.158976	50	51	52	71	#
382	0.158976	51	52	53	71	#
383	0.158976	52	53	54	71	#
384	0.158976	53	54	55	71	#
385	0.158976	54	55	56	71	#
386	0.158976	55	56	57	71	#
387	0.158976	56	57	58	71	#
388	0.158976	57	58	59	71	#
389	0.158976	58	59	60	71	#
390	0.158976	59	60	61	71	#
391	7.87208	0	1	2	3	72	#
392	2.14693	1	2	3	4	72	#
393	2.14693	2	3	4	5	72	#
394	2.14693	3	4	5	6	72	#
395	2.14693	4	5	6	7	72	#
396	2.14693	5	6	7	8	72	#
397	2.14693	6	7	8	9	72	#
398	2.14693	7	8	9	10	72	#
399	2.14693	8	9	10	11	72	#
400	0.874675	9	10	11	12	72	#
401	0.874675	10	11	12	13	72	#
402	0.874675	11	12	13	14	72	#
403	0.874675	12	13	14	15	72	#
404	0.874675	13	14	15	16	72	#
405	0.874675	14	15	16	17	72	#
406	0.874675	15	16	17	18	72	#
407	0.874675	16	17	18	19	72	#
408	0.874675	17	18	19	20	72	#
409	0.874675	18	19	20	21	72	#
410	0.874675	19	20	21	22	72	#
411	0.874675	20	21	22	23	72	#
412	0.874675	21	22	23	24	72	#
413	0.874675	22	23	24	25	72	#
414	0.874675	23	24	25	26	72	#
415	0.874675	24	25	26	27	72	#
416	0.513396	25	26	27	28	72	#
417	0.513396	26	27	28	29	72	#
418	0.513396	27	28	29	30	72	#
419	0.513396	28	29	30	31	72	#
420	0.513396	29	30	31	32	72	#
421	0.513396	30	31	32	33	72	#
422	0.513396	31	32	33	34	72	#
423	0.513396	32	33	34	35	72	#
424	0.513396	33	34	35	36	72	#
425	0.513396	34	35	36	37	72	#
426	0.513396	35	36	37	38	72	#
427	0.513396	36	37	38	39	72	#
428	0.513396	37	38	39	40	72	#
429	0.513396	38	39	40	41	72	#
430	0.513396	39	40	41	42	72	#
431	0.513396	40	41	42	43	72	#
432	0.513396	41	42	43	44	72	#
433	0.513396	42	43	44	45	72	#
434	0.513396	43	44	45	46	72	#
435	0.393604	44	45	46	47	72	#
436	0.393604	45	46	47	48	72	#
437	0.393604	46	47	48	49	72	#
438	0.393604	47	48	49	50	72	#
439	0.393604	48	49	50	51	72	#
440	0.393604	49	50	51	52	72	#
441	0.393604	50	51	52	53	72	#
442	0.393604	51	52	53	54	72	#
443	0.393604	52	53	54	55	72	#
444	0.393604	53	54	55	56	72	#
445	0.393604	54	55	56	57	72	#
446	0.393604	55	56	57	58	72	#
447	0.393604	56	57	58	59	72	#
448	0.393604	57	58	59	60	72	#
449	0.387151	58	59	60	61	72	#
450	9.6963	0	1	2	3	4	73	#
451	9.6963	1	2	3	4	5	73	#
452	9.6963	2	3	4	5	6	73	#
453	9.6963	3	4	5	6	7	73	#
454	9.6963	4	5	6	7	8	73	#
455	9.6963	5	6	7	8	9	73	#
456	9.6963	6	7	8	9	10	73	#
457	9.6963	7	8	9	10	11	73	#
458	9.6963	8	9	10	11	12	73	#
459	9.6963	9	10	11	12	13	73	#
460	9.6963	10	11	12	13	14	73	#
461	9.6963	11	12	13	14	15	73	#
462	9.6963	12	13	14	15	16	73	#
463	9.6963	13	14	15	16	17	73	#
464	9.6963	14	15	16	17	18	73	#
465	9.6963	15	16	17	18	19	73	#
466	9.6963	16	17	18	19	20	73	#
467	9.6963	17	18	19	20	21	73	#
468	9.6963	18	19	20	21	22	73	#
469	9.6963	19	20	21	22	23	73	#
470	9.6963	20	21	22	23	24	73	#
471	9.6963	21	22	23	24	25	73	#
472	9.6963	22	23	24	25	26	73	#
473	9.6963	23	24	25	26	27	73	#
474	9.6963	24	25	26	27	28	73	#
475	9.6963	25	26	27	28	29	73	#
476	9.6963	26	27	28	29	30	73	#
477	9.6963	27	28	29	30	31	73	#
478	9.6963	28	29	30	31	32	73	#
479	9.6963	29	30	31	32	33	73	#
480	9.6963	30	31	32	33	34	73	#
481	9.6963	31	32	33	34	35	73	#
482	9.6963	32	33	34	35	36	73	#
483	9.6963	33	34	35	36	37	73	#
484	9.6963	34	35	36	37	38	73	#
485	9.6963	35	36	37	38	39	73	#
486	9.6963	36	37	38	39	40	73	#
487	9.6963	37	38	39	40	41	73	#
488	9.6963	38	39	40	41	42	73	#
489	9.6963	39	40	41	42	43	73	#
490	9.6963	40	41	42	43	44	73	#
491	9.6963	41	42	43	44	45	73	#
492	9.6963	42	43	44	45	46	73	#
493	9.6963	43	44	45	46	47	73	#
494	9.6963	44	45	46	47	48	73	#
495	9.6963	45	46	47	48	49	73	#
496	9.6963	46	47	48	49	50	73	#
497	9.6963	47	48	49	50	51	73	#
498	9.6963	48	49	50	51	52	73	#
499	9.6963	49	50	51	52	53	73	#
500	9.6963	50	51	52	53	54	73	#
501	9.6963	51	52	53	54	55	73	#
502	9.6963	52	53	54	55	56	73	#
503	9.6963	53	54	55	56	57	73	#
504	9.6963	54	55	56	57	58	73	#
505	9.6963	55	56	57	58	59	73	#
506	9.22713	56	57	58	59	60	73	#
507	9.22713	57	58	59	60	61	73	#
508	9.22713	58	59	60	61	62	73	#
509	9.08066	59	60	61	62	63	73	#
510	14.2504	0	1	2	3	4	5	6	7	74	#
511	14.2504	1	2	3	4	5	6	7	8	74	#
512	14.2504	2	3	4	5	6	7	8	9	74	#
513	14.2504	3	4	5	6	7	8	9	10	74	#
514	14.2504	4	5	6	7	8	9	10	11	74	#
515	14.2504	5	6	7	8	9	10	11	12	74	#
516	14.2504	6	7	8	9	10	11	12	13	74	#
517	14.2504	7	8	9	10	11	12	13	14	74	#
518	14.2504	8	9	10	11	12	13	14	15	74	#
519	14.2504	9	10	11	12	13	14	15	16	74	#
520	14.2504	10	11	12	13	14	15	16	17	74	#
521	14.2504	11	12	13	14	15	16	17	18	74	#
522	14.2504	12	13	14	15	16	17	18	19	74	#
523	14.2504	13	14	15	16	17	18	19	20	74	#
524	14.2504	14	15	16	17	18	19	20	21	74	#
525	14.2504	15	16	17	18	19	20	21	22	74	#
526	14.2504	16	17	18	19	20	21	22	23	74	#
527	14.2504	17	18	19	20	21	22	23	24	74	#
528	14.2504	18	19	20	21	22	23	24	25	74	#
529	14.2504	19	20	21	22	23	24	25	26	74	#
530	14.2504	20	21	22	23	24	25	26	27	74	#
531	14.2504	21	22	23	24	25	26	27	28	74	#
532	14.2504	22	23	24	25	26	27	28	29	74	#
533	14.2504	23	24	25	26	27	28	29	30	74	#
534	14.2504	24	25	26	27	28	29	30	31	74	#
535	14.2504	25	26	27	28	29	30	31	32	74	#
536	14.2504	26	27	28	29	30	31	32	33	74	#
537	14.2504	27	28	29	30	31	32	33	34	74	#
538	14.2504	28	29	30	31	32	33	34	35	74	#
539	14.2504	29	30	31	32	33	34	35	36	74	#
540	14.2504	30	31	32	33	34	35	36	37	74	#
541	14.2504	31	32	33	34	35	36	37	38	74	#
542	14.2504	32	33	34	35	36	37	38	39	74	#
543	14.2504	33	34	35	36	37	38	39	40	74	#
544	14.2504	34	35	36	37	38	39	40	41	74	#
545	14.2504	35	36	37	38	39	40	41	42	74	#
546	14.2504	36	37	38	39	40	41	42	43	74	#
547	12.5055	37	38	39	40	41	42	43	44	74	#
548	12.5055	38	39	40	41	42	43	44	45	74	#
549	12.5055	39	40	41	42	43	44	45	46	74	#
550	12.5055	40	41	42	43	44	45	46	47	74	#
551	12.5055	41	42	43	44	45	46	47	48	74	#
552	12.5055	42	43	44	45	46	47	48	49	74	#
553	11.3476	43	44	45	46	47	48	49	50	74	#
554	11.3476	44	45	46	47	48	49	50	51	74	#
555	11.3476	45	46	47	48	49	50	51	52	74	#
556	11.3476	46	47	48	49	50	51	52	53	74	#
557	11.3476	47	48	49	50	51	52	53	54	74	#
558	8.30518	0	1	2	3	4	5	6	7	8	75	#
559	8.30518	1	2	3	4	5	6	7	8	9	75	#
560	8.30518	2	3	4	5	6	7	8	9	10	75	#
561	8.30518	3	4	5	6	7	8	9	10	11	75	#
562	8.30518	4	5	6	7	8	9	10	11	12	75	#
563	8.30518	5	6	7	8	9	10	11	12	13	75	#
564	8.30518	6	7	8	9	10	11	12	13	14	75	#
565	8.30518	7	8	9	10	11	12	13	14	15	75	#
566	8.30518	8	9	10	11	12	13	14	15	16	75	#
567	8.30518	9	10	11	12	13	14	15	16	17	75	#
568	8.30518	10	11	12	13	14	15	16	17	18	75	#
569	8.30518	11	12	13	14	15	16	17	18	19	75	#
570	8.30518	12	13	14	15	16	17	18	19	20	75	#
571	8.30518	13	14	15	16	17	18	19	20	21	75	#
572	8.30518	14	15	16	17	18	19	20	21	22	75	#
573	8.30518	15	16	17	18	19	20	21	22	23	75	#
574	8.30518	16	17	18	19	20	21	22	23	24	75	#
575	8.30518	17	18	19	20	21	22	23	24	25	75	#
576	8.30518	18	19	20	21	22	23	24	25	26	75	#
577	8.30518	19	20	21	22	23	24	25	26	27	75	#
578	8.30518	20	21	22	23	24	25	26	27	28	75	#
579	8.30518	21	22	23	24	25	26	27	28	29	75	#
580	8.30518	22	23	24	25	26	27	28	29	30	75	#
581	8.30518	23	24	25	26	27	28	29	30	31	75	#
582	8.30518	24	25	26	27	28	29	30	31	32	75	#
583	8.30518	25	26	27	28	29	30	31	32	33	75	#
584	8.30518	26	27	28	29	30	31	32	33	34	75	#
585	8.30518	27	28	29	30	31	32	33	34	35	75	#
586	8.30518	28	29	30	31	32	33	34	35	36	75	#
587	8.30518	29	30	31	32	33	34	35	36	37	75	#
588	8.30518	30	31	32	33	34	35	36	37	38	75	#
589	8.30518	31	32	33	34	35	36	37	38	39	75	#
590	8.30518	32	33	34	35	36	37	38	39	40	75	#
591	8.30518	33	34	35	36	37	38	39	40	41	75	#
592	8.30518	34	35	36	37	38	39	40	41	42	75	#
593	8.30518	35	36	37	38	39	40	41	42	43	75	#
594	8.30518	36	37	38	39	40	41	42	43	44	75	#
595	8.30518	37	38	39	40	41	42	43	44	45	75	#
596	8.30518	38	39	40	41	42	43	44	45	46	75	#
597	8.30518	39	40	41	42	43	44	45	46	47	75	#
598	8.30518	40	41	42	43	44	45	46	47	48	75	#
599	8.30518	41	42	43	44	45	46	47	48	49	75	#
600	8.30518	42	43	44	45	46	47	48	49	50	75	#
601	8.30518	43	44	45	46	47	48	49	50	51	75	#
602	8.30518	44	45	46	47	48	49	50	51	52	75	#
603	8.30518	45	46	47	48	49	50	51	52	53	75	#
604	8.30518	46	47	48	49	50	51	52	53	54	75	#
605	8.30518	47	48	49	50	51	52	53	54	55	75	#
606	8.30518	48	49	50	51	52	53	54	55	56	75	#
607	8.30518	49	50	51	52	53	54	55	56	57	75	#
608	8.30518	50	51	52	53	54	55	56	57	58	75	#
609	8.30518	51	52	53	54	55	56	57	58	59	75	#
610	8.30518	52	53	54	55	56	57	58	59	60	75	#
611	8.30518	53	54	55	56	57	58	59	60	61	75	#
612	6.13018	0	1	2	3	4	76	#
613	6.13018	1	2	3	4	5	76	#
614	6.13018	2	3	4	5	6	76	#
615	6.13018	3	4	5	6	7	76	#
616	6.13018	4	5	6	7	8	76	#
617	6.13018	5	6	7	8	9	76	#
618	6.13018	6	7	8	9	10	76	#
619	6.13018	7	8	9	10	11	76	#
620	6.13018	8	9	10	11	12	76	#
621	6.13018	9	10	11	12	13	76	#
622	6.13018	10	11	12	13	14	76	#
623	6.13018	11	12	13	14	15	76	#
624	6.13018	12	13	14	15	16	76	#
625	6.13018	13	14	15	16	17	76	#
626	6.13018	14	15	16	17	18	76	#
627	6.13018	15	16	17	18	19	76	#
628	6.13018	16	17	18	19	20	76	#
629	6.13018	17	18	19	20	21	76	#
630	6.13018	18	19	20	21	22	76	#
631	6.13018	19	20	21	22	23	76	#
632	6.13018	20	21	22	23	24	76	#
633	6.13018	21	22	23	24	25	76	#
634	6.13018	22	23	24	25	26	76	#
635	6.13018	23	24	25	26	27	76	#
636	6.13018	24	25	26	27	28	76	#
637	6.13018	25	26	27	28	29	76	#
638	6.13018	26	27	28	29	30	76	#
639	6.13018	27	28	29	30	31	76	#
640	6.13018	28	29	30	31	32	76	#
641	6.13018	29	30	31	32	33	76	#
642	6.13018	30	31	32	33	34	76	#
643	6.13018	31	32	33	34	35	76	#
644	6.13018	32	33	34	35	36	76	#
645	6.13018	33	34	35	36	37	76	#
646	6.13018	34	35	36	37	38	76	#
647	6.13018	35	36	37	38	39	76	#
648	6.13018	36	37	38	39	40	76	#
649	4.01979	37	38	39	40	41	76	#
650	4.01979	38	39	40	41	42	76	#
651	4.01979	39	40	41	42	43	76	#
652	4.01979	40	41	42	43	44	76	#
653	4.01979	41	42	43	44	45	76	#
654	4.01979	42	43	44	45	46	76	#
655	4.01979	43	44	45	46	47	76	#
656	4.01979	44	45	46	47	48	76	#
657	4.01979	45	46	47	48	49	76	#
658	4.01979	46	47	48	49	50	76	#
659	4.01979	47	48	49	50	51	76	#
660	4.01979	48	49	50	51	52	76	#
661	4.01979	49	50	51	52	53	76	#
662	4.01979	50	51	52	53	54	76	#
663	4.01979	51	52	53	54	55	76	#
664	4.01979	52	53	54	55	56	76	#
665	4.01979	53	54	55	56	57	76	#
666	4.01979	54	55	56	57	58	76	#
667	4.01979	55	56	57	58	59	76	#
668	4.01979	56	57	58	59	60	76	#
669	4.01979	57	58	59	60	61	76	#
670	3.95495	58	59	60	61	62	76	#
671	4.53414	0	1	2	3	4	77	#
672	4.53414	1	2	3	4	5	77	#
673	4.53414	2	3	4	5	6	77	#
674	4.53414	3	4	5	6	7	77	#
675	4.53414	4	5	6	7	8	77	#
676	4.53414	5	6	7	8	9	77	#
677	4.53414	6	7	8	9	10	77	#
678	4.53414	7	8	9	10	11	77	#
679	4.53414	8	9	10	11	12	77	#
680	4.53414	9	10	11	12	13	77	#
681	4.53414	10	11	12	13	14	77	#
682	4.53414	11	12	13	14	15	77	#
683	4.53414	12	13	14	15	16	77	#
684	4.53414	13	14	15	16	17	77	#
685	4.53414	14	15	16	17	18	77	#
686	4.53414	15	16	17	18	19	77	#
687	4.53414	16	17	18	19	20	77	#
688	4.53414	17	18	19	20	21	77	#
689	4.53414	18	19	20	21	22	77	#
690	4.53414	19	20	21	22	23	77	#
691	4.53414	20	21	22	23	24	77	#
692	4.53414	21	22	23	24	25	77	#
693	4.53414	22	23	24	25	26	77	#
694	4.53414	23	24	25	26	27	77	#
695	4.53414	24	25	26	27	28	77	#
696	4.53414	25	26	27	28	29	77	#
697	4.53414	26	27	28	29	30	77	#
698	4.53414	27	28	29	30	31	77	#
699	4.53414	28	29	30	31	32	77	#
700	4.53414	29	30	31	32	33	77	#
701	4.53414	30	31	32	33	34	77	#
702	4.53414	31	32	33	34	35	77	#
703	4.53414	32	33	34	35	36	77	#
704	4.53414	33	34	35	36	37	77	#
705	4.53414	34	35	36	37	38	77	#
706	4.53414	35	36	37	38	39	77	#
707	4.53414	36	37	38	39	40	77	#
708	4.53414	37	38	39	40	41	77	#
709	4.53414	38	39	40	41	42	77	#
710	4.53414	39	40	41	42	43	77	#
711	4.53414	40	41	42	43	44	77	#
712	4.53414	41	42	43	44	45	77	#
713	4.53414	42	43	44	45	46	77	#
714	4.53414	43	44	45	46	47	77	#
715	4.53414	44	45	46	47	48	77	#
716	4.53414	45	46	47	48	49	77	#
717	4.53414	46	47	48	49	50	77	#
718	4.53414	47	48	49	50	51	77	#
719	2.96194	0	1	78	#
720	2.96194	1	2	78	#
721	2.96194	2	3	78	#
722	2.96194	3	4	78	#
723	2.96194	4	5	78	#
724	2.96194	5	6	78	#
725	2.96194	6	7	78	#
726	2.96194	7	8	78	#
727	2.96194	8	9	78	#
728	2.96194	9	10	78	#
729	2.96194	10	11	78	#
730	2.96194	11	12	78	#
731	2.96194	12	13	78	#
732	2.96194	13	14	78	#
733	2.96194	14	15	78	#
734	2.96194	15	16	78	#
735	2.96194	16	17	78	#
736	2.96194	17	18	78	#
737	2.96194	18	19	78	#
738	2.96194	19	20	78	#
739	2.96194	20	21	78	#
740	2.96194	21	22	78	#
741	2.96194	22	23	78	#
742	2.96194	23	24	78	#
743	2.96194	24	25	78	#
744	2.96194	25	26	78	#
745	2.96194	26	27	78	#
746	2.96194	27	28	78	#
747	2.96194	28	29	78	#
748	2.96194	29	30	78	#
749	2.96194	30	31	78	#
750	2.96194	31	32	78	#
751	2.96194	32	33	78	#
752	2.96194	33	34	78	#
753	2.96194	34	35	78	#
754	2.96194	35	36	78	#
755	2.96194	36	37	78	#
756	2.96194	37	38	78	#
757	2.96194	38	39	78	#
758	2.96194	39	40	78	#
759	2.96194	40	41	78	#
760	2.96194	41	42	78	#
761	2.96194	42	43	78	#
762	2.96194	43	44	78	#
763	2.96194	44	45	78	#
764	2.96194	45	46	78	#
765	2.96194	46	47	78	#
766	2.96194	47	48	78	#
767	2.84346	48	49	78	#
768	2.84346	49	50	78	#
769	6.68633	0	1	2	3	4	5	6	7	79	#
770	6.68633	1	2	3	4	5	6	7	8	79	#
771	6.68633	2	3	4	5	6	7	8	9	79	#
772	6.68633	3	4	5	6	7	8	9	10	79	#
773	6.68633	4	5	6	7	8	9	10	11	79	#
774	6.68633	5	6	7	8	9	10	11	12	79	#
775	6.68633	6	7	8	9	10	11	12	13	79	#
776	6.68633	7	8	9	10	11	12	13	14	79	#
777	6.68633	8	9	10	11	12	13	14	15	79	#
778	6.68633	9	10	11	12	13	14	15	16	79	#
779	6.68633	10	11	12	13	14	15	16	17	79	#
780	6.68633	11	12	13	14	15	16	17	18	79	#
781	6.68633	12	13	14	15	16	17	18	19	79	#
782	6.68633	13	14	15	16	17	18	19	20	79	#
783	6.68633	14	15	16	17	18	19	20	21	79	#
784	6.68633	15	16	17	18	19	20	21	22	79	#
785	6.68633	16	17	18	19	20	21	22	23	79	#
786	6.68633	17	18	19	20	21	22	23	24	79	#
787	6.68633	18	19	20	21	22	23	24	25	79	#
788	6.68633	19	20	21	22	23	24	25	26	79	#
789	6.68633	20	21	22	23	24	25	26	27	79	#
790	6.68633	21	22	23	24	25	26	27	28	79	#
791	6.68633	22	23	24	25	26	27	28	29	79	#
792	6.68633	23	24	25	26	27	28	29	30	79	#
793	6.68633	24	25	26	27	28	29	30	31	79	#
794	6.68633	25	26	27	28	29	30	31	32	79	#
795	6.68633	26	27	28	29	30	31	32	33	79	#
796	6.68633	27	28	29	30	31	32	33	34	79	#
797	6.68633	28	29	30	31	32	33	34	35	79	#
798	6.68633	29	30	31	32	33	34	35	36	79	#
799	6.68633	30	31	32	33	34	35	36	37	79	#
800	6.68633	31	32	33	34	35	36	37	38	79	#
801	6.68633	32	33	34	35	36	37	38	39	79	#
802	6.68633	33	34	35	36	37	38	39	40	79	#
803	4.03649	0	1	2	3	4	80	#
804	4.03649	1	2	3	4	5	80	#
805	4.03649	2	3	4	5	6	80	#
806	4.03649	3	4	5	6	7	80	#
807	4.03649	4	5	6	7	8	80	#
808	4.03649	5	6	7	8	9	80	#
809	4.03649	6	7	8	9	10	80	#
810	4.03649	7	8	9	10	11	80	#
811	4.03649	8	9	10	11	12	80	#
812	4.03649	9	10	11	12	13	80	#
813	4.03649	10	11	12	13	14	80	#
814	4.03649	11	12	13	14	15	80	#
815	4.03649	12	13	14	15	16	80	#
816	4.03649	13	14	15	16	17	80	#
817	4.03649	14	15	16	17	18	80	#
818	4.03649	15	16	17	18	19	80	#
819	4.03649	16	17	18	19	20	80	#
820	4.03649	17	18	19	20	21	80	#
821	4.03649	18	19	20	21	22	80	#
822	4.03649	19	20	21	22	23	80	#
823	4.03649	20	21	22	23	24	80	#
824	4.03649	21	22	23	24	25	80	#
825	4.03649	22	23	24	25	26	80	#
826	4.03649	23	24	25	26	27	80	#
827	4.03649	24	25	26	27	28	80	#
828	4.03649	25	26	27	28	29	80	#
829	4.03649	26	27	28	29	30	80	#
830	4.03649	27	28	29	30	31	80	#
831	4.03649	28	29	30	31	32	80	#
832	4.03649	29	30	31	32	33	80	#
833	2.96009	30	31	32	33	34	80	#
834	2.96009	31	32	33	34	35	80	#
835	2.96009	32	33	34	35	36	80	#
836	2.96009	33	34	35	36	37	80	#
837	2.96009	34	35	36	37	38	80	#
838	2.96009	35	36	37	38	39	80	#
839	2.96009	36	37	38	39	40	80	#
840	2.96009	37	38	39	40	41	80	#
841	2.96009	38	39	40	41	42	80	#
842	2.96009	39	40	41	42	43	80	#
843	2.96009	40	41	42	43	44	80	#
844	2.96009	41	42	43	44	45	80	#
845	2.51329	42	43	44	45	46	80	#
846	2.51329	43	44	45	46	47	80	#
847	2.51329	44	45	46	47	48	80	#
848	2.51329	45	46	47	48	49	80	#
849	2.51329	46	47	48	49	50	80	#
850	2.51329	47	48	49	50	51	80	#
851	2.51329	48	49	50	51	52	80	#
852	2.51329	49	50	51	52	53	80	#
853	2.29662	50	51	52	53	54	80	#
854	2.29662	51	52	53	54	55	80	#
855	2.29662	52	53	54	55	56	80	#
856	2.29662	53	54	55	56	57	80	#
857	2.29662	54	55	56	57	58	80	#
858	2.22007	55	56	57	58	59	80	#
859	2.22007	56	57	58	59	60	80	#
860	2.14846	57	58	59	60	61	80	#
861	2.14846	58	59	60	61	62	80	#
862	2.11435	59	60	61	62	63	80	#
863	0.60697	0	81	#
864	0.60697	1	81	#
865	0.60697	2	81	#
866	0.60697	3	81	#
867	0.60697	4	81	#
868	0.60697	5	81	#
869	0.60697	6	81	#
870	0.60697	7	81	#
871	0.60697	8	81	#
872	0.60697	9	81	#
873	0.60697	10	81	#
874	0.60697	11	81	#
875	0.60697	12	81	#
876	0.60697	13	81	#
877	0.138432	14	81	#
878	0.138432	15	81	#
879	0.138432	16	81	#
880	0.138432	17	81	#
881	0.138432	18	81	#
882	0.138432	19	81	#
883	0.138432	20	81	#
884	0.138432	21	81	#
885	0.138432	22	81	#
886	0.138432	23	81	#
887	0.138432	24	81	#
888	0.138432	25	81	#
889	0.138432	26	81	#
890	0.138432	27	81	#
891	0.138432	28	81	#
892	0.138432	29	81	#
893	0.138432	30	81	#
894	0.138432	31	81	#
895	0.138432	32	81	#
896	0.138432	33	81	#
897	0.138432	34	81	#
898	0.138432	35	81	#
899	0.138432	36	81	#
900	0.138432	37	81	#
901	0.138432	38	81	#
902	0.138432	39	81	#
903	0.138432	40	81	#
904	0.138432	41	81	#
905	0.138432	42	81	#
906	0.138432	43	81	#
907	0.138432	44	81	#
908	0.138432	45	81	#
909	0.138432	46	81	#
910	0.138432	47	81	#
911	0.138432	48	81	#
912	0.138432	49	81	#
913	0.138432	50	81	#
914	0.138432	51	81	#
915	0.138432	52	81	#
916	0.138432	53	81	#
917	0.138432	54	81	#
918	0.138432	55	81	#
919	0.138432	56	81	#
920	0.138432	57	81	#
921	22.9462	0	1	2	3	4	5	6	7	8	9	82	#
922	22.9462	1	2	3	4	5	6	7	8	9	10	82	#
923	22.9462	2	3	4	5	6	7	8	9	10	11	82	#
924	22.9462	3	4	5	6	7	8	9	10	11	12	82	#
925	22.9462	4	5	6	7	8	9	10	11	12	13	82	#
926	22.9462	5	6	7	8	9	10	11	12	13	14	82	#
927	22.9462	6	7	8	9	10	11	12	13	14	15	82	#
928	22.9462	7	8	9	10	11	12	13	14	15	16	82	#
929	22.9462	8	9	10	11	12	13	14	15	16	17	82	#
930	22.9462	9	10	11	12	13	14	15	16	17	18	82	#
931	22.9462	10	11	12	13	14	15	16	17	18	19	82	#
932	22.9462	11	12	13	14	15	16	17	18	19	20	82	#
933	22.9462	12	13	14	15	16	17	18	19	20	21	82	#
934	22.9462	13	14	15	16	17	18	19	20	21	22	82	#
935	22.9462	14	15	16	17	18	19	20	21	22	23	82	#
936	22.9462	15	16	17	18	19	20	21	22	23	24	82	#
937	5.37825	0	1	2	3	4	83	#
938	5.37825	1	2	3	4	5	83	#
939	5.37825	2	3	4	5	6	83	#
940	5.37825	3	4	5	6	7	83	#
941	5.37825	4	5	6	7	8	83	#
942	5.37825	5	6	7	8	9	83	#
943	5.37825	6	7	8	9	10	83	#
944	5.37825	7	8	9	10	11	83	#
945	5.37825	8	9	10	11	12	83	#
946	5.37825	9	10	11	12	13	83	#
947	5.37825	10	11	12	13	14	83	#
948	5.37825	11	12	13	14	15	83	#
949	5.37825	12	13	14	15	16	83	#
950	5.37825	13	14	15	16	17	83	#
951	5.37825	14	15	16	17	18	83	#
952	5.37825	15	16	17	18	19	83	#
953	5.37825	16	17	18	19	20	83	#
954	5.37825	17	18	19	20	21	83	#
955	5.37825	18	19	20	21	22	83	#
956	5.37825	19	20	21	22	23	83	#
957	5.37825	20	21	22	23	24	83	#
958	5.37825	21	22	23	24	25	83	#
959	5.37825	22	23	24	25	26	83	#
960	5.37825	23	24	25	26	27	83	#
961	5.37825	24	25	26	27	28	83	#
962	5.37825	25	26	27	28	29	83	#
963	5.37825	26	27	28	29	30	83	#
964	5.37825	27	28	29	30	31	83	#
965	5.37825	28	29	30	31	32	83	#
966	5.37825	29	30	31	32	33	83	#
967	5.37825	30	31	32	33	34	83	#
968	5.37825	31	32	33	34	35	83	#
969	5.37825	32	33	34	35	36	83	#
970	5.37825	33	34	35	36	37	83	#
971	5.37825	34	35	36	37	38	83	#
972	5.37825	35	36	37	38	39	83	#
973	5.37825	36	37	38	39	40	83	#
974	5.37825	37	38	39	40	41	83	#
975	5.37825	38	39	40	41	42	83	#
976	5.37825	39	40	41	42	43	83	#
977	5.37825	40	41	42	43	44	83	#
978	5.37825	41	42	43	44	45	83	#
979	5.37825	42	43	44	45	46	83	#
980	5.37825	43	44	45	46	47	83	#
981	5.37825	44	45	46	47	48	83	#
982	4.96454	45	46	47	48	49	83	#
983	4.96454	46	47	48	49	50	83	#
984	4.96454	47	48	49	50	51	83	#
985	4.96454	48	49	50	51	52	83	#
986	4.45097	49	50	51	52	53	83	#
987	4.45097	50	51	52	53	54	83	#
988	4.45097	51	52	53	54	55	83	#
989	4.45097	52	53	54	55	56	83	#
990	4.45097	53	54	55	56	57	83	#
991	4.45097	54	55	56	57	58	83	#
992	4.62481	0	1	2	84	#
993	4.62481	1	2	3	84	#
994	4.62481	2	3	4	84	#
995	4.62481	3	4	5	84	#
996	4.62481	4	5	6	84	#
997	4.62481	5	6	7	84	#
998	4.62481	6	7	8	84	#
999	4.62481	7	8	9	84	#
1000	4.62481	8	9	10	84	#
1001	4.62481	9	10	11	84	#
1002	4.62481	10	11	12	84	#
1003	4.62481	11	12	13	84	#
1004	4.62481	12	13	14	84	#
1005	4.62481	13	14	15	84	#
1006	4.62481	14	15	16	84	#
1007	4.62481	15	16	17	84	#
1008	4.62481	16	17	18	84	#
1009	4.62481	17	18	19	84	#
1010	4.62481	18	19	20	84	#
1011	4.62481	19	20	21	84	#
1012	4.62481	20	21	22	84	#
1013	4.62481	21	22	23	84	#
1014	4.62481	22	23	24	84	#
1015	4.62481	23	24	25	84	#
1016	4.62481	24	25	26	84	#
1017	4.62481	25	26	27	84	#
1018	4.62481	26	27	28	84	#
1019	4.62481	27	28	29	84	#
1020	4.62481	28	29	30	84	#
1021	4.62481	29	30	31	84	#
1022	4.62481	30	31	32	84	#
1023	4.62481	31	32	33	84	#
1024	4.62481	32	33	34	84	#
1025	4.62481	33	34	35	84	#
1026	2.61078	34	35	36	84	#
1027	2.61078	35	36	37	84	#
1028	2.61078	36	37	38	84	#
1029	2.61078	37	38	39	84	#
1030	2.61078	38	39	40	84	#
1031	2.61078	39	40	41	84	#
1032	2.61078	40	41	42	84	#
1033	2.61078	41	42	43	84	#
1034	2.61078	42	43	44	84	#
1035	2.61078	43	44	45	84	#
1036	2.61078	44	45	46	84	#
1037	2.61078	45	46	47	84	#
1038	2.61078	46	47	48	84	#
1039	2.61078	47	48	49	84	#
1040	2.61078	48	49	50	84	#
1041	2.61078	49	50	51	84	#
1042	2.61078	50	51	52	84	#
1043	2.61078	51	52	53	84	#
1044	2.61078	52	53	54	84	#
1045	2.61078	53	54	55	84	#
1046	2.61078	54	55	56	84	#
1047	2.61078	55	56	57	84	#
1048	2.61078	56	57	58	84	#
1049	2.61078	57	58	59	84	#
1050	2.61078	58	59	60	84	#
1051	2.61078	59	60	61	84	#
1052	2.61078	60	61	62	84	#
1053	2.56934	61	62	63	84	#
