%% File generated by CATS v.2.1Wed Jun 22 10:37:57 2022

%% The CATS webpage is http://robotics.stanford.edu/CATS

%% PARAMETER SETTINGS:
% Goods: 64; Bids: 1000; Distribution: scheduling; Runs: 1; Seed: 1656573187
% Scheduling Distribution Parameters:
% max_length                = 10
% deviation                 = 0.500000
% prob_additional_deadline  = 0.700000
% additivity                = 0.200000



goods 64
bids 1057
dummy 22

0	2.9811	0	1	2	3	64	#
1	2.9811	1	2	3	4	64	#
2	2.9811	2	3	4	5	64	#
3	2.9811	3	4	5	6	64	#
4	2.9811	4	5	6	7	64	#
5	2.9811	5	6	7	8	64	#
6	2.9811	6	7	8	9	64	#
7	2.9811	7	8	9	10	64	#
8	2.9811	8	9	10	11	64	#
9	2.9811	9	10	11	12	64	#
10	2.9811	10	11	12	13	64	#
11	2.9811	11	12	13	14	64	#
12	2.9811	12	13	14	15	64	#
13	2.9811	13	14	15	16	64	#
14	2.9811	14	15	16	17	64	#
15	2.9811	15	16	17	18	64	#
16	2.9811	16	17	18	19	64	#
17	2.9811	17	18	19	20	64	#
18	2.9811	18	19	20	21	64	#
19	2.9811	19	20	21	22	64	#
20	2.9811	20	21	22	23	64	#
21	2.9811	21	22	23	24	64	#
22	2.9811	22	23	24	25	64	#
23	2.9811	23	24	25	26	64	#
24	2.9811	24	25	26	27	64	#
25	2.9811	25	26	27	28	64	#
26	2.9811	26	27	28	29	64	#
27	2.9811	27	28	29	30	64	#
28	2.9811	28	29	30	31	64	#
29	2.9811	29	30	31	32	64	#
30	2.9811	30	31	32	33	64	#
31	2.9811	31	32	33	34	64	#
32	2.9811	32	33	34	35	64	#
33	2.9811	33	34	35	36	64	#
34	16.2619	0	1	2	3	4	5	6	7	8	65	#
35	16.2619	1	2	3	4	5	6	7	8	9	65	#
36	16.2619	2	3	4	5	6	7	8	9	10	65	#
37	16.2619	3	4	5	6	7	8	9	10	11	65	#
38	16.2619	4	5	6	7	8	9	10	11	12	65	#
39	16.2619	5	6	7	8	9	10	11	12	13	65	#
40	16.2619	6	7	8	9	10	11	12	13	14	65	#
41	16.2619	7	8	9	10	11	12	13	14	15	65	#
42	16.2619	8	9	10	11	12	13	14	15	16	65	#
43	16.2619	9	10	11	12	13	14	15	16	17	65	#
44	16.2619	10	11	12	13	14	15	16	17	18	65	#
45	16.2619	11	12	13	14	15	16	17	18	19	65	#
46	16.2619	12	13	14	15	16	17	18	19	20	65	#
47	16.2619	13	14	15	16	17	18	19	20	21	65	#
48	16.2619	14	15	16	17	18	19	20	21	22	65	#
49	16.2619	15	16	17	18	19	20	21	22	23	65	#
50	16.2619	16	17	18	19	20	21	22	23	24	65	#
51	16.2619	17	18	19	20	21	22	23	24	25	65	#
52	16.2619	18	19	20	21	22	23	24	25	26	65	#
53	16.2619	19	20	21	22	23	24	25	26	27	65	#
54	16.2619	20	21	22	23	24	25	26	27	28	65	#
55	16.2619	21	22	23	24	25	26	27	28	29	65	#
56	16.2619	22	23	24	25	26	27	28	29	30	65	#
57	16.2619	23	24	25	26	27	28	29	30	31	65	#
58	16.2619	24	25	26	27	28	29	30	31	32	65	#
59	16.2619	25	26	27	28	29	30	31	32	33	65	#
60	16.2619	26	27	28	29	30	31	32	33	34	65	#
61	16.2619	27	28	29	30	31	32	33	34	35	65	#
62	16.2619	28	29	30	31	32	33	34	35	36	65	#
63	16.2619	29	30	31	32	33	34	35	36	37	65	#
64	16.2619	30	31	32	33	34	35	36	37	38	65	#
65	16.2619	31	32	33	34	35	36	37	38	39	65	#
66	16.2619	32	33	34	35	36	37	38	39	40	65	#
67	16.2619	33	34	35	36	37	38	39	40	41	65	#
68	16.2619	34	35	36	37	38	39	40	41	42	65	#
69	16.2619	35	36	37	38	39	40	41	42	43	65	#
70	16.2619	36	37	38	39	40	41	42	43	44	65	#
71	16.2619	37	38	39	40	41	42	43	44	45	65	#
72	16.2619	38	39	40	41	42	43	44	45	46	65	#
73	16.2619	39	40	41	42	43	44	45	46	47	65	#
74	16.2619	40	41	42	43	44	45	46	47	48	65	#
75	16.2619	41	42	43	44	45	46	47	48	49	65	#
76	16.2619	42	43	44	45	46	47	48	49	50	65	#
77	16.2619	43	44	45	46	47	48	49	50	51	65	#
78	16.2619	44	45	46	47	48	49	50	51	52	65	#
79	16.2619	45	46	47	48	49	50	51	52	53	65	#
80	16.2619	46	47	48	49	50	51	52	53	54	65	#
81	16.2619	47	48	49	50	51	52	53	54	55	65	#
82	16.2619	48	49	50	51	52	53	54	55	56	65	#
83	16.2619	49	50	51	52	53	54	55	56	57	65	#
84	8.01929	0	1	2	3	4	5	6	7	66	#
85	8.01929	1	2	3	4	5	6	7	8	66	#
86	8.01929	2	3	4	5	6	7	8	9	66	#
87	8.01929	3	4	5	6	7	8	9	10	66	#
88	8.01929	4	5	6	7	8	9	10	11	66	#
89	8.01929	5	6	7	8	9	10	11	12	66	#
90	8.01929	6	7	8	9	10	11	12	13	66	#
91	8.01929	7	8	9	10	11	12	13	14	66	#
92	8.01929	8	9	10	11	12	13	14	15	66	#
93	8.01929	9	10	11	12	13	14	15	16	66	#
94	8.01929	10	11	12	13	14	15	16	17	66	#
95	8.01929	11	12	13	14	15	16	17	18	66	#
96	8.01929	12	13	14	15	16	17	18	19	66	#
97	8.01929	13	14	15	16	17	18	19	20	66	#
98	8.01929	14	15	16	17	18	19	20	21	66	#
99	8.01929	15	16	17	18	19	20	21	22	66	#
100	8.01929	16	17	18	19	20	21	22	23	66	#
101	8.01929	17	18	19	20	21	22	23	24	66	#
102	8.01929	18	19	20	21	22	23	24	25	66	#
103	11.8246	0	1	2	3	4	5	6	7	8	9	67	#
104	11.8246	1	2	3	4	5	6	7	8	9	10	67	#
105	11.8246	2	3	4	5	6	7	8	9	10	11	67	#
106	11.8246	3	4	5	6	7	8	9	10	11	12	67	#
107	11.8246	4	5	6	7	8	9	10	11	12	13	67	#
108	11.8246	5	6	7	8	9	10	11	12	13	14	67	#
109	11.8246	6	7	8	9	10	11	12	13	14	15	67	#
110	11.8246	7	8	9	10	11	12	13	14	15	16	67	#
111	11.8246	8	9	10	11	12	13	14	15	16	17	67	#
112	11.8246	9	10	11	12	13	14	15	16	17	18	67	#
113	11.8246	10	11	12	13	14	15	16	17	18	19	67	#
114	11.8246	11	12	13	14	15	16	17	18	19	20	67	#
115	11.8246	12	13	14	15	16	17	18	19	20	21	67	#
116	11.8246	13	14	15	16	17	18	19	20	21	22	67	#
117	11.8246	14	15	16	17	18	19	20	21	22	23	67	#
118	11.8246	15	16	17	18	19	20	21	22	23	24	67	#
119	11.8246	16	17	18	19	20	21	22	23	24	25	67	#
120	11.8246	17	18	19	20	21	22	23	24	25	26	67	#
121	11.8246	18	19	20	21	22	23	24	25	26	27	67	#
122	11.8246	19	20	21	22	23	24	25	26	27	28	67	#
123	11.8246	20	21	22	23	24	25	26	27	28	29	67	#
124	11.8246	21	22	23	24	25	26	27	28	29	30	67	#
125	11.8246	22	23	24	25	26	27	28	29	30	31	67	#
126	11.8246	23	24	25	26	27	28	29	30	31	32	67	#
127	11.8246	24	25	26	27	28	29	30	31	32	33	67	#
128	11.8246	25	26	27	28	29	30	31	32	33	34	67	#
129	11.8246	26	27	28	29	30	31	32	33	34	35	67	#
130	11.8246	27	28	29	30	31	32	33	34	35	36	67	#
131	11.8246	28	29	30	31	32	33	34	35	36	37	67	#
132	11.8246	29	30	31	32	33	34	35	36	37	38	67	#
133	11.8246	30	31	32	33	34	35	36	37	38	39	67	#
134	11.8246	31	32	33	34	35	36	37	38	39	40	67	#
135	11.8246	32	33	34	35	36	37	38	39	40	41	67	#
136	11.8246	33	34	35	36	37	38	39	40	41	42	67	#
137	11.8246	34	35	36	37	38	39	40	41	42	43	67	#
138	11.8246	35	36	37	38	39	40	41	42	43	44	67	#
139	11.8246	36	37	38	39	40	41	42	43	44	45	67	#
140	11.8246	37	38	39	40	41	42	43	44	45	46	67	#
141	11.8246	38	39	40	41	42	43	44	45	46	47	67	#
142	11.8246	39	40	41	42	43	44	45	46	47	48	67	#
143	11.8246	40	41	42	43	44	45	46	47	48	49	67	#
144	11.8246	41	42	43	44	45	46	47	48	49	50	67	#
145	11.8246	42	43	44	45	46	47	48	49	50	51	67	#
146	11.8246	43	44	45	46	47	48	49	50	51	52	67	#
147	11.8246	44	45	46	47	48	49	50	51	52	53	67	#
148	11.8246	45	46	47	48	49	50	51	52	53	54	67	#
149	11.8246	46	47	48	49	50	51	52	53	54	55	67	#
150	11.8246	47	48	49	50	51	52	53	54	55	56	67	#
151	11.8246	48	49	50	51	52	53	54	55	56	57	67	#
152	11.8246	49	50	51	52	53	54	55	56	57	58	67	#
153	11.243	50	51	52	53	54	55	56	57	58	59	67	#
154	11.243	51	52	53	54	55	56	57	58	59	60	67	#
155	11.243	52	53	54	55	56	57	58	59	60	61	67	#
156	10.8861	53	54	55	56	57	58	59	60	61	62	67	#
157	10.8861	54	55	56	57	58	59	60	61	62	63	67	#
158	4.13504	0	1	2	3	68	#
159	4.13504	1	2	3	4	68	#
160	4.13504	2	3	4	5	68	#
161	4.13504	3	4	5	6	68	#
162	4.13504	4	5	6	7	68	#
163	4.13504	5	6	7	8	68	#
164	4.13504	6	7	8	9	68	#
165	4.13504	7	8	9	10	68	#
166	4.13504	8	9	10	11	68	#
167	4.13504	9	10	11	12	68	#
168	4.13504	10	11	12	13	68	#
169	1.25013	11	12	13	14	68	#
170	1.25013	12	13	14	15	68	#
171	1.25013	13	14	15	16	68	#
172	1.25013	14	15	16	17	68	#
173	1.25013	15	16	17	18	68	#
174	1.25013	16	17	18	19	68	#
175	1.25013	17	18	19	20	68	#
176	1.25013	18	19	20	21	68	#
177	1.25013	19	20	21	22	68	#
178	1.25013	20	21	22	23	68	#
179	1.25013	21	22	23	24	68	#
180	1.25013	22	23	24	25	68	#
181	1.25013	23	24	25	26	68	#
182	1.25013	24	25	26	27	68	#
183	1.25013	25	26	27	28	68	#
184	1.25013	26	27	28	29	68	#
185	1.25013	27	28	29	30	68	#
186	1.25013	28	29	30	31	68	#
187	1.25013	29	30	31	32	68	#
188	1.25013	30	31	32	33	68	#
189	1.25013	31	32	33	34	68	#
190	1.25013	32	33	34	35	68	#
191	1.25013	33	34	35	36	68	#
192	1.25013	34	35	36	37	68	#
193	1.25013	35	36	37	38	68	#
194	1.25013	36	37	38	39	68	#
195	1.25013	37	38	39	40	68	#
196	1.25013	38	39	40	41	68	#
197	1.25013	39	40	41	42	68	#
198	1.25013	40	41	42	43	68	#
199	0.92682	41	42	43	44	68	#
200	0.92682	42	43	44	45	68	#
201	0.92682	43	44	45	46	68	#
202	0.92682	44	45	46	47	68	#
203	0.92682	45	46	47	48	68	#
204	0.92682	46	47	48	49	68	#
205	0.92682	47	48	49	50	68	#
206	0.92682	48	49	50	51	68	#
207	0.92682	49	50	51	52	68	#
208	0.92682	50	51	52	53	68	#
209	0.92682	51	52	53	54	68	#
210	0.92682	52	53	54	55	68	#
211	0.92682	53	54	55	56	68	#
212	0.92682	54	55	56	57	68	#
213	0.92682	55	56	57	58	68	#
214	0.853262	56	57	58	59	68	#
215	0.853262	57	58	59	60	68	#
216	0.853262	58	59	60	61	68	#
217	0.853262	59	60	61	62	68	#
218	0.853262	60	61	62	63	68	#
219	1.33008	0	69	#
220	1.33008	1	69	#
221	1.33008	2	69	#
222	1.33008	3	69	#
223	1.33008	4	69	#
224	1.33008	5	69	#
225	1.33008	6	69	#
226	1.33008	7	69	#
227	1.33008	8	69	#
228	1.33008	9	69	#
229	1.33008	10	69	#
230	1.33008	11	69	#
231	1.33008	12	69	#
232	1.33008	13	69	#
233	1.33008	14	69	#
234	1.33008	15	69	#
235	1.33008	16	69	#
236	1.33008	17	69	#
237	1.33008	18	69	#
238	1.33008	19	69	#
239	1.33008	20	69	#
240	1.33008	21	69	#
241	1.33008	22	69	#
242	1.33008	23	69	#
243	1.33008	24	69	#
244	1.33008	25	69	#
245	1.33008	26	69	#
246	1.33008	27	69	#
247	1.33008	28	69	#
248	1.33008	29	69	#
249	1.33008	30	69	#
250	1.33008	31	69	#
251	0.763563	32	69	#
252	0.763563	33	69	#
253	0.763563	34	69	#
254	0.763563	35	69	#
255	0.763563	36	69	#
256	0.763563	37	69	#
257	0.763563	38	69	#
258	0.763563	39	69	#
259	0.763563	40	69	#
260	0.763563	41	69	#
261	0.763563	42	69	#
262	0.763563	43	69	#
263	0.763563	44	69	#
264	0.763563	45	69	#
265	0.763563	46	69	#
266	0.763563	47	69	#
267	0.763563	48	69	#
268	0.763563	49	69	#
269	0.763563	50	69	#
270	0.763563	51	69	#
271	0.763563	52	69	#
272	0.763563	53	69	#
273	0.763563	54	69	#
274	0.552134	0	70	#
275	0.552134	1	70	#
276	0.552134	2	70	#
277	0.552134	3	70	#
278	0.552134	4	70	#
279	0.552134	5	70	#
280	0.552134	6	70	#
281	0.552134	7	70	#
282	0.552134	8	70	#
283	0.552134	9	70	#
284	0.552134	10	70	#
285	0.552134	11	70	#
286	0.552134	12	70	#
287	0.552134	13	70	#
288	0.552134	14	70	#
289	0.552134	15	70	#
290	0.552134	16	70	#
291	0.552134	17	70	#
292	0.552134	18	70	#
293	0.552134	19	70	#
294	0.552134	20	70	#
295	0.552134	21	70	#
296	0.552134	22	70	#
297	0.552134	23	70	#
298	0.552134	24	70	#
299	0.552134	25	70	#
300	0.552134	26	70	#
301	0.552134	27	70	#
302	0.552134	28	70	#
303	0.552134	29	70	#
304	0.552134	30	70	#
305	0.552134	31	70	#
306	0.552134	32	70	#
307	0.552134	33	70	#
308	0.552134	34	70	#
309	0.552134	35	70	#
310	0.552134	36	70	#
311	0.552134	37	70	#
312	0.552134	38	70	#
313	0.552134	39	70	#
314	0.552134	40	70	#
315	0.552134	41	70	#
316	0.552134	42	70	#
317	0.552134	43	70	#
318	0.552134	44	70	#
319	0.552134	45	70	#
320	0.552134	46	70	#
321	0.552134	47	70	#
322	0.552134	48	70	#
323	0.552134	49	70	#
324	0.552134	50	70	#
325	0.552134	51	70	#
326	0.552134	52	70	#
327	0.552134	53	70	#
328	0.513387	54	70	#
329	0.513387	55	70	#
330	0.513387	56	70	#
331	0.513387	57	70	#
332	7.1081	0	1	2	3	4	71	#
333	7.1081	1	2	3	4	5	71	#
334	7.1081	2	3	4	5	6	71	#
335	7.1081	3	4	5	6	7	71	#
336	7.1081	4	5	6	7	8	71	#
337	7.1081	5	6	7	8	9	71	#
338	7.1081	6	7	8	9	10	71	#
339	7.1081	7	8	9	10	11	71	#
340	7.1081	8	9	10	11	12	71	#
341	7.1081	9	10	11	12	13	71	#
342	7.1081	10	11	12	13	14	71	#
343	7.1081	11	12	13	14	15	71	#
344	7.1081	12	13	14	15	16	71	#
345	1.80523	13	14	15	16	17	71	#
346	1.80523	14	15	16	17	18	71	#
347	1.80523	15	16	17	18	19	71	#
348	1.80523	16	17	18	19	20	71	#
349	1.80523	17	18	19	20	21	71	#
350	1.80523	18	19	20	21	22	71	#
351	1.80523	19	20	21	22	23	71	#
352	1.80523	20	21	22	23	24	71	#
353	1.80523	21	22	23	24	25	71	#
354	1.80523	22	23	24	25	26	71	#
355	1.80523	23	24	25	26	27	71	#
356	1.80523	24	25	26	27	28	71	#
357	1.80523	25	26	27	28	29	71	#
358	1.80523	26	27	28	29	30	71	#
359	1.80523	27	28	29	30	31	71	#
360	1.80523	28	29	30	31	32	71	#
361	1.80523	29	30	31	32	33	71	#
362	1.80523	30	31	32	33	34	71	#
363	1.80523	31	32	33	34	35	71	#
364	1.80523	32	33	34	35	36	71	#
365	1.80523	33	34	35	36	37	71	#
366	1.80523	34	35	36	37	38	71	#
367	1.80523	35	36	37	38	39	71	#
368	1.80523	36	37	38	39	40	71	#
369	1.80523	37	38	39	40	41	71	#
370	1.80523	38	39	40	41	42	71	#
371	1.80523	39	40	41	42	43	71	#
372	1.80523	40	41	42	43	44	71	#
373	1.80523	41	42	43	44	45	71	#
374	1.80523	42	43	44	45	46	71	#
375	1.80523	43	44	45	46	47	71	#
376	1.80523	44	45	46	47	48	71	#
377	1.80523	45	46	47	48	49	71	#
378	1.80523	46	47	48	49	50	71	#
379	1.80523	47	48	49	50	51	71	#
380	1.80523	48	49	50	51	52	71	#
381	1.80523	49	50	51	52	53	71	#
382	1.80523	50	51	52	53	54	71	#
383	1.80523	51	52	53	54	55	71	#
384	1.80523	52	53	54	55	56	71	#
385	1.80523	53	54	55	56	57	71	#
386	1.80523	54	55	56	57	58	71	#
387	1.80523	55	56	57	58	59	71	#
388	1.80523	56	57	58	59	60	71	#
389	1.80523	57	58	59	60	61	71	#
390	1.80523	58	59	60	61	62	71	#
391	1.80523	59	60	61	62	63	71	#
392	11.9333	0	1	2	3	4	5	6	7	8	72	#
393	11.9333	1	2	3	4	5	6	7	8	9	72	#
394	11.9333	2	3	4	5	6	7	8	9	10	72	#
395	11.9333	3	4	5	6	7	8	9	10	11	72	#
396	11.9333	4	5	6	7	8	9	10	11	12	72	#
397	11.9333	5	6	7	8	9	10	11	12	13	72	#
398	11.9333	6	7	8	9	10	11	12	13	14	72	#
399	11.9333	7	8	9	10	11	12	13	14	15	72	#
400	11.9333	8	9	10	11	12	13	14	15	16	72	#
401	11.9333	9	10	11	12	13	14	15	16	17	72	#
402	11.9333	10	11	12	13	14	15	16	17	18	72	#
403	11.9333	11	12	13	14	15	16	17	18	19	72	#
404	11.9333	12	13	14	15	16	17	18	19	20	72	#
405	11.9333	13	14	15	16	17	18	19	20	21	72	#
406	11.9333	14	15	16	17	18	19	20	21	22	72	#
407	11.9333	15	16	17	18	19	20	21	22	23	72	#
408	11.9333	16	17	18	19	20	21	22	23	24	72	#
409	11.9333	17	18	19	20	21	22	23	24	25	72	#
410	11.9333	18	19	20	21	22	23	24	25	26	72	#
411	11.9333	19	20	21	22	23	24	25	26	27	72	#
412	11.9333	20	21	22	23	24	25	26	27	28	72	#
413	11.9333	21	22	23	24	25	26	27	28	29	72	#
414	11.9333	22	23	24	25	26	27	28	29	30	72	#
415	11.9333	23	24	25	26	27	28	29	30	31	72	#
416	11.9333	24	25	26	27	28	29	30	31	32	72	#
417	11.9333	25	26	27	28	29	30	31	32	33	72	#
418	11.9333	26	27	28	29	30	31	32	33	34	72	#
419	11.9333	27	28	29	30	31	32	33	34	35	72	#
420	11.9333	28	29	30	31	32	33	34	35	36	72	#
421	11.9333	29	30	31	32	33	34	35	36	37	72	#
422	11.9333	30	31	32	33	34	35	36	37	38	72	#
423	11.9333	31	32	33	34	35	36	37	38	39	72	#
424	11.9333	32	33	34	35	36	37	38	39	40	72	#
425	11.9333	33	34	35	36	37	38	39	40	41	72	#
426	11.9333	34	35	36	37	38	39	40	41	42	72	#
427	11.9333	35	36	37	38	39	40	41	42	43	72	#
428	11.9333	36	37	38	39	40	41	42	43	44	72	#
429	11.9333	37	38	39	40	41	42	43	44	45	72	#
430	11.9333	38	39	40	41	42	43	44	45	46	72	#
431	11.9333	39	40	41	42	43	44	45	46	47	72	#
432	11.9333	40	41	42	43	44	45	46	47	48	72	#
433	11.9333	41	42	43	44	45	46	47	48	49	72	#
434	11.9333	42	43	44	45	46	47	48	49	50	72	#
435	10.113	43	44	45	46	47	48	49	50	51	72	#
436	10.113	44	45	46	47	48	49	50	51	52	72	#
437	10.113	45	46	47	48	49	50	51	52	53	72	#
438	10.113	46	47	48	49	50	51	52	53	54	72	#
439	10.113	47	48	49	50	51	52	53	54	55	72	#
440	10.113	48	49	50	51	52	53	54	55	56	72	#
441	10.113	49	50	51	52	53	54	55	56	57	72	#
442	10.113	50	51	52	53	54	55	56	57	58	72	#
443	10.113	51	52	53	54	55	56	57	58	59	72	#
444	9.47087	52	53	54	55	56	57	58	59	60	72	#
445	9.47087	53	54	55	56	57	58	59	60	61	72	#
446	9.47087	54	55	56	57	58	59	60	61	62	72	#
447	9.47087	55	56	57	58	59	60	61	62	63	72	#
448	0.959074	0	73	#
449	0.959074	1	73	#
450	0.959074	2	73	#
451	0.959074	3	73	#
452	0.959074	4	73	#
453	0.959074	5	73	#
454	0.959074	6	73	#
455	0.959074	7	73	#
456	0.959074	8	73	#
457	0.959074	9	73	#
458	0.959074	10	73	#
459	0.959074	11	73	#
460	0.959074	12	73	#
461	0.959074	13	73	#
462	0.959074	14	73	#
463	0.959074	15	73	#
464	0.959074	16	73	#
465	0.959074	17	73	#
466	0.959074	18	73	#
467	0.959074	19	73	#
468	0.959074	20	73	#
469	0.959074	21	73	#
470	0.959074	22	73	#
471	0.959074	23	73	#
472	0.959074	24	73	#
473	0.959074	25	73	#
474	0.959074	26	73	#
475	0.959074	27	73	#
476	0.959074	28	73	#
477	0.959074	29	73	#
478	0.959074	30	73	#
479	0.959074	31	73	#
480	0.959074	32	73	#
481	0.959074	33	73	#
482	0.959074	34	73	#
483	0.959074	35	73	#
484	0.959074	36	73	#
485	0.959074	37	73	#
486	0.959074	38	73	#
487	0.959074	39	73	#
488	0.959074	40	73	#
489	0.959074	41	73	#
490	0.959074	42	73	#
491	0.959074	43	73	#
492	0.959074	44	73	#
493	0.959074	45	73	#
494	0.959074	46	73	#
495	0.959074	47	73	#
496	0.959074	48	73	#
497	0.959074	49	73	#
498	0.959074	50	73	#
499	0.959074	51	73	#
500	0.959074	52	73	#
501	0.959074	53	73	#
502	0.959074	54	73	#
503	0.959074	55	73	#
504	0.959074	56	73	#
505	0.959074	57	73	#
506	0.959074	58	73	#
507	0.959074	59	73	#
508	0.959074	60	73	#
509	0.959074	61	73	#
510	0.928627	62	73	#
511	0.928627	63	73	#
512	6.82287	0	1	2	3	4	5	74	#
513	6.82287	1	2	3	4	5	6	74	#
514	6.82287	2	3	4	5	6	7	74	#
515	6.82287	3	4	5	6	7	8	74	#
516	6.82287	4	5	6	7	8	9	74	#
517	6.82287	5	6	7	8	9	10	74	#
518	6.82287	6	7	8	9	10	11	74	#
519	6.82287	7	8	9	10	11	12	74	#
520	6.82287	8	9	10	11	12	13	74	#
521	6.82287	9	10	11	12	13	14	74	#
522	6.82287	10	11	12	13	14	15	74	#
523	6.82287	11	12	13	14	15	16	74	#
524	6.82287	12	13	14	15	16	17	74	#
525	6.82287	13	14	15	16	17	18	74	#
526	6.82287	14	15	16	17	18	19	74	#
527	6.82287	15	16	17	18	19	20	74	#
528	6.82287	16	17	18	19	20	21	74	#
529	6.82287	17	18	19	20	21	22	74	#
530	4.54858	18	19	20	21	22	23	74	#
531	4.54858	19	20	21	22	23	24	74	#
532	4.54858	20	21	22	23	24	25	74	#
533	4.54858	21	22	23	24	25	26	74	#
534	4.54858	22	23	24	25	26	27	74	#
535	4.54858	23	24	25	26	27	28	74	#
536	4.54858	24	25	26	27	28	29	74	#
537	4.54858	25	26	27	28	29	30	74	#
538	4.54858	26	27	28	29	30	31	74	#
539	4.54858	27	28	29	30	31	32	74	#
540	4.54858	28	29	30	31	32	33	74	#
541	4.75929	0	1	2	3	4	5	75	#
542	4.75929	1	2	3	4	5	6	75	#
543	4.75929	2	3	4	5	6	7	75	#
544	4.75929	3	4	5	6	7	8	75	#
545	4.75929	4	5	6	7	8	9	75	#
546	4.75929	5	6	7	8	9	10	75	#
547	4.75929	6	7	8	9	10	11	75	#
548	4.75929	7	8	9	10	11	12	75	#
549	4.75929	8	9	10	11	12	13	75	#
550	4.75929	9	10	11	12	13	14	75	#
551	4.75929	10	11	12	13	14	15	75	#
552	4.75929	11	12	13	14	15	16	75	#
553	4.75929	12	13	14	15	16	17	75	#
554	4.75929	13	14	15	16	17	18	75	#
555	4.75929	14	15	16	17	18	19	75	#
556	4.75929	15	16	17	18	19	20	75	#
557	4.75929	16	17	18	19	20	21	75	#
558	4.75929	17	18	19	20	21	22	75	#
559	4.75929	18	19	20	21	22	23	75	#
560	4.75929	19	20	21	22	23	24	75	#
561	4.75929	20	21	22	23	24	25	75	#
562	4.75929	21	22	23	24	25	26	75	#
563	4.75929	22	23	24	25	26	27	75	#
564	4.75929	23	24	25	26	27	28	75	#
565	4.75929	24	25	26	27	28	29	75	#
566	4.75929	25	26	27	28	29	30	75	#
567	4.75929	26	27	28	29	30	31	75	#
568	4.75929	27	28	29	30	31	32	75	#
569	4.75929	28	29	30	31	32	33	75	#
570	4.75929	29	30	31	32	33	34	75	#
571	4.75929	30	31	32	33	34	35	75	#
572	4.75929	31	32	33	34	35	36	75	#
573	4.75929	32	33	34	35	36	37	75	#
574	4.75929	33	34	35	36	37	38	75	#
575	4.75929	34	35	36	37	38	39	75	#
576	4.75929	35	36	37	38	39	40	75	#
577	4.75929	36	37	38	39	40	41	75	#
578	4.75929	37	38	39	40	41	42	75	#
579	4.75929	38	39	40	41	42	43	75	#
580	4.75929	39	40	41	42	43	44	75	#
581	4.75929	40	41	42	43	44	45	75	#
582	4.75929	41	42	43	44	45	46	75	#
583	4.75929	42	43	44	45	46	47	75	#
584	4.75929	43	44	45	46	47	48	75	#
585	4.75929	44	45	46	47	48	49	75	#
586	4.75929	45	46	47	48	49	50	75	#
587	4.75929	46	47	48	49	50	51	75	#
588	4.75929	47	48	49	50	51	52	75	#
589	4.75929	48	49	50	51	52	53	75	#
590	4.75929	49	50	51	52	53	54	75	#
591	4.35596	50	51	52	53	54	55	75	#
592	4.35596	51	52	53	54	55	56	75	#
593	4.35596	52	53	54	55	56	57	75	#
594	4.35596	53	54	55	56	57	58	75	#
595	4.35596	54	55	56	57	58	59	75	#
596	4.14518	55	56	57	58	59	60	75	#
597	4.14518	56	57	58	59	60	61	75	#
598	4.14518	57	58	59	60	61	62	75	#
599	16.3467	0	1	2	3	4	5	6	7	8	76	#
600	16.3467	1	2	3	4	5	6	7	8	9	76	#
601	16.3467	2	3	4	5	6	7	8	9	10	76	#
602	16.3467	3	4	5	6	7	8	9	10	11	76	#
603	16.3467	4	5	6	7	8	9	10	11	12	76	#
604	16.3467	5	6	7	8	9	10	11	12	13	76	#
605	16.3467	6	7	8	9	10	11	12	13	14	76	#
606	16.3467	7	8	9	10	11	12	13	14	15	76	#
607	16.3467	8	9	10	11	12	13	14	15	16	76	#
608	16.3467	9	10	11	12	13	14	15	16	17	76	#
609	16.3467	10	11	12	13	14	15	16	17	18	76	#
610	16.3467	11	12	13	14	15	16	17	18	19	76	#
611	16.3467	12	13	14	15	16	17	18	19	20	76	#
612	16.3467	13	14	15	16	17	18	19	20	21	76	#
613	16.3467	14	15	16	17	18	19	20	21	22	76	#
614	16.3467	15	16	17	18	19	20	21	22	23	76	#
615	16.3467	16	17	18	19	20	21	22	23	24	76	#
616	16.3467	17	18	19	20	21	22	23	24	25	76	#
617	16.3467	18	19	20	21	22	23	24	25	26	76	#
618	16.3467	19	20	21	22	23	24	25	26	27	76	#
619	16.3467	20	21	22	23	24	25	26	27	28	76	#
620	16.3467	21	22	23	24	25	26	27	28	29	76	#
621	16.3467	22	23	24	25	26	27	28	29	30	76	#
622	16.3467	23	24	25	26	27	28	29	30	31	76	#
623	16.3467	24	25	26	27	28	29	30	31	32	76	#
624	16.3467	25	26	27	28	29	30	31	32	33	76	#
625	16.3467	26	27	28	29	30	31	32	33	34	76	#
626	16.3467	27	28	29	30	31	32	33	34	35	76	#
627	16.3467	28	29	30	31	32	33	34	35	36	76	#
628	16.3467	29	30	31	32	33	34	35	36	37	76	#
629	16.3467	30	31	32	33	34	35	36	37	38	76	#
630	16.3467	31	32	33	34	35	36	37	38	39	76	#
631	16.3467	32	33	34	35	36	37	38	39	40	76	#
632	16.3467	33	34	35	36	37	38	39	40	41	76	#
633	16.3467	34	35	36	37	38	39	40	41	42	76	#
634	16.3467	35	36	37	38	39	40	41	42	43	76	#
635	16.3467	36	37	38	39	40	41	42	43	44	76	#
636	16.3467	37	38	39	40	41	42	43	44	45	76	#
637	16.3467	38	39	40	41	42	43	44	45	46	76	#
638	16.3467	39	40	41	42	43	44	45	46	47	76	#
639	16.3467	40	41	42	43	44	45	46	47	48	76	#
640	16.3467	41	42	43	44	45	46	47	48	49	76	#
641	16.3467	42	43	44	45	46	47	48	49	50	76	#
642	16.3467	43	44	45	46	47	48	49	50	51	76	#
643	16.3467	44	45	46	47	48	49	50	51	52	76	#
644	16.3467	45	46	47	48	49	50	51	52	53	76	#
645	16.3467	46	47	48	49	50	51	52	53	54	76	#
646	16.3467	47	48	49	50	51	52	53	54	55	76	#
647	16.3467	48	49	50	51	52	53	54	55	56	76	#
648	16.3467	49	50	51	52	53	54	55	56	57	76	#
649	16.3467	50	51	52	53	54	55	56	57	58	76	#
650	16.3467	51	52	53	54	55	56	57	58	59	76	#
651	16.3467	52	53	54	55	56	57	58	59	60	76	#
652	16.3467	53	54	55	56	57	58	59	60	61	76	#
653	16.3467	54	55	56	57	58	59	60	61	62	76	#
654	16.3467	55	56	57	58	59	60	61	62	63	76	#
655	8.03289	0	1	2	3	4	5	6	77	#
656	8.03289	1	2	3	4	5	6	7	77	#
657	8.03289	2	3	4	5	6	7	8	77	#
658	8.03289	3	4	5	6	7	8	9	77	#
659	8.03289	4	5	6	7	8	9	10	77	#
660	8.03289	5	6	7	8	9	10	11	77	#
661	8.03289	6	7	8	9	10	11	12	77	#
662	8.03289	7	8	9	10	11	12	13	77	#
663	8.03289	8	9	10	11	12	13	14	77	#
664	8.03289	9	10	11	12	13	14	15	77	#
665	8.03289	10	11	12	13	14	15	16	77	#
666	8.03289	11	12	13	14	15	16	17	77	#
667	8.03289	12	13	14	15	16	17	18	77	#
668	8.03289	13	14	15	16	17	18	19	77	#
669	5.45089	14	15	16	17	18	19	20	77	#
670	5.45089	15	16	17	18	19	20	21	77	#
671	5.45089	16	17	18	19	20	21	22	77	#
672	5.45089	17	18	19	20	21	22	23	77	#
673	5.45089	18	19	20	21	22	23	24	77	#
674	5.45089	19	20	21	22	23	24	25	77	#
675	5.45089	20	21	22	23	24	25	26	77	#
676	5.45089	21	22	23	24	25	26	27	77	#
677	5.45089	22	23	24	25	26	27	28	77	#
678	22.1991	0	1	2	3	4	5	6	7	8	9	78	#
679	22.1991	1	2	3	4	5	6	7	8	9	10	78	#
680	22.1991	2	3	4	5	6	7	8	9	10	11	78	#
681	22.1991	3	4	5	6	7	8	9	10	11	12	78	#
682	22.1991	4	5	6	7	8	9	10	11	12	13	78	#
683	22.1991	5	6	7	8	9	10	11	12	13	14	78	#
684	22.1991	6	7	8	9	10	11	12	13	14	15	78	#
685	22.1991	7	8	9	10	11	12	13	14	15	16	78	#
686	22.1991	8	9	10	11	12	13	14	15	16	17	78	#
687	22.1991	9	10	11	12	13	14	15	16	17	18	78	#
688	22.1991	10	11	12	13	14	15	16	17	18	19	78	#
689	15.6216	11	12	13	14	15	16	17	18	19	20	78	#
690	15.6216	12	13	14	15	16	17	18	19	20	21	78	#
691	15.6216	13	14	15	16	17	18	19	20	21	22	78	#
692	15.6216	14	15	16	17	18	19	20	21	22	23	78	#
693	15.6216	15	16	17	18	19	20	21	22	23	24	78	#
694	15.6216	16	17	18	19	20	21	22	23	24	25	78	#
695	15.6216	17	18	19	20	21	22	23	24	25	26	78	#
696	15.6216	18	19	20	21	22	23	24	25	26	27	78	#
697	13.1807	19	20	21	22	23	24	25	26	27	28	78	#
698	13.1807	20	21	22	23	24	25	26	27	28	29	78	#
699	13.1807	21	22	23	24	25	26	27	28	29	30	78	#
700	13.1807	22	23	24	25	26	27	28	29	30	31	78	#
701	13.1807	23	24	25	26	27	28	29	30	31	32	78	#
702	12.7813	24	25	26	27	28	29	30	31	32	33	78	#
703	8.43564	25	26	27	28	29	30	31	32	33	34	78	#
704	8.43564	26	27	28	29	30	31	32	33	34	35	78	#
705	8.43564	27	28	29	30	31	32	33	34	35	36	78	#
706	8.43564	28	29	30	31	32	33	34	35	36	37	78	#
707	8.43564	29	30	31	32	33	34	35	36	37	38	78	#
708	8.43564	30	31	32	33	34	35	36	37	38	39	78	#
709	8.43564	31	32	33	34	35	36	37	38	39	40	78	#
710	8.43564	32	33	34	35	36	37	38	39	40	41	78	#
711	8.43564	33	34	35	36	37	38	39	40	41	42	78	#
712	8.43564	34	35	36	37	38	39	40	41	42	43	78	#
713	8.43564	35	36	37	38	39	40	41	42	43	44	78	#
714	8.43564	36	37	38	39	40	41	42	43	44	45	78	#
715	8.43564	37	38	39	40	41	42	43	44	45	46	78	#
716	8.43564	38	39	40	41	42	43	44	45	46	47	78	#
717	8.43564	39	40	41	42	43	44	45	46	47	48	78	#
718	8.43564	40	41	42	43	44	45	46	47	48	49	78	#
719	8.43564	41	42	43	44	45	46	47	48	49	50	78	#
720	6.80294	42	43	44	45	46	47	48	49	50	51	78	#
721	6.80294	43	44	45	46	47	48	49	50	51	52	78	#
722	6.80294	44	45	46	47	48	49	50	51	52	53	78	#
723	6.80294	45	46	47	48	49	50	51	52	53	54	78	#
724	6.80294	46	47	48	49	50	51	52	53	54	55	78	#
725	6.80294	47	48	49	50	51	52	53	54	55	56	78	#
726	6.80294	48	49	50	51	52	53	54	55	56	57	78	#
727	6.80294	49	50	51	52	53	54	55	56	57	58	78	#
728	6.80294	50	51	52	53	54	55	56	57	58	59	78	#
729	6.80294	51	52	53	54	55	56	57	58	59	60	78	#
730	6.80294	52	53	54	55	56	57	58	59	60	61	78	#
731	6.80294	53	54	55	56	57	58	59	60	61	62	78	#
732	19.6774	0	1	2	3	4	5	6	7	8	79	#
733	19.6774	1	2	3	4	5	6	7	8	9	79	#
734	19.6774	2	3	4	5	6	7	8	9	10	79	#
735	19.6774	3	4	5	6	7	8	9	10	11	79	#
736	19.6774	4	5	6	7	8	9	10	11	12	79	#
737	19.6774	5	6	7	8	9	10	11	12	13	79	#
738	19.6774	6	7	8	9	10	11	12	13	14	79	#
739	19.6774	7	8	9	10	11	12	13	14	15	79	#
740	11.3524	8	9	10	11	12	13	14	15	16	79	#
741	11.3524	9	10	11	12	13	14	15	16	17	79	#
742	11.3524	10	11	12	13	14	15	16	17	18	79	#
743	11.3524	11	12	13	14	15	16	17	18	19	79	#
744	11.3524	12	13	14	15	16	17	18	19	20	79	#
745	11.3524	13	14	15	16	17	18	19	20	21	79	#
746	11.3524	14	15	16	17	18	19	20	21	22	79	#
747	11.3524	15	16	17	18	19	20	21	22	23	79	#
748	11.3524	16	17	18	19	20	21	22	23	24	79	#
749	11.3524	17	18	19	20	21	22	23	24	25	79	#
750	11.3524	18	19	20	21	22	23	24	25	26	79	#
751	9.83872	19	20	21	22	23	24	25	26	27	79	#
752	9.83872	20	21	22	23	24	25	26	27	28	79	#
753	9.83872	21	22	23	24	25	26	27	28	29	79	#
754	9.83872	22	23	24	25	26	27	28	29	30	79	#
755	8.68122	23	24	25	26	27	28	29	30	31	79	#
756	8.68122	24	25	26	27	28	29	30	31	32	79	#
757	8.68122	25	26	27	28	29	30	31	32	33	79	#
758	8.68122	26	27	28	29	30	31	32	33	34	79	#
759	5.78748	27	28	29	30	31	32	33	34	35	79	#
760	5.78748	28	29	30	31	32	33	34	35	36	79	#
761	5.78748	29	30	31	32	33	34	35	36	37	79	#
762	5.78748	30	31	32	33	34	35	36	37	38	79	#
763	5.78748	31	32	33	34	35	36	37	38	39	79	#
764	5.78748	32	33	34	35	36	37	38	39	40	79	#
765	5.78748	33	34	35	36	37	38	39	40	41	79	#
766	5.78748	34	35	36	37	38	39	40	41	42	79	#
767	5.78748	35	36	37	38	39	40	41	42	43	79	#
768	5.78748	36	37	38	39	40	41	42	43	44	79	#
769	5.78748	37	38	39	40	41	42	43	44	45	79	#
770	5.78748	38	39	40	41	42	43	44	45	46	79	#
771	5.78748	39	40	41	42	43	44	45	46	47	79	#
772	5.78748	40	41	42	43	44	45	46	47	48	79	#
773	5.78748	41	42	43	44	45	46	47	48	49	79	#
774	5.78748	42	43	44	45	46	47	48	49	50	79	#
775	5.78748	43	44	45	46	47	48	49	50	51	79	#
776	5.27074	44	45	46	47	48	49	50	51	52	79	#
777	5.27074	45	46	47	48	49	50	51	52	53	79	#
778	5.27074	46	47	48	49	50	51	52	53	54	79	#
779	5.27074	47	48	49	50	51	52	53	54	55	79	#
780	5.27074	48	49	50	51	52	53	54	55	56	79	#
781	5.17827	49	50	51	52	53	54	55	56	57	79	#
782	5.08899	50	51	52	53	54	55	56	57	58	79	#
783	2.85303	0	1	2	80	#
784	2.85303	1	2	3	80	#
785	2.85303	2	3	4	80	#
786	2.85303	3	4	5	80	#
787	2.85303	4	5	6	80	#
788	2.85303	5	6	7	80	#
789	2.85303	6	7	8	80	#
790	2.85303	7	8	9	80	#
791	2.85303	8	9	10	80	#
792	2.85303	9	10	11	80	#
793	2.85303	10	11	12	80	#
794	2.85303	11	12	13	80	#
795	2.85303	12	13	14	80	#
796	2.85303	13	14	15	80	#
797	2.85303	14	15	16	80	#
798	2.85303	15	16	17	80	#
799	2.85303	16	17	18	80	#
800	2.85303	17	18	19	80	#
801	2.85303	18	19	20	80	#
802	2.85303	19	20	21	80	#
803	2.85303	20	21	22	80	#
804	2.75135	0	1	81	#
805	2.75135	1	2	81	#
806	0.211643	2	3	81	#
807	0.211643	3	4	81	#
808	0.211643	4	5	81	#
809	0.211643	5	6	81	#
810	0.211643	6	7	81	#
811	0.211643	7	8	81	#
812	0.211643	8	9	81	#
813	0.211643	9	10	81	#
814	0.211643	10	11	81	#
815	0.211643	11	12	81	#
816	0.211643	12	13	81	#
817	0.211643	13	14	81	#
818	0.211643	14	15	81	#
819	0.211643	15	16	81	#
820	0.211643	16	17	81	#
821	0.211643	17	18	81	#
822	0.211643	18	19	81	#
823	0.211643	19	20	81	#
824	0.211643	20	21	81	#
825	0.211643	21	22	81	#
826	0.211643	22	23	81	#
827	0.211643	23	24	81	#
828	0.211643	24	25	81	#
829	0.211643	25	26	81	#
830	6.35917	0	1	2	3	4	82	#
831	6.35917	1	2	3	4	5	82	#
832	6.35917	2	3	4	5	6	82	#
833	6.35917	3	4	5	6	7	82	#
834	6.35917	4	5	6	7	8	82	#
835	6.35917	5	6	7	8	9	82	#
836	3.17958	6	7	8	9	10	82	#
837	3.17958	7	8	9	10	11	82	#
838	3.17958	8	9	10	11	12	82	#
839	3.17958	9	10	11	12	13	82	#
840	3.17958	10	11	12	13	14	82	#
841	3.17958	11	12	13	14	15	82	#
842	3.17958	12	13	14	15	16	82	#
843	3.17958	13	14	15	16	17	82	#
844	3.17958	14	15	16	17	18	82	#
845	1.04059	15	16	17	18	19	82	#
846	1.04059	16	17	18	19	20	82	#
847	1.04059	17	18	19	20	21	82	#
848	1.04059	18	19	20	21	22	82	#
849	1.04059	19	20	21	22	23	82	#
850	1.04059	20	21	22	23	24	82	#
851	1.04059	21	22	23	24	25	82	#
852	1.04059	22	23	24	25	26	82	#
853	1.04059	23	24	25	26	27	82	#
854	1.04059	24	25	26	27	28	82	#
855	1.04059	25	26	27	28	29	82	#
856	1.04059	26	27	28	29	30	82	#
857	1.04059	27	28	29	30	31	82	#
858	1.04059	28	29	30	31	32	82	#
859	1.04059	29	30	31	32	33	82	#
860	1.04059	30	31	32	33	34	82	#
861	1.04059	31	32	33	34	35	82	#
862	1.04059	32	33	34	35	36	82	#
863	1.04059	33	34	35	36	37	82	#
864	1.04059	34	35	36	37	38	82	#
865	1.04059	35	36	37	38	39	82	#
866	1.04059	36	37	38	39	40	82	#
867	1.04059	37	38	39	40	41	82	#
868	1.04059	38	39	40	41	42	82	#
869	1.04059	39	40	41	42	43	82	#
870	1.04059	40	41	42	43	44	82	#
871	1.04059	41	42	43	44	45	82	#
872	1.04059	42	43	44	45	46	82	#
873	1.04059	43	44	45	46	47	82	#
874	1.04059	44	45	46	47	48	82	#
875	1.04059	45	46	47	48	49	82	#
876	1.04059	46	47	48	49	50	82	#
877	1.04059	47	48	49	50	51	82	#
878	1.04059	48	49	50	51	52	82	#
879	1.04059	49	50	51	52	53	82	#
880	1.04059	50	51	52	53	54	82	#
881	1.04059	51	52	53	54	55	82	#
882	1.8569	0	1	83	#
883	1.8569	1	2	83	#
884	1.8569	2	3	83	#
885	1.8569	3	4	83	#
886	1.8569	4	5	83	#
887	1.8569	5	6	83	#
888	1.8569	6	7	83	#
889	1.8569	7	8	83	#
890	1.8569	8	9	83	#
891	1.8569	9	10	83	#
892	1.8569	10	11	83	#
893	1.8569	11	12	83	#
894	1.8569	12	13	83	#
895	0.473327	13	14	83	#
896	0.473327	14	15	83	#
897	0.473327	15	16	83	#
898	0.473327	16	17	83	#
899	0.473327	17	18	83	#
900	0.473327	18	19	83	#
901	0.473327	19	20	83	#
902	0.473327	20	21	83	#
903	0.473327	21	22	83	#
904	0.473327	22	23	83	#
905	0.473327	23	24	83	#
906	0.473327	24	25	83	#
907	0.473327	25	26	83	#
908	0.473327	26	27	83	#
909	0.473327	27	28	83	#
910	0.473327	28	29	83	#
911	0.473327	29	30	83	#
912	0.473327	30	31	83	#
913	0.473327	31	32	83	#
914	0.473327	32	33	83	#
915	0.473327	33	34	83	#
916	0.473327	34	35	83	#
917	0.473327	35	36	83	#
918	0.473327	36	37	83	#
919	0.473327	37	38	83	#
920	0.473327	38	39	83	#
921	0.473327	39	40	83	#
922	0.473327	40	41	83	#
923	0.473327	41	42	83	#
924	0.473327	42	43	83	#
925	0.473327	43	44	83	#
926	0.473327	44	45	83	#
927	0.473327	45	46	83	#
928	0.473327	46	47	83	#
929	0.473327	47	48	83	#
930	0.473327	48	49	83	#
931	0.473327	49	50	83	#
932	0.473327	50	51	83	#
933	0.423504	51	52	83	#
934	0.423504	52	53	83	#
935	0.423504	53	54	83	#
936	0.423504	54	55	83	#
937	0.423504	55	56	83	#
938	0.423504	56	57	83	#
939	0.402328	57	58	83	#
940	0.402328	58	59	83	#
941	0.402328	59	60	83	#
942	0.38317	60	61	83	#
943	0.38317	61	62	83	#
944	0.38317	62	63	83	#
945	10.2895	0	1	2	3	4	5	6	7	8	9	84	#
946	10.2895	1	2	3	4	5	6	7	8	9	10	84	#
947	10.2895	2	3	4	5	6	7	8	9	10	11	84	#
948	10.2895	3	4	5	6	7	8	9	10	11	12	84	#
949	10.2895	4	5	6	7	8	9	10	11	12	13	84	#
950	10.2895	5	6	7	8	9	10	11	12	13	14	84	#
951	10.2895	6	7	8	9	10	11	12	13	14	15	84	#
952	10.2895	7	8	9	10	11	12	13	14	15	16	84	#
953	10.2895	8	9	10	11	12	13	14	15	16	17	84	#
954	10.2895	9	10	11	12	13	14	15	16	17	18	84	#
955	10.2895	10	11	12	13	14	15	16	17	18	19	84	#
956	10.2895	11	12	13	14	15	16	17	18	19	20	84	#
957	10.2895	12	13	14	15	16	17	18	19	20	21	84	#
958	10.2895	13	14	15	16	17	18	19	20	21	22	84	#
959	10.2895	14	15	16	17	18	19	20	21	22	23	84	#
960	10.2895	15	16	17	18	19	20	21	22	23	24	84	#
961	10.2895	16	17	18	19	20	21	22	23	24	25	84	#
962	10.2895	17	18	19	20	21	22	23	24	25	26	84	#
963	10.2895	18	19	20	21	22	23	24	25	26	27	84	#
964	10.2895	19	20	21	22	23	24	25	26	27	28	84	#
965	10.2895	20	21	22	23	24	25	26	27	28	29	84	#
966	10.2895	21	22	23	24	25	26	27	28	29	30	84	#
967	10.2895	22	23	24	25	26	27	28	29	30	31	84	#
968	10.2895	23	24	25	26	27	28	29	30	31	32	84	#
969	10.2895	24	25	26	27	28	29	30	31	32	33	84	#
970	10.2895	25	26	27	28	29	30	31	32	33	34	84	#
971	10.2895	26	27	28	29	30	31	32	33	34	35	84	#
972	10.2895	27	28	29	30	31	32	33	34	35	36	84	#
973	10.2895	28	29	30	31	32	33	34	35	36	37	84	#
974	10.2895	29	30	31	32	33	34	35	36	37	38	84	#
975	10.2895	30	31	32	33	34	35	36	37	38	39	84	#
976	10.2895	31	32	33	34	35	36	37	38	39	40	84	#
977	10.2895	32	33	34	35	36	37	38	39	40	41	84	#
978	10.2895	33	34	35	36	37	38	39	40	41	42	84	#
979	10.2895	34	35	36	37	38	39	40	41	42	43	84	#
980	10.2895	35	36	37	38	39	40	41	42	43	44	84	#
981	10.2895	36	37	38	39	40	41	42	43	44	45	84	#
982	10.2895	37	38	39	40	41	42	43	44	45	46	84	#
983	10.2895	38	39	40	41	42	43	44	45	46	47	84	#
984	10.2895	39	40	41	42	43	44	45	46	47	48	84	#
985	10.2895	40	41	42	43	44	45	46	47	48	49	84	#
986	10.2895	41	42	43	44	45	46	47	48	49	50	84	#
987	10.2895	42	43	44	45	46	47	48	49	50	51	84	#
988	10.2895	43	44	45	46	47	48	49	50	51	52	84	#
989	10.2895	44	45	46	47	48	49	50	51	52	53	84	#
990	10.2895	45	46	47	48	49	50	51	52	53	54	84	#
991	10.2895	46	47	48	49	50	51	52	53	54	55	84	#
992	10.2895	47	48	49	50	51	52	53	54	55	56	84	#
993	10.2895	48	49	50	51	52	53	54	55	56	57	84	#
994	10.2895	49	50	51	52	53	54	55	56	57	58	84	#
995	10.2895	50	51	52	53	54	55	56	57	58	59	84	#
996	10.2895	51	52	53	54	55	56	57	58	59	60	84	#
997	10.2895	52	53	54	55	56	57	58	59	60	61	84	#
998	7.6322	0	1	2	3	4	5	85	#
999	7.6322	1	2	3	4	5	6	85	#
1000	7.6322	2	3	4	5	6	7	85	#
1001	7.6322	3	4	5	6	7	8	85	#
1002	7.6322	4	5	6	7	8	9	85	#
1003	7.6322	5	6	7	8	9	10	85	#
1004	7.6322	6	7	8	9	10	11	85	#
1005	7.6322	7	8	9	10	11	12	85	#
1006	7.6322	8	9	10	11	12	13	85	#
1007	7.6322	9	10	11	12	13	14	85	#
1008	7.6322	10	11	12	13	14	15	85	#
1009	7.6322	11	12	13	14	15	16	85	#
1010	7.6322	12	13	14	15	16	17	85	#
1011	7.6322	13	14	15	16	17	18	85	#
1012	7.6322	14	15	16	17	18	19	85	#
1013	7.6322	15	16	17	18	19	20	85	#
1014	7.6322	16	17	18	19	20	21	85	#
1015	7.6322	17	18	19	20	21	22	85	#
1016	7.6322	18	19	20	21	22	23	85	#
1017	7.6322	19	20	21	22	23	24	85	#
1018	7.6322	20	21	22	23	24	25	85	#
1019	7.6322	21	22	23	24	25	26	85	#
1020	7.6322	22	23	24	25	26	27	85	#
1021	7.6322	23	24	25	26	27	28	85	#
1022	7.6322	24	25	26	27	28	29	85	#
1023	7.6322	25	26	27	28	29	30	85	#
1024	7.6322	26	27	28	29	30	31	85	#
1025	7.6322	27	28	29	30	31	32	85	#
1026	7.6322	28	29	30	31	32	33	85	#
1027	7.6322	29	30	31	32	33	34	85	#
1028	5.40615	30	31	32	33	34	35	85	#
1029	5.40615	31	32	33	34	35	36	85	#
1030	5.40615	32	33	34	35	36	37	85	#
1031	5.40615	33	34	35	36	37	38	85	#
1032	5.40615	34	35	36	37	38	39	85	#
1033	5.40615	35	36	37	38	39	40	85	#
1034	5.40615	36	37	38	39	40	41	85	#
1035	5.40615	37	38	39	40	41	42	85	#
1036	5.40615	38	39	40	41	42	43	85	#
1037	5.40615	39	40	41	42	43	44	85	#
1038	5.40615	40	41	42	43	44	45	85	#
1039	5.40615	41	42	43	44	45	46	85	#
1040	5.40615	42	43	44	45	46	47	85	#
1041	5.40615	43	44	45	46	47	48	85	#
1042	5.1899	44	45	46	47	48	49	85	#
1043	5.1899	45	46	47	48	49	50	85	#
1044	4.71809	46	47	48	49	50	51	85	#
1045	4.71809	47	48	49	50	51	52	85	#
1046	4.71809	48	49	50	51	52	53	85	#
1047	4.71809	49	50	51	52	53	54	85	#
1048	4.71809	50	51	52	53	54	55	85	#
1049	4.11897	51	52	53	54	55	56	85	#
1050	4.11897	52	53	54	55	56	57	85	#
1051	4.11897	53	54	55	56	57	58	85	#
1052	4.11897	54	55	56	57	58	59	85	#
1053	4.11897	55	56	57	58	59	60	85	#
1054	4.11897	56	57	58	59	60	61	85	#
1055	4.11897	57	58	59	60	61	62	85	#
1056	4.11897	58	59	60	61	62	63	85	#
