%% File generated by CATS v.2.1Wed Jun 22 10:37:57 2022

%% The CATS webpage is http://robotics.stanford.edu/CATS

%% PARAMETER SETTINGS:
% Goods: 64; Bids: 1000; Distribution: scheduling; Runs: 1; Seed: 1656573162
% Scheduling Distribution Parameters:
% max_length                = 10
% deviation                 = 0.500000
% prob_additional_deadline  = 0.700000
% additivity                = 0.200000



goods 64
bids 1020
dummy 24

0	17.492	0	1	2	3	4	5	6	7	8	9	64	#
1	17.492	1	2	3	4	5	6	7	8	9	10	64	#
2	17.492	2	3	4	5	6	7	8	9	10	11	64	#
3	17.492	3	4	5	6	7	8	9	10	11	12	64	#
4	17.492	4	5	6	7	8	9	10	11	12	13	64	#
5	17.492	5	6	7	8	9	10	11	12	13	14	64	#
6	17.492	6	7	8	9	10	11	12	13	14	15	64	#
7	17.492	7	8	9	10	11	12	13	14	15	16	64	#
8	17.492	8	9	10	11	12	13	14	15	16	17	64	#
9	17.492	9	10	11	12	13	14	15	16	17	18	64	#
10	17.492	10	11	12	13	14	15	16	17	18	19	64	#
11	17.492	11	12	13	14	15	16	17	18	19	20	64	#
12	17.492	12	13	14	15	16	17	18	19	20	21	64	#
13	17.492	13	14	15	16	17	18	19	20	21	22	64	#
14	17.492	14	15	16	17	18	19	20	21	22	23	64	#
15	17.492	15	16	17	18	19	20	21	22	23	24	64	#
16	17.492	16	17	18	19	20	21	22	23	24	25	64	#
17	17.492	17	18	19	20	21	22	23	24	25	26	64	#
18	17.492	18	19	20	21	22	23	24	25	26	27	64	#
19	17.492	19	20	21	22	23	24	25	26	27	28	64	#
20	17.492	20	21	22	23	24	25	26	27	28	29	64	#
21	17.492	21	22	23	24	25	26	27	28	29	30	64	#
22	17.492	22	23	24	25	26	27	28	29	30	31	64	#
23	17.492	23	24	25	26	27	28	29	30	31	32	64	#
24	17.492	24	25	26	27	28	29	30	31	32	33	64	#
25	17.492	25	26	27	28	29	30	31	32	33	34	64	#
26	17.492	26	27	28	29	30	31	32	33	34	35	64	#
27	17.492	27	28	29	30	31	32	33	34	35	36	64	#
28	17.492	28	29	30	31	32	33	34	35	36	37	64	#
29	17.492	29	30	31	32	33	34	35	36	37	38	64	#
30	17.492	30	31	32	33	34	35	36	37	38	39	64	#
31	17.492	31	32	33	34	35	36	37	38	39	40	64	#
32	17.492	32	33	34	35	36	37	38	39	40	41	64	#
33	17.492	33	34	35	36	37	38	39	40	41	42	64	#
34	17.492	34	35	36	37	38	39	40	41	42	43	64	#
35	17.492	35	36	37	38	39	40	41	42	43	44	64	#
36	17.492	36	37	38	39	40	41	42	43	44	45	64	#
37	17.492	37	38	39	40	41	42	43	44	45	46	64	#
38	17.492	38	39	40	41	42	43	44	45	46	47	64	#
39	17.492	39	40	41	42	43	44	45	46	47	48	64	#
40	17.492	40	41	42	43	44	45	46	47	48	49	64	#
41	17.492	41	42	43	44	45	46	47	48	49	50	64	#
42	17.492	42	43	44	45	46	47	48	49	50	51	64	#
43	17.492	43	44	45	46	47	48	49	50	51	52	64	#
44	17.492	44	45	46	47	48	49	50	51	52	53	64	#
45	17.492	45	46	47	48	49	50	51	52	53	54	64	#
46	17.492	46	47	48	49	50	51	52	53	54	55	64	#
47	17.492	47	48	49	50	51	52	53	54	55	56	64	#
48	17.492	48	49	50	51	52	53	54	55	56	57	64	#
49	17.492	49	50	51	52	53	54	55	56	57	58	64	#
50	16.1038	50	51	52	53	54	55	56	57	58	59	64	#
51	16.1038	51	52	53	54	55	56	57	58	59	60	64	#
52	16.1038	52	53	54	55	56	57	58	59	60	61	64	#
53	16.1038	53	54	55	56	57	58	59	60	61	62	64	#
54	16.1038	54	55	56	57	58	59	60	61	62	63	64	#
55	14.5975	44	45	46	47	48	49	50	51	52	86	#
56	5.34592	1	2	3	4	5	6	65	#
57	5.34592	2	3	4	5	6	7	65	#
58	5.34592	3	4	5	6	7	8	65	#
59	5.34592	4	5	6	7	8	9	65	#
60	5.34592	5	6	7	8	9	10	65	#
61	5.34592	6	7	8	9	10	11	65	#
62	5.34592	7	8	9	10	11	12	65	#
63	5.34592	8	9	10	11	12	13	65	#
64	5.34592	9	10	11	12	13	14	65	#
65	5.34592	10	11	12	13	14	15	65	#
66	5.34592	11	12	13	14	15	16	65	#
67	5.34592	12	13	14	15	16	17	65	#
68	5.34592	13	14	15	16	17	18	65	#
69	5.34592	14	15	16	17	18	19	65	#
70	5.34592	15	16	17	18	19	20	65	#
71	5.34592	16	17	18	19	20	21	65	#
72	5.34592	17	18	19	20	21	22	65	#
73	5.34592	18	19	20	21	22	23	65	#
74	5.34592	19	20	21	22	23	24	65	#
75	5.34592	20	21	22	23	24	25	65	#
76	5.34592	21	22	23	24	25	26	65	#
77	5.34592	22	23	24	25	26	27	65	#
78	5.34592	23	24	25	26	27	28	65	#
79	5.34592	24	25	26	27	28	29	65	#
80	5.34592	25	26	27	28	29	30	65	#
81	5.34592	26	27	28	29	30	31	65	#
82	5.34592	27	28	29	30	31	32	65	#
83	5.34592	28	29	30	31	32	33	65	#
84	5.34592	29	30	31	32	33	34	65	#
85	5.34592	30	31	32	33	34	35	65	#
86	5.34592	31	32	33	34	35	36	65	#
87	5.34592	32	33	34	35	36	37	65	#
88	5.34592	33	34	35	36	37	38	65	#
89	5.34592	34	35	36	37	38	39	65	#
90	5.34592	35	36	37	38	39	40	65	#
91	5.34592	36	37	38	39	40	41	65	#
92	5.34592	37	38	39	40	41	42	65	#
93	5.34592	38	39	40	41	42	43	65	#
94	5.34592	39	40	41	42	43	44	65	#
95	5.34592	40	41	42	43	44	45	65	#
96	5.34592	41	42	43	44	45	46	65	#
97	5.34592	42	43	44	45	46	47	65	#
98	5.34592	43	44	45	46	47	48	65	#
99	5.34592	44	45	46	47	48	49	65	#
100	5.34592	45	46	47	48	49	50	65	#
101	5.34592	46	47	48	49	50	51	65	#
102	4.32765	47	48	49	50	51	52	65	#
103	4.32765	48	49	50	51	52	53	65	#
104	4.32765	49	50	51	52	53	54	65	#
105	4.32765	50	51	52	53	54	55	65	#
106	4.32765	51	52	53	54	55	56	65	#
107	4.32765	52	53	54	55	56	57	65	#
108	4.32765	53	54	55	56	57	58	65	#
109	4.32765	54	55	56	57	58	59	65	#
110	4.32765	55	56	57	58	59	60	65	#
111	4.32765	56	57	58	59	60	61	65	#
112	4.32765	57	58	59	60	61	62	65	#
113	4.32765	58	59	60	61	62	63	65	#
114	1.51738	0	1	66	#
115	1.51738	1	2	66	#
116	1.51738	2	3	66	#
117	1.51738	3	4	66	#
118	1.51738	4	5	66	#
119	1.51738	5	6	66	#
120	0.202318	6	7	66	#
121	0.202318	7	8	66	#
122	0.202318	8	9	66	#
123	0.202318	9	10	66	#
124	0.202318	10	11	66	#
125	0.202318	11	12	66	#
126	0.202318	12	13	66	#
127	0.202318	13	14	66	#
128	0.202318	14	15	66	#
129	0.202318	15	16	66	#
130	0.202318	16	17	66	#
131	0.202318	17	18	66	#
132	0.202318	18	19	66	#
133	0.202318	19	20	66	#
134	0.202318	20	21	66	#
135	0.202318	21	22	66	#
136	0.202318	22	23	66	#
137	0.202318	23	24	66	#
138	0.202318	24	25	66	#
139	0.202318	25	26	66	#
140	0.202318	26	27	66	#
141	0.202318	27	28	66	#
142	0.202318	28	29	66	#
143	0.202318	29	30	66	#
144	0.202318	30	31	66	#
145	0.202318	31	32	66	#
146	0.202318	32	33	66	#
147	0.202318	33	34	66	#
148	0.202318	34	35	66	#
149	0.202318	35	36	66	#
150	0.202318	36	37	66	#
151	0.202318	37	38	66	#
152	0.202318	38	39	66	#
153	0.202318	39	40	66	#
154	0.202318	40	41	66	#
155	0.202318	41	42	66	#
156	0.202318	42	43	66	#
157	0.202318	43	44	66	#
158	0.202318	44	45	66	#
159	1.32514	0	67	#
160	1.32514	1	67	#
161	7.03991	0	1	2	3	4	5	6	68	#
162	7.03991	1	2	3	4	5	6	7	68	#
163	7.03991	2	3	4	5	6	7	8	68	#
164	0.908376	3	4	5	6	7	8	9	68	#
165	0.908376	4	5	6	7	8	9	10	68	#
166	0.908376	5	6	7	8	9	10	11	68	#
167	0.908376	6	7	8	9	10	11	12	68	#
168	0.908376	7	8	9	10	11	12	13	68	#
169	0.908376	8	9	10	11	12	13	14	68	#
170	0.908376	9	10	11	12	13	14	15	68	#
171	0.908376	10	11	12	13	14	15	16	68	#
172	0.908376	11	12	13	14	15	16	17	68	#
173	0.908376	12	13	14	15	16	17	18	68	#
174	0.908376	13	14	15	16	17	18	19	68	#
175	0.908376	14	15	16	17	18	19	20	68	#
176	0.908376	15	16	17	18	19	20	21	68	#
177	0.908376	16	17	18	19	20	21	22	68	#
178	0.908376	17	18	19	20	21	22	23	68	#
179	0.908376	18	19	20	21	22	23	24	68	#
180	0.908376	19	20	21	22	23	24	25	68	#
181	0.908376	20	21	22	23	24	25	26	68	#
182	0.908376	21	22	23	24	25	26	27	68	#
183	0.908376	22	23	24	25	26	27	28	68	#
184	0.908376	23	24	25	26	27	28	29	68	#
185	0.908376	24	25	26	27	28	29	30	68	#
186	0.908376	25	26	27	28	29	30	31	68	#
187	0.908376	26	27	28	29	30	31	32	68	#
188	0.908376	27	28	29	30	31	32	33	68	#
189	0.908376	28	29	30	31	32	33	34	68	#
190	0.908376	29	30	31	32	33	34	35	68	#
191	0.908376	30	31	32	33	34	35	36	68	#
192	0.908376	31	32	33	34	35	36	37	68	#
193	0.908376	32	33	34	35	36	37	38	68	#
194	0.908376	33	34	35	36	37	38	39	68	#
195	0.908376	34	35	36	37	38	39	40	68	#
196	0.908376	35	36	37	38	39	40	41	68	#
197	0.908376	36	37	38	39	40	41	42	68	#
198	0.908376	37	38	39	40	41	42	43	68	#
199	0.908376	38	39	40	41	42	43	44	68	#
200	0.908376	39	40	41	42	43	44	45	68	#
201	0.908376	40	41	42	43	44	45	46	68	#
202	0.908376	41	42	43	44	45	46	47	68	#
203	0.908376	42	43	44	45	46	47	48	68	#
204	0.908376	43	44	45	46	47	48	49	68	#
205	0.908376	44	45	46	47	48	49	50	68	#
206	0.908376	45	46	47	48	49	50	51	68	#
207	0.908376	46	47	48	49	50	51	52	68	#
208	0.908376	47	48	49	50	51	52	53	68	#
209	0.908376	48	49	50	51	52	53	54	68	#
210	0.908376	49	50	51	52	53	54	55	68	#
211	0.908376	50	51	52	53	54	55	56	68	#
212	0.908376	51	52	53	54	55	56	57	68	#
213	0.908376	52	53	54	55	56	57	58	68	#
214	0.908376	53	54	55	56	57	58	59	68	#
215	0.908376	54	55	56	57	58	59	60	68	#
216	0.908376	55	56	57	58	59	60	61	68	#
217	0.908376	56	57	58	59	60	61	62	68	#
218	0.893957	57	58	59	60	61	62	63	68	#
219	9.15223	0	1	2	3	4	69	#
220	9.15223	1	2	3	4	5	69	#
221	9.15223	2	3	4	5	6	69	#
222	9.15223	3	4	5	6	7	69	#
223	9.15223	4	5	6	7	8	69	#
224	9.15223	5	6	7	8	9	69	#
225	9.15223	6	7	8	9	10	69	#
226	9.15223	7	8	9	10	11	69	#
227	9.15223	8	9	10	11	12	69	#
228	9.15223	9	10	11	12	13	69	#
229	9.15223	10	11	12	13	14	69	#
230	9.15223	11	12	13	14	15	69	#
231	9.15223	12	13	14	15	16	69	#
232	9.15223	13	14	15	16	17	69	#
233	9.15223	14	15	16	17	18	69	#
234	9.15223	15	16	17	18	19	69	#
235	9.15223	16	17	18	19	20	69	#
236	9.15223	17	18	19	20	21	69	#
237	9.15223	18	19	20	21	22	69	#
238	9.15223	19	20	21	22	23	69	#
239	9.15223	20	21	22	23	24	69	#
240	11.8223	0	1	2	3	4	5	70	#
241	11.8223	1	2	3	4	5	6	70	#
242	11.8223	2	3	4	5	6	7	70	#
243	11.8223	3	4	5	6	7	8	70	#
244	11.8223	4	5	6	7	8	9	70	#
245	11.8223	5	6	7	8	9	10	70	#
246	11.8223	6	7	8	9	10	11	70	#
247	11.8223	7	8	9	10	11	12	70	#
248	11.8223	8	9	10	11	12	13	70	#
249	11.8223	9	10	11	12	13	14	70	#
250	11.8223	10	11	12	13	14	15	70	#
251	11.8223	11	12	13	14	15	16	70	#
252	11.8223	12	13	14	15	16	17	70	#
253	11.8223	13	14	15	16	17	18	70	#
254	11.8223	14	15	16	17	18	19	70	#
255	11.8223	15	16	17	18	19	20	70	#
256	11.8223	16	17	18	19	20	21	70	#
257	11.8223	17	18	19	20	21	22	70	#
258	11.8223	18	19	20	21	22	23	70	#
259	11.8223	19	20	21	22	23	24	70	#
260	11.8223	20	21	22	23	24	25	70	#
261	11.8223	21	22	23	24	25	26	70	#
262	11.8223	22	23	24	25	26	27	70	#
263	11.8223	23	24	25	26	27	28	70	#
264	11.8223	24	25	26	27	28	29	70	#
265	11.8223	25	26	27	28	29	30	70	#
266	11.8223	26	27	28	29	30	31	70	#
267	11.8223	27	28	29	30	31	32	70	#
268	11.8223	28	29	30	31	32	33	70	#
269	11.8223	29	30	31	32	33	34	70	#
270	11.8223	30	31	32	33	34	35	70	#
271	11.8223	31	32	33	34	35	36	70	#
272	11.8223	32	33	34	35	36	37	70	#
273	11.8223	33	34	35	36	37	38	70	#
274	7.8815	34	35	36	37	38	39	70	#
275	7.8815	35	36	37	38	39	40	70	#
276	7.8815	36	37	38	39	40	41	70	#
277	7.8815	37	38	39	40	41	42	70	#
278	7.8815	38	39	40	41	42	43	70	#
279	7.8815	39	40	41	42	43	44	70	#
280	7.8815	40	41	42	43	44	45	70	#
281	7.8815	41	42	43	44	45	46	70	#
282	7.8815	42	43	44	45	46	47	70	#
283	7.8815	43	44	45	46	47	48	70	#
284	7.8815	44	45	46	47	48	49	70	#
285	7.8815	45	46	47	48	49	50	70	#
286	7.8815	46	47	48	49	50	51	70	#
287	7.8815	47	48	49	50	51	52	70	#
288	7.8815	48	49	50	51	52	53	70	#
289	7.8815	49	50	51	52	53	54	70	#
290	7.8815	50	51	52	53	54	55	70	#
291	7.8815	51	52	53	54	55	56	70	#
292	7.8815	52	53	54	55	56	57	70	#
293	7.13088	53	54	55	56	57	58	70	#
294	7.13088	54	55	56	57	58	59	70	#
295	7.13088	55	56	57	58	59	60	70	#
296	7.13088	56	57	58	59	60	61	70	#
297	7.13088	57	58	59	60	61	62	70	#
298	7.13088	58	59	60	61	62	63	70	#
299	12.6507	0	1	2	3	4	5	6	7	8	9	71	#
300	12.6507	1	2	3	4	5	6	7	8	9	10	71	#
301	12.6507	2	3	4	5	6	7	8	9	10	11	71	#
302	12.6507	3	4	5	6	7	8	9	10	11	12	71	#
303	12.6507	4	5	6	7	8	9	10	11	12	13	71	#
304	12.6507	5	6	7	8	9	10	11	12	13	14	71	#
305	12.6507	6	7	8	9	10	11	12	13	14	15	71	#
306	12.6507	7	8	9	10	11	12	13	14	15	16	71	#
307	12.6507	8	9	10	11	12	13	14	15	16	17	71	#
308	12.6507	9	10	11	12	13	14	15	16	17	18	71	#
309	12.6507	10	11	12	13	14	15	16	17	18	19	71	#
310	12.6507	11	12	13	14	15	16	17	18	19	20	71	#
311	12.6507	12	13	14	15	16	17	18	19	20	21	71	#
312	12.6507	13	14	15	16	17	18	19	20	21	22	71	#
313	12.6507	14	15	16	17	18	19	20	21	22	23	71	#
314	12.6507	15	16	17	18	19	20	21	22	23	24	71	#
315	12.6507	16	17	18	19	20	21	22	23	24	25	71	#
316	12.6507	17	18	19	20	21	22	23	24	25	26	71	#
317	12.6507	18	19	20	21	22	23	24	25	26	27	71	#
318	12.6507	19	20	21	22	23	24	25	26	27	28	71	#
319	12.6507	20	21	22	23	24	25	26	27	28	29	71	#
320	12.6507	21	22	23	24	25	26	27	28	29	30	71	#
321	12.6507	22	23	24	25	26	27	28	29	30	31	71	#
322	12.6507	23	24	25	26	27	28	29	30	31	32	71	#
323	12.6507	24	25	26	27	28	29	30	31	32	33	71	#
324	12.6507	25	26	27	28	29	30	31	32	33	34	71	#
325	12.6507	26	27	28	29	30	31	32	33	34	35	71	#
326	12.6507	27	28	29	30	31	32	33	34	35	36	71	#
327	12.6507	28	29	30	31	32	33	34	35	36	37	71	#
328	12.6507	29	30	31	32	33	34	35	36	37	38	71	#
329	12.6507	30	31	32	33	34	35	36	37	38	39	71	#
330	9.6741	31	32	33	34	35	36	37	38	39	40	71	#
331	9.6741	32	33	34	35	36	37	38	39	40	41	71	#
332	9.6741	33	34	35	36	37	38	39	40	41	42	71	#
333	9.6741	34	35	36	37	38	39	40	41	42	43	71	#
334	9.6741	35	36	37	38	39	40	41	42	43	44	71	#
335	9.6741	36	37	38	39	40	41	42	43	44	45	71	#
336	9.6741	37	38	39	40	41	42	43	44	45	46	71	#
337	9.6741	38	39	40	41	42	43	44	45	46	47	71	#
338	9.6741	39	40	41	42	43	44	45	46	47	48	71	#
339	9.6741	40	41	42	43	44	45	46	47	48	49	71	#
340	9.6741	41	42	43	44	45	46	47	48	49	50	71	#
341	9.6741	42	43	44	45	46	47	48	49	50	51	71	#
342	8.50654	43	44	45	46	47	48	49	50	51	52	71	#
343	8.50654	44	45	46	47	48	49	50	51	52	53	71	#
344	8.50654	45	46	47	48	49	50	51	52	53	54	71	#
345	8.50654	46	47	48	49	50	51	52	53	54	55	71	#
346	8.50654	47	48	49	50	51	52	53	54	55	56	71	#
347	8.50654	48	49	50	51	52	53	54	55	56	57	71	#
348	8.50654	49	50	51	52	53	54	55	56	57	58	71	#
349	7.95773	50	51	52	53	54	55	56	57	58	59	71	#
350	7.95773	51	52	53	54	55	56	57	58	59	60	71	#
351	7.95773	52	53	54	55	56	57	58	59	60	61	71	#
352	7.95773	53	54	55	56	57	58	59	60	61	62	71	#
353	7.83142	54	55	56	57	58	59	60	61	62	63	71	#
354	5.58106	0	1	2	3	72	#
355	5.58106	1	2	3	4	72	#
356	5.58106	2	3	4	5	72	#
357	5.58106	3	4	5	6	72	#
358	5.58106	4	5	6	7	72	#
359	5.58106	5	6	7	8	72	#
360	5.58106	6	7	8	9	72	#
361	5.58106	7	8	9	10	72	#
362	5.58106	8	9	10	11	72	#
363	5.58106	9	10	11	12	72	#
364	5.58106	10	11	12	13	72	#
365	5.58106	11	12	13	14	72	#
366	5.58106	12	13	14	15	72	#
367	5.58106	13	14	15	16	72	#
368	5.58106	14	15	16	17	72	#
369	5.58106	15	16	17	18	72	#
370	5.58106	16	17	18	19	72	#
371	5.58106	17	18	19	20	72	#
372	5.58106	18	19	20	21	72	#
373	5.58106	19	20	21	22	72	#
374	5.58106	20	21	22	23	72	#
375	5.58106	21	22	23	24	72	#
376	5.58106	22	23	24	25	72	#
377	5.58106	23	24	25	26	72	#
378	5.58106	24	25	26	27	72	#
379	5.58106	25	26	27	28	72	#
380	5.58106	26	27	28	29	72	#
381	5.58106	27	28	29	30	72	#
382	5.58106	28	29	30	31	72	#
383	5.58106	29	30	31	32	72	#
384	5.58106	30	31	32	33	72	#
385	5.58106	31	32	33	34	72	#
386	5.58106	32	33	34	35	72	#
387	5.58106	33	34	35	36	72	#
388	5.58106	34	35	36	37	72	#
389	5.58106	35	36	37	38	72	#
390	5.58106	36	37	38	39	72	#
391	5.58106	37	38	39	40	72	#
392	5.58106	38	39	40	41	72	#
393	5.58106	39	40	41	42	72	#
394	5.58106	40	41	42	43	72	#
395	5.58106	41	42	43	44	72	#
396	5.58106	42	43	44	45	72	#
397	5.58106	43	44	45	46	72	#
398	5.58106	44	45	46	47	72	#
399	5.58106	45	46	47	48	72	#
400	5.58106	46	47	48	49	72	#
401	5.58106	47	48	49	50	72	#
402	5.58106	48	49	50	51	72	#
403	5.58106	49	50	51	52	72	#
404	5.58106	50	51	52	53	72	#
405	5.58106	51	52	53	54	72	#
406	5.58106	52	53	54	55	72	#
407	4.87236	53	54	55	56	72	#
408	4.87236	54	55	56	57	72	#
409	4.87236	55	56	57	58	72	#
410	4.87236	56	57	58	59	72	#
411	4.87236	57	58	59	60	72	#
412	4.87236	58	59	60	61	72	#
413	4.87236	59	60	61	62	72	#
414	4.87236	60	61	62	63	72	#
415	6.85143	0	1	2	3	73	#
416	6.85143	1	2	3	4	73	#
417	6.85143	2	3	4	5	73	#
418	6.85143	3	4	5	6	73	#
419	6.85143	4	5	6	7	73	#
420	6.85143	5	6	7	8	73	#
421	6.85143	6	7	8	9	73	#
422	6.85143	7	8	9	10	73	#
423	6.85143	8	9	10	11	73	#
424	6.85143	9	10	11	12	73	#
425	6.85143	10	11	12	13	73	#
426	6.85143	11	12	13	14	73	#
427	6.85143	12	13	14	15	73	#
428	6.85143	13	14	15	16	73	#
429	6.85143	14	15	16	17	73	#
430	6.85143	15	16	17	18	73	#
431	6.85143	16	17	18	19	73	#
432	6.85143	17	18	19	20	73	#
433	6.85143	18	19	20	21	73	#
434	6.85143	19	20	21	22	73	#
435	6.85143	20	21	22	23	73	#
436	6.85143	21	22	23	24	73	#
437	6.85143	22	23	24	25	73	#
438	6.85143	23	24	25	26	73	#
439	6.85143	24	25	26	27	73	#
440	6.85143	25	26	27	28	73	#
441	6.85143	26	27	28	29	73	#
442	6.85143	27	28	29	30	73	#
443	6.85143	28	29	30	31	73	#
444	6.85143	29	30	31	32	73	#
445	6.85143	30	31	32	33	73	#
446	6.85143	31	32	33	34	73	#
447	6.85143	32	33	34	35	73	#
448	6.85143	33	34	35	36	73	#
449	6.85143	34	35	36	37	73	#
450	6.85143	35	36	37	38	73	#
451	6.85143	36	37	38	39	73	#
452	6.85143	37	38	39	40	73	#
453	6.85143	38	39	40	41	73	#
454	6.85143	39	40	41	42	73	#
455	6.85143	40	41	42	43	73	#
456	6.85143	41	42	43	44	73	#
457	6.85143	42	43	44	45	73	#
458	6.85143	43	44	45	46	73	#
459	6.85143	44	45	46	47	73	#
460	6.85143	45	46	47	48	73	#
461	6.85143	46	47	48	49	73	#
462	6.85143	47	48	49	50	73	#
463	6.85143	48	49	50	51	73	#
464	6.13023	49	50	51	52	73	#
465	6.13023	50	51	52	53	73	#
466	6.13023	51	52	53	54	73	#
467	6.13023	52	53	54	55	73	#
468	6.13023	53	54	55	56	73	#
469	6.13023	54	55	56	57	73	#
470	14.5975	43	44	45	46	47	48	49	50	51	86	#
471	5.14634	1	2	3	4	5	6	74	#
472	5.14634	2	3	4	5	6	7	74	#
473	5.14634	3	4	5	6	7	8	74	#
474	5.14634	4	5	6	7	8	9	74	#
475	5.14634	5	6	7	8	9	10	74	#
476	5.14634	6	7	8	9	10	11	74	#
477	5.14634	7	8	9	10	11	12	74	#
478	5.14634	8	9	10	11	12	13	74	#
479	5.14634	9	10	11	12	13	14	74	#
480	5.14634	10	11	12	13	14	15	74	#
481	5.14634	11	12	13	14	15	16	74	#
482	5.14634	12	13	14	15	16	17	74	#
483	5.14634	13	14	15	16	17	18	74	#
484	5.14634	14	15	16	17	18	19	74	#
485	5.14634	15	16	17	18	19	20	74	#
486	5.14634	16	17	18	19	20	21	74	#
487	5.14634	17	18	19	20	21	22	74	#
488	5.14634	18	19	20	21	22	23	74	#
489	5.14634	19	20	21	22	23	24	74	#
490	5.14634	20	21	22	23	24	25	74	#
491	5.14634	21	22	23	24	25	26	74	#
492	5.14634	22	23	24	25	26	27	74	#
493	5.14634	23	24	25	26	27	28	74	#
494	5.14634	24	25	26	27	28	29	74	#
495	5.14634	25	26	27	28	29	30	74	#
496	5.14634	26	27	28	29	30	31	74	#
497	5.14634	27	28	29	30	31	32	74	#
498	5.14634	28	29	30	31	32	33	74	#
499	5.14634	29	30	31	32	33	34	74	#
500	5.14634	30	31	32	33	34	35	74	#
501	5.14634	31	32	33	34	35	36	74	#
502	5.14634	32	33	34	35	36	37	74	#
503	5.14634	33	34	35	36	37	38	74	#
504	5.14634	34	35	36	37	38	39	74	#
505	5.14634	35	36	37	38	39	40	74	#
506	5.14634	36	37	38	39	40	41	74	#
507	5.14634	37	38	39	40	41	42	74	#
508	5.14634	38	39	40	41	42	43	74	#
509	5.14634	39	40	41	42	43	44	74	#
510	5.14634	40	41	42	43	44	45	74	#
511	5.14634	41	42	43	44	45	46	74	#
512	5.14634	42	43	44	45	46	47	74	#
513	5.14634	43	44	45	46	47	48	74	#
514	5.14634	44	45	46	47	48	49	74	#
515	5.14634	45	46	47	48	49	50	74	#
516	5.14634	46	47	48	49	50	51	74	#
517	4.23328	47	48	49	50	51	52	74	#
518	4.23328	48	49	50	51	52	53	74	#
519	4.23328	49	50	51	52	53	54	74	#
520	4.23328	50	51	52	53	54	55	74	#
521	4.23328	51	52	53	54	55	56	74	#
522	4.23328	52	53	54	55	56	57	74	#
523	4.23328	53	54	55	56	57	58	74	#
524	4.23328	54	55	56	57	58	59	74	#
525	4.23328	55	56	57	58	59	60	74	#
526	4.23328	56	57	58	59	60	61	74	#
527	4.23328	57	58	59	60	61	62	74	#
528	10.5904	0	1	2	3	4	5	6	7	8	75	#
529	10.5904	1	2	3	4	5	6	7	8	9	75	#
530	10.5904	2	3	4	5	6	7	8	9	10	75	#
531	10.5904	3	4	5	6	7	8	9	10	11	75	#
532	10.5904	4	5	6	7	8	9	10	11	12	75	#
533	10.5904	5	6	7	8	9	10	11	12	13	75	#
534	10.5904	6	7	8	9	10	11	12	13	14	75	#
535	10.5904	7	8	9	10	11	12	13	14	15	75	#
536	10.5904	8	9	10	11	12	13	14	15	16	75	#
537	10.5904	9	10	11	12	13	14	15	16	17	75	#
538	10.5904	10	11	12	13	14	15	16	17	18	75	#
539	10.5904	11	12	13	14	15	16	17	18	19	75	#
540	10.5904	12	13	14	15	16	17	18	19	20	75	#
541	10.5904	13	14	15	16	17	18	19	20	21	75	#
542	10.5904	14	15	16	17	18	19	20	21	22	75	#
543	10.5904	15	16	17	18	19	20	21	22	23	75	#
544	10.5904	16	17	18	19	20	21	22	23	24	75	#
545	10.5904	17	18	19	20	21	22	23	24	25	75	#
546	10.5904	18	19	20	21	22	23	24	25	26	75	#
547	10.5904	19	20	21	22	23	24	25	26	27	75	#
548	10.5904	20	21	22	23	24	25	26	27	28	75	#
549	10.5904	21	22	23	24	25	26	27	28	29	75	#
550	10.5904	22	23	24	25	26	27	28	29	30	75	#
551	10.5904	23	24	25	26	27	28	29	30	31	75	#
552	10.5904	24	25	26	27	28	29	30	31	32	75	#
553	10.5904	25	26	27	28	29	30	31	32	33	75	#
554	10.5904	26	27	28	29	30	31	32	33	34	75	#
555	10.5904	27	28	29	30	31	32	33	34	35	75	#
556	10.5904	28	29	30	31	32	33	34	35	36	75	#
557	10.5904	29	30	31	32	33	34	35	36	37	75	#
558	10.5904	30	31	32	33	34	35	36	37	38	75	#
559	10.5904	31	32	33	34	35	36	37	38	39	75	#
560	10.5904	32	33	34	35	36	37	38	39	40	75	#
561	10.5904	33	34	35	36	37	38	39	40	41	75	#
562	10.5904	34	35	36	37	38	39	40	41	42	75	#
563	10.5904	35	36	37	38	39	40	41	42	43	75	#
564	10.5904	36	37	38	39	40	41	42	43	44	75	#
565	10.5904	37	38	39	40	41	42	43	44	45	75	#
566	10.5904	38	39	40	41	42	43	44	45	46	75	#
567	10.5904	39	40	41	42	43	44	45	46	47	75	#
568	10.5904	40	41	42	43	44	45	46	47	48	75	#
569	10.5904	41	42	43	44	45	46	47	48	49	75	#
570	10.5904	42	43	44	45	46	47	48	49	50	75	#
571	10.5904	43	44	45	46	47	48	49	50	51	75	#
572	21.165	0	1	2	3	4	5	6	7	8	9	76	#
573	17.3168	1	2	3	4	5	6	7	8	9	10	76	#
574	17.3168	2	3	4	5	6	7	8	9	10	11	76	#
575	9.8319	0	1	2	3	4	5	77	#
576	9.8319	1	2	3	4	5	6	77	#
577	9.8319	2	3	4	5	6	7	77	#
578	9.8319	3	4	5	6	7	8	77	#
579	9.8319	4	5	6	7	8	9	77	#
580	9.8319	5	6	7	8	9	10	77	#
581	9.8319	6	7	8	9	10	11	77	#
582	9.8319	7	8	9	10	11	12	77	#
583	9.8319	8	9	10	11	12	13	77	#
584	9.8319	9	10	11	12	13	14	77	#
585	9.8319	10	11	12	13	14	15	77	#
586	9.8319	11	12	13	14	15	16	77	#
587	9.8319	12	13	14	15	16	17	77	#
588	9.8319	13	14	15	16	17	18	77	#
589	9.8319	14	15	16	17	18	19	77	#
590	9.8319	15	16	17	18	19	20	77	#
591	9.8319	16	17	18	19	20	21	77	#
592	9.8319	17	18	19	20	21	22	77	#
593	9.8319	18	19	20	21	22	23	77	#
594	9.8319	19	20	21	22	23	24	77	#
595	9.8319	20	21	22	23	24	25	77	#
596	4.02947	21	22	23	24	25	26	77	#
597	4.02947	22	23	24	25	26	27	77	#
598	4.02947	23	24	25	26	27	28	77	#
599	4.02947	24	25	26	27	28	29	77	#
600	4.02947	25	26	27	28	29	30	77	#
601	4.02947	26	27	28	29	30	31	77	#
602	4.02947	27	28	29	30	31	32	77	#
603	4.02947	28	29	30	31	32	33	77	#
604	4.02947	29	30	31	32	33	34	77	#
605	4.02947	30	31	32	33	34	35	77	#
606	4.02947	31	32	33	34	35	36	77	#
607	4.02947	32	33	34	35	36	37	77	#
608	4.02947	33	34	35	36	37	38	77	#
609	4.02947	34	35	36	37	38	39	77	#
610	4.02947	35	36	37	38	39	40	77	#
611	4.02947	36	37	38	39	40	41	77	#
612	4.02947	37	38	39	40	41	42	77	#
613	4.02947	38	39	40	41	42	43	77	#
614	4.02947	39	40	41	42	43	44	77	#
615	4.02947	40	41	42	43	44	45	77	#
616	4.02947	41	42	43	44	45	46	77	#
617	4.02947	42	43	44	45	46	47	77	#
618	4.02947	43	44	45	46	47	48	77	#
619	4.02947	44	45	46	47	48	49	77	#
620	4.02947	45	46	47	48	49	50	77	#
621	4.02947	46	47	48	49	50	51	77	#
622	4.02947	47	48	49	50	51	52	77	#
623	4.02947	48	49	50	51	52	53	77	#
624	4.02947	49	50	51	52	53	54	77	#
625	4.02947	50	51	52	53	54	55	77	#
626	4.02947	51	52	53	54	55	56	77	#
627	4.02947	52	53	54	55	56	57	77	#
628	4.02947	53	54	55	56	57	58	77	#
629	4.02947	54	55	56	57	58	59	77	#
630	4.02947	55	56	57	58	59	60	77	#
631	4.02947	56	57	58	59	60	61	77	#
632	3.96448	57	58	59	60	61	62	77	#
633	3.90155	58	59	60	61	62	63	77	#
634	23.5939	0	1	2	3	4	5	6	7	8	9	78	#
635	23.5939	1	2	3	4	5	6	7	8	9	10	78	#
636	23.5939	2	3	4	5	6	7	8	9	10	11	78	#
637	23.5939	3	4	5	6	7	8	9	10	11	12	78	#
638	23.5939	4	5	6	7	8	9	10	11	12	13	78	#
639	23.5939	5	6	7	8	9	10	11	12	13	14	78	#
640	23.5939	6	7	8	9	10	11	12	13	14	15	78	#
641	23.5939	7	8	9	10	11	12	13	14	15	16	78	#
642	23.5939	8	9	10	11	12	13	14	15	16	17	78	#
643	23.5939	9	10	11	12	13	14	15	16	17	18	78	#
644	23.5939	10	11	12	13	14	15	16	17	18	19	78	#
645	23.5939	11	12	13	14	15	16	17	18	19	20	78	#
646	23.5939	12	13	14	15	16	17	18	19	20	21	78	#
647	23.5939	13	14	15	16	17	18	19	20	21	22	78	#
648	23.5939	14	15	16	17	18	19	20	21	22	23	78	#
649	23.5939	15	16	17	18	19	20	21	22	23	24	78	#
650	23.5939	16	17	18	19	20	21	22	23	24	25	78	#
651	23.5939	17	18	19	20	21	22	23	24	25	26	78	#
652	23.5939	18	19	20	21	22	23	24	25	26	27	78	#
653	23.5939	19	20	21	22	23	24	25	26	27	28	78	#
654	23.5939	20	21	22	23	24	25	26	27	28	29	78	#
655	23.5939	21	22	23	24	25	26	27	28	29	30	78	#
656	23.5939	22	23	24	25	26	27	28	29	30	31	78	#
657	23.5939	23	24	25	26	27	28	29	30	31	32	78	#
658	23.5939	24	25	26	27	28	29	30	31	32	33	78	#
659	23.5939	25	26	27	28	29	30	31	32	33	34	78	#
660	23.5939	26	27	28	29	30	31	32	33	34	35	78	#
661	23.5939	27	28	29	30	31	32	33	34	35	36	78	#
662	23.5939	28	29	30	31	32	33	34	35	36	37	78	#
663	23.5939	29	30	31	32	33	34	35	36	37	38	78	#
664	23.5939	30	31	32	33	34	35	36	37	38	39	78	#
665	23.5939	31	32	33	34	35	36	37	38	39	40	78	#
666	23.5939	32	33	34	35	36	37	38	39	40	41	78	#
667	23.5939	33	34	35	36	37	38	39	40	41	42	78	#
668	23.5939	34	35	36	37	38	39	40	41	42	43	78	#
669	20.2122	0	1	2	3	4	5	6	7	8	79	#
670	20.2122	1	2	3	4	5	6	7	8	9	79	#
671	20.2122	2	3	4	5	6	7	8	9	10	79	#
672	20.2122	3	4	5	6	7	8	9	10	11	79	#
673	20.2122	4	5	6	7	8	9	10	11	12	79	#
674	20.2122	5	6	7	8	9	10	11	12	13	79	#
675	20.2122	6	7	8	9	10	11	12	13	14	79	#
676	20.2122	7	8	9	10	11	12	13	14	15	79	#
677	10.1061	8	9	10	11	12	13	14	15	16	79	#
678	10.1061	9	10	11	12	13	14	15	16	17	79	#
679	10.1061	10	11	12	13	14	15	16	17	18	79	#
680	10.1061	11	12	13	14	15	16	17	18	19	79	#
681	10.1061	12	13	14	15	16	17	18	19	20	79	#
682	10.1061	13	14	15	16	17	18	19	20	21	79	#
683	10.1061	14	15	16	17	18	19	20	21	22	79	#
684	10.1061	15	16	17	18	19	20	21	22	23	79	#
685	10.1061	16	17	18	19	20	21	22	23	24	79	#
686	10.1061	17	18	19	20	21	22	23	24	25	79	#
687	10.1061	18	19	20	21	22	23	24	25	26	79	#
688	10.1061	19	20	21	22	23	24	25	26	27	79	#
689	10.1061	20	21	22	23	24	25	26	27	28	79	#
690	10.1061	21	22	23	24	25	26	27	28	29	79	#
691	10.1061	22	23	24	25	26	27	28	29	30	79	#
692	8.66238	23	24	25	26	27	28	29	30	31	79	#
693	8.66238	24	25	26	27	28	29	30	31	32	79	#
694	8.66238	25	26	27	28	29	30	31	32	33	79	#
695	8.66238	26	27	28	29	30	31	32	33	34	79	#
696	8.66238	27	28	29	30	31	32	33	34	35	79	#
697	5.41399	28	29	30	31	32	33	34	35	36	79	#
698	5.41399	29	30	31	32	33	34	35	36	37	79	#
699	5.41399	30	31	32	33	34	35	36	37	38	79	#
700	5.41399	31	32	33	34	35	36	37	38	39	79	#
701	5.41399	32	33	34	35	36	37	38	39	40	79	#
702	5.41399	33	34	35	36	37	38	39	40	41	79	#
703	5.41399	34	35	36	37	38	39	40	41	42	79	#
704	5.41399	35	36	37	38	39	40	41	42	43	79	#
705	5.41399	36	37	38	39	40	41	42	43	44	79	#
706	5.41399	37	38	39	40	41	42	43	44	45	79	#
707	5.41399	38	39	40	41	42	43	44	45	46	79	#
708	5.41399	39	40	41	42	43	44	45	46	47	79	#
709	5.41399	40	41	42	43	44	45	46	47	48	79	#
710	5.41399	41	42	43	44	45	46	47	48	49	79	#
711	5.41399	42	43	44	45	46	47	48	49	50	79	#
712	5.41399	43	44	45	46	47	48	49	50	51	79	#
713	5.41399	44	45	46	47	48	49	50	51	52	79	#
714	5.41399	45	46	47	48	49	50	51	52	53	79	#
715	5.41399	46	47	48	49	50	51	52	53	54	79	#
716	5.41399	47	48	49	50	51	52	53	54	55	79	#
717	5.41399	48	49	50	51	52	53	54	55	56	79	#
718	4.81243	49	50	51	52	53	54	55	56	57	79	#
719	4.81243	50	51	52	53	54	55	56	57	58	79	#
720	4.81243	51	52	53	54	55	56	57	58	59	79	#
721	4.81243	52	53	54	55	56	57	58	59	60	79	#
722	4.81243	53	54	55	56	57	58	59	60	61	79	#
723	4.81243	54	55	56	57	58	59	60	61	62	79	#
724	4.81243	55	56	57	58	59	60	61	62	63	79	#
725	14.5975	42	43	44	45	46	47	48	49	50	86	#
726	5.52162	1	2	3	4	5	6	7	80	#
727	5.52162	2	3	4	5	6	7	8	80	#
728	5.52162	3	4	5	6	7	8	9	80	#
729	5.52162	4	5	6	7	8	9	10	80	#
730	5.52162	5	6	7	8	9	10	11	80	#
731	5.52162	6	7	8	9	10	11	12	80	#
732	5.52162	7	8	9	10	11	12	13	80	#
733	5.52162	8	9	10	11	12	13	14	80	#
734	5.52162	9	10	11	12	13	14	15	80	#
735	5.52162	10	11	12	13	14	15	16	80	#
736	5.52162	11	12	13	14	15	16	17	80	#
737	5.52162	12	13	14	15	16	17	18	80	#
738	5.52162	13	14	15	16	17	18	19	80	#
739	5.52162	14	15	16	17	18	19	20	80	#
740	5.52162	15	16	17	18	19	20	21	80	#
741	5.52162	16	17	18	19	20	21	22	80	#
742	5.52162	17	18	19	20	21	22	23	80	#
743	5.52162	18	19	20	21	22	23	24	80	#
744	5.52162	19	20	21	22	23	24	25	80	#
745	5.52162	20	21	22	23	24	25	26	80	#
746	5.52162	21	22	23	24	25	26	27	80	#
747	5.52162	22	23	24	25	26	27	28	80	#
748	5.52162	23	24	25	26	27	28	29	80	#
749	5.52162	24	25	26	27	28	29	30	80	#
750	5.52162	25	26	27	28	29	30	31	80	#
751	5.52162	26	27	28	29	30	31	32	80	#
752	5.52162	27	28	29	30	31	32	33	80	#
753	5.52162	28	29	30	31	32	33	34	80	#
754	5.52162	29	30	31	32	33	34	35	80	#
755	5.52162	30	31	32	33	34	35	36	80	#
756	5.52162	31	32	33	34	35	36	37	80	#
757	5.52162	32	33	34	35	36	37	38	80	#
758	5.52162	33	34	35	36	37	38	39	80	#
759	5.52162	34	35	36	37	38	39	40	80	#
760	5.52162	35	36	37	38	39	40	41	80	#
761	5.52162	36	37	38	39	40	41	42	80	#
762	5.52162	37	38	39	40	41	42	43	80	#
763	9.161	0	1	2	3	4	81	#
764	9.161	1	2	3	4	5	81	#
765	9.161	2	3	4	5	6	81	#
766	9.161	3	4	5	6	7	81	#
767	9.161	4	5	6	7	8	81	#
768	9.161	5	6	7	8	9	81	#
769	9.161	6	7	8	9	10	81	#
770	9.161	7	8	9	10	11	81	#
771	9.161	8	9	10	11	12	81	#
772	9.161	9	10	11	12	13	81	#
773	9.161	10	11	12	13	14	81	#
774	9.161	11	12	13	14	15	81	#
775	9.161	12	13	14	15	16	81	#
776	9.161	13	14	15	16	17	81	#
777	9.161	14	15	16	17	18	81	#
778	9.161	15	16	17	18	19	81	#
779	9.161	16	17	18	19	20	81	#
780	9.161	17	18	19	20	21	81	#
781	9.161	18	19	20	21	22	81	#
782	4.79862	19	20	21	22	23	81	#
783	4.79862	20	21	22	23	24	81	#
784	4.79862	21	22	23	24	25	81	#
785	4.79862	22	23	24	25	26	81	#
786	4.79862	23	24	25	26	27	81	#
787	4.79862	24	25	26	27	28	81	#
788	4.79862	25	26	27	28	29	81	#
789	4.79862	26	27	28	29	30	81	#
790	4.79862	27	28	29	30	31	81	#
791	4.79862	28	29	30	31	32	81	#
792	4.79862	29	30	31	32	33	81	#
793	4.79862	30	31	32	33	34	81	#
794	4.79862	31	32	33	34	35	81	#
795	4.79862	32	33	34	35	36	81	#
796	4.79862	33	34	35	36	37	81	#
797	4.79862	34	35	36	37	38	81	#
798	4.79862	35	36	37	38	39	81	#
799	4.79862	36	37	38	39	40	81	#
800	4.79862	37	38	39	40	41	81	#
801	4.79862	38	39	40	41	42	81	#
802	3.9518	39	40	41	42	43	81	#
803	3.9518	40	41	42	43	44	81	#
804	3.9518	41	42	43	44	45	81	#
805	3.9518	42	43	44	45	46	81	#
806	3.9518	43	44	45	46	47	81	#
807	3.9518	44	45	46	47	48	81	#
808	3.9518	45	46	47	48	49	81	#
809	3.9518	46	47	48	49	50	81	#
810	3.9518	47	48	49	50	51	81	#
811	3.87581	48	49	50	51	52	81	#
812	2.60989	0	1	82	#
813	2.60989	1	2	82	#
814	2.60989	2	3	82	#
815	2.60989	3	4	82	#
816	2.60989	4	5	82	#
817	2.60989	5	6	82	#
818	2.60989	6	7	82	#
819	2.60989	7	8	82	#
820	2.60989	8	9	82	#
821	2.60989	9	10	82	#
822	2.60989	10	11	82	#
823	2.60989	11	12	82	#
824	1.95742	12	13	82	#
825	1.95742	13	14	82	#
826	1.95742	14	15	82	#
827	1.95742	15	16	82	#
828	7.01592	0	1	2	3	4	5	6	7	8	83	#
829	7.01592	1	2	3	4	5	6	7	8	9	83	#
830	7.01592	2	3	4	5	6	7	8	9	10	83	#
831	7.01592	3	4	5	6	7	8	9	10	11	83	#
832	7.01592	4	5	6	7	8	9	10	11	12	83	#
833	7.01592	5	6	7	8	9	10	11	12	13	83	#
834	7.01592	6	7	8	9	10	11	12	13	14	83	#
835	7.01592	7	8	9	10	11	12	13	14	15	83	#
836	7.01592	8	9	10	11	12	13	14	15	16	83	#
837	7.01592	9	10	11	12	13	14	15	16	17	83	#
838	7.01592	10	11	12	13	14	15	16	17	18	83	#
839	7.01592	11	12	13	14	15	16	17	18	19	83	#
840	7.01592	12	13	14	15	16	17	18	19	20	83	#
841	7.01592	13	14	15	16	17	18	19	20	21	83	#
842	7.01592	14	15	16	17	18	19	20	21	22	83	#
843	7.01592	15	16	17	18	19	20	21	22	23	83	#
844	7.01592	16	17	18	19	20	21	22	23	24	83	#
845	7.01592	17	18	19	20	21	22	23	24	25	83	#
846	7.01592	18	19	20	21	22	23	24	25	26	83	#
847	7.01592	19	20	21	22	23	24	25	26	27	83	#
848	7.01592	20	21	22	23	24	25	26	27	28	83	#
849	7.01592	21	22	23	24	25	26	27	28	29	83	#
850	7.01592	22	23	24	25	26	27	28	29	30	83	#
851	7.01592	23	24	25	26	27	28	29	30	31	83	#
852	7.01592	24	25	26	27	28	29	30	31	32	83	#
853	7.01592	25	26	27	28	29	30	31	32	33	83	#
854	7.01592	26	27	28	29	30	31	32	33	34	83	#
855	7.01592	27	28	29	30	31	32	33	34	35	83	#
856	7.01592	28	29	30	31	32	33	34	35	36	83	#
857	4.43111	29	30	31	32	33	34	35	36	37	83	#
858	4.43111	30	31	32	33	34	35	36	37	38	83	#
859	4.43111	31	32	33	34	35	36	37	38	39	83	#
860	4.43111	32	33	34	35	36	37	38	39	40	83	#
861	4.43111	33	34	35	36	37	38	39	40	41	83	#
862	4.43111	34	35	36	37	38	39	40	41	42	83	#
863	4.43111	35	36	37	38	39	40	41	42	43	83	#
864	4.43111	36	37	38	39	40	41	42	43	44	83	#
865	4.43111	37	38	39	40	41	42	43	44	45	83	#
866	4.43111	38	39	40	41	42	43	44	45	46	83	#
867	4.43111	39	40	41	42	43	44	45	46	47	83	#
868	4.43111	40	41	42	43	44	45	46	47	48	83	#
869	4.43111	41	42	43	44	45	46	47	48	49	83	#
870	4.43111	42	43	44	45	46	47	48	49	50	83	#
871	4.43111	43	44	45	46	47	48	49	50	51	83	#
872	4.43111	44	45	46	47	48	49	50	51	52	83	#
873	4.43111	45	46	47	48	49	50	51	52	53	83	#
874	4.43111	46	47	48	49	50	51	52	53	54	83	#
875	4.43111	47	48	49	50	51	52	53	54	55	83	#
876	4.43111	48	49	50	51	52	53	54	55	56	83	#
877	4.43111	49	50	51	52	53	54	55	56	57	83	#
878	4.14055	50	51	52	53	54	55	56	57	58	83	#
879	4.14055	51	52	53	54	55	56	57	58	59	83	#
880	4.14055	52	53	54	55	56	57	58	59	60	83	#
881	4.14055	53	54	55	56	57	58	59	60	61	83	#
882	4.0091	54	55	56	57	58	59	60	61	62	83	#
883	4.0091	55	56	57	58	59	60	61	62	63	83	#
884	4.49684	0	1	2	3	84	#
885	4.49684	1	2	3	4	84	#
886	4.49684	2	3	4	5	84	#
887	4.49684	3	4	5	6	84	#
888	4.49684	4	5	6	7	84	#
889	4.49684	5	6	7	8	84	#
890	4.49684	6	7	8	9	84	#
891	4.49684	7	8	9	10	84	#
892	4.49684	8	9	10	11	84	#
893	4.49684	9	10	11	12	84	#
894	4.49684	10	11	12	13	84	#
895	4.49684	11	12	13	14	84	#
896	4.49684	12	13	14	15	84	#
897	4.49684	13	14	15	16	84	#
898	4.49684	14	15	16	17	84	#
899	4.49684	15	16	17	18	84	#
900	4.49684	16	17	18	19	84	#
901	4.49684	17	18	19	20	84	#
902	4.49684	18	19	20	21	84	#
903	4.49684	19	20	21	22	84	#
904	4.49684	20	21	22	23	84	#
905	4.49684	21	22	23	24	84	#
906	4.49684	22	23	24	25	84	#
907	4.49684	23	24	25	26	84	#
908	4.49684	24	25	26	27	84	#
909	4.49684	25	26	27	28	84	#
910	4.49684	26	27	28	29	84	#
911	4.49684	27	28	29	30	84	#
912	2.93272	28	29	30	31	84	#
913	2.93272	29	30	31	32	84	#
914	2.93272	30	31	32	33	84	#
915	2.93272	31	32	33	34	84	#
916	2.93272	32	33	34	35	84	#
917	2.93272	33	34	35	36	84	#
918	2.93272	34	35	36	37	84	#
919	2.93272	35	36	37	38	84	#
920	2.93272	36	37	38	39	84	#
921	2.93272	37	38	39	40	84	#
922	2.93272	38	39	40	41	84	#
923	2.93272	39	40	41	42	84	#
924	2.93272	40	41	42	43	84	#
925	2.93272	41	42	43	44	84	#
926	2.93272	42	43	44	45	84	#
927	2.93272	43	44	45	46	84	#
928	2.6452	44	45	46	47	84	#
929	2.6452	45	46	47	48	84	#
930	2.6452	46	47	48	49	84	#
931	2.6452	47	48	49	50	84	#
932	2.6452	48	49	50	51	84	#
933	5.72708	0	1	2	3	4	#
934	14.5975	0	1	2	3	4	5	6	7	8	86	#
935	14.5975	1	2	3	4	5	6	7	8	9	86	#
936	14.5975	2	3	4	5	6	7	8	9	10	86	#
937	14.5975	3	4	5	6	7	8	9	10	11	86	#
938	14.5975	4	5	6	7	8	9	10	11	12	86	#
939	14.5975	5	6	7	8	9	10	11	12	13	86	#
940	14.5975	6	7	8	9	10	11	12	13	14	86	#
941	14.5975	7	8	9	10	11	12	13	14	15	86	#
942	14.5975	8	9	10	11	12	13	14	15	16	86	#
943	14.5975	9	10	11	12	13	14	15	16	17	86	#
944	14.5975	10	11	12	13	14	15	16	17	18	86	#
945	14.5975	11	12	13	14	15	16	17	18	19	86	#
946	14.5975	12	13	14	15	16	17	18	19	20	86	#
947	14.5975	13	14	15	16	17	18	19	20	21	86	#
948	14.5975	14	15	16	17	18	19	20	21	22	86	#
949	14.5975	15	16	17	18	19	20	21	22	23	86	#
950	14.5975	16	17	18	19	20	21	22	23	24	86	#
951	14.5975	17	18	19	20	21	22	23	24	25	86	#
952	14.5975	18	19	20	21	22	23	24	25	26	86	#
953	14.5975	19	20	21	22	23	24	25	26	27	86	#
954	14.5975	20	21	22	23	24	25	26	27	28	86	#
955	14.5975	21	22	23	24	25	26	27	28	29	86	#
956	14.5975	22	23	24	25	26	27	28	29	30	86	#
957	14.5975	23	24	25	26	27	28	29	30	31	86	#
958	14.5975	24	25	26	27	28	29	30	31	32	86	#
959	14.5975	25	26	27	28	29	30	31	32	33	86	#
960	14.5975	26	27	28	29	30	31	32	33	34	86	#
961	14.5975	27	28	29	30	31	32	33	34	35	86	#
962	14.5975	28	29	30	31	32	33	34	35	36	86	#
963	14.5975	29	30	31	32	33	34	35	36	37	86	#
964	14.5975	30	31	32	33	34	35	36	37	38	86	#
965	14.5975	31	32	33	34	35	36	37	38	39	86	#
966	14.5975	32	33	34	35	36	37	38	39	40	86	#
967	14.5975	33	34	35	36	37	38	39	40	41	86	#
968	14.5975	34	35	36	37	38	39	40	41	42	86	#
969	14.5975	35	36	37	38	39	40	41	42	43	86	#
970	14.5975	36	37	38	39	40	41	42	43	44	86	#
971	14.5975	37	38	39	40	41	42	43	44	45	86	#
972	14.5975	38	39	40	41	42	43	44	45	46	86	#
973	14.5975	39	40	41	42	43	44	45	46	47	86	#
974	14.5975	40	41	42	43	44	45	46	47	48	86	#
975	14.5975	41	42	43	44	45	46	47	48	49	86	#
976	15.0063	0	1	2	3	4	5	6	7	87	#
977	15.0063	1	2	3	4	5	6	7	8	87	#
978	15.0063	2	3	4	5	6	7	8	9	87	#
979	15.0063	3	4	5	6	7	8	9	10	87	#
980	15.0063	4	5	6	7	8	9	10	11	87	#
981	15.0063	5	6	7	8	9	10	11	12	87	#
982	15.0063	6	7	8	9	10	11	12	13	87	#
983	15.0063	7	8	9	10	11	12	13	14	87	#
984	15.0063	8	9	10	11	12	13	14	15	87	#
985	15.0063	9	10	11	12	13	14	15	16	87	#
986	15.0063	10	11	12	13	14	15	16	17	87	#
987	15.0063	11	12	13	14	15	16	17	18	87	#
988	15.0063	12	13	14	15	16	17	18	19	87	#
989	15.0063	13	14	15	16	17	18	19	20	87	#
990	15.0063	14	15	16	17	18	19	20	21	87	#
991	15.0063	15	16	17	18	19	20	21	22	87	#
992	15.0063	16	17	18	19	20	21	22	23	87	#
993	15.0063	17	18	19	20	21	22	23	24	87	#
994	15.0063	18	19	20	21	22	23	24	25	87	#
995	15.0063	19	20	21	22	23	24	25	26	87	#
996	15.0063	20	21	22	23	24	25	26	27	87	#
997	15.0063	21	22	23	24	25	26	27	28	87	#
998	15.0063	22	23	24	25	26	27	28	29	87	#
999	15.0063	23	24	25	26	27	28	29	30	87	#
1000	15.0063	24	25	26	27	28	29	30	31	87	#
1001	15.0063	25	26	27	28	29	30	31	32	87	#
1002	15.0063	26	27	28	29	30	31	32	33	87	#
1003	15.0063	27	28	29	30	31	32	33	34	87	#
1004	15.0063	28	29	30	31	32	33	34	35	87	#
1005	15.0063	29	30	31	32	33	34	35	36	87	#
1006	15.0063	30	31	32	33	34	35	36	37	87	#
1007	15.0063	31	32	33	34	35	36	37	38	87	#
1008	15.0063	32	33	34	35	36	37	38	39	87	#
1009	15.0063	33	34	35	36	37	38	39	40	87	#
1010	15.0063	34	35	36	37	38	39	40	41	87	#
1011	15.0063	35	36	37	38	39	40	41	42	87	#
1012	15.0063	36	37	38	39	40	41	42	43	87	#
1013	15.0063	37	38	39	40	41	42	43	44	87	#
1014	15.0063	38	39	40	41	42	43	44	45	87	#
1015	15.0063	39	40	41	42	43	44	45	46	87	#
1016	15.0063	40	41	42	43	44	45	46	47	87	#
1017	15.0063	41	42	43	44	45	46	47	48	87	#
1018	15.0063	42	43	44	45	46	47	48	49	87	#
1019	15.0063	43	44	45	46	47	48	49	50	87	#
