%% File generated by CATS v.2.1Wed Jun 22 10:37:57 2022

%% The CATS webpage is http://robotics.stanford.edu/CATS

%% PARAMETER SETTINGS:
% Goods: 64; Bids: 1000; Distribution: scheduling; Runs: 1; Seed: 1656573166
% Scheduling Distribution Parameters:
% max_length                = 10
% deviation                 = 0.500000
% prob_additional_deadline  = 0.700000
% additivity                = 0.200000



goods 64
bids 1007
dummy 24

0	16.7595	0	1	2	3	4	5	6	7	8	9	64	#
1	16.7595	1	2	3	4	5	6	7	8	9	10	64	#
2	16.7595	2	3	4	5	6	7	8	9	10	11	64	#
3	16.7595	3	4	5	6	7	8	9	10	11	12	64	#
4	16.7595	4	5	6	7	8	9	10	11	12	13	64	#
5	16.7595	5	6	7	8	9	10	11	12	13	14	64	#
6	16.7595	6	7	8	9	10	11	12	13	14	15	64	#
7	16.7595	7	8	9	10	11	12	13	14	15	16	64	#
8	16.7595	8	9	10	11	12	13	14	15	16	17	64	#
9	16.7595	9	10	11	12	13	14	15	16	17	18	64	#
10	16.7595	10	11	12	13	14	15	16	17	18	19	64	#
11	16.7595	11	12	13	14	15	16	17	18	19	20	64	#
12	16.7595	12	13	14	15	16	17	18	19	20	21	64	#
13	16.7595	13	14	15	16	17	18	19	20	21	22	64	#
14	16.7595	14	15	16	17	18	19	20	21	22	23	64	#
15	16.7595	15	16	17	18	19	20	21	22	23	24	64	#
16	8.55807	16	17	18	19	20	21	22	23	24	25	64	#
17	8.55807	17	18	19	20	21	22	23	24	25	26	64	#
18	8.55807	18	19	20	21	22	23	24	25	26	27	64	#
19	8.55807	19	20	21	22	23	24	25	26	27	28	64	#
20	8.55807	20	21	22	23	24	25	26	27	28	29	64	#
21	8.55807	21	22	23	24	25	26	27	28	29	30	64	#
22	8.55807	22	23	24	25	26	27	28	29	30	31	64	#
23	8.55807	23	24	25	26	27	28	29	30	31	32	64	#
24	8.55807	24	25	26	27	28	29	30	31	32	33	64	#
25	8.55807	25	26	27	28	29	30	31	32	33	34	64	#
26	8.55807	26	27	28	29	30	31	32	33	34	35	64	#
27	8.55807	27	28	29	30	31	32	33	34	35	36	64	#
28	8.55807	28	29	30	31	32	33	34	35	36	37	64	#
29	8.55807	29	30	31	32	33	34	35	36	37	38	64	#
30	8.55807	30	31	32	33	34	35	36	37	38	39	64	#
31	8.55807	31	32	33	34	35	36	37	38	39	40	64	#
32	8.55807	32	33	34	35	36	37	38	39	40	41	64	#
33	8.55807	33	34	35	36	37	38	39	40	41	42	64	#
34	8.55807	34	35	36	37	38	39	40	41	42	43	64	#
35	8.55807	35	36	37	38	39	40	41	42	43	44	64	#
36	8.55807	36	37	38	39	40	41	42	43	44	45	64	#
37	8.55807	37	38	39	40	41	42	43	44	45	46	64	#
38	8.55807	38	39	40	41	42	43	44	45	46	47	64	#
39	8.20876	39	40	41	42	43	44	45	46	47	48	64	#
40	8.20876	40	41	42	43	44	45	46	47	48	49	64	#
41	7.88684	41	42	43	44	45	46	47	48	49	50	64	#
42	7.88684	42	43	44	45	46	47	48	49	50	51	64	#
43	6.81744	43	44	45	46	47	48	49	50	51	52	64	#
44	6.81744	44	45	46	47	48	49	50	51	52	53	64	#
45	6.81744	45	46	47	48	49	50	51	52	53	54	64	#
46	6.81744	46	47	48	49	50	51	52	53	54	55	64	#
47	6.81744	47	48	49	50	51	52	53	54	55	56	64	#
48	6.81744	48	49	50	51	52	53	54	55	56	57	64	#
49	6.81744	49	50	51	52	53	54	55	56	57	58	64	#
50	6.81744	50	51	52	53	54	55	56	57	58	59	64	#
51	4.93512	0	1	2	3	65	#
52	4.93512	1	2	3	4	65	#
53	4.93512	2	3	4	5	65	#
54	4.93512	3	4	5	6	65	#
55	4.93512	4	5	6	7	65	#
56	4.93512	5	6	7	8	65	#
57	4.93512	6	7	8	9	65	#
58	4.93512	7	8	9	10	65	#
59	4.93512	8	9	10	11	65	#
60	4.93512	9	10	11	12	65	#
61	4.93512	10	11	12	13	65	#
62	4.93512	11	12	13	14	65	#
63	4.93512	12	13	14	15	65	#
64	4.93512	13	14	15	16	65	#
65	4.93512	14	15	16	17	65	#
66	4.93512	15	16	17	18	65	#
67	4.93512	16	17	18	19	65	#
68	13.7487	0	1	2	3	4	5	6	7	8	9	66	#
69	13.7487	1	2	3	4	5	6	7	8	9	10	66	#
70	13.7487	2	3	4	5	6	7	8	9	10	11	66	#
71	13.7487	3	4	5	6	7	8	9	10	11	12	66	#
72	13.7487	4	5	6	7	8	9	10	11	12	13	66	#
73	13.7487	5	6	7	8	9	10	11	12	13	14	66	#
74	13.7487	6	7	8	9	10	11	12	13	14	15	66	#
75	13.7487	7	8	9	10	11	12	13	14	15	16	66	#
76	13.7487	8	9	10	11	12	13	14	15	16	17	66	#
77	13.7487	9	10	11	12	13	14	15	16	17	18	66	#
78	13.7487	10	11	12	13	14	15	16	17	18	19	66	#
79	13.7487	11	12	13	14	15	16	17	18	19	20	66	#
80	13.7487	12	13	14	15	16	17	18	19	20	21	66	#
81	13.7487	13	14	15	16	17	18	19	20	21	22	66	#
82	13.7487	14	15	16	17	18	19	20	21	22	23	66	#
83	13.7487	15	16	17	18	19	20	21	22	23	24	66	#
84	13.7487	16	17	18	19	20	21	22	23	24	25	66	#
85	13.7487	17	18	19	20	21	22	23	24	25	26	66	#
86	13.7487	18	19	20	21	22	23	24	25	26	27	66	#
87	13.7487	19	20	21	22	23	24	25	26	27	28	66	#
88	13.7487	20	21	22	23	24	25	26	27	28	29	66	#
89	13.7487	21	22	23	24	25	26	27	28	29	30	66	#
90	13.7487	22	23	24	25	26	27	28	29	30	31	66	#
91	13.7487	23	24	25	26	27	28	29	30	31	32	66	#
92	13.7487	24	25	26	27	28	29	30	31	32	33	66	#
93	13.7487	25	26	27	28	29	30	31	32	33	34	66	#
94	13.7487	26	27	28	29	30	31	32	33	34	35	66	#
95	13.7487	27	28	29	30	31	32	33	34	35	36	66	#
96	13.7487	28	29	30	31	32	33	34	35	36	37	66	#
97	13.7487	29	30	31	32	33	34	35	36	37	38	66	#
98	13.7487	30	31	32	33	34	35	36	37	38	39	66	#
99	13.7487	31	32	33	34	35	36	37	38	39	40	66	#
100	13.7487	32	33	34	35	36	37	38	39	40	41	66	#
101	13.7487	33	34	35	36	37	38	39	40	41	42	66	#
102	13.7487	34	35	36	37	38	39	40	41	42	43	66	#
103	13.7487	35	36	37	38	39	40	41	42	43	44	66	#
104	13.7487	36	37	38	39	40	41	42	43	44	45	66	#
105	13.7487	37	38	39	40	41	42	43	44	45	46	66	#
106	13.7487	38	39	40	41	42	43	44	45	46	47	66	#
107	13.7487	39	40	41	42	43	44	45	46	47	48	66	#
108	13.7487	40	41	42	43	44	45	46	47	48	49	66	#
109	13.7487	41	42	43	44	45	46	47	48	49	50	66	#
110	13.7487	42	43	44	45	46	47	48	49	50	51	66	#
111	13.7487	43	44	45	46	47	48	49	50	51	52	66	#
112	13.7487	44	45	46	47	48	49	50	51	52	53	66	#
113	13.7487	45	46	47	48	49	50	51	52	53	54	66	#
114	12.8005	46	47	48	49	50	51	52	53	54	55	66	#
115	12.8005	47	48	49	50	51	52	53	54	55	56	66	#
116	12.8005	48	49	50	51	52	53	54	55	56	57	66	#
117	12.8005	49	50	51	52	53	54	55	56	57	58	66	#
118	11.9747	50	51	52	53	54	55	56	57	58	59	66	#
119	11.9747	51	52	53	54	55	56	57	58	59	60	66	#
120	11.9747	52	53	54	55	56	57	58	59	60	61	66	#
121	11.9747	53	54	55	56	57	58	59	60	61	62	66	#
122	11.7846	54	55	56	57	58	59	60	61	62	63	66	#
123	6.53427	0	1	2	3	67	#
124	6.53427	1	2	3	4	67	#
125	6.53427	2	3	4	5	67	#
126	6.53427	3	4	5	6	67	#
127	6.53427	4	5	6	7	67	#
128	6.53427	5	6	7	8	67	#
129	6.53427	6	7	8	9	67	#
130	6.53427	7	8	9	10	67	#
131	6.53427	8	9	10	11	67	#
132	6.53427	9	10	11	12	67	#
133	6.53427	10	11	12	13	67	#
134	6.53427	11	12	13	14	67	#
135	10.0877	0	1	2	3	4	5	6	7	8	68	#
136	10.0877	1	2	3	4	5	6	7	8	9	68	#
137	10.0877	2	3	4	5	6	7	8	9	10	68	#
138	10.0877	3	4	5	6	7	8	9	10	11	68	#
139	10.0877	4	5	6	7	8	9	10	11	12	68	#
140	10.0877	5	6	7	8	9	10	11	12	13	68	#
141	10.0877	6	7	8	9	10	11	12	13	14	68	#
142	10.0877	7	8	9	10	11	12	13	14	15	68	#
143	10.0877	8	9	10	11	12	13	14	15	16	68	#
144	10.0877	9	10	11	12	13	14	15	16	17	68	#
145	10.0877	10	11	12	13	14	15	16	17	18	68	#
146	10.0877	11	12	13	14	15	16	17	18	19	68	#
147	10.0877	12	13	14	15	16	17	18	19	20	68	#
148	10.0877	13	14	15	16	17	18	19	20	21	68	#
149	10.0877	14	15	16	17	18	19	20	21	22	68	#
150	10.0877	15	16	17	18	19	20	21	22	23	68	#
151	5.39572	16	17	18	19	20	21	22	23	24	68	#
152	5.39572	17	18	19	20	21	22	23	24	25	68	#
153	5.39572	18	19	20	21	22	23	24	25	26	68	#
154	5.39572	19	20	21	22	23	24	25	26	27	68	#
155	5.39572	20	21	22	23	24	25	26	27	28	68	#
156	5.39572	21	22	23	24	25	26	27	28	29	68	#
157	5.39572	22	23	24	25	26	27	28	29	30	68	#
158	5.39572	23	24	25	26	27	28	29	30	31	68	#
159	5.39572	24	25	26	27	28	29	30	31	32	68	#
160	5.39572	25	26	27	28	29	30	31	32	33	68	#
161	5.39572	26	27	28	29	30	31	32	33	34	68	#
162	5.39572	27	28	29	30	31	32	33	34	35	68	#
163	5.39572	28	29	30	31	32	33	34	35	36	68	#
164	5.39572	29	30	31	32	33	34	35	36	37	68	#
165	5.39572	30	31	32	33	34	35	36	37	38	68	#
166	5.39572	31	32	33	34	35	36	37	38	39	68	#
167	5.39572	32	33	34	35	36	37	38	39	40	68	#
168	5.39572	33	34	35	36	37	38	39	40	41	68	#
169	5.39572	34	35	36	37	38	39	40	41	42	68	#
170	5.39572	35	36	37	38	39	40	41	42	43	68	#
171	3.86693	36	37	38	39	40	41	42	43	44	68	#
172	3.86693	37	38	39	40	41	42	43	44	45	68	#
173	3.86693	38	39	40	41	42	43	44	45	46	68	#
174	3.86693	39	40	41	42	43	44	45	46	47	68	#
175	3.86693	40	41	42	43	44	45	46	47	48	68	#
176	3.86693	41	42	43	44	45	46	47	48	49	68	#
177	3.86693	42	43	44	45	46	47	48	49	50	68	#
178	3.86693	43	44	45	46	47	48	49	50	51	68	#
179	3.86693	44	45	46	47	48	49	50	51	52	68	#
180	3.86693	45	46	47	48	49	50	51	52	53	68	#
181	3.86693	46	47	48	49	50	51	52	53	54	68	#
182	3.86693	47	48	49	50	51	52	53	54	55	68	#
183	3.86693	48	49	50	51	52	53	54	55	56	68	#
184	3.86693	49	50	51	52	53	54	55	56	57	68	#
185	3.86693	50	51	52	53	54	55	56	57	58	68	#
186	3.86693	51	52	53	54	55	56	57	58	59	68	#
187	3.86693	52	53	54	55	56	57	58	59	60	68	#
188	3.80354	53	54	55	56	57	58	59	60	61	68	#
189	3.68279	54	55	56	57	58	59	60	61	62	68	#
190	3.68279	55	56	57	58	59	60	61	62	63	68	#
191	8.61964	0	1	2	3	4	5	6	7	8	69	#
192	8.61964	1	2	3	4	5	6	7	8	9	69	#
193	8.61964	2	3	4	5	6	7	8	9	10	69	#
194	8.61964	3	4	5	6	7	8	9	10	11	69	#
195	8.61964	4	5	6	7	8	9	10	11	12	69	#
196	8.61964	5	6	7	8	9	10	11	12	13	69	#
197	8.61964	6	7	8	9	10	11	12	13	14	69	#
198	8.61964	7	8	9	10	11	12	13	14	15	69	#
199	8.61964	8	9	10	11	12	13	14	15	16	69	#
200	8.61964	9	10	11	12	13	14	15	16	17	69	#
201	8.61964	10	11	12	13	14	15	16	17	18	69	#
202	8.61964	11	12	13	14	15	16	17	18	19	69	#
203	8.61964	12	13	14	15	16	17	18	19	20	69	#
204	8.61964	13	14	15	16	17	18	19	20	21	69	#
205	8.61964	14	15	16	17	18	19	20	21	22	69	#
206	8.61964	15	16	17	18	19	20	21	22	23	69	#
207	8.61964	16	17	18	19	20	21	22	23	24	69	#
208	8.61964	17	18	19	20	21	22	23	24	25	69	#
209	8.61964	18	19	20	21	22	23	24	25	26	69	#
210	8.61964	19	20	21	22	23	24	25	26	27	69	#
211	8.61964	20	21	22	23	24	25	26	27	28	69	#
212	8.61964	21	22	23	24	25	26	27	28	29	69	#
213	4.99939	22	23	24	25	26	27	28	29	30	69	#
214	4.99939	23	24	25	26	27	28	29	30	31	69	#
215	4.99939	24	25	26	27	28	29	30	31	32	69	#
216	4.99939	25	26	27	28	29	30	31	32	33	69	#
217	4.99939	26	27	28	29	30	31	32	33	34	69	#
218	4.99939	27	28	29	30	31	32	33	34	35	69	#
219	4.99939	28	29	30	31	32	33	34	35	36	69	#
220	4.99939	29	30	31	32	33	34	35	36	37	69	#
221	4.99939	30	31	32	33	34	35	36	37	38	69	#
222	4.99939	31	32	33	34	35	36	37	38	39	69	#
223	4.99939	32	33	34	35	36	37	38	39	40	69	#
224	4.99939	33	34	35	36	37	38	39	40	41	69	#
225	4.99939	34	35	36	37	38	39	40	41	42	69	#
226	4.99939	35	36	37	38	39	40	41	42	43	69	#
227	4.99939	36	37	38	39	40	41	42	43	44	69	#
228	4.99939	37	38	39	40	41	42	43	44	45	69	#
229	4.99939	38	39	40	41	42	43	44	45	46	69	#
230	4.99939	39	40	41	42	43	44	45	46	47	69	#
231	4.99939	40	41	42	43	44	45	46	47	48	69	#
232	4.99939	41	42	43	44	45	46	47	48	49	69	#
233	4.99939	42	43	44	45	46	47	48	49	50	69	#
234	4.46374	43	44	45	46	47	48	49	50	51	69	#
235	4.46374	44	45	46	47	48	49	50	51	52	69	#
236	4.46374	45	46	47	48	49	50	51	52	53	69	#
237	4.46374	46	47	48	49	50	51	52	53	54	69	#
238	4.46374	47	48	49	50	51	52	53	54	55	69	#
239	4.46374	48	49	50	51	52	53	54	55	56	69	#
240	4.09786	49	50	51	52	53	54	55	56	57	69	#
241	4.09786	50	51	52	53	54	55	56	57	58	69	#
242	4.09786	51	52	53	54	55	56	57	58	59	69	#
243	4.09786	52	53	54	55	56	57	58	59	60	69	#
244	4.09786	53	54	55	56	57	58	59	60	61	69	#
245	3.96777	54	55	56	57	58	59	60	61	62	69	#
246	3.96777	55	56	57	58	59	60	61	62	63	69	#
247	16.2019	0	1	2	3	4	5	6	7	70	#
248	16.2019	1	2	3	4	5	6	7	8	70	#
249	16.2019	2	3	4	5	6	7	8	9	70	#
250	16.2019	3	4	5	6	7	8	9	10	70	#
251	16.2019	4	5	6	7	8	9	10	11	70	#
252	16.2019	5	6	7	8	9	10	11	12	70	#
253	16.2019	6	7	8	9	10	11	12	13	70	#
254	16.2019	7	8	9	10	11	12	13	14	70	#
255	16.2019	8	9	10	11	12	13	14	15	70	#
256	16.2019	9	10	11	12	13	14	15	16	70	#
257	16.2019	10	11	12	13	14	15	16	17	70	#
258	16.2019	11	12	13	14	15	16	17	18	70	#
259	16.2019	12	13	14	15	16	17	18	19	70	#
260	16.2019	13	14	15	16	17	18	19	20	70	#
261	16.2019	14	15	16	17	18	19	20	21	70	#
262	16.2019	15	16	17	18	19	20	21	22	70	#
263	16.2019	16	17	18	19	20	21	22	23	70	#
264	16.2019	17	18	19	20	21	22	23	24	70	#
265	16.2019	18	19	20	21	22	23	24	25	70	#
266	16.2019	19	20	21	22	23	24	25	26	70	#
267	16.2019	20	21	22	23	24	25	26	27	70	#
268	14.1113	21	22	23	24	25	26	27	28	70	#
269	14.1113	22	23	24	25	26	27	28	29	70	#
270	14.1113	23	24	25	26	27	28	29	30	70	#
271	14.1113	24	25	26	27	28	29	30	31	70	#
272	3.51368	0	1	2	3	4	71	#
273	3.51368	1	2	3	4	5	71	#
274	3.51368	2	3	4	5	6	71	#
275	3.51368	3	4	5	6	7	71	#
276	3.51368	4	5	6	7	8	71	#
277	3.51368	5	6	7	8	9	71	#
278	3.51368	6	7	8	9	10	71	#
279	3.51368	7	8	9	10	11	71	#
280	3.51368	8	9	10	11	12	71	#
281	3.51368	9	10	11	12	13	71	#
282	3.51368	10	11	12	13	14	71	#
283	3.51368	11	12	13	14	15	71	#
284	3.51368	12	13	14	15	16	71	#
285	3.51368	13	14	15	16	17	71	#
286	3.51368	14	15	16	17	18	71	#
287	3.51368	15	16	17	18	19	71	#
288	3.51368	16	17	18	19	20	71	#
289	3.51368	17	18	19	20	21	71	#
290	3.51368	18	19	20	21	22	71	#
291	3.51368	19	20	21	22	23	71	#
292	3.51368	20	21	22	23	24	71	#
293	3.51368	21	22	23	24	25	71	#
294	3.51368	22	23	24	25	26	71	#
295	3.51368	23	24	25	26	27	71	#
296	3.51368	24	25	26	27	28	71	#
297	3.51368	25	26	27	28	29	71	#
298	3.51368	26	27	28	29	30	71	#
299	3.51368	27	28	29	30	31	71	#
300	3.51368	28	29	30	31	32	71	#
301	3.51368	29	30	31	32	33	71	#
302	3.51368	30	31	32	33	34	71	#
303	3.51368	31	32	33	34	35	71	#
304	3.51368	32	33	34	35	36	71	#
305	3.51368	33	34	35	36	37	71	#
306	3.51368	34	35	36	37	38	71	#
307	3.51368	35	36	37	38	39	71	#
308	3.51368	36	37	38	39	40	71	#
309	3.51368	37	38	39	40	41	71	#
310	2.52738	38	39	40	41	42	71	#
311	2.52738	39	40	41	42	43	71	#
312	2.52738	40	41	42	43	44	71	#
313	2.52738	41	42	43	44	45	71	#
314	2.52738	42	43	44	45	46	71	#
315	2.52738	43	44	45	46	47	71	#
316	2.52738	44	45	46	47	48	71	#
317	2.52738	45	46	47	48	49	71	#
318	2.52738	46	47	48	49	50	71	#
319	2.52738	47	48	49	50	51	71	#
320	2.52738	48	49	50	51	52	71	#
321	2.52738	49	50	51	52	53	71	#
322	2.52738	50	51	52	53	54	71	#
323	2.52738	51	52	53	54	55	71	#
324	2.52738	52	53	54	55	56	71	#
325	2.52738	53	54	55	56	57	71	#
326	20.0262	0	1	2	3	4	5	6	7	8	9	72	#
327	20.0262	1	2	3	4	5	6	7	8	9	10	72	#
328	20.0262	2	3	4	5	6	7	8	9	10	11	72	#
329	20.0262	3	4	5	6	7	8	9	10	11	12	72	#
330	20.0262	4	5	6	7	8	9	10	11	12	13	72	#
331	20.0262	5	6	7	8	9	10	11	12	13	14	72	#
332	20.0262	6	7	8	9	10	11	12	13	14	15	72	#
333	20.0262	7	8	9	10	11	12	13	14	15	16	72	#
334	20.0262	8	9	10	11	12	13	14	15	16	17	72	#
335	20.0262	9	10	11	12	13	14	15	16	17	18	72	#
336	20.0262	10	11	12	13	14	15	16	17	18	19	72	#
337	20.0262	11	12	13	14	15	16	17	18	19	20	72	#
338	20.0262	12	13	14	15	16	17	18	19	20	21	72	#
339	20.0262	13	14	15	16	17	18	19	20	21	22	72	#
340	20.0262	14	15	16	17	18	19	20	21	22	23	72	#
341	20.0262	15	16	17	18	19	20	21	22	23	24	72	#
342	20.0262	16	17	18	19	20	21	22	23	24	25	72	#
343	20.0262	17	18	19	20	21	22	23	24	25	26	72	#
344	20.0262	18	19	20	21	22	23	24	25	26	27	72	#
345	20.0262	19	20	21	22	23	24	25	26	27	28	72	#
346	20.0262	20	21	22	23	24	25	26	27	28	29	72	#
347	20.0262	21	22	23	24	25	26	27	28	29	30	72	#
348	20.0262	22	23	24	25	26	27	28	29	30	31	72	#
349	20.0262	23	24	25	26	27	28	29	30	31	32	72	#
350	20.0262	24	25	26	27	28	29	30	31	32	33	72	#
351	20.0262	25	26	27	28	29	30	31	32	33	34	72	#
352	20.0262	26	27	28	29	30	31	32	33	34	35	72	#
353	20.0262	27	28	29	30	31	32	33	34	35	36	72	#
354	20.0262	28	29	30	31	32	33	34	35	36	37	72	#
355	20.0262	29	30	31	32	33	34	35	36	37	38	72	#
356	20.0262	30	31	32	33	34	35	36	37	38	39	72	#
357	20.0262	31	32	33	34	35	36	37	38	39	40	72	#
358	20.0262	32	33	34	35	36	37	38	39	40	41	72	#
359	20.0262	33	34	35	36	37	38	39	40	41	42	72	#
360	20.0262	34	35	36	37	38	39	40	41	42	43	72	#
361	20.0262	35	36	37	38	39	40	41	42	43	44	72	#
362	20.0262	36	37	38	39	40	41	42	43	44	45	72	#
363	20.0262	37	38	39	40	41	42	43	44	45	46	72	#
364	20.0262	38	39	40	41	42	43	44	45	46	47	72	#
365	20.0262	39	40	41	42	43	44	45	46	47	48	72	#
366	20.0262	40	41	42	43	44	45	46	47	48	49	72	#
367	20.0262	41	42	43	44	45	46	47	48	49	50	72	#
368	20.0262	42	43	44	45	46	47	48	49	50	51	72	#
369	20.0262	43	44	45	46	47	48	49	50	51	52	72	#
370	0.603677	0	73	#
371	0.603677	1	73	#
372	0.603677	2	73	#
373	0.603677	3	73	#
374	0.603677	4	73	#
375	0.603677	5	73	#
376	0.603677	6	73	#
377	0.603677	7	73	#
378	0.603677	8	73	#
379	0.603677	9	73	#
380	0.603677	10	73	#
381	0.603677	11	73	#
382	0.603677	12	73	#
383	0.603677	13	73	#
384	0.603677	14	73	#
385	0.603677	15	73	#
386	0.603677	16	73	#
387	0.603677	17	73	#
388	0.603677	18	73	#
389	0.603677	19	73	#
390	0.603677	20	73	#
391	0.603677	21	73	#
392	0.603677	22	73	#
393	0.603677	23	73	#
394	0.603677	24	73	#
395	0.603677	25	73	#
396	0.603677	26	73	#
397	0.603677	27	73	#
398	0.603677	28	73	#
399	0.603677	29	73	#
400	0.603677	30	73	#
401	0.603677	31	73	#
402	0.603677	32	73	#
403	0.603677	33	73	#
404	0.603677	34	73	#
405	0.603677	35	73	#
406	0.603677	36	73	#
407	0.603677	37	73	#
408	0.603677	38	73	#
409	0.382329	39	73	#
410	0.382329	40	73	#
411	0.382329	41	73	#
412	0.382329	42	73	#
413	0.382329	43	73	#
414	0.382329	44	73	#
415	0.382329	45	73	#
416	0.382329	46	73	#
417	0.382329	47	73	#
418	0.382329	48	73	#
419	0.382329	49	73	#
420	0.382329	50	73	#
421	0.382329	51	73	#
422	0.382329	52	73	#
423	0.382329	53	73	#
424	0.382329	54	73	#
425	0.382329	55	73	#
426	0.382329	56	73	#
427	0.382329	57	73	#
428	0.382329	58	73	#
429	0.382329	59	73	#
430	0.382329	60	73	#
431	0.369996	61	73	#
432	0.369996	62	73	#
433	0.364123	63	73	#
434	1.93402	0	1	74	#
435	0.0411493	1	2	74	#
436	0.0411493	2	3	74	#
437	0.0411493	3	4	74	#
438	0.0411493	4	5	74	#
439	0.0411493	5	6	74	#
440	0.0411493	6	7	74	#
441	0.0411493	7	8	74	#
442	0.0411493	8	9	74	#
443	0.0411493	9	10	74	#
444	0.0411493	10	11	74	#
445	0.0411493	11	12	74	#
446	0.0411493	12	13	74	#
447	0.0411493	13	14	74	#
448	0.0411493	14	15	74	#
449	0.0411493	15	16	74	#
450	0.0411493	16	17	74	#
451	0.0411493	17	18	74	#
452	0.0411493	18	19	74	#
453	0.0411493	19	20	74	#
454	0.0411493	20	21	74	#
455	0.0411493	21	22	74	#
456	0.0411493	22	23	74	#
457	0.0411493	23	24	74	#
458	0.0411493	24	25	74	#
459	0.0411493	25	26	74	#
460	0.0411493	26	27	74	#
461	0.0411493	27	28	74	#
462	0.0411493	28	29	74	#
463	0.0411493	29	30	74	#
464	0.0411493	30	31	74	#
465	0.0411493	31	32	74	#
466	0.0411493	32	33	74	#
467	0.0411493	33	34	74	#
468	0.0411493	34	35	74	#
469	0.0411493	35	36	74	#
470	0.0411493	36	37	74	#
471	0.0411493	37	38	74	#
472	0.0411493	38	39	74	#
473	0.0411493	39	40	74	#
474	0.0411493	40	41	74	#
475	0.0411493	41	42	74	#
476	0.0411493	42	43	74	#
477	0.0411493	43	44	74	#
478	0.0411493	44	45	74	#
479	0.0411493	45	46	74	#
480	0.0411493	46	47	74	#
481	5.53301	0	1	2	3	4	5	6	75	#
482	5.53301	1	2	3	4	5	6	7	75	#
483	5.53301	2	3	4	5	6	7	8	75	#
484	5.53301	3	4	5	6	7	8	9	75	#
485	5.53301	4	5	6	7	8	9	10	75	#
486	5.53301	5	6	7	8	9	10	11	75	#
487	5.53301	6	7	8	9	10	11	12	75	#
488	5.53301	7	8	9	10	11	12	13	75	#
489	5.53301	8	9	10	11	12	13	14	75	#
490	5.53301	9	10	11	12	13	14	15	75	#
491	5.53301	10	11	12	13	14	15	16	75	#
492	5.53301	11	12	13	14	15	16	17	75	#
493	5.53301	12	13	14	15	16	17	18	75	#
494	5.53301	13	14	15	16	17	18	19	75	#
495	5.53301	14	15	16	17	18	19	20	75	#
496	5.53301	15	16	17	18	19	20	21	75	#
497	5.53301	16	17	18	19	20	21	22	75	#
498	5.53301	17	18	19	20	21	22	23	75	#
499	5.53301	18	19	20	21	22	23	24	75	#
500	5.53301	19	20	21	22	23	24	25	75	#
501	5.53301	20	21	22	23	24	25	26	75	#
502	5.53301	21	22	23	24	25	26	27	75	#
503	5.53301	22	23	24	25	26	27	28	75	#
504	5.53301	23	24	25	26	27	28	29	75	#
505	5.53301	24	25	26	27	28	29	30	75	#
506	5.53301	25	26	27	28	29	30	31	75	#
507	5.53301	26	27	28	29	30	31	32	75	#
508	5.53301	27	28	29	30	31	32	33	75	#
509	5.53301	28	29	30	31	32	33	34	75	#
510	15.5118	0	1	2	3	4	5	6	7	8	9	76	#
511	15.5118	1	2	3	4	5	6	7	8	9	10	76	#
512	15.5118	2	3	4	5	6	7	8	9	10	11	76	#
513	15.5118	3	4	5	6	7	8	9	10	11	12	76	#
514	15.5118	4	5	6	7	8	9	10	11	12	13	76	#
515	15.5118	5	6	7	8	9	10	11	12	13	14	76	#
516	15.5118	6	7	8	9	10	11	12	13	14	15	76	#
517	15.5118	7	8	9	10	11	12	13	14	15	16	76	#
518	15.5118	8	9	10	11	12	13	14	15	16	17	76	#
519	15.5118	9	10	11	12	13	14	15	16	17	18	76	#
520	15.5118	10	11	12	13	14	15	16	17	18	19	76	#
521	15.5118	11	12	13	14	15	16	17	18	19	20	76	#
522	15.5118	12	13	14	15	16	17	18	19	20	21	76	#
523	5.81694	13	14	15	16	17	18	19	20	21	22	76	#
524	5.81694	14	15	16	17	18	19	20	21	22	23	76	#
525	5.81694	15	16	17	18	19	20	21	22	23	24	76	#
526	5.81694	16	17	18	19	20	21	22	23	24	25	76	#
527	5.81694	17	18	19	20	21	22	23	24	25	26	76	#
528	5.81694	18	19	20	21	22	23	24	25	26	27	76	#
529	5.81694	19	20	21	22	23	24	25	26	27	28	76	#
530	5.81694	20	21	22	23	24	25	26	27	28	29	76	#
531	5.81694	21	22	23	24	25	26	27	28	29	30	76	#
532	5.81694	22	23	24	25	26	27	28	29	30	31	76	#
533	5.81694	23	24	25	26	27	28	29	30	31	32	76	#
534	5.81694	24	25	26	27	28	29	30	31	32	33	76	#
535	5.81694	25	26	27	28	29	30	31	32	33	34	76	#
536	5.81694	26	27	28	29	30	31	32	33	34	35	76	#
537	5.81694	27	28	29	30	31	32	33	34	35	36	76	#
538	5.81694	28	29	30	31	32	33	34	35	36	37	76	#
539	5.81694	29	30	31	32	33	34	35	36	37	38	76	#
540	5.81694	30	31	32	33	34	35	36	37	38	39	76	#
541	5.81694	31	32	33	34	35	36	37	38	39	40	76	#
542	5.81694	32	33	34	35	36	37	38	39	40	41	76	#
543	5.81694	33	34	35	36	37	38	39	40	41	42	76	#
544	5.81694	34	35	36	37	38	39	40	41	42	43	76	#
545	5.81694	35	36	37	38	39	40	41	42	43	44	76	#
546	5.81694	36	37	38	39	40	41	42	43	44	45	76	#
547	5.81694	37	38	39	40	41	42	43	44	45	46	76	#
548	5.81694	38	39	40	41	42	43	44	45	46	47	76	#
549	5.81694	39	40	41	42	43	44	45	46	47	48	76	#
550	5.81694	40	41	42	43	44	45	46	47	48	49	76	#
551	5.81694	41	42	43	44	45	46	47	48	49	50	76	#
552	5.81694	42	43	44	45	46	47	48	49	50	51	76	#
553	5.81694	43	44	45	46	47	48	49	50	51	52	76	#
554	5.81694	44	45	46	47	48	49	50	51	52	53	76	#
555	5.81694	45	46	47	48	49	50	51	52	53	54	76	#
556	5.81694	46	47	48	49	50	51	52	53	54	55	76	#
557	5.81694	47	48	49	50	51	52	53	54	55	56	76	#
558	5.61635	48	49	50	51	52	53	54	55	56	57	76	#
559	5.61635	49	50	51	52	53	54	55	56	57	58	76	#
560	1.48217	0	77	#
561	1.48217	1	77	#
562	1.48217	2	77	#
563	1.48217	3	77	#
564	1.48217	4	77	#
565	1.48217	5	77	#
566	1.48217	6	77	#
567	1.48217	7	77	#
568	1.48217	8	77	#
569	1.48217	9	77	#
570	1.48217	10	77	#
571	1.48217	11	77	#
572	1.48217	12	77	#
573	1.48217	13	77	#
574	1.48217	14	77	#
575	1.48217	15	77	#
576	1.48217	16	77	#
577	1.48217	17	77	#
578	1.48217	18	77	#
579	1.48217	19	77	#
580	1.48217	20	77	#
581	1.48217	21	77	#
582	1.48217	22	77	#
583	1.48217	23	77	#
584	1.48217	24	77	#
585	1.48217	25	77	#
586	1.48217	26	77	#
587	1.48217	27	77	#
588	1.48217	28	77	#
589	1.48217	29	77	#
590	1.48217	30	77	#
591	1.48217	31	77	#
592	1.48217	32	77	#
593	1.48217	33	77	#
594	1.48217	34	77	#
595	1.48217	35	77	#
596	1.48217	36	77	#
597	1.48217	37	77	#
598	1.48217	38	77	#
599	5.77163	0	1	2	3	4	78	#
600	5.77163	1	2	3	4	5	78	#
601	5.77163	2	3	4	5	6	78	#
602	5.77163	3	4	5	6	7	78	#
603	5.77163	4	5	6	7	8	78	#
604	5.77163	5	6	7	8	9	78	#
605	5.77163	6	7	8	9	10	78	#
606	5.77163	7	8	9	10	11	78	#
607	5.77163	8	9	10	11	12	78	#
608	5.77163	9	10	11	12	13	78	#
609	5.77163	10	11	12	13	14	78	#
610	5.77163	11	12	13	14	15	78	#
611	5.77163	12	13	14	15	16	78	#
612	5.77163	13	14	15	16	17	78	#
613	2.08761	14	15	16	17	18	78	#
614	2.08761	15	16	17	18	19	78	#
615	2.08761	16	17	18	19	20	78	#
616	2.08761	17	18	19	20	21	78	#
617	2.08761	18	19	20	21	22	78	#
618	2.08761	19	20	21	22	23	78	#
619	2.08761	20	21	22	23	24	78	#
620	2.08761	21	22	23	24	25	78	#
621	2.08761	22	23	24	25	26	78	#
622	2.08761	23	24	25	26	27	78	#
623	2.08761	24	25	26	27	28	78	#
624	2.08761	25	26	27	28	29	78	#
625	2.08761	26	27	28	29	30	78	#
626	2.08761	27	28	29	30	31	78	#
627	2.08761	28	29	30	31	32	78	#
628	2.08761	29	30	31	32	33	78	#
629	2.08761	30	31	32	33	34	78	#
630	2.08761	31	32	33	34	35	78	#
631	2.08761	32	33	34	35	36	78	#
632	2.08761	33	34	35	36	37	78	#
633	2.08761	34	35	36	37	38	78	#
634	2.08761	35	36	37	38	39	78	#
635	2.08761	36	37	38	39	40	78	#
636	2.08761	37	38	39	40	41	78	#
637	2.08761	38	39	40	41	42	78	#
638	2.08761	39	40	41	42	43	78	#
639	2.08761	40	41	42	43	44	78	#
640	2.08761	41	42	43	44	45	78	#
641	2.08761	42	43	44	45	46	78	#
642	2.08761	43	44	45	46	47	78	#
643	1.63529	44	45	46	47	48	78	#
644	1.63529	45	46	47	48	49	78	#
645	1.63529	46	47	48	49	50	78	#
646	1.63529	47	48	49	50	51	78	#
647	1.63529	48	49	50	51	52	78	#
648	1.63529	49	50	51	52	53	78	#
649	1.63529	50	51	52	53	54	78	#
650	1.63529	51	52	53	54	55	78	#
651	1.63529	52	53	54	55	56	78	#
652	1.63529	53	54	55	56	57	78	#
653	1.63529	54	55	56	57	58	78	#
654	1.63529	55	56	57	58	59	78	#
655	1.63529	56	57	58	59	60	78	#
656	1.58254	57	58	59	60	61	78	#
657	1.58254	58	59	60	61	62	78	#
658	1.55742	59	60	61	62	63	78	#
659	4.30328	0	1	2	3	4	79	#
660	4.30328	1	2	3	4	5	79	#
661	4.30328	2	3	4	5	6	79	#
662	4.30328	3	4	5	6	7	79	#
663	4.30328	4	5	6	7	8	79	#
664	4.30328	5	6	7	8	9	79	#
665	4.30328	6	7	8	9	10	79	#
666	4.30328	7	8	9	10	11	79	#
667	4.30328	8	9	10	11	12	79	#
668	4.30328	9	10	11	12	13	79	#
669	4.30328	10	11	12	13	14	79	#
670	4.30328	11	12	13	14	15	79	#
671	4.30328	12	13	14	15	16	79	#
672	4.30328	13	14	15	16	17	79	#
673	4.30328	14	15	16	17	18	79	#
674	4.30328	15	16	17	18	19	79	#
675	4.30328	16	17	18	19	20	79	#
676	4.30328	17	18	19	20	21	79	#
677	4.30328	18	19	20	21	22	79	#
678	4.30328	19	20	21	22	23	79	#
679	4.30328	20	21	22	23	24	79	#
680	4.30328	21	22	23	24	25	79	#
681	4.30328	22	23	24	25	26	79	#
682	4.30328	23	24	25	26	27	79	#
683	4.30328	24	25	26	27	28	79	#
684	4.30328	25	26	27	28	29	79	#
685	4.30328	26	27	28	29	30	79	#
686	4.30328	27	28	29	30	31	79	#
687	4.30328	28	29	30	31	32	79	#
688	4.30328	29	30	31	32	33	79	#
689	4.30328	30	31	32	33	34	79	#
690	4.30328	31	32	33	34	35	79	#
691	4.30328	32	33	34	35	36	79	#
692	4.30328	33	34	35	36	37	79	#
693	4.30328	34	35	36	37	38	79	#
694	4.30328	35	36	37	38	39	79	#
695	4.30328	36	37	38	39	40	79	#
696	4.30328	37	38	39	40	41	79	#
697	4.30328	38	39	40	41	42	79	#
698	4.30328	39	40	41	42	43	79	#
699	4.30328	40	41	42	43	44	79	#
700	4.30328	41	42	43	44	45	79	#
701	4.30328	42	43	44	45	46	79	#
702	16.3957	0	1	2	3	4	5	6	7	80	#
703	16.3957	1	2	3	4	5	6	7	8	80	#
704	2.38483	2	3	4	5	6	7	8	9	80	#
705	2.38483	3	4	5	6	7	8	9	10	80	#
706	2.38483	4	5	6	7	8	9	10	11	80	#
707	2.38483	5	6	7	8	9	10	11	12	80	#
708	2.38483	6	7	8	9	10	11	12	13	80	#
709	2.38483	7	8	9	10	11	12	13	14	80	#
710	2.38483	8	9	10	11	12	13	14	15	80	#
711	2.38483	9	10	11	12	13	14	15	16	80	#
712	2.38483	10	11	12	13	14	15	16	17	80	#
713	2.38483	11	12	13	14	15	16	17	18	80	#
714	2.38483	12	13	14	15	16	17	18	19	80	#
715	2.38483	13	14	15	16	17	18	19	20	80	#
716	2.38483	14	15	16	17	18	19	20	21	80	#
717	2.38483	15	16	17	18	19	20	21	22	80	#
718	2.38483	16	17	18	19	20	21	22	23	80	#
719	2.38483	17	18	19	20	21	22	23	24	80	#
720	2.38483	18	19	20	21	22	23	24	25	80	#
721	2.38483	19	20	21	22	23	24	25	26	80	#
722	2.38483	20	21	22	23	24	25	26	27	80	#
723	2.38483	21	22	23	24	25	26	27	28	80	#
724	2.38483	22	23	24	25	26	27	28	29	80	#
725	2.38483	23	24	25	26	27	28	29	30	80	#
726	2.38483	24	25	26	27	28	29	30	31	80	#
727	2.38483	25	26	27	28	29	30	31	32	80	#
728	2.38483	26	27	28	29	30	31	32	33	80	#
729	2.38483	27	28	29	30	31	32	33	34	80	#
730	2.38483	28	29	30	31	32	33	34	35	80	#
731	2.38483	29	30	31	32	33	34	35	36	80	#
732	2.38483	30	31	32	33	34	35	36	37	80	#
733	2.38483	31	32	33	34	35	36	37	38	80	#
734	2.38483	32	33	34	35	36	37	38	39	80	#
735	2.38483	33	34	35	36	37	38	39	40	80	#
736	2.38483	34	35	36	37	38	39	40	41	80	#
737	2.38483	35	36	37	38	39	40	41	42	80	#
738	2.38483	36	37	38	39	40	41	42	43	80	#
739	2.38483	37	38	39	40	41	42	43	44	80	#
740	2.38483	38	39	40	41	42	43	44	45	80	#
741	2.38483	39	40	41	42	43	44	45	46	80	#
742	2.38483	40	41	42	43	44	45	46	47	80	#
743	2.38483	41	42	43	44	45	46	47	48	80	#
744	2.38483	42	43	44	45	46	47	48	49	80	#
745	2.38483	43	44	45	46	47	48	49	50	80	#
746	2.38483	44	45	46	47	48	49	50	51	80	#
747	2.38483	45	46	47	48	49	50	51	52	80	#
748	2.38483	46	47	48	49	50	51	52	53	80	#
749	2.38483	47	48	49	50	51	52	53	54	80	#
750	2.38483	48	49	50	51	52	53	54	55	80	#
751	2.1861	49	50	51	52	53	54	55	56	80	#
752	2.1861	50	51	52	53	54	55	56	57	80	#
753	2.1861	51	52	53	54	55	56	57	58	80	#
754	2.1861	52	53	54	55	56	57	58	59	80	#
755	2.1861	53	54	55	56	57	58	59	60	80	#
756	2.15026	54	55	56	57	58	59	60	61	80	#
757	6.25763	0	1	2	3	81	#
758	6.25763	1	2	3	4	81	#
759	6.25763	2	3	4	5	81	#
760	6.25763	3	4	5	6	81	#
761	6.25763	4	5	6	7	81	#
762	6.25763	5	6	7	8	81	#
763	6.25763	6	7	8	9	81	#
764	6.25763	7	8	9	10	81	#
765	6.25763	8	9	10	11	81	#
766	6.25763	9	10	11	12	81	#
767	6.25763	10	11	12	13	81	#
768	6.25763	11	12	13	14	81	#
769	6.25763	12	13	14	15	81	#
770	6.25763	13	14	15	16	81	#
771	6.25763	14	15	16	17	81	#
772	6.25763	15	16	17	18	81	#
773	6.25763	16	17	18	19	81	#
774	6.25763	17	18	19	20	81	#
775	6.25763	18	19	20	21	81	#
776	3.3695	19	20	21	22	81	#
777	3.3695	20	21	22	23	81	#
778	3.3695	21	22	23	24	81	#
779	3.3695	22	23	24	25	81	#
780	3.3695	23	24	25	26	81	#
781	3.3695	24	25	26	27	81	#
782	3.3695	25	26	27	28	81	#
783	3.3695	26	27	28	29	81	#
784	3.3695	27	28	29	30	81	#
785	3.3695	28	29	30	31	81	#
786	3.3695	29	30	31	32	81	#
787	3.3695	30	31	32	33	81	#
788	3.3695	31	32	33	34	81	#
789	3.3695	32	33	34	35	81	#
790	3.3695	33	34	35	36	81	#
791	3.3695	34	35	36	37	81	#
792	3.3695	35	36	37	38	81	#
793	3.3695	36	37	38	39	81	#
794	12.7016	0	1	2	3	4	5	82	#
795	12.7016	1	2	3	4	5	6	82	#
796	12.7016	2	3	4	5	6	7	82	#
797	12.7016	3	4	5	6	7	8	82	#
798	12.7016	4	5	6	7	8	9	82	#
799	12.7016	5	6	7	8	9	10	82	#
800	12.7016	6	7	8	9	10	11	82	#
801	12.7016	7	8	9	10	11	12	82	#
802	12.7016	8	9	10	11	12	13	82	#
803	12.7016	9	10	11	12	13	14	82	#
804	12.7016	10	11	12	13	14	15	82	#
805	12.7016	11	12	13	14	15	16	82	#
806	12.7016	12	13	14	15	16	17	82	#
807	12.7016	13	14	15	16	17	18	82	#
808	12.7016	14	15	16	17	18	19	82	#
809	12.7016	15	16	17	18	19	20	82	#
810	12.7016	16	17	18	19	20	21	82	#
811	12.683	0	1	2	3	4	5	6	7	83	#
812	12.683	1	2	3	4	5	6	7	8	83	#
813	12.683	2	3	4	5	6	7	8	9	83	#
814	12.683	3	4	5	6	7	8	9	10	83	#
815	12.683	4	5	6	7	8	9	10	11	83	#
816	12.683	5	6	7	8	9	10	11	12	83	#
817	12.683	6	7	8	9	10	11	12	13	83	#
818	12.683	7	8	9	10	11	12	13	14	83	#
819	12.683	8	9	10	11	12	13	14	15	83	#
820	12.683	9	10	11	12	13	14	15	16	83	#
821	12.683	10	11	12	13	14	15	16	17	83	#
822	12.683	11	12	13	14	15	16	17	18	83	#
823	12.683	12	13	14	15	16	17	18	19	83	#
824	12.683	13	14	15	16	17	18	19	20	83	#
825	12.683	14	15	16	17	18	19	20	21	83	#
826	12.683	15	16	17	18	19	20	21	22	83	#
827	6.09611	0	1	2	3	4	84	#
828	6.09611	1	2	3	4	5	84	#
829	6.09611	2	3	4	5	6	84	#
830	6.09611	3	4	5	6	7	84	#
831	6.09611	4	5	6	7	8	84	#
832	6.09611	5	6	7	8	9	84	#
833	6.09611	6	7	8	9	10	84	#
834	6.09611	7	8	9	10	11	84	#
835	6.09611	8	9	10	11	12	84	#
836	6.09611	9	10	11	12	13	84	#
837	6.09611	10	11	12	13	14	84	#
838	6.09611	11	12	13	14	15	84	#
839	6.09611	12	13	14	15	16	84	#
840	6.09611	13	14	15	16	17	84	#
841	6.09611	14	15	16	17	18	84	#
842	6.09611	15	16	17	18	19	84	#
843	3.40665	16	17	18	19	20	84	#
844	3.40665	17	18	19	20	21	84	#
845	3.40665	18	19	20	21	22	84	#
846	3.40665	19	20	21	22	23	84	#
847	3.40665	20	21	22	23	24	84	#
848	3.40665	21	22	23	24	25	84	#
849	3.40665	22	23	24	25	26	84	#
850	3.40665	23	24	25	26	27	84	#
851	3.40665	24	25	26	27	28	84	#
852	3.40665	25	26	27	28	29	84	#
853	3.40665	26	27	28	29	30	84	#
854	3.40665	27	28	29	30	31	84	#
855	3.40665	28	29	30	31	32	84	#
856	3.40665	29	30	31	32	33	84	#
857	3.40665	30	31	32	33	34	84	#
858	2.14493	31	32	33	34	35	84	#
859	2.14493	32	33	34	35	36	84	#
860	2.14493	33	34	35	36	37	84	#
861	2.14493	34	35	36	37	38	84	#
862	2.14493	35	36	37	38	39	84	#
863	2.14493	36	37	38	39	40	84	#
864	2.14493	37	38	39	40	41	84	#
865	2.14493	38	39	40	41	42	84	#
866	2.14493	39	40	41	42	43	84	#
867	2.14493	40	41	42	43	44	84	#
868	2.14493	41	42	43	44	45	84	#
869	2.14493	42	43	44	45	46	84	#
870	2.14493	43	44	45	46	47	84	#
871	2.14493	44	45	46	47	48	84	#
872	2.14493	45	46	47	48	49	84	#
873	2.14493	46	47	48	49	50	84	#
874	2.14493	47	48	49	50	51	84	#
875	2.14493	48	49	50	51	52	84	#
876	2.14493	49	50	51	52	53	84	#
877	2.14493	50	51	52	53	54	84	#
878	2.10593	51	52	53	54	55	84	#
879	1.93043	52	53	54	55	56	84	#
880	1.93043	53	54	55	56	57	84	#
881	1.93043	54	55	56	57	58	84	#
882	1.93043	55	56	57	58	59	84	#
883	1.93043	56	57	58	59	60	84	#
884	1.83851	57	58	59	60	61	84	#
885	1.83851	58	59	60	61	62	84	#
886	1.83851	59	60	61	62	63	84	#
887	11.1679	0	1	2	3	4	5	85	#
888	11.1679	1	2	3	4	5	6	85	#
889	11.1679	2	3	4	5	6	7	85	#
890	11.1679	3	4	5	6	7	8	85	#
891	11.1679	4	5	6	7	8	9	85	#
892	11.1679	5	6	7	8	9	10	85	#
893	11.1679	6	7	8	9	10	11	85	#
894	11.1679	7	8	9	10	11	12	85	#
895	11.1679	8	9	10	11	12	13	85	#
896	11.1679	9	10	11	12	13	14	85	#
897	11.1679	10	11	12	13	14	15	85	#
898	11.1679	11	12	13	14	15	16	85	#
899	2.68007	0	1	86	#
900	2.68007	1	2	86	#
901	2.68007	2	3	86	#
902	2.68007	3	4	86	#
903	2.68007	4	5	86	#
904	2.68007	5	6	86	#
905	2.68007	6	7	86	#
906	2.68007	7	8	86	#
907	2.68007	8	9	86	#
908	2.68007	9	10	86	#
909	2.68007	10	11	86	#
910	2.68007	11	12	86	#
911	2.68007	12	13	86	#
912	2.68007	13	14	86	#
913	2.68007	14	15	86	#
914	2.68007	15	16	86	#
915	2.68007	16	17	86	#
916	2.68007	17	18	86	#
917	2.68007	18	19	86	#
918	2.68007	19	20	86	#
919	2.68007	20	21	86	#
920	2.68007	21	22	86	#
921	2.68007	22	23	86	#
922	1.76119	23	24	86	#
923	1.76119	24	25	86	#
924	1.76119	25	26	86	#
925	1.76119	26	27	86	#
926	1.76119	27	28	86	#
927	1.76119	28	29	86	#
928	1.76119	29	30	86	#
929	1.76119	30	31	86	#
930	1.76119	31	32	86	#
931	1.76119	32	33	86	#
932	1.76119	33	34	86	#
933	1.76119	34	35	86	#
934	1.18542	35	36	86	#
935	1.18542	36	37	86	#
936	1.18542	37	38	86	#
937	1.18542	38	39	86	#
938	1.18542	39	40	86	#
939	1.18542	40	41	86	#
940	1.18542	41	42	86	#
941	1.18542	42	43	86	#
942	1.18542	43	44	86	#
943	1.18542	44	45	86	#
944	1.18542	45	46	86	#
945	1.18542	46	47	86	#
946	1.18542	47	48	86	#
947	1.18542	48	49	86	#
948	1.18542	49	50	86	#
949	1.18542	50	51	86	#
950	1.18542	51	52	86	#
951	14.8778	0	1	2	3	4	5	6	7	8	87	#
952	14.8778	1	2	3	4	5	6	7	8	9	87	#
953	14.8778	2	3	4	5	6	7	8	9	10	87	#
954	14.8778	3	4	5	6	7	8	9	10	11	87	#
955	14.8778	4	5	6	7	8	9	10	11	12	87	#
956	14.8778	5	6	7	8	9	10	11	12	13	87	#
957	14.8778	6	7	8	9	10	11	12	13	14	87	#
958	14.8778	7	8	9	10	11	12	13	14	15	87	#
959	14.8778	8	9	10	11	12	13	14	15	16	87	#
960	14.8778	9	10	11	12	13	14	15	16	17	87	#
961	14.8778	10	11	12	13	14	15	16	17	18	87	#
962	14.8778	11	12	13	14	15	16	17	18	19	87	#
963	14.8778	12	13	14	15	16	17	18	19	20	87	#
964	14.8778	13	14	15	16	17	18	19	20	21	87	#
965	14.8778	14	15	16	17	18	19	20	21	22	87	#
966	14.8778	15	16	17	18	19	20	21	22	23	87	#
967	14.8778	16	17	18	19	20	21	22	23	24	87	#
968	14.8778	17	18	19	20	21	22	23	24	25	87	#
969	14.8778	18	19	20	21	22	23	24	25	26	87	#
970	14.8778	19	20	21	22	23	24	25	26	27	87	#
971	14.8778	20	21	22	23	24	25	26	27	28	87	#
972	14.8778	21	22	23	24	25	26	27	28	29	87	#
973	14.8778	22	23	24	25	26	27	28	29	30	87	#
974	14.8778	23	24	25	26	27	28	29	30	31	87	#
975	14.8778	24	25	26	27	28	29	30	31	32	87	#
976	14.8778	25	26	27	28	29	30	31	32	33	87	#
977	14.8778	26	27	28	29	30	31	32	33	34	87	#
978	14.8778	27	28	29	30	31	32	33	34	35	87	#
979	14.8778	28	29	30	31	32	33	34	35	36	87	#
980	14.8778	29	30	31	32	33	34	35	36	37	87	#
981	14.8778	30	31	32	33	34	35	36	37	38	87	#
982	14.8778	31	32	33	34	35	36	37	38	39	87	#
983	14.8778	32	33	34	35	36	37	38	39	40	87	#
984	14.8778	33	34	35	36	37	38	39	40	41	87	#
985	14.8778	34	35	36	37	38	39	40	41	42	87	#
986	14.8778	35	36	37	38	39	40	41	42	43	87	#
987	14.8778	36	37	38	39	40	41	42	43	44	87	#
988	14.8778	37	38	39	40	41	42	43	44	45	87	#
989	14.8778	38	39	40	41	42	43	44	45	46	87	#
990	13.1611	39	40	41	42	43	44	45	46	47	87	#
991	13.1611	40	41	42	43	44	45	46	47	48	87	#
992	13.1611	41	42	43	44	45	46	47	48	49	87	#
993	13.1611	42	43	44	45	46	47	48	49	50	87	#
994	13.1611	43	44	45	46	47	48	49	50	51	87	#
995	13.1611	44	45	46	47	48	49	50	51	52	87	#
996	11.2193	45	46	47	48	49	50	51	52	53	87	#
997	11.2193	46	47	48	49	50	51	52	53	54	87	#
998	11.2193	47	48	49	50	51	52	53	54	55	87	#
999	11.2193	48	49	50	51	52	53	54	55	56	87	#
1000	11.2193	49	50	51	52	53	54	55	56	57	87	#
1001	11.2193	50	51	52	53	54	55	56	57	58	87	#
1002	11.2193	51	52	53	54	55	56	57	58	59	87	#
1003	11.2193	52	53	54	55	56	57	58	59	60	87	#
1004	11.2193	53	54	55	56	57	58	59	60	61	87	#
1005	10.8631	54	55	56	57	58	59	60	61	62	87	#
1006	10.8631	55	56	57	58	59	60	61	62	63	87	#
