%% File generated by CATS v.2.1Wed Jun 22 10:37:56 2022

%% The CATS webpage is http://robotics.stanford.edu/CATS

%% PARAMETER SETTINGS:
% Goods: 64; Bids: 1000; Distribution: scheduling; Runs: 1; Seed: 1656573081
% Scheduling Distribution Parameters:
% max_length                = 10
% deviation                 = 0.500000
% prob_additional_deadline  = 0.700000
% additivity                = 0.200000



goods 64
bids 1041
dummy 20

0	18.0111	0	1	2	3	4	5	6	7	8	64	#
1	18.0111	1	2	3	4	5	6	7	8	9	64	#
2	12.4692	2	3	4	5	6	7	8	9	10	64	#
3	12.4692	3	4	5	6	7	8	9	10	11	64	#
4	12.4692	4	5	6	7	8	9	10	11	12	64	#
5	12.4692	5	6	7	8	9	10	11	12	13	64	#
6	3.95366	6	7	8	9	10	11	12	13	14	64	#
7	3.95366	7	8	9	10	11	12	13	14	15	64	#
8	3.95366	8	9	10	11	12	13	14	15	16	64	#
9	3.95366	9	10	11	12	13	14	15	16	17	64	#
10	3.95366	10	11	12	13	14	15	16	17	18	64	#
11	3.95366	11	12	13	14	15	16	17	18	19	64	#
12	3.95366	12	13	14	15	16	17	18	19	20	64	#
13	3.95366	13	14	15	16	17	18	19	20	21	64	#
14	3.95366	14	15	16	17	18	19	20	21	22	64	#
15	3.95366	15	16	17	18	19	20	21	22	23	64	#
16	3.95366	16	17	18	19	20	21	22	23	24	64	#
17	3.95366	17	18	19	20	21	22	23	24	25	64	#
18	3.95366	18	19	20	21	22	23	24	25	26	64	#
19	3.95366	19	20	21	22	23	24	25	26	27	64	#
20	3.95366	20	21	22	23	24	25	26	27	28	64	#
21	3.95366	21	22	23	24	25	26	27	28	29	64	#
22	3.95366	22	23	24	25	26	27	28	29	30	64	#
23	3.95366	23	24	25	26	27	28	29	30	31	64	#
24	3.95366	24	25	26	27	28	29	30	31	32	64	#
25	3.95366	25	26	27	28	29	30	31	32	33	64	#
26	3.95366	26	27	28	29	30	31	32	33	34	64	#
27	3.95366	27	28	29	30	31	32	33	34	35	64	#
28	3.95366	28	29	30	31	32	33	34	35	36	64	#
29	3.95366	29	30	31	32	33	34	35	36	37	64	#
30	3.95366	30	31	32	33	34	35	36	37	38	64	#
31	3.95366	31	32	33	34	35	36	37	38	39	64	#
32	3.95366	32	33	34	35	36	37	38	39	40	64	#
33	3.95366	33	34	35	36	37	38	39	40	41	64	#
34	2.57301	34	35	36	37	38	39	40	41	42	64	#
35	2.57301	35	36	37	38	39	40	41	42	43	64	#
36	2.57301	36	37	38	39	40	41	42	43	44	64	#
37	2.57301	37	38	39	40	41	42	43	44	45	64	#
38	2.57301	38	39	40	41	42	43	44	45	46	64	#
39	2.57301	39	40	41	42	43	44	45	46	47	64	#
40	2.57301	40	41	42	43	44	45	46	47	48	64	#
41	2.57301	41	42	43	44	45	46	47	48	49	64	#
42	2.57301	42	43	44	45	46	47	48	49	50	64	#
43	2.57301	43	44	45	46	47	48	49	50	51	64	#
44	2.57301	44	45	46	47	48	49	50	51	52	64	#
45	2.57301	45	46	47	48	49	50	51	52	53	64	#
46	2.57301	46	47	48	49	50	51	52	53	54	64	#
47	2.57301	47	48	49	50	51	52	53	54	55	64	#
48	2.57301	48	49	50	51	52	53	54	55	56	64	#
49	2.57301	49	50	51	52	53	54	55	56	57	64	#
50	2.57301	50	51	52	53	54	55	56	57	58	64	#
51	2.57301	51	52	53	54	55	56	57	58	59	64	#
52	2.57301	52	53	54	55	56	57	58	59	60	64	#
53	2.57301	53	54	55	56	57	58	59	60	61	64	#
54	2.57301	54	55	56	57	58	59	60	61	62	64	#
55	2.57301	55	56	57	58	59	60	61	62	63	64	#
56	2.92686	0	1	2	65	#
57	2.92686	1	2	3	65	#
58	2.92686	2	3	4	65	#
59	2.92686	3	4	5	65	#
60	2.92686	4	5	6	65	#
61	2.92686	5	6	7	65	#
62	2.92686	6	7	8	65	#
63	2.92686	7	8	9	65	#
64	2.92686	8	9	10	65	#
65	2.92686	9	10	11	65	#
66	2.92686	10	11	12	65	#
67	2.92686	11	12	13	65	#
68	2.92686	12	13	14	65	#
69	2.92686	13	14	15	65	#
70	2.92686	14	15	16	65	#
71	2.92686	15	16	17	65	#
72	2.92686	16	17	18	65	#
73	2.92686	17	18	19	65	#
74	2.92686	18	19	20	65	#
75	2.92686	19	20	21	65	#
76	2.92686	20	21	22	65	#
77	2.92686	21	22	23	65	#
78	2.92686	22	23	24	65	#
79	2.92686	23	24	25	65	#
80	2.92686	24	25	26	65	#
81	2.92686	25	26	27	65	#
82	2.92686	26	27	28	65	#
83	1.54627	27	28	29	65	#
84	1.54627	28	29	30	65	#
85	1.54627	29	30	31	65	#
86	1.54627	30	31	32	65	#
87	1.54627	31	32	33	65	#
88	1.54627	32	33	34	65	#
89	1.54627	33	34	35	65	#
90	1.54627	34	35	36	65	#
91	1.54627	35	36	37	65	#
92	1.54627	36	37	38	65	#
93	1.54627	37	38	39	65	#
94	1.54627	38	39	40	65	#
95	1.54627	39	40	41	65	#
96	1.54627	40	41	42	65	#
97	1.54627	41	42	43	65	#
98	1.54627	42	43	44	65	#
99	1.54627	43	44	45	65	#
100	1.54627	44	45	46	65	#
101	1.54627	45	46	47	65	#
102	1.54627	46	47	48	65	#
103	1.54627	47	48	49	65	#
104	1.54627	48	49	50	65	#
105	1.54627	49	50	51	65	#
106	1.54627	50	51	52	65	#
107	1.54627	51	52	53	65	#
108	1.41297	52	53	54	65	#
109	1.41297	53	54	55	65	#
110	1.41297	54	55	56	65	#
111	1.41297	55	56	57	65	#
112	1.41297	56	57	58	65	#
113	1.36587	57	58	59	65	#
114	1.36587	58	59	60	65	#
115	1.32181	59	60	61	65	#
116	1.32181	60	61	62	65	#
117	1.19109	0	66	#
118	1.19109	1	66	#
119	1.19109	2	66	#
120	1.19109	3	66	#
121	1.19109	4	66	#
122	1.19109	5	66	#
123	1.19109	6	66	#
124	1.19109	7	66	#
125	1.19109	8	66	#
126	1.19109	9	66	#
127	1.19109	10	66	#
128	1.19109	11	66	#
129	1.19109	12	66	#
130	1.19109	13	66	#
131	1.19109	14	66	#
132	1.19109	15	66	#
133	1.19109	16	66	#
134	1.19109	17	66	#
135	1.19109	18	66	#
136	1.19109	19	66	#
137	1.19109	20	66	#
138	1.19109	21	66	#
139	1.19109	22	66	#
140	1.19109	23	66	#
141	1.19109	24	66	#
142	1.19109	25	66	#
143	1.19109	26	66	#
144	1.19109	27	66	#
145	1.19109	28	66	#
146	1.19109	29	66	#
147	1.19109	30	66	#
148	1.19109	31	66	#
149	1.19109	32	66	#
150	1.19109	33	66	#
151	1.19109	34	66	#
152	1.19109	35	66	#
153	1.19109	36	66	#
154	1.19109	37	66	#
155	1.19109	38	66	#
156	1.19109	39	66	#
157	1.19109	40	66	#
158	1.19109	41	66	#
159	1.19109	42	66	#
160	1.19109	43	66	#
161	1.19109	44	66	#
162	1.19109	45	66	#
163	1.19109	46	66	#
164	1.19109	47	66	#
165	1.19109	48	66	#
166	1.19109	49	66	#
167	1.19109	50	66	#
168	1.19109	51	66	#
169	1.19109	52	66	#
170	1.19109	53	66	#
171	1.19109	54	66	#
172	1.19109	55	66	#
173	1.19109	56	66	#
174	1.19109	57	66	#
175	1.19109	58	66	#
176	1.17091	59	66	#
177	15.6368	0	1	2	3	4	5	6	7	8	67	#
178	15.6368	1	2	3	4	5	6	7	8	9	67	#
179	15.6368	2	3	4	5	6	7	8	9	10	67	#
180	15.6368	3	4	5	6	7	8	9	10	11	67	#
181	15.6368	4	5	6	7	8	9	10	11	12	67	#
182	15.6368	5	6	7	8	9	10	11	12	13	67	#
183	15.6368	6	7	8	9	10	11	12	13	14	67	#
184	15.6368	7	8	9	10	11	12	13	14	15	67	#
185	15.6368	8	9	10	11	12	13	14	15	16	67	#
186	15.6368	9	10	11	12	13	14	15	16	17	67	#
187	15.6368	10	11	12	13	14	15	16	17	18	67	#
188	15.6368	11	12	13	14	15	16	17	18	19	67	#
189	15.6368	12	13	14	15	16	17	18	19	20	67	#
190	15.6368	13	14	15	16	17	18	19	20	21	67	#
191	15.6368	14	15	16	17	18	19	20	21	22	67	#
192	15.6368	15	16	17	18	19	20	21	22	23	67	#
193	15.6368	16	17	18	19	20	21	22	23	24	67	#
194	15.6368	17	18	19	20	21	22	23	24	25	67	#
195	15.6368	18	19	20	21	22	23	24	25	26	67	#
196	15.6368	19	20	21	22	23	24	25	26	27	67	#
197	15.6368	20	21	22	23	24	25	26	27	28	67	#
198	15.6368	21	22	23	24	25	26	27	28	29	67	#
199	15.6368	22	23	24	25	26	27	28	29	30	67	#
200	15.6368	23	24	25	26	27	28	29	30	31	67	#
201	15.6368	24	25	26	27	28	29	30	31	32	67	#
202	15.6368	25	26	27	28	29	30	31	32	33	67	#
203	15.6368	26	27	28	29	30	31	32	33	34	67	#
204	15.6368	27	28	29	30	31	32	33	34	35	67	#
205	15.6368	28	29	30	31	32	33	34	35	36	67	#
206	15.6368	29	30	31	32	33	34	35	36	37	67	#
207	15.6368	30	31	32	33	34	35	36	37	38	67	#
208	15.6368	31	32	33	34	35	36	37	38	39	67	#
209	15.6368	32	33	34	35	36	37	38	39	40	67	#
210	15.6368	33	34	35	36	37	38	39	40	41	67	#
211	15.6368	34	35	36	37	38	39	40	41	42	67	#
212	15.6368	35	36	37	38	39	40	41	42	43	67	#
213	15.6368	36	37	38	39	40	41	42	43	44	67	#
214	15.6368	37	38	39	40	41	42	43	44	45	67	#
215	15.6368	38	39	40	41	42	43	44	45	46	67	#
216	15.6368	39	40	41	42	43	44	45	46	47	67	#
217	15.6368	40	41	42	43	44	45	46	47	48	67	#
218	15.6368	41	42	43	44	45	46	47	48	49	67	#
219	15.6368	42	43	44	45	46	47	48	49	50	67	#
220	15.6368	43	44	45	46	47	48	49	50	51	67	#
221	15.6368	44	45	46	47	48	49	50	51	52	67	#
222	15.6368	45	46	47	48	49	50	51	52	53	67	#
223	15.6368	46	47	48	49	50	51	52	53	54	67	#
224	15.6368	47	48	49	50	51	52	53	54	55	67	#
225	15.6368	48	49	50	51	52	53	54	55	56	67	#
226	15.6368	49	50	51	52	53	54	55	56	57	67	#
227	14.855	50	51	52	53	54	55	56	57	58	67	#
228	14.855	51	52	53	54	55	56	57	58	59	67	#
229	14.855	52	53	54	55	56	57	58	59	60	67	#
230	14.3758	53	54	55	56	57	58	59	60	61	67	#
231	14.3758	54	55	56	57	58	59	60	61	62	67	#
232	14.1476	55	56	57	58	59	60	61	62	63	67	#
233	3.31746	0	1	68	#
234	3.31746	1	2	68	#
235	3.31746	2	3	68	#
236	3.31746	3	4	68	#
237	3.31746	4	5	68	#
238	3.31746	5	6	68	#
239	3.31746	6	7	68	#
240	3.31746	7	8	68	#
241	3.31746	8	9	68	#
242	3.31746	9	10	68	#
243	3.31746	10	11	68	#
244	3.31746	11	12	68	#
245	3.31746	12	13	68	#
246	3.31746	13	14	68	#
247	3.31746	14	15	68	#
248	3.31746	15	16	68	#
249	3.31746	16	17	68	#
250	3.31746	17	18	68	#
251	3.31746	18	19	68	#
252	3.31746	19	20	68	#
253	3.31746	20	21	68	#
254	1.24405	21	22	68	#
255	1.24405	22	23	68	#
256	1.24405	23	24	68	#
257	1.24405	24	25	68	#
258	1.24405	25	26	68	#
259	1.24405	26	27	68	#
260	1.24405	27	28	68	#
261	1.24405	28	29	68	#
262	1.24405	29	30	68	#
263	1.24405	30	31	68	#
264	1.24405	31	32	68	#
265	1.24405	32	33	68	#
266	1.24405	33	34	68	#
267	1.24405	34	35	68	#
268	1.24405	35	36	68	#
269	1.24405	36	37	68	#
270	1.24405	37	38	68	#
271	1.24405	38	39	68	#
272	1.24405	39	40	68	#
273	1.24405	40	41	68	#
274	1.24405	41	42	68	#
275	1.24405	42	43	68	#
276	1.24405	43	44	68	#
277	1.24405	44	45	68	#
278	1.24405	45	46	68	#
279	1.24405	46	47	68	#
280	1.24405	47	48	68	#
281	1.24405	48	49	68	#
282	1.24405	49	50	68	#
283	1.24405	50	51	68	#
284	1.24405	51	52	68	#
285	1.24405	52	53	68	#
286	1.24405	53	54	68	#
287	1.24405	54	55	68	#
288	1.24405	55	56	68	#
289	1.22222	56	57	68	#
290	11.3247	0	1	2	3	4	5	6	7	69	#
291	11.3247	1	2	3	4	5	6	7	8	69	#
292	11.3247	2	3	4	5	6	7	8	9	69	#
293	11.3247	3	4	5	6	7	8	9	10	69	#
294	11.3247	4	5	6	7	8	9	10	11	69	#
295	11.3247	5	6	7	8	9	10	11	12	69	#
296	11.3247	6	7	8	9	10	11	12	13	69	#
297	11.3247	7	8	9	10	11	12	13	14	69	#
298	11.3247	8	9	10	11	12	13	14	15	69	#
299	11.3247	9	10	11	12	13	14	15	16	69	#
300	11.3247	10	11	12	13	14	15	16	17	69	#
301	11.3247	11	12	13	14	15	16	17	18	69	#
302	11.3247	12	13	14	15	16	17	18	19	69	#
303	11.3247	13	14	15	16	17	18	19	20	69	#
304	11.3247	14	15	16	17	18	19	20	21	69	#
305	11.3247	15	16	17	18	19	20	21	22	69	#
306	11.3247	16	17	18	19	20	21	22	23	69	#
307	11.3247	17	18	19	20	21	22	23	24	69	#
308	11.3247	18	19	20	21	22	23	24	25	69	#
309	11.3247	19	20	21	22	23	24	25	26	69	#
310	11.3247	20	21	22	23	24	25	26	27	69	#
311	11.3247	21	22	23	24	25	26	27	28	69	#
312	7.73391	22	23	24	25	26	27	28	29	69	#
313	7.73391	23	24	25	26	27	28	29	30	69	#
314	7.73391	24	25	26	27	28	29	30	31	69	#
315	7.73391	25	26	27	28	29	30	31	32	69	#
316	7.73391	26	27	28	29	30	31	32	33	69	#
317	7.73391	27	28	29	30	31	32	33	34	69	#
318	7.73391	28	29	30	31	32	33	34	35	69	#
319	7.73391	29	30	31	32	33	34	35	36	69	#
320	7.73391	30	31	32	33	34	35	36	37	69	#
321	7.73391	31	32	33	34	35	36	37	38	69	#
322	7.73391	32	33	34	35	36	37	38	39	69	#
323	7.73391	33	34	35	36	37	38	39	40	69	#
324	7.73391	34	35	36	37	38	39	40	41	69	#
325	5.1982	35	36	37	38	39	40	41	42	69	#
326	5.1982	36	37	38	39	40	41	42	43	69	#
327	5.1982	37	38	39	40	41	42	43	44	69	#
328	5.1982	38	39	40	41	42	43	44	45	69	#
329	5.1982	39	40	41	42	43	44	45	46	69	#
330	5.1982	40	41	42	43	44	45	46	47	69	#
331	5.1982	41	42	43	44	45	46	47	48	69	#
332	5.1982	42	43	44	45	46	47	48	49	69	#
333	5.1982	43	44	45	46	47	48	49	50	69	#
334	5.1982	44	45	46	47	48	49	50	51	69	#
335	5.1982	45	46	47	48	49	50	51	52	69	#
336	5.1982	46	47	48	49	50	51	52	53	69	#
337	5.1982	47	48	49	50	51	52	53	54	69	#
338	5.1982	48	49	50	51	52	53	54	55	69	#
339	5.1982	49	50	51	52	53	54	55	56	69	#
340	5.1982	50	51	52	53	54	55	56	57	69	#
341	5.1982	51	52	53	54	55	56	57	58	69	#
342	5.1982	52	53	54	55	56	57	58	59	69	#
343	5.1982	53	54	55	56	57	58	59	60	69	#
344	5.1982	54	55	56	57	58	59	60	61	69	#
345	5.11436	55	56	57	58	59	60	61	62	69	#
346	5.03318	56	57	58	59	60	61	62	63	69	#
347	6.0863	0	1	2	3	4	70	#
348	6.0863	1	2	3	4	5	70	#
349	6.0863	2	3	4	5	6	70	#
350	6.0863	3	4	5	6	7	70	#
351	6.0863	4	5	6	7	8	70	#
352	6.0863	5	6	7	8	9	70	#
353	6.0863	6	7	8	9	10	70	#
354	6.0863	7	8	9	10	11	70	#
355	6.0863	8	9	10	11	12	70	#
356	6.0863	9	10	11	12	13	70	#
357	6.0863	10	11	12	13	14	70	#
358	6.0863	11	12	13	14	15	70	#
359	6.0863	12	13	14	15	16	70	#
360	6.0863	13	14	15	16	17	70	#
361	6.0863	14	15	16	17	18	70	#
362	6.0863	15	16	17	18	19	70	#
363	6.0863	16	17	18	19	20	70	#
364	6.0863	17	18	19	20	21	70	#
365	6.0863	18	19	20	21	22	70	#
366	6.0863	19	20	21	22	23	70	#
367	6.0863	20	21	22	23	24	70	#
368	6.0863	21	22	23	24	25	70	#
369	6.0863	22	23	24	25	26	70	#
370	6.0863	23	24	25	26	27	70	#
371	6.0863	24	25	26	27	28	70	#
372	6.0863	25	26	27	28	29	70	#
373	6.0863	26	27	28	29	30	70	#
374	6.0863	27	28	29	30	31	70	#
375	6.0863	28	29	30	31	32	70	#
376	6.0863	29	30	31	32	33	70	#
377	6.0863	30	31	32	33	34	70	#
378	6.0863	31	32	33	34	35	70	#
379	6.0863	32	33	34	35	36	70	#
380	6.0863	33	34	35	36	37	70	#
381	6.0863	34	35	36	37	38	70	#
382	6.0863	35	36	37	38	39	70	#
383	6.0863	36	37	38	39	40	70	#
384	6.0863	37	38	39	40	41	70	#
385	6.0863	38	39	40	41	42	70	#
386	6.0863	39	40	41	42	43	70	#
387	6.0863	40	41	42	43	44	70	#
388	6.0863	41	42	43	44	45	70	#
389	6.0863	42	43	44	45	46	70	#
390	6.0863	43	44	45	46	47	70	#
391	6.0863	44	45	46	47	48	70	#
392	6.0863	45	46	47	48	49	70	#
393	6.0863	46	47	48	49	50	70	#
394	6.0863	47	48	49	50	51	70	#
395	5.17335	48	49	50	51	52	70	#
396	5.17335	49	50	51	52	53	70	#
397	5.17335	50	51	52	53	54	70	#
398	5.17335	51	52	53	54	55	70	#
399	5.17335	52	53	54	55	56	70	#
400	5.17335	53	54	55	56	57	70	#
401	5.17335	54	55	56	57	58	70	#
402	5.17335	55	56	57	58	59	70	#
403	5.17335	56	57	58	59	60	70	#
404	4.927	57	58	59	60	61	70	#
405	4.927	58	59	60	61	62	70	#
406	4.927	59	60	61	62	63	70	#
407	8.29864	0	1	2	3	4	5	6	7	8	9	71	#
408	8.29864	1	2	3	4	5	6	7	8	9	10	71	#
409	8.29864	2	3	4	5	6	7	8	9	10	11	71	#
410	8.29864	3	4	5	6	7	8	9	10	11	12	71	#
411	8.29864	4	5	6	7	8	9	10	11	12	13	71	#
412	8.29864	5	6	7	8	9	10	11	12	13	14	71	#
413	8.29864	6	7	8	9	10	11	12	13	14	15	71	#
414	8.29864	7	8	9	10	11	12	13	14	15	16	71	#
415	8.29864	8	9	10	11	12	13	14	15	16	17	71	#
416	8.29864	9	10	11	12	13	14	15	16	17	18	71	#
417	8.29864	10	11	12	13	14	15	16	17	18	19	71	#
418	8.29864	11	12	13	14	15	16	17	18	19	20	71	#
419	8.29864	12	13	14	15	16	17	18	19	20	21	71	#
420	8.29864	13	14	15	16	17	18	19	20	21	22	71	#
421	8.29864	14	15	16	17	18	19	20	21	22	23	71	#
422	8.29864	15	16	17	18	19	20	21	22	23	24	71	#
423	8.29864	16	17	18	19	20	21	22	23	24	25	71	#
424	8.29864	17	18	19	20	21	22	23	24	25	26	71	#
425	8.29864	18	19	20	21	22	23	24	25	26	27	71	#
426	8.29864	19	20	21	22	23	24	25	26	27	28	71	#
427	8.29864	20	21	22	23	24	25	26	27	28	29	71	#
428	8.29864	21	22	23	24	25	26	27	28	29	30	71	#
429	8.29864	22	23	24	25	26	27	28	29	30	31	71	#
430	8.29864	23	24	25	26	27	28	29	30	31	32	71	#
431	8.29864	24	25	26	27	28	29	30	31	32	33	71	#
432	8.29864	25	26	27	28	29	30	31	32	33	34	71	#
433	8.29864	26	27	28	29	30	31	32	33	34	35	71	#
434	8.29864	27	28	29	30	31	32	33	34	35	36	71	#
435	8.29864	28	29	30	31	32	33	34	35	36	37	71	#
436	8.29864	29	30	31	32	33	34	35	36	37	38	71	#
437	8.29864	30	31	32	33	34	35	36	37	38	39	71	#
438	8.29864	31	32	33	34	35	36	37	38	39	40	71	#
439	8.29864	32	33	34	35	36	37	38	39	40	41	71	#
440	8.29864	33	34	35	36	37	38	39	40	41	42	71	#
441	8.29864	34	35	36	37	38	39	40	41	42	43	71	#
442	8.29864	35	36	37	38	39	40	41	42	43	44	71	#
443	8.29864	36	37	38	39	40	41	42	43	44	45	71	#
444	8.29864	37	38	39	40	41	42	43	44	45	46	71	#
445	8.29864	38	39	40	41	42	43	44	45	46	47	71	#
446	8.29864	39	40	41	42	43	44	45	46	47	48	71	#
447	8.29864	40	41	42	43	44	45	46	47	48	49	71	#
448	8.29864	41	42	43	44	45	46	47	48	49	50	71	#
449	8.29864	42	43	44	45	46	47	48	49	50	51	71	#
450	8.29864	43	44	45	46	47	48	49	50	51	52	71	#
451	8.29864	44	45	46	47	48	49	50	51	52	53	71	#
452	8.29864	45	46	47	48	49	50	51	52	53	54	71	#
453	8.29864	46	47	48	49	50	51	52	53	54	55	71	#
454	8.29864	47	48	49	50	51	52	53	54	55	56	71	#
455	8.29864	48	49	50	51	52	53	54	55	56	57	71	#
456	8.29864	49	50	51	52	53	54	55	56	57	58	71	#
457	8.29864	50	51	52	53	54	55	56	57	58	59	71	#
458	0.584703	0	72	#
459	0.584703	1	72	#
460	0.584703	2	72	#
461	0.584703	3	72	#
462	0.584703	4	72	#
463	0.584703	5	72	#
464	0.584703	6	72	#
465	0.584703	7	72	#
466	0.584703	8	72	#
467	0.584703	9	72	#
468	0.584703	10	72	#
469	0.584703	11	72	#
470	0.584703	12	72	#
471	0.584703	13	72	#
472	0.584703	14	72	#
473	0.584703	15	72	#
474	0.584703	16	72	#
475	0.584703	17	72	#
476	0.584703	18	72	#
477	0.584703	19	72	#
478	0.584703	20	72	#
479	0.584703	21	72	#
480	0.584703	22	72	#
481	0.584703	23	72	#
482	0.584703	24	72	#
483	0.584703	25	72	#
484	0.584703	26	72	#
485	0.584703	27	72	#
486	0.584703	28	72	#
487	0.584703	29	72	#
488	0.584703	30	72	#
489	0.584703	31	72	#
490	0.584703	32	72	#
491	0.584703	33	72	#
492	0.584703	34	72	#
493	0.584703	35	72	#
494	0.584703	36	72	#
495	0.584703	37	72	#
496	0.584703	38	72	#
497	0.584703	39	72	#
498	0.584703	40	72	#
499	0.584703	41	72	#
500	0.584703	42	72	#
501	0.584703	43	72	#
502	0.584703	44	72	#
503	0.584703	45	72	#
504	0.584703	46	72	#
505	0.584703	47	72	#
506	0.584703	48	72	#
507	0.584703	49	72	#
508	0.584703	50	72	#
509	0.584703	51	72	#
510	0.584703	52	72	#
511	0.55281	53	72	#
512	0.55281	54	72	#
513	0.55281	55	72	#
514	0.490396	56	72	#
515	0.490396	57	72	#
516	0.490396	58	72	#
517	0.490396	59	72	#
518	0.490396	60	72	#
519	0.490396	61	72	#
520	0.490396	62	72	#
521	0.482612	63	72	#
522	9.72005	0	1	2	3	4	5	6	73	#
523	9.72005	1	2	3	4	5	6	7	73	#
524	9.72005	2	3	4	5	6	7	8	73	#
525	9.72005	3	4	5	6	7	8	9	73	#
526	9.72005	4	5	6	7	8	9	10	73	#
527	9.72005	5	6	7	8	9	10	11	73	#
528	9.72005	6	7	8	9	10	11	12	73	#
529	9.72005	7	8	9	10	11	12	13	73	#
530	9.72005	8	9	10	11	12	13	14	73	#
531	9.72005	9	10	11	12	13	14	15	73	#
532	9.72005	10	11	12	13	14	15	16	73	#
533	9.72005	11	12	13	14	15	16	17	73	#
534	9.72005	12	13	14	15	16	17	18	73	#
535	9.72005	13	14	15	16	17	18	19	73	#
536	9.72005	14	15	16	17	18	19	20	73	#
537	9.72005	15	16	17	18	19	20	21	73	#
538	9.72005	16	17	18	19	20	21	22	73	#
539	9.72005	17	18	19	20	21	22	23	73	#
540	9.72005	18	19	20	21	22	23	24	73	#
541	9.72005	19	20	21	22	23	24	25	73	#
542	9.72005	20	21	22	23	24	25	26	73	#
543	9.72005	21	22	23	24	25	26	27	73	#
544	9.72005	22	23	24	25	26	27	28	73	#
545	9.72005	23	24	25	26	27	28	29	73	#
546	9.72005	24	25	26	27	28	29	30	73	#
547	9.72005	25	26	27	28	29	30	31	73	#
548	9.72005	26	27	28	29	30	31	32	73	#
549	9.72005	27	28	29	30	31	32	33	73	#
550	9.72005	28	29	30	31	32	33	34	73	#
551	9.72005	29	30	31	32	33	34	35	73	#
552	9.72005	30	31	32	33	34	35	36	73	#
553	9.72005	31	32	33	34	35	36	37	73	#
554	9.72005	32	33	34	35	36	37	38	73	#
555	9.72005	33	34	35	36	37	38	39	73	#
556	9.72005	34	35	36	37	38	39	40	73	#
557	9.72005	35	36	37	38	39	40	41	73	#
558	9.72005	36	37	38	39	40	41	42	73	#
559	9.72005	37	38	39	40	41	42	43	73	#
560	9.72005	38	39	40	41	42	43	44	73	#
561	9.72005	39	40	41	42	43	44	45	73	#
562	9.72005	40	41	42	43	44	45	46	73	#
563	17.2233	0	1	2	3	4	5	6	7	74	#
564	17.2233	1	2	3	4	5	6	7	8	74	#
565	17.2233	2	3	4	5	6	7	8	9	74	#
566	17.2233	3	4	5	6	7	8	9	10	74	#
567	17.2233	4	5	6	7	8	9	10	11	74	#
568	17.2233	5	6	7	8	9	10	11	12	74	#
569	17.2233	6	7	8	9	10	11	12	13	74	#
570	17.2233	7	8	9	10	11	12	13	14	74	#
571	17.2233	8	9	10	11	12	13	14	15	74	#
572	17.2233	9	10	11	12	13	14	15	16	74	#
573	17.2233	10	11	12	13	14	15	16	17	74	#
574	17.2233	11	12	13	14	15	16	17	18	74	#
575	17.2233	12	13	14	15	16	17	18	19	74	#
576	17.2233	13	14	15	16	17	18	19	20	74	#
577	17.2233	14	15	16	17	18	19	20	21	74	#
578	17.2233	15	16	17	18	19	20	21	22	74	#
579	17.2233	16	17	18	19	20	21	22	23	74	#
580	17.2233	17	18	19	20	21	22	23	24	74	#
581	17.2233	18	19	20	21	22	23	24	25	74	#
582	17.2233	19	20	21	22	23	24	25	26	74	#
583	17.2233	20	21	22	23	24	25	26	27	74	#
584	17.2233	21	22	23	24	25	26	27	28	74	#
585	17.2233	22	23	24	25	26	27	28	29	74	#
586	17.2233	23	24	25	26	27	28	29	30	74	#
587	17.2233	24	25	26	27	28	29	30	31	74	#
588	17.2233	25	26	27	28	29	30	31	32	74	#
589	17.2233	26	27	28	29	30	31	32	33	74	#
590	17.2233	27	28	29	30	31	32	33	34	74	#
591	17.2233	28	29	30	31	32	33	34	35	74	#
592	17.2233	29	30	31	32	33	34	35	36	74	#
593	15.5398	0	1	2	3	4	5	6	7	75	#
594	15.5398	1	2	3	4	5	6	7	8	75	#
595	15.5398	2	3	4	5	6	7	8	9	75	#
596	15.5398	3	4	5	6	7	8	9	10	75	#
597	15.5398	4	5	6	7	8	9	10	11	75	#
598	15.5398	5	6	7	8	9	10	11	12	75	#
599	15.5398	6	7	8	9	10	11	12	13	75	#
600	15.5398	7	8	9	10	11	12	13	14	75	#
601	15.5398	8	9	10	11	12	13	14	15	75	#
602	15.5398	9	10	11	12	13	14	15	16	75	#
603	15.5398	10	11	12	13	14	15	16	17	75	#
604	15.5398	11	12	13	14	15	16	17	18	75	#
605	15.5398	12	13	14	15	16	17	18	19	75	#
606	15.5398	13	14	15	16	17	18	19	20	75	#
607	15.5398	14	15	16	17	18	19	20	21	75	#
608	15.5398	15	16	17	18	19	20	21	22	75	#
609	15.5398	16	17	18	19	20	21	22	23	75	#
610	15.5398	17	18	19	20	21	22	23	24	75	#
611	15.5398	18	19	20	21	22	23	24	25	75	#
612	15.5398	19	20	21	22	23	24	25	26	75	#
613	15.5398	20	21	22	23	24	25	26	27	75	#
614	15.5398	21	22	23	24	25	26	27	28	75	#
615	15.5398	22	23	24	25	26	27	28	29	75	#
616	15.5398	23	24	25	26	27	28	29	30	75	#
617	15.5398	24	25	26	27	28	29	30	31	75	#
618	15.5398	25	26	27	28	29	30	31	32	75	#
619	9.38253	26	27	28	29	30	31	32	33	75	#
620	9.38253	27	28	29	30	31	32	33	34	75	#
621	9.38253	28	29	30	31	32	33	34	35	75	#
622	9.38253	29	30	31	32	33	34	35	36	75	#
623	9.38253	30	31	32	33	34	35	36	37	75	#
624	9.38253	31	32	33	34	35	36	37	38	75	#
625	9.38253	32	33	34	35	36	37	38	39	75	#
626	9.38253	33	34	35	36	37	38	39	40	75	#
627	9.38253	34	35	36	37	38	39	40	41	75	#
628	9.38253	35	36	37	38	39	40	41	42	75	#
629	9.38253	36	37	38	39	40	41	42	43	75	#
630	9.38253	37	38	39	40	41	42	43	44	75	#
631	9.38253	38	39	40	41	42	43	44	45	75	#
632	9.38253	39	40	41	42	43	44	45	46	75	#
633	9.38253	40	41	42	43	44	45	46	47	75	#
634	9.38253	41	42	43	44	45	46	47	48	75	#
635	9.38253	42	43	44	45	46	47	48	49	75	#
636	9.38253	43	44	45	46	47	48	49	50	75	#
637	9.38253	44	45	46	47	48	49	50	51	75	#
638	9.38253	45	46	47	48	49	50	51	52	75	#
639	9.38253	46	47	48	49	50	51	52	53	75	#
640	7.57136	0	1	2	3	4	5	6	76	#
641	7.57136	1	2	3	4	5	6	7	76	#
642	7.57136	2	3	4	5	6	7	8	76	#
643	7.57136	3	4	5	6	7	8	9	76	#
644	7.57136	4	5	6	7	8	9	10	76	#
645	7.57136	5	6	7	8	9	10	11	76	#
646	7.57136	6	7	8	9	10	11	12	76	#
647	7.57136	7	8	9	10	11	12	13	76	#
648	7.57136	8	9	10	11	12	13	14	76	#
649	7.57136	9	10	11	12	13	14	15	76	#
650	7.57136	10	11	12	13	14	15	16	76	#
651	7.57136	11	12	13	14	15	16	17	76	#
652	7.57136	12	13	14	15	16	17	18	76	#
653	7.57136	13	14	15	16	17	18	19	76	#
654	7.57136	14	15	16	17	18	19	20	76	#
655	7.57136	15	16	17	18	19	20	21	76	#
656	7.57136	16	17	18	19	20	21	22	76	#
657	7.57136	17	18	19	20	21	22	23	76	#
658	7.57136	18	19	20	21	22	23	24	76	#
659	7.57136	19	20	21	22	23	24	25	76	#
660	7.57136	20	21	22	23	24	25	26	76	#
661	7.57136	21	22	23	24	25	26	27	76	#
662	7.57136	22	23	24	25	26	27	28	76	#
663	7.57136	23	24	25	26	27	28	29	76	#
664	7.57136	24	25	26	27	28	29	30	76	#
665	7.57136	25	26	27	28	29	30	31	76	#
666	7.57136	26	27	28	29	30	31	32	76	#
667	7.57136	27	28	29	30	31	32	33	76	#
668	7.57136	28	29	30	31	32	33	34	76	#
669	7.57136	29	30	31	32	33	34	35	76	#
670	7.57136	30	31	32	33	34	35	36	76	#
671	7.57136	31	32	33	34	35	36	37	76	#
672	7.57136	32	33	34	35	36	37	38	76	#
673	7.57136	33	34	35	36	37	38	39	76	#
674	7.57136	34	35	36	37	38	39	40	76	#
675	7.57136	35	36	37	38	39	40	41	76	#
676	7.57136	36	37	38	39	40	41	42	76	#
677	7.57136	37	38	39	40	41	42	43	76	#
678	7.57136	38	39	40	41	42	43	44	76	#
679	7.57136	39	40	41	42	43	44	45	76	#
680	7.57136	40	41	42	43	44	45	46	76	#
681	7.57136	41	42	43	44	45	46	47	76	#
682	7.57136	42	43	44	45	46	47	48	76	#
683	7.57136	43	44	45	46	47	48	49	76	#
684	7.57136	44	45	46	47	48	49	50	76	#
685	7.57136	45	46	47	48	49	50	51	76	#
686	7.57136	46	47	48	49	50	51	52	76	#
687	7.57136	47	48	49	50	51	52	53	76	#
688	7.57136	48	49	50	51	52	53	54	76	#
689	7.57136	49	50	51	52	53	54	55	76	#
690	7.57136	50	51	52	53	54	55	56	76	#
691	7.57136	51	52	53	54	55	56	57	76	#
692	7.44082	52	53	54	55	56	57	58	76	#
693	18.3804	0	1	2	3	4	5	6	7	8	9	77	#
694	18.3804	1	2	3	4	5	6	7	8	9	10	77	#
695	18.3804	2	3	4	5	6	7	8	9	10	11	77	#
696	18.3804	3	4	5	6	7	8	9	10	11	12	77	#
697	18.3804	4	5	6	7	8	9	10	11	12	13	77	#
698	18.3804	5	6	7	8	9	10	11	12	13	14	77	#
699	18.3804	6	7	8	9	10	11	12	13	14	15	77	#
700	18.3804	7	8	9	10	11	12	13	14	15	16	77	#
701	18.3804	8	9	10	11	12	13	14	15	16	17	77	#
702	18.3804	9	10	11	12	13	14	15	16	17	18	77	#
703	18.3804	10	11	12	13	14	15	16	17	18	19	77	#
704	18.3804	11	12	13	14	15	16	17	18	19	20	77	#
705	18.3804	12	13	14	15	16	17	18	19	20	21	77	#
706	18.3804	13	14	15	16	17	18	19	20	21	22	77	#
707	18.3804	14	15	16	17	18	19	20	21	22	23	77	#
708	18.3804	15	16	17	18	19	20	21	22	23	24	77	#
709	18.3804	16	17	18	19	20	21	22	23	24	25	77	#
710	18.3804	17	18	19	20	21	22	23	24	25	26	77	#
711	18.3804	18	19	20	21	22	23	24	25	26	27	77	#
712	18.3804	19	20	21	22	23	24	25	26	27	28	77	#
713	18.3804	20	21	22	23	24	25	26	27	28	29	77	#
714	18.3804	21	22	23	24	25	26	27	28	29	30	77	#
715	18.3804	22	23	24	25	26	27	28	29	30	31	77	#
716	18.3804	23	24	25	26	27	28	29	30	31	32	77	#
717	18.3804	24	25	26	27	28	29	30	31	32	33	77	#
718	18.3804	25	26	27	28	29	30	31	32	33	34	77	#
719	18.3804	26	27	28	29	30	31	32	33	34	35	77	#
720	18.3804	27	28	29	30	31	32	33	34	35	36	77	#
721	18.3804	28	29	30	31	32	33	34	35	36	37	77	#
722	18.3804	29	30	31	32	33	34	35	36	37	38	77	#
723	18.3804	30	31	32	33	34	35	36	37	38	39	77	#
724	18.3804	31	32	33	34	35	36	37	38	39	40	77	#
725	18.3804	32	33	34	35	36	37	38	39	40	41	77	#
726	18.3804	33	34	35	36	37	38	39	40	41	42	77	#
727	18.3804	34	35	36	37	38	39	40	41	42	43	77	#
728	18.3804	35	36	37	38	39	40	41	42	43	44	77	#
729	18.3804	36	37	38	39	40	41	42	43	44	45	77	#
730	18.3804	37	38	39	40	41	42	43	44	45	46	77	#
731	18.3804	38	39	40	41	42	43	44	45	46	47	77	#
732	18.3804	39	40	41	42	43	44	45	46	47	48	77	#
733	18.3804	40	41	42	43	44	45	46	47	48	49	77	#
734	18.3804	41	42	43	44	45	46	47	48	49	50	77	#
735	18.3804	42	43	44	45	46	47	48	49	50	51	77	#
736	18.3804	43	44	45	46	47	48	49	50	51	52	77	#
737	18.3804	44	45	46	47	48	49	50	51	52	53	77	#
738	18.3804	45	46	47	48	49	50	51	52	53	54	77	#
739	18.3804	46	47	48	49	50	51	52	53	54	55	77	#
740	18.3804	47	48	49	50	51	52	53	54	55	56	77	#
741	18.3804	48	49	50	51	52	53	54	55	56	57	77	#
742	18.3804	49	50	51	52	53	54	55	56	57	58	77	#
743	18.3804	50	51	52	53	54	55	56	57	58	59	77	#
744	18.3804	51	52	53	54	55	56	57	58	59	60	77	#
745	17.7875	52	53	54	55	56	57	58	59	60	61	77	#
746	17.7875	53	54	55	56	57	58	59	60	61	62	77	#
747	17.5052	54	55	56	57	58	59	60	61	62	63	77	#
748	16.8911	0	1	2	3	4	5	6	7	8	78	#
749	16.8911	1	2	3	4	5	6	7	8	9	78	#
750	16.8911	2	3	4	5	6	7	8	9	10	78	#
751	16.8911	3	4	5	6	7	8	9	10	11	78	#
752	16.8911	4	5	6	7	8	9	10	11	12	78	#
753	16.8911	5	6	7	8	9	10	11	12	13	78	#
754	16.8911	6	7	8	9	10	11	12	13	14	78	#
755	16.8911	7	8	9	10	11	12	13	14	15	78	#
756	16.8911	8	9	10	11	12	13	14	15	16	78	#
757	16.8911	9	10	11	12	13	14	15	16	17	78	#
758	16.8911	10	11	12	13	14	15	16	17	18	78	#
759	16.8911	11	12	13	14	15	16	17	18	19	78	#
760	16.8911	12	13	14	15	16	17	18	19	20	78	#
761	16.8911	13	14	15	16	17	18	19	20	21	78	#
762	16.8911	14	15	16	17	18	19	20	21	22	78	#
763	16.8911	15	16	17	18	19	20	21	22	23	78	#
764	16.8911	16	17	18	19	20	21	22	23	24	78	#
765	16.8911	17	18	19	20	21	22	23	24	25	78	#
766	15.6399	18	19	20	21	22	23	24	25	26	78	#
767	15.6399	19	20	21	22	23	24	25	26	27	78	#
768	8.9846	20	21	22	23	24	25	26	27	28	78	#
769	8.9846	21	22	23	24	25	26	27	28	29	78	#
770	8.9846	22	23	24	25	26	27	28	29	30	78	#
771	8.9846	23	24	25	26	27	28	29	30	31	78	#
772	8.9846	24	25	26	27	28	29	30	31	32	78	#
773	8.9846	25	26	27	28	29	30	31	32	33	78	#
774	8.9846	26	27	28	29	30	31	32	33	34	78	#
775	8.9846	27	28	29	30	31	32	33	34	35	78	#
776	8.9846	28	29	30	31	32	33	34	35	36	78	#
777	8.9846	29	30	31	32	33	34	35	36	37	78	#
778	8.9846	30	31	32	33	34	35	36	37	38	78	#
779	8.9846	31	32	33	34	35	36	37	38	39	78	#
780	8.9846	32	33	34	35	36	37	38	39	40	78	#
781	8.9846	33	34	35	36	37	38	39	40	41	78	#
782	8.9846	34	35	36	37	38	39	40	41	42	78	#
783	8.9846	35	36	37	38	39	40	41	42	43	78	#
784	8.9846	36	37	38	39	40	41	42	43	44	78	#
785	8.9846	37	38	39	40	41	42	43	44	45	78	#
786	8.9846	38	39	40	41	42	43	44	45	46	78	#
787	8.9846	39	40	41	42	43	44	45	46	47	78	#
788	8.27993	40	41	42	43	44	45	46	47	48	78	#
789	8.27993	41	42	43	44	45	46	47	48	49	78	#
790	8.27993	42	43	44	45	46	47	48	49	50	78	#
791	8.27993	43	44	45	46	47	48	49	50	51	78	#
792	7.81993	44	45	46	47	48	49	50	51	52	78	#
793	7.81993	45	46	47	48	49	50	51	52	53	78	#
794	7.81993	46	47	48	49	50	51	52	53	54	78	#
795	9.60407	0	1	2	3	4	5	6	7	79	#
796	9.60407	1	2	3	4	5	6	7	8	79	#
797	9.60407	2	3	4	5	6	7	8	9	79	#
798	9.60407	3	4	5	6	7	8	9	10	79	#
799	9.60407	4	5	6	7	8	9	10	11	79	#
800	2.07147	5	6	7	8	9	10	11	12	79	#
801	2.07147	6	7	8	9	10	11	12	13	79	#
802	2.07147	7	8	9	10	11	12	13	14	79	#
803	2.07147	8	9	10	11	12	13	14	15	79	#
804	2.07147	9	10	11	12	13	14	15	16	79	#
805	2.07147	10	11	12	13	14	15	16	17	79	#
806	2.07147	11	12	13	14	15	16	17	18	79	#
807	2.07147	12	13	14	15	16	17	18	19	79	#
808	2.07147	13	14	15	16	17	18	19	20	79	#
809	2.07147	14	15	16	17	18	19	20	21	79	#
810	2.07147	15	16	17	18	19	20	21	22	79	#
811	2.07147	16	17	18	19	20	21	22	23	79	#
812	2.07147	17	18	19	20	21	22	23	24	79	#
813	2.07147	18	19	20	21	22	23	24	25	79	#
814	2.07147	19	20	21	22	23	24	25	26	79	#
815	2.07147	20	21	22	23	24	25	26	27	79	#
816	2.07147	21	22	23	24	25	26	27	28	79	#
817	2.07147	22	23	24	25	26	27	28	29	79	#
818	2.07147	23	24	25	26	27	28	29	30	79	#
819	2.07147	24	25	26	27	28	29	30	31	79	#
820	2.07147	25	26	27	28	29	30	31	32	79	#
821	2.07147	26	27	28	29	30	31	32	33	79	#
822	2.07147	27	28	29	30	31	32	33	34	79	#
823	2.07147	28	29	30	31	32	33	34	35	79	#
824	2.07147	29	30	31	32	33	34	35	36	79	#
825	2.07147	30	31	32	33	34	35	36	37	79	#
826	2.07147	31	32	33	34	35	36	37	38	79	#
827	2.07147	32	33	34	35	36	37	38	39	79	#
828	2.07147	33	34	35	36	37	38	39	40	79	#
829	2.07147	34	35	36	37	38	39	40	41	79	#
830	2.07147	35	36	37	38	39	40	41	42	79	#
831	2.07147	36	37	38	39	40	41	42	43	79	#
832	2.07147	37	38	39	40	41	42	43	44	79	#
833	2.07147	38	39	40	41	42	43	44	45	79	#
834	2.07147	39	40	41	42	43	44	45	46	79	#
835	2.07147	40	41	42	43	44	45	46	47	79	#
836	2.07147	41	42	43	44	45	46	47	48	79	#
837	2.07147	42	43	44	45	46	47	48	49	79	#
838	2.07147	43	44	45	46	47	48	49	50	79	#
839	2.07147	44	45	46	47	48	49	50	51	79	#
840	1.76075	45	46	47	48	49	50	51	52	79	#
841	1.76075	46	47	48	49	50	51	52	53	79	#
842	1.76075	47	48	49	50	51	52	53	54	79	#
843	1.76075	48	49	50	51	52	53	54	55	79	#
844	1.76075	49	50	51	52	53	54	55	56	79	#
845	1.76075	50	51	52	53	54	55	56	57	79	#
846	1.76075	51	52	53	54	55	56	57	58	79	#
847	1.76075	52	53	54	55	56	57	58	59	79	#
848	1.76075	53	54	55	56	57	58	59	60	79	#
849	1.70395	54	55	56	57	58	59	60	61	79	#
850	1.70395	55	56	57	58	59	60	61	62	79	#
851	14.6223	0	1	2	3	4	5	6	7	8	9	80	#
852	14.6223	1	2	3	4	5	6	7	8	9	10	80	#
853	14.6223	2	3	4	5	6	7	8	9	10	11	80	#
854	14.6223	3	4	5	6	7	8	9	10	11	12	80	#
855	14.6223	4	5	6	7	8	9	10	11	12	13	80	#
856	14.6223	5	6	7	8	9	10	11	12	13	14	80	#
857	14.6223	6	7	8	9	10	11	12	13	14	15	80	#
858	14.6223	7	8	9	10	11	12	13	14	15	16	80	#
859	14.6223	8	9	10	11	12	13	14	15	16	17	80	#
860	14.6223	9	10	11	12	13	14	15	16	17	18	80	#
861	14.6223	10	11	12	13	14	15	16	17	18	19	80	#
862	14.6223	11	12	13	14	15	16	17	18	19	20	80	#
863	14.6223	12	13	14	15	16	17	18	19	20	21	80	#
864	14.6223	13	14	15	16	17	18	19	20	21	22	80	#
865	14.6223	14	15	16	17	18	19	20	21	22	23	80	#
866	14.6223	15	16	17	18	19	20	21	22	23	24	80	#
867	14.6223	16	17	18	19	20	21	22	23	24	25	80	#
868	14.6223	17	18	19	20	21	22	23	24	25	26	80	#
869	14.6223	18	19	20	21	22	23	24	25	26	27	80	#
870	14.6223	19	20	21	22	23	24	25	26	27	28	80	#
871	14.6223	20	21	22	23	24	25	26	27	28	29	80	#
872	14.6223	21	22	23	24	25	26	27	28	29	30	80	#
873	14.6223	22	23	24	25	26	27	28	29	30	31	80	#
874	14.6223	23	24	25	26	27	28	29	30	31	32	80	#
875	14.6223	24	25	26	27	28	29	30	31	32	33	80	#
876	14.6223	25	26	27	28	29	30	31	32	33	34	80	#
877	14.6223	26	27	28	29	30	31	32	33	34	35	80	#
878	14.6223	27	28	29	30	31	32	33	34	35	36	80	#
879	14.6223	28	29	30	31	32	33	34	35	36	37	80	#
880	14.6223	29	30	31	32	33	34	35	36	37	38	80	#
881	14.6223	30	31	32	33	34	35	36	37	38	39	80	#
882	14.6223	31	32	33	34	35	36	37	38	39	40	80	#
883	14.6223	32	33	34	35	36	37	38	39	40	41	80	#
884	14.6223	33	34	35	36	37	38	39	40	41	42	80	#
885	14.6223	34	35	36	37	38	39	40	41	42	43	80	#
886	14.6223	35	36	37	38	39	40	41	42	43	44	80	#
887	14.6223	36	37	38	39	40	41	42	43	44	45	80	#
888	14.6223	37	38	39	40	41	42	43	44	45	46	80	#
889	14.6223	38	39	40	41	42	43	44	45	46	47	80	#
890	11.3685	0	1	2	3	4	5	6	81	#
891	11.3685	1	2	3	4	5	6	7	81	#
892	11.3685	2	3	4	5	6	7	8	81	#
893	11.3685	3	4	5	6	7	8	9	81	#
894	11.3685	4	5	6	7	8	9	10	81	#
895	11.3685	5	6	7	8	9	10	11	81	#
896	11.3685	6	7	8	9	10	11	12	81	#
897	11.3685	7	8	9	10	11	12	13	81	#
898	11.3685	8	9	10	11	12	13	14	81	#
899	11.3685	9	10	11	12	13	14	15	81	#
900	11.3685	10	11	12	13	14	15	16	81	#
901	11.3685	11	12	13	14	15	16	17	81	#
902	11.3685	12	13	14	15	16	17	18	81	#
903	11.3685	13	14	15	16	17	18	19	81	#
904	11.3685	14	15	16	17	18	19	20	81	#
905	11.3685	15	16	17	18	19	20	21	81	#
906	11.3685	16	17	18	19	20	21	22	81	#
907	11.3685	17	18	19	20	21	22	23	81	#
908	11.3685	18	19	20	21	22	23	24	81	#
909	11.3685	19	20	21	22	23	24	25	81	#
910	11.3685	20	21	22	23	24	25	26	81	#
911	4.92636	21	22	23	24	25	26	27	81	#
912	4.92636	22	23	24	25	26	27	28	81	#
913	4.92636	23	24	25	26	27	28	29	81	#
914	4.92636	24	25	26	27	28	29	30	81	#
915	4.92636	25	26	27	28	29	30	31	81	#
916	4.92636	26	27	28	29	30	31	32	81	#
917	4.92636	27	28	29	30	31	32	33	81	#
918	4.92636	28	29	30	31	32	33	34	81	#
919	4.92636	29	30	31	32	33	34	35	81	#
920	4.92636	30	31	32	33	34	35	36	81	#
921	4.92636	31	32	33	34	35	36	37	81	#
922	4.92636	32	33	34	35	36	37	38	81	#
923	4.92636	33	34	35	36	37	38	39	81	#
924	4.92636	34	35	36	37	38	39	40	81	#
925	4.92636	35	36	37	38	39	40	41	81	#
926	4.92636	36	37	38	39	40	41	42	81	#
927	4.92636	37	38	39	40	41	42	43	81	#
928	4.92636	38	39	40	41	42	43	44	81	#
929	4.92636	39	40	41	42	43	44	45	81	#
930	4.92636	40	41	42	43	44	45	46	81	#
931	4.92636	41	42	43	44	45	46	47	81	#
932	4.92636	42	43	44	45	46	47	48	81	#
933	4.92636	43	44	45	46	47	48	49	81	#
934	4.92636	44	45	46	47	48	49	50	81	#
935	4.92636	45	46	47	48	49	50	51	81	#
936	4.92636	46	47	48	49	50	51	52	81	#
937	4.92636	47	48	49	50	51	52	53	81	#
938	4.92636	48	49	50	51	52	53	54	81	#
939	4.92636	49	50	51	52	53	54	55	81	#
940	4.92636	50	51	52	53	54	55	56	81	#
941	4.92636	51	52	53	54	55	56	57	81	#
942	4.92636	52	53	54	55	56	57	58	81	#
943	4.92636	53	54	55	56	57	58	59	81	#
944	4.92636	54	55	56	57	58	59	60	81	#
945	4.69177	55	56	57	58	59	60	61	81	#
946	4.69177	56	57	58	59	60	61	62	81	#
947	4.69177	57	58	59	60	61	62	63	81	#
948	3.94516	0	1	2	82	#
949	3.94516	1	2	3	82	#
950	3.94516	2	3	4	82	#
951	3.94516	3	4	5	82	#
952	3.94516	4	5	6	82	#
953	3.94516	5	6	7	82	#
954	3.94516	6	7	8	82	#
955	3.94516	7	8	9	82	#
956	3.94516	8	9	10	82	#
957	3.94516	9	10	11	82	#
958	3.94516	10	11	12	82	#
959	3.94516	11	12	13	82	#
960	3.94516	12	13	14	82	#
961	3.94516	13	14	15	82	#
962	3.94516	14	15	16	82	#
963	3.94516	15	16	17	82	#
964	3.94516	16	17	18	82	#
965	3.94516	17	18	19	82	#
966	3.94516	18	19	20	82	#
967	3.94516	19	20	21	82	#
968	3.94516	20	21	22	82	#
969	3.94516	21	22	23	82	#
970	3.94516	22	23	24	82	#
971	3.94516	23	24	25	82	#
972	3.94516	24	25	26	82	#
973	3.94516	25	26	27	82	#
974	3.94516	26	27	28	82	#
975	3.94516	27	28	29	82	#
976	3.94516	28	29	30	82	#
977	3.94516	29	30	31	82	#
978	3.94516	30	31	32	82	#
979	3.94516	31	32	33	82	#
980	3.94516	32	33	34	82	#
981	3.94516	33	34	35	82	#
982	3.94516	34	35	36	82	#
983	3.94516	35	36	37	82	#
984	3.94516	36	37	38	82	#
985	3.94516	37	38	39	82	#
986	3.94516	38	39	40	82	#
987	3.94516	39	40	41	82	#
988	3.94516	40	41	42	82	#
989	10.6913	0	1	2	3	4	5	83	#
990	10.6913	1	2	3	4	5	6	83	#
991	10.6913	2	3	4	5	6	7	83	#
992	10.6913	3	4	5	6	7	8	83	#
993	10.6913	4	5	6	7	8	9	83	#
994	10.6913	5	6	7	8	9	10	83	#
995	10.6913	6	7	8	9	10	11	83	#
996	10.6913	7	8	9	10	11	12	83	#
997	10.6913	8	9	10	11	12	13	83	#
998	10.6913	9	10	11	12	13	14	83	#
999	10.6913	10	11	12	13	14	15	83	#
1000	10.6913	11	12	13	14	15	16	83	#
1001	10.6913	12	13	14	15	16	17	83	#
1002	10.6913	13	14	15	16	17	18	83	#
1003	10.6913	14	15	16	17	18	19	83	#
1004	10.6913	15	16	17	18	19	20	83	#
1005	10.6913	16	17	18	19	20	21	83	#
1006	10.6913	17	18	19	20	21	22	83	#
1007	10.6913	18	19	20	21	22	23	83	#
1008	10.6913	19	20	21	22	23	24	83	#
1009	10.6913	20	21	22	23	24	25	83	#
1010	10.6913	21	22	23	24	25	26	83	#
1011	10.6913	22	23	24	25	26	27	83	#
1012	10.6913	23	24	25	26	27	28	83	#
1013	10.6913	24	25	26	27	28	29	83	#
1014	10.6913	25	26	27	28	29	30	83	#
1015	10.6913	26	27	28	29	30	31	83	#
1016	10.6913	27	28	29	30	31	32	83	#
1017	10.6913	28	29	30	31	32	33	83	#
1018	10.6913	29	30	31	32	33	34	83	#
1019	10.6913	30	31	32	33	34	35	83	#
1020	10.6913	31	32	33	34	35	36	83	#
1021	10.6913	32	33	34	35	36	37	83	#
1022	10.6913	33	34	35	36	37	38	83	#
1023	10.6913	34	35	36	37	38	39	83	#
1024	10.6913	35	36	37	38	39	40	83	#
1025	10.6913	36	37	38	39	40	41	83	#
1026	10.6913	37	38	39	40	41	42	83	#
1027	10.6913	38	39	40	41	42	43	83	#
1028	10.6913	39	40	41	42	43	44	83	#
1029	10.6913	40	41	42	43	44	45	83	#
1030	8.59121	41	42	43	44	45	46	83	#
1031	8.59121	42	43	44	45	46	47	83	#
1032	8.59121	43	44	45	46	47	48	83	#
1033	8.59121	44	45	46	47	48	49	83	#
1034	8.59121	45	46	47	48	49	50	83	#
1035	8.59121	46	47	48	49	50	51	83	#
1036	8.59121	47	48	49	50	51	52	83	#
1037	8.59121	48	49	50	51	52	53	83	#
1038	8.59121	49	50	51	52	53	54	83	#
1039	8.59121	50	51	52	53	54	55	83	#
1040	8.59121	51	52	53	54	55	56	83	#
